11,21,25,35
21,11,25,35
25,11,21,35
11,25,21,35
25,21,11,35
21,25,11,35
13,15,29,48
29,15,13,48
13,29,15,48
29,13,15,48
15,13,29,48
15,29,13,48
2,26,29,0
26,29,2,0
26,2,29,0
2,29,26,0
29,2,26,0
29,26,2,0
15,11,31,12
15,31,11,12
31,11,15,12
31,15,11,12
11,15,31,12
11,31,15,12
22,20,15,365
20,15,22,365
15,20,22,365
15,22,20,365
22,15,20,365
20,22,15,365
18,10,29,10
10,29,18,10
10,18,29,10
18,29,10,10
29,10,18,10
29,18,10,10
34,3,20,0
3,20,34,0
3,34,20,0
20,34,3,0
34,20,3,0
20,3,34,0
33,19,5,0
5,33,19,0
5,19,33,0
19,5,33,0
33,5,19,0
19,33,5,0
29,8,20,0
29,20,8,0
8,29,20,0
20,29,8,0
8,20,29,0
20,8,29,0
10,35,12,2
12,35,10,2
10,12,35,2
12,10,35,2
35,10,12,2
35,12,10,2
26,5,26,0
5,26,26,0
26,26,5,0
19,29,9,0
29,19,9,0
9,19,29,0
9,29,19,0
19,9,29,0
29,9,19,0
14,37,6,0
14,6,37,0
6,37,14,0
37,6,14,0
37,14,6,0
6,14,37,0
14,28,15,79
28,14,15,79
14,15,28,79
28,15,14,79
15,14,28,79
15,28,14,79
20,5,32,0
32,5,20,0
20,32,5,0
5,20,32,0
5,32,20,0
32,20,5,0
4,25,28,0
28,25,4,0
4,28,25,0
28,4,25,0
25,4,28,0
25,28,4,0
20,21,16,415
16,21,20,415
20,16,21,415
21,16,20,415
21,20,16,415
16,20,21,415
32,14,11,9
14,32,11,9
32,11,14,9
14,11,32,9
11,14,32,9
11,32,14,9
10,27,20,13
20,27,10,13
10,20,27,13
20,10,27,13
27,10,20,13
27,20,10,13
17,23,17,365
23,17,17,365
17,17,23,365
14,7,36,0
36,7,14,0
14,36,7,0
36,14,7,0
7,14,36,0
7,36,14,0
7,16,34,0
7,34,16,0
16,7,34,0
34,7,16,0
16,34,7,0
34,16,7,0
30,23,4,0
4,23,30,0
30,4,23,0
4,30,23,0
23,4,30,0
23,30,4,0
17,10,30,8
17,30,10,8
10,17,30,8
30,10,17,8
30,17,10,8
10,30,17,8
17,20,20,497
20,17,20,497
20,20,17,497
17,9,31,0
17,31,9,0
31,9,17,0
31,17,9,0
9,17,31,0
9,31,17,0
22,28,7,0
28,7,22,0
22,7,28,0
28,22,7,0
7,22,28,0
7,28,22,0
13,16,28,67
13,28,16,67
16,28,13,67
28,13,16,67
16,13,28,67
28,16,13,67
14,5,38,0
14,38,5,0
38,5,14,0
5,14,38,0
5,38,14,0
38,14,5,0
15,16,26,162
15,26,16,162
16,26,15,162
26,15,16,162
16,15,26,162
26,16,15,162
8,19,30,0
30,8,19,0
8,30,19,0
30,19,8,0
19,8,30,0
19,30,8,0
5,27,25,0
25,27,5,0
27,5,25,0
27,25,5,0
25,5,27,0
5,25,27,0
18,33,6,0
6,18,33,0
33,6,18,0
33,18,6,0
6,33,18,0
18,6,33,0
5,31,21,0
21,31,5,0
5,21,31,0
21,5,31,0
31,5,21,0
31,21,5,0
22,13,22,149
13,22,22,149
22,22,13,149
10,9,38,0
38,9,10,0
10,38,9,0
38,10,9,0
9,10,38,0
9,38,10,0
18,28,11,25
28,11,18,25
18,11,28,25
11,18,28,25
11,28,18,25
28,18,11,25
7,15,35,0
7,35,15,0
15,7,35,0
15,35,7,0
35,7,15,0
35,15,7,0
25,8,24,0
25,24,8,0
8,25,24,0
24,25,8,0
8,24,25,0
24,8,25,0
8,11,38,0
38,11,8,0
8,38,11,0
38,8,11,0
11,8,38,0
11,38,8,0
4,37,16,0
16,37,4,0
4,16,37,0
37,4,16,0
37,16,4,0
16,4,37,0
24,23,10,15
10,23,24,15
23,10,24,15
23,24,10,15
24,10,23,15
10,24,23,15
33,3,21,0
21,33,3,0
3,21,33,0
21,3,33,0
33,21,3,0
3,33,21,0
24,27,6,0
6,27,24,0
24,6,27,0
6,24,27,0
27,6,24,0
27,24,6,0
13,39,5,0
39,13,5,0
5,39,13,0
5,13,39,0
13,5,39,0
39,5,13,0
13,23,21,144
23,13,21,144
21,23,13,144
13,21,23,144
21,13,23,144
23,21,13,144
3,29,25,0
29,3,25,0
25,3,29,0
25,29,3,0
3,25,29,0
29,25,3,0
7,23,27,0
7,27,23,0
23,7,27,0
23,27,7,0
27,7,23,0
27,23,7,0
29,7,21,0
7,29,21,0
21,7,29,0
21,29,7,0
29,21,7,0
7,21,29,0
17,25,15,208
15,17,25,208
15,25,17,208
17,15,25,208
25,17,15,208
25,15,17,208
30,7,20,0
20,7,30,0
30,20,7,0
20,30,7,0
7,20,30,0
7,30,20,0
15,10,32,5
15,32,10,5
32,10,15,5
10,15,32,5
32,15,10,5
10,32,15,5
26,19,12,68
12,19,26,68
26,12,19,68
12,26,19,68
19,12,26,68
19,26,12,68
36,5,16,0
16,5,36,0
36,16,5,0
5,16,36,0
5,36,16,0
16,36,5,0
8,39,10,0
10,39,8,0
8,10,39,0
39,8,10,0
39,10,8,0
10,8,39,0
12,9,36,0
36,9,12,0
12,36,9,0
36,12,9,0
9,12,36,0
9,36,12,0
4,33,20,0
20,33,4,0
4,20,33,0
20,4,33,0
33,4,20,0
33,20,4,0
25,2,30,0
25,30,2,0
2,25,30,0
30,25,2,0
2,30,25,0
30,2,25,0
29,4,24,0
29,24,4,0
24,29,4,0
4,29,24,0
24,4,29,0
4,24,29,0
11,19,27,29
11,27,19,29
19,11,27,29
19,27,11,29
27,11,19,29
27,19,11,29
7,19,31,0
7,31,19,0
31,7,19,0
31,19,7,0
19,7,31,0
19,31,7,0
7,17,33,0
7,33,17,0
17,33,7,0
33,17,7,0
17,7,33,0
33,7,17,0
18,3,36,0
3,18,36,0
3,36,18,0
36,18,3,0
18,36,3,0
36,3,18,0
21,12,24,81
21,24,12,81
24,21,12,81
12,21,24,81
24,12,21,81
12,24,21,81
24,7,26,0
26,7,24,0
7,24,26,0
7,26,24,0
24,26,7,0
26,24,7,0
13,27,17,85
17,27,13,85
27,13,17,85
17,13,27,85
27,17,13,85
13,17,27,85
9,11,37,0
11,37,9,0
37,11,9,0
11,9,37,0
9,37,11,0
37,9,11,0
8,23,26,0
26,23,8,0
8,26,23,0
23,8,26,0
23,26,8,0
26,8,23,0
6,13,38,0
38,13,6,0
13,6,38,0
13,38,6,0
6,38,13,0
38,6,13,0
6,29,22,0
22,29,6,0
29,6,22,0
29,22,6,0
6,22,29,0
22,6,29,0
30,21,6,0
30,6,21,0
6,21,30,0
21,6,30,0
21,30,6,0
6,30,21,0
40,7,10,0
10,7,40,0
7,10,40,0
7,40,10,0
40,10,7,0
10,40,7,0
22,12,23,84
12,23,22,84
22,23,12,84
12,22,23,84
23,12,22,84
23,22,12,84
30,12,15,27
12,30,15,27
30,15,12,27
12,15,30,27
15,12,30,27
15,30,12,27
31,8,18,0
31,18,8,0
8,31,18,0
18,8,31,0
8,18,31,0
18,31,8,0
38,12,7,0
12,7,38,0
38,7,12,0
12,38,7,0
7,12,38,0
7,38,12,0
18,19,20,537
19,18,20,537
19,20,18,537
20,18,19,537
18,20,19,537
20,19,18,537
34,19,4,0
4,34,19,0
19,4,34,0
19,34,4,0
34,4,19,0
4,19,34,0
14,29,14,55
14,14,29,55
29,14,14,55
5,15,37,0
37,15,5,0
5,37,15,0
37,5,15,0
15,5,37,0
15,37,5,0
13,19,25,123
19,13,25,123
25,19,13,123
25,13,19,123
19,25,13,123
13,25,19,123
33,12,12,8
12,33,12,8
12,12,33,8
15,8,34,0
15,34,8,0
8,15,34,0
34,8,15,0
8,34,15,0
34,15,8,0
10,19,28,12
28,19,10,12
10,28,19,12
19,10,28,12
19,28,10,12
28,10,19,12
14,21,22,232
14,22,21,232
22,21,14,232
21,14,22,232
21,22,14,232
22,14,21,232
18,17,22,432
22,18,17,432
17,18,22,432
17,22,18,432
22,17,18,432
18,22,17,432
7,25,25,0
25,7,25,0
25,25,7,0
13,14,30,34
13,30,14,34
14,13,30,34
30,13,14,34
14,30,13,34
30,14,13,34
34,17,6,0
6,34,17,0
17,6,34,0
17,34,6,0
6,17,34,0
34,6,17,0
16,10,31,7
31,10,16,7
31,16,10,7
10,31,16,7
16,31,10,7
10,16,31,7
18,12,27,58
12,27,18,58
18,27,12,58
12,18,27,58
27,12,18,58
27,18,12,58
17,19,21,472
21,17,19,472
19,21,17,472
21,19,17,472
17,21,19,472
19,17,21,472
4,21,32,0
32,21,4,0
4,32,21,0
21,4,32,0
21,32,4,0
32,4,21,0
13,31,13,22
31,13,13,22
13,13,31,22
16,19,22,392
22,16,19,392
19,16,22,392
19,22,16,392
16,22,19,392
22,19,16,392
31,2,24,0
31,24,2,0
24,31,2,0
2,24,31,0
24,2,31,0
2,31,24,0
2,33,22,0
22,2,33,0
33,2,22,0
33,22,2,0
22,33,2,0
2,22,33,0
10,11,36,1
36,11,10,1
10,36,11,1
11,10,36,1
11,36,10,1
36,10,11,1
8,35,14,0
14,8,35,0
8,14,35,0
14,35,8,0
35,8,14,0
35,14,8,0
30,5,22,0
30,22,5,0
22,5,30,0
5,22,30,0
5,30,22,0
22,30,5,0
17,14,26,142
17,26,14,142
26,17,14,142
14,26,17,142
14,17,26,142
26,14,17,142
18,26,13,106
26,13,18,106
26,18,13,106
18,13,26,106
13,18,26,106
13,26,18,106
5,24,28,0
5,28,24,0
24,5,28,0
28,5,24,0
24,28,5,0
28,24,5,0
13,20,24,137
13,24,20,137
24,13,20,137
20,13,24,137
24,20,13,137
20,24,13,137
33,10,14,4
33,14,10,4
10,33,14,4
14,10,33,4
14,33,10,4
10,14,33,4
22,9,26,0
26,9,22,0
22,26,9,0
26,22,9,0
9,22,26,0
9,26,22,0
9,27,21,0
21,27,9,0
27,21,9,0
27,9,21,0
9,21,27,0
21,9,27,0
13,7,37,0
7,13,37,0
37,7,13,0
13,37,7,0
37,13,7,0
7,37,13,0
10,25,22,15
22,25,10,15
10,22,25,15
22,10,25,15
25,10,22,15
25,22,10,15
23,2,32,0
23,32,2,0
32,23,2,0
2,23,32,0
32,2,23,0
2,32,23,0
32,3,22,0
22,32,3,0
3,22,32,0
3,32,22,0
32,22,3,0
22,3,32,0
19,19,19,591
9,39,9,0
39,9,9,0
9,9,39,0
12,28,17,47
28,12,17,47
17,12,28,47
17,28,12,47
12,17,28,47
28,17,12,47
8,27,22,0
22,27,8,0
8,22,27,0
22,8,27,0
27,8,22,0
27,22,8,0
23,3,31,0
23,31,3,0
31,3,23,0
31,23,3,0
3,23,31,0
3,31,23,0
9,8,40,0
9,40,8,0
8,9,40,0
40,9,8,0
8,40,9,0
40,8,9,0
15,15,27,115
15,27,15,115
27,15,15,115
26,3,28,0
28,3,26,0
26,28,3,0
3,26,28,0
3,28,26,0
28,26,3,0
6,20,31,0
20,31,6,0
31,6,20,0
31,20,6,0
6,31,20,0
20,6,31,0
9,16,32,0
9,32,16,0
16,9,32,0
32,9,16,0
16,32,9,0
32,16,9,0
9,25,23,0
25,9,23,0
9,23,25,0
23,9,25,0
23,25,9,0
25,23,9,0
14,12,31,20
12,14,31,20
14,31,12,20
12,31,14,20
31,12,14,20
31,14,12,20
16,30,11,16
30,16,11,16
16,11,30,16
30,11,16,16
11,16,30,16
11,30,16,16
17,35,5,0
5,17,35,0
5,35,17,0
35,5,17,0
17,5,35,0
35,17,5,0
10,37,10,1
10,10,37,1
37,10,10,1
11,23,23,37
23,11,23,37
23,23,11,37
12,25,20,76
20,25,12,76
12,20,25,76
20,12,25,76
25,12,20,76
25,20,12,76
2,28,27,0
28,27,2,0
2,27,28,0
27,2,28,0
27,28,2,0
28,2,27,0
23,16,18,351
23,18,16,351
16,23,18,351
18,23,16,351
16,18,23,351
18,16,23,351
6,12,39,0
12,39,6,0
6,39,12,0
12,6,39,0
39,6,12,0
39,12,6,0
7,11,39,0
7,39,11,0
39,7,11,0
39,11,7,0
11,7,39,0
11,39,7,0
17,8,32,0
17,32,8,0
8,17,32,0
32,8,17,0
32,17,8,0
8,32,17,0
7,18,32,0
7,32,18,0
32,7,18,0
18,7,32,0
32,18,7,0
18,32,7,0
21,8,28,0
21,28,8,0
8,21,28,0
28,21,8,0
8,28,21,0
28,8,21,0
18,5,34,0
34,5,18,0
5,18,34,0
5,34,18,0
18,34,5,0
34,18,5,0
29,23,5,0
23,29,5,0
5,23,29,0
5,29,23,0
29,5,23,0
23,5,29,0
15,21,21,350
21,15,21,350
21,21,15,350
6,36,15,0
36,15,6,0
15,6,36,0
15,36,6,0
6,15,36,0
36,6,15,0
9,14,34,0
9,34,14,0
14,9,34,0
34,9,14,0
14,34,9,0
34,14,9,0
9,18,30,0
9,30,18,0
18,9,30,0
30,9,18,0
18,30,9,0
30,18,9,0
33,9,15,0
15,9,33,0
15,33,9,0
33,15,9,0
9,33,15,0
9,15,33,0
20,9,28,0
28,9,20,0
20,28,9,0
28,20,9,0
9,20,28,0
9,28,20,0
29,12,16,37
29,16,12,37
16,12,29,37
12,29,16,37
16,29,12,37
12,16,29,37
3,27,27,0
27,3,27,0
27,27,3,0
4,17,36,0
36,17,4,0
4,36,17,0
36,4,17,0
17,4,36,0
17,36,4,0
15,18,24,298
15,24,18,298
24,15,18,298
18,24,15,298
24,18,15,298
18,15,24,298
16,14,27,110
14,16,27,110
16,27,14,110
14,27,16,110
27,14,16,110
27,16,14,110
13,8,36,0
13,36,8,0
8,13,36,0
36,13,8,0
8,36,13,0
36,8,13,0
25,16,16,227
16,25,16,227
16,16,25,227
18,35,4,0
4,18,35,0
35,4,18,0
35,18,4,0
18,4,35,0
4,35,18,0
13,12,32,13
13,32,12,13
32,12,13,13
12,13,32,13
32,13,12,13
12,32,13,13
23,15,19,290
23,19,15,290
15,19,23,290
15,23,19,290
19,15,23,290
19,23,15,290
6,28,23,0
28,23,6,0
6,23,28,0
28,6,23,0
23,6,28,0
23,28,6,0
18,21,18,499
18,18,21,499
21,18,18,499
11,29,17,20
17,11,29,20
29,11,17,20
17,29,11,20
11,17,29,20
29,17,11,20
13,35,9,0
35,13,9,0
9,35,13,0
9,13,35,0
35,9,13,0
13,9,35,0
26,11,20,33
20,11,26,33
26,20,11,33
11,20,26,33
11,26,20,33
20,26,11,33
9,24,24,0
24,9,24,0
24,24,9,0
11,11,35,2
11,35,11,2
35,11,11,2
16,35,6,0
6,16,35,0
35,6,16,0
35,16,6,0
16,6,35,0
6,35,16,0
10,21,26,14
26,21,10,14
10,26,21,14
26,10,21,14
21,10,26,14
21,26,10,14
33,8,16,0
33,16,8,0
8,33,16,0
16,8,33,0
16,33,8,0
8,16,33,0
32,19,6,0
6,32,19,0
19,6,32,0
19,32,6,0
32,6,19,0
6,19,32,0
34,12,11,4
12,11,34,4
34,11,12,4
11,12,34,4
11,34,12,4
12,34,11,4
11,13,33,6
13,11,33,6
33,11,13,6
33,13,11,6
11,33,13,6
13,33,11,6
3,19,35,0
3,35,19,0
19,3,35,0
19,35,3,0
35,3,19,0
35,19,3,0
22,4,31,0
4,31,22,0
31,4,22,0
31,22,4,0
22,31,4,0
4,22,31,0
24,11,22,37
22,11,24,37
24,22,11,37
22,24,11,37
11,22,24,37
11,24,22,37
34,10,13,3
10,13,34,3
10,34,13,3
34,13,10,3
13,10,34,3
13,34,10,3
14,23,20,222
20,23,14,222
14,20,23,222
20,14,23,222
23,14,20,222
23,20,14,222
25,14,18,175
25,18,14,175
14,25,18,175
18,25,14,175
14,18,25,175
18,14,25,175
37,8,12,0
37,12,8,0
8,37,12,0
12,37,8,0
8,12,37,0
12,8,37,0
17,16,24,294
17,24,16,294
24,17,16,294
16,24,17,294
16,17,24,294
24,16,17,294
24,19,14,202
14,24,19,202
24,14,19,202
14,19,24,202
19,14,24,202
19,24,14,202
26,27,4,0
4,27,26,0
26,4,27,0
4,26,27,0
27,4,26,0
27,26,4,0
6,25,26,0
26,25,6,0
6,26,25,0
26,6,25,0
25,6,26,0
25,26,6,0
24,3,30,0
30,24,3,0
24,30,3,0
30,3,24,0
3,24,30,0
3,30,24,0
