5 10 6 10 138
10 5 6 10 138
5 10 10 6 138
10 5 10 6 138
0 15 8 8 0
15 0 8 8 0
0 15 5 11 0
15 0 5 11 0
0 15 11 5 0
15 0 11 5 0
2 13 1 15 0
13 2 1 15 0
2 13 15 1 0
13 2 15 1 0
7 8 3 13 70
8 7 3 13 70
7 8 13 3 70
8 7 13 3 70
3 12 5 11 24
12 3 5 11 24
3 12 11 5 24
12 3 11 5 24
4 11 5 11 57
11 4 5 11 57
4 11 11 5 57
11 4 11 5 57
5 10 2 14 20
10 5 2 14 20
5 10 14 2 20
10 5 14 2 20
0 15 7 9 0
15 0 7 9 0
0 15 9 7 0
15 0 9 7 0
2 13 8 8 11
13 2 8 8 11
2 13 7 9 10
13 2 7 9 10
2 13 9 7 10
13 2 9 7 10
6 9 0 16 1
9 6 0 16 1
6 9 16 0 1
9 6 16 0 1
1 14 6 10 0
14 1 6 10 0
1 14 10 6 0
14 1 10 6 0
2 13 5 11 6
13 2 5 11 6
2 13 11 5 6
13 2 11 5 6
1 14 1 15 0
14 1 1 15 0
1 14 15 1 0
14 1 15 1 0
2 13 6 10 9
13 2 6 10 9
2 13 10 6 9
13 2 10 6 9
6 9 8 8 237
9 6 8 8 237
7 8 0 16 1
8 7 0 16 1
7 8 16 0 1
8 7 16 0 1
3 12 0 16 0
12 3 0 16 0
3 12 16 0 0
12 3 16 0 0
6 9 6 10 198
9 6 6 10 198
6 9 10 6 198
9 6 10 6 198
5 10 7 9 158
10 5 7 9 158
5 10 9 7 158
10 5 9 7 158
1 14 5 11 0
14 1 5 11 0
1 14 11 5 0
14 1 11 5 0
7 8 6 10 233
8 7 6 10 233
7 8 10 6 233
8 7 10 6 233
5 10 8 8 166
10 5 8 8 166
3 12 8 8 41
12 3 8 8 41
5 10 5 11 102
10 5 5 11 102
5 10 11 5 102
10 5 11 5 102
4 11 8 8 94
11 4 8 8 94
1 14 2 14 0
14 1 2 14 0
1 14 14 2 0
14 1 14 2 0
3 12 6 10 34
12 3 6 10 34
3 12 10 6 34
12 3 10 6 34
7 8 7 9 266
8 7 7 9 266
7 8 9 7 266
8 7 9 7 266
0 15 6 10 0
15 0 6 10 0
0 15 10 6 0
15 0 10 6 0
2 13 4 12 4
13 2 4 12 4
2 13 12 4 4
13 2 12 4 4
3 12 7 9 39
12 3 7 9 39
3 12 9 7 39
12 3 9 7 39
7 8 4 12 117
8 7 4 12 117
7 8 12 4 117
8 7 12 4 117
6 9 7 9 226
9 6 7 9 226
6 9 9 7 226
9 6 9 7 226
2 13 2 14 1
13 2 2 14 1
2 13 14 2 1
13 2 14 2 1
7 8 1 15 12
8 7 1 15 12
7 8 15 1 12
8 7 15 1 12
6 9 3 13 59
9 6 3 13 59
6 9 13 3 59
9 6 13 3 59
3 12 1 15 1
12 3 1 15 1
3 12 15 1 1
12 3 15 1 1
4 11 0 16 0
11 4 0 16 0
4 11 16 0 0
11 4 16 0 0
2 13 3 13 2
13 2 3 13 2
2 13 13 3 2
13 2 13 3 2
4 11 4 12 38
11 4 4 12 38
4 11 12 4 38
11 4 12 4 38
4 11 1 15 3
11 4 1 15 3
4 11 15 1 3
11 4 15 1 3
6 9 1 15 10
9 6 1 15 10
6 9 15 1 10
9 6 15 1 10
3 12 3 13 9
12 3 3 13 9
3 12 13 3 9
12 3 13 3 9
4 11 6 10 78
11 4 6 10 78
4 11 10 6 78
11 4 10 6 78
1 14 7 9 0
14 1 7 9 0
1 14 9 7 0
14 1 9 7 0
6 9 4 12 99
9 6 4 12 99
6 9 12 4 99
9 6 12 4 99
0 15 4 12 0
15 0 4 12 0
0 15 12 4 0
15 0 12 4 0
1 14 4 12 0
14 1 4 12 0
1 14 12 4 0
14 1 12 4 0
7 8 5 11 174
8 7 5 11 174
7 8 11 5 174
8 7 11 5 174
5 10 4 12 68
10 5 4 12 68
5 10 12 4 68
10 5 12 4 68
6 9 2 14 30
9 6 2 14 30
6 9 14 2 30
9 6 14 2 30
4 11 3 13 22
11 4 3 13 22
4 11 13 3 22
11 4 13 3 22
1 14 3 13 0
14 1 3 13 0
1 14 13 3 0
14 1 13 3 0
5 10 0 16 0
10 5 0 16 0
5 10 16 0 0
10 5 16 0 0
0 15 3 13 0
15 0 3 13 0
0 15 13 3 0
15 0 13 3 0
4 11 7 9 89
11 4 7 9 89
4 11 9 7 89
11 4 9 7 89
6 9 5 11 147
9 6 5 11 147
6 9 11 5 147
9 6 11 5 147
3 12 2 14 4
12 3 2 14 4
3 12 14 2 4
12 3 14 2 4
7 8 8 8 279
8 7 8 8 279
5 10 1 15 6
10 5 1 15 6
5 10 15 1 6
10 5 15 1 6
1 14 8 8 0
14 1 8 8 0
3 12 4 12 16
12 3 4 12 16
3 12 12 4 16
12 3 12 4 16
5 10 3 13 40
10 5 3 13 40
5 10 13 3 40
10 5 13 3 40
7 8 2 14 36
8 7 2 14 36
7 8 14 2 36
8 7 14 2 36
4 11 2 14 11
11 4 2 14 11
4 11 14 2 11
11 4 14 2 11
