8 11 0 21 0
11 8 0 21 0
8 11 21 0 0
11 8 21 0 0
1 18 3 18 0
18 1 3 18 0
1 18 18 3 0
18 1 18 3 0
2 17 4 17 0
17 2 4 17 0
2 17 17 4 0
17 2 17 4 0
7 12 2 19 14
12 7 2 19 14
7 12 19 2 14
12 7 19 2 14
6 13 9 12 339
13 6 9 12 339
6 13 12 9 339
13 6 12 9 339
4 15 4 17 8
15 4 4 17 8
4 15 17 4 8
15 4 17 4 8
8 11 4 17 117
11 8 4 17 117
8 11 17 4 117
11 8 17 4 117
6 13 2 19 8
13 6 2 19 8
6 13 19 2 8
13 6 19 2 8
5 14 8 13 136
14 5 8 13 136
5 14 13 8 136
14 5 13 8 136
5 14 9 12 162
14 5 9 12 162
5 14 12 9 162
14 5 12 9 162
3 16 1 20 0
16 3 1 20 0
3 16 20 1 0
16 3 20 1 0
6 13 10 11 373
13 6 10 11 373
6 13 11 10 373
13 6 11 10 373
8 11 10 11 829
11 8 10 11 829
8 11 11 10 829
11 8 11 10 829
9 10 3 18 64
10 9 3 18 64
9 10 18 3 64
10 9 18 3 64
2 17 5 16 0
17 2 5 16 0
2 17 16 5 0
17 2 16 5 0
3 16 10 11 14
16 3 10 11 14
3 16 11 10 14
16 3 11 10 14
7 12 4 17 84
12 7 4 17 84
7 12 17 4 84
12 7 17 4 84
1 18 4 17 0
18 1 4 17 0
1 18 17 4 0
18 1 17 4 0
4 15 7 14 39
15 4 7 14 39
4 15 14 7 39
15 4 14 7 39
5 14 10 11 179
14 5 10 11 179
5 14 11 10 179
14 5 11 10 179
0 19 6 15 0
19 0 6 15 0
0 19 15 6 0
19 0 15 6 0
7 12 9 12 554
12 7 9 12 554
7 12 12 9 554
12 7 12 9 554
1 18 8 13 0
18 1 8 13 0
1 18 13 8 0
18 1 13 8 0
8 11 6 15 345
11 8 6 15 345
8 11 15 6 345
11 8 15 6 345
7 12 5 16 152
12 7 5 16 152
7 12 16 5 152
12 7 16 5 152
8 11 3 18 54
11 8 3 18 54
8 11 18 3 54
11 8 18 3 54
3 16 2 19 0
16 3 2 19 0
3 16 19 2 0
16 3 19 2 0
8 11 9 12 757
11 8 9 12 757
8 11 12 9 757
11 8 12 9 757
2 17 3 18 0
17 2 3 18 0
2 17 18 3 0
17 2 18 3 0
6 13 6 15 151
13 6 6 15 151
6 13 15 6 151
13 6 15 6 151
7 12 0 21 0
12 7 0 21 0
7 12 21 0 0
12 7 21 0 0
6 13 3 18 22
13 6 3 18 22
6 13 18 3 22
13 6 18 3 22
6 13 8 13 286
13 6 8 13 286
6 13 13 8 286
13 6 13 8 286
4 15 9 12 62
15 4 9 12 62
4 15 12 9 62
15 4 12 9 62
6 13 7 14 219
13 6 7 14 219
6 13 14 7 219
13 6 14 7 219
6 13 1 20 1
13 6 1 20 1
6 13 20 1 1
13 6 20 1 1
1 18 7 14 0
18 1 7 14 0
1 18 14 7 0
18 1 14 7 0
9 10 2 19 24
10 9 2 19 24
9 10 19 2 24
10 9 19 2 24
8 11 7 14 494
11 8 7 14 494
8 11 14 7 494
11 8 14 7 494
4 15 10 11 69
15 4 10 11 69
4 15 11 10 69
15 4 11 10 69
2 17 9 12 0
17 2 9 12 0
2 17 12 9 0
17 2 12 9 0
9 10 0 21 0
10 9 0 21 0
9 10 21 0 0
10 9 21 0 0
4 15 2 19 1
15 4 2 19 1
4 15 19 2 1
15 4 19 2 1
8 11 1 20 3
11 8 1 20 3
8 11 20 1 3
11 8 20 1 3
4 15 5 16 15
15 4 5 16 15
4 15 16 5 15
15 4 16 5 15
1 18 5 16 0
18 1 5 16 0
1 18 16 5 0
18 1 16 5 0
3 16 5 16 2
16 3 5 16 2
3 16 16 5 2
16 3 16 5 2
9 10 9 12 884
10 9 9 12 884
9 10 12 9 884
10 9 12 9 884
3 16 9 12 12
16 3 9 12 12
3 16 12 9 12
16 3 12 9 12
9 10 1 20 4
10 9 1 20 4
9 10 20 1 4
10 9 20 1 4
7 12 6 15 250
12 7 6 15 250
7 12 15 6 250
12 7 15 6 250
5 14 1 20 0
14 5 1 20 0
5 14 20 1 0
14 5 20 1 0
3 16 4 17 1
16 3 4 17 1
3 16 17 4 1
16 3 17 4 1
7 12 3 18 38
12 7 3 18 38
7 12 18 3 38
12 7 18 3 38
8 11 5 16 211
11 8 5 16 211
8 11 16 5 211
11 8 16 5 211
0 19 10 11 0
19 0 10 11 0
0 19 11 10 0
19 0 11 10 0
7 12 10 11 608
12 7 10 11 608
7 12 11 10 608
12 7 11 10 608
4 15 8 13 52
15 4 8 13 52
4 15 13 8 52
15 4 13 8 52
8 11 8 13 640
11 8 8 13 640
8 11 13 8 640
11 8 13 8 640
3 16 8 13 10
16 3 8 13 10
3 16 13 8 10
16 3 13 8 10
4 15 3 18 3
15 4 3 18 3
4 15 18 3 3
15 4 18 3 3
2 17 10 11 0
17 2 10 11 0
2 17 11 10 0
17 2 11 10 0
3 16 3 18 0
16 3 3 18 0
3 16 18 3 0
16 3 18 3 0
9 10 6 15 404
10 9 6 15 404
9 10 15 6 404
10 9 15 6 404
4 15 6 15 26
15 4 6 15 26
4 15 15 6 26
15 4 15 6 26
1 18 10 11 0
18 1 10 11 0
1 18 11 10 0
18 1 11 10 0
5 14 5 16 41
14 5 5 16 41
5 14 16 5 41
14 5 16 5 41
6 13 0 21 0
13 6 0 21 0
6 13 21 0 0
13 6 21 0 0
5 14 7 14 103
14 5 7 14 103
5 14 14 7 103
14 5 14 7 103
9 10 10 11 968
10 9 10 11 968
9 10 11 10 968
10 9 11 10 968
2 17 6 15 0
17 2 6 15 0
2 17 15 6 0
17 2 15 6 0
7 12 7 14 360
12 7 7 14 360
7 12 14 7 360
12 7 14 7 360
2 17 8 13 0
17 2 8 13 0
2 17 13 8 0
17 2 13 8 0
3 16 6 15 4
16 3 6 15 4
3 16 15 6 4
16 3 15 6 4
7 12 8 13 468
12 7 8 13 468
7 12 13 8 468
12 7 13 8 468
5 14 3 18 9
14 5 3 18 9
5 14 18 3 9
14 5 18 3 9
9 10 5 16 248
10 9 5 16 248
9 10 16 5 248
10 9 16 5 248
9 10 8 13 748
10 9 8 13 748
9 10 13 8 748
10 9 13 8 748
5 14 2 19 3
14 5 2 19 3
5 14 19 2 3
14 5 19 2 3
9 10 4 17 138
10 9 4 17 138
9 10 17 4 138
10 9 17 4 138
7 12 1 20 2
12 7 1 20 2
7 12 20 1 2
12 7 20 1 2
3 16 7 14 7
16 3 7 14 7
3 16 14 7 7
16 3 14 7 7
2 17 2 19 0
17 2 2 19 0
2 17 19 2 0
17 2 19 2 0
5 14 6 15 70
14 5 6 15 70
5 14 15 6 70
14 5 15 6 70
6 13 5 16 91
13 6 5 16 91
6 13 16 5 91
13 6 16 5 91
1 18 9 12 0
18 1 9 12 0
1 18 12 9 0
18 1 12 9 0
0 19 8 13 0
19 0 8 13 0
0 19 13 8 0
19 0 13 8 0
0 19 9 12 0
19 0 9 12 0
0 19 12 9 0
19 0 12 9 0
6 13 4 17 50
13 6 4 17 50
6 13 17 4 50
13 6 17 4 50
2 17 7 14 0
17 2 7 14 0
2 17 14 7 0
17 2 14 7 0
4 15 1 20 0
15 4 1 20 0
4 15 20 1 0
15 4 20 1 0
0 19 7 14 0
19 0 7 14 0
0 19 14 7 0
19 0 14 7 0
9 10 7 14 578
10 9 7 14 578
9 10 14 7 578
10 9 14 7 578
8 11 2 19 20
11 8 2 19 20
8 11 19 2 20
11 8 19 2 20
5 14 4 17 22
14 5 4 17 22
5 14 17 4 22
14 5 17 4 22
1 18 6 15 0
18 1 6 15 0
1 18 15 6 0
18 1 15 6 0
