4 23 8 23 0
23 4 8 23 0
4 23 23 8 0
23 4 23 8 0
5 22 7 24 0
22 5 7 24 0
5 22 24 7 0
22 5 24 7 0
10 17 1 30 0
17 10 1 30 0
10 17 30 1 0
17 10 30 1 0
8 19 12 19 82
19 8 12 19 82
8 19 19 12 82
19 8 19 12 82
11 16 4 27 9
16 11 4 27 9
11 16 27 4 9
16 11 27 4 9
1 26 15 16 0
26 1 15 16 0
1 26 16 15 0
26 1 16 15 0
2 25 7 24 0
25 2 7 24 0
2 25 24 7 0
25 2 24 7 0
4 23 13 18 0
23 4 13 18 0
4 23 18 13 0
23 4 18 13 0
12 15 7 24 158
15 12 7 24 158
12 15 24 7 158
15 12 24 7 158
10 17 5 26 15
17 10 5 26 15
10 17 26 5 15
17 10 26 5 15
12 15 9 22 453
15 12 9 22 453
12 15 22 9 453
15 12 22 9 453
6 21 13 18 0
21 6 13 18 0
6 21 18 13 0
21 6 18 13 0
12 15 2 29 0
15 12 2 29 0
12 15 29 2 0
15 12 29 2 0
9 18 9 22 94
18 9 9 22 94
9 18 22 9 94
18 9 22 9 94
13 14 5 26 40
14 13 5 26 40
13 14 26 5 40
14 13 26 5 40
2 25 9 22 0
25 2 9 22 0
2 25 22 9 0
25 2 22 9 0
13 14 8 23 327
14 13 8 23 327
13 14 23 8 327
14 13 23 8 327
2 25 14 17 0
25 2 14 17 0
2 25 17 14 0
25 2 17 14 0
7 20 13 18 27
20 7 13 18 27
7 20 18 13 27
20 7 18 13 27
8 19 10 21 47
19 8 10 21 47
8 19 21 10 47
19 8 21 10 47
1 26 12 19 0
26 1 12 19 0
1 26 19 12 0
26 1 19 12 0
7 20 11 20 19
20 7 11 20 19
7 20 20 11 19
20 7 20 11 19
8 19 11 20 65
19 8 11 20 65
8 19 20 11 65
19 8 20 11 65
9 18 4 27 2
18 9 4 27 2
9 18 27 4 2
18 9 27 4 2
13 14 14 17 1918
14 13 14 17 1918
13 14 17 14 1918
14 13 17 14 1918
12 15 1 30 0
15 12 1 30 0
12 15 30 1 0
15 12 30 1 0
10 17 8 23 118
17 10 8 23 118
10 17 23 8 118
17 10 23 8 118
11 16 15 16 1236
16 11 15 16 1236
11 16 16 15 1236
16 11 16 15 1236
11 16 6 25 57
16 11 6 25 57
11 16 25 6 57
16 11 25 6 57
5 22 5 26 0
22 5 5 26 0
5 22 26 5 0
22 5 26 5 0
10 17 4 27 5
17 10 4 27 5
10 17 27 4 5
17 10 27 4 5
7 20 3 28 0
20 7 3 28 0
7 20 28 3 0
20 7 28 3 0
5 22 4 27 0
22 5 4 27 0
5 22 27 4 0
22 5 27 4 0
12 15 6 25 78
15 12 6 25 78
12 15 25 6 78
15 12 25 6 78
12 15 5 26 35
15 12 5 26 35
12 15 26 5 35
15 12 26 5 35
5 22 8 23 0
22 5 8 23 0
5 22 23 8 0
22 5 23 8 0
8 19 15 16 116
19 8 15 16 116
8 19 16 15 116
19 8 16 15 116
4 23 6 25 0
23 4 6 25 0
4 23 25 6 0
23 4 25 6 0
8 19 5 26 2
19 8 5 26 2
8 19 26 5 2
19 8 26 5 2
10 17 7 24 67
17 10 7 24 67
10 17 24 7 67
17 10 24 7 67
3 24 8 23 0
24 3 8 23 0
3 24 23 8 0
24 3 23 8 0
8 19 7 24 11
19 8 7 24 11
8 19 24 7 11
19 8 24 7 11
5 22 14 17 0
22 5 14 17 0
5 22 17 14 0
22 5 17 14 0
6 21 15 16 0
21 6 15 16 0
6 21 16 15 0
21 6 16 15 0
6 21 3 28 0
21 6 3 28 0
6 21 28 3 0
21 6 28 3 0
1 26 11 20 0
26 1 11 20 0
1 26 20 11 0
26 1 20 11 0
13 14 3 28 4
14 13 3 28 4
13 14 28 3 4
14 13 28 3 4
11 16 10 21 483
16 11 10 21 483
11 16 21 10 483
16 11 21 10 483
4 23 7 24 0
23 4 7 24 0
4 23 24 7 0
23 4 24 7 0
12 15 12 19 1193
15 12 12 19 1193
12 15 19 12 1193
15 12 19 12 1193
11 16 7 24 115
16 11 7 24 115
11 16 24 7 115
16 11 24 7 115
7 20 5 26 1
20 7 5 26 1
7 20 26 5 1
20 7 26 5 1
10 17 10 21 282
17 10 10 21 282
10 17 21 10 282
17 10 21 10 282
10 17 2 29 0
17 10 2 29 0
10 17 29 2 0
17 10 29 2 0
9 18 6 25 16
18 9 6 25 16
9 18 25 6 16
18 9 25 6 16
6 21 4 27 0
21 6 4 27 0
6 21 27 4 0
21 6 27 4 0
2 25 12 19 0
25 2 12 19 0
2 25 19 12 0
25 2 19 12 0
13 14 9 22 532
14 13 9 22 532
13 14 22 9 532
14 13 22 9 532
13 14 10 21 790
14 13 10 21 790
13 14 21 10 790
14 13 21 10 790
6 21 14 17 0
21 6 14 17 0
6 21 17 14 0
21 6 17 14 0
3 24 15 16 0
24 3 15 16 0
3 24 16 15 0
24 3 16 15 0
13 14 13 18 1697
14 13 13 18 1697
13 14 18 13 1697
14 13 18 13 1697
11 16 5 26 26
16 11 5 26 26
11 16 26 5 26
16 11 26 5 26
5 22 15 16 0
22 5 15 16 0
5 22 16 15 0
22 5 16 15 0
2 25 15 16 0
25 2 15 16 0
2 25 16 15 0
25 2 16 15 0
12 15 10 21 671
15 12 10 21 671
12 15 21 10 671
15 12 21 10 671
12 15 13 18 1437
15 12 13 18 1437
12 15 18 13 1437
15 12 18 13 1437
7 20 8 23 7
20 7 8 23 7
7 20 23 8 7
20 7 23 8 7
3 24 9 22 0
24 3 9 22 0
3 24 22 9 0
24 3 22 9 0
10 17 14 17 677
17 10 14 17 677
10 17 17 14 677
17 10 17 14 677
4 23 5 26 0
23 4 5 26 0
4 23 26 5 0
23 4 26 5 0
10 17 11 20 390
17 10 11 20 390
10 17 20 11 390
17 10 20 11 390
10 17 3 28 2
17 10 3 28 2
10 17 28 3 2
17 10 28 3 2
5 22 11 20 0
22 5 11 20 0
5 22 20 11 0
22 5 20 11 0
8 19 9 22 32
19 8 9 22 32
8 19 22 9 32
19 8 22 9 32
8 19 8 23 20
19 8 8 23 20
8 19 23 8 20
19 8 23 8 20
5 22 10 21 0
22 5 10 21 0
5 22 21 10 0
22 5 21 10 0
6 21 10 21 0
21 6 10 21 0
6 21 21 10 0
21 6 21 10 0
4 23 15 16 0
23 4 15 16 0
4 23 16 15 0
23 4 16 15 0
11 16 3 28 3
16 11 3 28 3
11 16 28 3 3
16 11 28 3 3
12 15 14 17 1623
15 12 14 17 1623
12 15 17 14 1623
15 12 17 14 1623
8 19 13 18 98
19 8 13 18 98
8 19 18 13 98
19 8 18 13 98
9 18 11 20 190
18 9 11 20 190
9 18 20 11 190
18 9 20 11 190
9 18 2 29 0
18 9 2 29 0
9 18 29 2 0
18 9 29 2 0
10 17 15 16 719
17 10 15 16 719
10 17 16 15 719
17 10 16 15 719
12 15 11 20 929
15 12 11 20 929
12 15 20 11 929
15 12 20 11 929
4 23 9 22 0
23 4 9 22 0
4 23 22 9 0
23 4 22 9 0
7 20 2 29 0
20 7 2 29 0
7 20 29 2 0
20 7 29 2 0
6 21 7 24 0
21 6 7 24 0
6 21 24 7 0
21 6 24 7 0
12 15 8 23 279
15 12 8 23 279
12 15 23 8 279
15 12 23 8 279
6 21 8 23 0
21 6 8 23 0
6 21 23 8 0
21 6 23 8 0
6 21 12 19 0
21 6 12 19 0
6 21 19 12 0
21 6 19 12 0
7 20 9 22 10
20 7 9 22 10
7 20 22 9 10
20 7 22 9 10
13 14 4 27 13
14 13 4 27 13
13 14 27 4 13
14 13 27 4 13
12 15 4 27 12
15 12 4 27 12
12 15 27 4 12
15 12 27 4 12
8 19 4 27 0
19 8 4 27 0
8 19 27 4 0
19 8 27 4 0
13 14 11 20 1096
14 13 11 20 1096
13 14 20 11 1096
14 13 20 11 1096
11 16 13 18 1030
16 11 13 18 1030
11 16 18 13 1030
16 11 18 13 1030
6 21 11 20 0
21 6 11 20 0
6 21 20 11 0
21 6 20 11 0
7 20 10 21 14
20 7 10 21 14
7 20 21 10 14
20 7 21 10 14
12 15 3 28 4
15 12 3 28 4
12 15 28 3 4
15 12 28 3 4
5 22 9 22 0
22 5 9 22 0
5 22 22 9 0
22 5 22 9 0
2 25 10 21 0
25 2 10 21 0
2 25 21 10 0
25 2 21 10 0
4 23 14 17 0
23 4 14 17 0
4 23 17 14 0
23 4 17 14 0
9 18 3 28 1
18 9 3 28 1
9 18 28 3 1
18 9 28 3 1
6 21 9 22 0
21 6 9 22 0
6 21 22 9 0
21 6 22 9 0
4 23 4 27 0
23 4 4 27 0
4 23 27 4 0
23 4 27 4 0
5 22 6 25 0
22 5 6 25 0
5 22 25 6 0
22 5 25 6 0
10 17 6 25 33
17 10 6 25 33
10 17 25 6 33
17 10 25 6 33
8 19 14 17 110
19 8 14 17 110
8 19 17 14 110
19 8 17 14 110
8 19 3 28 0
19 8 3 28 0
8 19 28 3 0
19 8 28 3 0
1 26 10 21 0
26 1 10 21 0
1 26 21 10 0
26 1 21 10 0
11 16 1 30 0
16 11 1 30 0
11 16 30 1 0
16 11 30 1 0
7 20 12 19 23
20 7 12 19 23
7 20 19 12 23
20 7 19 12 23
11 16 9 22 327
16 11 9 22 327
11 16 22 9 327
16 11 22 9 327
7 20 7 24 4
20 7 7 24 4
7 20 24 7 4
20 7 24 7 4
3 24 14 17 0
24 3 14 17 0
3 24 17 14 0
24 3 17 14 0
10 17 13 18 600
17 10 13 18 600
10 17 18 13 600
17 10 18 13 600
2 25 11 20 0
25 2 11 20 0
2 25 20 11 0
25 2 20 11 0
9 18 8 23 58
18 9 8 23 58
9 18 23 8 58
18 9 23 8 58
12 15 15 16 1726
15 12 15 16 1726
12 15 16 15 1726
15 12 16 15 1726
9 18 12 19 242
18 9 12 19 242
9 18 19 12 242
18 9 19 12 242
11 16 12 19 856
16 11 12 19 856
11 16 19 12 856
16 11 19 12 856
4 23 10 21 0
23 4 10 21 0
4 23 21 10 0
23 4 21 10 0
9 18 14 17 326
18 9 14 17 326
9 18 17 14 326
18 9 17 14 326
9 18 10 21 138
18 9 10 21 138
9 18 21 10 138
18 9 21 10 138
6 21 5 26 0
21 6 5 26 0
6 21 26 5 0
21 6 26 5 0
8 19 2 29 0
19 8 2 29 0
8 19 29 2 0
19 8 29 2 0
10 17 12 19 499
17 10 12 19 499
10 17 19 12 499
17 10 19 12 499
7 20 14 17 30
20 7 14 17 30
7 20 17 14 30
20 7 17 14 30
3 24 13 18 0
24 3 13 18 0
3 24 18 13 0
24 3 18 13 0
3 24 11 20 0
24 3 11 20 0
3 24 20 11 0
24 3 20 11 0
13 14 12 19 1408
14 13 12 19 1408
13 14 19 12 1408
14 13 19 12 1408
11 16 11 20 668
16 11 11 20 668
11 16 20 11 668
16 11 20 11 668
11 16 14 17 1163
16 11 14 17 1163
11 16 17 14 1163
16 11 17 14 1163
10 17 9 22 191
17 10 9 22 191
10 17 22 9 191
17 10 22 9 191
2 25 8 23 0
25 2 8 23 0
2 25 23 8 0
25 2 23 8 0
4 23 12 19 0
23 4 12 19 0
4 23 19 12 0
23 4 19 12 0
13 14 6 25 90
14 13 6 25 90
13 14 25 6 90
14 13 25 6 90
0 27 15 16 0
27 0 15 16 0
0 27 16 15 0
27 0 16 15 0
1 26 13 18 0
26 1 13 18 0
1 26 18 13 0
26 1 18 13 0
5 22 13 18 0
22 5 13 18 0
5 22 18 13 0
22 5 18 13 0
11 16 8 23 202
16 11 8 23 202
11 16 23 8 202
16 11 23 8 202
13 14 7 24 184
14 13 7 24 184
13 14 24 7 184
14 13 24 7 184
1 26 14 17 0
26 1 14 17 0
1 26 17 14 0
26 1 17 14 0
7 20 15 16 31
20 7 15 16 31
7 20 16 15 31
20 7 16 15 31
3 24 6 25 0
24 3 6 25 0
3 24 25 6 0
24 3 25 6 0
9 18 7 24 33
18 9 7 24 33
9 18 24 7 33
18 9 24 7 33
7 20 4 27 0
20 7 4 27 0
7 20 27 4 0
20 7 27 4 0
5 22 12 19 0
22 5 12 19 0
5 22 19 12 0
22 5 19 12 0
13 14 1 30 0
14 13 1 30 0
13 14 30 1 0
14 13 30 1 0
4 23 11 20 0
23 4 11 20 0
4 23 20 11 0
23 4 20 11 0
7 20 6 25 2
20 7 6 25 2
7 20 25 6 2
20 7 25 6 2
9 18 5 26 7
18 9 5 26 7
9 18 26 5 7
18 9 26 5 7
2 25 13 18 0
25 2 13 18 0
2 25 18 13 0
25 2 18 13 0
3 24 12 19 0
24 3 12 19 0
3 24 19 12 0
24 3 19 12 0
6 21 6 25 0
21 6 6 25 0
6 21 25 6 0
21 6 25 6 0
11 16 2 29 0
16 11 2 29 0
11 16 29 2 0
16 11 29 2 0
13 14 2 29 0
14 13 2 29 0
13 14 29 2 0
14 13 29 2 0
9 18 13 18 290
18 9 13 18 290
9 18 18 13 290
18 9 18 13 290
8 19 6 25 5
19 8 6 25 5
8 19 25 6 5
19 8 25 6 5
9 18 15 16 346
18 9 15 16 346
9 18 16 15 346
18 9 16 15 346
3 24 10 21 0
24 3 10 21 0
3 24 21 10 0
24 3 21 10 0
3 24 7 24 0
24 3 7 24 0
3 24 24 7 0
24 3 24 7 0
13 14 15 16 2039
14 13 15 16 2039
13 14 16 15 2039
14 13 16 15 2039
