2 15 11 21 0
15 2 11 21 0
2 15 21 11 0
15 2 21 11 0
2 15 12 20 0
15 2 12 20 0
2 15 20 12 0
15 2 20 12 0
2 15 13 19 0
15 2 13 19 0
2 15 19 13 0
15 2 19 13 0
2 15 14 18 0
15 2 14 18 0
2 15 18 14 0
15 2 18 14 0
2 15 15 17 0
15 2 15 17 0
2 15 17 15 0
15 2 17 15 0
3 14 11 21 0
14 3 11 21 0
3 14 21 11 0
14 3 21 11 0
3 14 12 20 0
14 3 12 20 0
3 14 20 12 0
14 3 20 12 0
3 14 13 19 0
14 3 13 19 0
3 14 19 13 0
14 3 19 13 0
3 14 14 18 0
14 3 14 18 0
3 14 18 14 0
14 3 18 14 0
3 14 15 17 0
14 3 15 17 0
3 14 17 15 0
14 3 17 15 0
4 13 11 21 0
13 4 11 21 0
4 13 21 11 0
13 4 21 11 0
4 13 12 20 0
13 4 12 20 0
4 13 20 12 0
13 4 20 12 0
4 13 13 19 1
13 4 13 19 1
4 13 19 13 1
13 4 19 13 1
4 13 14 18 2
13 4 14 18 2
4 13 18 14 2
13 4 18 14 2
4 13 15 17 3
13 4 15 17 3
4 13 17 15 3
13 4 17 15 3
5 12 11 21 3
12 5 11 21 3
5 12 21 11 3
12 5 21 11 3
5 12 12 20 7
12 5 12 20 7
5 12 20 12 7
12 5 20 12 7
5 12 13 19 14
12 5 13 19 14
5 12 19 13 14
12 5 19 13 14
5 12 14 18 22
12 5 14 18 22
5 12 18 14 22
12 5 18 14 22
5 12 15 17 29
12 5 15 17 29
5 12 17 15 29
12 5 17 15 29
2 15 16 16 0
15 2 16 16 0
3 14 16 16 0
14 3 16 16 0
4 13 16 16 3
13 4 16 16 3
5 12 16 16 31
12 5 16 16 31
3 14 10 22 0
14 3 10 22 0
3 14 22 10 0
14 3 22 10 0
4 13 10 22 0
13 4 10 22 0
4 13 22 10 0
13 4 22 10 0
5 12 10 22 1
12 5 10 22 1
5 12 22 10 1
12 5 22 10 1
6 11 10 22 5
11 6 10 22 5
6 11 22 10 5
11 6 22 10 5
6 11 11 21 15
11 6 11 21 15
6 11 21 11 15
11 6 21 11 15
6 11 12 20 32
11 6 12 20 32
6 11 20 12 32
11 6 20 12 32
6 11 13 19 57
11 6 13 19 57
6 11 19 13 57
11 6 19 13 57
6 11 14 18 83
11 6 14 18 83
6 11 18 14 83
11 6 18 14 83
6 11 15 17 105
11 6 15 17 105
6 11 17 15 105
11 6 17 15 105
6 11 16 16 112
11 6 16 16 112
7 10 11 21 42
10 7 11 21 42
7 10 21 11 42
10 7 21 11 42
7 10 12 20 82
10 7 12 20 82
7 10 20 12 82
10 7 20 12 82
7 10 13 19 136
10 7 13 19 136
7 10 19 13 136
10 7 19 13 136
7 10 14 18 191
10 7 14 18 191
7 10 18 14 191
10 7 18 14 191
7 10 15 17 235
10 7 15 17 235
7 10 17 15 235
10 7 17 15 235
7 10 16 16 250
10 7 16 16 250
3 14 9 23 0
14 3 9 23 0
3 14 23 9 0
14 3 23 9 0
4 13 9 23 0
13 4 9 23 0
4 13 23 9 0
13 4 23 9 0
5 12 9 23 0
12 5 9 23 0
5 12 23 9 0
12 5 23 9 0
6 11 9 23 1
11 6 9 23 1
6 11 23 9 1
11 6 23 9 1
4 13 7 25 0
13 4 7 25 0
4 13 25 7 0
13 4 25 7 0
4 13 8 24 0
13 4 8 24 0
4 13 24 8 0
13 4 24 8 0
5 12 7 25 0
12 5 7 25 0
5 12 25 7 0
12 5 25 7 0
5 12 8 24 0
12 5 8 24 0
5 12 24 8 0
12 5 24 8 0
6 11 7 25 0
11 6 7 25 0
6 11 25 7 0
11 6 25 7 0
6 11 8 24 0
11 6 8 24 0
6 11 24 8 0
11 6 24 8 0
7 10 7 25 0
10 7 7 25 0
7 10 25 7 0
10 7 25 7 0
7 10 8 24 1
10 7 8 24 1
7 10 24 8 1
10 7 24 8 1
7 10 9 23 5
10 7 9 23 5
7 10 23 9 5
10 7 23 9 5
7 10 10 22 17
10 7 10 22 17
7 10 22 10 17
10 7 22 10 17
8 9 7 25 0
9 8 7 25 0
8 9 25 7 0
9 8 25 7 0
8 9 8 24 2
9 8 8 24 2
8 9 24 8 2
9 8 24 8 2
8 9 9 23 9
9 8 9 23 9
8 9 23 9 9
9 8 23 9 9
8 9 10 22 28
9 8 10 22 28
8 9 22 10 28
9 8 22 10 28
8 9 11 21 66
9 8 11 21 66
8 9 21 11 66
9 8 21 11 66
8 9 12 20 125
9 8 12 20 125
8 9 20 12 125
9 8 20 12 125
8 9 13 19 203
9 8 13 19 203
8 9 19 13 203
9 8 19 13 203
8 9 14 18 281
9 8 14 18 281
8 9 18 14 281
9 8 18 14 281
8 9 15 17 342
9 8 15 17 342
8 9 17 15 342
9 8 17 15 342
8 9 16 16 363
9 8 16 16 363
5 12 6 26 0
12 5 6 26 0
5 12 26 6 0
12 5 26 6 0
6 11 6 26 0
11 6 6 26 0
6 11 26 6 0
11 6 26 6 0
7 10 6 26 0
10 7 6 26 0
7 10 26 6 0
10 7 26 6 0
8 9 6 26 0
9 8 6 26 0
8 9 26 6 0
9 8 26 6 0
6 11 5 27 0
11 6 5 27 0
6 11 27 5 0
11 6 27 5 0
7 10 5 27 0
10 7 5 27 0
7 10 27 5 0
10 7 27 5 0
8 9 5 27 0
9 8 5 27 0
8 9 27 5 0
9 8 27 5 0
