9 18 21 31 0
18 9 21 31 0
9 18 31 21 0
18 9 31 21 0
9 18 22 30 0
18 9 22 30 0
9 18 30 22 0
18 9 30 22 0
9 18 23 29 0
18 9 23 29 0
9 18 29 23 0
18 9 29 23 0
9 18 24 28 0
18 9 24 28 0
9 18 28 24 0
18 9 28 24 0
9 18 25 27 0
18 9 25 27 0
9 18 27 25 0
18 9 27 25 0
10 17 21 31 0
17 10 21 31 0
10 17 31 21 0
17 10 31 21 0
10 17 22 30 0
17 10 22 30 0
10 17 30 22 0
17 10 30 22 0
10 17 23 29 0
17 10 23 29 0
10 17 29 23 0
17 10 29 23 0
10 17 24 28 0
17 10 24 28 0
10 17 28 24 0
17 10 28 24 0
10 17 25 27 0
17 10 25 27 0
10 17 27 25 0
17 10 27 25 0
11 16 21 31 0
16 11 21 31 0
11 16 31 21 0
16 11 31 21 0
11 16 22 30 0
16 11 22 30 0
11 16 30 22 0
16 11 30 22 0
11 16 23 29 0
16 11 23 29 0
11 16 29 23 0
16 11 29 23 0
11 16 24 28 0
16 11 24 28 0
11 16 28 24 0
16 11 28 24 0
11 16 25 27 0
16 11 25 27 0
11 16 27 25 0
16 11 27 25 0
12 15 21 31 0
15 12 21 31 0
12 15 31 21 0
15 12 31 21 0
12 15 22 30 0
15 12 22 30 0
12 15 30 22 0
15 12 30 22 0
12 15 23 29 0
15 12 23 29 0
12 15 29 23 0
15 12 29 23 0
12 15 24 28 0
15 12 24 28 0
12 15 28 24 0
15 12 28 24 0
12 15 25 27 0
15 12 25 27 0
12 15 27 25 0
15 12 27 25 0
9 18 26 26 0
18 9 26 26 0
10 17 26 26 0
17 10 26 26 0
11 16 26 26 0
16 11 26 26 0
12 15 26 26 0
15 12 26 26 0
10 17 19 33 0
17 10 19 33 0
10 17 33 19 0
17 10 33 19 0
10 17 20 32 0
17 10 20 32 0
10 17 32 20 0
17 10 32 20 0
11 16 19 33 0
16 11 19 33 0
11 16 33 19 0
16 11 33 19 0
11 16 20 32 0
16 11 20 32 0
11 16 32 20 0
16 11 32 20 0
12 15 19 33 0
15 12 19 33 0
12 15 33 19 0
15 12 33 19 0
12 15 20 32 0
15 12 20 32 0
12 15 32 20 0
15 12 32 20 0
13 14 19 33 0
14 13 19 33 0
13 14 33 19 0
14 13 33 19 0
13 14 20 32 0
14 13 20 32 0
13 14 32 20 0
14 13 32 20 0
13 14 21 31 0
14 13 21 31 0
13 14 31 21 0
14 13 31 21 0
13 14 22 30 0
14 13 22 30 0
13 14 30 22 0
14 13 30 22 0
13 14 23 29 1
14 13 23 29 1
13 14 29 23 1
14 13 29 23 1
13 14 24 28 1
14 13 24 28 1
13 14 28 24 1
14 13 28 24 1
13 14 25 27 1
14 13 25 27 1
13 14 27 25 1
14 13 27 25 1
13 14 26 26 1
14 13 26 26 1
12 15 18 34 0
15 12 18 34 0
12 15 34 18 0
15 12 34 18 0
13 14 18 34 0
14 13 18 34 0
13 14 34 18 0
14 13 34 18 0
