11 18 23 33 0
18 11 23 33 0
11 18 33 23 0
18 11 33 23 0
11 18 24 32 0
18 11 24 32 0
11 18 32 24 0
18 11 32 24 0
11 18 25 31 0
18 11 25 31 0
11 18 31 25 0
18 11 31 25 0
11 18 26 30 0
18 11 26 30 0
11 18 30 26 0
18 11 30 26 0
11 18 27 29 0
18 11 27 29 0
11 18 29 27 0
18 11 29 27 0
12 17 23 33 0
17 12 23 33 0
12 17 33 23 0
17 12 33 23 0
12 17 24 32 0
17 12 24 32 0
12 17 32 24 0
17 12 32 24 0
12 17 25 31 0
17 12 25 31 0
12 17 31 25 0
17 12 31 25 0
12 17 26 30 0
17 12 26 30 0
12 17 30 26 0
17 12 30 26 0
12 17 27 29 0
17 12 27 29 0
12 17 29 27 0
17 12 29 27 0
13 16 23 33 0
16 13 23 33 0
13 16 33 23 0
16 13 33 23 0
13 16 24 32 0
16 13 24 32 0
13 16 32 24 0
16 13 32 24 0
13 16 25 31 0
16 13 25 31 0
13 16 31 25 0
16 13 31 25 0
13 16 26 30 0
16 13 26 30 0
13 16 30 26 0
16 13 30 26 0
13 16 27 29 0
16 13 27 29 0
13 16 29 27 0
16 13 29 27 0
14 15 23 33 0
15 14 23 33 0
14 15 33 23 0
15 14 33 23 0
14 15 24 32 0
15 14 24 32 0
14 15 32 24 0
15 14 32 24 0
14 15 25 31 0
15 14 25 31 0
14 15 31 25 0
15 14 31 25 0
14 15 26 30 0
15 14 26 30 0
14 15 30 26 0
15 14 30 26 0
14 15 27 29 0
15 14 27 29 0
14 15 29 27 0
15 14 29 27 0
11 18 28 28 0
18 11 28 28 0
12 17 28 28 0
17 12 28 28 0
13 16 28 28 0
16 13 28 28 0
14 15 28 28 0
15 14 28 28 0
12 17 22 34 0
17 12 22 34 0
12 17 34 22 0
17 12 34 22 0
13 16 22 34 0
16 13 22 34 0
13 16 34 22 0
16 13 34 22 0
14 15 22 34 0
15 14 22 34 0
14 15 34 22 0
15 14 34 22 0
