5 18 20 24 0
18 5 20 24 0
5 18 24 20 0
18 5 24 20 0
5 18 21 23 0
18 5 21 23 0
5 18 23 21 0
18 5 23 21 0
5 18 22 22 0
18 5 22 22 0
6 17 20 24 0
17 6 20 24 0
6 17 24 20 0
17 6 24 20 0
6 17 21 23 0
17 6 21 23 0
6 17 23 21 0
17 6 23 21 0
6 17 22 22 0
17 6 22 22 0
7 16 20 24 0
16 7 20 24 0
7 16 24 20 0
16 7 24 20 0
7 16 21 23 0
16 7 21 23 0
7 16 23 21 0
16 7 23 21 0
7 16 22 22 0
16 7 22 22 0
8 15 20 24 0
15 8 20 24 0
8 15 24 20 0
15 8 24 20 0
8 15 21 23 0
15 8 21 23 0
8 15 23 21 0
15 8 23 21 0
8 15 22 22 0
15 8 22 22 0
6 17 16 28 0
17 6 16 28 0
6 17 28 16 0
17 6 28 16 0
6 17 17 27 0
17 6 17 27 0
6 17 27 17 0
17 6 27 17 0
6 17 18 26 0
17 6 18 26 0
6 17 26 18 0
17 6 26 18 0
6 17 19 25 0
17 6 19 25 0
6 17 25 19 0
17 6 25 19 0
7 16 16 28 0
16 7 16 28 0
7 16 28 16 0
16 7 28 16 0
7 16 17 27 0
16 7 17 27 0
7 16 27 17 0
16 7 27 17 0
7 16 18 26 0
16 7 18 26 0
7 16 26 18 0
16 7 26 18 0
7 16 19 25 0
16 7 19 25 0
7 16 25 19 0
16 7 25 19 0
8 15 16 28 0
15 8 16 28 0
8 15 28 16 0
15 8 28 16 0
8 15 17 27 0
15 8 17 27 0
8 15 27 17 0
15 8 27 17 0
8 15 18 26 0
15 8 18 26 0
8 15 26 18 0
15 8 26 18 0
8 15 19 25 0
15 8 19 25 0
8 15 25 19 0
15 8 25 19 0
9 14 16 28 0
14 9 16 28 0
9 14 28 16 0
14 9 28 16 0
9 14 17 27 0
14 9 17 27 0
9 14 27 17 0
14 9 27 17 0
9 14 18 26 1
14 9 18 26 1
9 14 26 18 1
14 9 26 18 1
9 14 19 25 2
14 9 19 25 2
9 14 25 19 2
14 9 25 19 2
9 14 20 24 4
14 9 20 24 4
9 14 24 20 4
14 9 24 20 4
9 14 21 23 5
14 9 21 23 5
9 14 23 21 5
14 9 23 21 5
9 14 22 22 6
14 9 22 22 6
7 16 14 30 0
16 7 14 30 0
7 16 30 14 0
16 7 30 14 0
7 16 15 29 0
16 7 15 29 0
7 16 29 15 0
16 7 29 15 0
8 15 14 30 0
15 8 14 30 0
8 15 30 14 0
15 8 30 14 0
8 15 15 29 0
15 8 15 29 0
8 15 29 15 0
15 8 29 15 0
9 14 14 30 0
14 9 14 30 0
9 14 30 14 0
14 9 30 14 0
9 14 15 29 0
14 9 15 29 0
9 14 29 15 0
14 9 29 15 0
10 13 14 30 0
13 10 14 30 0
10 13 30 14 0
13 10 30 14 0
10 13 15 29 0
13 10 15 29 0
10 13 29 15 0
13 10 29 15 0
10 13 16 28 1
13 10 16 28 1
10 13 28 16 1
13 10 28 16 1
10 13 17 27 3
13 10 17 27 3
10 13 27 17 3
13 10 27 17 3
10 13 18 26 7
13 10 18 26 7
10 13 26 18 7
13 10 26 18 7
10 13 19 25 12
13 10 19 25 12
10 13 25 19 12
13 10 25 19 12
10 13 20 24 18
13 10 20 24 18
10 13 24 20 18
13 10 24 20 18
10 13 21 23 22
13 10 21 23 22
10 13 23 21 22
13 10 23 21 22
10 13 22 22 24
13 10 22 22 24
11 12 14 30 0
12 11 14 30 0
11 12 30 14 0
12 11 30 14 0
11 12 15 29 0
12 11 15 29 0
11 12 29 15 0
12 11 29 15 0
11 12 16 28 2
12 11 16 28 2
11 12 28 16 2
12 11 28 16 2
11 12 17 27 6
12 11 17 27 6
11 12 27 17 6
12 11 27 17 6
11 12 18 26 13
12 11 18 26 13
11 12 26 18 13
12 11 26 18 13
11 12 19 25 22
12 11 19 25 22
11 12 25 19 22
12 11 25 19 22
11 12 20 24 32
12 11 20 24 32
11 12 24 20 32
12 11 24 20 32
11 12 21 23 39
12 11 21 23 39
11 12 23 21 39
12 11 23 21 39
11 12 22 22 42
12 11 22 22 42
8 15 13 31 0
15 8 13 31 0
8 15 31 13 0
15 8 31 13 0
9 14 13 31 0
14 9 13 31 0
9 14 31 13 0
14 9 31 13 0
10 13 13 31 0
13 10 13 31 0
10 13 31 13 0
13 10 31 13 0
11 12 13 31 0
12 11 13 31 0
11 12 31 13 0
12 11 31 13 0
9 14 12 32 0
14 9 12 32 0
9 14 32 12 0
14 9 32 12 0
10 13 12 32 0
13 10 12 32 0
10 13 32 12 0
13 10 32 12 0
11 12 12 32 0
12 11 12 32 0
11 12 32 12 0
12 11 32 12 0
