4 17 16 24 0
17 4 16 24 0
4 17 24 16 0
17 4 24 16 0
4 17 17 23 0
17 4 17 23 0
4 17 23 17 0
17 4 23 17 0
4 17 18 22 0
17 4 18 22 0
4 17 22 18 0
17 4 22 18 0
4 17 19 21 0
17 4 19 21 0
4 17 21 19 0
17 4 21 19 0
4 17 20 20 0
17 4 20 20 0
5 16 16 24 0
16 5 16 24 0
5 16 24 16 0
16 5 24 16 0
5 16 17 23 0
16 5 17 23 0
5 16 23 17 0
16 5 23 17 0
5 16 18 22 0
16 5 18 22 0
5 16 22 18 0
16 5 22 18 0
5 16 19 21 0
16 5 19 21 0
5 16 21 19 0
16 5 21 19 0
5 16 20 20 0
16 5 20 20 0
6 15 16 24 0
15 6 16 24 0
6 15 24 16 0
15 6 24 16 0
6 15 17 23 0
15 6 17 23 0
6 15 23 17 0
15 6 23 17 0
6 15 18 22 0
15 6 18 22 0
6 15 22 18 0
15 6 22 18 0
6 15 19 21 0
15 6 19 21 0
6 15 21 19 0
15 6 21 19 0
6 15 20 20 0
15 6 20 20 0
7 14 16 24 0
14 7 16 24 0
7 14 24 16 0
14 7 24 16 0
7 14 17 23 1
14 7 17 23 1
7 14 23 17 1
14 7 23 17 1
7 14 18 22 2
14 7 18 22 2
7 14 22 18 2
14 7 22 18 2
7 14 19 21 3
14 7 19 21 3
7 14 21 19 3
14 7 21 19 3
7 14 20 20 4
14 7 20 20 4
5 16 13 27 0
16 5 13 27 0
5 16 27 13 0
16 5 27 13 0
5 16 14 26 0
16 5 14 26 0
5 16 26 14 0
16 5 26 14 0
5 16 15 25 0
16 5 15 25 0
5 16 25 15 0
16 5 25 15 0
6 15 13 27 0
15 6 13 27 0
6 15 27 13 0
15 6 27 13 0
6 15 14 26 0
15 6 14 26 0
6 15 26 14 0
15 6 26 14 0
6 15 15 25 0
15 6 15 25 0
6 15 25 15 0
15 6 25 15 0
7 14 13 27 0
14 7 13 27 0
7 14 27 13 0
14 7 27 13 0
7 14 14 26 0
14 7 14 26 0
7 14 26 14 0
14 7 26 14 0
7 14 15 25 0
14 7 15 25 0
7 14 25 15 0
14 7 25 15 0
8 13 13 27 0
13 8 13 27 0
8 13 27 13 0
13 8 27 13 0
8 13 14 26 1
13 8 14 26 1
8 13 26 14 1
13 8 26 14 1
8 13 15 25 3
13 8 15 25 3
8 13 25 15 3
13 8 25 15 3
8 13 16 24 7
13 8 16 24 7
8 13 24 16 7
13 8 24 16 7
8 13 17 23 13
13 8 17 23 13
8 13 23 17 13
13 8 23 17 13
8 13 18 22 20
13 8 18 22 20
8 13 22 18 20
13 8 22 18 20
8 13 19 21 25
13 8 19 21 25
8 13 21 19 25
13 8 21 19 25
8 13 20 20 28
13 8 20 20 28
6 15 12 28 0
15 6 12 28 0
6 15 28 12 0
15 6 28 12 0
7 14 12 28 0
14 7 12 28 0
7 14 28 12 0
14 7 28 12 0
8 13 12 28 0
13 8 12 28 0
8 13 28 12 0
13 8 28 12 0
9 12 12 28 0
12 9 12 28 0
9 12 28 12 0
12 9 28 12 0
9 12 13 27 1
12 9 13 27 1
9 12 27 13 1
12 9 27 13 1
9 12 14 26 4
12 9 14 26 4
9 12 26 14 4
12 9 26 14 4
9 12 15 25 11
12 9 15 25 11
9 12 25 15 11
12 9 25 15 11
9 12 16 24 23
12 9 16 24 23
9 12 24 16 23
12 9 24 16 23
9 12 17 23 39
12 9 17 23 39
9 12 23 17 39
12 9 23 17 39
9 12 18 22 57
12 9 18 22 57
9 12 22 18 57
12 9 22 18 57
9 12 19 21 70
12 9 19 21 70
9 12 21 19 70
12 9 21 19 70
9 12 20 20 76
12 9 20 20 76
10 11 13 27 2
11 10 13 27 2
10 11 27 13 2
11 10 27 13 2
10 11 14 26 8
11 10 14 26 8
10 11 26 14 8
11 10 26 14 8
10 11 15 25 20
11 10 15 25 20
10 11 25 15 20
11 10 25 15 20
10 11 16 24 40
11 10 16 24 40
10 11 24 16 40
11 10 24 16 40
10 11 17 23 66
11 10 17 23 66
10 11 23 17 66
11 10 23 17 66
10 11 18 22 93
11 10 18 22 93
10 11 22 18 93
11 10 22 18 93
10 11 19 21 113
11 10 19 21 113
10 11 21 19 113
11 10 21 19 113
10 11 20 20 122
11 10 20 20 122
7 14 10 30 0
14 7 10 30 0
7 14 30 10 0
14 7 30 10 0
7 14 11 29 0
14 7 11 29 0
7 14 29 11 0
14 7 29 11 0
8 13 10 30 0
13 8 10 30 0
8 13 30 10 0
13 8 30 10 0
8 13 11 29 0
13 8 11 29 0
8 13 29 11 0
13 8 29 11 0
9 12 10 30 0
12 9 10 30 0
9 12 30 10 0
12 9 30 10 0
9 12 11 29 0
12 9 11 29 0
9 12 29 11 0
12 9 29 11 0
10 11 10 30 0
11 10 10 30 0
10 11 30 10 0
11 10 30 10 0
10 11 11 29 0
11 10 11 29 0
10 11 29 11 0
11 10 29 11 0
10 11 12 28 0
11 10 12 28 0
10 11 28 12 0
11 10 28 12 0
9 12 9 31 0
12 9 9 31 0
9 12 31 9 0
12 9 31 9 0
10 11 9 31 0
11 10 9 31 0
10 11 31 9 0
11 10 31 9 0
