10 19 48 2
10 20 47 10
10 21 46 39
10 22 45 116
10 23 44 289
10 24 43 625
10 25 42 1218
10 26 41 2145
10 27 40 3477
10 28 39 5195
10 29 38 7217
10 30 37 9345
10 31 36 11329
10 32 35 12855
10 33 34 13689
11 17 49 1
11 18 48 5
11 19 47 25
11 20 46 84
11 21 45 242
11 22 44 592
11 23 43 1280
11 24 42 2483
11 25 41 4409
11 26 40 7195
11 27 39 10901
11 28 38 15374
11 29 37 20288
11 30 36 25105
11 31 35 29201
11 32 34 31941
11 33 33 32912
12 16 49 1
12 17 48 9
12 18 47 41
12 19 46 146
12 20 45 415
12 21 44 1028
12 22 43 2242
12 23 42 4412
12 24 41 7918
12 25 40 13129
12 26 39 20190
12 27 38 29007
12 28 37 39021
12 29 36 49339
12 30 35 58721
12 31 34 65908
12 32 33 69798
13 15 49 2
13 16 48 13
13 17 47 62
13 18 46 215
13 19 45 630
13 20 44 1571
13 21 43 3490
13 22 42 6978
13 23 41 12758
13 24 40 21505
13 25 39 33714
13 26 38 49344
13 27 37 67771
13 28 36 87531
13 29 35 106599
13 30 34 122563
13 31 33 133239
13 32 32 136970
14 14 49 2
14 15 48 16
14 16 47 76
14 17 46 279
14 18 45 830
14 19 44 2142
14 20 43 4856
14 21 42 9946
14 22 41 18574
14 23 40 32005
14 24 39 51201
14 25 38 76571
14 26 37 107393
14 27 36 141827
14 28 35 176676
14 29 34 208045
14 30 33 231833
14 31 32 244700
15 15 47 84
15 16 46 317
15 17 45 988
15 18 44 2618
15 19 43 6138
15 20 42 12893
15 21 41 24721
15 22 40 43620
15 23 39 71461
15 24 38 109277
15 25 37 156811
15 26 36 211767
15 27 35 269984
15 28 34 325455
15 29 33 371614
15 30 32 402211
15 31 31 412987
16 16 45 1039
16 17 44 2893
16 18 43 7022
16 19 42 15284
16 20 41 30164
16 21 40 54750
16 22 39 92030
16 23 38 144311
16 24 37 212055
16 25 36 293280
16 26 35 382720
16 27 34 472466
16 28 33 552551
17 17 43 7361
17 18 42 16618
17 19 41 33981
17 20 40 63571
17 21 39 110000
17 22 38 177146
17 23 37 267110
17 24 36 378589
17 25 35 506242
18 18 41 35305
18 19 40 68459
18 20 39 122220
18 21 38 202736
18 22 37 314169
18 23 36 457169
18 24 35 626845
19 19 39 126641
19 20 38 216802
19 21 37 346111
19 22 36 517770
19 23 35 729058
20 20 37 357313
20 21 36 550770
5 31 41 1
5 32 40 2
5 33 39 3
5 34 38 4
5 35 37 5
5 36 36 6
6 27 44 1
6 28 43 3
6 29 42 7
6 30 41 14
6 31 40 25
6 32 39 37
6 33 38 49
6 34 37 59
6 35 36 66
7 25 45 2
7 26 44 7
7 27 43 20
7 28 42 43
7 29 41 80
7 30 40 132
7 31 39 197
7 32 38 264
7 33 37 324
7 34 36 367
7 35 35 382
8 22 47 1
8 23 46 4
8 24 45 13
8 25 44 37
8 26 43 85
8 27 42 173
8 28 41 309
8 29 40 500
8 30 39 736
8 31 38 999
8 32 37 1247
8 33 36 1445
8 34 35 1553
9 21 47 3
9 22 46 14
9 23 45 45
9 24 44 115
9 25 43 258
9 26 42 505
9 27 41 897
9 28 40 1445
9 29 39 2141
9 30 38 2932
9 31 37 3734
9 32 36 4425
9 33 35 4894
9 34 34 5059
