4 28 16 25 0
28 4 16 25 0
4 28 25 16 0
28 4 25 16 0
4 28 17 24 0
28 4 17 24 0
4 28 24 17 0
28 4 24 17 0
4 28 18 23 0
28 4 18 23 0
4 28 23 18 0
28 4 23 18 0
4 28 19 22 0
28 4 19 22 0
4 28 22 19 0
28 4 22 19 0
4 28 20 21 0
28 4 20 21 0
4 28 21 20 0
28 4 21 20 0
5 27 16 25 0
27 5 16 25 0
5 27 25 16 0
27 5 25 16 0
5 27 17 24 0
27 5 17 24 0
5 27 24 17 0
27 5 24 17 0
5 27 18 23 0
27 5 18 23 0
5 27 23 18 0
27 5 23 18 0
5 27 19 22 0
27 5 19 22 0
5 27 22 19 0
27 5 22 19 0
5 27 20 21 0
27 5 20 21 0
5 27 21 20 0
27 5 21 20 0
6 26 16 25 0
26 6 16 25 0
6 26 25 16 0
26 6 25 16 0
6 26 17 24 0
26 6 17 24 0
6 26 24 17 0
26 6 24 17 0
6 26 18 23 0
26 6 18 23 0
6 26 23 18 0
26 6 23 18 0
6 26 19 22 0
26 6 19 22 0
6 26 22 19 0
26 6 22 19 0
6 26 20 21 0
26 6 20 21 0
6 26 21 20 0
26 6 21 20 0
7 25 16 25 0
25 7 16 25 0
7 25 25 16 0
25 7 25 16 0
7 25 17 24 0
25 7 17 24 0
7 25 24 17 0
25 7 24 17 0
7 25 18 23 1
25 7 18 23 1
7 25 23 18 1
25 7 23 18 1
7 25 19 22 2
25 7 19 22 2
7 25 22 19 2
25 7 22 19 2
7 25 20 21 2
25 7 20 21 2
7 25 21 20 2
25 7 21 20 2
8 24 16 25 3
24 8 16 25 3
8 24 25 16 3
24 8 25 16 3
8 24 17 24 6
24 8 17 24 6
8 24 24 17 6
24 8 24 17 6
8 24 18 23 12
24 8 18 23 12
8 24 23 18 12
24 8 23 18 12
8 24 19 22 18
24 8 19 22 18
8 24 22 19 18
24 8 22 19 18
8 24 20 21 21
24 8 20 21 21
8 24 21 20 21
24 8 21 20 21
9 23 16 25 21
23 9 16 25 21
9 23 25 16 21
23 9 25 16 21
9 23 17 24 40
23 9 17 24 40
9 23 24 17 40
23 9 24 17 40
9 23 18 23 66
23 9 18 23 66
9 23 23 18 66
23 9 23 18 66
9 23 19 22 90
23 9 19 22 90
9 23 22 19 90
23 9 22 19 90
9 23 20 21 104
23 9 20 21 104
9 23 21 20 104
23 9 21 20 104
5 27 13 28 0
27 5 13 28 0
5 27 28 13 0
27 5 28 13 0
5 27 14 27 0
27 5 14 27 0
5 27 27 14 0
27 5 27 14 0
5 27 15 26 0
27 5 15 26 0
5 27 26 15 0
27 5 26 15 0
6 26 13 28 0
26 6 13 28 0
6 26 28 13 0
26 6 28 13 0
6 26 14 27 0
26 6 14 27 0
6 26 27 14 0
26 6 27 14 0
6 26 15 26 0
26 6 15 26 0
6 26 26 15 0
26 6 26 15 0
7 25 13 28 0
25 7 13 28 0
7 25 28 13 0
25 7 28 13 0
7 25 14 27 0
25 7 14 27 0
7 25 27 14 0
25 7 27 14 0
7 25 15 26 0
25 7 15 26 0
7 25 26 15 0
25 7 26 15 0
8 24 13 28 0
24 8 13 28 0
8 24 28 13 0
24 8 28 13 0
8 24 14 27 0
24 8 14 27 0
8 24 27 14 0
24 8 27 14 0
8 24 15 26 1
24 8 15 26 1
8 24 26 15 1
24 8 26 15 1
9 23 13 28 0
23 9 13 28 0
9 23 28 13 0
23 9 28 13 0
9 23 14 27 2
23 9 14 27 2
9 23 27 14 2
23 9 27 14 2
9 23 15 26 8
23 9 15 26 8
9 23 26 15 8
23 9 26 15 8
10 22 13 28 4
22 10 13 28 4
10 22 28 13 4
22 10 28 13 4
10 22 14 27 15
22 10 14 27 15
10 22 27 14 15
22 10 27 14 15
10 22 15 26 41
22 10 15 26 41
10 22 26 15 41
22 10 26 15 41
10 22 16 25 89
22 10 16 25 89
10 22 25 16 89
22 10 25 16 89
10 22 17 24 157
22 10 17 24 157
10 22 24 17 157
22 10 24 17 157
10 22 18 23 239
22 10 18 23 239
10 22 23 18 239
22 10 23 18 239
10 22 19 22 313
22 10 19 22 313
10 22 22 19 313
22 10 22 19 313
10 22 20 21 357
22 10 20 21 357
10 22 21 20 357
22 10 21 20 357
11 21 13 28 17
21 11 13 28 17
11 21 28 13 17
21 11 28 13 17
11 21 14 27 55
21 11 14 27 55
11 21 27 14 55
21 11 27 14 55
11 21 15 26 132
21 11 15 26 132
11 21 26 15 132
21 11 26 15 132
11 21 16 25 263
21 11 16 25 263
11 21 25 16 263
21 11 25 16 263
11 21 17 24 440
21 11 17 24 440
11 21 24 17 440
21 11 24 17 440
11 21 18 23 643
21 11 18 23 643
11 21 23 18 643
21 11 23 18 643
11 21 19 22 821
21 11 19 22 821
11 21 22 19 821
21 11 22 19 821
11 21 20 21 926
21 11 20 21 926
11 21 21 20 926
21 11 21 20 926
6 26 12 29 0
26 6 12 29 0
6 26 29 12 0
26 6 29 12 0
7 25 12 29 0
25 7 12 29 0
7 25 29 12 0
25 7 29 12 0
8 24 12 29 0
24 8 12 29 0
8 24 29 12 0
24 8 29 12 0
9 23 12 29 0
23 9 12 29 0
9 23 29 12 0
23 9 29 12 0
10 22 12 29 1
22 10 12 29 1
10 22 29 12 1
22 10 29 12 1
11 21 12 29 4
21 11 12 29 4
11 21 29 12 4
21 11 29 12 4
7 25 11 30 0
25 7 11 30 0
7 25 30 11 0
25 7 30 11 0
8 24 11 30 0
24 8 11 30 0
8 24 30 11 0
24 8 30 11 0
9 23 11 30 0
23 9 11 30 0
9 23 30 11 0
23 9 30 11 0
10 22 11 30 0
22 10 11 30 0
10 22 30 11 0
22 10 30 11 0
11 21 11 30 0
21 11 11 30 0
11 21 30 11 0
21 11 30 11 0
12 20 11 30 2
20 12 11 30 2
12 20 30 11 2
20 12 30 11 2
12 20 12 29 14
20 12 12 29 14
12 20 29 12 14
20 12 29 12 14
12 20 13 28 51
20 12 13 28 51
12 20 28 13 51
20 12 28 13 51
12 20 14 27 143
20 12 14 27 143
12 20 27 14 143
20 12 27 14 143
12 20 15 26 318
20 12 15 26 318
12 20 26 15 318
20 12 26 15 318
12 20 16 25 598
20 12 16 25 598
12 20 25 16 598
20 12 25 16 598
12 20 17 24 966
20 12 17 24 966
12 20 24 17 966
20 12 24 17 966
12 20 18 23 1373
20 12 18 23 1373
12 20 23 18 1373
20 12 23 18 1373
12 20 19 22 1725
20 12 19 22 1725
12 20 22 19 1725
20 12 22 19 1725
12 20 20 21 1931
20 12 20 21 1931
12 20 21 20 1931
20 12 21 20 1931
13 19 12 29 35
19 13 12 29 35
13 19 29 12 35
19 13 29 12 35
13 19 13 28 112
19 13 13 28 112
13 19 28 13 112
19 13 28 13 112
13 19 14 27 289
19 13 14 27 289
13 19 27 14 289
19 13 27 14 289
13 19 15 26 609
19 13 15 26 609
13 19 26 15 609
19 13 26 15 609
13 19 16 25 1103
19 13 16 25 1103
13 19 25 16 1103
19 13 25 16 1103
13 19 17 24 1735
19 13 17 24 1735
13 19 24 17 1735
19 13 24 17 1735
13 19 18 23 2421
19 13 18 23 2421
13 19 23 18 2421
19 13 23 18 2421
13 19 19 22 3007
19 13 19 22 3007
13 19 22 19 3007
19 13 22 19 3007
13 19 20 21 3348
19 13 20 21 3348
13 19 21 20 3348
19 13 21 20 3348
13 19 11 30 7
19 13 11 30 7
13 19 30 11 7
19 13 30 11 7
14 18 11 30 14
18 14 11 30 14
14 18 30 11 14
18 14 30 11 14
14 18 12 29 62
18 14 12 29 62
14 18 29 12 62
18 14 29 12 62
14 18 13 28 188
18 14 13 28 188
14 18 28 13 188
18 14 28 13 188
14 18 14 27 462
18 14 14 27 462
14 18 27 14 462
18 14 27 14 462
14 18 15 26 946
18 14 15 26 946
14 18 26 15 946
18 14 26 15 946
14 18 16 25 1674
18 14 16 25 1674
14 18 25 16 1674
18 14 25 16 1674
14 18 17 24 2593
18 14 17 24 2593
14 18 24 17 2593
18 14 24 17 2593
14 18 18 23 3576
18 14 18 23 3576
14 18 23 18 3576
18 14 23 18 3576
14 18 19 22 4411
18 14 19 22 4411
14 18 22 19 4411
18 14 22 19 4411
14 18 20 21 4894
18 14 20 21 4894
14 18 21 20 4894
18 14 21 20 4894
15 17 13 28 257
17 15 13 28 257
15 17 28 13 257
17 15 28 13 257
15 17 14 27 614
17 15 14 27 614
15 17 27 14 614
17 15 27 14 614
15 17 15 26 1231
17 15 15 26 1231
15 17 26 15 1231
17 15 26 15 1231
15 17 16 25 2148
17 15 16 25 2148
15 17 25 16 2148
17 15 25 16 2148
15 17 17 24 3294
17 15 17 24 3294
15 17 24 17 3294
17 15 24 17 3294
15 17 18 23 4512
17 15 18 23 4512
15 17 23 18 4512
17 15 23 18 4512
15 17 19 22 5541
17 15 19 22 5541
15 17 22 19 5541
17 15 22 19 5541
15 17 20 21 6134
17 15 20 21 6134
15 17 21 20 6134
17 15 21 20 6134
15 17 12 29 89
17 15 12 29 89
15 17 29 12 89
17 15 29 12 89
16 16 13 28 281
16 16 28 13 281
16 16 14 27 668
16 16 27 14 668
16 16 15 26 1336
16 16 26 15 1336
16 16 16 25 2323
16 16 25 16 2323
16 16 17 24 3555
16 16 24 17 3555
16 16 18 23 4860
16 16 23 18 4860
16 16 19 22 5962
16 16 22 19 5962
16 16 20 21 6596
16 16 21 20 6596
7 25 10 31 0
25 7 10 31 0
7 25 31 10 0
25 7 31 10 0
8 24 10 31 0
24 8 10 31 0
8 24 31 10 0
24 8 31 10 0
9 23 10 31 0
23 9 10 31 0
9 23 31 10 0
23 9 31 10 0
10 22 10 31 0
22 10 10 31 0
10 22 31 10 0
22 10 31 10 0
11 21 10 31 0
21 11 10 31 0
11 21 31 10 0
21 11 31 10 0
12 20 10 31 0
20 12 10 31 0
12 20 31 10 0
20 12 31 10 0
8 24 9 32 0
24 8 9 32 0
8 24 32 9 0
24 8 32 9 0
9 23 9 32 0
23 9 9 32 0
9 23 32 9 0
23 9 32 9 0
10 22 9 32 0
22 10 9 32 0
10 22 32 9 0
22 10 32 9 0
11 21 9 32 0
21 11 9 32 0
11 21 32 9 0
21 11 32 9 0
12 20 9 32 0
20 12 9 32 0
12 20 32 9 0
20 12 32 9 0
13 19 9 32 0
19 13 9 32 0
13 19 32 9 0
19 13 32 9 0
13 19 10 31 1
19 13 10 31 1
13 19 31 10 1
19 13 31 10 1
14 18 10 31 2
18 14 10 31 2
14 18 31 10 2
18 14 31 10 2
9 23 8 33 0
23 9 8 33 0
9 23 33 8 0
23 9 33 8 0
10 22 8 33 0
22 10 8 33 0
10 22 33 8 0
22 10 33 8 0
11 21 8 33 0
21 11 8 33 0
11 21 33 8 0
21 11 33 8 0
12 20 8 33 0
20 12 8 33 0
12 20 33 8 0
20 12 33 8 0
13 19 8 33 0
19 13 8 33 0
13 19 33 8 0
19 13 33 8 0
14 18 8 33 0
18 14 8 33 0
14 18 33 8 0
18 14 33 8 0
14 18 9 32 0
18 14 9 32 0
14 18 32 9 0
18 14 32 9 0
15 17 8 33 0
17 15 8 33 0
15 17 33 8 0
17 15 33 8 0
15 17 9 32 0
17 15 9 32 0
15 17 32 9 0
17 15 32 9 0
15 17 10 31 4
17 15 10 31 4
15 17 31 10 4
17 15 31 10 4
15 17 11 30 22
17 15 11 30 22
15 17 30 11 22
17 15 30 11 22
16 16 10 31 4
16 16 31 10 4
16 16 11 30 24
16 16 30 11 24
16 16 12 29 97
16 16 29 12 97
16 16 8 33 0
16 16 33 8 0
16 16 9 32 0
16 16 32 9 0
10 22 7 34 0
22 10 7 34 0
10 22 34 7 0
22 10 34 7 0
11 21 7 34 0
21 11 7 34 0
11 21 34 7 0
21 11 34 7 0
12 20 7 34 0
20 12 7 34 0
12 20 34 7 0
20 12 34 7 0
13 19 7 34 0
19 13 7 34 0
13 19 34 7 0
19 13 34 7 0
14 18 7 34 0
18 14 7 34 0
14 18 34 7 0
18 14 34 7 0
15 17 7 34 0
17 15 7 34 0
15 17 34 7 0
17 15 34 7 0
16 16 7 34 0
16 16 34 7 0
12 20 6 35 0
20 12 6 35 0
12 20 35 6 0
20 12 35 6 0
13 19 6 35 0
19 13 6 35 0
13 19 35 6 0
19 13 35 6 0
14 18 6 35 0
18 14 6 35 0
14 18 35 6 0
18 14 35 6 0
15 17 6 35 0
17 15 6 35 0
15 17 35 6 0
17 15 35 6 0
16 16 6 35 0
16 16 35 6 0
