24 35 33 44 0
35 24 33 44 0
24 35 44 33 0
35 24 44 33 0
24 35 34 43 0
35 24 34 43 0
24 35 43 34 0
35 24 43 34 0
24 35 35 42 0
35 24 35 42 0
24 35 42 35 0
35 24 42 35 0
24 35 36 41 0
35 24 36 41 0
24 35 41 36 0
35 24 41 36 0
24 35 37 40 0
35 24 37 40 0
24 35 40 37 0
35 24 40 37 0
24 35 38 39 0
35 24 38 39 0
24 35 39 38 0
35 24 39 38 0
25 34 33 44 0
34 25 33 44 0
25 34 44 33 0
34 25 44 33 0
25 34 34 43 0
34 25 34 43 0
25 34 43 34 0
34 25 43 34 0
25 34 35 42 0
34 25 35 42 0
25 34 42 35 0
34 25 42 35 0
25 34 36 41 0
34 25 36 41 0
25 34 41 36 0
34 25 41 36 0
25 34 37 40 0
34 25 37 40 0
25 34 40 37 0
34 25 40 37 0
25 34 38 39 0
34 25 38 39 0
25 34 39 38 0
34 25 39 38 0
26 33 33 44 0
33 26 33 44 0
26 33 44 33 0
33 26 44 33 0
26 33 34 43 0
33 26 34 43 0
26 33 43 34 0
33 26 43 34 0
26 33 35 42 0
33 26 35 42 0
26 33 42 35 0
33 26 42 35 0
26 33 36 41 0
33 26 36 41 0
26 33 41 36 0
33 26 41 36 0
26 33 37 40 0
33 26 37 40 0
26 33 40 37 0
33 26 40 37 0
26 33 38 39 0
33 26 38 39 0
26 33 39 38 0
33 26 39 38 0
27 32 33 44 0
32 27 33 44 0
27 32 44 33 0
32 27 44 33 0
27 32 34 43 0
32 27 34 43 0
27 32 43 34 0
32 27 43 34 0
27 32 35 42 0
32 27 35 42 0
27 32 42 35 0
32 27 42 35 0
27 32 36 41 0
32 27 36 41 0
27 32 41 36 0
32 27 41 36 0
27 32 37 40 0
32 27 37 40 0
27 32 40 37 0
32 27 40 37 0
27 32 38 39 0
32 27 38 39 0
27 32 39 38 0
32 27 39 38 0
28 31 33 44 0
31 28 33 44 0
28 31 44 33 0
31 28 44 33 0
28 31 34 43 0
31 28 34 43 0
28 31 43 34 0
31 28 43 34 0
28 31 35 42 0
31 28 35 42 0
28 31 42 35 0
31 28 42 35 0
28 31 36 41 0
31 28 36 41 0
28 31 41 36 0
31 28 41 36 0
28 31 37 40 0
31 28 37 40 0
28 31 40 37 0
31 28 40 37 0
28 31 38 39 0
31 28 38 39 0
28 31 39 38 0
31 28 39 38 0
29 30 33 44 0
30 29 33 44 0
29 30 44 33 0
30 29 44 33 0
29 30 34 43 0
30 29 34 43 0
29 30 43 34 0
30 29 43 34 0
29 30 35 42 0
30 29 35 42 0
29 30 42 35 0
30 29 42 35 0
29 30 36 41 0
30 29 36 41 0
29 30 41 36 0
30 29 41 36 0
29 30 37 40 0
30 29 37 40 0
29 30 40 37 0
30 29 40 37 0
29 30 38 39 0
30 29 38 39 0
29 30 39 38 0
30 29 39 38 0
25 34 32 45 0
34 25 32 45 0
25 34 45 32 0
34 25 45 32 0
26 33 32 45 0
33 26 32 45 0
26 33 45 32 0
33 26 45 32 0
27 32 32 45 0
32 27 32 45 0
27 32 45 32 0
32 27 45 32 0
28 31 32 45 0
31 28 32 45 0
28 31 45 32 0
31 28 45 32 0
29 30 32 45 0
30 29 32 45 0
29 30 45 32 0
30 29 45 32 0
