15 35 30 35 0
35 15 30 35 0
15 35 35 30 0
35 15 35 30 0
15 35 31 34 0
35 15 31 34 0
15 35 34 31 0
35 15 34 31 0
15 35 32 33 0
35 15 32 33 0
15 35 33 32 0
35 15 33 32 0
16 34 30 35 0
34 16 30 35 0
16 34 35 30 0
34 16 35 30 0
16 34 31 34 0
34 16 31 34 0
16 34 34 31 0
34 16 34 31 0
16 34 32 33 0
34 16 32 33 0
16 34 33 32 0
34 16 33 32 0
17 33 30 35 0
33 17 30 35 0
17 33 35 30 0
33 17 35 30 0
17 33 31 34 0
33 17 31 34 0
17 33 34 31 0
33 17 34 31 0
17 33 32 33 0
33 17 32 33 0
17 33 33 32 0
33 17 33 32 0
18 32 30 35 0
32 18 30 35 0
18 32 35 30 0
32 18 35 30 0
18 32 31 34 0
32 18 31 34 0
18 32 34 31 0
32 18 34 31 0
18 32 32 33 0
32 18 32 33 0
18 32 33 32 0
32 18 33 32 0
19 31 30 35 0
31 19 30 35 0
19 31 35 30 0
31 19 35 30 0
19 31 31 34 0
31 19 31 34 0
19 31 34 31 0
31 19 34 31 0
19 31 32 33 0
31 19 32 33 0
19 31 33 32 0
31 19 33 32 0
20 30 30 35 0
30 20 30 35 0
20 30 35 30 0
30 20 35 30 0
20 30 31 34 0
30 20 31 34 0
20 30 34 31 0
30 20 34 31 0
20 30 32 33 0
30 20 32 33 0
20 30 33 32 0
30 20 33 32 0
16 34 26 39 0
34 16 26 39 0
16 34 39 26 0
34 16 39 26 0
16 34 27 38 0
34 16 27 38 0
16 34 38 27 0
34 16 38 27 0
16 34 28 37 0
34 16 28 37 0
16 34 37 28 0
34 16 37 28 0
16 34 29 36 0
34 16 29 36 0
16 34 36 29 0
34 16 36 29 0
17 33 26 39 0
33 17 26 39 0
17 33 39 26 0
33 17 39 26 0
17 33 27 38 0
33 17 27 38 0
17 33 38 27 0
33 17 38 27 0
17 33 28 37 0
33 17 28 37 0
17 33 37 28 0
33 17 37 28 0
17 33 29 36 0
33 17 29 36 0
17 33 36 29 0
33 17 36 29 0
18 32 26 39 0
32 18 26 39 0
18 32 39 26 0
32 18 39 26 0
18 32 27 38 0
32 18 27 38 0
18 32 38 27 0
32 18 38 27 0
18 32 28 37 0
32 18 28 37 0
18 32 37 28 0
32 18 37 28 0
18 32 29 36 0
32 18 29 36 0
18 32 36 29 0
32 18 36 29 0
19 31 26 39 0
31 19 26 39 0
19 31 39 26 0
31 19 39 26 0
19 31 27 38 0
31 19 27 38 0
19 31 38 27 0
31 19 38 27 0
19 31 28 37 0
31 19 28 37 0
19 31 37 28 0
31 19 37 28 0
19 31 29 36 0
31 19 29 36 0
19 31 36 29 0
31 19 36 29 0
20 30 26 39 0
30 20 26 39 0
20 30 39 26 0
30 20 39 26 0
20 30 27 38 0
30 20 27 38 0
20 30 38 27 0
30 20 38 27 0
20 30 28 37 0
30 20 28 37 0
20 30 37 28 0
30 20 37 28 0
20 30 29 36 0
30 20 29 36 0
20 30 36 29 0
30 20 36 29 0
21 29 26 39 0
29 21 26 39 0
21 29 39 26 0
29 21 39 26 0
21 29 27 38 0
29 21 27 38 0
21 29 38 27 0
29 21 38 27 0
21 29 28 37 0
29 21 28 37 0
21 29 37 28 0
29 21 37 28 0
21 29 29 36 1
29 21 29 36 1
21 29 36 29 1
29 21 36 29 1
21 29 30 35 2
29 21 30 35 2
21 29 35 30 2
29 21 35 30 2
21 29 31 34 4
29 21 31 34 4
21 29 34 31 4
29 21 34 31 4
21 29 32 33 5
29 21 32 33 5
21 29 33 32 5
29 21 33 32 5
17 33 24 41 0
33 17 24 41 0
17 33 41 24 0
33 17 41 24 0
17 33 25 40 0
33 17 25 40 0
17 33 40 25 0
33 17 40 25 0
18 32 24 41 0
32 18 24 41 0
18 32 41 24 0
32 18 41 24 0
18 32 25 40 0
32 18 25 40 0
18 32 40 25 0
32 18 40 25 0
19 31 24 41 0
31 19 24 41 0
19 31 41 24 0
31 19 41 24 0
19 31 25 40 0
31 19 25 40 0
19 31 40 25 0
31 19 40 25 0
20 30 24 41 0
30 20 24 41 0
20 30 41 24 0
30 20 41 24 0
20 30 25 40 0
30 20 25 40 0
20 30 40 25 0
30 20 40 25 0
21 29 24 41 0
29 21 24 41 0
21 29 41 24 0
29 21 41 24 0
21 29 25 40 0
29 21 25 40 0
21 29 40 25 0
29 21 40 25 0
22 28 24 41 0
28 22 24 41 0
22 28 41 24 0
28 22 41 24 0
22 28 25 40 0
28 22 25 40 0
22 28 40 25 0
28 22 40 25 0
22 28 26 39 0
28 22 26 39 0
22 28 39 26 0
28 22 39 26 0
22 28 27 38 1
28 22 27 38 1
22 28 38 27 1
28 22 38 27 1
22 28 28 37 3
28 22 28 37 3
22 28 37 28 3
28 22 37 28 3
22 28 29 36 7
28 22 29 36 7
22 28 36 29 7
28 22 36 29 7
22 28 30 35 12
28 22 30 35 12
22 28 35 30 12
28 22 35 30 12
22 28 31 34 18
28 22 31 34 18
22 28 34 31 18
28 22 34 31 18
22 28 32 33 21
28 22 32 33 21
22 28 33 32 21
28 22 33 32 21
23 27 24 41 0
27 23 24 41 0
23 27 41 24 0
27 23 41 24 0
23 27 25 40 0
27 23 25 40 0
23 27 40 25 0
27 23 40 25 0
23 27 26 39 0
27 23 26 39 0
23 27 39 26 0
27 23 39 26 0
23 27 27 38 3
27 23 27 38 3
23 27 38 27 3
27 23 38 27 3
23 27 28 37 8
27 23 28 37 8
23 27 37 28 8
27 23 37 28 8
23 27 29 36 17
27 23 29 36 17
23 27 36 29 17
27 23 36 29 17
23 27 30 35 28
27 23 30 35 28
23 27 35 30 28
27 23 35 30 28
23 27 31 34 40
27 23 31 34 40
23 27 34 31 40
27 23 34 31 40
23 27 32 33 46
27 23 32 33 46
23 27 33 32 46
27 23 33 32 46
24 26 26 39 1
26 24 26 39 1
24 26 39 26 1
26 24 39 26 1
24 26 27 38 6
26 24 27 38 6
24 26 38 27 6
26 24 38 27 6
24 26 28 37 15
26 24 28 37 15
24 26 37 28 15
26 24 37 28 15
24 26 29 36 29
26 24 29 36 29
24 26 36 29 29
26 24 36 29 29
24 26 30 35 47
26 24 30 35 47
24 26 35 30 47
26 24 35 30 47
24 26 31 34 65
26 24 31 34 65
24 26 34 31 65
26 24 34 31 65
24 26 32 33 74
26 24 32 33 74
24 26 33 32 74
26 24 33 32 74
25 25 30 35 53
25 25 35 30 53
25 25 31 34 73
25 25 34 31 73
25 25 32 33 83
25 25 33 32 83
18 32 23 42 0
32 18 23 42 0
18 32 42 23 0
32 18 42 23 0
19 31 23 42 0
31 19 23 42 0
19 31 42 23 0
31 19 42 23 0
20 30 23 42 0
30 20 23 42 0
20 30 42 23 0
30 20 42 23 0
21 29 23 42 0
29 21 23 42 0
21 29 42 23 0
29 21 42 23 0
22 28 23 42 0
28 22 23 42 0
22 28 42 23 0
28 22 42 23 0
23 27 23 42 0
27 23 23 42 0
23 27 42 23 0
27 23 42 23 0
19 31 22 43 0
31 19 22 43 0
19 31 43 22 0
31 19 43 22 0
20 30 22 43 0
30 20 22 43 0
20 30 43 22 0
30 20 43 22 0
21 29 22 43 0
29 21 22 43 0
21 29 43 22 0
29 21 43 22 0
22 28 22 43 0
28 22 22 43 0
22 28 43 22 0
28 22 43 22 0
23 27 22 43 0
27 23 22 43 0
23 27 43 22 0
27 23 43 22 0
24 26 22 43 0
26 24 22 43 0
24 26 43 22 0
26 24 43 22 0
24 26 23 42 0
26 24 23 42 0
24 26 42 23 0
26 24 42 23 0
24 26 24 41 0
26 24 24 41 0
24 26 41 24 0
26 24 41 24 0
24 26 25 40 0
26 24 25 40 0
24 26 40 25 0
26 24 40 25 0
25 25 23 42 0
25 25 42 23 0
25 25 24 41 0
25 25 41 24 0
25 25 25 40 0
25 25 40 25 0
25 25 26 39 1
25 25 39 26 1
25 25 27 38 7
25 25 38 27 7
25 25 28 37 17
25 25 37 28 17
25 25 29 36 33
25 25 36 29 33
25 25 22 43 0
25 25 43 22 0
21 29 21 44 0
29 21 21 44 0
21 29 44 21 0
29 21 44 21 0
22 28 21 44 0
28 22 21 44 0
22 28 44 21 0
28 22 44 21 0
23 27 21 44 0
27 23 21 44 0
23 27 44 21 0
27 23 44 21 0
24 26 21 44 0
26 24 21 44 0
24 26 44 21 0
26 24 44 21 0
25 25 21 44 0
25 25 44 21 0
