1 19 10 15 0
19 1 10 15 0
1 19 15 10 0
19 1 15 10 0
1 19 11 14 0
19 1 11 14 0
1 19 14 11 0
19 1 14 11 0
2 18 10 15 0
18 2 10 15 0
2 18 15 10 0
18 2 15 10 0
2 18 11 14 0
18 2 11 14 0
2 18 14 11 0
18 2 14 11 0
3 17 10 15 0
17 3 10 15 0
3 17 15 10 0
17 3 15 10 0
3 17 11 14 0
17 3 11 14 0
3 17 14 11 0
17 3 14 11 0
1 19 12 13 0
19 1 12 13 0
1 19 13 12 0
19 1 13 12 0
2 18 12 13 0
18 2 12 13 0
2 18 13 12 0
18 2 13 12 0
3 17 12 13 0
17 3 12 13 0
3 17 13 12 0
17 3 13 12 0
4 16 10 15 0
16 4 10 15 0
4 16 15 10 0
16 4 15 10 0
4 16 11 14 0
16 4 11 14 0
4 16 14 11 0
16 4 14 11 0
4 16 12 13 0
16 4 12 13 0
4 16 13 12 0
16 4 13 12 0
5 15 10 15 0
15 5 10 15 0
5 15 15 10 0
15 5 15 10 0
5 15 11 14 0
15 5 11 14 0
5 15 14 11 0
15 5 14 11 0
5 15 12 13 0
15 5 12 13 0
5 15 13 12 0
15 5 13 12 0
2 18 7 18 0
18 2 7 18 0
2 18 18 7 0
18 2 18 7 0
2 18 8 17 0
18 2 8 17 0
2 18 17 8 0
18 2 17 8 0
3 17 7 18 0
17 3 7 18 0
3 17 18 7 0
17 3 18 7 0
3 17 8 17 0
17 3 8 17 0
3 17 17 8 0
17 3 17 8 0
4 16 7 18 0
16 4 7 18 0
4 16 18 7 0
16 4 18 7 0
4 16 8 17 0
16 4 8 17 0
4 16 17 8 0
16 4 17 8 0
2 18 9 16 0
18 2 9 16 0
2 18 16 9 0
18 2 16 9 0
3 17 9 16 0
17 3 9 16 0
3 17 16 9 0
17 3 16 9 0
4 16 9 16 0
16 4 9 16 0
4 16 16 9 0
16 4 16 9 0
3 17 6 19 0
17 3 6 19 0
3 17 19 6 0
17 3 19 6 0
4 16 6 19 0
16 4 6 19 0
4 16 19 6 0
16 4 19 6 0
5 15 6 19 0
15 5 6 19 0
5 15 19 6 0
15 5 19 6 0
5 15 7 18 0
15 5 7 18 0
5 15 18 7 0
15 5 18 7 0
5 15 8 17 0
15 5 8 17 0
5 15 17 8 0
15 5 17 8 0
5 15 9 16 0
15 5 9 16 0
5 15 16 9 0
15 5 16 9 0
6 14 6 19 0
14 6 6 19 0
6 14 19 6 0
14 6 19 6 0
6 14 7 18 0
14 6 7 18 0
6 14 18 7 0
14 6 18 7 0
6 14 8 17 0
14 6 8 17 0
6 14 17 8 0
14 6 17 8 0
6 14 9 16 0
14 6 9 16 0
6 14 16 9 0
14 6 16 9 0
6 14 10 15 0
14 6 10 15 0
6 14 15 10 0
14 6 15 10 0
6 14 11 14 0
14 6 11 14 0
6 14 14 11 0
14 6 14 11 0
6 14 12 13 0
14 6 12 13 0
6 14 13 12 0
14 6 13 12 0
7 13 6 19 0
13 7 6 19 0
7 13 19 6 0
13 7 19 6 0
7 13 7 18 0
13 7 7 18 0
7 13 18 7 0
13 7 18 7 0
7 13 8 17 0
13 7 8 17 0
7 13 17 8 0
13 7 17 8 0
7 13 9 16 0
13 7 9 16 0
7 13 16 9 0
13 7 16 9 0
7 13 10 15 0
13 7 10 15 0
7 13 15 10 0
13 7 15 10 0
7 13 11 14 0
13 7 11 14 0
7 13 14 11 0
13 7 14 11 0
7 13 12 13 0
13 7 12 13 0
7 13 13 12 0
13 7 13 12 0
8 12 7 18 0
12 8 7 18 0
8 12 18 7 0
12 8 18 7 0
8 12 8 17 0
12 8 8 17 0
8 12 17 8 0
12 8 17 8 0
8 12 9 16 0
12 8 9 16 0
8 12 16 9 0
12 8 16 9 0
8 12 10 15 0
12 8 10 15 0
8 12 15 10 0
12 8 15 10 0
8 12 11 14 0
12 8 11 14 0
8 12 14 11 0
12 8 14 11 0
8 12 12 13 0
12 8 12 13 0
8 12 13 12 0
12 8 13 12 0
4 16 4 21 0
16 4 4 21 0
4 16 21 4 0
16 4 21 4 0
4 16 5 20 0
16 4 5 20 0
4 16 20 5 0
16 4 20 5 0
5 15 4 21 0
15 5 4 21 0
5 15 21 4 0
15 5 21 4 0
5 15 5 20 0
15 5 5 20 0
5 15 20 5 0
15 5 20 5 0
6 14 4 21 0
14 6 4 21 0
6 14 21 4 0
14 6 21 4 0
6 14 5 20 0
14 6 5 20 0
6 14 20 5 0
14 6 20 5 0
7 13 4 21 0
13 7 4 21 0
7 13 21 4 0
13 7 21 4 0
7 13 5 20 0
13 7 5 20 0
7 13 20 5 0
13 7 20 5 0
6 14 3 22 0
14 6 3 22 0
6 14 22 3 0
14 6 22 3 0
7 13 3 22 0
13 7 3 22 0
7 13 22 3 0
13 7 22 3 0
8 12 3 22 0
12 8 3 22 0
8 12 22 3 0
12 8 22 3 0
8 12 4 21 0
12 8 4 21 0
8 12 21 4 0
12 8 21 4 0
8 12 5 20 0
12 8 5 20 0
8 12 20 5 0
12 8 20 5 0
8 12 6 19 0
12 8 6 19 0
8 12 19 6 0
12 8 19 6 0
9 11 4 21 0
11 9 4 21 0
9 11 21 4 0
11 9 21 4 0
9 11 5 20 0
11 9 5 20 0
9 11 20 5 0
11 9 20 5 0
9 11 6 19 0
11 9 6 19 0
9 11 19 6 0
11 9 19 6 0
9 11 7 18 0
11 9 7 18 0
9 11 18 7 0
11 9 18 7 0
9 11 8 17 0
11 9 8 17 0
9 11 17 8 0
11 9 17 8 0
9 11 9 16 0
11 9 9 16 0
9 11 16 9 0
11 9 16 9 0
9 11 10 15 0
11 9 10 15 0
9 11 15 10 0
11 9 15 10 0
9 11 11 14 0
11 9 11 14 0
9 11 14 11 0
11 9 14 11 0
9 11 12 13 0
11 9 12 13 0
9 11 13 12 0
11 9 13 12 0
10 10 4 21 0
10 10 21 4 0
10 10 5 20 0
10 10 20 5 0
10 10 6 19 0
10 10 19 6 0
10 10 7 18 0
10 10 18 7 0
10 10 8 17 0
10 10 17 8 0
10 10 9 16 0
10 10 16 9 0
10 10 10 15 0
10 10 15 10 0
10 10 11 14 0
10 10 14 11 0
10 10 12 13 0
10 10 13 12 0
7 13 2 23 0
13 7 2 23 0
7 13 23 2 0
13 7 23 2 0
8 12 2 23 0
12 8 2 23 0
8 12 23 2 0
12 8 23 2 0
9 11 2 23 0
11 9 2 23 0
9 11 23 2 0
11 9 23 2 0
9 11 3 22 0
11 9 3 22 0
9 11 22 3 0
11 9 22 3 0
10 10 3 22 0
10 10 22 3 0
10 10 2 23 0
10 10 23 2 0
