0 14 6 11 0
14 0 6 11 0
0 14 11 6 0
14 0 11 6 0
0 14 7 10 0
14 0 7 10 0
0 14 10 7 0
14 0 10 7 0
1 13 6 11 0
13 1 6 11 0
1 13 11 6 0
13 1 11 6 0
1 13 7 10 0
13 1 7 10 0
1 13 10 7 0
13 1 10 7 0
2 12 6 11 0
12 2 6 11 0
2 12 11 6 0
12 2 11 6 0
2 12 7 10 0
12 2 7 10 0
2 12 10 7 0
12 2 10 7 0
0 14 8 9 0
14 0 8 9 0
0 14 9 8 0
14 0 9 8 0
1 13 8 9 0
13 1 8 9 0
1 13 9 8 0
13 1 9 8 0
2 12 8 9 0
12 2 8 9 0
2 12 9 8 0
12 2 9 8 0
1 13 3 14 0
13 1 3 14 0
1 13 14 3 0
13 1 14 3 0
1 13 4 13 0
13 1 4 13 0
1 13 13 4 0
13 1 13 4 0
2 12 3 14 0
12 2 3 14 0
2 12 14 3 0
12 2 14 3 0
2 12 4 13 0
12 2 4 13 0
2 12 13 4 0
12 2 13 4 0
3 11 3 14 0
11 3 3 14 0
3 11 14 3 0
11 3 14 3 0
3 11 4 13 1
11 3 4 13 1
3 11 13 4 1
11 3 13 4 1
1 13 5 12 0
13 1 5 12 0
1 13 12 5 0
13 1 12 5 0
2 12 5 12 0
12 2 5 12 0
2 12 12 5 0
12 2 12 5 0
3 11 5 12 2
11 3 5 12 2
3 11 12 5 2
11 3 12 5 2
3 11 6 11 3
11 3 6 11 3
3 11 11 6 3
11 3 11 6 3
3 11 7 10 4
11 3 7 10 4
3 11 10 7 4
11 3 10 7 4
3 11 8 9 5
11 3 8 9 5
3 11 9 8 5
11 3 9 8 5
4 10 3 14 2
10 4 3 14 2
4 10 14 3 2
10 4 14 3 2
4 10 4 13 5
10 4 4 13 5
4 10 13 4 5
10 4 13 4 5
4 10 5 12 9
10 4 5 12 9
4 10 12 5 9
10 4 12 5 9
4 10 6 11 14
10 4 6 11 14
4 10 11 6 14
10 4 11 6 14
4 10 7 10 18
10 4 7 10 18
4 10 10 7 18
10 4 10 7 18
4 10 8 9 21
10 4 8 9 21
4 10 9 8 21
10 4 9 8 21
5 9 3 14 5
9 5 3 14 5
5 9 14 3 5
9 5 14 3 5
5 9 4 13 12
9 5 4 13 12
5 9 13 4 12
9 5 13 4 12
5 9 5 12 22
9 5 5 12 22
5 9 12 5 22
9 5 12 5 22
5 9 6 11 34
9 5 6 11 34
5 9 11 6 34
9 5 11 6 34
5 9 7 10 44
9 5 7 10 44
5 9 10 7 44
9 5 10 7 44
5 9 8 9 51
9 5 8 9 51
5 9 9 8 51
9 5 9 8 51
2 12 2 15 0
12 2 2 15 0
2 12 15 2 0
12 2 15 2 0
3 11 2 15 0
11 3 2 15 0
3 11 15 2 0
11 3 15 2 0
4 10 2 15 1
10 4 2 15 1
4 10 15 2 1
10 4 15 2 1
3 11 1 16 0
11 3 1 16 0
3 11 16 1 0
11 3 16 1 0
4 10 1 16 0
10 4 1 16 0
4 10 16 1 0
10 4 16 1 0
5 9 1 16 0
9 5 1 16 0
5 9 16 1 0
9 5 16 1 0
5 9 2 15 2
9 5 2 15 2
5 9 15 2 2
9 5 15 2 2
6 8 1 16 0
8 6 1 16 0
6 8 16 1 0
8 6 16 1 0
6 8 2 15 3
8 6 2 15 3
6 8 15 2 3
8 6 15 2 3
6 8 3 14 8
8 6 3 14 8
6 8 14 3 8
8 6 14 3 8
6 8 4 13 19
8 6 4 13 19
6 8 13 4 19
8 6 13 4 19
6 8 5 12 35
8 6 5 12 35
6 8 12 5 35
8 6 12 5 35
6 8 6 11 54
8 6 6 11 54
6 8 11 6 54
8 6 11 6 54
6 8 7 10 70
8 6 7 10 70
6 8 10 7 70
8 6 10 7 70
6 8 8 9 81
8 6 8 9 81
6 8 9 8 81
8 6 9 8 81
7 7 1 16 0
7 7 16 1 0
7 7 2 15 3
7 7 15 2 3
7 7 3 14 9
7 7 14 3 9
7 7 4 13 22
7 7 13 4 22
7 7 5 12 41
7 7 12 5 41
7 7 6 11 63
7 7 11 6 63
7 7 7 10 82
7 7 10 7 82
7 7 8 9 95
7 7 9 8 95
6 8 0 17 0
8 6 0 17 0
6 8 17 0 0
8 6 17 0 0
7 7 0 17 0
7 7 17 0 0
