2 24 11 22 0
24 2 11 22 0
2 24 22 11 0
24 2 22 11 0
2 24 12 21 0
24 2 12 21 0
2 24 21 12 0
24 2 21 12 0
2 24 13 20 0
24 2 13 20 0
2 24 20 13 0
24 2 20 13 0
2 24 14 19 0
24 2 14 19 0
2 24 19 14 0
24 2 19 14 0
2 24 15 18 0
24 2 15 18 0
2 24 18 15 0
24 2 18 15 0
2 24 16 17 0
24 2 16 17 0
2 24 17 16 0
24 2 17 16 0
3 23 11 22 0
23 3 11 22 0
3 23 22 11 0
23 3 22 11 0
3 23 12 21 0
23 3 12 21 0
3 23 21 12 0
23 3 21 12 0
3 23 13 20 0
23 3 13 20 0
3 23 20 13 0
23 3 20 13 0
3 23 14 19 0
23 3 14 19 0
3 23 19 14 0
23 3 19 14 0
3 23 15 18 0
23 3 15 18 0
3 23 18 15 0
23 3 18 15 0
3 23 16 17 0
23 3 16 17 0
3 23 17 16 0
23 3 17 16 0
4 22 11 22 0
22 4 11 22 0
4 22 22 11 0
22 4 22 11 0
4 22 12 21 0
22 4 12 21 0
4 22 21 12 0
22 4 21 12 0
4 22 13 20 0
22 4 13 20 0
4 22 20 13 0
22 4 20 13 0
4 22 14 19 1
22 4 14 19 1
4 22 19 14 1
22 4 19 14 1
4 22 15 18 2
22 4 15 18 2
4 22 18 15 2
22 4 18 15 2
4 22 16 17 2
22 4 16 17 2
4 22 17 16 2
22 4 17 16 2
5 21 11 22 1
21 5 11 22 1
5 21 22 11 1
21 5 22 11 1
5 21 12 21 3
21 5 12 21 3
5 21 21 12 3
21 5 21 12 3
5 21 13 20 6
21 5 13 20 6
5 21 20 13 6
21 5 20 13 6
5 21 14 19 11
21 5 14 19 11
5 21 19 14 11
21 5 19 14 11
5 21 15 18 17
21 5 15 18 17
5 21 18 15 17
21 5 18 15 17
5 21 16 17 19
21 5 16 17 19
5 21 17 16 19
21 5 17 16 19
6 20 11 22 6
20 6 11 22 6
6 20 22 11 6
20 6 22 11 6
6 20 12 21 16
20 6 12 21 16
6 20 21 12 16
20 6 21 12 16
6 20 13 20 32
20 6 13 20 32
6 20 20 13 32
20 6 20 13 32
6 20 14 19 53
20 6 14 19 53
6 20 19 14 53
20 6 19 14 53
6 20 15 18 74
20 6 15 18 74
6 20 18 15 74
20 6 18 15 74
6 20 16 17 85
20 6 16 17 85
6 20 17 16 85
20 6 17 16 85
7 19 11 22 27
19 7 11 22 27
7 19 22 11 27
19 7 22 11 27
7 19 12 21 62
19 7 12 21 62
7 19 21 12 62
19 7 21 12 62
7 19 13 20 114
19 7 13 20 114
7 19 20 13 114
19 7 20 13 114
7 19 14 19 176
19 7 14 19 176
7 19 19 14 176
19 7 19 14 176
7 19 15 18 235
19 7 15 18 235
7 19 18 15 235
19 7 18 15 235
7 19 16 17 268
19 7 16 17 268
7 19 17 16 268
19 7 17 16 268
3 23 10 23 0
23 3 10 23 0
3 23 23 10 0
23 3 23 10 0
4 22 10 23 0
22 4 10 23 0
4 22 23 10 0
22 4 23 10 0
5 21 10 23 0
21 5 10 23 0
5 21 23 10 0
21 5 23 10 0
6 20 10 23 1
20 6 10 23 1
6 20 23 10 1
20 6 23 10 1
7 19 10 23 8
19 7 10 23 8
7 19 23 10 8
19 7 23 10 8
8 18 10 23 31
18 8 10 23 31
8 18 23 10 31
18 8 23 10 31
8 18 11 22 83
18 8 11 22 83
8 18 22 11 83
18 8 22 11 83
8 18 12 21 173
18 8 12 21 173
8 18 21 12 173
18 8 21 12 173
8 18 13 20 300
18 8 13 20 300
8 18 20 13 300
18 8 20 13 300
8 18 14 19 446
18 8 14 19 446
8 18 19 14 446
18 8 19 14 446
8 18 15 18 579
18 8 15 18 579
8 18 18 15 579
18 8 18 15 579
8 18 16 17 655
18 8 16 17 655
8 18 17 16 655
18 8 17 16 655
9 17 10 23 82
17 9 10 23 82
9 17 23 10 82
17 9 23 10 82
9 17 11 22 196
17 9 11 22 196
9 17 22 11 196
17 9 22 11 196
9 17 12 21 381
17 9 12 21 381
9 17 21 12 381
17 9 21 12 381
9 17 13 20 634
17 9 13 20 634
9 17 20 13 634
17 9 20 13 634
9 17 14 19 915
17 9 14 19 915
9 17 19 14 915
17 9 19 14 915
9 17 15 18 1165
17 9 15 18 1165
9 17 18 15 1165
17 9 18 15 1165
9 17 16 17 1309
17 9 16 17 1309
9 17 17 16 1309
17 9 17 16 1309
10 16 10 23 165
16 10 10 23 165
10 16 23 10 165
16 10 23 10 165
10 16 11 22 368
16 10 11 22 368
10 16 22 11 368
16 10 22 11 368
10 16 12 21 686
16 10 12 21 686
10 16 21 12 686
16 10 21 12 686
10 16 13 20 1107
16 10 13 20 1107
10 16 20 13 1107
16 10 20 13 1107
10 16 14 19 1566
16 10 14 19 1566
10 16 19 14 1566
16 10 19 14 1566
10 16 15 18 1968
16 10 15 18 1968
10 16 18 15 1968
16 10 18 15 1968
10 16 16 17 2199
16 10 16 17 2199
10 16 17 16 2199
16 10 17 16 2199
11 15 11 22 564
15 11 11 22 564
11 15 22 11 564
15 11 22 11 564
11 15 12 21 1025
15 11 12 21 1025
11 15 21 12 1025
15 11 21 12 1025
11 15 13 20 1624
15 11 13 20 1624
11 15 20 13 1624
15 11 20 13 1624
11 15 14 19 2268
15 11 14 19 2268
11 15 19 14 2268
15 11 19 14 2268
11 15 15 18 2827
15 11 15 18 2827
11 15 18 15 2827
15 11 18 15 2827
11 15 16 17 3147
15 11 16 17 3147
11 15 17 16 3147
15 11 17 16 3147
3 23 9 24 0
23 3 9 24 0
3 23 24 9 0
23 3 24 9 0
4 22 9 24 0
22 4 9 24 0
4 22 24 9 0
22 4 24 9 0
5 21 9 24 0
21 5 9 24 0
5 21 24 9 0
21 5 24 9 0
6 20 9 24 0
20 6 9 24 0
6 20 24 9 0
20 6 24 9 0
7 19 9 24 2
19 7 9 24 2
7 19 24 9 2
19 7 24 9 2
8 18 9 24 9
18 8 9 24 9
8 18 24 9 9
18 8 24 9 9
4 22 7 26 0
22 4 7 26 0
4 22 26 7 0
22 4 26 7 0
4 22 8 25 0
22 4 8 25 0
4 22 25 8 0
22 4 25 8 0
5 21 7 26 0
21 5 7 26 0
5 21 26 7 0
21 5 26 7 0
5 21 8 25 0
21 5 8 25 0
5 21 25 8 0
21 5 25 8 0
6 20 7 26 0
20 6 7 26 0
6 20 26 7 0
20 6 26 7 0
6 20 8 25 0
20 6 8 25 0
6 20 25 8 0
20 6 25 8 0
7 19 7 26 0
19 7 7 26 0
7 19 26 7 0
19 7 26 7 0
7 19 8 25 0
19 7 8 25 0
7 19 25 8 0
19 7 25 8 0
8 18 7 26 0
18 8 7 26 0
8 18 26 7 0
18 8 26 7 0
8 18 8 25 1
18 8 8 25 1
8 18 25 8 1
18 8 25 8 1
9 17 7 26 1
17 9 7 26 1
9 17 26 7 1
17 9 26 7 1
9 17 8 25 6
17 9 8 25 6
9 17 25 8 6
17 9 25 8 6
9 17 9 24 28
17 9 9 24 28
9 17 24 9 28
17 9 24 9 28
10 16 7 26 3
16 10 7 26 3
10 16 26 7 3
16 10 26 7 3
10 16 8 25 16
16 10 8 25 16
10 16 25 8 16
16 10 25 8 16
10 16 9 24 61
16 10 9 24 61
10 16 24 9 61
16 10 24 9 61
6 20 6 27 0
20 6 6 27 0
6 20 27 6 0
20 6 27 6 0
7 19 6 27 0
19 7 6 27 0
7 19 27 6 0
19 7 27 6 0
8 18 6 27 0
18 8 6 27 0
8 18 27 6 0
18 8 27 6 0
9 17 6 27 0
17 9 6 27 0
9 17 27 6 0
17 9 27 6 0
10 16 6 27 0
16 10 6 27 0
10 16 27 6 0
16 10 27 6 0
11 15 6 27 0
15 11 6 27 0
11 15 27 6 0
15 11 27 6 0
11 15 7 26 6
15 11 7 26 6
11 15 26 7 6
15 11 26 7 6
11 15 8 25 29
15 11 8 25 29
11 15 25 8 29
15 11 25 8 29
11 15 9 24 102
15 11 9 24 102
11 15 24 9 102
15 11 24 9 102
11 15 10 23 262
15 11 10 23 262
11 15 23 10 262
15 11 23 10 262
12 14 7 26 10
14 12 7 26 10
12 14 26 7 10
14 12 26 7 10
12 14 8 25 43
14 12 8 25 43
12 14 25 8 43
14 12 25 8 43
12 14 9 24 140
14 12 9 24 140
12 14 24 9 140
14 12 24 9 140
12 14 10 23 348
14 12 10 23 348
12 14 23 10 348
14 12 23 10 348
12 14 11 22 730
14 12 11 22 730
12 14 22 11 730
14 12 22 11 730
12 14 12 21 1305
14 12 12 21 1305
12 14 21 12 1305
14 12 21 12 1305
12 14 13 20 2043
14 12 13 20 2043
12 14 20 13 2043
14 12 20 13 2043
12 14 14 19 2832
14 12 14 19 2832
12 14 19 14 2832
14 12 19 14 2832
12 14 15 18 3511
14 12 15 18 3511
12 14 18 15 3511
14 12 18 15 3511
12 14 16 17 3899
14 12 16 17 3899
12 14 17 16 3899
14 12 17 16 3899
13 13 7 26 11
13 13 26 7 11
13 13 8 25 47
13 13 25 8 47
13 13 9 24 153
13 13 24 9 153
13 13 10 23 378
13 13 23 10 378
13 13 11 22 790
13 13 22 11 790
13 13 12 21 1407
13 13 21 12 1407
13 13 13 20 2197
13 13 20 13 2197
13 13 14 19 3039
13 13 19 14 3039
13 13 15 18 3763
13 13 18 15 3763
13 13 16 17 4176
13 13 17 16 4176
5 21 6 27 0
21 5 6 27 0
5 21 27 6 0
21 5 27 6 0
6 20 5 28 0
20 6 5 28 0
6 20 28 5 0
20 6 28 5 0
7 19 5 28 0
19 7 5 28 0
7 19 28 5 0
19 7 28 5 0
8 18 5 28 0
18 8 5 28 0
8 18 28 5 0
18 8 28 5 0
9 17 5 28 0
17 9 5 28 0
9 17 28 5 0
17 9 28 5 0
10 16 5 28 0
16 10 5 28 0
10 16 28 5 0
16 10 28 5 0
11 15 5 28 0
15 11 5 28 0
11 15 28 5 0
15 11 28 5 0
7 19 4 29 0
19 7 4 29 0
7 19 29 4 0
19 7 29 4 0
8 18 4 29 0
18 8 4 29 0
8 18 29 4 0
18 8 29 4 0
9 17 4 29 0
17 9 4 29 0
9 17 29 4 0
17 9 29 4 0
10 16 4 29 0
16 10 4 29 0
10 16 29 4 0
16 10 29 4 0
11 15 4 29 0
15 11 4 29 0
11 15 29 4 0
15 11 29 4 0
12 14 4 29 0
14 12 4 29 0
12 14 29 4 0
14 12 29 4 0
12 14 5 28 0
14 12 5 28 0
12 14 28 5 0
14 12 28 5 0
12 14 6 27 1
14 12 6 27 1
12 14 27 6 1
14 12 27 6 1
13 13 5 28 0
13 13 28 5 0
13 13 6 27 1
13 13 27 6 1
13 13 4 29 0
13 13 29 4 0
9 17 3 30 0
17 9 3 30 0
9 17 30 3 0
17 9 30 3 0
10 16 3 30 0
16 10 3 30 0
10 16 30 3 0
16 10 30 3 0
11 15 3 30 0
15 11 3 30 0
11 15 30 3 0
15 11 30 3 0
12 14 3 30 0
14 12 3 30 0
12 14 30 3 0
14 12 30 3 0
13 13 3 30 0
13 13 30 3 0
