30 35 40 45 0
35 30 40 45 0
30 35 45 40 0
35 30 45 40 0
30 35 41 44 0
35 30 41 44 0
30 35 44 41 0
35 30 44 41 0
30 35 42 43 0
35 30 42 43 0
30 35 43 42 0
35 30 43 42 0
31 34 40 45 0
34 31 40 45 0
31 34 45 40 0
34 31 45 40 0
31 34 41 44 0
34 31 41 44 0
31 34 44 41 0
34 31 44 41 0
31 34 42 43 0
34 31 42 43 0
31 34 43 42 0
34 31 43 42 0
32 33 40 45 0
33 32 40 45 0
32 33 45 40 0
33 32 45 40 0
32 33 41 44 0
33 32 41 44 0
32 33 44 41 0
33 32 44 41 0
32 33 42 43 0
33 32 42 43 0
32 33 43 42 0
33 32 43 42 0
