0 17 10 11 0
17 0 10 11 0
0 17 11 10 0
17 0 11 10 0
1 16 10 11 0
16 1 10 11 0
1 16 11 10 0
16 1 11 10 0
2 15 10 11 0
15 2 10 11 0
2 15 11 10 0
15 2 11 10 0
1 16 6 15 0
16 1 6 15 0
1 16 15 6 0
16 1 15 6 0
1 16 7 14 0
16 1 7 14 0
1 16 14 7 0
16 1 14 7 0
2 15 6 15 0
15 2 6 15 0
2 15 15 6 0
15 2 15 6 0
2 15 7 14 0
15 2 7 14 0
2 15 14 7 0
15 2 14 7 0
3 14 6 15 0
14 3 6 15 0
3 14 15 6 0
14 3 15 6 0
3 14 7 14 0
14 3 7 14 0
3 14 14 7 0
14 3 14 7 0
1 16 8 13 0
16 1 8 13 0
1 16 13 8 0
16 1 13 8 0
2 15 8 13 0
15 2 8 13 0
2 15 13 8 0
15 2 13 8 0
3 14 8 13 0
14 3 8 13 0
3 14 13 8 0
14 3 13 8 0
1 16 9 12 0
16 1 9 12 0
1 16 12 9 0
16 1 12 9 0
2 15 9 12 0
15 2 9 12 0
2 15 12 9 0
15 2 12 9 0
3 14 9 12 0
14 3 9 12 0
3 14 12 9 0
14 3 12 9 0
3 14 10 11 0
14 3 10 11 0
3 14 11 10 0
14 3 11 10 0
4 13 6 15 0
13 4 6 15 0
4 13 15 6 0
13 4 15 6 0
4 13 7 14 0
13 4 7 14 0
4 13 14 7 0
13 4 14 7 0
4 13 8 13 0
13 4 8 13 0
4 13 13 8 0
13 4 13 8 0
4 13 9 12 0
13 4 9 12 0
4 13 12 9 0
13 4 12 9 0
4 13 10 11 0
13 4 10 11 0
4 13 11 10 0
13 4 11 10 0
5 12 6 15 0
12 5 6 15 0
5 12 15 6 0
12 5 15 6 0
5 12 7 14 0
12 5 7 14 0
5 12 14 7 0
12 5 14 7 0
5 12 8 13 0
12 5 8 13 0
5 12 13 8 0
12 5 13 8 0
5 12 9 12 0
12 5 9 12 0
5 12 12 9 0
12 5 12 9 0
5 12 10 11 0
12 5 10 11 0
5 12 11 10 0
12 5 11 10 0
2 15 4 17 0
15 2 4 17 0
2 15 17 4 0
15 2 17 4 0
2 15 5 16 0
15 2 5 16 0
2 15 16 5 0
15 2 16 5 0
3 14 4 17 0
14 3 4 17 0
3 14 17 4 0
14 3 17 4 0
3 14 5 16 0
14 3 5 16 0
3 14 16 5 0
14 3 16 5 0
4 13 4 17 0
13 4 4 17 0
4 13 17 4 0
13 4 17 4 0
4 13 5 16 0
13 4 5 16 0
4 13 16 5 0
13 4 16 5 0
3 14 3 18 0
14 3 3 18 0
3 14 18 3 0
14 3 18 3 0
4 13 3 18 0
13 4 3 18 0
4 13 18 3 0
13 4 18 3 0
5 12 3 18 0
12 5 3 18 0
5 12 18 3 0
12 5 18 3 0
5 12 4 17 0
12 5 4 17 0
5 12 17 4 0
12 5 17 4 0
5 12 5 16 0
12 5 5 16 0
5 12 16 5 0
12 5 16 5 0
6 11 3 18 1
11 6 3 18 1
6 11 18 3 1
11 6 18 3 1
6 11 4 17 1
11 6 4 17 1
6 11 17 4 1
11 6 17 4 1
6 11 5 16 2
11 6 5 16 2
6 11 16 5 2
11 6 16 5 2
6 11 6 15 3
11 6 6 15 3
6 11 15 6 3
11 6 15 6 3
6 11 7 14 4
11 6 7 14 4
6 11 14 7 4
11 6 14 7 4
6 11 8 13 5
11 6 8 13 5
6 11 13 8 5
11 6 13 8 5
6 11 9 12 6
11 6 9 12 6
6 11 12 9 6
11 6 12 9 6
6 11 10 11 6
11 6 10 11 6
6 11 11 10 6
11 6 11 10 6
7 10 3 18 1
10 7 3 18 1
7 10 18 3 1
10 7 18 3 1
7 10 4 17 2
10 7 4 17 2
7 10 17 4 2
10 7 17 4 2
7 10 5 16 4
10 7 5 16 4
7 10 16 5 4
10 7 16 5 4
7 10 6 15 7
10 7 6 15 7
7 10 15 6 7
10 7 15 6 7
7 10 7 14 10
10 7 7 14 10
7 10 14 7 10
10 7 14 7 10
7 10 8 13 13
10 7 8 13 13
7 10 13 8 13
10 7 13 8 13
7 10 9 12 16
10 7 9 12 16
7 10 12 9 16
10 7 12 9 16
7 10 10 11 17
10 7 10 11 17
7 10 11 10 17
10 7 11 10 17
8 9 4 17 2
9 8 4 17 2
8 9 17 4 2
9 8 17 4 2
8 9 5 16 5
9 8 5 16 5
8 9 16 5 5
9 8 16 5 5
8 9 6 15 9
9 8 6 15 9
8 9 15 6 9
9 8 15 6 9
8 9 7 14 14
9 8 7 14 14
8 9 14 7 14
9 8 14 7 14
8 9 8 13 19
9 8 8 13 19
8 9 13 8 19
9 8 13 8 19
8 9 9 12 24
9 8 9 12 24
8 9 12 9 24
9 8 12 9 24
8 9 10 11 26
9 8 10 11 26
8 9 11 10 26
9 8 11 10 26
4 13 2 19 0
13 4 2 19 0
4 13 19 2 0
13 4 19 2 0
5 12 2 19 0
12 5 2 19 0
5 12 19 2 0
12 5 19 2 0
6 11 2 19 0
11 6 2 19 0
6 11 19 2 0
11 6 19 2 0
7 10 2 19 0
10 7 2 19 0
7 10 19 2 0
10 7 19 2 0
6 11 1 20 0
11 6 1 20 0
6 11 20 1 0
11 6 20 1 0
7 10 1 20 0
10 7 1 20 0
7 10 20 1 0
10 7 20 1 0
8 9 1 20 0
9 8 1 20 0
8 9 20 1 0
9 8 20 1 0
8 9 2 19 0
9 8 2 19 0
8 9 19 2 0
9 8 19 2 0
8 9 3 18 1
9 8 3 18 1
8 9 18 3 1
9 8 18 3 1
