5 30 20 25 0
30 5 20 25 0
5 30 25 20 0
30 5 25 20 0
5 30 21 24 0
30 5 21 24 0
5 30 24 21 0
30 5 24 21 0
5 30 22 23 0
30 5 22 23 0
5 30 23 22 0
30 5 23 22 0
6 29 20 25 0
29 6 20 25 0
6 29 25 20 0
29 6 25 20 0
6 29 21 24 0
29 6 21 24 0
6 29 24 21 0
29 6 24 21 0
6 29 22 23 0
29 6 22 23 0
6 29 23 22 0
29 6 23 22 0
7 28 20 25 0
28 7 20 25 0
7 28 25 20 0
28 7 25 20 0
7 28 21 24 0
28 7 21 24 0
7 28 24 21 0
28 7 24 21 0
7 28 22 23 0
28 7 22 23 0
7 28 23 22 0
28 7 23 22 0
8 27 20 25 0
27 8 20 25 0
8 27 25 20 0
27 8 25 20 0
8 27 21 24 0
27 8 21 24 0
8 27 24 21 0
27 8 24 21 0
8 27 22 23 0
27 8 22 23 0
8 27 23 22 0
27 8 23 22 0
9 26 20 25 2
26 9 20 25 2
9 26 25 20 2
26 9 25 20 2
9 26 21 24 3
26 9 21 24 3
9 26 24 21 3
26 9 24 21 3
9 26 22 23 4
26 9 22 23 4
9 26 23 22 4
26 9 23 22 4
10 25 20 25 18
25 10 20 25 18
10 25 25 20 18
25 10 25 20 18
10 25 21 24 26
25 10 21 24 26
10 25 24 21 26
25 10 24 21 26
10 25 22 23 31
25 10 22 23 31
10 25 23 22 31
25 10 23 22 31
6 29 16 29 0
29 6 16 29 0
6 29 29 16 0
29 6 29 16 0
6 29 17 28 0
29 6 17 28 0
6 29 28 17 0
29 6 28 17 0
6 29 18 27 0
29 6 18 27 0
6 29 27 18 0
29 6 27 18 0
6 29 19 26 0
29 6 19 26 0
6 29 26 19 0
29 6 26 19 0
7 28 16 29 0
28 7 16 29 0
7 28 29 16 0
28 7 29 16 0
7 28 17 28 0
28 7 17 28 0
7 28 28 17 0
28 7 28 17 0
7 28 18 27 0
28 7 18 27 0
7 28 27 18 0
28 7 27 18 0
7 28 19 26 0
28 7 19 26 0
7 28 26 19 0
28 7 26 19 0
8 27 16 29 0
27 8 16 29 0
8 27 29 16 0
27 8 29 16 0
8 27 17 28 0
27 8 17 28 0
8 27 28 17 0
27 8 28 17 0
8 27 18 27 0
27 8 18 27 0
8 27 27 18 0
27 8 27 18 0
8 27 19 26 0
27 8 19 26 0
8 27 26 19 0
27 8 26 19 0
9 26 16 29 0
26 9 16 29 0
9 26 29 16 0
26 9 29 16 0
9 26 17 28 0
26 9 17 28 0
9 26 28 17 0
26 9 28 17 0
9 26 18 27 0
26 9 18 27 0
9 26 27 18 0
26 9 27 18 0
9 26 19 26 1
26 9 19 26 1
9 26 26 19 1
26 9 26 19 1
10 25 16 29 0
25 10 16 29 0
10 25 29 16 0
25 10 29 16 0
10 25 17 28 1
25 10 17 28 1
10 25 28 17 1
25 10 28 17 1
10 25 18 27 4
25 10 18 27 4
10 25 27 18 4
25 10 27 18 4
10 25 19 26 10
25 10 19 26 10
10 25 26 19 10
25 10 26 19 10
11 24 16 29 4
24 11 16 29 4
11 24 29 16 4
24 11 29 16 4
11 24 17 28 13
24 11 17 28 13
11 24 28 17 13
24 11 28 17 13
11 24 18 27 31
24 11 18 27 31
11 24 27 18 31
24 11 27 18 31
11 24 19 26 59
24 11 19 26 59
11 24 26 19 59
24 11 26 19 59
11 24 20 25 93
24 11 20 25 93
11 24 25 20 93
24 11 25 20 93
11 24 21 24 126
24 11 21 24 126
11 24 24 21 126
24 11 24 21 126
11 24 22 23 145
24 11 22 23 145
11 24 23 22 145
24 11 23 22 145
12 23 16 29 21
23 12 16 29 21
12 23 29 16 21
23 12 29 16 21
12 23 17 28 56
23 12 17 28 56
12 23 28 17 56
23 12 28 17 56
12 23 18 27 118
23 12 18 27 118
12 23 27 18 118
23 12 27 18 118
12 23 19 26 207
23 12 19 26 207
12 23 26 19 207
23 12 26 19 207
12 23 20 25 310
23 12 20 25 310
12 23 25 20 310
23 12 25 20 310
12 23 21 24 404
23 12 21 24 404
12 23 24 21 404
23 12 24 21 404
12 23 22 23 459
23 12 22 23 459
12 23 23 22 459
23 12 23 22 459
7 28 14 31 0
28 7 14 31 0
7 28 31 14 0
28 7 31 14 0
7 28 15 30 0
28 7 15 30 0
7 28 30 15 0
28 7 30 15 0
8 27 14 31 0
27 8 14 31 0
8 27 31 14 0
27 8 31 14 0
8 27 15 30 0
27 8 15 30 0
8 27 30 15 0
27 8 30 15 0
9 26 14 31 0
26 9 14 31 0
9 26 31 14 0
26 9 31 14 0
9 26 15 30 0
26 9 15 30 0
9 26 30 15 0
26 9 30 15 0
10 25 14 31 0
25 10 14 31 0
10 25 31 14 0
25 10 31 14 0
10 25 15 30 0
25 10 15 30 0
10 25 30 15 0
25 10 30 15 0
11 24 14 31 0
24 11 14 31 0
11 24 31 14 0
24 11 31 14 0
11 24 15 30 1
24 11 15 30 1
11 24 30 15 1
24 11 30 15 1
12 23 14 31 1
23 12 14 31 1
12 23 31 14 1
23 12 31 14 1
12 23 15 30 6
23 12 15 30 6
12 23 30 15 6
23 12 30 15 6
8 27 13 32 0
27 8 13 32 0
8 27 32 13 0
27 8 32 13 0
9 26 13 32 0
26 9 13 32 0
9 26 32 13 0
26 9 32 13 0
10 25 13 32 0
25 10 13 32 0
10 25 32 13 0
25 10 32 13 0
11 24 13 32 0
24 11 13 32 0
11 24 32 13 0
24 11 32 13 0
12 23 13 32 0
23 12 13 32 0
12 23 32 13 0
23 12 32 13 0
13 22 13 32 1
22 13 13 32 1
13 22 32 13 1
22 13 32 13 1
13 22 14 31 6
22 13 14 31 6
13 22 31 14 6
22 13 31 14 6
13 22 15 30 25
22 13 15 30 25
13 22 30 15 25
22 13 30 15 25
13 22 16 29 72
22 13 16 29 72
13 22 29 16 72
22 13 29 16 72
13 22 17 28 169
22 13 17 28 169
13 22 28 17 169
22 13 28 17 169
13 22 18 27 328
22 13 18 27 328
13 22 27 18 328
22 13 27 18 328
13 22 19 26 544
22 13 19 26 544
13 22 26 19 544
22 13 26 19 544
13 22 20 25 785
22 13 20 25 785
13 22 25 20 785
22 13 25 20 785
13 22 21 24 999
22 13 21 24 999
13 22 24 21 999
22 13 24 21 999
13 22 22 23 1123
22 13 22 23 1123
13 22 23 22 1123
22 13 23 22 1123
14 21 14 31 17
21 14 14 31 17
14 21 31 14 17
21 14 31 14 17
14 21 15 30 63
21 14 15 30 63
14 21 30 15 63
21 14 30 15 63
14 21 16 29 169
21 14 16 29 169
14 21 29 16 169
21 14 29 16 169
14 21 17 28 372
21 14 17 28 372
14 21 28 17 372
21 14 28 17 372
14 21 18 27 691
21 14 18 27 691
14 21 27 18 691
21 14 27 18 691
14 21 19 26 1110
21 14 19 26 1110
14 21 26 19 1110
21 14 26 19 1110
14 21 20 25 1567
21 14 20 25 1567
14 21 25 20 1567
21 14 25 20 1567
14 21 21 24 1965
21 14 21 24 1965
14 21 24 21 1965
21 14 24 21 1965
14 21 22 23 2195
21 14 22 23 2195
14 21 23 22 2195
21 14 23 22 2195
9 26 12 33 0
26 9 12 33 0
9 26 33 12 0
26 9 33 12 0
10 25 12 33 0
25 10 12 33 0
10 25 33 12 0
25 10 33 12 0
11 24 12 33 0
24 11 12 33 0
11 24 33 12 0
24 11 33 12 0
12 23 12 33 0
23 12 12 33 0
12 23 33 12 0
23 12 33 12 0
13 22 12 33 0
22 13 12 33 0
13 22 33 12 0
22 13 33 12 0
14 21 12 33 0
21 14 12 33 0
14 21 33 12 0
21 14 33 12 0
14 21 13 32 3
21 14 13 32 3
14 21 32 13 3
21 14 32 13 3
15 20 12 33 1
20 15 12 33 1
15 20 33 12 1
20 15 33 12 1
15 20 13 32 9
20 15 13 32 9
15 20 32 13 9
20 15 32 13 9
15 20 14 31 39
20 15 14 31 39
15 20 31 14 39
20 15 31 14 39
15 20 15 30 126
20 15 15 30 126
15 20 30 15 126
20 15 30 15 126
15 20 16 29 315
20 15 16 29 315
15 20 29 16 315
20 15 29 16 315
15 20 17 28 661
20 15 17 28 661
15 20 28 17 661
20 15 28 17 661
15 20 18 27 1187
20 15 18 27 1187
15 20 27 18 1187
20 15 27 18 1187
15 20 19 26 1864
20 15 19 26 1864
15 20 26 19 1864
20 15 26 19 1864
15 20 20 25 2590
20 15 20 25 2590
15 20 25 20 2590
20 15 25 20 2590
15 20 21 24 3214
20 15 21 24 3214
15 20 24 21 3214
20 15 24 21 3214
15 20 22 23 3574
20 15 22 23 3574
15 20 23 22 3574
20 15 23 22 3574
16 19 14 31 62
19 16 14 31 62
16 19 31 14 62
19 16 31 14 62
16 19 15 30 191
19 16 15 30 191
16 19 30 15 191
19 16 30 15 191
16 19 16 29 464
19 16 16 29 464
16 19 29 16 464
19 16 29 16 464
16 19 17 28 950
19 16 17 28 950
16 19 28 17 950
19 16 28 17 950
16 19 18 27 1676
19 16 18 27 1676
16 19 27 18 1676
19 16 27 18 1676
16 19 19 26 2598
19 16 19 26 2598
16 19 26 19 2598
19 16 26 19 2598
16 19 20 25 3577
19 16 20 25 3577
16 19 25 20 3577
19 16 25 20 3577
16 19 21 24 4413
19 16 21 24 4413
16 19 24 21 4413
19 16 24 21 4413
16 19 22 23 4894
19 16 22 23 4894
16 19 23 22 4894
19 16 23 22 4894
16 19 12 33 2
19 16 12 33 2
16 19 33 12 2
19 16 33 12 2
16 19 13 32 15
19 16 13 32 15
16 19 32 13 15
19 16 32 13 15
17 18 13 32 20
18 17 13 32 20
17 18 32 13 20
18 17 32 13 20
17 18 14 31 79
18 17 14 31 79
17 18 31 14 79
18 17 31 14 79
17 18 15 30 236
18 17 15 30 236
17 18 30 15 236
18 17 30 15 236
17 18 16 29 563
18 17 16 29 563
17 18 29 16 563
18 17 29 16 563
17 18 17 28 1138
18 17 17 28 1138
17 18 28 17 1138
18 17 28 17 1138
17 18 18 27 1989
18 17 18 27 1989
17 18 27 18 1989
18 17 27 18 1989
17 18 19 26 3063
18 17 19 26 3063
17 18 26 19 3063
18 17 26 19 3063
17 18 20 25 4198
18 17 20 25 4198
17 18 25 20 4198
18 17 25 20 4198
17 18 21 24 5164
18 17 21 24 5164
17 18 24 21 5164
18 17 24 21 5164
17 18 22 23 5719
18 17 22 23 5719
17 18 23 22 5719
18 17 23 22 5719
10 25 10 35 0
25 10 10 35 0
10 25 35 10 0
25 10 35 10 0
10 25 11 34 0
25 10 11 34 0
10 25 34 11 0
25 10 34 11 0
11 24 10 35 0
24 11 10 35 0
11 24 35 10 0
24 11 35 10 0
11 24 11 34 0
24 11 11 34 0
11 24 34 11 0
24 11 34 11 0
12 23 10 35 0
23 12 10 35 0
12 23 35 10 0
23 12 35 10 0
12 23 11 34 0
23 12 11 34 0
12 23 34 11 0
23 12 34 11 0
13 22 10 35 0
22 13 10 35 0
13 22 35 10 0
22 13 35 10 0
13 22 11 34 0
22 13 11 34 0
13 22 34 11 0
22 13 34 11 0
14 21 10 35 0
21 14 10 35 0
14 21 35 10 0
21 14 35 10 0
14 21 11 34 0
21 14 11 34 0
14 21 34 11 0
21 14 34 11 0
15 20 10 35 0
20 15 10 35 0
15 20 35 10 0
20 15 35 10 0
15 20 11 34 0
20 15 11 34 0
15 20 34 11 0
20 15 34 11 0
16 19 10 35 0
19 16 10 35 0
16 19 35 10 0
19 16 35 10 0
16 19 11 34 0
19 16 11 34 0
16 19 34 11 0
19 16 34 11 0
17 18 12 33 3
18 17 12 33 3
17 18 33 12 3
18 17 33 12 3
12 23 9 36 0
23 12 9 36 0
12 23 36 9 0
23 12 36 9 0
13 22 9 36 0
22 13 9 36 0
13 22 36 9 0
22 13 36 9 0
14 21 9 36 0
21 14 9 36 0
14 21 36 9 0
21 14 36 9 0
15 20 9 36 0
20 15 9 36 0
15 20 36 9 0
20 15 36 9 0
16 19 9 36 0
19 16 9 36 0
16 19 36 9 0
19 16 36 9 0
17 18 9 36 0
18 17 9 36 0
17 18 36 9 0
18 17 36 9 0
17 18 10 35 0
18 17 10 35 0
17 18 35 10 0
18 17 35 10 0
17 18 11 34 0
18 17 11 34 0
17 18 34 11 0
18 17 34 11 0
13 22 8 37 0
22 13 8 37 0
13 22 37 8 0
22 13 37 8 0
14 21 8 37 0
21 14 8 37 0
14 21 37 8 0
21 14 37 8 0
15 20 8 37 0
20 15 8 37 0
15 20 37 8 0
20 15 37 8 0
16 19 8 37 0
19 16 8 37 0
16 19 37 8 0
19 16 37 8 0
17 18 8 37 0
18 17 8 37 0
17 18 37 8 0
18 17 37 8 0
