7 31 20 29 0
31 7 20 29 0
7 31 29 20 0
31 7 29 20 0
7 31 21 28 0
31 7 21 28 0
7 31 28 21 0
31 7 28 21 0
7 31 22 27 0
31 7 22 27 0
7 31 27 22 0
31 7 27 22 0
7 31 23 26 0
31 7 23 26 0
7 31 26 23 0
31 7 26 23 0
7 31 24 25 0
31 7 24 25 0
7 31 25 24 0
31 7 25 24 0
8 30 20 29 0
30 8 20 29 0
8 30 29 20 0
30 8 29 20 0
8 30 21 28 0
30 8 21 28 0
8 30 28 21 0
30 8 28 21 0
8 30 22 27 0
30 8 22 27 0
8 30 27 22 0
30 8 27 22 0
8 30 23 26 0
30 8 23 26 0
8 30 26 23 0
30 8 26 23 0
8 30 24 25 0
30 8 24 25 0
8 30 25 24 0
30 8 25 24 0
9 29 20 29 0
29 9 20 29 0
9 29 29 20 0
29 9 29 20 0
9 29 21 28 0
29 9 21 28 0
9 29 28 21 0
29 9 28 21 0
9 29 22 27 0
29 9 22 27 0
9 29 27 22 0
29 9 27 22 0
9 29 23 26 0
29 9 23 26 0
9 29 26 23 0
29 9 26 23 0
9 29 24 25 0
29 9 24 25 0
9 29 25 24 0
29 9 25 24 0
10 28 20 29 0
28 10 20 29 0
10 28 29 20 0
28 10 29 20 0
10 28 21 28 0
28 10 21 28 0
10 28 28 21 0
28 10 28 21 0
10 28 22 27 0
28 10 22 27 0
10 28 27 22 0
28 10 27 22 0
10 28 23 26 0
28 10 23 26 0
10 28 26 23 0
28 10 26 23 0
10 28 24 25 0
28 10 24 25 0
10 28 25 24 0
28 10 25 24 0
11 27 20 29 0
27 11 20 29 0
11 27 29 20 0
27 11 29 20 0
11 27 21 28 1
27 11 21 28 1
11 27 28 21 1
27 11 28 21 1
11 27 22 27 2
27 11 22 27 2
11 27 27 22 2
27 11 27 22 2
11 27 23 26 3
27 11 23 26 3
11 27 26 23 3
27 11 26 23 3
11 27 24 25 4
27 11 24 25 4
11 27 25 24 4
27 11 25 24 4
12 26 20 29 4
26 12 20 29 4
12 26 29 20 4
26 12 29 20 4
12 26 21 28 11
26 12 21 28 11
12 26 28 21 11
26 12 28 21 11
12 26 22 27 19
26 12 22 27 19
12 26 27 22 19
26 12 27 22 19
12 26 23 26 27
26 12 23 26 27
12 26 26 23 27
26 12 26 23 27
12 26 24 25 33
26 12 24 25 33
12 26 25 24 33
26 12 25 24 33
13 25 20 29 30
25 13 20 29 30
13 25 29 20 30
25 13 29 20 30
13 25 21 28 60
25 13 21 28 60
13 25 28 21 60
25 13 28 21 60
13 25 22 27 94
25 13 22 27 94
13 25 27 22 94
25 13 27 22 94
13 25 23 26 126
25 13 23 26 126
13 25 26 23 126
25 13 26 23 126
13 25 24 25 147
25 13 24 25 147
13 25 25 24 147
25 13 25 24 147
8 30 17 32 0
30 8 17 32 0
8 30 32 17 0
30 8 32 17 0
8 30 18 31 0
30 8 18 31 0
8 30 31 18 0
30 8 31 18 0
8 30 19 30 0
30 8 19 30 0
8 30 30 19 0
30 8 30 19 0
9 29 17 32 0
29 9 17 32 0
9 29 32 17 0
29 9 32 17 0
9 29 18 31 0
29 9 18 31 0
9 29 31 18 0
29 9 31 18 0
9 29 19 30 0
29 9 19 30 0
9 29 30 19 0
29 9 30 19 0
10 28 17 32 0
28 10 17 32 0
10 28 32 17 0
28 10 32 17 0
10 28 18 31 0
28 10 18 31 0
10 28 31 18 0
28 10 31 18 0
10 28 19 30 0
28 10 19 30 0
10 28 30 19 0
28 10 30 19 0
11 27 17 32 0
27 11 17 32 0
11 27 32 17 0
27 11 32 17 0
11 27 18 31 0
27 11 18 31 0
11 27 31 18 0
27 11 31 18 0
11 27 19 30 0
27 11 19 30 0
11 27 30 19 0
27 11 30 19 0
12 26 17 32 0
26 12 17 32 0
12 26 32 17 0
26 12 32 17 0
12 26 18 31 0
26 12 18 31 0
12 26 31 18 0
26 12 31 18 0
12 26 19 30 1
26 12 19 30 1
12 26 30 19 1
26 12 30 19 1
13 25 17 32 1
25 13 17 32 1
13 25 32 17 1
25 13 32 17 1
13 25 18 31 4
25 13 18 31 4
13 25 31 18 4
25 13 31 18 4
13 25 19 30 13
25 13 19 30 13
13 25 30 19 13
25 13 30 19 13
9 29 16 33 0
29 9 16 33 0
9 29 33 16 0
29 9 33 16 0
10 28 16 33 0
28 10 16 33 0
10 28 33 16 0
28 10 33 16 0
11 27 16 33 0
27 11 16 33 0
11 27 33 16 0
27 11 33 16 0
12 26 16 33 0
26 12 16 33 0
12 26 33 16 0
26 12 33 16 0
13 25 16 33 0
25 13 16 33 0
13 25 33 16 0
25 13 33 16 0
14 24 16 33 1
24 14 16 33 1
14 24 33 16 1
24 14 33 16 1
14 24 17 32 6
24 14 17 32 6
14 24 32 17 6
24 14 32 17 6
14 24 18 31 21
24 14 18 31 21
14 24 31 18 21
24 14 31 18 21
14 24 19 30 55
24 14 19 30 55
14 24 30 19 55
24 14 30 19 55
14 24 20 29 114
24 14 20 29 114
14 24 29 20 114
24 14 29 20 114
14 24 21 28 203
24 14 21 28 203
14 24 28 21 203
24 14 28 21 203
14 24 22 27 303
24 14 22 27 303
14 24 27 22 303
24 14 27 22 303
14 24 23 26 393
24 14 23 26 393
14 24 26 23 393
24 14 26 23 393
14 24 24 25 449
24 14 24 25 449
14 24 25 24 449
24 14 25 24 449
15 23 17 32 22
23 15 17 32 22
15 23 32 17 22
23 15 32 17 22
15 23 18 31 65
23 15 18 31 65
15 23 31 18 65
23 15 31 18 65
15 23 19 30 154
23 15 19 30 154
15 23 30 19 154
23 15 30 19 154
15 23 20 29 298
23 15 20 29 298
15 23 29 20 298
23 15 29 20 298
15 23 21 28 501
23 15 21 28 501
15 23 28 21 501
23 15 28 21 501
15 23 22 27 724
23 15 22 27 724
15 23 27 22 724
23 15 27 22 724
15 23 23 26 921
23 15 23 26 921
15 23 26 23 921
23 15 26 23 921
15 23 24 25 1039
23 15 24 25 1039
15 23 25 24 1039
23 15 25 24 1039
10 28 14 35 0
28 10 14 35 0
10 28 35 14 0
28 10 35 14 0
10 28 15 34 0
28 10 15 34 0
10 28 34 15 0
28 10 34 15 0
11 27 14 35 0
27 11 14 35 0
11 27 35 14 0
27 11 35 14 0
11 27 15 34 0
27 11 15 34 0
11 27 34 15 0
27 11 34 15 0
12 26 14 35 0
26 12 14 35 0
12 26 35 14 0
26 12 35 14 0
12 26 15 34 0
26 12 15 34 0
12 26 34 15 0
26 12 34 15 0
13 25 14 35 0
25 13 14 35 0
13 25 35 14 0
25 13 35 14 0
13 25 15 34 0
25 13 15 34 0
13 25 34 15 0
25 13 34 15 0
14 24 14 35 0
24 14 14 35 0
14 24 35 14 0
24 14 35 14 0
14 24 15 34 0
24 14 15 34 0
14 24 34 15 0
24 14 34 15 0
15 23 14 35 0
23 15 14 35 0
15 23 35 14 0
23 15 35 14 0
15 23 15 34 1
23 15 15 34 1
15 23 34 15 1
23 15 34 15 1
15 23 16 33 5
23 15 16 33 5
15 23 33 16 5
23 15 33 16 5
16 22 14 35 0
22 16 14 35 0
16 22 35 14 0
22 16 35 14 0
16 22 15 34 3
22 16 15 34 3
16 22 34 15 3
22 16 34 15 3
16 22 16 33 15
22 16 16 33 15
16 22 33 16 15
22 16 33 16 15
16 22 17 32 54
22 16 17 32 54
16 22 32 17 54
22 16 32 17 54
16 22 18 31 146
22 16 18 31 146
16 22 31 18 146
22 16 31 18 146
16 22 19 30 323
22 16 19 30 323
16 22 30 19 323
22 16 30 19 323
16 22 20 29 600
22 16 20 29 600
16 22 29 20 600
22 16 29 20 600
16 22 21 28 972
22 16 21 28 972
16 22 28 21 972
22 16 28 21 972
16 22 22 27 1375
22 16 22 27 1375
16 22 27 22 1375
22 16 27 22 1375
16 22 23 26 1725
22 16 23 26 1725
16 22 26 23 1725
22 16 26 23 1725
16 22 24 25 1932
22 16 24 25 1932
16 22 25 24 1932
22 16 25 24 1932
17 21 16 33 28
21 17 16 33 28
17 21 33 16 28
21 17 33 16 28
17 21 17 32 96
21 17 17 32 96
17 21 32 17 96
21 17 32 17 96
17 21 18 31 247
21 17 18 31 247
17 21 31 18 247
21 17 31 18 247
17 21 19 30 529
21 17 19 30 529
17 21 30 19 529
21 17 30 19 529
17 21 20 29 958
21 17 20 29 958
17 21 29 20 958
21 17 29 20 958
17 21 21 28 1522
21 17 21 28 1522
17 21 28 21 1522
21 17 28 21 1522
17 21 22 27 2125
21 17 22 27 2125
17 21 27 22 2125
21 17 27 22 2125
17 21 23 26 2645
21 17 23 26 2645
17 21 26 23 2645
21 17 26 23 2645
17 21 24 25 2949
21 17 24 25 2949
17 21 25 24 2949
21 17 25 24 2949
12 26 13 36 0
26 12 13 36 0
12 26 36 13 0
26 12 36 13 0
13 25 13 36 0
25 13 13 36 0
13 25 36 13 0
25 13 36 13 0
14 24 13 36 0
24 14 13 36 0
14 24 36 13 0
24 14 36 13 0
15 23 13 36 0
23 15 13 36 0
15 23 36 13 0
23 15 36 13 0
16 22 13 36 0
22 16 13 36 0
16 22 36 13 0
22 16 36 13 0
17 21 13 36 0
21 17 13 36 0
17 21 36 13 0
21 17 36 13 0
17 21 14 35 0
21 17 14 35 0
17 21 35 14 0
21 17 35 14 0
17 21 15 34 6
21 17 15 34 6
17 21 34 15 6
21 17 34 15 6
18 20 14 35 1
20 18 14 35 1
18 20 35 14 1
20 18 35 14 1
18 20 15 34 10
20 18 15 34 10
18 20 34 15 10
20 18 34 15 10
18 20 16 33 43
20 18 16 33 43
18 20 33 16 43
20 18 33 16 43
18 20 17 32 137
20 18 17 32 137
18 20 32 17 137
20 18 32 17 137
18 20 18 31 341
20 18 18 31 341
18 20 31 18 341
20 18 31 18 341
18 20 19 30 711
20 18 19 30 711
18 20 30 19 711
20 18 30 19 711
18 20 20 29 1268
20 18 20 29 1268
18 20 29 20 1268
20 18 29 20 1268
18 20 21 28 1988
20 18 21 28 1988
18 20 28 21 1988
20 18 28 21 1988
18 20 22 27 2754
20 18 22 27 2754
18 20 27 22 2754
20 18 27 22 2754
18 20 23 26 3410
20 18 23 26 3410
18 20 26 23 3410
20 18 26 23 3410
18 20 24 25 3792
20 18 24 25 3792
18 20 25 24 3792
20 18 25 24 3792
19 19 17 32 151
19 19 32 17 151
19 19 18 31 374
19 19 31 18 374
19 19 19 30 778
19 19 30 19 778
19 19 20 29 1382
19 19 29 20 1382
19 19 21 28 2162
19 19 28 21 2162
19 19 22 27 2989
19 19 27 22 2989
19 19 23 26 3697
19 19 26 23 3697
19 19 24 25 4108
19 19 25 24 4108
19 19 14 35 1
19 19 35 14 1
19 19 15 34 11
19 19 34 15 11
19 19 16 33 47
19 19 33 16 47
11 27 13 36 0
27 11 13 36 0
11 27 36 13 0
27 11 36 13 0
12 26 12 37 0
26 12 12 37 0
12 26 37 12 0
26 12 37 12 0
13 25 12 37 0
25 13 12 37 0
13 25 37 12 0
25 13 37 12 0
14 24 12 37 0
24 14 12 37 0
14 24 37 12 0
24 14 37 12 0
15 23 12 37 0
23 15 12 37 0
15 23 37 12 0
23 15 37 12 0
16 22 12 37 0
22 16 12 37 0
16 22 37 12 0
22 16 37 12 0
17 21 12 37 0
21 17 12 37 0
17 21 37 12 0
21 17 37 12 0
13 25 11 38 0
25 13 11 38 0
13 25 38 11 0
25 13 38 11 0
14 24 11 38 0
24 14 11 38 0
14 24 38 11 0
24 14 38 11 0
15 23 11 38 0
23 15 11 38 0
15 23 38 11 0
23 15 38 11 0
16 22 11 38 0
22 16 11 38 0
16 22 38 11 0
22 16 38 11 0
17 21 11 38 0
21 17 11 38 0
17 21 38 11 0
21 17 38 11 0
18 20 11 38 0
20 18 11 38 0
18 20 38 11 0
20 18 38 11 0
18 20 12 37 0
20 18 12 37 0
18 20 37 12 0
20 18 37 12 0
18 20 13 36 0
20 18 13 36 0
18 20 36 13 0
20 18 36 13 0
19 19 12 37 0
19 19 37 12 0
19 19 13 36 0
19 19 36 13 0
19 19 11 38 0
19 19 38 11 0
15 23 10 39 0
23 15 10 39 0
15 23 39 10 0
23 15 39 10 0
16 22 10 39 0
22 16 10 39 0
16 22 39 10 0
22 16 39 10 0
17 21 10 39 0
21 17 10 39 0
17 21 39 10 0
21 17 39 10 0
18 20 10 39 0
20 18 10 39 0
18 20 39 10 0
20 18 39 10 0
19 19 10 39 0
19 19 39 10 0
