11 33 23 34 0
33 11 23 34 0
11 33 34 23 0
33 11 34 23 0
11 33 24 33 0
33 11 24 33 0
11 33 33 24 0
33 11 33 24 0
11 33 25 32 0
33 11 25 32 0
11 33 32 25 0
33 11 32 25 0
11 33 26 31 0
33 11 26 31 0
11 33 31 26 0
33 11 31 26 0
11 33 27 30 0
33 11 27 30 0
11 33 30 27 0
33 11 30 27 0
11 33 28 29 0
33 11 28 29 0
11 33 29 28 0
33 11 29 28 0
12 32 23 34 0
32 12 23 34 0
12 32 34 23 0
32 12 34 23 0
12 32 24 33 0
32 12 24 33 0
12 32 33 24 0
32 12 33 24 0
12 32 25 32 0
32 12 25 32 0
12 32 32 25 0
32 12 32 25 0
12 32 26 31 0
32 12 26 31 0
12 32 31 26 0
32 12 31 26 0
12 32 27 30 0
32 12 27 30 0
12 32 30 27 0
32 12 30 27 0
12 32 28 29 0
32 12 28 29 0
12 32 29 28 0
32 12 29 28 0
13 31 23 34 0
31 13 23 34 0
13 31 34 23 0
31 13 34 23 0
13 31 24 33 0
31 13 24 33 0
13 31 33 24 0
31 13 33 24 0
13 31 25 32 0
31 13 25 32 0
13 31 32 25 0
31 13 32 25 0
13 31 26 31 0
31 13 26 31 0
13 31 31 26 0
31 13 31 26 0
13 31 27 30 0
31 13 27 30 0
13 31 30 27 0
31 13 30 27 0
13 31 28 29 0
31 13 28 29 0
13 31 29 28 0
31 13 29 28 0
14 30 23 34 0
30 14 23 34 0
14 30 34 23 0
30 14 34 23 0
14 30 24 33 0
30 14 24 33 0
14 30 33 24 0
30 14 33 24 0
14 30 25 32 0
30 14 25 32 0
14 30 32 25 0
30 14 32 25 0
14 30 26 31 0
30 14 26 31 0
14 30 31 26 0
30 14 31 26 0
14 30 27 30 0
30 14 27 30 0
14 30 30 27 0
30 14 30 27 0
14 30 28 29 0
30 14 28 29 0
14 30 29 28 0
30 14 29 28 0
15 29 23 34 0
29 15 23 34 0
15 29 34 23 0
29 15 34 23 0
15 29 24 33 0
29 15 24 33 0
15 29 33 24 0
29 15 33 24 0
15 29 25 32 0
29 15 25 32 0
15 29 32 25 0
29 15 32 25 0
15 29 26 31 0
29 15 26 31 0
15 29 31 26 0
29 15 31 26 0
15 29 27 30 0
29 15 27 30 0
15 29 30 27 0
29 15 30 27 0
15 29 28 29 1
29 15 28 29 1
15 29 29 28 1
29 15 29 28 1
16 28 23 34 0
28 16 23 34 0
16 28 34 23 0
28 16 34 23 0
16 28 24 33 1
28 16 24 33 1
16 28 33 24 1
28 16 33 24 1
16 28 25 32 3
28 16 25 32 3
16 28 32 25 3
28 16 32 25 3
16 28 26 31 6
28 16 26 31 6
16 28 31 26 6
28 16 31 26 6
16 28 27 30 9
28 16 27 30 9
16 28 30 27 9
28 16 30 27 9
16 28 28 29 12
28 16 28 29 12
16 28 29 28 12
28 16 29 28 12
12 32 21 36 0
32 12 21 36 0
12 32 36 21 0
32 12 36 21 0
12 32 22 35 0
32 12 22 35 0
12 32 35 22 0
32 12 35 22 0
13 31 21 36 0
31 13 21 36 0
13 31 36 21 0
31 13 36 21 0
13 31 22 35 0
31 13 22 35 0
13 31 35 22 0
31 13 35 22 0
14 30 21 36 0
30 14 21 36 0
14 30 36 21 0
30 14 36 21 0
14 30 22 35 0
30 14 22 35 0
14 30 35 22 0
30 14 35 22 0
15 29 21 36 0
29 15 21 36 0
15 29 36 21 0
29 15 36 21 0
15 29 22 35 0
29 15 22 35 0
15 29 35 22 0
29 15 35 22 0
16 28 21 36 0
28 16 21 36 0
16 28 36 21 0
28 16 36 21 0
16 28 22 35 0
28 16 22 35 0
16 28 35 22 0
28 16 35 22 0
17 27 21 36 0
27 17 21 36 0
17 27 36 21 0
27 17 36 21 0
17 27 22 35 1
27 17 22 35 1
17 27 35 22 1
27 17 35 22 1
17 27 23 34 3
27 17 23 34 3
17 27 34 23 3
27 17 34 23 3
17 27 24 33 10
27 17 24 33 10
17 27 33 24 10
27 17 33 24 10
17 27 25 32 21
27 17 25 32 21
17 27 32 25 21
27 17 32 25 21
17 27 26 31 36
27 17 26 31 36
17 27 31 26 36
27 17 31 26 36
17 27 27 30 50
27 17 27 30 50
17 27 30 27 50
27 17 30 27 50
17 27 28 29 60
27 17 28 29 60
17 27 29 28 60
27 17 29 28 60
18 26 21 36 1
26 18 21 36 1
18 26 36 21 1
26 18 36 21 1
18 26 22 35 6
26 18 22 35 6
18 26 35 22 6
26 18 35 22 6
18 26 23 34 17
26 18 23 34 17
18 26 34 23 17
26 18 34 23 17
18 26 24 33 40
26 18 24 33 40
18 26 33 24 40
26 18 33 24 40
18 26 25 32 75
26 18 25 32 75
18 26 32 25 75
26 18 32 25 75
18 26 26 31 118
26 18 26 31 118
18 26 31 26 118
26 18 31 26 118
18 26 27 30 157
26 18 27 30 157
18 26 30 27 157
26 18 30 27 157
18 26 28 29 182
26 18 28 29 182
18 26 29 28 182
26 18 29 28 182
19 25 23 34 48
25 19 23 34 48
19 25 34 23 48
25 19 34 23 48
19 25 24 33 103
25 19 24 33 103
19 25 33 24 103
25 19 33 24 103
19 25 25 32 180
25 19 25 32 180
19 25 32 25 180
25 19 32 25 180
19 25 26 31 271
25 19 26 31 271
19 25 31 26 271
25 19 31 26 271
19 25 27 30 352
25 19 27 30 352
19 25 30 27 352
25 19 30 27 352
19 25 28 29 402
25 19 28 29 402
19 25 29 28 402
25 19 29 28 402
13 31 19 38 0
31 13 19 38 0
13 31 38 19 0
31 13 38 19 0
13 31 20 37 0
31 13 20 37 0
13 31 37 20 0
31 13 37 20 0
14 30 19 38 0
30 14 19 38 0
14 30 38 19 0
30 14 38 19 0
14 30 20 37 0
30 14 20 37 0
14 30 37 20 0
30 14 37 20 0
15 29 19 38 0
29 15 19 38 0
15 29 38 19 0
29 15 38 19 0
15 29 20 37 0
29 15 20 37 0
15 29 37 20 0
29 15 37 20 0
16 28 19 38 0
28 16 19 38 0
16 28 38 19 0
28 16 38 19 0
16 28 20 37 0
28 16 20 37 0
16 28 37 20 0
28 16 37 20 0
17 27 19 38 0
27 17 19 38 0
17 27 38 19 0
27 17 38 19 0
17 27 20 37 0
27 17 20 37 0
17 27 37 20 0
27 17 37 20 0
18 26 19 38 0
26 18 19 38 0
18 26 38 19 0
26 18 38 19 0
18 26 20 37 0
26 18 20 37 0
18 26 37 20 0
26 18 37 20 0
14 30 18 39 0
30 14 18 39 0
14 30 39 18 0
30 14 39 18 0
15 29 18 39 0
29 15 18 39 0
15 29 39 18 0
29 15 39 18 0
16 28 18 39 0
28 16 18 39 0
16 28 39 18 0
28 16 39 18 0
17 27 18 39 0
27 17 18 39 0
17 27 39 18 0
27 17 39 18 0
18 26 18 39 0
26 18 18 39 0
18 26 39 18 0
26 18 39 18 0
19 25 18 39 0
25 19 18 39 0
19 25 39 18 0
25 19 39 18 0
19 25 19 38 0
25 19 19 38 0
19 25 38 19 0
25 19 38 19 0
19 25 20 37 1
25 19 20 37 1
19 25 37 20 1
25 19 37 20 1
19 25 21 36 5
25 19 21 36 5
19 25 36 21 5
25 19 36 21 5
19 25 22 35 19
25 19 22 35 19
19 25 35 22 19
25 19 35 22 19
20 24 19 38 0
24 20 19 38 0
20 24 38 19 0
24 20 38 19 0
20 24 20 37 2
24 20 20 37 2
20 24 37 20 2
24 20 37 20 2
20 24 21 36 11
24 20 21 36 11
20 24 36 21 11
24 20 36 21 11
20 24 22 35 37
24 20 22 35 37
20 24 35 22 37
24 20 35 22 37
20 24 23 34 91
24 20 23 34 91
20 24 34 23 91
24 20 34 23 91
20 24 24 33 186
24 20 24 33 186
20 24 33 24 186
24 20 33 24 186
20 24 25 32 316
24 20 25 32 316
20 24 32 25 316
24 20 32 25 316
20 24 26 31 465
24 20 26 31 465
20 24 31 26 465
24 20 31 26 465
20 24 27 30 597
24 20 27 30 597
20 24 30 27 597
24 20 30 27 597
20 24 28 29 676
24 20 28 29 676
20 24 29 28 676
24 20 29 28 676
21 23 22 35 57
23 21 22 35 57
21 23 35 22 57
23 21 35 22 57
21 23 23 34 134
23 21 23 34 134
21 23 34 23 134
23 21 34 23 134
21 23 24 33 266
23 21 24 33 266
21 23 33 24 266
23 21 33 24 266
21 23 25 32 442
23 21 25 32 442
21 23 32 25 442
23 21 32 25 442
21 23 26 31 642
23 21 26 31 642
21 23 31 26 642
23 21 31 26 642
21 23 27 30 817
23 21 27 30 817
21 23 30 27 817
23 21 30 27 817
21 23 28 29 921
23 21 28 29 921
21 23 29 28 921
23 21 29 28 921
15 29 17 40 0
29 15 17 40 0
15 29 40 17 0
29 15 40 17 0
16 28 17 40 0
28 16 17 40 0
16 28 40 17 0
28 16 40 17 0
17 27 17 40 0
27 17 17 40 0
17 27 40 17 0
27 17 40 17 0
18 26 17 40 0
26 18 17 40 0
18 26 40 17 0
26 18 40 17 0
19 25 17 40 0
25 19 17 40 0
19 25 40 17 0
25 19 40 17 0
20 24 17 40 0
24 20 17 40 0
20 24 40 17 0
24 20 40 17 0
20 24 18 39 0
24 20 18 39 0
20 24 39 18 0
24 20 39 18 0
21 23 17 40 0
23 21 17 40 0
21 23 40 17 0
23 21 40 17 0
21 23 18 39 0
23 21 18 39 0
21 23 39 18 0
23 21 39 18 0
21 23 19 38 0
23 21 19 38 0
21 23 38 19 0
23 21 38 19 0
21 23 20 37 4
23 21 20 37 4
21 23 37 20 4
23 21 37 20 4
21 23 21 36 18
23 21 21 36 18
21 23 36 21 18
23 21 36 21 18
22 22 19 38 0
22 22 38 19 0
22 22 20 37 4
22 22 37 20 4
22 22 21 36 20
22 22 36 21 20
22 22 22 35 63
22 22 35 22 63
22 22 23 34 149
22 22 34 23 149
22 22 24 33 294
22 22 33 24 294
22 22 25 32 488
22 22 32 25 488
22 22 26 31 707
22 22 31 26 707
22 22 27 30 899
22 22 30 27 899
22 22 28 29 1012
22 22 29 28 1012
22 22 17 40 0
22 22 40 17 0
22 22 18 39 0
22 22 39 18 0
16 28 16 41 0
28 16 16 41 0
16 28 41 16 0
28 16 41 16 0
17 27 16 41 0
27 17 16 41 0
17 27 41 16 0
27 17 41 16 0
18 26 16 41 0
26 18 16 41 0
18 26 41 16 0
26 18 41 16 0
19 25 16 41 0
25 19 16 41 0
19 25 41 16 0
25 19 41 16 0
20 24 16 41 0
24 20 16 41 0
20 24 41 16 0
24 20 41 16 0
21 23 16 41 0
23 21 16 41 0
21 23 41 16 0
23 21 41 16 0
22 22 16 41 0
22 22 41 16 0
18 26 15 42 0
26 18 15 42 0
18 26 42 15 0
26 18 42 15 0
19 25 15 42 0
25 19 15 42 0
19 25 42 15 0
25 19 42 15 0
20 24 15 42 0
24 20 15 42 0
20 24 42 15 0
24 20 42 15 0
21 23 15 42 0
23 21 15 42 0
21 23 42 15 0
23 21 42 15 0
22 22 15 42 0
22 22 42 15 0
