0 20 10 15 0
20 0 10 15 0
0 20 15 10 0
20 0 15 10 0
0 20 11 14 0
20 0 11 14 0
0 20 14 11 0
20 0 14 11 0
0 20 12 13 0
20 0 12 13 0
0 20 13 12 0
20 0 13 12 0
1 19 10 15 0
19 1 10 15 0
1 19 15 10 0
19 1 15 10 0
1 19 11 14 0
19 1 11 14 0
1 19 14 11 0
19 1 14 11 0
1 19 12 13 0
19 1 12 13 0
1 19 13 12 0
19 1 13 12 0
2 18 10 15 2
18 2 10 15 2
2 18 15 10 2
18 2 15 10 2
2 18 11 14 3
18 2 11 14 3
2 18 14 11 3
18 2 14 11 3
2 18 12 13 4
18 2 12 13 4
2 18 13 12 4
18 2 13 12 4
3 17 10 15 11
17 3 10 15 11
3 17 15 10 11
17 3 15 10 11
3 17 11 14 16
17 3 11 14 16
3 17 14 11 16
17 3 14 11 16
3 17 12 13 20
17 3 12 13 20
3 17 13 12 20
17 3 13 12 20
4 16 10 15 39
16 4 10 15 39
4 16 15 10 39
16 4 15 10 39
4 16 11 14 54
16 4 11 14 54
4 16 14 11 54
16 4 14 11 54
4 16 12 13 65
16 4 12 13 65
4 16 13 12 65
16 4 13 12 65
5 15 10 15 95
15 5 10 15 95
5 15 15 10 95
15 5 15 10 95
5 15 11 14 128
15 5 11 14 128
5 15 14 11 128
15 5 14 11 128
5 15 12 13 151
15 5 12 13 151
5 15 13 12 151
15 5 13 12 151
1 19 6 19 0
19 1 6 19 0
1 19 19 6 0
19 1 19 6 0
1 19 7 18 0
19 1 7 18 0
1 19 18 7 0
19 1 18 7 0
1 19 8 17 0
19 1 8 17 0
1 19 17 8 0
19 1 17 8 0
1 19 9 16 0
19 1 9 16 0
1 19 16 9 0
19 1 16 9 0
2 18 6 19 0
18 2 6 19 0
2 18 19 6 0
18 2 19 6 0
2 18 7 18 0
18 2 7 18 0
2 18 18 7 0
18 2 18 7 0
2 18 8 17 0
18 2 8 17 0
2 18 17 8 0
18 2 17 8 0
2 18 9 16 1
18 2 9 16 1
2 18 16 9 1
18 2 16 9 1
3 17 6 19 0
17 3 6 19 0
3 17 19 6 0
17 3 19 6 0
3 17 7 18 0
17 3 7 18 0
3 17 18 7 0
17 3 18 7 0
3 17 8 17 2
17 3 8 17 2
3 17 17 8 2
17 3 17 8 2
3 17 9 16 6
17 3 9 16 6
3 17 16 9 6
17 3 16 9 6
4 16 6 19 1
16 4 6 19 1
4 16 19 6 1
16 4 19 6 1
4 16 7 18 3
16 4 7 18 3
4 16 18 7 3
16 4 18 7 3
4 16 8 17 10
16 4 8 17 10
4 16 17 8 10
16 4 17 8 10
4 16 9 16 23
16 4 9 16 23
4 16 16 9 23
16 4 16 9 23
5 15 6 19 3
15 5 6 19 3
5 15 19 6 3
15 5 19 6 3
5 15 7 18 10
15 5 7 18 10
5 15 18 7 10
15 5 18 7 10
5 15 8 17 28
15 5 8 17 28
5 15 17 8 28
15 5 17 8 28
5 15 9 16 58
15 5 9 16 58
5 15 16 9 58
15 5 16 9 58
6 14 6 19 9
14 6 6 19 9
6 14 19 6 9
14 6 19 6 9
6 14 7 18 26
14 6 7 18 26
6 14 18 7 26
14 6 18 7 26
6 14 8 17 62
14 6 8 17 62
6 14 17 8 62
14 6 17 8 62
6 14 9 16 118
14 6 9 16 118
6 14 16 9 118
14 6 16 9 118
6 14 10 15 185
14 6 10 15 185
6 14 15 10 185
14 6 15 10 185
6 14 11 14 245
14 6 11 14 245
6 14 14 11 245
14 6 14 11 245
6 14 12 13 284
14 6 12 13 284
6 14 13 12 284
14 6 13 12 284
7 13 6 19 19
13 7 6 19 19
7 13 19 6 19
13 7 19 6 19
7 13 7 18 50
13 7 7 18 50
7 13 18 7 50
13 7 18 7 50
7 13 8 17 110
13 7 8 17 110
7 13 17 8 110
13 7 17 8 110
7 13 9 16 198
13 7 9 16 198
7 13 16 9 198
13 7 16 9 198
7 13 10 15 301
13 7 10 15 301
7 13 15 10 301
13 7 15 10 301
7 13 11 14 392
13 7 11 14 392
7 13 14 11 392
13 7 14 11 392
7 13 12 13 450
13 7 12 13 450
7 13 13 12 450
13 7 13 12 450
8 12 6 19 31
12 8 6 19 31
8 12 19 6 31
12 8 19 6 31
8 12 7 18 77
12 8 7 18 77
8 12 18 7 77
12 8 18 7 77
8 12 8 17 161
12 8 8 17 161
8 12 17 8 161
12 8 17 8 161
8 12 9 16 280
12 8 9 16 280
8 12 16 9 280
12 8 16 9 280
8 12 10 15 417
12 8 10 15 417
8 12 15 10 417
12 8 15 10 417
8 12 11 14 537
12 8 11 14 537
8 12 14 11 537
12 8 14 11 537
8 12 12 13 612
12 8 12 13 612
8 12 13 12 612
12 8 13 12 612
2 18 4 21 0
18 2 4 21 0
2 18 21 4 0
18 2 21 4 0
2 18 5 20 0
18 2 5 20 0
2 18 20 5 0
18 2 20 5 0
3 17 4 21 0
17 3 4 21 0
3 17 21 4 0
17 3 21 4 0
3 17 5 20 0
17 3 5 20 0
3 17 20 5 0
17 3 20 5 0
4 16 4 21 0
16 4 4 21 0
4 16 21 4 0
16 4 21 4 0
4 16 5 20 0
16 4 5 20 0
4 16 20 5 0
16 4 20 5 0
5 15 4 21 0
15 5 4 21 0
5 15 21 4 0
15 5 21 4 0
5 15 5 20 0
15 5 5 20 0
5 15 20 5 0
15 5 20 5 0
6 14 4 21 0
14 6 4 21 0
6 14 21 4 0
14 6 21 4 0
6 14 5 20 1
14 6 5 20 1
6 14 20 5 1
14 6 20 5 1
7 13 4 21 1
13 7 4 21 1
7 13 21 4 1
13 7 21 4 1
7 13 5 20 4
13 7 5 20 4
7 13 20 5 4
13 7 20 5 4
3 17 3 22 0
17 3 3 22 0
3 17 22 3 0
17 3 22 3 0
4 16 3 22 0
16 4 3 22 0
4 16 22 3 0
16 4 22 3 0
5 15 3 22 0
15 5 3 22 0
5 15 22 3 0
15 5 22 3 0
6 14 3 22 0
14 6 3 22 0
6 14 22 3 0
14 6 22 3 0
7 13 3 22 0
13 7 3 22 0
7 13 22 3 0
13 7 22 3 0
8 12 3 22 0
12 8 3 22 0
8 12 22 3 0
12 8 22 3 0
8 12 4 21 2
12 8 4 21 2
8 12 21 4 2
12 8 21 4 2
8 12 5 20 8
12 8 5 20 8
8 12 20 5 8
12 8 20 5 8
9 11 3 22 0
11 9 3 22 0
9 11 22 3 0
11 9 22 3 0
9 11 4 21 3
11 9 4 21 3
9 11 21 4 3
11 9 21 4 3
9 11 5 20 12
11 9 5 20 12
9 11 20 5 12
11 9 20 5 12
9 11 6 19 42
11 9 6 19 42
9 11 19 6 42
11 9 19 6 42
9 11 7 18 100
11 9 7 18 100
9 11 18 7 100
11 9 18 7 100
9 11 8 17 203
11 9 8 17 203
9 11 17 8 203
11 9 17 8 203
9 11 9 16 345
11 9 9 16 345
9 11 16 9 345
11 9 16 9 345
9 11 10 15 507
11 9 10 15 507
9 11 15 10 507
11 9 15 10 507
9 11 11 14 648
11 9 11 14 648
9 11 14 11 648
11 9 14 11 648
9 11 12 13 735
11 9 12 13 735
9 11 13 12 735
11 9 13 12 735
10 10 3 22 0
10 10 22 3 0
10 10 4 21 3
10 10 21 4 3
10 10 5 20 13
10 10 20 5 13
10 10 6 19 45
10 10 19 6 45
10 10 7 18 107
10 10 18 7 107
10 10 8 17 216
10 10 17 8 216
10 10 9 16 366
10 10 16 9 366
10 10 10 15 537
10 10 15 10 537
10 10 11 14 685
10 10 14 11 685
10 10 12 13 776
10 10 13 12 776
4 16 2 23 0
16 4 2 23 0
4 16 23 2 0
16 4 23 2 0
5 15 2 23 0
15 5 2 23 0
5 15 23 2 0
15 5 23 2 0
6 14 2 23 0
14 6 2 23 0
6 14 23 2 0
14 6 23 2 0
7 13 2 23 0
13 7 2 23 0
7 13 23 2 0
13 7 23 2 0
8 12 2 23 0
12 8 2 23 0
8 12 23 2 0
12 8 23 2 0
9 11 2 23 0
11 9 2 23 0
9 11 23 2 0
11 9 23 2 0
10 10 2 23 0
10 10 23 2 0
6 14 1 24 0
14 6 1 24 0
6 14 24 1 0
14 6 24 1 0
7 13 1 24 0
13 7 1 24 0
7 13 24 1 0
13 7 24 1 0
8 12 1 24 0
12 8 1 24 0
8 12 24 1 0
12 8 24 1 0
9 11 1 24 0
11 9 1 24 0
9 11 24 1 0
11 9 24 1 0
10 10 1 24 0
10 10 24 1 0
