13 34 26 35 0
34 13 26 35 0
13 34 35 26 0
34 13 35 26 0
13 34 27 34 0
34 13 27 34 0
13 34 34 27 0
34 13 34 27 0
13 34 28 33 0
34 13 28 33 0
13 34 33 28 0
34 13 33 28 0
13 34 29 32 0
34 13 29 32 0
13 34 32 29 0
34 13 32 29 0
13 34 30 31 0
34 13 30 31 0
13 34 31 30 0
34 13 31 30 0
14 33 26 35 0
33 14 26 35 0
14 33 35 26 0
33 14 35 26 0
14 33 27 34 0
33 14 27 34 0
14 33 34 27 0
33 14 34 27 0
14 33 28 33 0
33 14 28 33 0
14 33 33 28 0
33 14 33 28 0
14 33 29 32 0
33 14 29 32 0
14 33 32 29 0
33 14 32 29 0
14 33 30 31 0
33 14 30 31 0
14 33 31 30 0
33 14 31 30 0
15 32 26 35 0
32 15 26 35 0
15 32 35 26 0
32 15 35 26 0
15 32 27 34 0
32 15 27 34 0
15 32 34 27 0
32 15 34 27 0
15 32 28 33 0
32 15 28 33 0
15 32 33 28 0
32 15 33 28 0
15 32 29 32 0
32 15 29 32 0
15 32 32 29 0
32 15 32 29 0
15 32 30 31 0
32 15 30 31 0
15 32 31 30 0
32 15 31 30 0
16 31 26 35 0
31 16 26 35 0
16 31 35 26 0
31 16 35 26 0
16 31 27 34 0
31 16 27 34 0
16 31 34 27 0
31 16 34 27 0
16 31 28 33 0
31 16 28 33 0
16 31 33 28 0
31 16 33 28 0
16 31 29 32 0
31 16 29 32 0
16 31 32 29 0
31 16 32 29 0
16 31 30 31 0
31 16 30 31 0
16 31 31 30 0
31 16 31 30 0
17 30 26 35 0
30 17 26 35 0
17 30 35 26 0
30 17 35 26 0
17 30 27 34 0
30 17 27 34 0
17 30 34 27 0
30 17 34 27 0
17 30 28 33 0
30 17 28 33 0
17 30 33 28 0
30 17 33 28 0
17 30 29 32 0
30 17 29 32 0
17 30 32 29 0
30 17 32 29 0
17 30 30 31 0
30 17 30 31 0
17 30 31 30 0
30 17 31 30 0
18 29 26 35 0
29 18 26 35 0
18 29 35 26 0
29 18 35 26 0
18 29 27 34 0
29 18 27 34 0
18 29 34 27 0
29 18 34 27 0
18 29 28 33 1
29 18 28 33 1
18 29 33 28 1
29 18 33 28 1
18 29 29 32 2
29 18 29 32 2
18 29 32 29 2
29 18 32 29 2
18 29 30 31 3
29 18 30 31 3
18 29 31 30 3
29 18 31 30 3
14 33 23 38 0
33 14 23 38 0
14 33 38 23 0
33 14 38 23 0
14 33 24 37 0
33 14 24 37 0
14 33 37 24 0
33 14 37 24 0
14 33 25 36 0
33 14 25 36 0
14 33 36 25 0
33 14 36 25 0
15 32 23 38 0
32 15 23 38 0
15 32 38 23 0
32 15 38 23 0
15 32 24 37 0
32 15 24 37 0
15 32 37 24 0
32 15 37 24 0
15 32 25 36 0
32 15 25 36 0
15 32 36 25 0
32 15 36 25 0
16 31 23 38 0
31 16 23 38 0
16 31 38 23 0
31 16 38 23 0
16 31 24 37 0
31 16 24 37 0
16 31 37 24 0
31 16 37 24 0
16 31 25 36 0
31 16 25 36 0
16 31 36 25 0
31 16 36 25 0
17 30 23 38 0
30 17 23 38 0
17 30 38 23 0
30 17 38 23 0
17 30 24 37 0
30 17 24 37 0
17 30 37 24 0
30 17 37 24 0
17 30 25 36 0
30 17 25 36 0
17 30 36 25 0
30 17 36 25 0
18 29 23 38 0
29 18 23 38 0
18 29 38 23 0
29 18 38 23 0
18 29 24 37 0
29 18 24 37 0
18 29 37 24 0
29 18 37 24 0
18 29 25 36 0
29 18 25 36 0
18 29 36 25 0
29 18 36 25 0
19 28 23 38 0
28 19 23 38 0
19 28 38 23 0
28 19 38 23 0
19 28 24 37 0
28 19 24 37 0
19 28 37 24 0
28 19 37 24 0
19 28 25 36 1
28 19 25 36 1
19 28 36 25 1
28 19 36 25 1
19 28 26 35 3
28 19 26 35 3
19 28 35 26 3
28 19 35 26 3
19 28 27 34 7
28 19 27 34 7
19 28 34 27 7
28 19 34 27 7
19 28 28 33 13
28 19 28 33 13
19 28 33 28 13
28 19 33 28 13
19 28 29 32 19
28 19 29 32 19
19 28 32 29 19
28 19 32 29 19
19 28 30 31 23
28 19 30 31 23
19 28 31 30 23
28 19 31 30 23
15 32 22 39 0
32 15 22 39 0
15 32 39 22 0
32 15 39 22 0
16 31 22 39 0
31 16 22 39 0
16 31 39 22 0
31 16 39 22 0
17 30 22 39 0
30 17 22 39 0
17 30 39 22 0
30 17 39 22 0
18 29 22 39 0
29 18 22 39 0
18 29 39 22 0
29 18 39 22 0
19 28 22 39 0
28 19 22 39 0
19 28 39 22 0
28 19 39 22 0
20 27 22 39 0
27 20 22 39 0
20 27 39 22 0
27 20 39 22 0
20 27 23 38 0
27 20 23 38 0
20 27 38 23 0
27 20 38 23 0
20 27 24 37 1
27 20 24 37 1
20 27 37 24 1
27 20 37 24 1
20 27 25 36 5
27 20 25 36 5
20 27 36 25 5
27 20 36 25 5
20 27 26 35 13
27 20 26 35 13
20 27 35 26 13
27 20 35 26 13
20 27 27 34 27
27 20 27 34 27
20 27 34 27 27
27 20 34 27 27
20 27 28 33 45
27 20 28 33 45
20 27 33 28 45
27 20 33 28 45
20 27 29 32 62
27 20 29 32 62
20 27 32 29 62
27 20 32 29 62
20 27 30 31 73
27 20 30 31 73
20 27 31 30 73
27 20 31 30 73
21 26 23 38 1
26 21 23 38 1
21 26 38 23 1
26 21 38 23 1
21 26 24 37 5
26 21 24 37 5
21 26 37 24 5
26 21 37 24 5
21 26 25 36 16
26 21 25 36 16
21 26 36 25 16
26 21 36 25 16
21 26 26 35 36
26 21 26 35 36
21 26 35 26 36
26 21 35 26 36
21 26 27 34 68
26 21 27 34 68
21 26 34 27 68
26 21 34 27 68
21 26 28 33 106
26 21 28 33 106
21 26 33 28 106
26 21 33 28 106
21 26 29 32 141
26 21 29 32 141
21 26 32 29 141
26 21 32 29 141
21 26 30 31 163
26 21 30 31 163
21 26 31 30 163
26 21 31 30 163
22 25 26 35 63
25 22 26 35 63
22 25 35 26 63
25 22 35 26 63
22 25 27 34 115
25 22 27 34 115
22 25 34 27 115
25 22 34 27 115
22 25 28 33 175
25 22 28 33 175
22 25 33 28 175
25 22 33 28 175
22 25 29 32 229
25 22 29 32 229
22 25 32 29 229
25 22 32 29 229
22 25 30 31 263
25 22 30 31 263
22 25 31 30 263
25 22 31 30 263
16 31 20 41 0
31 16 20 41 0
16 31 41 20 0
31 16 41 20 0
16 31 21 40 0
31 16 21 40 0
16 31 40 21 0
31 16 40 21 0
17 30 20 41 0
30 17 20 41 0
17 30 41 20 0
30 17 41 20 0
17 30 21 40 0
30 17 21 40 0
17 30 40 21 0
30 17 40 21 0
18 29 20 41 0
29 18 20 41 0
18 29 41 20 0
29 18 41 20 0
18 29 21 40 0
29 18 21 40 0
18 29 40 21 0
29 18 40 21 0
19 28 20 41 0
28 19 20 41 0
19 28 41 20 0
28 19 41 20 0
19 28 21 40 0
28 19 21 40 0
19 28 40 21 0
28 19 40 21 0
20 27 20 41 0
27 20 20 41 0
20 27 41 20 0
27 20 41 20 0
20 27 21 40 0
27 20 21 40 0
20 27 40 21 0
27 20 40 21 0
21 26 20 41 0
26 21 20 41 0
21 26 41 20 0
26 21 41 20 0
21 26 21 40 0
26 21 21 40 0
21 26 40 21 0
26 21 40 21 0
21 26 22 39 0
26 21 22 39 0
21 26 39 22 0
26 21 39 22 0
22 25 20 41 0
25 22 20 41 0
22 25 41 20 0
25 22 41 20 0
22 25 21 40 0
25 22 21 40 0
22 25 40 21 0
25 22 40 21 0
22 25 22 39 0
25 22 22 39 0
22 25 39 22 0
25 22 39 22 0
22 25 23 38 2
25 22 23 38 2
22 25 38 23 2
25 22 38 23 2
22 25 24 37 10
25 22 24 37 10
22 25 37 24 10
25 22 37 24 10
22 25 25 36 29
25 22 25 36 29
22 25 36 25 29
25 22 36 25 29
23 24 22 39 0
24 23 22 39 0
23 24 39 22 0
24 23 39 22 0
23 24 23 38 3
24 23 23 38 3
23 24 38 23 3
24 23 38 23 3
23 24 24 37 14
24 23 24 37 14
23 24 37 24 14
24 23 37 24 14
23 24 25 36 39
24 23 25 36 39
23 24 36 25 39
24 23 36 25 39
23 24 26 35 83
24 23 26 35 83
23 24 35 26 83
24 23 35 26 83
23 24 27 34 149
24 23 27 34 149
23 24 34 27 149
24 23 34 27 149
23 24 28 33 224
24 23 28 33 224
23 24 33 28 224
24 23 33 28 224
23 24 29 32 291
24 23 29 32 291
23 24 32 29 291
24 23 32 29 291
23 24 30 31 333
24 23 30 31 333
23 24 31 30 333
24 23 31 30 333
18 29 19 42 0
29 18 19 42 0
18 29 42 19 0
29 18 42 19 0
19 28 19 42 0
28 19 19 42 0
19 28 42 19 0
28 19 42 19 0
20 27 19 42 0
27 20 19 42 0
20 27 42 19 0
27 20 42 19 0
21 26 19 42 0
26 21 19 42 0
21 26 42 19 0
26 21 42 19 0
22 25 19 42 0
25 22 19 42 0
22 25 42 19 0
25 22 42 19 0
23 24 19 42 0
24 23 19 42 0
23 24 42 19 0
24 23 42 19 0
23 24 20 41 0
24 23 20 41 0
23 24 41 20 0
24 23 41 20 0
23 24 21 40 0
24 23 21 40 0
23 24 40 21 0
24 23 40 21 0
19 28 18 43 0
28 19 18 43 0
19 28 43 18 0
28 19 43 18 0
20 27 18 43 0
27 20 18 43 0
20 27 43 18 0
27 20 43 18 0
21 26 18 43 0
26 21 18 43 0
21 26 43 18 0
26 21 43 18 0
22 25 18 43 0
25 22 18 43 0
22 25 43 18 0
25 22 43 18 0
23 24 18 43 0
24 23 18 43 0
23 24 43 18 0
24 23 43 18 0
