3 26 13 24 0
26 3 13 24 0
3 26 24 13 0
26 3 24 13 0
3 26 14 23 0
26 3 14 23 0
3 26 23 14 0
26 3 23 14 0
3 26 15 22 0
26 3 15 22 0
3 26 22 15 0
26 3 22 15 0
3 26 16 21 0
26 3 16 21 0
3 26 21 16 0
26 3 21 16 0
3 26 17 20 0
26 3 17 20 0
3 26 20 17 0
26 3 20 17 0
3 26 18 19 0
26 3 18 19 0
3 26 19 18 0
26 3 19 18 0
4 25 13 24 0
25 4 13 24 0
4 25 24 13 0
25 4 24 13 0
4 25 14 23 0
25 4 14 23 0
4 25 23 14 0
25 4 23 14 0
4 25 15 22 0
25 4 15 22 0
4 25 22 15 0
25 4 22 15 0
4 25 16 21 0
25 4 16 21 0
4 25 21 16 0
25 4 21 16 0
4 25 17 20 0
25 4 17 20 0
4 25 20 17 0
25 4 20 17 0
4 25 18 19 0
25 4 18 19 0
4 25 19 18 0
25 4 19 18 0
5 24 13 24 0
24 5 13 24 0
5 24 24 13 0
24 5 24 13 0
5 24 14 23 0
24 5 14 23 0
5 24 23 14 0
24 5 23 14 0
5 24 15 22 0
24 5 15 22 0
5 24 22 15 0
24 5 22 15 0
5 24 16 21 0
24 5 16 21 0
5 24 21 16 0
24 5 21 16 0
5 24 17 20 0
24 5 17 20 0
5 24 20 17 0
24 5 20 17 0
5 24 18 19 1
24 5 18 19 1
5 24 19 18 1
24 5 19 18 1
6 23 13 24 0
23 6 13 24 0
6 23 24 13 0
23 6 24 13 0
6 23 14 23 1
23 6 14 23 1
6 23 23 14 1
23 6 23 14 1
6 23 15 22 3
23 6 15 22 3
6 23 22 15 3
23 6 22 15 3
6 23 16 21 5
23 6 16 21 5
6 23 21 16 5
23 6 21 16 5
6 23 17 20 7
23 6 17 20 7
6 23 20 17 7
23 6 20 17 7
6 23 18 19 10
23 6 18 19 10
6 23 19 18 10
23 6 19 18 10
7 22 13 24 3
22 7 13 24 3
7 22 24 13 3
22 7 24 13 3
7 22 14 23 9
22 7 14 23 9
7 22 23 14 9
22 7 23 14 9
7 22 15 22 20
22 7 15 22 20
7 22 22 15 20
22 7 22 15 20
7 22 16 21 33
22 7 16 21 33
7 22 21 16 33
22 7 21 16 33
7 22 17 20 45
22 7 17 20 45
7 22 20 17 45
22 7 20 17 45
7 22 18 19 55
22 7 18 19 55
7 22 19 18 55
22 7 19 18 55
8 21 13 24 20
21 8 13 24 20
8 21 24 13 20
21 8 24 13 20
8 21 14 23 46
21 8 14 23 46
8 21 23 14 46
21 8 23 14 46
8 21 15 22 87
21 8 15 22 87
8 21 22 15 87
21 8 22 15 87
8 21 16 21 135
21 8 16 21 135
8 21 21 16 135
21 8 21 16 135
8 21 17 20 178
21 8 17 20 178
8 21 20 17 178
21 8 20 17 178
8 21 18 19 207
21 8 18 19 207
8 21 19 18 207
21 8 19 18 207
4 25 11 26 0
25 4 11 26 0
4 25 26 11 0
25 4 26 11 0
4 25 12 25 0
25 4 12 25 0
4 25 25 12 0
25 4 25 12 0
5 24 11 26 0
24 5 11 26 0
5 24 26 11 0
24 5 26 11 0
5 24 12 25 0
24 5 12 25 0
5 24 25 12 0
24 5 25 12 0
6 23 11 26 0
23 6 11 26 0
6 23 26 11 0
23 6 26 11 0
6 23 12 25 0
23 6 12 25 0
6 23 25 12 0
23 6 25 12 0
7 22 11 26 0
22 7 11 26 0
7 22 26 11 0
22 7 26 11 0
7 22 12 25 1
22 7 12 25 1
7 22 25 12 1
22 7 25 12 1
8 21 11 26 1
21 8 11 26 1
8 21 26 11 1
21 8 26 11 1
8 21 12 25 7
21 8 12 25 7
8 21 25 12 7
21 8 25 12 7
9 20 11 26 7
20 9 11 26 7
9 20 26 11 7
20 9 26 11 7
9 20 12 25 28
20 9 12 25 28
9 20 25 12 28
20 9 25 12 28
9 20 13 24 72
20 9 13 24 72
9 20 24 13 72
20 9 24 13 72
9 20 14 23 151
20 9 14 23 151
9 20 23 14 151
20 9 23 14 151
9 20 15 22 264
20 9 15 22 264
9 20 22 15 264
20 9 22 15 264
9 20 16 21 393
20 9 16 21 393
9 20 21 16 393
20 9 21 16 393
9 20 17 20 507
20 9 17 20 507
9 20 20 17 507
20 9 20 17 507
9 20 18 19 578
20 9 18 19 578
9 20 19 18 578
20 9 19 18 578
10 19 11 26 28
19 10 11 26 28
10 19 26 11 28
19 10 26 11 28
10 19 12 25 85
19 10 12 25 85
10 19 25 12 85
19 10 25 12 85
10 19 13 24 197
19 10 13 24 197
10 19 24 13 197
19 10 24 13 197
10 19 14 23 382
19 10 14 23 382
10 19 23 14 382
19 10 23 14 382
10 19 15 22 633
19 10 15 22 633
10 19 22 15 633
19 10 22 15 633
10 19 16 21 912
19 10 16 21 912
10 19 21 16 912
19 10 21 16 912
10 19 17 20 1155
19 10 17 20 1155
10 19 20 17 1155
19 10 20 17 1155
10 19 18 19 1302
19 10 18 19 1302
10 19 19 18 1302
19 10 19 18 1302
6 23 10 27 0
23 6 10 27 0
6 23 27 10 0
23 6 27 10 0
7 22 10 27 0
22 7 10 27 0
7 22 27 10 0
22 7 27 10 0
8 21 10 27 0
21 8 10 27 0
8 21 27 10 0
21 8 27 10 0
9 20 10 27 1
20 9 10 27 1
9 20 27 10 1
20 9 27 10 1
10 19 10 27 7
19 10 10 27 7
10 19 27 10 7
19 10 27 10 7
11 18 10 27 19
18 11 10 27 19
11 18 27 10 19
18 11 27 10 19
11 18 11 26 68
18 11 11 26 68
11 18 26 11 68
18 11 26 11 68
11 18 12 25 187
18 11 12 25 187
11 18 25 12 187
18 11 25 12 187
11 18 13 24 409
18 11 13 24 409
11 18 24 13 409
18 11 24 13 409
11 18 14 23 759
18 11 14 23 759
11 18 23 14 759
18 11 23 14 759
11 18 15 22 1219
18 11 15 22 1219
11 18 22 15 1219
18 11 22 15 1219
11 18 16 21 1720
18 11 16 21 1720
11 18 21 16 1720
18 11 21 16 1720
11 18 17 20 2151
18 11 17 20 2151
11 18 20 17 2151
18 11 20 17 2151
11 18 18 19 2407
18 11 18 19 2407
11 18 19 18 2407
18 11 19 18 2407
12 17 11 26 131
17 12 11 26 131
12 17 26 11 131
17 12 26 11 131
12 17 12 25 334
17 12 12 25 334
12 17 25 12 334
17 12 25 12 334
12 17 13 24 698
17 12 13 24 698
12 17 24 13 698
17 12 24 13 698
12 17 14 23 1254
17 12 14 23 1254
12 17 23 14 1254
17 12 23 14 1254
12 17 15 22 1969
17 12 15 22 1969
12 17 22 15 1969
17 12 22 15 1969
12 17 16 21 2736
17 12 16 21 2736
12 17 21 16 2736
17 12 21 16 2736
12 17 17 20 3390
17 12 17 20 3390
12 17 20 17 3390
17 12 20 17 3390
12 17 18 19 3774
17 12 18 19 3774
12 17 19 18 3774
17 12 19 18 3774
13 16 11 26 195
16 13 11 26 195
13 16 26 11 195
16 13 26 11 195
13 16 12 25 480
16 13 12 25 480
13 16 25 12 480
16 13 25 12 480
13 16 13 24 980
16 13 13 24 980
13 16 24 13 980
16 13 24 13 980
13 16 14 23 1730
16 13 14 23 1730
13 16 23 14 1730
16 13 23 14 1730
13 16 15 22 2682
16 13 15 22 2682
13 16 22 15 2682
16 13 22 15 2682
13 16 16 21 3693
16 13 16 21 3693
13 16 21 16 3693
16 13 21 16 3693
13 16 17 20 4550
16 13 17 20 4550
13 16 20 17 4550
16 13 20 17 4550
13 16 18 19 5051
16 13 18 19 5051
13 16 19 18 5051
16 13 19 18 5051
14 15 13 24 1161
15 14 13 24 1161
14 15 24 13 1161
15 14 24 13 1161
14 15 14 23 2031
15 14 14 23 2031
14 15 23 14 2031
15 14 23 14 2031
14 15 15 22 3128
15 14 15 22 3128
14 15 22 15 3128
15 14 22 15 3128
14 15 16 21 4287
15 14 16 21 4287
14 15 21 16 4287
15 14 21 16 4287
14 15 17 20 5267
15 14 17 20 5267
14 15 20 17 5267
15 14 20 17 5267
14 15 18 19 5839
15 14 18 19 5839
14 15 19 18 5839
15 14 19 18 5839
5 24 9 28 0
24 5 9 28 0
5 24 28 9 0
24 5 28 9 0
5 24 10 27 0
24 5 10 27 0
5 24 27 10 0
24 5 27 10 0
6 23 9 28 0
23 6 9 28 0
6 23 28 9 0
23 6 28 9 0
7 22 9 28 0
22 7 9 28 0
7 22 28 9 0
22 7 28 9 0
8 21 9 28 0
21 8 9 28 0
8 21 28 9 0
21 8 28 9 0
9 20 9 28 0
20 9 9 28 0
9 20 28 9 0
20 9 28 9 0
10 19 9 28 1
19 10 9 28 1
10 19 28 9 1
19 10 28 9 1
11 18 9 28 3
18 11 9 28 3
11 18 28 9 3
18 11 28 9 3
6 23 8 29 0
23 6 8 29 0
6 23 29 8 0
23 6 29 8 0
7 22 8 29 0
22 7 8 29 0
7 22 29 8 0
22 7 29 8 0
8 21 8 29 0
21 8 8 29 0
8 21 29 8 0
21 8 29 8 0
9 20 8 29 0
20 9 8 29 0
9 20 29 8 0
20 9 29 8 0
10 19 8 29 0
19 10 8 29 0
10 19 29 8 0
19 10 29 8 0
11 18 8 29 0
18 11 8 29 0
11 18 29 8 0
18 11 29 8 0
7 22 7 30 0
22 7 7 30 0
7 22 30 7 0
22 7 30 7 0
8 21 7 30 0
21 8 7 30 0
8 21 30 7 0
21 8 30 7 0
9 20 7 30 0
20 9 7 30 0
9 20 30 7 0
20 9 30 7 0
10 19 7 30 0
19 10 7 30 0
10 19 30 7 0
19 10 30 7 0
11 18 7 30 0
18 11 7 30 0
11 18 30 7 0
18 11 30 7 0
12 17 7 30 0
17 12 7 30 0
12 17 30 7 0
17 12 30 7 0
12 17 8 29 1
17 12 8 29 1
12 17 29 8 1
17 12 29 8 1
12 17 9 28 9
17 12 9 28 9
12 17 28 9 9
17 12 28 9 9
12 17 10 27 41
17 12 10 27 41
12 17 27 10 41
17 12 27 10 41
13 16 8 29 2
16 13 8 29 2
13 16 29 8 2
16 13 29 8 2
13 16 9 28 15
16 13 9 28 15
13 16 28 9 15
16 13 28 9 15
13 16 10 27 64
16 13 10 27 64
13 16 27 10 64
16 13 27 10 64
13 16 7 30 0
16 13 7 30 0
13 16 30 7 0
16 13 30 7 0
14 15 7 30 0
15 14 7 30 0
14 15 30 7 0
15 14 30 7 0
14 15 8 29 3
15 14 8 29 3
14 15 29 8 3
15 14 29 8 3
14 15 9 28 20
15 14 9 28 20
14 15 28 9 20
15 14 28 9 20
14 15 10 27 81
15 14 10 27 81
14 15 27 10 81
15 14 27 10 81
14 15 11 26 239
15 14 11 26 239
14 15 26 11 239
15 14 26 11 239
14 15 12 25 576
15 14 12 25 576
14 15 25 12 576
15 14 25 12 576
8 21 6 31 0
21 8 6 31 0
8 21 31 6 0
21 8 31 6 0
9 20 6 31 0
20 9 6 31 0
9 20 31 6 0
20 9 31 6 0
10 19 6 31 0
19 10 6 31 0
10 19 31 6 0
19 10 31 6 0
11 18 6 31 0
18 11 6 31 0
11 18 31 6 0
18 11 31 6 0
12 17 6 31 0
17 12 6 31 0
12 17 31 6 0
17 12 31 6 0
13 16 6 31 0
16 13 6 31 0
13 16 31 6 0
16 13 31 6 0
9 20 5 32 0
20 9 5 32 0
9 20 32 5 0
20 9 32 5 0
10 19 5 32 0
19 10 5 32 0
10 19 32 5 0
19 10 32 5 0
11 18 5 32 0
18 11 5 32 0
11 18 32 5 0
18 11 32 5 0
12 17 5 32 0
17 12 5 32 0
12 17 32 5 0
17 12 32 5 0
13 16 5 32 0
16 13 5 32 0
13 16 32 5 0
16 13 32 5 0
14 15 5 32 0
15 14 5 32 0
14 15 32 5 0
15 14 32 5 0
14 15 6 31 0
15 14 6 31 0
14 15 31 6 0
15 14 31 6 0
12 17 4 33 0
17 12 4 33 0
12 17 33 4 0
17 12 33 4 0
13 16 4 33 0
16 13 4 33 0
13 16 33 4 0
16 13 33 4 0
14 15 4 33 0
15 14 4 33 0
14 15 33 4 0
15 14 33 4 0
