1 22 10 19 0
22 1 10 19 0
1 22 19 10 0
22 1 19 10 0
1 22 11 18 0
22 1 11 18 0
1 22 18 11 0
22 1 18 11 0
1 22 12 17 0
22 1 12 17 0
1 22 17 12 0
22 1 17 12 0
1 22 13 16 0
22 1 13 16 0
1 22 16 13 0
22 1 16 13 0
1 22 14 15 0
22 1 14 15 0
1 22 15 14 0
22 1 15 14 0
2 21 10 19 0
21 2 10 19 0
2 21 19 10 0
21 2 19 10 0
2 21 11 18 0
21 2 11 18 0
2 21 18 11 0
21 2 18 11 0
2 21 12 17 0
21 2 12 17 0
2 21 17 12 0
21 2 17 12 0
2 21 13 16 0
21 2 13 16 0
2 21 16 13 0
21 2 16 13 0
2 21 14 15 0
21 2 14 15 0
2 21 15 14 0
21 2 15 14 0
3 20 10 19 0
20 3 10 19 0
3 20 19 10 0
20 3 19 10 0
3 20 11 18 1
20 3 11 18 1
3 20 18 11 1
20 3 18 11 1
3 20 12 17 2
20 3 12 17 2
3 20 17 12 2
20 3 17 12 2
3 20 13 16 3
20 3 13 16 3
3 20 16 13 3
20 3 16 13 3
3 20 14 15 4
20 3 14 15 4
3 20 15 14 4
20 3 15 14 4
4 19 10 19 3
19 4 10 19 3
4 19 19 10 3
19 4 19 10 3
4 19 11 18 8
19 4 11 18 8
4 19 18 11 8
19 4 18 11 8
4 19 12 17 14
19 4 12 17 14
4 19 17 12 14
19 4 17 12 14
4 19 13 16 20
19 4 13 16 20
4 19 16 13 20
19 4 16 13 20
4 19 14 15 24
19 4 14 15 24
4 19 15 14 24
19 4 15 14 24
5 18 10 19 16
18 5 10 19 16
5 18 19 10 16
18 5 19 10 16
5 18 11 18 34
18 5 11 18 34
5 18 18 11 34
18 5 18 11 34
5 18 12 17 56
18 5 12 17 56
5 18 17 12 56
18 5 17 12 56
5 18 13 16 77
18 5 13 16 77
5 18 16 13 77
18 5 16 13 77
5 18 14 15 90
18 5 14 15 90
5 18 15 14 90
18 5 15 14 90
6 17 10 19 52
17 6 10 19 52
6 17 19 10 52
17 6 19 10 52
6 17 11 18 100
17 6 11 18 100
6 17 18 11 100
17 6 18 11 100
6 17 12 17 157
17 6 12 17 157
6 17 17 12 157
17 6 17 12 157
6 17 13 16 210
17 6 13 16 210
6 17 16 13 210
17 6 16 13 210
6 17 14 15 242
17 6 14 15 242
6 17 15 14 242
17 6 15 14 242
7 16 10 19 132
16 7 10 19 132
7 16 19 10 132
16 7 19 10 132
7 16 11 18 235
16 7 11 18 235
7 16 18 11 235
16 7 18 11 235
7 16 12 17 354
16 7 12 17 354
7 16 17 12 354
16 7 17 12 354
7 16 13 16 462
16 7 13 16 462
7 16 16 13 462
16 7 16 13 462
7 16 14 15 526
16 7 14 15 526
7 16 15 14 526
16 7 15 14 526
8 15 10 19 259
15 8 10 19 259
8 15 19 10 259
15 8 19 10 259
8 15 11 18 442
15 8 11 18 442
8 15 18 11 442
15 8 18 11 442
8 15 12 17 648
15 8 12 17 648
8 15 17 12 648
15 8 17 12 648
8 15 13 16 832
15 8 13 16 832
8 15 16 13 832
15 8 16 13 832
8 15 14 15 940
15 8 14 15 940
8 15 15 14 940
15 8 15 14 940
2 21 7 22 0
21 2 7 22 0
2 21 22 7 0
21 2 22 7 0
2 21 8 21 0
21 2 8 21 0
2 21 21 8 0
21 2 21 8 0
2 21 9 20 0
21 2 9 20 0
2 21 20 9 0
21 2 20 9 0
3 20 7 22 0
20 3 7 22 0
3 20 22 7 0
20 3 22 7 0
3 20 8 21 0
20 3 8 21 0
3 20 21 8 0
20 3 21 8 0
3 20 9 20 0
20 3 9 20 0
3 20 20 9 0
20 3 20 9 0
4 19 7 22 0
19 4 7 22 0
4 19 22 7 0
19 4 22 7 0
4 19 8 21 0
19 4 8 21 0
4 19 21 8 0
19 4 21 8 0
4 19 9 20 1
19 4 9 20 1
4 19 20 9 1
19 4 20 9 1
5 18 7 22 0
18 5 7 22 0
5 18 22 7 0
18 5 22 7 0
5 18 8 21 1
18 5 8 21 1
5 18 21 8 1
18 5 21 8 1
5 18 9 20 6
18 5 9 20 6
5 18 20 9 6
18 5 20 9 6
6 17 7 22 1
17 6 7 22 1
6 17 22 7 1
17 6 22 7 1
6 17 8 21 6
17 6 8 21 6
6 17 21 8 6
17 6 21 8 6
6 17 9 20 22
17 6 9 20 22
6 17 20 9 22
17 6 20 9 22
7 16 7 22 6
16 7 7 22 6
7 16 22 7 6
16 7 22 7 6
7 16 8 21 22
16 7 8 21 22
7 16 21 8 22
16 7 21 8 22
7 16 9 20 62
16 7 9 20 62
7 16 20 9 62
16 7 20 9 62
3 20 6 23 0
20 3 6 23 0
3 20 23 6 0
20 3 23 6 0
4 19 6 23 0
19 4 6 23 0
4 19 23 6 0
19 4 23 6 0
5 18 6 23 0
18 5 6 23 0
5 18 23 6 0
18 5 23 6 0
6 17 6 23 0
17 6 6 23 0
6 17 23 6 0
17 6 23 6 0
7 16 6 23 1
16 7 6 23 1
7 16 23 6 1
16 7 23 6 1
8 15 6 23 3
15 8 6 23 3
8 15 23 6 3
15 8 23 6 3
8 15 7 22 16
15 8 7 22 16
8 15 22 7 16
15 8 22 7 16
8 15 8 21 51
15 8 8 21 51
8 15 21 8 51
15 8 21 8 51
8 15 9 20 129
15 8 9 20 129
8 15 20 9 129
15 8 20 9 129
9 14 6 23 8
14 9 6 23 8
9 14 23 6 8
14 9 23 6 8
9 14 7 22 33
14 9 7 22 33
9 14 22 7 33
14 9 22 7 33
9 14 8 21 95
14 9 8 21 95
9 14 21 8 95
14 9 21 8 95
9 14 9 20 222
14 9 9 20 222
9 14 20 9 222
14 9 20 9 222
9 14 10 19 426
14 9 10 19 426
9 14 19 10 426
14 9 19 10 426
9 14 11 18 704
14 9 11 18 704
9 14 18 11 704
14 9 18 11 704
9 14 12 17 1011
14 9 12 17 1011
9 14 17 12 1011
14 9 17 12 1011
9 14 13 16 1281
14 9 13 16 1281
9 14 16 13 1281
14 9 16 13 1281
9 14 14 15 1439
14 9 14 15 1439
9 14 15 14 1439
14 9 15 14 1439
10 13 6 23 13
13 10 6 23 13
10 13 23 6 13
13 10 23 6 13
10 13 7 22 50
13 10 7 22 50
10 13 22 7 50
13 10 22 7 50
10 13 8 21 138
13 10 8 21 138
10 13 21 8 138
13 10 21 8 138
10 13 9 20 311
13 10 9 20 311
10 13 20 9 311
13 10 20 9 311
10 13 10 19 583
13 10 10 19 583
10 13 19 10 583
13 10 19 10 583
10 13 11 18 947
13 10 11 18 947
10 13 18 11 947
13 10 18 11 947
10 13 12 17 1344
13 10 12 17 1344
10 13 17 12 1344
13 10 17 12 1344
10 13 13 16 1690
13 10 13 16 1690
10 13 16 13 1690
13 10 16 13 1690
10 13 14 15 1892
13 10 14 15 1892
10 13 15 14 1892
13 10 15 14 1892
11 12 7 22 62
12 11 7 22 62
11 12 22 7 62
12 11 22 7 62
11 12 8 21 167
12 11 8 21 167
11 12 21 8 167
12 11 21 8 167
11 12 9 20 369
12 11 9 20 369
11 12 20 9 369
12 11 20 9 369
11 12 10 19 683
12 11 10 19 683
11 12 19 10 683
12 11 19 10 683
11 12 11 18 1099
12 11 11 18 1099
11 12 18 11 1099
12 11 18 11 1099
11 12 12 17 1550
12 11 12 17 1550
11 12 17 12 1550
12 11 17 12 1550
11 12 13 16 1941
12 11 13 16 1941
11 12 16 13 1941
12 11 16 13 1941
11 12 14 15 2169
12 11 14 15 2169
11 12 15 14 2169
12 11 15 14 2169
4 19 4 25 0
19 4 4 25 0
4 19 25 4 0
19 4 25 4 0
4 19 5 24 0
19 4 5 24 0
4 19 24 5 0
19 4 24 5 0
5 18 4 25 0
18 5 4 25 0
5 18 25 4 0
18 5 25 4 0
5 18 5 24 0
18 5 5 24 0
5 18 24 5 0
18 5 24 5 0
6 17 4 25 0
17 6 4 25 0
6 17 25 4 0
17 6 25 4 0
6 17 5 24 0
17 6 5 24 0
6 17 24 5 0
17 6 24 5 0
7 16 4 25 0
16 7 4 25 0
7 16 25 4 0
16 7 25 4 0
7 16 5 24 0
16 7 5 24 0
7 16 24 5 0
16 7 24 5 0
8 15 4 25 0
15 8 4 25 0
8 15 25 4 0
15 8 25 4 0
8 15 5 24 0
15 8 5 24 0
8 15 24 5 0
15 8 24 5 0
9 14 4 25 0
14 9 4 25 0
9 14 25 4 0
14 9 25 4 0
9 14 5 24 1
14 9 5 24 1
9 14 24 5 1
14 9 24 5 1
10 13 4 25 0
13 10 4 25 0
10 13 25 4 0
13 10 25 4 0
10 13 5 24 2
13 10 5 24 2
10 13 24 5 2
13 10 24 5 2
6 17 3 26 0
17 6 3 26 0
6 17 26 3 0
17 6 26 3 0
7 16 3 26 0
16 7 3 26 0
7 16 26 3 0
16 7 26 3 0
8 15 3 26 0
15 8 3 26 0
8 15 26 3 0
15 8 26 3 0
9 14 3 26 0
14 9 3 26 0
9 14 26 3 0
14 9 26 3 0
10 13 3 26 0
13 10 3 26 0
10 13 26 3 0
13 10 26 3 0
11 12 3 26 0
12 11 3 26 0
11 12 26 3 0
12 11 26 3 0
11 12 4 25 0
12 11 4 25 0
11 12 25 4 0
12 11 25 4 0
11 12 5 24 3
12 11 5 24 3
11 12 24 5 3
12 11 24 5 3
11 12 6 23 17
12 11 6 23 17
11 12 23 6 17
12 11 23 6 17
7 16 2 27 0
16 7 2 27 0
7 16 27 2 0
16 7 27 2 0
8 15 2 27 0
15 8 2 27 0
8 15 27 2 0
15 8 27 2 0
9 14 2 27 0
14 9 2 27 0
9 14 27 2 0
14 9 27 2 0
10 13 2 27 0
13 10 2 27 0
10 13 27 2 0
13 10 27 2 0
11 12 2 27 0
12 11 2 27 0
11 12 27 2 0
12 11 27 2 0
