9 32 21 32 0
32 9 21 32 0
9 32 32 21 0
32 9 32 21 0
9 32 22 31 0
32 9 22 31 0
9 32 31 22 0
32 9 31 22 0
9 32 23 30 0
32 9 23 30 0
9 32 30 23 0
32 9 30 23 0
9 32 24 29 0
32 9 24 29 0
9 32 29 24 0
32 9 29 24 0
9 32 25 28 0
32 9 25 28 0
9 32 28 25 0
32 9 28 25 0
9 32 26 27 0
32 9 26 27 0
9 32 27 26 0
32 9 27 26 0
10 31 21 32 0
31 10 21 32 0
10 31 32 21 0
31 10 32 21 0
10 31 22 31 0
31 10 22 31 0
10 31 31 22 0
31 10 31 22 0
10 31 23 30 0
31 10 23 30 0
10 31 30 23 0
31 10 30 23 0
10 31 24 29 0
31 10 24 29 0
10 31 29 24 0
31 10 29 24 0
10 31 25 28 0
31 10 25 28 0
10 31 28 25 0
31 10 28 25 0
10 31 26 27 0
31 10 26 27 0
10 31 27 26 0
31 10 27 26 0
11 30 21 32 0
30 11 21 32 0
11 30 32 21 0
30 11 32 21 0
11 30 22 31 0
30 11 22 31 0
11 30 31 22 0
30 11 31 22 0
11 30 23 30 0
30 11 23 30 0
11 30 30 23 0
30 11 30 23 0
11 30 24 29 0
30 11 24 29 0
11 30 29 24 0
30 11 29 24 0
11 30 25 28 0
30 11 25 28 0
11 30 28 25 0
30 11 28 25 0
11 30 26 27 0
30 11 26 27 0
11 30 27 26 0
30 11 27 26 0
12 29 21 32 0
29 12 21 32 0
12 29 32 21 0
29 12 32 21 0
12 29 22 31 0
29 12 22 31 0
12 29 31 22 0
29 12 31 22 0
12 29 23 30 0
29 12 23 30 0
12 29 30 23 0
29 12 30 23 0
12 29 24 29 0
29 12 24 29 0
12 29 29 24 0
29 12 29 24 0
12 29 25 28 0
29 12 25 28 0
12 29 28 25 0
29 12 28 25 0
12 29 26 27 0
29 12 26 27 0
12 29 27 26 0
29 12 27 26 0
13 28 21 32 0
28 13 21 32 0
13 28 32 21 0
28 13 32 21 0
13 28 22 31 0
28 13 22 31 0
13 28 31 22 0
28 13 31 22 0
13 28 23 30 0
28 13 23 30 0
13 28 30 23 0
28 13 30 23 0
13 28 24 29 1
28 13 24 29 1
13 28 29 24 1
28 13 29 24 1
13 28 25 28 2
28 13 25 28 2
13 28 28 25 2
28 13 28 25 2
13 28 26 27 2
28 13 26 27 2
13 28 27 26 2
28 13 27 26 2
14 27 21 32 1
27 14 21 32 1
14 27 32 21 1
27 14 32 21 1
14 27 22 31 3
27 14 22 31 3
14 27 31 22 3
27 14 31 22 3
14 27 23 30 7
27 14 23 30 7
14 27 30 23 7
27 14 30 23 7
14 27 24 29 14
27 14 24 29 14
14 27 29 24 14
27 14 29 24 14
14 27 25 28 21
27 14 25 28 21
14 27 28 25 21
27 14 28 25 21
14 27 26 27 24
27 14 26 27 24
14 27 27 26 24
27 14 27 26 24
10 31 20 33 0
31 10 20 33 0
10 31 33 20 0
31 10 33 20 0
11 30 20 33 0
30 11 20 33 0
11 30 33 20 0
30 11 33 20 0
12 29 20 33 0
29 12 20 33 0
12 29 33 20 0
29 12 33 20 0
13 28 20 33 0
28 13 20 33 0
13 28 33 20 0
28 13 33 20 0
14 27 20 33 0
27 14 20 33 0
14 27 33 20 0
27 14 33 20 0
15 26 20 33 2
26 15 20 33 2
15 26 33 20 2
26 15 33 20 2
15 26 21 32 8
26 15 21 32 8
15 26 32 21 8
26 15 32 21 8
15 26 22 31 21
26 15 22 31 21
15 26 31 22 21
26 15 31 22 21
15 26 23 30 41
26 15 23 30 41
15 26 30 23 41
26 15 30 23 41
15 26 24 29 68
26 15 24 29 68
15 26 29 24 68
26 15 29 24 68
15 26 25 28 94
26 15 25 28 94
15 26 28 25 94
26 15 28 25 94
15 26 26 27 108
26 15 26 27 108
15 26 27 26 108
26 15 27 26 108
16 25 21 32 38
25 16 21 32 38
16 25 32 21 38
25 16 32 21 38
16 25 22 31 82
25 16 22 31 82
16 25 31 22 82
25 16 31 22 82
16 25 23 30 145
25 16 23 30 145
16 25 30 23 145
25 16 30 23 145
16 25 24 29 221
25 16 24 29 221
16 25 29 24 221
25 16 29 24 221
16 25 25 28 291
25 16 25 28 291
16 25 28 25 291
25 16 28 25 291
16 25 26 27 331
25 16 26 27 331
16 25 27 26 331
25 16 27 26 331
10 31 19 34 0
31 10 19 34 0
10 31 34 19 0
31 10 34 19 0
11 30 19 34 0
30 11 19 34 0
11 30 34 19 0
30 11 34 19 0
12 29 19 34 0
29 12 19 34 0
12 29 34 19 0
29 12 34 19 0
13 28 19 34 0
28 13 19 34 0
13 28 34 19 0
28 13 34 19 0
14 27 19 34 0
27 14 19 34 0
14 27 34 19 0
27 14 34 19 0
15 26 19 34 0
26 15 19 34 0
15 26 34 19 0
26 15 34 19 0
11 30 17 36 0
30 11 17 36 0
11 30 36 17 0
30 11 36 17 0
11 30 18 35 0
30 11 18 35 0
11 30 35 18 0
30 11 35 18 0
12 29 17 36 0
29 12 17 36 0
12 29 36 17 0
29 12 36 17 0
12 29 18 35 0
29 12 18 35 0
12 29 35 18 0
29 12 35 18 0
13 28 17 36 0
28 13 17 36 0
13 28 36 17 0
28 13 36 17 0
13 28 18 35 0
28 13 18 35 0
13 28 35 18 0
28 13 35 18 0
14 27 17 36 0
27 14 17 36 0
14 27 36 17 0
27 14 36 17 0
14 27 18 35 0
27 14 18 35 0
14 27 35 18 0
27 14 35 18 0
15 26 17 36 0
26 15 17 36 0
15 26 36 17 0
26 15 36 17 0
15 26 18 35 0
26 15 18 35 0
15 26 35 18 0
26 15 35 18 0
16 25 17 36 0
25 16 17 36 0
16 25 36 17 0
25 16 36 17 0
16 25 18 35 1
25 16 18 35 1
16 25 35 18 1
25 16 35 18 1
16 25 19 34 4
25 16 19 34 4
16 25 34 19 4
25 16 34 19 4
16 25 20 33 14
25 16 20 33 14
16 25 33 20 14
25 16 33 20 14
17 24 17 36 0
24 17 17 36 0
17 24 36 17 0
24 17 36 17 0
17 24 18 35 3
24 17 18 35 3
17 24 35 18 3
24 17 35 18 3
17 24 19 34 13
24 17 19 34 13
17 24 34 19 13
24 17 34 19 13
17 24 20 33 41
24 17 20 33 41
17 24 33 20 41
24 17 33 20 41
17 24 21 32 101
24 17 21 32 101
17 24 32 21 101
24 17 32 21 101
17 24 22 31 204
24 17 22 31 204
17 24 31 22 204
24 17 31 22 204
17 24 23 30 345
24 17 23 30 345
17 24 30 23 345
24 17 30 23 345
17 24 24 29 508
24 17 24 29 508
17 24 29 24 508
24 17 29 24 508
17 24 25 28 653
24 17 25 28 653
17 24 28 25 653
24 17 28 25 653
17 24 26 27 737
24 17 26 27 737
17 24 27 26 737
24 17 27 26 737
18 23 19 34 31
23 18 19 34 31
18 23 34 19 31
23 18 34 19 31
18 23 20 33 89
23 18 20 33 89
18 23 33 20 89
23 18 33 20 89
18 23 21 32 204
23 18 21 32 204
18 23 32 21 204
23 18 32 21 204
18 23 22 31 391
23 18 22 31 391
18 23 31 22 391
23 18 31 22 391
18 23 23 30 641
23 18 23 30 641
18 23 30 23 641
23 18 30 23 641
18 23 24 29 921
23 18 24 29 921
18 23 29 24 921
23 18 29 24 921
18 23 25 28 1166
23 18 25 28 1166
18 23 28 25 1166
23 18 28 25 1166
18 23 26 27 1308
23 18 26 27 1308
18 23 27 26 1308
23 18 27 26 1308
12 29 16 37 0
29 12 16 37 0
12 29 37 16 0
29 12 37 16 0
13 28 16 37 0
28 13 16 37 0
13 28 37 16 0
28 13 37 16 0
14 27 16 37 0
27 14 16 37 0
14 27 37 16 0
27 14 37 16 0
15 26 16 37 0
26 15 16 37 0
15 26 37 16 0
26 15 37 16 0
16 25 16 37 0
25 16 16 37 0
16 25 37 16 0
25 16 37 16 0
17 24 16 37 0
24 17 16 37 0
17 24 37 16 0
24 17 37 16 0
13 28 15 38 0
28 13 15 38 0
13 28 38 15 0
28 13 38 15 0
14 27 15 38 0
27 14 15 38 0
14 27 38 15 0
27 14 38 15 0
15 26 15 38 0
26 15 15 38 0
15 26 38 15 0
26 15 38 15 0
16 25 15 38 0
25 16 15 38 0
16 25 38 15 0
25 16 38 15 0
17 24 15 38 0
24 17 15 38 0
17 24 38 15 0
24 17 38 15 0
18 23 15 38 0
23 18 15 38 0
18 23 38 15 0
23 18 38 15 0
18 23 16 37 0
23 18 16 37 0
18 23 37 16 0
23 18 37 16 0
18 23 17 36 1
23 18 17 36 1
18 23 36 17 1
23 18 36 17 1
18 23 18 35 8
23 18 18 35 8
18 23 35 18 8
23 18 35 18 8
19 22 16 37 0
22 19 16 37 0
19 22 37 16 0
22 19 37 16 0
19 22 17 36 2
22 19 17 36 2
19 22 36 17 2
22 19 36 17 2
19 22 18 35 14
22 19 18 35 14
19 22 35 18 14
22 19 35 18 14
19 22 19 34 51
22 19 19 34 51
19 22 34 19 51
22 19 34 19 51
19 22 20 33 141
22 19 20 33 141
19 22 33 20 141
22 19 33 20 141
19 22 21 32 313
22 19 21 32 313
19 22 32 21 313
22 19 32 21 313
19 22 22 31 586
22 19 22 31 586
19 22 31 22 586
22 19 31 22 586
19 22 23 30 945
22 19 23 30 945
19 22 30 23 945
22 19 30 23 945
19 22 24 29 1341
22 19 24 29 1341
19 22 29 24 1341
22 19 29 24 1341
19 22 25 28 1684
22 19 25 28 1684
19 22 28 25 1684
22 19 28 25 1684
19 22 26 27 1883
22 19 26 27 1883
19 22 27 26 1883
22 19 27 26 1883
20 21 19 34 66
21 20 19 34 66
20 21 34 19 66
21 20 34 19 66
20 21 20 33 178
21 20 20 33 178
20 21 33 20 178
21 20 33 20 178
20 21 21 32 388
21 20 21 32 388
20 21 32 21 388
21 20 32 21 388
20 21 22 31 717
21 20 22 31 717
20 21 31 22 717
21 20 31 22 717
20 21 23 30 1146
21 20 23 30 1146
20 21 30 23 1146
21 20 30 23 1146
20 21 24 29 1615
21 20 24 29 1615
20 21 29 24 1615
21 20 29 24 1615
20 21 25 28 2020
21 20 25 28 2020
20 21 28 25 2020
21 20 28 25 2020
20 21 26 27 2255
21 20 26 27 2255
20 21 27 26 2255
21 20 27 26 2255
19 22 15 38 0
22 19 15 38 0
19 22 38 15 0
22 19 38 15 0
20 21 15 38 0
21 20 15 38 0
20 21 38 15 0
21 20 38 15 0
20 21 16 37 0
21 20 16 37 0
20 21 37 16 0
21 20 37 16 0
20 21 17 36 3
21 20 17 36 3
20 21 36 17 3
21 20 36 17 3
20 21 18 35 19
21 20 18 35 19
20 21 35 18 19
21 20 35 18 19
14 27 14 39 0
27 14 14 39 0
14 27 39 14 0
27 14 39 14 0
15 26 14 39 0
26 15 14 39 0
15 26 39 14 0
26 15 39 14 0
16 25 14 39 0
25 16 14 39 0
16 25 39 14 0
25 16 39 14 0
17 24 14 39 0
24 17 14 39 0
17 24 39 14 0
24 17 39 14 0
18 23 14 39 0
23 18 14 39 0
18 23 39 14 0
23 18 39 14 0
19 22 14 39 0
22 19 14 39 0
19 22 39 14 0
22 19 39 14 0
15 26 13 40 0
26 15 13 40 0
15 26 40 13 0
26 15 40 13 0
16 25 13 40 0
25 16 13 40 0
16 25 40 13 0
25 16 40 13 0
17 24 13 40 0
24 17 13 40 0
17 24 40 13 0
24 17 40 13 0
18 23 13 40 0
23 18 13 40 0
18 23 40 13 0
23 18 40 13 0
19 22 13 40 0
22 19 13 40 0
19 22 40 13 0
22 19 40 13 0
20 21 13 40 0
21 20 13 40 0
20 21 40 13 0
21 20 40 13 0
20 21 14 39 0
21 20 14 39 0
20 21 39 14 0
21 20 39 14 0
18 23 12 41 0
23 18 12 41 0
18 23 41 12 0
23 18 41 12 0
19 22 12 41 0
22 19 12 41 0
19 22 41 12 0
22 19 41 12 0
20 21 12 41 0
21 20 12 41 0
20 21 41 12 0
21 20 41 12 0
