8,9,29,117
8,29,9,117
9,29,8,117
29,8,9,117
9,8,29,117
29,9,8,117
4,20,22,146
20,4,22,146
22,4,20,146
22,20,4,146
4,22,20,146
20,22,4,146
9,16,21,8623
16,9,21,8623
16,21,9,8623
21,9,16,8623
9,21,16,8623
21,16,9,8623
4,28,14,21
28,4,14,21
4,14,28,21
28,14,4,21
14,4,28,21
14,28,4,21
18,5,23,457
5,18,23,457
23,5,18,457
18,23,5,457
5,23,18,457
23,18,5,457
8,16,22,4673
16,22,8,4673
16,8,22,4673
8,22,16,4673
22,8,16,4673
22,16,8,4673
4,11,31,1
4,31,11,1
11,31,4,1
31,11,4,1
11,4,31,1
31,4,11,1
13,20,13,21880
13,13,20,21880
20,13,13,21880
9,32,5,1
32,9,5,1
32,5,9,1
5,9,32,1
9,5,32,1
5,32,9,1
14,25,7,1158
14,7,25,1158
25,14,7,1158
7,14,25,1158
25,7,14,1158
7,25,14,1158
11,27,8,585
27,11,8,585
8,11,27,585
8,27,11,585
27,8,11,585
11,8,27,585
25,9,12,2320
9,25,12,2320
9,12,25,2320
25,12,9,2320
12,9,25,2320
12,25,9,2320
18,27,1,0
18,1,27,0
1,27,18,0
27,1,18,0
1,18,27,0
27,18,1,0
8,19,19,6369
19,19,8,6369
19,8,19,6369
8,8,30,39
30,8,8,39
8,30,8,39
11,29,6,61
29,11,6,61
29,6,11,61
11,6,29,61
6,11,29,61
6,29,11,61
21,13,12,16091
12,13,21,16091
12,21,13,16091
13,21,12,16091
13,12,21,16091
21,12,13,16091
2,18,26,0
2,26,18,0
18,2,26,0
18,26,2,0
26,2,18,0
26,18,2,0
3,17,26,11
26,3,17,11
26,17,3,11
17,26,3,11
17,3,26,11
3,26,17,11
2,22,22,0
22,2,22,0
22,22,2,0
18,4,24,109
18,24,4,109
4,18,24,109
4,24,18,109
24,18,4,109
24,4,18,109
13,27,6,251
27,13,6,251
27,6,13,251
13,6,27,251
6,13,27,251
6,27,13,251
7,31,8,10
8,7,31,10
8,31,7,10
7,8,31,10
31,7,8,10
31,8,7,10
19,17,10,15649
10,17,19,15649
10,19,17,15649
17,10,19,15649
17,19,10,15649
19,10,17,15649
19,13,14,27420
13,19,14,27420
14,19,13,27420
14,13,19,27420
19,14,13,27420
13,14,19,27420
10,18,18,16184
18,10,18,16184
18,18,10,16184
11,16,19,20788
16,11,19,20788
16,19,11,20788
11,19,16,20788
19,11,16,20788
19,16,11,20788
15,10,21,11830
15,21,10,11830
21,10,15,11830
21,15,10,11830
10,15,21,11830
10,21,15,11830
7,27,12,423
12,7,27,423
12,27,7,423
27,7,12,423
7,12,27,423
27,12,7,423
3,16,27,7
16,3,27,7
16,27,3,7
3,27,16,7
27,3,16,7
27,16,3,7
0,23,23,0
23,23,0,0
23,0,23,0
5,11,30,13
11,5,30,13
30,5,11,13
30,11,5,13
11,30,5,13
5,30,11,13
1,21,24,0
21,1,24,0
1,24,21,0
24,21,1,0
24,1,21,0
21,24,1,0
9,15,22,6993
15,9,22,6993
9,22,15,6993
22,9,15,6993
22,15,9,6993
15,22,9,6993
6,14,26,414
26,14,6,414
14,6,26,414
6,26,14,414
14,26,6,414
26,6,14,414
2,14,30,0
2,30,14,0
14,2,30,0
30,2,14,0
14,30,2,0
30,14,2,0
23,11,12,7441
11,23,12,7441
12,11,23,7441
12,23,11,7441
23,12,11,7441
11,12,23,7441
18,13,15,31814
18,15,13,31814
13,15,18,31814
15,13,18,31814
13,18,15,31814
15,18,13,31814
29,15,2,0
2,15,29,0
2,29,15,0
15,29,2,0
29,2,15,0
15,2,29,0
19,20,7,3338
7,19,20,3338
19,7,20,3338
20,7,19,3338
20,19,7,3338
7,20,19,3338
26,9,11,1335
26,11,9,1335
11,26,9,1335
11,9,26,1335
9,26,11,1335
9,11,26,1335
9,20,17,9895
17,9,20,9895
20,17,9,9895
20,9,17,9895
17,20,9,9895
9,17,20,9895
22,14,10,9202
10,14,22,9202
14,22,10,9202
10,22,14,9202
14,10,22,9202
22,10,14,9202
29,3,14,2
3,29,14,2
14,29,3,2
14,3,29,2
29,14,3,2
3,14,29,2
29,13,4,11
4,13,29,11
4,29,13,11
13,29,4,11
13,4,29,11
29,4,13,11
2,23,21,0
21,2,23,0
23,21,2,0
21,23,2,0
2,21,23,0
23,2,21,0
30,7,9,36
30,9,7,36
9,30,7,36
7,30,9,36
7,9,30,36
9,7,30,36
3,33,10,0
10,33,3,0
10,3,33,0
33,10,3,0
33,3,10,0
3,10,33,0
7,15,24,1667
24,7,15,1667
24,15,7,1667
7,24,15,1667
15,7,24,1667
15,24,7,1667
2,19,25,0
2,25,19,0
25,2,19,0
19,25,2,0
25,19,2,0
19,2,25,0
35,6,5,0
5,6,35,0
6,35,5,0
6,5,35,0
35,5,6,0
5,35,6,0
2,20,24,0
2,24,20,0
20,2,24,0
20,24,2,0
24,2,20,0
24,20,2,0
23,17,6,1119
6,17,23,1119
6,23,17,1119
17,6,23,1119
17,23,6,1119
23,6,17,1119
9,4,33,0
33,9,4,0
4,9,33,0
4,33,9,0
33,4,9,0
9,33,4,0
19,1,26,0
26,1,19,0
26,19,1,0
1,26,19,0
1,19,26,0
19,26,1,0
12,12,22,11424
22,12,12,11424
12,22,12,11424
24,16,6,871
16,6,24,871
16,24,6,871
24,6,16,871
6,16,24,871
6,24,16,871
29,5,12,32
5,29,12,32
12,5,29,32
12,29,5,32
5,12,29,32
29,12,5,32
19,22,5,526
5,22,19,526
22,5,19,526
22,19,5,526
5,19,22,526
19,5,22,526
21,11,14,14534
11,21,14,14534
14,21,11,14534
14,11,21,14534
21,14,11,14534
11,14,21,14534
12,20,14,20828
20,12,14,20828
12,14,20,20828
20,14,12,20828
14,12,20,20828
14,20,12,20828
19,4,23,132
23,19,4,132
4,19,23,132
4,23,19,132
19,23,4,132
23,4,19,132
33,5,8,0
5,33,8,0
33,8,5,0
8,5,33,0
8,33,5,0
5,8,33,0
23,10,13,6638
23,13,10,6638
13,10,23,6638
13,23,10,6638
10,13,23,6638
10,23,13,6638
34,3,9,0
34,9,3,0
9,34,3,0
3,9,34,0
9,3,34,0
3,34,9,0
11,11,24,4667
24,11,11,4667
11,24,11,4667
10,27,9,686
10,9,27,686
27,10,9,686
27,9,10,686
9,10,27,686
9,27,10,686
18,19,9,10597
18,9,19,10597
9,18,19,10597
19,9,18,10597
9,19,18,10597
19,18,9,10597
10,11,25,2644
10,25,11,2644
11,10,25,2644
11,25,10,2644
25,10,11,2644
25,11,10,2644
3,20,23,22
23,3,20,22
3,23,20,22
20,3,23,22
20,23,3,22
23,20,3,22
24,0,22,0
0,22,24,0
0,24,22,0
24,22,0,0
22,0,24,0
22,24,0,0
12,24,10,4382
24,10,12,4382
10,12,24,4382
10,24,12,4382
24,12,10,4382
12,10,24,4382
28,8,10,280
8,10,28,280
8,28,10,280
10,8,28,280
10,28,8,280
28,10,8,280
3,31,12,0
12,3,31,0
12,31,3,0
31,3,12,0
3,12,31,0
31,12,3,0
25,4,17,85
17,25,4,85
4,17,25,85
4,25,17,85
17,4,25,85
25,17,4,85
7,33,6,0
6,7,33,0
33,6,7,0
6,33,7,0
33,7,6,0
7,6,33,0
6,20,20,1520
20,20,6,1520
20,6,20,1520
14,23,9,5257
14,9,23,5257
23,14,9,5257
9,14,23,5257
23,9,14,5257
9,23,14,5257
18,11,17,22306
18,17,11,22306
17,11,18,22306
11,17,18,22306
17,18,11,22306
11,18,17,22306
7,16,23,2211
16,7,23,2211
16,23,7,2211
7,23,16,2211
23,7,16,2211
23,16,7,2211
10,5,31,4
31,5,10,4
5,10,31,4
10,31,5,4
5,31,10,4
31,10,5,4
6,30,10,23
10,30,6,23
30,6,10,23
6,10,30,23
10,6,30,23
30,10,6,23
25,16,5,277
16,5,25,277
16,25,5,277
5,25,16,277
25,5,16,277
5,16,25,277
15,6,25,631
15,25,6,631
25,6,15,631
25,15,6,631
6,15,25,631
6,25,15,631
9,28,9,310
9,9,28,310
28,9,9,310
1,17,28,0
17,1,28,0
28,17,1,0
28,1,17,0
1,28,17,0
17,28,1,0
2,17,27,0
2,27,17,0
17,27,2,0
27,17,2,0
17,2,27,0
27,2,17,0
34,4,8,0
34,8,4,0
4,34,8,0
4,8,34,0
8,34,4,0
8,4,34,0
32,2,12,0
2,12,32,0
2,32,12,0
32,12,2,0
12,2,32,0
12,32,2,0
12,15,19,25019
12,19,15,25019
19,15,12,25019
15,19,12,25019
19,12,15,25019
15,12,19,25019
7,10,29,95
7,29,10,95
29,10,7,95
10,29,7,95
29,7,10,95
10,7,29,95
1,30,15,0
30,1,15,0
30,15,1,0
1,15,30,0
15,1,30,0
15,30,1,0
6,31,9,7
31,9,6,7
9,6,31,7
9,31,6,7
6,9,31,7
31,6,9,7
8,24,14,2647
24,8,14,2647
8,14,24,2647
24,14,8,2647
14,8,24,2647
14,24,8,2647
1,29,16,0
16,1,29,0
16,29,1,0
29,1,16,0
1,16,29,0
29,16,1,0
6,6,34,0
6,34,6,0
34,6,6,0
7,7,32,2
32,7,7,2
7,32,7,2
10,10,26,1426
10,26,10,1426
26,10,10,1426
7,11,28,216
11,7,28,216
28,7,11,216
28,11,7,216
7,28,11,216
11,28,7,216
5,15,26,190
15,5,26,190
5,26,15,190
26,5,15,190
26,15,5,190
15,26,5,190
7,26,13,738
7,13,26,738
13,26,7,738
26,7,13,738
26,13,7,738
13,7,26,738
18,8,20,6146
18,20,8,6146
20,18,8,6146
20,8,18,6146
8,18,20,6146
8,20,18,6146
28,13,5,67
5,13,28,67
13,5,28,67
28,5,13,67
5,28,13,67
13,28,5,67
6,12,28,132
6,28,12,132
12,6,28,132
28,6,12,132
12,28,6,132
28,12,6,132
3,13,30,1
13,3,30,1
30,3,13,1
30,13,3,1
13,30,3,1
3,30,13,1
11,15,20,18034
20,11,15,18034
20,15,11,18034
15,11,20,18034
11,20,15,18034
15,20,11,18034
13,31,2,0
2,13,31,0
2,31,13,0
31,13,2,0
13,2,31,0
31,2,13,0
12,8,26,1069
8,26,12,1069
8,12,26,1069
26,8,12,1069
26,12,8,1069
12,26,8,1069
32,10,4,0
32,4,10,0
4,10,32,0
4,32,10,0
10,4,32,0
10,32,4,0
3,24,19,19
3,19,24,19
19,3,24,19
24,3,19,19
24,19,3,19
19,24,3,19
21,4,21,153
4,21,21,153
21,21,4,153
2,11,33,0
2,33,11,0
33,11,2,0
11,33,2,0
33,2,11,0
11,2,33,0
16,10,20,14083
16,20,10,14083
20,10,16,14083
20,16,10,14083
10,16,20,14083
10,20,16,14083
27,5,14,118
5,27,14,118
14,27,5,118
14,5,27,118
27,14,5,118
5,14,27,118
35,4,7,0
7,35,4,0
4,7,35,0
4,35,7,0
35,7,4,0
7,4,35,0
22,7,17,2723
22,17,7,2723
17,22,7,2723
7,17,22,2723
17,7,22,2723
7,22,17,2723
22,23,1,0
23,1,22,0
22,1,23,0
1,22,23,0
1,23,22,0
23,22,1,0
5,7,34,0
5,34,7,0
7,5,34,0
34,5,7,0
34,7,5,0
7,34,5,0
11,13,22,10845
13,11,22,10845
13,22,11,10845
11,22,13,10845
22,11,13,10845
22,13,11,10845
4,15,27,38
4,27,15,38
27,15,4,38
15,27,4,38
27,4,15,38
15,4,27,38
4,12,30,4
12,4,30,4
4,30,12,4
12,30,4,4
30,4,12,4
30,12,4,4
5,20,21,563
21,20,5,563
21,5,20,563
5,21,20,563
20,5,21,563
20,21,5,563
25,0,21,0
0,21,25,0
0,25,21,0
21,25,0,0
25,21,0,0
21,0,25,0
16,26,4,59
16,4,26,59
4,26,16,59
4,16,26,59
26,4,16,59
26,16,4,59
16,2,28,0
2,16,28,0
2,28,16,0
16,28,2,0
28,2,16,0
28,16,2,0
17,21,8,5560
21,17,8,5560
17,8,21,5560
8,17,21,5560
8,21,17,5560
21,8,17,5560
17,5,24,370
5,17,24,370
17,24,5,370
24,17,5,370
24,5,17,370
5,24,17,370
24,13,9,3653
9,13,24,3653
24,9,13,3653
13,24,9,3653
9,24,13,3653
13,9,24,3653
21,6,19,1475
19,6,21,1475
6,19,21,1475
6,21,19,1475
19,21,6,1475
21,19,6,1475
3,32,11,0
32,3,11,0
32,11,3,0
3,11,32,0
11,3,32,0
11,32,3,0
25,20,1,0
1,25,20,0
20,1,25,0
20,25,1,0
1,20,25,0
25,1,20,0
25,13,8,1771
8,13,25,1771
8,25,13,1771
13,8,25,1771
25,8,13,1771
13,25,8,1771
21,22,3,24
3,22,21,24
22,3,21,24
22,21,3,24
3,21,22,24
21,3,22,24
3,15,28,4
28,3,15,4
28,15,3,4
15,3,28,4
3,28,15,4
15,28,3,4
18,6,22,1327
18,22,6,1327
6,22,18,1327
22,6,18,1327
6,18,22,1327
22,18,6,1327
8,32,6,1
32,6,8,1
32,8,6,1
8,6,32,1
6,8,32,1
6,32,8,1
18,25,3,15
18,3,25,15
25,18,3,15
3,25,18,15
25,3,18,15
3,18,25,15
8,15,23,3663
8,23,15,3663
23,15,8,3663
23,8,15,3663
15,23,8,3663
15,8,23,3663
7,18,21,3121
21,18,7,3121
7,21,18,3121
18,21,7,3121
21,7,18,3121
18,7,21,3121
