43 53 117 144 0
53 43 117 144 0
43 53 144 117 0
53 43 144 117 0
46 50 118 143 0
50 46 118 143 0
46 50 143 118 0
50 46 143 118 0
48 48 105 156 0
48 48 156 105 0
39 57 117 144 0
57 39 117 144 0
39 57 144 117 0
57 39 144 117 0
43 53 113 148 0
53 43 113 148 0
43 53 148 113 0
53 43 148 113 0
43 53 115 146 0
53 43 115 146 0
43 53 146 115 0
53 43 146 115 0
46 50 121 140 0
50 46 121 140 0
46 50 140 121 0
50 46 140 121 0
41 55 127 134 0
55 41 127 134 0
41 55 134 127 0
55 41 134 127 0
41 55 115 146 0
55 41 115 146 0
41 55 146 115 0
55 41 146 115 0
44 52 113 148 0
52 44 113 148 0
44 52 148 113 0
52 44 148 113 0
43 53 129 132 6
53 43 129 132 6
43 53 132 129 6
53 43 132 129 6
48 48 110 151 0
48 48 151 110 0
41 55 120 141 0
55 41 120 141 0
41 55 141 120 0
55 41 141 120 0
48 48 128 133 6
48 48 133 128 6
40 56 121 140 0
56 40 121 140 0
40 56 140 121 0
56 40 140 121 0
47 49 130 131 6
49 47 130 131 6
47 49 131 130 6
49 47 131 130 6
46 50 120 141 0
50 46 120 141 0
46 50 141 120 0
50 46 141 120 0
43 53 112 149 0
53 43 112 149 0
43 53 149 112 0
53 43 149 112 0
48 48 112 149 0
48 48 149 112 0
47 49 109 152 0
49 47 109 152 0
47 49 152 109 0
49 47 152 109 0
48 48 120 141 1
48 48 141 120 1
46 50 122 139 0
50 46 122 139 0
46 50 139 122 0
50 46 139 122 0
42 54 118 143 0
54 42 118 143 0
42 54 143 118 0
54 42 143 118 0
47 49 114 147 0
49 47 114 147 0
47 49 147 114 0
49 47 147 114 0
44 52 121 140 0
52 44 121 140 0
44 52 140 121 0
52 44 140 121 0
42 54 130 131 0
54 42 130 131 0
42 54 131 130 0
54 42 131 130 0
44 52 129 132 6
52 44 129 132 6
44 52 132 129 6
52 44 132 129 6
40 56 116 145 0
56 40 116 145 0
40 56 145 116 0
56 40 145 116 0
44 52 125 136 2
52 44 125 136 2
44 52 136 125 2
52 44 136 125 2
41 55 124 137 0
55 41 124 137 0
41 55 137 124 0
55 41 137 124 0
48 48 123 138 2
48 48 138 123 2
43 53 123 138 1
53 43 123 138 1
43 53 138 123 1
53 43 138 123 1
47 49 122 139 0
49 47 122 139 0
47 49 139 122 0
49 47 139 122 0
48 48 113 148 0
48 48 148 113 0
43 53 111 150 0
53 43 111 150 0
43 53 150 111 0
53 43 150 111 0
46 50 126 135 3
50 46 126 135 3
46 50 135 126 3
50 46 135 126 3
45 51 120 141 0
51 45 120 141 0
45 51 141 120 0
51 45 141 120 0
44 52 114 147 0
52 44 114 147 0
44 52 147 114 0
52 44 147 114 0
41 55 122 139 0
55 41 122 139 0
41 55 139 122 0
55 41 139 122 0
39 57 115 146 0
57 39 115 146 0
39 57 146 115 0
57 39 146 115 0
45 51 130 131 6
51 45 130 131 6
45 51 131 130 6
51 45 131 130 6
48 48 127 134 5
48 48 134 127 5
46 50 125 136 2
50 46 125 136 2
46 50 136 125 2
50 46 136 125 2
48 48 108 153 0
48 48 153 108 0
46 50 105 156 0
50 46 105 156 0
46 50 156 105 0
50 46 156 105 0
46 50 113 148 0
50 46 113 148 0
46 50 148 113 0
50 46 148 113 0
47 49 125 136 2
49 47 125 136 2
47 49 136 125 2
49 47 136 125 2
41 55 110 151 0
55 41 110 151 0
41 55 151 110 0
55 41 151 110 0
43 53 116 145 0
53 43 116 145 0
43 53 145 116 0
53 43 145 116 0
43 53 127 134 4
53 43 127 134 4
43 53 134 127 4
53 43 134 127 4
40 56 119 142 0
56 40 119 142 0
40 56 142 119 0
56 40 142 119 0
42 54 110 151 0
54 42 110 151 0
42 54 151 110 0
54 42 151 110 0
39 57 116 145 0
57 39 116 145 0
39 57 145 116 0
57 39 145 116 0
46 50 114 147 0
50 46 114 147 0
46 50 147 114 0
50 46 147 114 0
44 52 112 149 0
52 44 112 149 0
44 52 149 112 0
52 44 149 112 0
48 48 109 152 0
48 48 152 109 0
41 55 111 150 0
55 41 111 150 0
41 55 150 111 0
55 41 150 111 0
45 51 115 146 0
51 45 115 146 0
45 51 146 115 0
51 45 146 115 0
42 54 121 140 0
54 42 121 140 0
42 54 140 121 0
54 42 140 121 0
41 55 109 152 0
55 41 109 152 0
41 55 152 109 0
55 41 152 109 0
46 50 123 138 1
50 46 123 138 1
46 50 138 123 1
50 46 138 123 1
44 52 128 133 5
52 44 128 133 5
44 52 133 128 5
52 44 133 128 5
43 53 108 153 0
53 43 108 153 0
43 53 153 108 0
53 43 153 108 0
39 57 129 132 0
57 39 129 132 0
39 57 132 129 0
57 39 132 129 0
42 54 108 153 0
54 42 108 153 0
42 54 153 108 0
54 42 153 108 0
42 54 129 132 0
54 42 129 132 0
42 54 132 129 0
54 42 132 129 0
42 54 128 133 0
54 42 128 133 0
42 54 133 128 0
54 42 133 128 0
45 51 113 148 0
51 45 113 148 0
45 51 148 113 0
51 45 148 113 0
47 49 117 144 0
49 47 117 144 0
47 49 144 117 0
49 47 144 117 0
46 50 109 152 0
50 46 109 152 0
46 50 152 109 0
50 46 152 109 0
39 57 119 142 0
57 39 119 142 0
39 57 142 119 0
57 39 142 119 0
39 57 118 143 0
57 39 118 143 0
39 57 143 118 0
57 39 143 118 0
42 54 126 135 0
54 42 126 135 0
42 54 135 126 0
54 42 135 126 0
41 55 117 144 0
55 41 117 144 0
41 55 144 117 0
55 41 144 117 0
40 56 110 151 0
56 40 110 151 0
40 56 151 110 0
56 40 151 110 0
48 48 130 131 7
48 48 131 130 7
40 56 120 141 0
56 40 120 141 0
40 56 141 120 0
56 40 141 120 0
43 53 118 143 0
53 43 118 143 0
43 53 143 118 0
53 43 143 118 0
47 49 128 133 5
49 47 128 133 5
47 49 133 128 5
49 47 133 128 5
45 51 126 135 3
51 45 126 135 3
45 51 135 126 3
51 45 135 126 3
40 56 114 147 0
56 40 114 147 0
40 56 147 114 0
56 40 147 114 0
47 49 113 148 0
49 47 113 148 0
47 49 148 113 0
49 47 148 113 0
45 51 119 142 0
51 45 119 142 0
45 51 142 119 0
51 45 142 119 0
42 54 115 146 0
54 42 115 146 0
42 54 146 115 0
54 42 146 115 0
39 57 130 131 0
57 39 130 131 0
39 57 131 130 0
57 39 131 130 0
42 54 123 138 0
54 42 123 138 0
42 54 138 123 0
54 42 138 123 0
40 56 127 134 0
56 40 127 134 0
40 56 134 127 0
56 40 134 127 0
45 51 110 151 0
51 45 110 151 0
45 51 151 110 0
51 45 151 110 0
47 49 111 150 0
49 47 111 150 0
47 49 150 111 0
49 47 150 111 0
43 53 107 154 0
53 43 107 154 0
43 53 154 107 0
53 43 154 107 0
46 50 129 132 6
50 46 129 132 6
46 50 132 129 6
50 46 132 129 6
44 52 127 134 4
52 44 127 134 4
44 52 134 127 4
52 44 134 127 4
44 52 122 139 0
52 44 122 139 0
44 52 139 122 0
52 44 139 122 0
45 51 125 136 2
51 45 125 136 2
45 51 136 125 2
51 45 136 125 2
41 55 113 148 0
55 41 113 148 0
41 55 148 113 0
55 41 148 113 0
44 52 110 151 0
52 44 110 151 0
44 52 151 110 0
52 44 151 110 0
41 55 126 135 0
55 41 126 135 0
41 55 135 126 0
55 41 135 126 0
46 50 130 131 6
50 46 130 131 6
46 50 131 130 6
50 46 131 130 6
42 54 117 144 0
54 42 117 144 0
42 54 144 117 0
54 42 144 117 0
39 57 124 137 0
57 39 124 137 0
39 57 137 124 0
57 39 137 124 0
39 57 120 141 0
57 39 120 141 0
39 57 141 120 0
57 39 141 120 0
45 51 121 140 0
51 45 121 140 0
45 51 140 121 0
51 45 140 121 0
46 50 127 134 4
50 46 127 134 4
46 50 134 127 4
50 46 134 127 4
40 56 113 148 0
56 40 113 148 0
40 56 148 113 0
56 40 148 113 0
45 51 112 149 0
51 45 112 149 0
45 51 149 112 0
51 45 149 112 0
44 52 123 138 1
52 44 123 138 1
44 52 138 123 1
52 44 138 123 1
42 54 107 154 0
54 42 107 154 0
42 54 154 107 0
54 42 154 107 0
48 48 115 146 0
48 48 146 115 0
40 56 128 133 0
56 40 128 133 0
40 56 133 128 0
56 40 133 128 0
46 50 107 154 0
50 46 107 154 0
46 50 154 107 0
50 46 154 107 0
48 48 126 135 4
48 48 135 126 4
46 50 117 144 0
50 46 117 144 0
46 50 144 117 0
50 46 144 117 0
43 53 120 141 0
53 43 120 141 0
43 53 141 120 0
53 43 141 120 0
44 52 111 150 0
52 44 111 150 0
44 52 150 111 0
52 44 150 111 0
47 49 107 154 0
49 47 107 154 0
47 49 154 107 0
49 47 154 107 0
40 56 124 137 0
56 40 124 137 0
40 56 137 124 0
56 40 137 124 0
40 56 123 138 0
56 40 123 138 0
40 56 138 123 0
56 40 138 123 0
41 55 118 143 0
55 41 118 143 0
41 55 143 118 0
55 41 143 118 0
43 53 125 136 2
53 43 125 136 2
43 53 136 125 2
53 43 136 125 2
47 49 116 145 0
49 47 116 145 0
47 49 145 116 0
49 47 145 116 0
40 56 112 149 0
56 40 112 149 0
40 56 149 112 0
56 40 149 112 0
44 52 130 131 6
52 44 130 131 6
44 52 131 130 6
52 44 131 130 6
43 53 109 152 0
53 43 109 152 0
43 53 152 109 0
53 43 152 109 0
39 57 121 140 0
57 39 121 140 0
39 57 140 121 0
57 39 140 121 0
45 51 107 154 0
51 45 107 154 0
45 51 154 107 0
51 45 154 107 0
39 57 125 136 0
57 39 125 136 0
39 57 136 125 0
57 39 136 125 0
48 48 125 136 3
48 48 136 125 3
47 49 126 135 3
49 47 126 135 3
47 49 135 126 3
49 47 135 126 3
40 56 129 132 0
56 40 129 132 0
40 56 132 129 0
56 40 132 129 0
42 54 119 142 0
54 42 119 142 0
42 54 142 119 0
54 42 142 119 0
40 56 111 150 0
56 40 111 150 0
40 56 150 111 0
56 40 150 111 0
43 53 106 155 0
53 43 106 155 0
43 53 155 106 0
53 43 155 106 0
47 49 110 151 0
49 47 110 151 0
47 49 151 110 0
49 47 151 110 0
46 50 128 133 5
50 46 128 133 5
46 50 133 128 5
50 46 133 128 5
43 53 126 135 3
53 43 126 135 3
43 53 135 126 3
53 43 135 126 3
44 52 106 155 0
52 44 106 155 0
44 52 155 106 0
52 44 155 106 0
43 53 119 142 0
53 43 119 142 0
43 53 142 119 0
53 43 142 119 0
46 50 124 137 1
50 46 124 137 1
46 50 137 124 1
50 46 137 124 1
39 57 127 134 0
57 39 127 134 0
39 57 134 127 0
57 39 134 127 0
41 55 119 142 0
55 41 119 142 0
41 55 142 119 0
55 41 142 119 0
44 52 119 142 0
52 44 119 142 0
44 52 142 119 0
52 44 142 119 0
39 57 126 135 0
57 39 126 135 0
39 57 135 126 0
57 39 135 126 0
46 50 112 149 0
50 46 112 149 0
46 50 149 112 0
50 46 149 112 0
44 52 109 152 0
52 44 109 152 0
44 52 152 109 0
52 44 152 109 0
39 57 122 139 0
57 39 122 139 0
39 57 139 122 0
57 39 139 122 0
48 48 121 140 1
48 48 140 121 1
45 51 114 147 0
51 45 114 147 0
45 51 147 114 0
51 45 147 114 0
47 49 112 149 0
49 47 112 149 0
47 49 149 112 0
49 47 149 112 0
48 48 106 155 0
48 48 155 106 0
48 48 111 150 0
48 48 150 111 0
45 51 123 138 1
51 45 123 138 1
45 51 138 123 1
51 45 138 123 1
42 54 124 137 0
54 42 124 137 0
42 54 137 124 0
54 42 137 124 0
41 55 125 136 0
55 41 125 136 0
41 55 136 125 0
55 41 136 125 0
46 50 111 150 0
50 46 111 150 0
46 50 150 111 0
50 46 150 111 0
43 53 128 133 5
53 43 128 133 5
43 53 133 128 5
53 43 133 128 5
47 49 118 143 0
49 47 118 143 0
47 49 143 118 0
49 47 143 118 0
45 51 116 145 0
51 45 116 145 0
45 51 145 116 0
51 45 145 116 0
45 51 122 139 0
51 45 122 139 0
45 51 139 122 0
51 45 139 122 0
46 50 106 155 0
50 46 106 155 0
46 50 155 106 0
50 46 155 106 0
40 56 122 139 0
56 40 122 139 0
40 56 139 122 0
56 40 139 122 0
42 54 114 147 0
54 42 114 147 0
42 54 147 114 0
54 42 147 114 0
45 51 111 150 0
51 45 111 150 0
45 51 150 111 0
51 45 150 111 0
43 53 130 131 6
53 43 130 131 6
43 53 131 130 6
53 43 131 130 6
40 56 130 131 0
56 40 130 131 0
40 56 131 130 0
56 40 131 130 0
47 49 124 137 1
49 47 124 137 1
47 49 137 124 1
49 47 137 124 1
42 54 113 148 0
54 42 113 148 0
42 54 148 113 0
54 42 148 113 0
48 48 118 143 1
48 48 143 118 1
48 48 107 154 0
48 48 154 107 0
45 51 127 134 4
51 45 127 134 4
45 51 134 127 4
51 45 134 127 4
42 54 125 136 0
54 42 125 136 0
42 54 136 125 0
54 42 136 125 0
41 55 108 153 0
55 41 108 153 0
41 55 153 108 0
55 41 153 108 0
43 53 114 147 0
53 43 114 147 0
43 53 147 114 0
53 43 147 114 0
47 49 108 153 0
49 47 108 153 0
47 49 153 108 0
49 47 153 108 0
42 54 127 134 0
54 42 127 134 0
42 54 134 127 0
54 42 134 127 0
45 51 129 132 6
51 45 129 132 6
45 51 132 129 6
51 45 132 129 6
45 51 124 137 1
51 45 124 137 1
45 51 137 124 1
51 45 137 124 1
42 54 116 145 0
54 42 116 145 0
42 54 145 116 0
54 42 145 116 0
47 49 123 138 1
49 47 123 138 1
47 49 138 123 1
49 47 138 123 1
48 48 129 132 7
48 48 132 129 7
42 54 120 141 0
54 42 120 141 0
42 54 141 120 0
54 42 141 120 0
41 55 116 145 0
55 41 116 145 0
41 55 145 116 0
55 41 145 116 0
46 50 119 142 0
50 46 119 142 0
46 50 142 119 0
50 46 142 119 0
45 51 105 156 0
51 45 105 156 0
45 51 156 105 0
51 45 156 105 0
45 51 128 133 5
51 45 128 133 5
45 51 133 128 5
51 45 133 128 5
41 55 114 147 0
55 41 114 147 0
41 55 147 114 0
55 41 147 114 0
41 55 112 149 0
55 41 112 149 0
41 55 149 112 0
55 41 149 112 0
45 51 109 152 0
51 45 109 152 0
45 51 152 109 0
51 45 152 109 0
42 54 112 149 0
54 42 112 149 0
42 54 149 112 0
54 42 149 112 0
44 52 115 146 0
52 44 115 146 0
44 52 146 115 0
52 44 146 115 0
45 51 118 143 0
51 45 118 143 0
45 51 143 118 0
51 45 143 118 0
41 55 129 132 0
55 41 129 132 0
41 55 132 129 0
55 41 132 129 0
48 48 116 145 0
48 48 145 116 0
47 49 120 141 0
49 47 120 141 0
47 49 141 120 0
49 47 141 120 0
43 53 121 140 0
53 43 121 140 0
43 53 140 121 0
53 43 140 121 0
41 55 128 133 0
55 41 128 133 0
41 55 133 128 0
55 41 133 128 0
48 48 122 139 1
48 48 139 122 1
39 57 128 133 0
57 39 128 133 0
39 57 133 128 0
57 39 133 128 0
46 50 110 151 0
50 46 110 151 0
46 50 151 110 0
50 46 151 110 0
47 49 119 142 0
49 47 119 142 0
47 49 142 119 0
49 47 142 119 0
40 56 117 144 0
56 40 117 144 0
40 56 144 117 0
56 40 144 117 0
42 54 111 150 0
54 42 111 150 0
42 54 150 111 0
54 42 150 111 0
47 49 127 134 4
49 47 127 134 4
47 49 134 127 4
49 47 134 127 4
41 55 130 131 0
55 41 130 131 0
41 55 131 130 0
55 41 131 130 0
46 50 116 145 0
50 46 116 145 0
46 50 145 116 0
50 46 145 116 0
44 52 120 141 0
52 44 120 141 0
44 52 141 120 0
52 44 141 120 0
44 52 126 135 3
52 44 126 135 3
44 52 135 126 3
52 44 135 126 3
42 54 109 152 0
54 42 109 152 0
42 54 152 109 0
54 42 152 109 0
40 56 115 146 0
56 40 115 146 0
40 56 146 115 0
56 40 146 115 0
46 50 108 153 0
50 46 108 153 0
46 50 153 108 0
50 46 153 108 0
42 54 122 139 0
54 42 122 139 0
42 54 139 122 0
54 42 139 122 0
46 50 115 146 0
50 46 115 146 0
46 50 146 115 0
50 46 146 115 0
45 51 117 144 0
51 45 117 144 0
45 51 144 117 0
51 45 144 117 0
45 51 106 155 0
51 45 106 155 0
45 51 155 106 0
51 45 155 106 0
40 56 125 136 0
56 40 125 136 0
40 56 136 125 0
56 40 136 125 0
47 49 105 156 0
49 47 105 156 0
47 49 156 105 0
49 47 156 105 0
39 57 123 138 0
57 39 123 138 0
39 57 138 123 0
57 39 138 123 0
43 53 122 139 0
53 43 122 139 0
43 53 139 122 0
53 43 139 122 0
41 55 121 140 0
55 41 121 140 0
41 55 140 121 0
55 41 140 121 0
43 53 124 137 1
53 43 124 137 1
43 53 137 124 1
53 43 137 124 1
40 56 118 143 0
56 40 118 143 0
40 56 143 118 0
56 40 143 118 0
48 48 124 137 2
48 48 137 124 2
44 52 117 144 0
52 44 117 144 0
44 52 144 117 0
52 44 144 117 0
44 52 108 153 0
52 44 108 153 0
44 52 153 108 0
52 44 153 108 0
47 49 106 155 0
49 47 106 155 0
47 49 155 106 0
49 47 155 106 0
44 52 124 137 1
52 44 124 137 1
44 52 137 124 1
52 44 137 124 1
48 48 117 144 0
48 48 144 117 0
47 49 129 132 6
49 47 129 132 6
47 49 132 129 6
49 47 132 129 6
44 52 116 145 0
52 44 116 145 0
44 52 145 116 0
52 44 145 116 0
43 53 110 151 0
53 43 110 151 0
43 53 151 110 0
53 43 151 110 0
39 57 114 147 0
57 39 114 147 0
39 57 147 114 0
57 39 147 114 0
45 51 108 153 0
51 45 108 153 0
45 51 153 108 0
51 45 153 108 0
41 55 123 138 0
55 41 123 138 0
41 55 138 123 0
55 41 138 123 0
44 52 118 143 0
52 44 118 143 0
44 52 143 118 0
52 44 143 118 0
47 49 115 146 0
49 47 115 146 0
47 49 146 115 0
49 47 146 115 0
40 56 126 135 0
56 40 126 135 0
40 56 135 126 0
56 40 135 126 0
47 49 121 140 0
49 47 121 140 0
47 49 140 121 0
49 47 140 121 0
48 48 119 142 1
48 48 142 119 1
48 48 114 147 0
48 48 147 114 0
44 52 107 154 0
52 44 107 154 0
44 52 154 107 0
52 44 154 107 0
