6 9 8 37 15
9 6 8 37 15
6 9 37 8 15
9 6 37 8 15
1 14 6 39 0
14 1 6 39 0
1 14 39 6 0
14 1 39 6 0
6 9 1 44 0
9 6 1 44 0
6 9 44 1 0
9 6 44 1 0
0 15 18 27 3
15 0 18 27 3
0 15 27 18 3
15 0 27 18 3
3 12 7 38 0
12 3 7 38 0
3 12 38 7 0
12 3 38 7 0
5 10 2 43 0
10 5 2 43 0
5 10 43 2 0
10 5 43 2 0
7 8 18 27 1765
8 7 18 27 1765
7 8 27 18 1765
8 7 27 18 1765
6 9 2 43 0
9 6 2 43 0
6 9 43 2 0
9 6 43 2 0
3 12 15 30 141
12 3 15 30 141
3 12 30 15 141
12 3 30 15 141
0 15 20 25 5
15 0 20 25 5
0 15 25 20 5
15 0 25 20 5
6 9 12 33 225
9 6 12 33 225
6 9 33 12 225
9 6 33 12 225
2 13 12 33 11
13 2 12 33 11
2 13 33 12 11
13 2 33 12 11
7 8 14 31 618
8 7 14 31 618
7 8 31 14 618
8 7 31 14 618
6 9 3 42 0
9 6 3 42 0
6 9 42 3 0
9 6 42 3 0
4 11 4 41 0
11 4 4 41 0
4 11 41 4 0
11 4 41 4 0
5 10 5 40 0
10 5 5 40 0
5 10 40 5 0
10 5 40 5 0
6 9 11 34 135
9 6 11 34 135
6 9 34 11 135
9 6 34 11 135
1 14 12 33 2
14 1 12 33 2
1 14 33 12 2
14 1 33 12 2
7 8 2 43 0
8 7 2 43 0
7 8 43 2 0
8 7 43 2 0
5 10 9 36 22
10 5 9 36 22
5 10 36 9 22
10 5 36 9 22
4 11 3 42 0
11 4 3 42 0
4 11 42 3 0
11 4 42 3 0
7 8 21 24 2491
8 7 21 24 2491
7 8 24 21 2491
8 7 24 21 2491
1 14 15 30 12
14 1 15 30 12
1 14 30 15 12
14 1 30 15 12
1 14 18 27 31
14 1 18 27 31
1 14 27 18 31
14 1 27 18 31
4 11 16 29 412
11 4 16 29 412
4 11 29 16 412
11 4 29 16 412
3 12 8 37 1
12 3 8 37 1
3 12 37 8 1
12 3 37 8 1
6 9 15 30 738
9 6 15 30 738
6 9 30 15 738
9 6 30 15 738
3 12 5 40 0
12 3 5 40 0
3 12 40 5 0
12 3 40 5 0
4 11 2 43 0
11 4 2 43 0
4 11 43 2 0
11 4 43 2 0
4 11 18 27 653
11 4 18 27 653
4 11 27 18 653
11 4 27 18 653
1 14 17 28 24
14 1 17 28 24
1 14 28 17 24
14 1 28 17 24
6 9 10 35 73
9 6 10 35 73
6 9 35 10 73
9 6 35 10 73
5 10 22 23 1592
10 5 22 23 1592
5 10 23 22 1592
10 5 23 22 1592
2 13 7 38 0
13 2 7 38 0
2 13 38 7 0
13 2 38 7 0
2 13 14 31 32
13 2 14 31 32
2 13 31 14 32
13 2 31 14 32
7 8 6 39 1
8 7 6 39 1
7 8 39 6 1
8 7 39 6 1
4 11 17 28 532
11 4 17 28 532
4 11 28 17 532
11 4 28 17 532
5 10 12 33 150
10 5 12 33 150
5 10 33 12 150
10 5 33 12 150
3 12 21 24 460
12 3 21 24 460
3 12 24 21 460
12 3 24 21 460
6 9 13 32 356
9 6 13 32 356
6 9 32 13 356
9 6 32 13 356
3 12 22 23 478
12 3 22 23 478
3 12 23 22 478
12 3 23 22 478
2 13 9 36 1
13 2 9 36 1
2 13 36 9 1
13 2 36 9 1
4 11 22 23 977
11 4 22 23 977
4 11 23 22 977
11 4 23 22 977
1 14 21 24 49
14 1 21 24 49
1 14 24 21 49
14 1 24 21 49
3 12 11 34 20
12 3 11 34 20
3 12 34 11 20
12 3 34 11 20
7 8 13 32 420
8 7 13 32 420
7 8 32 13 420
8 7 32 13 420
2 13 13 32 20
13 2 13 32 20
2 13 32 13 20
13 2 32 13 20
7 8 15 30 866
8 7 15 30 866
7 8 30 15 866
8 7 30 15 866
1 14 8 37 0
14 1 8 37 0
1 14 37 8 0
14 1 37 8 0
3 12 3 42 0
12 3 3 42 0
3 12 42 3 0
12 3 42 3 0
1 14 20 25 44
14 1 20 25 44
1 14 25 20 44
14 1 25 20 44
2 13 10 35 2
13 2 10 35 2
2 13 35 10 2
13 2 35 10 2
6 9 20 25 1981
9 6 20 25 1981
6 9 25 20 1981
9 6 25 20 1981
0 15 17 28 2
15 0 17 28 2
0 15 28 17 2
15 0 28 17 2
5 10 4 41 0
10 5 4 41 0
5 10 41 4 0
10 5 41 4 0
2 13 17 28 93
13 2 17 28 93
2 13 28 17 93
13 2 28 17 93
2 13 15 30 50
13 2 15 30 50
2 13 30 15 50
13 2 30 15 50
4 11 7 38 1
11 4 7 38 1
4 11 38 7 1
11 4 38 7 1
7 8 8 37 18
8 7 8 37 18
7 8 37 8 18
8 7 37 8 18
6 9 6 39 1
9 6 6 39 1
6 9 39 6 1
9 6 39 6 1
5 10 18 27 1075
10 5 18 27 1075
5 10 27 18 1075
10 5 27 18 1075
4 11 11 34 50
11 4 11 34 50
4 11 34 11 50
11 4 34 11 50
4 11 19 26 770
11 4 19 26 770
4 11 26 19 770
11 4 26 19 770
2 13 4 41 0
13 2 4 41 0
2 13 41 4 0
13 2 41 4 0
2 13 21 24 177
13 2 21 24 177
2 13 24 21 177
13 2 24 21 177
7 8 9 36 44
8 7 9 36 44
7 8 36 9 44
8 7 36 9 44
3 12 16 29 192
12 3 16 29 192
3 12 29 16 192
12 3 29 16 192
0 15 12 33 0
15 0 12 33 0
0 15 33 12 0
15 0 33 12 0
0 15 19 26 4
15 0 19 26 4
0 15 26 19 4
15 0 26 19 4
6 9 16 29 977
9 6 16 29 977
6 9 29 16 977
9 6 29 16 977
0 15 10 35 0
15 0 10 35 0
0 15 35 10 0
15 0 35 10 0
1 14 13 32 4
14 1 13 32 4
1 14 32 13 4
14 1 32 13 4
1 14 14 31 7
14 1 14 31 7
1 14 31 14 7
14 1 31 14 7
0 15 11 34 0
15 0 11 34 0
0 15 34 11 0
15 0 34 11 0
7 8 1 44 0
8 7 1 44 0
7 8 44 1 0
8 7 44 1 0
6 9 21 24 2138
9 6 21 24 2138
6 9 24 21 2138
9 6 24 21 2138
5 10 11 34 88
10 5 11 34 88
5 10 34 11 88
10 5 34 11 88
5 10 6 39 0
10 5 6 39 0
5 10 39 6 0
10 5 39 6 0
6 9 7 38 5
9 6 7 38 5
6 9 38 7 5
9 6 38 7 5
1 14 19 26 38
14 1 19 26 38
1 14 26 19 38
14 1 26 19 38
6 9 18 27 1511
9 6 18 27 1511
6 9 27 18 1511
9 6 27 18 1511
3 12 17 28 252
12 3 17 28 252
3 12 28 17 252
12 3 28 17 252
3 12 18 27 313
12 3 18 27 313
3 12 27 18 313
12 3 27 18 313
0 15 16 29 1
15 0 16 29 1
0 15 29 16 1
15 0 29 16 1
2 13 19 26 141
13 2 19 26 141
2 13 26 19 141
13 2 26 19 141
3 12 12 33 36
12 3 12 33 36
3 12 33 12 36
12 3 33 12 36
5 10 20 25 1419
10 5 20 25 1419
5 10 25 20 1419
10 5 25 20 1419
6 9 19 26 1767
9 6 19 26 1767
6 9 26 19 1767
9 6 26 19 1767
1 14 7 38 0
14 1 7 38 0
1 14 38 7 0
14 1 38 7 0
3 12 20 25 422
12 3 20 25 422
3 12 25 20 422
12 3 25 20 422
7 8 5 40 0
8 7 5 40 0
7 8 40 5 0
8 7 40 5 0
5 10 15 30 515
10 5 15 30 515
5 10 30 15 515
10 5 30 15 515
7 8 19 26 2062
8 7 19 26 2062
7 8 26 19 2062
8 7 26 19 2062
6 9 5 40 0
9 6 5 40 0
6 9 40 5 0
9 6 40 5 0
7 8 7 38 6
8 7 7 38 6
7 8 38 7 6
8 7 38 7 6
4 11 9 36 12
11 4 9 36 12
4 11 36 9 12
11 4 36 9 12
2 13 6 39 0
13 2 6 39 0
2 13 39 6 0
13 2 39 6 0
0 15 14 31 0
15 0 14 31 0
0 15 31 14 0
15 0 31 14 0
6 9 9 36 37
9 6 9 36 37
6 9 36 9 37
9 6 36 9 37
5 10 3 42 0
10 5 3 42 0
5 10 42 3 0
10 5 42 3 0
7 8 20 25 2310
8 7 20 25 2310
7 8 25 20 2310
8 7 25 20 2310
0 15 22 23 6
15 0 22 23 6
0 15 23 22 6
15 0 23 22 6
2 13 5 40 0
13 2 5 40 0
2 13 40 5 0
13 2 40 5 0
4 11 20 25 868
11 4 20 25 868
4 11 25 20 868
11 4 25 20 868
4 11 13 32 141
11 4 13 32 141
4 11 32 13 141
11 4 32 13 141
4 11 10 35 25
11 4 10 35 25
4 11 35 10 25
11 4 35 10 25
5 10 16 29 687
10 5 16 29 687
5 10 29 16 687
10 5 29 16 687
2 13 8 37 0
13 2 8 37 0
2 13 37 8 0
13 2 37 8 0
7 8 22 23 2583
8 7 22 23 2583
7 8 23 22 2583
8 7 23 22 2583
5 10 10 35 46
10 5 10 35 46
5 10 35 10 46
10 5 35 10 46
3 12 6 39 0
12 3 6 39 0
3 12 39 6 0
12 3 39 6 0
0 15 15 30 1
15 0 15 30 1
0 15 30 15 1
15 0 30 15 1
5 10 13 32 242
10 5 13 32 242
5 10 32 13 242
10 5 32 13 242
4 11 15 30 307
11 4 15 30 307
4 11 30 15 307
11 4 30 15 307
1 14 10 35 0
14 1 10 35 0
1 14 35 10 0
14 1 35 10 0
2 13 18 27 117
13 2 18 27 117
2 13 27 18 117
13 2 27 18 117
5 10 14 31 362
10 5 14 31 362
5 10 31 14 362
10 5 31 14 362
7 8 3 42 0
8 7 3 42 0
7 8 42 3 0
8 7 42 3 0
3 12 13 32 61
12 3 13 32 61
3 12 32 13 61
12 3 32 13 61
6 9 17 28 1243
9 6 17 28 1243
6 9 28 17 1243
9 6 28 17 1243
3 12 19 26 372
12 3 19 26 372
3 12 26 19 372
12 3 26 19 372
0 15 13 32 0
15 0 13 32 0
0 15 32 13 0
15 0 32 13 0
7 8 10 35 87
8 7 10 35 87
7 8 35 10 87
8 7 35 10 87
4 11 12 33 86
11 4 12 33 86
4 11 33 12 86
11 4 33 12 86
4 11 21 24 941
11 4 21 24 941
4 11 24 21 941
11 4 24 21 941
7 8 12 33 266
8 7 12 33 266
7 8 33 12 266
8 7 33 12 266
6 9 4 41 0
9 6 4 41 0
6 9 41 4 0
9 6 41 4 0
2 13 11 34 6
13 2 11 34 6
2 13 34 11 6
13 2 34 11 6
2 13 22 23 184
13 2 22 23 184
2 13 23 22 184
13 2 23 22 184
7 8 17 28 1454
8 7 17 28 1454
7 8 28 17 1454
8 7 28 17 1454
3 12 9 36 4
12 3 9 36 4
3 12 36 9 4
12 3 36 9 4
5 10 19 26 1262
10 5 19 26 1262
5 10 26 19 1262
10 5 26 19 1262
1 14 16 29 17
14 1 16 29 17
1 14 29 16 17
14 1 29 16 17
4 11 6 39 0
11 4 6 39 0
4 11 39 6 0
11 4 39 6 0
5 10 17 28 880
10 5 17 28 880
5 10 28 17 880
10 5 28 17 880
3 12 4 41 0
12 3 4 41 0
3 12 41 4 0
12 3 41 4 0
3 12 10 35 9
12 3 10 35 9
3 12 35 10 9
12 3 35 10 9
1 14 9 36 0
14 1 9 36 0
1 14 36 9 0
14 1 36 9 0
4 11 5 40 0
11 4 5 40 0
4 11 40 5 0
11 4 40 5 0
4 11 14 31 213
11 4 14 31 213
4 11 31 14 213
11 4 31 14 213
5 10 7 38 2
10 5 7 38 2
5 10 38 7 2
10 5 38 7 2
7 8 11 34 160
8 7 11 34 160
7 8 34 11 160
8 7 34 11 160
2 13 20 25 161
13 2 20 25 161
2 13 25 20 161
13 2 25 20 161
4 11 8 37 4
11 4 8 37 4
4 11 37 8 4
11 4 37 8 4
5 10 8 37 8
10 5 8 37 8
5 10 37 8 8
10 5 37 8 8
1 14 22 23 51
14 1 22 23 51
1 14 23 22 51
14 1 23 22 51
6 9 22 23 2217
9 6 22 23 2217
6 9 23 22 2217
9 6 23 22 2217
3 12 14 31 95
12 3 14 31 95
3 12 31 14 95
12 3 31 14 95
2 13 16 29 69
13 2 16 29 69
2 13 29 16 69
13 2 29 16 69
7 8 4 41 0
8 7 4 41 0
7 8 41 4 0
8 7 41 4 0
1 14 11 34 1
14 1 11 34 1
1 14 34 11 1
14 1 34 11 1
0 15 21 24 6
15 0 21 24 6
0 15 24 21 6
15 0 24 21 6
7 8 16 29 1145
8 7 16 29 1145
7 8 29 16 1145
8 7 29 16 1145
6 9 14 31 525
9 6 14 31 525
6 9 31 14 525
9 6 31 14 525
5 10 21 24 1534
10 5 21 24 1534
5 10 24 21 1534
10 5 24 21 1534
