1 11 9 28 6
11 1 9 28 6
1 11 28 9 6
11 1 28 9 6
3 9 12 25 173
9 3 12 25 173
3 9 25 12 173
9 3 25 12 173
3 9 5 32 1
9 3 5 32 1
3 9 32 5 1
9 3 32 5 1
1 11 7 30 1
11 1 7 30 1
1 11 30 7 1
11 1 30 7 1
5 7 1 36 0
7 5 1 36 0
5 7 36 1 0
7 5 36 1 0
5 7 2 35 0
7 5 2 35 0
5 7 35 2 0
7 5 35 2 0
6 6 15 22 862
6 6 22 15 862
5 7 9 28 111
7 5 9 28 111
5 7 28 9 111
7 5 28 9 111
6 6 16 21 983
6 6 21 16 983
4 8 18 19 771
8 4 18 19 771
4 8 19 18 771
8 4 19 18 771
2 10 12 25 77
10 2 12 25 77
2 10 25 12 77
10 2 25 12 77
1 11 18 19 83
11 1 18 19 83
1 11 19 18 83
11 1 19 18 83
3 9 4 33 0
9 3 4 33 0
3 9 33 4 0
9 3 33 4 0
6 6 13 24 577
6 6 24 13 577
4 8 7 30 23
8 4 7 30 23
4 8 30 7 23
8 4 30 7 23
2 10 6 31 1
10 2 6 31 1
2 10 31 6 1
10 2 31 6 1
6 6 9 28 129
6 6 28 9 129
5 7 10 27 179
7 5 10 27 179
5 7 27 10 179
7 5 27 10 179
4 8 1 36 0
8 4 1 36 0
4 8 36 1 0
8 4 36 1 0
6 6 10 27 206
6 6 27 10 206
4 8 5 32 2
8 4 5 32 2
4 8 32 5 2
8 4 32 5 2
3 9 7 30 12
9 3 7 30 12
3 9 30 7 12
9 3 30 7 12
2 10 2 35 0
10 2 2 35 0
2 10 35 2 0
10 2 35 2 0
3 9 2 35 0
9 3 2 35 0
3 9 35 2 0
9 3 35 2 0
3 9 1 36 0
9 3 1 36 0
3 9 36 1 0
9 3 36 1 0
1 11 4 33 0
11 1 4 33 0
1 11 33 4 0
11 1 33 4 0
4 8 14 23 491
8 4 14 23 491
4 8 23 14 491
8 4 23 14 491
6 6 8 29 75
6 6 29 8 75
1 11 16 21 71
11 1 16 21 71
1 11 21 16 71
11 1 21 16 71
2 10 10 27 33
10 2 10 27 33
2 10 27 10 33
10 2 27 10 33
4 8 16 21 671
8 4 16 21 671
4 8 21 16 671
8 4 21 16 671
0 12 8 29 0
12 0 8 29 0
0 12 29 8 0
12 0 29 8 0
5 7 15 22 769
7 5 15 22 769
5 7 22 15 769
7 5 22 15 769
5 7 11 26 270
7 5 11 26 270
5 7 26 11 270
7 5 26 11 270
2 10 9 28 19
10 2 9 28 19
2 10 28 9 19
10 2 28 9 19
1 11 12 25 27
11 1 12 25 27
1 11 25 12 27
11 1 25 12 27
2 10 11 26 52
10 2 11 26 52
2 10 26 11 52
10 2 26 11 52
1 11 15 22 61
11 1 15 22 61
1 11 22 15 61
11 1 22 15 61
3 9 14 23 298
9 3 14 23 298
3 9 23 14 298
9 3 23 14 298
6 6 12 25 435
6 6 25 12 435
5 7 4 33 0
7 5 4 33 0
5 7 33 4 0
7 5 33 4 0
6 6 5 32 5
6 6 32 5 5
1 11 8 29 3
11 1 8 29 3
1 11 29 8 3
11 1 29 8 3
0 12 13 24 5
12 0 13 24 5
0 12 24 13 5
12 0 24 13 5
6 6 17 20 1075
6 6 20 17 1075
0 12 10 27 1
12 0 10 27 1
0 12 27 10 1
12 0 27 10 1
0 12 17 20 14
12 0 17 20 14
0 12 20 17 14
12 0 20 17 14
6 6 18 19 1126
6 6 19 18 1126
5 7 17 20 961
7 5 17 20 961
5 7 20 17 961
7 5 20 17 961
5 7 7 30 31
7 5 7 30 31
5 7 30 7 31
7 5 30 7 31
4 8 11 26 204
8 4 11 26 204
4 8 26 11 204
8 4 26 11 204
2 10 3 34 0
10 2 3 34 0
2 10 34 3 0
10 2 34 3 0
4 8 3 34 0
8 4 3 34 0
4 8 34 3 0
8 4 34 3 0
1 11 3 34 0
11 1 3 34 0
1 11 34 3 0
11 1 34 3 0
2 10 7 30 4
10 2 7 30 4
2 10 30 7 4
10 2 30 7 4
4 8 2 35 0
8 4 2 35 0
4 8 35 2 0
8 4 35 2 0
5 7 5 32 3
7 5 5 32 3
5 7 32 5 3
7 5 32 5 3
3 9 11 26 120
9 3 11 26 120
3 9 26 11 120
9 3 26 11 120
3 9 18 19 474
9 3 18 19 474
3 9 19 18 474
9 3 19 18 474
4 8 10 27 135
8 4 10 27 135
4 8 27 10 135
8 4 27 10 135
2 10 5 32 0
10 2 5 32 0
2 10 32 5 0
10 2 32 5 0
0 12 7 30 0
12 0 7 30 0
0 12 30 7 0
12 0 30 7 0
0 12 16 21 12
12 0 16 21 12
0 12 21 16 12
12 0 21 16 12
1 11 14 23 50
11 1 14 23 50
1 11 23 14 50
11 1 23 14 50
6 6 6 31 16
6 6 31 6 16
4 8 17 20 735
8 4 17 20 735
4 8 20 17 735
8 4 20 17 735
2 10 16 21 192
10 2 16 21 192
2 10 21 16 192
10 2 21 16 192
4 8 13 24 389
8 4 13 24 389
4 8 24 13 389
8 4 24 13 389
5 7 8 29 63
7 5 8 29 63
5 7 29 8 63
7 5 29 8 63
6 6 1 36 0
6 6 36 1 0
3 9 3 34 0
9 3 3 34 0
3 9 34 3 0
9 3 34 3 0
3 9 10 27 78
9 3 10 27 78
3 9 27 10 78
9 3 27 10 78
6 6 2 35 0
6 6 35 2 0
3 9 8 29 26
9 3 8 29 26
3 9 29 8 26
9 3 29 8 26
1 11 13 24 38
11 1 13 24 38
1 11 24 13 38
11 1 24 13 38
4 8 4 33 0
8 4 4 33 0
4 8 33 4 0
8 4 33 4 0
4 8 6 31 9
8 4 6 31 9
4 8 31 6 9
8 4 31 6 9
5 7 13 24 512
7 5 13 24 512
5 7 24 13 512
7 5 24 13 512
1 11 5 32 0
11 1 5 32 0
1 11 32 5 0
11 1 32 5 0
1 11 10 27 11
11 1 10 27 11
1 11 27 10 11
11 1 27 10 11
4 8 9 28 83
8 4 9 28 83
4 8 28 9 83
8 4 28 9 83
6 6 11 26 308
6 6 26 11 308
1 11 6 31 0
11 1 6 31 0
1 11 31 6 0
11 1 31 6 0
5 7 18 19 1007
7 5 18 19 1007
5 7 19 18 1007
7 5 19 18 1007
2 10 17 20 212
10 2 17 20 212
2 10 20 17 212
10 2 20 17 212
2 10 4 33 0
10 2 4 33 0
2 10 33 4 0
10 2 33 4 0
4 8 12 25 291
8 4 12 25 291
4 8 25 12 291
8 4 25 12 291
5 7 16 21 878
7 5 16 21 878
5 7 21 16 878
7 5 21 16 878
6 6 7 30 38
6 6 30 7 38
2 10 15 22 166
10 2 15 22 166
2 10 22 15 166
10 2 22 15 166
2 10 13 24 106
10 2 13 24 106
2 10 24 13 106
10 2 24 13 106
6 6 4 33 1
6 6 33 4 1
0 12 12 25 3
12 0 12 25 3
0 12 25 12 3
12 0 25 12 3
1 11 11 26 18
11 1 11 26 18
1 11 26 11 18
11 1 26 11 18
2 10 14 23 137
10 2 14 23 137
2 10 23 14 137
10 2 23 14 137
1 11 17 20 79
11 1 17 20 79
1 11 20 17 79
11 1 20 17 79
3 9 17 20 452
9 3 17 20 452
3 9 20 17 452
9 3 20 17 452
0 12 18 19 15
12 0 18 19 15
0 12 19 18 15
12 0 19 18 15
5 7 6 31 12
7 5 6 31 12
5 7 31 6 12
7 5 31 6 12
0 12 14 23 8
12 0 14 23 8
0 12 23 14 8
12 0 23 14 8
4 8 8 29 47
8 4 8 29 47
4 8 29 8 47
8 4 29 8 47
5 7 3 34 0
7 5 3 34 0
5 7 34 3 0
7 5 34 3 0
6 6 0 37 0
6 6 37 0 0
2 10 8 29 10
10 2 8 29 10
2 10 29 8 10
10 2 29 8 10
2 10 18 19 223
10 2 18 19 223
2 10 19 18 223
10 2 19 18 223
6 6 3 34 0
6 6 34 3 0
0 12 11 26 2
12 0 11 26 2
0 12 26 11 2
12 0 26 11 2
3 9 9 28 47
9 3 9 28 47
3 9 28 9 47
9 3 28 9 47
5 7 12 25 384
7 5 12 25 384
5 7 25 12 384
7 5 25 12 384
3 9 15 22 358
9 3 15 22 358
3 9 22 15 358
9 3 22 15 358
5 7 14 23 644
7 5 14 23 644
5 7 23 14 644
7 5 23 14 644
6 6 14 23 724
6 6 23 14 724
3 9 6 31 4
9 3 6 31 4
3 9 31 6 4
9 3 31 6 4
4 8 15 22 587
8 4 15 22 587
4 8 22 15 587
8 4 22 15 587
0 12 9 28 0
12 0 9 28 0
0 12 28 9 0
12 0 28 9 0
3 9 13 24 234
9 3 13 24 234
3 9 24 13 234
9 3 24 13 234
3 9 16 21 411
9 3 16 21 411
3 9 21 16 411
9 3 21 16 411
0 12 6 31 0
12 0 6 31 0
0 12 31 6 0
12 0 31 6 0
0 12 15 22 10
12 0 15 22 10
0 12 22 15 10
12 0 22 15 10
