3 6 6 23 27
6 3 6 23 27
3 6 23 6 27
6 3 23 6 27
3 6 9 20 97
6 3 9 20 97
3 6 20 9 97
6 3 20 9 97
1 8 10 19 37
8 1 10 19 37
1 8 19 10 37
8 1 19 10 37
3 6 5 24 13
6 3 5 24 13
3 6 24 5 13
6 3 24 5 13
0 9 7 22 2
9 0 7 22 2
0 9 22 7 2
9 0 22 7 2
0 9 5 24 0
9 0 5 24 0
0 9 24 5 0
9 0 24 5 0
4 5 13 16 260
5 4 13 16 260
4 5 16 13 260
5 4 16 13 260
4 5 4 25 6
5 4 4 25 6
4 5 25 4 6
5 4 25 4 6
3 6 11 18 165
6 3 11 18 165
3 6 18 11 165
6 3 18 11 165
2 7 10 19 74
7 2 10 19 74
2 7 19 10 74
7 2 19 10 74
0 9 14 15 18
9 0 14 15 18
0 9 15 14 18
9 0 15 14 18
2 7 6 23 14
7 2 6 23 14
2 7 23 6 14
7 2 23 6 14
2 7 3 26 0
7 2 3 26 0
2 7 26 3 0
7 2 26 3 0
4 5 10 19 159
5 4 10 19 159
4 5 19 10 159
5 4 19 10 159
4 5 12 17 236
5 4 12 17 236
4 5 17 12 236
5 4 17 12 236
4 5 2 27 0
5 4 2 27 0
4 5 27 2 0
5 4 27 2 0
1 8 7 22 12
8 1 7 22 12
1 8 22 7 12
8 1 22 7 12
1 8 2 27 0
8 1 2 27 0
1 8 27 2 0
8 1 27 2 0
2 7 7 22 24
7 2 7 22 24
2 7 22 7 24
7 2 22 7 24
0 9 4 25 0
9 0 4 25 0
0 9 25 4 0
9 0 25 4 0
2 7 14 15 130
7 2 14 15 130
2 7 15 14 130
7 2 15 14 130
0 9 13 16 17
9 0 13 16 17
0 9 16 13 17
9 0 16 13 17
4 5 3 26 1
5 4 3 26 1
4 5 26 3 1
5 4 26 3 1
3 6 0 29 0
6 3 0 29 0
3 6 29 0 0
6 3 29 0 0
3 6 8 21 69
6 3 8 21 69
3 6 21 8 69
6 3 21 8 69
4 5 5 24 16
5 4 5 24 16
4 5 24 5 16
5 4 24 5 16
4 5 14 15 272
5 4 14 15 272
4 5 15 14 272
5 4 15 14 272
0 9 11 18 12
9 0 11 18 12
0 9 18 11 12
9 0 18 11 12
3 6 2 27 0
6 3 2 27 0
3 6 27 2 0
6 3 27 2 0
4 5 0 29 0
5 4 0 29 0
4 5 29 0 0
5 4 29 0 0
1 8 8 21 19
8 1 8 21 19
1 8 21 8 19
8 1 21 8 19
0 9 9 20 6
9 0 9 20 6
0 9 20 9 6
9 0 20 9 6
1 8 5 24 3
8 1 5 24 3
1 8 24 5 3
8 1 24 5 3
1 8 3 26 0
8 1 3 26 0
1 8 26 3 0
8 1 26 3 0
4 5 6 23 33
5 4 6 23 33
4 5 23 6 33
5 4 23 6 33
1 8 12 17 56
8 1 12 17 56
1 8 17 12 56
8 1 17 12 56
1 8 11 18 47
8 1 11 18 47
1 8 18 11 47
8 1 18 11 47
3 6 4 25 5
6 3 4 25 5
3 6 25 4 5
6 3 25 4 5
1 8 14 15 65
8 1 14 15 65
1 8 15 14 65
8 1 15 14 65
2 7 2 27 0
7 2 2 27 0
2 7 27 2 0
7 2 27 2 0
3 6 7 22 45
6 3 7 22 45
3 6 22 7 45
6 3 22 7 45
3 6 3 26 1
6 3 3 26 1
3 6 26 3 1
6 3 26 3 1
0 9 10 19 9
9 0 10 19 9
0 9 19 10 9
9 0 19 10 9
0 9 6 23 1
9 0 6 23 1
0 9 23 6 1
9 0 23 6 1
1 8 6 23 7
8 1 6 23 7
1 8 23 6 7
8 1 23 6 7
0 9 12 17 15
9 0 12 17 15
0 9 17 12 15
9 0 17 12 15
1 8 1 28 0
8 1 1 28 0
1 8 28 1 0
8 1 28 1 0
4 5 1 28 0
5 4 1 28 0
4 5 28 1 0
5 4 28 1 0
2 7 8 21 38
7 2 8 21 38
2 7 21 8 38
7 2 21 8 38
4 5 11 18 200
5 4 11 18 200
4 5 18 11 200
5 4 18 11 200
1 8 13 16 62
8 1 13 16 62
1 8 16 13 62
8 1 16 13 62
3 6 10 19 131
6 3 10 19 131
3 6 19 10 131
6 3 19 10 131
2 7 13 16 124
7 2 13 16 124
2 7 16 13 124
7 2 16 13 124
1 8 9 20 27
8 1 9 20 27
1 8 20 9 27
8 1 20 9 27
0 9 8 21 4
9 0 8 21 4
0 9 21 8 4
9 0 21 8 4
2 7 5 24 6
7 2 5 24 6
2 7 24 5 6
7 2 24 5 6
3 6 14 15 225
6 3 14 15 225
3 6 15 14 225
6 3 15 14 225
2 7 4 25 2
7 2 4 25 2
2 7 25 4 2
7 2 25 4 2
3 6 12 17 195
6 3 12 17 195
3 6 17 12 195
6 3 17 12 195
2 7 11 18 94
7 2 11 18 94
2 7 18 11 94
7 2 18 11 94
0 9 3 26 0
9 0 3 26 0
0 9 26 3 0
9 0 26 3 0
3 6 1 28 0
6 3 1 28 0
3 6 28 1 0
6 3 28 1 0
4 5 9 20 118
5 4 9 20 118
4 5 20 9 118
5 4 20 9 118
4 5 8 21 84
5 4 8 21 84
4 5 21 8 84
5 4 21 8 84
1 8 4 25 1
8 1 4 25 1
1 8 25 4 1
8 1 25 4 1
3 6 13 16 215
6 3 13 16 215
3 6 16 13 215
6 3 16 13 215
2 7 1 28 0
7 2 1 28 0
2 7 28 1 0
7 2 28 1 0
4 5 7 22 55
5 4 7 22 55
4 5 22 7 55
5 4 22 7 55
2 7 9 20 54
7 2 9 20 54
2 7 20 9 54
7 2 20 9 54
2 7 12 17 112
7 2 12 17 112
2 7 17 12 112
7 2 17 12 112
