43 62 62 70 0
62 43 62 70 0
43 62 70 62 0
62 43 70 62 0
50 55 61 71 0
55 50 61 71 0
50 55 71 61 0
55 50 71 61 0
50 55 57 75 0
55 50 57 75 0
50 55 75 57 0
55 50 75 57 0
45 60 59 73 0
60 45 59 73 0
45 60 73 59 0
60 45 73 59 0
42 63 60 72 0
63 42 60 72 0
42 63 72 60 0
63 42 72 60 0
47 58 58 74 0
58 47 58 74 0
47 58 74 58 0
58 47 74 58 0
44 61 60 72 0
61 44 60 72 0
44 61 72 60 0
61 44 72 60 0
46 59 54 78 0
59 46 54 78 0
46 59 78 54 0
59 46 78 54 0
43 62 63 69 0
62 43 63 69 0
43 62 69 63 0
62 43 69 63 0
51 54 61 71 1
54 51 61 71 1
51 54 71 61 1
54 51 71 61 1
52 53 62 70 1
53 52 62 70 1
52 53 70 62 1
53 52 70 62 1
41 64 58 74 0
64 41 58 74 0
41 64 74 58 0
64 41 74 58 0
46 59 51 81 0
59 46 51 81 0
46 59 81 51 0
59 46 81 51 0
48 57 65 67 2
57 48 65 67 2
48 57 67 65 2
57 48 67 65 2
40 65 60 72 0
65 40 60 72 0
40 65 72 60 0
65 40 72 60 0
48 57 51 81 0
57 48 51 81 0
48 57 81 51 0
57 48 81 51 0
41 64 59 73 0
64 41 59 73 0
41 64 73 59 0
64 41 73 59 0
44 61 66 66 0
61 44 66 66 0
49 56 66 66 2
56 49 66 66 2
50 55 51 81 0
55 50 51 81 0
50 55 81 51 0
55 50 81 51 0
46 59 56 76 0
59 46 56 76 0
46 59 76 56 0
59 46 76 56 0
47 58 64 68 1
58 47 64 68 1
47 58 68 64 1
58 47 68 64 1
44 61 59 73 0
61 44 59 73 0
44 61 73 59 0
61 44 73 59 0
45 60 66 66 0
60 45 66 66 0
44 61 54 78 0
61 44 54 78 0
44 61 78 54 0
61 44 78 54 0
49 56 53 79 0
56 49 53 79 0
49 56 79 53 0
56 49 79 53 0
46 59 61 71 0
59 46 61 71 0
46 59 71 61 0
59 46 71 61 0
49 56 61 71 0
56 49 61 71 0
49 56 71 61 0
56 49 71 61 0
45 60 61 71 0
60 45 61 71 0
45 60 71 61 0
60 45 71 61 0
50 55 50 82 0
55 50 50 82 0
50 55 82 50 0
55 50 82 50 0
47 58 63 69 1
58 47 63 69 1
47 58 69 63 1
58 47 69 63 1
42 63 55 77 0
63 42 55 77 0
42 63 77 55 0
63 42 77 55 0
43 62 59 73 0
62 43 59 73 0
43 62 73 59 0
62 43 73 59 0
46 59 64 68 1
59 46 64 68 1
46 59 68 64 1
59 46 68 64 1
45 60 64 68 0
60 45 64 68 0
45 60 68 64 0
60 45 68 64 0
48 57 54 78 0
57 48 54 78 0
48 57 78 54 0
57 48 78 54 0
49 56 57 75 0
56 49 57 75 0
49 56 75 57 0
56 49 75 57 0
40 65 63 69 0
65 40 63 69 0
40 65 69 63 0
65 40 69 63 0
51 54 65 67 3
54 51 65 67 3
51 54 67 65 3
54 51 67 65 3
48 57 58 74 0
57 48 58 74 0
48 57 74 58 0
57 48 74 58 0
48 57 55 77 0
57 48 55 77 0
48 57 77 55 0
57 48 77 55 0
46 59 66 66 2
59 46 66 66 2
47 58 59 73 0
58 47 59 73 0
47 58 73 59 0
58 47 73 59 0
43 62 58 74 0
62 43 58 74 0
43 62 74 58 0
62 43 74 58 0
48 57 62 70 0
57 48 62 70 0
48 57 70 62 0
57 48 70 62 0
50 55 65 67 2
55 50 65 67 2
50 55 67 65 2
55 50 67 65 2
47 58 53 79 0
58 47 53 79 0
47 58 79 53 0
58 47 79 53 0
52 53 52 80 0
53 52 52 80 0
52 53 80 52 0
53 52 80 52 0
44 61 52 80 0
61 44 52 80 0
44 61 80 52 0
61 44 80 52 0
50 55 63 69 1
55 50 63 69 1
50 55 69 63 1
55 50 69 63 1
51 54 55 77 0
54 51 55 77 0
51 54 77 55 0
54 51 77 55 0
43 62 61 71 0
62 43 61 71 0
43 62 71 61 0
62 43 71 61 0
50 55 58 74 0
55 50 58 74 0
50 55 74 58 0
55 50 74 58 0
49 56 63 69 1
56 49 63 69 1
49 56 69 63 1
56 49 69 63 1
44 61 56 76 0
61 44 56 76 0
44 61 76 56 0
61 44 76 56 0
47 58 65 67 2
58 47 65 67 2
47 58 67 65 2
58 47 67 65 2
51 54 56 76 0
54 51 56 76 0
51 54 76 56 0
54 51 76 56 0
51 54 63 69 2
54 51 63 69 2
51 54 69 63 2
54 51 69 63 2
50 55 64 68 1
55 50 64 68 1
50 55 68 64 1
55 50 68 64 1
42 63 63 69 0
63 42 63 69 0
42 63 69 63 0
63 42 69 63 0
47 58 62 70 0
58 47 62 70 0
47 58 70 62 0
58 47 70 62 0
51 54 53 79 0
54 51 53 79 0
51 54 79 53 0
54 51 79 53 0
47 58 61 71 0
58 47 61 71 0
47 58 71 61 0
58 47 71 61 0
40 65 64 68 0
65 40 64 68 0
40 65 68 64 0
65 40 68 64 0
45 60 54 78 0
60 45 54 78 0
45 60 78 54 0
60 45 78 54 0
52 53 54 78 0
53 52 54 78 0
52 53 78 54 0
53 52 78 54 0
40 65 66 66 0
65 40 66 66 0
43 62 57 75 0
62 43 57 75 0
43 62 75 57 0
62 43 75 57 0
49 56 56 76 0
56 49 56 76 0
49 56 76 56 0
56 49 76 56 0
52 53 51 81 0
53 52 51 81 0
52 53 81 51 0
53 52 81 51 0
40 65 61 71 0
65 40 61 71 0
40 65 71 61 0
65 40 71 61 0
43 62 60 72 0
62 43 60 72 0
43 62 72 60 0
62 43 72 60 0
45 60 65 67 0
60 45 65 67 0
45 60 67 65 0
60 45 67 65 0
51 54 57 75 0
54 51 57 75 0
51 54 75 57 0
54 51 75 57 0
48 57 57 75 0
57 48 57 75 0
48 57 75 57 0
57 48 75 57 0
51 54 64 68 2
54 51 64 68 2
51 54 68 64 2
54 51 68 64 2
45 60 56 76 0
60 45 56 76 0
45 60 76 56 0
60 45 76 56 0
52 53 66 66 3
53 52 66 66 3
42 63 61 71 0
63 42 61 71 0
42 63 71 61 0
63 42 71 61 0
52 53 50 82 0
53 52 50 82 0
52 53 82 50 0
53 52 82 50 0
41 64 63 69 0
64 41 63 69 0
41 64 69 63 0
64 41 69 63 0
41 64 60 72 0
64 41 60 72 0
41 64 72 60 0
64 41 72 60 0
42 63 65 67 0
63 42 65 67 0
42 63 67 65 0
63 42 67 65 0
41 64 56 76 0
64 41 56 76 0
41 64 76 56 0
64 41 76 56 0
40 65 65 67 0
65 40 65 67 0
40 65 67 65 0
65 40 67 65 0
52 53 56 76 0
53 52 56 76 0
52 53 76 56 0
53 52 76 56 0
44 61 63 69 0
61 44 63 69 0
44 61 69 63 0
61 44 69 63 0
46 59 55 77 0
59 46 55 77 0
46 59 77 55 0
59 46 77 55 0
44 61 61 71 0
61 44 61 71 0
44 61 71 61 0
61 44 71 61 0
43 62 54 78 0
62 43 54 78 0
43 62 78 54 0
62 43 78 54 0
51 54 66 66 3
54 51 66 66 3
44 61 57 75 0
61 44 57 75 0
44 61 75 57 0
61 44 75 57 0
40 65 62 70 0
65 40 62 70 0
40 65 70 62 0
65 40 70 62 0
52 53 64 68 2
53 52 64 68 2
52 53 68 64 2
53 52 68 64 2
41 64 66 66 0
64 41 66 66 0
49 56 55 77 0
56 49 55 77 0
49 56 77 55 0
56 49 77 55 0
45 60 53 79 0
60 45 53 79 0
45 60 79 53 0
60 45 79 53 0
46 59 63 69 1
59 46 63 69 1
46 59 69 63 1
59 46 69 63 1
42 63 56 76 0
63 42 56 76 0
42 63 76 56 0
63 42 76 56 0
43 62 65 67 0
62 43 65 67 0
43 62 67 65 0
62 43 67 65 0
50 55 62 70 0
55 50 62 70 0
50 55 70 62 0
55 50 70 62 0
51 54 50 82 0
54 51 50 82 0
51 54 82 50 0
54 51 82 50 0
44 61 64 68 0
61 44 64 68 0
44 61 68 64 0
61 44 68 64 0
49 56 62 70 0
56 49 62 70 0
49 56 70 62 0
56 49 70 62 0
48 57 60 72 0
57 48 60 72 0
48 57 72 60 0
57 48 72 60 0
41 64 64 68 0
64 41 64 68 0
41 64 68 64 0
64 41 68 64 0
46 59 60 72 0
59 46 60 72 0
46 59 72 60 0
59 46 72 60 0
46 59 62 70 0
59 46 62 70 0
46 59 70 62 0
59 46 70 62 0
45 60 55 77 0
60 45 55 77 0
45 60 77 55 0
60 45 77 55 0
43 62 56 76 0
62 43 56 76 0
43 62 76 56 0
62 43 76 56 0
42 63 58 74 0
63 42 58 74 0
42 63 74 58 0
63 42 74 58 0
51 54 54 78 0
54 51 54 78 0
51 54 78 54 0
54 51 78 54 0
47 58 51 81 0
58 47 51 81 0
47 58 81 51 0
58 47 81 51 0
41 64 61 71 0
64 41 61 71 0
41 64 71 61 0
64 41 71 61 0
45 60 58 74 0
60 45 58 74 0
45 60 74 58 0
60 45 74 58 0
47 58 56 76 0
58 47 56 76 0
47 58 76 56 0
58 47 76 56 0
48 57 56 76 0
57 48 56 76 0
48 57 76 56 0
57 48 76 56 0
48 57 59 73 0
57 48 59 73 0
48 57 73 59 0
57 48 73 59 0
42 63 59 73 0
63 42 59 73 0
42 63 73 59 0
63 42 73 59 0
49 56 58 74 0
56 49 58 74 0
49 56 74 58 0
56 49 74 58 0
48 57 53 79 0
57 48 53 79 0
48 57 79 53 0
57 48 79 53 0
47 58 66 66 2
58 47 66 66 2
42 63 64 68 0
63 42 64 68 0
42 63 68 64 0
63 42 68 64 0
46 59 65 67 2
59 46 65 67 2
46 59 67 65 2
59 46 67 65 2
43 62 64 68 0
62 43 64 68 0
43 62 68 64 0
62 43 68 64 0
42 63 54 78 0
63 42 54 78 0
42 63 78 54 0
63 42 78 54 0
49 56 59 73 0
56 49 59 73 0
49 56 73 59 0
56 49 73 59 0
44 61 55 77 0
61 44 55 77 0
44 61 77 55 0
61 44 77 55 0
50 55 53 79 0
55 50 53 79 0
50 55 79 53 0
55 50 79 53 0
45 60 52 80 0
60 45 52 80 0
45 60 80 52 0
60 45 80 52 0
45 60 63 69 0
60 45 63 69 0
45 60 69 63 0
60 45 69 63 0
49 56 60 72 0
56 49 60 72 0
49 56 72 60 0
56 49 72 60 0
47 58 57 75 0
58 47 57 75 0
47 58 75 57 0
58 47 75 57 0
43 62 55 77 0
62 43 55 77 0
43 62 77 55 0
62 43 77 55 0
44 61 65 67 0
61 44 65 67 0
44 61 67 65 0
61 44 67 65 0
47 58 54 78 0
58 47 54 78 0
47 58 78 54 0
58 47 78 54 0
50 55 66 66 2
55 50 66 66 2
42 63 57 75 0
63 42 57 75 0
42 63 75 57 0
63 42 75 57 0
41 64 65 67 0
64 41 65 67 0
41 64 67 65 0
64 41 67 65 0
51 54 62 70 1
54 51 62 70 1
51 54 70 62 1
54 51 70 62 1
51 54 60 72 1
54 51 60 72 1
51 54 72 60 1
54 51 72 60 1
41 64 57 75 0
64 41 57 75 0
41 64 75 57 0
64 41 75 57 0
49 56 52 80 0
56 49 52 80 0
49 56 80 52 0
56 49 80 52 0
52 53 65 67 3
53 52 65 67 3
52 53 67 65 3
53 52 67 65 3
44 61 53 79 0
61 44 53 79 0
44 61 79 53 0
61 44 79 53 0
50 55 56 76 0
55 50 56 76 0
50 55 76 56 0
55 50 76 56 0
47 58 52 80 0
58 47 52 80 0
47 58 80 52 0
58 47 80 52 0
48 57 66 66 2
57 48 66 66 2
48 57 52 80 0
57 48 52 80 0
48 57 80 52 0
57 48 80 52 0
48 57 61 71 0
57 48 61 71 0
48 57 71 61 0
57 48 71 61 0
52 53 58 74 1
53 52 58 74 1
52 53 74 58 1
53 52 74 58 1
50 55 54 78 0
55 50 54 78 0
50 55 78 54 0
55 50 78 54 0
50 55 59 73 0
55 50 59 73 0
50 55 73 59 0
55 50 73 59 0
45 60 57 75 0
60 45 57 75 0
45 60 75 57 0
60 45 75 57 0
42 63 66 66 0
63 42 66 66 0
50 55 55 77 0
55 50 55 77 0
50 55 77 55 0
55 50 77 55 0
46 59 53 79 0
59 46 53 79 0
46 59 79 53 0
59 46 79 53 0
46 59 52 80 0
59 46 52 80 0
46 59 80 52 0
59 46 80 52 0
45 60 60 72 0
60 45 60 72 0
45 60 72 60 0
60 45 72 60 0
48 57 64 68 1
57 48 64 68 1
48 57 68 64 1
57 48 68 64 1
52 53 57 75 0
53 52 57 75 0
52 53 75 57 0
53 52 75 57 0
52 53 53 79 0
53 52 53 79 0
52 53 79 53 0
53 52 79 53 0
45 60 62 70 0
60 45 62 70 0
45 60 70 62 0
60 45 70 62 0
49 56 65 67 2
56 49 65 67 2
49 56 67 65 2
56 49 67 65 2
48 57 63 69 1
57 48 63 69 1
48 57 69 63 1
57 48 69 63 1
49 56 51 81 0
56 49 51 81 0
49 56 81 51 0
56 49 81 51 0
49 56 54 78 0
56 49 54 78 0
49 56 78 54 0
56 49 78 54 0
50 55 52 80 0
55 50 52 80 0
50 55 80 52 0
55 50 80 52 0
51 54 59 73 1
54 51 59 73 1
51 54 73 59 1
54 51 73 59 1
43 62 53 79 0
62 43 53 79 0
43 62 79 53 0
62 43 79 53 0
46 59 59 73 0
59 46 59 73 0
46 59 73 59 0
59 46 73 59 0
52 53 63 69 2
53 52 63 69 2
52 53 69 63 2
53 52 69 63 2
51 54 58 74 1
54 51 58 74 1
51 54 74 58 1
54 51 74 58 1
51 54 52 80 0
54 51 52 80 0
51 54 80 52 0
54 51 80 52 0
49 56 64 68 1
56 49 64 68 1
49 56 68 64 1
56 49 68 64 1
42 63 62 70 0
63 42 62 70 0
42 63 70 62 0
63 42 70 62 0
44 61 58 74 0
61 44 58 74 0
44 61 74 58 0
61 44 74 58 0
50 55 60 72 0
55 50 60 72 0
50 55 72 60 0
55 50 72 60 0
52 53 59 73 1
53 52 59 73 1
52 53 73 59 1
53 52 73 59 1
47 58 55 77 0
58 47 55 77 0
47 58 77 55 0
58 47 77 55 0
44 61 62 70 0
61 44 62 70 0
44 61 70 62 0
61 44 70 62 0
47 58 60 72 0
58 47 60 72 0
47 58 72 60 0
58 47 72 60 0
43 62 66 66 0
62 43 66 66 0
52 53 61 71 1
53 52 61 71 1
52 53 71 61 1
53 52 71 61 1
46 59 57 75 0
59 46 57 75 0
46 59 75 57 0
59 46 75 57 0
46 59 58 74 0
59 46 58 74 0
46 59 74 58 0
59 46 74 58 0
52 53 55 77 0
53 52 55 77 0
52 53 77 55 0
53 52 77 55 0
52 53 60 72 1
53 52 60 72 1
52 53 72 60 1
53 52 72 60 1
51 54 51 81 0
54 51 51 81 0
51 54 81 51 0
54 51 81 51 0
41 64 62 70 0
64 41 62 70 0
41 64 70 62 0
64 41 70 62 0
