8 13 9 18 63
13 8 9 18 63
8 13 18 9 63
13 8 18 9 63
6 15 4 23 0
15 6 4 23 0
6 15 23 4 0
15 6 23 4 0
10 11 7 20 17
11 10 7 20 17
10 11 20 7 17
11 10 20 7 17
7 14 9 18 46
14 7 9 18 46
7 14 18 9 46
14 7 18 9 46
2 19 13 14 0
19 2 13 14 0
2 19 14 13 0
19 2 14 13 0
9 12 2 25 0
12 9 2 25 0
9 12 25 2 0
12 9 25 2 0
8 13 4 23 0
13 8 4 23 0
8 13 23 4 0
13 8 23 4 0
9 12 7 20 16
12 9 7 20 16
9 12 20 7 16
12 9 20 7 16
4 17 8 19 4
17 4 8 19 4
4 17 19 8 4
17 4 19 8 4
10 11 5 22 0
11 10 5 22 0
10 11 22 5 0
11 10 22 5 0
8 13 12 15 184
13 8 12 15 184
8 13 15 12 184
13 8 15 12 184
2 19 10 17 0
19 2 10 17 0
2 19 17 10 0
19 2 17 10 0
4 17 2 25 0
17 4 2 25 0
4 17 25 2 0
17 4 25 2 0
6 15 8 19 16
15 6 8 19 16
6 15 19 8 16
15 6 19 8 16
3 18 9 18 3
18 3 9 18 3
3 18 18 9 3
18 3 18 9 3
1 20 13 14 0
20 1 13 14 0
1 20 14 13 0
20 1 14 13 0
9 12 8 19 40
12 9 8 19 40
9 12 19 8 40
12 9 19 8 40
4 17 10 17 10
17 4 10 17 10
4 17 17 10 10
17 4 17 10 10
10 11 11 16 204
11 10 11 16 204
10 11 16 11 204
11 10 16 11 204
8 13 13 14 204
13 8 13 14 204
8 13 14 13 204
13 8 14 13 204
8 13 7 20 13
13 8 7 20 13
8 13 20 7 13
13 8 20 7 13
3 18 10 17 4
18 3 10 17 4
3 18 17 10 4
18 3 17 10 4
8 13 8 19 32
13 8 8 19 32
8 13 19 8 32
13 8 19 8 32
7 14 6 21 4
14 7 6 21 4
7 14 21 6 4
14 7 21 6 4
4 17 9 18 7
17 4 9 18 7
4 17 18 9 7
17 4 18 9 7
6 15 2 25 0
15 6 2 25 0
6 15 25 2 0
15 6 25 2 0
10 11 1 26 0
11 10 1 26 0
10 11 26 1 0
11 10 26 1 0
3 18 5 22 0
18 3 5 22 0
3 18 22 5 0
18 3 22 5 0
10 11 13 14 291
11 10 13 14 291
10 11 14 13 291
11 10 14 13 291
9 12 9 18 79
12 9 9 18 79
9 12 18 9 79
12 9 18 9 79
10 11 2 25 0
11 10 2 25 0
10 11 25 2 0
11 10 25 2 0
5 16 5 22 0
16 5 5 22 0
5 16 22 5 0
16 5 22 5 0
1 20 11 16 0
20 1 11 16 0
1 20 16 11 0
20 1 16 11 0
1 20 10 17 0
20 1 10 17 0
1 20 17 10 0
20 1 17 10 0
9 12 10 17 129
12 9 10 17 129
9 12 17 10 129
12 9 17 10 129
10 11 0 27 0
11 10 0 27 0
10 11 27 0 0
11 10 27 0 0
6 15 10 17 46
15 6 10 17 46
6 15 17 10 46
15 6 17 10 46
7 14 1 26 0
14 7 1 26 0
7 14 26 1 0
14 7 26 1 0
3 18 13 14 6
18 3 13 14 6
3 18 14 13 6
18 3 14 13 6
8 13 2 25 0
13 8 2 25 0
8 13 25 2 0
13 8 25 2 0
5 16 8 19 9
16 5 8 19 9
5 16 19 8 9
16 5 19 8 9
1 20 6 21 0
20 1 6 21 0
1 20 21 6 0
20 1 21 6 0
2 19 4 23 0
19 2 4 23 0
2 19 23 4 0
19 2 23 4 0
8 13 10 17 102
13 8 10 17 102
8 13 17 10 102
13 8 17 10 102
7 14 11 16 102
14 7 11 16 102
7 14 16 11 102
14 7 16 11 102
8 13 6 21 5
13 8 6 21 5
8 13 21 6 5
13 8 21 6 5
10 11 3 24 0
11 10 3 24 0
10 11 24 3 0
11 10 24 3 0
7 14 5 22 0
14 7 5 22 0
7 14 22 5 0
14 7 22 5 0
1 20 7 20 0
20 1 7 20 0
1 20 20 7 0
20 1 20 7 0
6 15 6 21 3
15 6 6 21 3
6 15 21 6 3
15 6 21 6 3
7 14 8 19 24
14 7 8 19 24
7 14 19 8 24
14 7 19 8 24
4 17 3 24 0
17 4 3 24 0
4 17 24 3 0
17 4 24 3 0
4 17 7 20 2
17 4 7 20 2
4 17 20 7 2
17 4 20 7 2
4 17 6 21 1
17 4 6 21 1
4 17 21 6 1
17 4 21 6 1
2 19 8 19 0
19 2 8 19 0
2 19 19 8 0
19 2 19 8 0
5 16 11 16 32
16 5 11 16 32
5 16 16 11 32
16 5 16 11 32
6 15 13 14 86
15 6 13 14 86
6 15 14 13 86
15 6 14 13 86
7 14 10 17 73
14 7 10 17 73
7 14 17 10 73
14 7 17 10 73
7 14 13 14 142
14 7 13 14 142
7 14 14 13 142
14 7 14 13 142
2 19 9 18 0
19 2 9 18 0
2 19 18 9 0
19 2 18 9 0
9 12 4 23 0
12 9 4 23 0
9 12 23 4 0
12 9 23 4 0
8 13 3 24 0
13 8 3 24 0
8 13 24 3 0
13 8 24 3 0
3 18 8 19 2
18 3 8 19 2
3 18 19 8 2
18 3 19 8 2
7 14 3 24 0
14 7 3 24 0
7 14 24 3 0
14 7 24 3 0
7 14 2 25 0
14 7 2 25 0
7 14 25 2 0
14 7 25 2 0
10 11 4 23 0
11 10 4 23 0
10 11 23 4 0
11 10 23 4 0
6 15 1 26 0
15 6 1 26 0
6 15 26 1 0
15 6 26 1 0
3 18 12 15 6
18 3 12 15 6
3 18 15 12 6
18 3 15 12 6
4 17 11 16 13
17 4 11 16 13
4 17 16 11 13
17 4 16 11 13
10 11 9 18 86
11 10 9 18 86
10 11 18 9 86
11 10 18 9 86
5 16 2 25 0
16 5 2 25 0
5 16 25 2 0
16 5 25 2 0
7 14 7 20 10
14 7 7 20 10
7 14 20 7 10
14 7 20 7 10
1 20 9 18 0
20 1 9 18 0
1 20 18 9 0
20 1 18 9 0
6 15 5 22 0
15 6 5 22 0
6 15 22 5 0
15 6 22 5 0
8 13 1 26 0
13 8 1 26 0
8 13 26 1 0
13 8 26 1 0
3 18 7 20 1
18 3 7 20 1
3 18 20 7 1
18 3 20 7 1
9 12 3 24 0
12 9 3 24 0
9 12 24 3 0
12 9 24 3 0
3 18 3 24 0
18 3 3 24 0
3 18 24 3 0
18 3 24 3 0
2 19 7 20 0
19 2 7 20 0
2 19 20 7 0
19 2 20 7 0
9 12 12 15 235
12 9 12 15 235
9 12 15 12 235
12 9 15 12 235
5 16 10 17 24
16 5 10 17 24
5 16 17 10 24
16 5 17 10 24
4 17 4 23 0
17 4 4 23 0
4 17 23 4 0
17 4 23 4 0
5 16 6 21 2
16 5 6 21 2
5 16 21 6 2
16 5 21 6 2
0 21 11 16 0
21 0 11 16 0
0 21 16 11 0
21 0 16 11 0
10 11 8 19 43
11 10 8 19 43
10 11 19 8 43
11 10 19 8 43
2 19 5 22 0
19 2 5 22 0
2 19 22 5 0
19 2 22 5 0
8 13 5 22 0
13 8 5 22 0
8 13 22 5 0
13 8 22 5 0
5 16 3 24 0
16 5 3 24 0
5 16 24 3 0
16 5 24 3 0
8 13 11 16 145
13 8 11 16 145
8 13 16 11 145
13 8 16 11 145
4 17 5 22 0
17 4 5 22 0
4 17 22 5 0
17 4 22 5 0
1 20 12 15 0
20 1 12 15 0
1 20 15 12 0
20 1 15 12 0
7 14 12 15 129
14 7 12 15 129
7 14 15 12 129
14 7 15 12 129
10 11 12 15 261
11 10 12 15 261
10 11 15 12 261
11 10 15 12 261
0 21 12 15 0
21 0 12 15 0
0 21 15 12 0
21 0 15 12 0
3 18 4 23 0
18 3 4 23 0
3 18 23 4 0
18 3 23 4 0
6 15 7 20 7
15 6 7 20 7
6 15 20 7 7
15 6 20 7 7
2 19 11 16 0
19 2 11 16 0
2 19 16 11 0
19 2 16 11 0
9 12 11 16 184
12 9 11 16 184
9 12 16 11 184
12 9 16 11 184
2 19 6 21 0
19 2 6 21 0
2 19 21 6 0
19 2 21 6 0
3 18 11 16 5
18 3 11 16 5
3 18 16 11 5
18 3 16 11 5
9 12 5 22 0
12 9 5 22 0
9 12 22 5 0
12 9 22 5 0
5 16 4 23 0
16 5 4 23 0
5 16 23 4 0
16 5 23 4 0
1 20 8 19 0
20 1 8 19 0
1 20 19 8 0
20 1 19 8 0
0 21 13 14 0
21 0 13 14 0
0 21 14 13 0
21 0 14 13 0
5 16 13 14 43
16 5 13 14 43
5 16 14 13 43
16 5 14 13 43
10 11 6 21 6
11 10 6 21 6
10 11 21 6 6
11 10 21 6 6
5 16 7 20 4
16 5 7 20 4
5 16 20 7 4
16 5 20 7 4
6 15 3 24 0
15 6 3 24 0
6 15 24 3 0
15 6 24 3 0
2 19 12 15 0
19 2 12 15 0
2 19 15 12 0
19 2 15 12 0
5 16 12 15 40
16 5 12 15 40
5 16 15 12 40
16 5 15 12 40
9 12 13 14 261
12 9 13 14 261
9 12 14 13 261
12 9 14 13 261
6 15 12 15 79
15 6 12 15 79
6 15 15 12 79
15 6 15 12 79
5 16 9 18 16
16 5 9 18 16
5 16 18 9 16
16 5 18 9 16
4 17 13 14 17
17 4 13 14 17
4 17 14 13 17
17 4 14 13 17
6 15 11 16 63
15 6 11 16 63
6 15 16 11 63
15 6 16 11 63
7 14 4 23 0
14 7 4 23 0
7 14 23 4 0
14 7 23 4 0
0 21 10 17 0
21 0 10 17 0
0 21 17 10 0
21 0 17 10 0
6 15 9 18 30
15 6 9 18 30
6 15 18 9 30
15 6 18 9 30
9 12 1 26 0
12 9 1 26 0
9 12 26 1 0
12 9 26 1 0
9 12 6 21 6
12 9 6 21 6
9 12 21 6 6
12 9 21 6 6
10 11 10 17 142
11 10 10 17 142
10 11 17 10 142
11 10 17 10 142
3 18 6 21 1
18 3 6 21 1
3 18 21 6 1
18 3 21 6 1
4 17 12 15 16
17 4 12 15 16
4 17 15 12 16
17 4 15 12 16
