6 7 8 9 165
7 6 8 9 165
6 7 9 8 165
7 6 9 8 165
1 12 2 15 0
12 1 2 15 0
1 12 15 2 0
12 1 15 2 0
3 10 3 14 8
10 3 3 14 8
3 10 14 3 8
10 3 14 3 8
3 10 7 10 54
10 3 7 10 54
3 10 10 7 54
10 3 10 7 54
1 12 3 14 1
12 1 3 14 1
1 12 14 3 1
12 1 14 3 1
2 11 6 11 21
11 2 6 11 21
2 11 11 6 21
11 2 11 6 21
3 10 2 15 2
10 3 2 15 2
3 10 15 2 2
10 3 15 2 2
6 7 7 10 149
7 6 7 10 149
6 7 10 7 149
7 6 10 7 149
5 8 4 13 40
8 5 4 13 40
5 8 13 4 40
8 5 13 4 40
0 13 8 9 0
13 0 8 9 0
0 13 9 8 0
13 0 9 8 0
3 10 8 9 60
10 3 8 9 60
3 10 9 8 60
10 3 9 8 60
4 9 3 14 14
9 4 3 14 14
4 9 14 3 14
9 4 14 3 14
4 9 2 15 4
9 4 2 15 4
4 9 15 2 4
9 4 15 2 4
6 7 1 16 0
7 6 1 16 0
6 7 16 1 0
7 6 16 1 0
0 13 5 12 0
13 0 5 12 0
0 13 12 5 0
13 0 12 5 0
6 7 0 17 0
7 6 0 17 0
6 7 17 0 0
7 6 17 0 0
6 7 2 15 7
7 6 2 15 7
6 7 15 2 7
7 6 15 2 7
6 7 6 11 117
7 6 6 11 117
6 7 11 6 117
7 6 11 6 117
3 10 5 12 28
10 3 5 12 28
3 10 12 5 28
10 3 12 5 28
5 8 1 16 0
8 5 1 16 0
5 8 16 1 0
8 5 16 1 0
4 9 8 9 102
9 4 8 9 102
4 9 9 8 102
9 4 9 8 102
0 13 3 14 0
13 0 3 14 0
0 13 14 3 0
13 0 14 3 0
5 8 0 17 0
8 5 0 17 0
5 8 17 0 0
8 5 17 0 0
0 13 6 11 0
13 0 6 11 0
0 13 11 6 0
13 0 11 6 0
6 7 5 12 78
7 6 5 12 78
6 7 12 5 78
7 6 12 5 78
5 8 2 15 6
8 5 2 15 6
5 8 15 2 6
8 5 15 2 6
4 9 4 13 28
9 4 4 13 28
4 9 13 4 28
9 4 13 4 28
1 12 8 9 9
12 1 8 9 9
1 12 9 8 9
12 1 9 8 9
4 9 1 16 0
9 4 1 16 0
4 9 16 1 0
9 4 16 1 0
5 8 5 12 68
8 5 5 12 68
5 8 12 5 68
8 5 12 5 68
2 11 4 13 8
11 2 4 13 8
2 11 13 4 8
11 2 13 4 8
1 12 6 11 6
12 1 6 11 6
1 12 11 6 6
12 1 11 6 6
5 8 6 11 102
8 5 6 11 102
5 8 11 6 102
8 5 11 6 102
1 12 5 12 4
12 1 5 12 4
1 12 12 5 4
12 1 12 5 4
2 11 8 9 30
11 2 8 9 30
2 11 9 8 30
11 2 9 8 30
0 13 4 13 0
13 0 4 13 0
0 13 13 4 0
13 0 13 4 0
6 7 4 13 46
7 6 4 13 46
6 7 13 4 46
7 6 13 4 46
3 10 4 13 16
10 3 4 13 16
3 10 13 4 16
10 3 13 4 16
1 12 1 16 0
12 1 1 16 0
1 12 16 1 0
12 1 16 1 0
3 10 0 17 0
10 3 0 17 0
3 10 17 0 0
10 3 17 0 0
5 8 7 10 130
8 5 7 10 130
5 8 10 7 130
8 5 10 7 130
2 11 1 16 0
11 2 1 16 0
2 11 16 1 0
11 2 16 1 0
3 10 1 16 0
10 3 1 16 0
3 10 16 1 0
10 3 16 1 0
5 8 3 14 20
8 5 3 14 20
5 8 14 3 20
8 5 14 3 20
4 9 6 11 72
9 4 6 11 72
4 9 11 6 72
9 4 11 6 72
2 11 7 10 27
11 2 7 10 27
2 11 10 7 27
11 2 10 7 27
1 12 4 13 2
12 1 4 13 2
1 12 13 4 2
12 1 13 4 2
4 9 7 10 92
9 4 7 10 92
4 9 10 7 92
9 4 10 7 92
5 8 8 9 144
8 5 8 9 144
5 8 9 8 144
8 5 9 8 144
1 12 7 10 8
12 1 7 10 8
1 12 10 7 8
12 1 10 7 8
4 9 5 12 48
9 4 5 12 48
4 9 12 5 48
9 4 12 5 48
2 11 2 15 1
11 2 2 15 1
2 11 15 2 1
11 2 15 2 1
2 11 3 14 4
11 2 3 14 4
2 11 14 3 4
11 2 14 3 4
4 9 0 17 0
9 4 0 17 0
4 9 17 0 0
9 4 17 0 0
3 10 6 11 42
10 3 6 11 42
3 10 11 6 42
10 3 11 6 42
6 7 3 14 23
7 6 3 14 23
6 7 14 3 23
7 6 14 3 23
0 13 7 10 0
13 0 7 10 0
0 13 10 7 0
13 0 10 7 0
2 11 5 12 14
11 2 5 12 14
2 11 12 5 14
11 2 12 5 14
