4 13 5 17 12
13 4 5 17 12
4 13 17 5 12
13 4 17 5 12
1 16 10 12 0
16 1 10 12 0
1 16 12 10 0
16 1 12 10 0
7 10 11 11 365
10 7 11 11 365
1 16 11 11 0
16 1 11 11 0
6 11 8 14 174
11 6 8 14 174
6 11 14 8 174
11 6 14 8 174
7 10 0 22 0
10 7 0 22 0
7 10 22 0 0
10 7 22 0 0
4 13 1 21 0
13 4 1 21 0
4 13 21 1 0
13 4 21 1 0
0 17 11 11 0
17 0 11 11 0
3 14 6 16 10
14 3 6 16 10
3 14 16 6 10
14 3 16 6 10
1 16 8 14 0
16 1 8 14 0
1 16 14 8 0
16 1 14 8 0
7 10 4 18 18
10 7 4 18 18
7 10 18 4 18
10 7 18 4 18
4 13 7 15 41
13 4 7 15 41
4 13 15 7 41
13 4 15 7 41
5 12 10 12 172
12 5 10 12 172
5 12 12 10 172
12 5 12 10 172
7 10 8 14 226
10 7 8 14 226
7 10 14 8 226
10 7 14 8 226
1 16 7 15 0
16 1 7 15 0
1 16 15 7 0
16 1 15 7 0
3 14 9 13 33
14 3 9 13 33
3 14 13 9 33
14 3 13 9 33
4 13 9 13 78
13 4 9 13 78
4 13 13 9 78
13 4 13 9 78
8 9 0 22 0
9 8 0 22 0
8 9 22 0 0
9 8 22 0 0
3 14 11 11 41
14 3 11 11 41
5 12 2 20 0
12 5 2 20 0
5 12 20 2 0
12 5 20 2 0
8 9 3 19 5
9 8 3 19 5
8 9 19 3 5
9 8 19 3 5
8 9 4 18 21
9 8 4 18 21
8 9 18 4 21
9 8 18 4 21
2 15 2 20 0
15 2 2 20 0
2 15 20 2 0
15 2 20 2 0
5 12 8 14 113
12 5 8 14 113
5 12 14 8 113
12 5 14 8 113
7 10 10 12 345
10 7 10 12 345
7 10 12 10 345
10 7 12 10 345
4 13 3 19 1
13 4 3 19 1
4 13 19 3 1
13 4 19 3 1
7 10 1 21 0
10 7 1 21 0
7 10 21 1 0
10 7 21 1 0
1 16 9 13 0
16 1 9 13 0
1 16 13 9 0
16 1 13 9 0
3 14 3 19 0
14 3 3 19 0
3 14 19 3 0
14 3 19 3 0
8 9 8 14 261
9 8 8 14 261
8 9 14 8 261
9 8 14 8 261
2 15 6 16 4
15 2 6 16 4
2 15 16 6 4
15 2 16 6 4
6 11 3 19 3
11 6 3 19 3
6 11 19 3 3
11 6 19 3 3
0 17 10 12 0
17 0 10 12 0
0 17 12 10 0
17 0 12 10 0
4 13 10 12 92
13 4 10 12 92
4 13 12 10 92
13 4 12 10 92
2 15 4 18 1
15 2 4 18 1
2 15 18 4 1
15 2 18 4 1
1 16 6 16 0
16 1 6 16 0
1 16 16 6 0
16 1 16 6 0
4 13 11 11 97
13 4 11 11 97
8 9 11 11 421
9 8 11 11 421
4 13 6 16 24
13 4 6 16 24
4 13 16 6 24
13 4 16 6 24
4 13 8 14 61
13 4 8 14 61
4 13 14 8 61
13 4 14 8 61
0 17 7 15 0
17 0 7 15 0
0 17 15 7 0
17 0 15 7 0
2 15 3 19 0
15 2 3 19 0
2 15 19 3 0
15 2 19 3 0
8 9 9 13 338
9 8 9 13 338
8 9 13 9 338
9 8 13 9 338
3 14 2 20 0
14 3 2 20 0
3 14 20 2 0
14 3 20 2 0
2 15 11 11 13
15 2 11 11 13
6 11 5 17 34
11 6 5 17 34
6 11 17 5 34
11 6 17 5 34
6 11 2 20 0
11 6 2 20 0
6 11 20 2 0
11 6 20 2 0
3 14 8 14 26
14 3 8 14 26
3 14 14 8 26
14 3 14 8 26
1 16 4 18 0
16 1 4 18 0
1 16 18 4 0
16 1 18 4 0
8 9 10 12 398
9 8 10 12 398
8 9 12 10 398
9 8 12 10 398
5 12 5 17 22
12 5 5 17 22
5 12 17 5 22
12 5 17 5 22
3 14 1 21 0
14 3 1 21 0
3 14 21 1 0
14 3 21 1 0
7 10 5 17 44
10 7 5 17 44
7 10 17 5 44
10 7 17 5 44
5 12 11 11 182
12 5 11 11 182
6 11 10 12 265
11 6 10 12 265
6 11 12 10 265
11 6 12 10 265
6 11 11 11 280
11 6 11 11 280
3 14 5 17 5
14 3 5 17 5
3 14 17 5 5
14 3 17 5 5
7 10 3 19 4
10 7 3 19 4
7 10 19 3 4
10 7 19 3 4
7 10 9 13 293
10 7 9 13 293
7 10 13 9 293
10 7 13 9 293
4 13 2 20 0
13 4 2 20 0
4 13 20 2 0
13 4 20 2 0
5 12 9 13 146
12 5 9 13 146
5 12 13 9 146
12 5 13 9 146
6 11 0 22 0
11 6 0 22 0
6 11 22 0 0
11 6 22 0 0
2 15 8 14 9
15 2 8 14 9
2 15 14 8 9
15 2 14 8 9
0 17 9 13 0
17 0 9 13 0
0 17 13 9 0
17 0 13 9 0
3 14 7 15 17
14 3 7 15 17
3 14 15 7 17
14 3 15 7 17
6 11 7 15 117
11 6 7 15 117
6 11 15 7 117
11 6 15 7 117
0 17 6 16 0
17 0 6 16 0
0 17 16 6 0
17 0 16 6 0
6 11 1 21 0
11 6 1 21 0
6 11 21 1 0
11 6 21 1 0
5 12 6 16 44
12 5 6 16 44
5 12 16 6 44
12 5 16 6 44
8 9 1 21 0
9 8 1 21 0
8 9 21 1 0
9 8 21 1 0
4 13 4 18 5
13 4 4 18 5
4 13 18 4 5
13 4 18 4 5
0 17 8 14 0
17 0 8 14 0
0 17 14 8 0
17 0 14 8 0
3 14 4 18 2
14 3 4 18 2
3 14 18 4 2
14 3 18 4 2
3 14 10 12 39
14 3 10 12 39
3 14 12 10 39
14 3 12 10 39
7 10 6 16 88
10 7 6 16 88
7 10 16 6 88
10 7 16 6 88
5 12 4 18 9
12 5 4 18 9
5 12 18 4 9
12 5 18 4 9
6 11 9 13 225
11 6 9 13 225
6 11 13 9 225
11 6 13 9 225
7 10 2 20 0
10 7 2 20 0
7 10 20 2 0
10 7 20 2 0
2 15 7 15 6
15 2 7 15 6
2 15 15 7 6
15 2 15 7 6
7 10 7 15 152
10 7 7 15 152
7 10 15 7 152
10 7 15 7 152
1 16 3 19 0
16 1 3 19 0
1 16 19 3 0
16 1 19 3 0
8 9 2 20 0
9 8 2 20 0
8 9 20 2 0
9 8 20 2 0
8 9 7 15 176
9 8 7 15 176
8 9 15 7 176
9 8 15 7 176
8 9 5 17 51
9 8 5 17 51
8 9 17 5 51
9 8 17 5 51
2 15 9 13 11
15 2 9 13 11
2 15 13 9 11
15 2 13 9 11
2 15 10 12 13
15 2 10 12 13
2 15 12 10 13
15 2 12 10 13
1 16 5 17 0
16 1 5 17 0
1 16 17 5 0
16 1 17 5 0
5 12 7 15 76
12 5 7 15 76
5 12 15 7 76
12 5 15 7 76
5 12 3 19 2
12 5 3 19 2
5 12 19 3 2
12 5 19 3 2
8 9 6 16 102
9 8 6 16 102
8 9 16 6 102
9 8 16 6 102
2 15 5 17 2
15 2 5 17 2
2 15 17 5 2
15 2 17 5 2
6 11 4 18 14
11 6 4 18 14
6 11 18 4 14
11 6 18 4 14
5 12 1 21 0
12 5 1 21 0
5 12 21 1 0
12 5 21 1 0
6 11 6 16 68
11 6 6 16 68
6 11 16 6 68
11 6 16 6 68
