2 4 3 16 4
4 2 3 16 4
2 4 16 3 4
4 2 16 3 4
3 3 6 13 28
3 3 13 6 28
0 6 9 10 11
6 0 9 10 11
0 6 10 9 11
6 0 10 9 11
0 6 1 18 0
6 0 1 18 0
0 6 18 1 0
6 0 18 1 0
3 3 9 10 48
3 3 10 9 48
1 5 1 18 0
5 1 1 18 0
1 5 18 1 0
5 1 18 1 0
2 4 4 15 8
4 2 4 15 8
2 4 15 4 8
4 2 15 4 8
2 4 7 12 26
4 2 7 12 26
2 4 12 7 26
4 2 12 7 26
1 5 6 13 14
5 1 6 13 14
1 5 13 6 14
5 1 13 6 14
3 3 4 15 12
3 3 15 4 12
0 6 2 17 0
6 0 2 17 0
0 6 17 2 0
6 0 17 2 0
2 4 5 14 14
4 2 5 14 14
2 4 14 5 14
4 2 14 5 14
2 4 0 19 0
4 2 0 19 0
2 4 19 0 0
4 2 19 0 0
3 3 0 19 0
3 3 19 0 0
1 5 0 19 0
5 1 0 19 0
1 5 19 0 0
5 1 19 0 0
0 6 6 13 6
6 0 6 13 6
0 6 13 6 6
6 0 13 6 6
0 6 7 12 8
6 0 7 12 8
0 6 12 7 8
6 0 12 7 8
2 4 2 17 1
4 2 2 17 1
2 4 17 2 1
4 2 17 2 1
1 5 4 15 6
5 1 4 15 6
1 5 15 4 6
5 1 15 4 6
1 5 3 16 3
5 1 3 16 3
1 5 16 3 3
5 1 16 3 3
3 3 1 18 0
3 3 18 1 0
0 6 8 11 10
6 0 8 11 10
0 6 11 8 10
6 0 11 8 10
1 5 7 12 18
5 1 7 12 18
1 5 12 7 18
5 1 12 7 18
3 3 7 12 36
3 3 12 7 36
2 4 6 13 20
4 2 6 13 20
2 4 13 6 20
4 2 13 6 20
3 3 2 17 2
3 3 17 2 2
1 5 8 11 22
5 1 8 11 22
1 5 11 8 22
5 1 11 8 22
1 5 9 10 24
5 1 9 10 24
1 5 10 9 24
5 1 10 9 24
2 4 8 11 32
4 2 8 11 32
2 4 11 8 32
4 2 11 8 32
3 3 5 14 20
3 3 14 5 20
2 4 1 18 0
4 2 1 18 0
2 4 18 1 0
4 2 18 1 0
1 5 2 17 1
5 1 2 17 1
1 5 17 2 1
5 1 17 2 1
3 3 3 16 6
3 3 16 3 6
3 3 8 11 44
3 3 11 8 44
2 4 9 10 35
4 2 9 10 35
2 4 10 9 35
4 2 10 9 35
0 6 4 15 2
6 0 4 15 2
0 6 15 4 2
6 0 15 4 2
1 5 5 14 10
5 1 5 14 10
1 5 14 5 10
5 1 14 5 10
0 6 5 14 4
6 0 5 14 4
0 6 14 5 4
6 0 14 5 4
0 6 3 16 1
6 0 3 16 1
0 6 16 3 1
6 0 16 3 1
