5 7 8 25 63
7 5 8 25 63
5 7 25 8 63
7 5 25 8 63
3 9 4 29 0
9 3 4 29 0
3 9 29 4 0
9 3 29 4 0
2 10 14 19 118
10 2 14 19 118
2 10 19 14 118
10 2 19 14 118
4 8 6 27 9
8 4 6 27 9
4 8 27 6 9
8 4 27 6 9
2 10 12 21 74
10 2 12 21 74
2 10 21 12 74
10 2 21 12 74
4 8 13 20 353
8 4 13 20 353
4 8 20 13 353
8 4 20 13 353
4 8 9 24 83
8 4 9 24 83
4 8 24 9 83
8 4 24 9 83
5 7 2 31 0
7 5 2 31 0
5 7 31 2 0
7 5 31 2 0
0 12 16 17 9
12 0 16 17 9
0 12 17 16 9
12 0 17 16 9
3 9 3 30 0
9 3 3 30 0
3 9 30 3 0
9 3 30 3 0
0 12 9 24 0
12 0 9 24 0
0 12 24 9 0
12 0 24 9 0
2 10 7 26 4
10 2 7 26 4
2 10 26 7 4
10 2 26 7 4
3 9 16 17 309
9 3 16 17 309
3 9 17 16 309
9 3 17 16 309
3 9 10 23 78
9 3 10 23 78
3 9 23 10 78
9 3 23 10 78
5 7 3 30 0
7 5 3 30 0
5 7 30 3 0
7 5 30 3 0
2 10 6 27 1
10 2 6 27 1
2 10 27 6 1
10 2 27 6 1
6 6 15 18 698
6 6 18 15 698
4 8 10 23 135
8 4 10 23 135
4 8 23 10 135
8 4 23 10 135
1 11 16 17 53
11 1 16 17 53
1 11 17 16 53
11 1 17 16 53
5 7 10 23 179
7 5 10 23 179
5 7 23 10 179
7 5 23 10 179
6 6 0 33 0
6 6 33 0 0
3 9 1 32 0
9 3 1 32 0
3 9 32 1 0
9 3 32 1 0
0 12 6 27 0
12 0 6 27 0
0 12 27 6 0
12 0 27 6 0
4 8 3 30 0
8 4 3 30 0
4 8 30 3 0
8 4 30 3 0
2 10 3 30 0
10 2 3 30 0
2 10 30 3 0
10 2 30 3 0
5 7 4 29 0
7 5 4 29 0
5 7 29 4 0
7 5 29 4 0
0 12 11 22 2
12 0 11 22 2
0 12 22 11 2
12 0 22 11 2
3 9 15 18 289
9 3 15 18 289
3 9 18 15 289
9 3 18 15 289
6 6 14 19 622
6 6 19 14 622
1 11 10 23 11
11 1 10 23 11
1 11 23 10 11
11 1 23 10 11
1 11 6 27 0
11 1 6 27 0
1 11 27 6 0
11 1 27 6 0
5 7 7 26 31
7 5 7 26 31
5 7 26 7 31
7 5 26 7 31
6 6 7 26 38
6 6 26 7 38
3 9 9 24 47
9 3 9 24 47
3 9 24 9 47
9 3 24 9 47
0 12 14 19 7
12 0 14 19 7
0 12 19 14 7
12 0 19 14 7
5 7 9 24 111
7 5 9 24 111
5 7 24 9 111
7 5 24 9 111
5 7 12 21 365
7 5 12 21 365
5 7 21 12 365
7 5 21 12 365
3 9 14 19 256
9 3 14 19 256
3 9 19 14 256
9 3 19 14 256
1 11 11 22 18
11 1 11 22 18
1 11 22 11 18
11 1 22 11 18
6 6 4 29 1
6 6 29 4 1
3 9 2 31 0
9 3 2 31 0
3 9 31 2 0
9 3 31 2 0
0 12 7 26 0
12 0 7 26 0
0 12 26 7 0
12 0 26 7 0
6 6 8 25 75
6 6 25 8 75
5 7 6 27 12
7 5 6 27 12
5 7 27 6 12
7 5 27 6 12
1 11 8 25 3
11 1 8 25 3
1 11 25 8 3
11 1 25 8 3
4 8 8 25 47
8 4 8 25 47
4 8 25 8 47
8 4 25 8 47
4 8 5 28 2
8 4 5 28 2
4 8 28 5 2
8 4 28 5 2
5 7 5 28 3
7 5 5 28 3
5 7 28 5 3
7 5 28 5 3
3 9 13 20 213
9 3 13 20 213
3 9 20 13 213
9 3 20 13 213
6 6 12 21 413
6 6 21 12 413
2 10 5 28 0
10 2 5 28 0
2 10 28 5 0
10 2 28 5 0
2 10 2 31 0
10 2 2 31 0
2 10 31 2 0
10 2 31 2 0
3 9 5 28 1
9 3 5 28 1
3 9 28 5 1
9 3 28 5 1
0 12 15 18 8
12 0 15 18 8
0 12 18 15 8
12 0 18 15 8
2 10 10 23 33
10 2 10 23 33
2 10 23 10 33
10 2 23 10 33
5 7 16 17 662
7 5 16 17 662
5 7 17 16 662
7 5 17 16 662
6 6 13 20 523
6 6 20 13 523
3 9 12 21 165
9 3 12 21 165
3 9 21 12 165
9 3 21 12 165
2 10 16 17 144
10 2 16 17 144
2 10 17 16 144
10 2 17 16 144
0 12 12 21 3
12 0 12 21 3
0 12 21 12 3
12 0 21 12 3
6 6 3 30 0
6 6 30 3 0
3 9 11 22 119
9 3 11 22 119
3 9 22 11 119
9 3 22 11 119
5 7 13 20 464
7 5 13 20 464
5 7 20 13 464
7 5 20 13 464
2 10 8 25 10
10 2 8 25 10
2 10 25 8 10
10 2 25 8 10
1 11 13 20 35
11 1 13 20 35
1 11 20 13 35
11 1 20 13 35
4 8 14 19 422
8 4 14 19 422
4 8 19 14 422
8 4 19 14 422
3 9 8 25 26
9 3 8 25 26
3 9 25 8 26
9 3 25 8 26
6 6 11 22 304
6 6 22 11 304
2 10 13 20 97
10 2 13 20 97
2 10 20 13 97
10 2 20 13 97
6 6 2 31 0
6 6 31 2 0
2 10 4 29 0
10 2 4 29 0
2 10 29 4 0
10 2 29 4 0
1 11 4 29 0
11 1 4 29 0
1 11 29 4 0
11 1 29 4 0
1 11 9 24 6
11 1 9 24 6
1 11 24 9 6
11 1 24 9 6
4 8 16 17 506
8 4 16 17 506
4 8 17 16 506
8 4 17 16 506
0 12 8 25 0
12 0 8 25 0
0 12 25 8 0
12 0 25 8 0
4 8 11 22 202
8 4 11 22 202
4 8 22 11 202
8 4 22 11 202
1 11 12 21 26
11 1 12 21 26
1 11 21 12 26
11 1 21 12 26
6 6 5 28 5
6 6 28 5 5
5 7 14 19 553
7 5 14 19 553
5 7 19 14 553
7 5 19 14 553
1 11 5 28 0
11 1 5 28 0
1 11 28 5 0
11 1 28 5 0
5 7 1 32 0
7 5 1 32 0
5 7 32 1 0
7 5 32 1 0
6 6 10 23 206
6 6 23 10 206
4 8 4 29 0
8 4 4 29 0
4 8 29 4 0
8 4 29 4 0
6 6 6 27 16
6 6 27 6 16
4 8 2 31 0
8 4 2 31 0
4 8 31 2 0
8 4 31 2 0
2 10 11 22 52
10 2 11 22 52
2 10 22 11 52
10 2 22 11 52
4 8 1 32 0
8 4 1 32 0
4 8 32 1 0
8 4 32 1 0
2 10 15 18 134
10 2 15 18 134
2 10 18 15 134
10 2 18 15 134
1 11 7 26 1
11 1 7 26 1
1 11 26 7 1
11 1 26 7 1
1 11 14 19 43
11 1 14 19 43
1 11 19 14 43
11 1 19 14 43
1 11 15 18 49
11 1 15 18 49
1 11 18 15 49
11 1 18 15 49
4 8 15 18 475
8 4 15 18 475
4 8 18 15 475
8 4 18 15 475
4 8 12 21 277
8 4 12 21 277
4 8 21 12 277
8 4 21 12 277
0 12 10 23 1
12 0 10 23 1
0 12 23 10 1
12 0 23 10 1
6 6 9 24 129
6 6 24 9 129
3 9 7 26 12
9 3 7 26 12
3 9 26 7 12
9 3 26 7 12
3 9 6 27 4
9 3 6 27 4
3 9 27 6 4
9 3 27 6 4
6 6 1 32 0
6 6 32 1 0
4 8 7 26 23
8 4 7 26 23
4 8 26 7 23
8 4 26 7 23
5 7 11 22 267
7 5 11 22 267
5 7 22 11 267
7 5 22 11 267
2 10 9 24 19
10 2 9 24 19
2 10 24 9 19
10 2 24 9 19
0 12 13 20 5
12 0 13 20 5
0 12 20 13 5
12 0 20 13 5
6 6 16 17 743
6 6 17 16 743
1 11 3 30 0
11 1 3 30 0
1 11 30 3 0
11 1 30 3 0
5 7 15 18 622
7 5 15 18 622
5 7 18 15 622
7 5 18 15 622
