4 11 3 37 0
11 4 3 37 0
4 11 37 3 0
11 4 37 3 0
2 13 8 32 0
13 2 8 32 0
2 13 32 8 0
13 2 32 8 0
3 12 4 36 0
12 3 4 36 0
3 12 36 4 0
12 3 36 4 0
4 11 19 21 537
11 4 19 21 537
4 11 21 19 537
11 4 21 19 537
4 11 11 29 50
11 4 11 29 50
4 11 29 11 50
11 4 29 11 50
7 8 15 25 780
8 7 15 25 780
7 8 25 15 780
8 7 25 15 780
5 10 17 23 716
10 5 17 23 716
5 10 23 17 716
10 5 23 17 716
7 8 7 33 6
8 7 7 33 6
7 8 33 7 6
8 7 33 7 6
7 8 17 23 1182
8 7 17 23 1182
7 8 23 17 1182
8 7 23 17 1182
4 11 13 27 138
11 4 13 27 138
4 11 27 13 138
11 4 27 13 138
6 9 4 36 0
9 6 4 36 0
6 9 36 4 0
9 6 36 4 0
2 13 9 31 1
13 2 9 31 1
2 13 31 9 1
13 2 31 9 1
4 11 8 32 4
11 4 8 32 4
4 11 32 8 4
11 4 32 8 4
7 8 1 39 0
8 7 1 39 0
7 8 39 1 0
8 7 39 1 0
7 8 6 34 1
8 7 6 34 1
7 8 34 6 1
8 7 34 6 1
1 14 18 22 23
14 1 18 22 23
1 14 22 18 23
14 1 22 18 23
3 12 8 32 1
12 3 8 32 1
3 12 32 8 1
12 3 32 8 1
6 9 13 27 346
9 6 13 27 346
6 9 27 13 346
9 6 27 13 346
5 10 18 22 814
10 5 18 22 814
5 10 22 18 814
10 5 22 18 814
6 9 8 32 15
9 6 8 32 15
6 9 32 8 15
9 6 32 8 15
4 11 9 31 12
11 4 9 31 12
4 11 31 9 12
11 4 31 9 12
5 10 3 37 0
10 5 3 37 0
5 10 37 3 0
10 5 37 3 0
7 8 13 27 408
8 7 13 27 408
7 8 27 13 408
8 7 27 13 408
4 11 2 38 0
11 4 2 38 0
4 11 38 2 0
11 4 38 2 0
2 13 20 20 100
13 2 20 20 100
1 14 8 32 0
14 1 8 32 0
1 14 32 8 0
14 1 32 8 0
7 8 18 22 1338
8 7 18 22 1338
7 8 22 18 1338
8 7 22 18 1338
6 9 20 20 1266
9 6 20 20 1266
0 15 20 20 3
15 0 20 20 3
5 10 20 20 903
10 5 20 20 903
6 9 5 35 0
9 6 5 35 0
6 9 35 5 0
9 6 35 5 0
3 12 18 22 236
12 3 18 22 236
3 12 22 18 236
12 3 22 18 236
4 11 20 20 550
11 4 20 20 550
0 15 12 28 0
15 0 12 28 0
0 15 28 12 0
15 0 28 12 0
4 11 14 26 202
11 4 14 26 202
4 11 26 14 202
11 4 26 14 202
0 15 18 22 2
15 0 18 22 2
0 15 22 18 2
15 0 22 18 2
7 8 14 26 581
8 7 14 26 581
7 8 26 14 581
8 7 26 14 581
2 13 16 24 60
13 2 16 24 60
2 13 24 16 60
13 2 24 16 60
4 11 5 35 0
11 4 5 35 0
4 11 35 5 0
11 4 35 5 0
3 12 20 20 265
12 3 20 20 265
2 13 12 28 11
13 2 12 28 11
2 13 28 12 11
13 2 28 12 11
4 11 4 36 0
11 4 4 36 0
4 11 36 4 0
11 4 36 4 0
6 9 19 21 1237
9 6 19 21 1237
6 9 21 19 1237
9 6 21 19 1237
4 11 12 28 86
11 4 12 28 86
4 11 28 12 86
11 4 28 12 86
7 8 3 37 0
8 7 3 37 0
7 8 37 3 0
8 7 37 3 0
7 8 9 31 44
8 7 9 31 44
7 8 31 9 44
8 7 31 9 44
1 14 6 34 0
14 1 6 34 0
1 14 34 6 0
14 1 34 6 0
7 8 16 24 983
8 7 16 24 983
7 8 24 16 983
8 7 24 16 983
2 13 5 35 0
13 2 5 35 0
2 13 35 5 0
13 2 35 5 0
7 8 8 32 18
8 7 8 32 18
7 8 32 8 18
8 7 32 8 18
3 12 10 30 9
12 3 10 30 9
3 12 30 10 9
12 3 30 10 9
6 9 17 23 1011
9 6 17 23 1011
6 9 23 17 1011
9 6 23 17 1011
6 9 6 34 1
9 6 6 34 1
6 9 34 6 1
9 6 34 6 1
3 12 12 28 36
12 3 12 28 36
3 12 28 12 36
12 3 28 12 36
5 10 19 21 881
10 5 19 21 881
5 10 21 19 881
10 5 21 19 881
5 10 12 28 150
10 5 12 28 150
5 10 28 12 150
10 5 28 12 150
5 10 15 25 465
10 5 15 25 465
5 10 25 15 465
10 5 25 15 465
5 10 14 26 342
10 5 14 26 342
5 10 26 14 342
10 5 26 14 342
5 10 4 36 0
10 5 4 36 0
5 10 36 4 0
10 5 36 4 0
6 9 14 26 494
9 6 14 26 494
6 9 26 14 494
9 6 26 14 494
2 13 10 30 2
13 2 10 30 2
2 13 30 10 2
13 2 30 10 2
2 13 18 22 88
13 2 18 22 88
2 13 22 18 88
13 2 22 18 88
0 15 16 24 1
15 0 16 24 1
0 15 24 16 1
15 0 24 16 1
6 9 16 24 839
9 6 16 24 839
6 9 24 16 839
9 6 24 16 839
4 11 15 25 278
11 4 15 25 278
4 11 25 15 278
11 4 25 15 278
5 10 5 35 0
10 5 5 35 0
5 10 35 5 0
10 5 35 5 0
3 12 3 37 0
12 3 3 37 0
3 12 37 3 0
12 3 37 3 0
4 11 7 33 1
11 4 7 33 1
4 11 33 7 1
11 4 33 7 1
5 10 13 27 236
10 5 13 27 236
5 10 27 13 236
10 5 27 13 236
3 12 5 35 0
12 3 5 35 0
3 12 35 5 0
12 3 35 5 0
1 14 15 25 11
14 1 15 25 11
1 14 25 15 11
14 1 25 15 11
1 14 14 26 7
14 1 14 26 7
1 14 26 14 7
14 1 26 14 7
7 8 19 21 1444
8 7 19 21 1444
7 8 21 19 1444
8 7 21 19 1444
6 9 2 38 0
9 6 2 38 0
6 9 38 2 0
9 6 38 2 0
3 12 9 31 4
12 3 9 31 4
3 12 31 9 4
12 3 31 9 4
2 13 14 26 31
13 2 14 26 31
2 13 26 14 31
13 2 26 14 31
0 15 17 23 2
15 0 17 23 2
0 15 23 17 2
15 0 23 17 2
6 9 11 29 135
9 6 11 29 135
6 9 29 11 135
9 6 29 11 135
2 13 7 33 0
13 2 7 33 0
2 13 33 7 0
13 2 33 7 0
3 12 17 23 206
12 3 17 23 206
3 12 23 17 206
12 3 23 17 206
5 10 6 34 0
10 5 6 34 0
5 10 34 6 0
10 5 34 6 0
2 13 13 27 20
13 2 13 27 20
2 13 27 13 20
13 2 27 13 20
5 10 9 31 22
10 5 9 31 22
5 10 31 9 22
10 5 31 9 22
2 13 4 36 0
13 2 4 36 0
2 13 36 4 0
13 2 36 4 0
2 13 11 29 6
13 2 11 29 6
2 13 29 11 6
13 2 29 11 6
3 12 15 25 128
12 3 15 25 128
3 12 25 15 128
12 3 25 15 128
7 8 5 35 0
8 7 5 35 0
7 8 35 5 0
8 7 35 5 0
1 14 12 28 2
14 1 12 28 2
1 14 28 12 2
14 1 28 12 2
2 13 19 21 98
13 2 19 21 98
2 13 21 19 98
13 2 21 19 98
0 15 10 30 0
15 0 10 30 0
0 15 30 10 0
15 0 30 10 0
7 8 2 38 0
8 7 2 38 0
7 8 38 2 0
8 7 38 2 0
6 9 9 31 37
9 6 9 31 37
6 9 31 9 37
9 6 31 9 37
2 13 6 34 0
13 2 6 34 0
2 13 34 6 0
13 2 34 6 0
6 9 15 25 665
9 6 15 25 665
6 9 25 15 665
9 6 25 15 665
5 10 10 30 46
10 5 10 30 46
5 10 30 10 46
10 5 30 10 46
3 12 14 26 91
12 3 14 26 91
3 12 26 14 91
12 3 26 14 91
3 12 19 21 258
12 3 19 21 258
3 12 21 19 258
12 3 21 19 258
0 15 13 27 0
15 0 13 27 0
0 15 27 13 0
15 0 27 13 0
3 12 7 33 0
12 3 7 33 0
3 12 33 7 0
12 3 33 7 0
5 10 11 29 88
10 5 11 29 88
5 10 29 11 88
10 5 29 11 88
1 14 7 33 0
14 1 7 33 0
1 14 33 7 0
14 1 33 7 0
6 9 10 30 73
9 6 10 30 73
6 9 30 10 73
9 6 30 10 73
1 14 17 23 20
14 1 17 23 20
1 14 23 17 20
14 1 23 17 20
5 10 16 24 591
10 5 16 24 591
5 10 24 16 591
10 5 24 16 591
6 9 7 33 5
9 6 7 33 5
6 9 33 7 5
9 6 33 7 5
0 15 11 29 0
15 0 11 29 0
0 15 29 11 0
15 0 29 11 0
6 9 18 22 1145
9 6 18 22 1145
6 9 22 18 1145
9 6 22 18 1145
3 12 11 29 20
12 3 11 29 20
3 12 29 11 20
12 3 29 11 20
1 14 9 31 0
14 1 9 31 0
1 14 31 9 0
14 1 31 9 0
1 14 19 21 26
14 1 19 21 26
1 14 21 19 26
14 1 21 19 26
3 12 6 34 0
12 3 6 34 0
3 12 34 6 0
12 3 34 6 0
7 8 4 36 0
8 7 4 36 0
7 8 36 4 0
8 7 36 4 0
7 8 20 20 1478
8 7 20 20 1478
5 10 8 32 8
10 5 8 32 8
5 10 32 8 8
10 5 32 8 8
6 9 1 39 0
9 6 1 39 0
6 9 39 1 0
9 6 39 1 0
3 12 16 24 166
12 3 16 24 166
3 12 24 16 166
12 3 24 16 166
6 9 3 37 0
9 6 3 37 0
6 9 37 3 0
9 6 37 3 0
2 13 15 25 46
13 2 15 25 46
2 13 25 15 46
13 2 25 15 46
6 9 12 28 224
9 6 12 28 224
6 9 28 12 224
9 6 28 12 224
0 15 15 25 1
15 0 15 25 1
0 15 25 15 1
15 0 25 15 1
1 14 16 24 15
14 1 16 24 15
1 14 24 16 15
14 1 24 16 15
2 13 17 23 77
13 2 17 23 77
2 13 23 17 77
13 2 23 17 77
7 8 10 30 87
8 7 10 30 87
7 8 30 10 87
8 7 30 10 87
0 15 14 26 0
15 0 14 26 0
0 15 26 14 0
15 0 26 14 0
5 10 7 33 2
10 5 7 33 2
5 10 33 7 2
10 5 33 7 2
4 11 17 23 434
11 4 17 23 434
4 11 23 17 434
11 4 23 17 434
4 11 16 24 355
11 4 16 24 355
4 11 24 16 355
11 4 24 16 355
1 14 13 27 4
14 1 13 27 4
1 14 27 13 4
14 1 27 13 4
4 11 10 30 25
11 4 10 30 25
4 11 30 10 25
11 4 30 10 25
7 8 11 29 160
8 7 11 29 160
7 8 29 11 160
8 7 29 11 160
7 8 12 28 265
8 7 12 28 265
7 8 28 12 265
8 7 28 12 265
3 12 13 27 60
12 3 13 27 60
3 12 27 13 60
12 3 27 13 60
1 14 11 29 1
14 1 11 29 1
1 14 29 11 1
14 1 29 11 1
5 10 2 38 0
10 5 2 38 0
5 10 38 2 0
10 5 38 2 0
1 14 10 30 0
14 1 10 30 0
1 14 30 10 0
14 1 30 10 0
4 11 6 34 0
11 4 6 34 0
4 11 34 6 0
11 4 34 6 0
1 14 20 20 27
14 1 20 20 27
0 15 19 21 3
15 0 19 21 3
0 15 21 19 3
15 0 21 19 3
4 11 18 22 494
11 4 18 22 494
4 11 22 18 494
11 4 22 18 494
