12 14 6 26 85
14 12 6 26 85
12 14 26 6 85
14 12 26 6 85
3 23 10 22 0
23 3 10 22 0
3 23 22 10 0
23 3 22 10 0
7 19 8 24 55
19 7 8 24 55
7 19 24 8 55
19 7 24 8 55
9 17 3 29 0
17 9 3 29 0
9 17 29 3 0
17 9 29 3 0
9 17 9 23 387
17 9 9 23 387
9 17 23 9 387
17 9 23 9 387
10 16 2 30 0
16 10 2 30 0
10 16 30 2 0
16 10 30 2 0
6 20 8 24 21
20 6 8 24 21
6 20 24 8 21
20 6 24 8 21
5 21 14 18 63
21 5 14 18 63
5 21 18 14 63
21 5 18 14 63
2 24 9 23 0
24 2 9 23 0
2 24 23 9 0
24 2 23 9 0
9 17 15 17 2398
17 9 15 17 2398
9 17 17 15 2398
17 9 17 15 2398
3 23 14 18 0
23 3 14 18 0
3 23 18 14 0
23 3 18 14 0
4 22 12 20 5
22 4 12 20 5
4 22 20 12 5
22 4 20 12 5
8 18 6 26 20
18 8 6 26 20
8 18 26 6 20
18 8 26 6 20
8 18 4 28 0
18 8 4 28 0
8 18 28 4 0
18 8 28 4 0
10 16 6 26 54
16 10 6 26 54
10 16 26 6 54
16 10 26 6 54
8 18 10 22 372
18 8 10 22 372
8 18 22 10 372
18 8 22 10 372
2 24 10 22 0
24 2 10 22 0
2 24 22 10 0
24 2 22 10 0
5 21 11 21 28
21 5 11 21 28
5 21 21 11 28
21 5 21 11 28
8 18 3 29 0
18 8 3 29 0
8 18 29 3 0
18 8 29 3 0
6 20 5 27 1
20 6 5 27 1
6 20 27 5 1
20 6 27 5 1
2 24 16 16 0
24 2 16 16 0
11 15 11 21 2023
15 11 11 21 2023
11 15 21 11 2023
15 11 21 11 2023
12 14 13 19 4344
14 12 13 19 4344
12 14 19 13 4344
14 12 19 13 4344
13 13 4 28 4
13 13 28 4 4
13 13 8 24 514
13 13 24 8 514
4 22 10 22 2
22 4 10 22 2
4 22 22 10 2
22 4 22 10 2
7 19 11 21 271
19 7 11 21 271
7 19 21 11 271
19 7 21 11 271
8 18 11 21 570
18 8 11 21 570
8 18 21 11 570
18 8 21 11 570
12 14 7 25 222
14 12 7 25 222
12 14 25 7 222
14 12 25 7 222
13 13 6 26 91
13 13 26 6 91
6 20 14 18 224
20 6 14 18 224
6 20 18 14 224
20 6 18 14 224
8 18 5 27 5
18 8 5 27 5
8 18 27 5 5
18 8 27 5 5
6 20 9 23 41
20 6 9 23 41
6 20 23 9 41
20 6 23 9 41
8 18 8 24 115
18 8 8 24 115
8 18 24 8 115
18 8 24 8 115
2 24 12 20 0
24 2 12 20 0
2 24 20 12 0
24 2 20 12 0
7 19 5 27 2
19 7 5 27 2
7 19 27 5 2
19 7 27 5 2
11 15 6 26 73
15 11 6 26 73
11 15 26 6 73
15 11 26 6 73
4 22 9 23 1
22 4 9 23 1
4 22 23 9 1
22 4 23 9 1
7 19 7 25 25
19 7 7 25 25
7 19 25 7 25
19 7 25 7 25
0 26 16 16 0
26 0 16 16 0
5 21 5 27 0
21 5 5 27 0
5 21 27 5 0
21 5 27 5 0
11 15 1 31 0
15 11 1 31 0
11 15 31 1 0
15 11 31 1 0
10 16 10 22 991
16 10 10 22 991
10 16 22 10 991
16 10 22 10 991
12 14 11 21 2400
14 12 11 21 2400
12 14 21 11 2400
14 12 21 11 2400
7 19 16 16 675
19 7 16 16 675
3 23 6 26 0
23 3 6 26 0
3 23 26 6 0
23 3 26 6 0
10 16 14 18 3279
16 10 14 18 3279
10 16 18 14 3279
16 10 18 14 3279
10 16 8 24 307
16 10 8 24 307
10 16 24 8 307
16 10 24 8 307
5 21 15 17 70
21 5 15 17 70
5 21 17 15 70
21 5 17 15 70
12 14 2 30 0
14 12 2 30 0
12 14 30 2 0
14 12 30 2 0
9 17 6 26 36
17 9 6 26 36
9 17 26 6 36
17 9 26 6 36
6 20 3 29 0
20 6 3 29 0
6 20 29 3 0
20 6 29 3 0
4 22 5 27 0
22 4 5 27 0
4 22 27 5 0
22 4 27 5 0
2 24 7 25 0
24 2 7 25 0
2 24 25 7 0
24 2 25 7 0
8 18 16 16 1412
18 8 16 16 1412
4 22 13 19 8
22 4 13 19 8
4 22 19 13 8
22 4 19 13 8
7 19 13 19 490
19 7 13 19 490
7 19 19 13 490
19 7 19 13 490
11 15 10 22 1323
15 11 10 22 1323
11 15 22 10 1323
15 11 22 10 1323
6 20 10 22 68
20 6 10 22 68
6 20 22 10 68
20 6 22 10 68
10 16 13 19 2748
16 10 13 19 2748
10 16 19 13 2748
16 10 19 13 2748
11 15 15 17 4871
15 11 15 17 4871
11 15 17 15 4871
15 11 17 15 4871
7 19 4 28 0
19 7 4 28 0
7 19 28 4 0
19 7 28 4 0
1 25 10 22 0
25 1 10 22 0
1 25 22 10 0
25 1 22 10 0
2 24 11 21 0
24 2 11 21 0
2 24 21 11 0
24 2 21 11 0
9 17 12 20 1399
17 9 12 20 1399
9 17 20 12 1399
17 9 20 12 1399
4 22 4 28 0
22 4 4 28 0
4 22 28 4 0
22 4 28 4 0
12 14 15 17 5778
14 12 15 17 5778
12 14 17 15 5778
14 12 17 15 5778
13 13 12 20 3554
13 13 20 12 3554
6 20 7 25 10
20 6 7 25 10
6 20 25 7 10
20 6 25 7 10
13 13 13 19 4589
13 13 19 13 4589
11 15 14 18 4379
15 11 14 18 4379
11 15 18 14 4379
15 11 18 14 4379
4 22 6 26 0
22 4 6 26 0
4 22 26 6 0
22 4 26 6 0
6 20 11 21 105
20 6 11 21 105
6 20 21 11 105
20 6 21 11 105
8 18 14 18 1226
18 8 14 18 1226
8 18 18 14 1226
18 8 18 14 1226
1 25 14 18 0
25 1 14 18 0
1 25 18 14 0
25 1 18 14 0
7 19 14 18 586
19 7 14 18 586
7 19 18 14 586
19 7 18 14 586
6 20 4 28 0
20 6 4 28 0
6 20 28 4 0
20 6 28 4 0
8 18 2 30 0
18 8 2 30 0
8 18 30 2 0
18 8 30 2 0
12 14 10 22 1565
14 12 10 22 1565
12 14 22 10 1565
14 12 22 10 1565
10 16 11 21 1519
16 10 11 21 1519
10 16 21 11 1519
16 10 21 11 1519
13 13 11 21 2533
13 13 21 11 2533
2 24 15 17 0
24 2 15 17 0
2 24 17 15 0
24 2 17 15 0
12 14 5 27 24
14 12 5 27 24
12 14 27 5 24
14 12 27 5 24
10 16 7 25 141
16 10 7 25 141
10 16 25 7 141
16 10 25 7 141
11 15 9 23 783
15 11 9 23 783
11 15 23 9 783
15 11 23 9 783
9 17 13 19 1804
17 9 13 19 1804
9 17 19 13 1804
17 9 19 13 1804
5 21 12 20 40
21 5 12 20 40
5 21 20 12 40
21 5 20 12 40
4 22 15 17 11
22 4 15 17 11
4 22 17 15 11
22 4 17 15 11
3 23 11 21 0
23 3 11 21 0
3 23 21 11 0
23 3 21 11 0
11 15 4 28 3
15 11 4 28 3
11 15 28 4 3
15 11 28 4 3
3 23 9 23 0
23 3 9 23 0
3 23 23 9 0
23 3 23 9 0
5 21 9 23 10
21 5 9 23 10
5 21 23 9 10
21 5 23 9 10
11 15 7 25 187
15 11 7 25 187
11 15 25 7 187
15 11 25 7 187
9 17 10 22 654
17 9 10 22 654
9 17 22 10 654
17 9 22 10 654
2 24 8 24 0
24 2 8 24 0
2 24 24 8 0
24 2 24 8 0
1 25 16 16 0
25 1 16 16 0
12 14 14 18 5187
14 12 14 18 5187
12 14 18 14 5187
14 12 18 14 5187
5 21 16 16 73
21 5 16 16 73
13 13 9 23 979
13 13 23 9 979
4 22 8 24 0
22 4 8 24 0
4 22 24 8 0
22 4 24 8 0
12 14 9 23 929
14 12 9 23 929
12 14 23 9 929
14 12 23 9 929
4 22 7 25 0
22 4 7 25 0
4 22 25 7 0
22 4 25 7 0
13 13 2 30 0
13 13 30 2 0
3 23 8 24 0
23 3 8 24 0
3 23 24 8 0
23 3 24 8 0
10 16 3 29 0
16 10 3 29 0
10 16 29 3 0
16 10 29 3 0
5 21 7 25 2
21 5 7 25 2
5 21 25 7 2
21 5 25 7 2
7 19 3 29 0
19 7 3 29 0
7 19 29 3 0
19 7 29 3 0
0 26 15 17 0
26 0 15 17 0
0 26 17 15 0
26 0 17 15 0
6 20 6 26 4
20 6 6 26 4
6 20 26 6 4
20 6 26 6 4
9 17 7 25 92
17 9 7 25 92
9 17 25 7 92
17 9 25 7 92
8 18 7 25 53
18 8 7 25 53
8 18 25 7 53
18 8 25 7 53
11 15 2 30 0
15 11 2 30 0
11 15 30 2 0
15 11 30 2 0
13 13 1 31 0
13 13 31 1 0
5 21 10 22 18
21 5 10 22 18
5 21 22 10 18
21 5 22 10 18
11 15 16 16 5047
15 11 16 16 5047
9 17 14 18 2157
17 9 14 18 2157
9 17 18 14 2157
17 9 18 14 2157
7 19 2 30 0
19 7 2 30 0
7 19 30 2 0
19 7 30 2 0
11 15 12 20 2837
15 11 12 20 2837
11 15 20 12 2837
15 11 20 12 2837
8 18 12 20 795
18 8 12 20 795
8 18 20 12 795
18 8 20 12 795
13 13 16 16 6326
12 14 8 24 485
14 12 8 24 485
12 14 24 8 485
14 12 24 8 485
1 25 11 21 0
25 1 11 21 0
1 25 21 11 0
25 1 21 11 0
9 17 11 21 998
17 9 11 21 998
9 17 21 11 998
17 9 21 11 998
10 16 12 20 2124
16 10 12 20 2124
10 16 20 12 2124
16 10 20 12 2124
3 23 13 19 0
23 3 13 19 0
3 23 19 13 0
23 3 19 13 0
10 16 5 27 15
16 10 5 27 15
10 16 27 5 15
16 10 27 5 15
10 16 16 16 3780
16 10 16 16 3780
9 17 16 16 2485
17 9 16 16 2485
11 15 8 24 411
15 11 8 24 411
11 15 24 8 411
15 11 24 8 411
12 14 12 20 3359
14 12 12 20 3359
12 14 20 12 3359
14 12 20 12 3359
7 19 12 20 380
19 7 12 20 380
7 19 20 12 380
19 7 20 12 380
11 15 3 29 0
15 11 3 29 0
11 15 29 3 0
15 11 29 3 0
5 21 6 26 1
21 5 6 26 1
5 21 26 6 1
21 5 26 6 1
6 20 15 17 251
20 6 15 17 251
6 20 17 15 251
20 6 17 15 251
3 23 16 16 0
23 3 16 16 0
7 19 9 23 105
19 7 9 23 105
7 19 23 9 105
19 7 23 9 105
12 14 1 31 0
14 12 1 31 0
12 14 31 1 0
14 12 31 1 0
8 18 9 23 222
18 8 9 23 222
8 18 23 9 222
18 8 23 9 222
6 20 16 16 258
20 6 16 16 258
13 13 7 25 234
13 13 25 7 234
9 17 5 27 9
17 9 5 27 9
9 17 27 5 9
17 9 27 5 9
6 20 13 19 189
20 6 13 19 189
6 20 19 13 189
20 6 19 13 189
8 18 15 17 1367
18 8 15 17 1367
8 18 17 15 1367
18 8 17 15 1367
13 13 15 17 6105
13 13 17 15 6105
1 25 13 19 0
25 1 13 19 0
1 25 19 13 0
25 1 19 13 0
7 19 15 17 651
19 7 15 17 651
7 19 17 15 651
19 7 17 15 651
13 13 10 22 1656
13 13 22 10 1656
6 20 12 20 145
20 6 12 20 145
6 20 20 12 145
20 6 20 12 145
13 13 5 27 25
13 13 27 5 25
11 15 13 19 3662
15 11 13 19 3662
11 15 19 13 3662
15 11 19 13 3662
1 25 12 20 0
25 1 12 20 0
1 25 20 12 0
25 1 20 12 0
4 22 16 16 11
22 4 16 16 11
10 16 4 28 2
16 10 4 28 2
10 16 28 4 2
16 10 28 4 2
2 24 13 19 0
24 2 13 19 0
2 24 19 13 0
24 2 19 13 0
12 14 3 29 0
14 12 3 29 0
12 14 29 3 0
14 12 29 3 0
13 13 3 29 0
13 13 29 3 0
8 18 13 19 1029
18 8 13 19 1029
8 18 19 13 1029
18 8 19 13 1029
10 16 9 23 589
16 10 9 23 589
10 16 23 9 589
16 10 23 9 589
13 13 14 18 5488
13 13 18 14 5488
10 16 1 31 0
16 10 1 31 0
10 16 31 1 0
16 10 31 1 0
4 22 14 18 9
22 4 14 18 9
4 22 18 14 9
22 4 18 14 9
5 21 13 19 52
21 5 13 19 52
5 21 19 13 52
21 5 19 13 52
11 15 5 27 20
15 11 5 27 20
11 15 27 5 20
15 11 27 5 20
3 23 12 20 0
23 3 12 20 0
3 23 20 12 0
23 3 20 12 0
9 17 4 28 1
17 9 4 28 1
9 17 28 4 1
17 9 28 4 1
5 21 8 24 5
21 5 8 24 5
5 21 24 8 5
21 5 24 8 5
1 25 15 17 0
25 1 15 17 0
1 25 17 15 0
25 1 17 15 0
5 21 4 28 0
21 5 4 28 0
5 21 28 4 0
21 5 28 4 0
7 19 10 22 178
19 7 10 22 178
7 19 22 10 178
19 7 22 10 178
9 17 8 24 203
17 9 8 24 203
9 17 24 8 203
17 9 24 8 203
2 24 14 18 0
24 2 14 18 0
2 24 18 14 0
24 2 18 14 0
3 23 7 25 0
23 3 7 25 0
3 23 25 7 0
23 3 25 7 0
10 16 15 17 3654
16 10 15 17 3654
10 16 17 15 3654
16 10 17 15 3654
4 22 11 21 4
22 4 11 21 4
4 22 21 11 4
22 4 21 11 4
12 14 16 16 5979
14 12 16 16 5979
9 17 2 30 0
17 9 2 30 0
9 17 30 2 0
17 9 30 2 0
3 23 15 17 0
23 3 15 17 0
3 23 17 15 0
23 3 17 15 0
7 19 6 26 10
19 7 6 26 10
7 19 26 6 10
19 7 26 6 10
12 14 4 28 3
14 12 4 28 3
12 14 28 4 3
14 12 28 4 3
