0 18 6 16 0
18 0 6 16 0
0 18 16 6 0
18 0 16 6 0
7 11 10 12 1016
11 7 10 12 1016
7 11 12 10 1016
11 7 12 10 1016
3 15 9 13 71
15 3 9 13 71
3 15 13 9 71
15 3 13 9 71
2 16 11 11 20
16 2 11 11 20
7 11 11 11 1064
11 7 11 11 1064
7 11 4 18 88
11 7 4 18 88
7 11 18 4 88
11 7 18 4 88
6 12 10 12 725
12 6 10 12 725
6 12 12 10 725
12 6 12 10 725
3 15 2 20 0
15 3 2 20 0
3 15 20 2 0
15 3 20 2 0
4 14 10 12 215
14 4 10 12 215
4 14 12 10 215
14 4 12 10 215
8 10 11 11 1300
10 8 11 11 1300
7 11 1 21 0
11 7 1 21 0
7 11 21 1 0
11 7 21 1 0
6 12 0 22 0
12 6 0 22 0
6 12 22 0 0
12 6 22 0 0
8 10 7 15 625
10 8 7 15 625
8 10 15 7 625
10 8 15 7 625
7 11 5 17 182
11 7 5 17 182
7 11 17 5 182
11 7 17 5 182
4 14 7 15 102
14 4 7 15 102
4 14 15 7 102
14 4 15 7 102
2 16 8 14 13
16 2 8 14 13
2 16 14 8 13
16 2 14 8 13
5 13 8 14 299
13 5 8 14 299
5 13 14 8 299
13 5 14 8 299
4 14 2 20 1
14 4 2 20 1
4 14 20 2 1
14 4 20 2 1
0 18 7 15 0
18 0 7 15 0
0 18 15 7 0
18 0 15 7 0
4 14 8 14 147
14 4 8 14 147
4 14 14 8 147
14 4 14 8 147
8 10 8 14 869
10 8 8 14 869
8 10 14 8 869
10 8 14 8 869
3 15 5 17 12
15 3 5 17 12
3 15 17 5 12
15 3 17 5 12
2 16 9 13 16
16 2 9 13 16
2 16 13 9 16
16 2 13 9 16
1 17 7 15 0
17 1 7 15 0
1 17 15 7 0
17 1 15 7 0
8 10 3 19 42
10 8 3 19 42
8 10 19 3 42
10 8 19 3 42
7 11 6 16 325
11 7 6 16 325
7 11 16 6 325
11 7 16 6 325
6 12 11 11 758
12 6 11 11 758
8 10 0 22 0
10 8 0 22 0
8 10 22 0 0
10 8 22 0 0
0 18 8 14 0
18 0 8 14 0
0 18 14 8 0
18 0 14 8 0
3 15 4 18 5
15 3 4 18 5
3 15 18 4 5
15 3 18 4 5
1 17 9 13 0
17 1 9 13 0
1 17 13 9 0
17 1 13 9 0
2 16 3 19 0
16 2 3 19 0
2 16 19 3 0
16 2 19 3 0
5 13 11 11 455
13 5 11 11 455
2 16 10 12 20
16 2 10 12 20
2 16 12 10 20
16 2 12 10 20
3 15 8 14 56
15 3 8 14 56
3 15 14 8 56
15 3 14 8 56
5 13 9 13 376
13 5 9 13 376
5 13 13 9 376
13 5 13 9 376
4 14 11 11 224
14 4 11 11 224
5 13 4 18 34
13 5 4 18 34
5 13 18 4 34
13 5 18 4 34
2 16 5 17 2
16 2 5 17 2
2 16 17 5 2
16 2 17 5 2
1 17 6 16 0
17 1 6 16 0
1 17 16 6 0
17 1 16 6 0
6 12 3 19 22
12 6 3 19 22
6 12 19 3 22
12 6 19 3 22
6 12 5 17 126
12 6 5 17 126
6 12 17 5 126
12 6 17 5 126
8 10 2 20 10
10 8 2 20 10
8 10 20 2 10
10 8 20 2 10
4 14 4 18 16
14 4 4 18 16
4 14 18 4 16
14 4 18 4 16
1 17 8 14 0
17 1 8 14 0
1 17 14 8 0
17 1 14 8 0
8 10 9 13 1082
10 8 9 13 1082
8 10 13 9 1082
10 8 13 9 1082
5 13 2 20 2
13 5 2 20 2
5 13 20 2 2
13 5 20 2 2
3 15 7 15 38
15 3 7 15 38
3 15 15 7 38
15 3 15 7 38
1 17 11 11 0
17 1 11 11 0
3 15 6 16 23
15 3 6 16 23
3 15 16 6 23
15 3 16 6 23
7 11 7 15 509
11 7 7 15 509
7 11 15 7 509
11 7 15 7 509
7 11 2 20 7
11 7 2 20 7
7 11 20 2 7
11 7 20 2 7
7 11 9 13 885
11 7 9 13 885
7 11 13 9 885
11 7 13 9 885
0 18 9 13 0
18 0 9 13 0
0 18 13 9 0
18 0 13 9 0
6 12 9 13 628
12 6 9 13 628
6 12 13 9 628
12 6 13 9 628
1 17 5 17 0
17 1 5 17 0
1 17 17 5 0
17 1 17 5 0
7 11 8 14 708
11 7 8 14 708
7 11 14 8 708
11 7 14 8 708
5 13 1 21 0
13 5 1 21 0
5 13 21 1 0
13 5 21 1 0
9 9 10 12 1330
9 9 12 10 1330
2 16 4 18 1
16 2 4 18 1
2 16 18 4 1
16 2 18 4 1
1 17 4 18 0
17 1 4 18 0
1 17 18 4 0
17 1 18 4 0
1 17 10 12 0
17 1 10 12 0
1 17 12 10 0
17 1 12 10 0
2 16 2 20 0
16 2 2 20 0
2 16 20 2 0
16 2 20 2 0
3 15 11 11 87
15 3 11 11 87
8 10 6 16 402
10 8 6 16 402
8 10 16 6 402
10 8 16 6 402
5 13 6 16 133
13 5 6 16 133
5 13 16 6 133
13 5 16 6 133
7 11 0 22 0
11 7 0 22 0
7 11 22 0 0
11 7 22 0 0
9 9 8 14 930
9 9 14 8 930
9 9 2 20 10
9 9 20 2 10
9 9 11 11 1393
9 9 1 21 0
9 9 21 1 0
1 17 3 19 0
17 1 3 19 0
1 17 19 3 0
17 1 19 3 0
9 9 4 18 118
9 9 18 4 118
5 13 7 15 212
13 5 7 15 212
5 13 15 7 212
13 5 15 7 212
4 14 6 16 64
14 4 6 16 64
4 14 16 6 64
14 4 16 6 64
6 12 2 20 5
12 6 2 20 5
6 12 20 2 5
12 6 20 2 5
0 18 11 11 0
18 0 11 11 0
4 14 3 19 5
14 4 3 19 5
4 14 19 3 5
14 4 19 3 5
7 11 3 19 33
11 7 3 19 33
7 11 19 3 33
11 7 19 3 33
6 12 1 21 0
12 6 1 21 0
6 12 21 1 0
12 6 21 1 0
8 10 5 17 225
10 8 5 17 225
8 10 17 5 225
10 8 17 5 225
9 9 5 17 242
9 9 17 5 242
8 10 1 21 0
10 8 1 21 0
8 10 21 1 0
10 8 21 1 0
5 13 5 17 73
13 5 5 17 73
5 13 17 5 73
13 5 17 5 73
2 16 6 16 5
16 2 6 16 5
2 16 16 6 5
16 2 16 6 5
5 13 3 19 12
13 5 3 19 12
5 13 19 3 12
13 5 19 3 12
9 9 9 13 1160
9 9 13 9 1160
6 12 4 18 61
12 6 4 18 61
6 12 18 4 61
12 6 18 4 61
4 14 9 13 184
14 4 9 13 184
4 14 13 9 184
14 4 13 9 184
0 18 10 12 0
18 0 10 12 0
0 18 12 10 0
18 0 12 10 0
9 9 3 19 45
9 9 19 3 45
4 14 1 21 0
14 4 1 21 0
4 14 21 1 0
14 4 21 1 0
6 12 7 15 358
12 6 7 15 358
6 12 15 7 358
12 6 15 7 358
8 10 4 18 111
10 8 4 18 111
8 10 18 4 111
10 8 18 4 111
9 9 6 16 430
9 9 16 6 430
9 9 7 15 671
9 9 15 7 671
8 10 10 12 1244
10 8 10 12 1244
8 10 12 10 1244
10 8 12 10 1244
3 15 10 12 83
15 3 10 12 83
3 15 12 10 83
15 3 12 10 83
2 16 7 15 8
16 2 7 15 8
2 16 15 7 8
16 2 15 7 8
5 13 10 12 434
13 5 10 12 434
5 13 12 10 434
13 5 12 10 434
9 9 0 22 0
9 9 22 0 0
4 14 5 17 34
14 4 5 17 34
4 14 17 5 34
14 4 17 5 34
3 15 1 21 0
15 3 1 21 0
3 15 21 1 0
15 3 21 1 0
3 15 3 19 1
15 3 3 19 1
3 15 19 3 1
15 3 19 3 1
6 12 6 16 228
12 6 6 16 228
6 12 16 6 228
12 6 16 6 228
6 12 8 14 503
12 6 8 14 503
6 12 14 8 503
12 6 14 8 503
