12 22 7 35 0
22 12 7 35 0
12 22 35 7 0
22 12 35 7 0
16 18 11 31 29
18 16 11 31 29
16 18 31 11 29
18 16 31 11 29
13 21 15 27 152
21 13 15 27 152
13 21 27 15 152
21 13 27 15 152
8 26 18 24 0
26 8 18 24 0
8 26 24 18 0
26 8 24 18 0
10 24 15 27 19
24 10 15 27 19
10 24 27 15 19
24 10 27 15 19
14 20 3 39 0
20 14 3 39 0
14 20 39 3 0
20 14 39 3 0
5 29 16 26 0
29 5 16 26 0
5 29 26 16 0
29 5 26 16 0
12 22 19 23 206
22 12 19 23 206
12 22 23 19 206
22 12 23 19 206
15 19 16 26 385
19 15 16 26 385
15 19 26 16 385
19 15 26 16 385
3 31 17 25 0
31 3 17 25 0
3 31 25 17 0
31 3 25 17 0
17 17 10 32 12
17 17 32 10 12
15 19 6 36 0
19 15 6 36 0
15 19 36 6 0
19 15 36 6 0
9 25 6 36 0
25 9 6 36 0
9 25 36 6 0
25 9 36 6 0
9 25 5 37 0
25 9 5 37 0
9 25 37 5 0
25 9 37 5 0
15 19 8 34 0
19 15 8 34 0
15 19 34 8 0
19 15 34 8 0
13 21 19 23 370
21 13 19 23 370
13 21 23 19 370
21 13 23 19 370
17 17 11 31 32
17 17 31 11 32
13 21 17 25 267
21 13 17 25 267
13 21 25 17 267
21 13 25 17 267
10 24 14 28 14
24 10 14 28 14
10 24 28 14 14
24 10 28 14 14
7 27 7 35 0
27 7 7 35 0
7 27 35 7 0
27 7 35 7 0
9 25 21 21 13
25 9 21 21 13
5 29 17 25 0
29 5 17 25 0
5 29 25 17 0
29 5 25 17 0
7 27 10 32 0
27 7 10 32 0
7 27 32 10 0
27 7 32 10 0
14 20 11 31 21
20 14 11 31 21
14 20 31 11 21
20 14 31 11 21
14 20 8 34 0
20 14 8 34 0
14 20 34 8 0
20 14 34 8 0
11 23 10 32 4
23 11 10 32 4
11 23 32 10 4
23 11 32 10 4
14 20 20 22 590
20 14 20 22 590
14 20 22 20 590
20 14 22 20 590
4 30 13 29 0
30 4 13 29 0
4 30 29 13 0
30 4 29 13 0
17 17 3 39 0
17 17 39 3 0
3 31 18 24 0
31 3 18 24 0
3 31 24 18 0
31 3 24 18 0
8 26 19 23 0
26 8 19 23 0
8 26 23 19 0
26 8 23 19 0
13 21 14 28 101
21 13 14 28 101
13 21 28 14 101
21 13 28 14 101
10 24 18 24 34
24 10 18 24 34
10 24 24 18 34
24 10 24 18 34
3 31 19 23 0
31 3 19 23 0
3 31 23 19 0
31 3 23 19 0
15 19 4 38 0
19 15 4 38 0
15 19 38 4 0
19 15 38 4 0
10 24 8 34 0
24 10 8 34 0
10 24 34 8 0
24 10 34 8 0
13 21 20 22 399
21 13 20 22 399
13 21 22 20 399
21 13 22 20 399
16 18 10 32 11
18 16 10 32 11
16 18 32 10 11
18 16 32 10 11
6 28 17 25 0
28 6 17 25 0
6 28 25 17 0
28 6 25 17 0
13 21 3 39 0
21 13 3 39 0
13 21 39 3 0
21 13 39 3 0
17 17 5 37 0
17 17 37 5 0
2 32 17 25 0
32 2 17 25 0
2 32 25 17 0
32 2 25 17 0
10 24 13 29 10
24 10 13 29 10
10 24 29 13 10
24 10 29 13 10
2 32 16 26 0
32 2 16 26 0
2 32 26 16 0
32 2 26 16 0
5 29 14 28 0
29 5 14 28 0
5 29 28 14 0
29 5 28 14 0
4 30 16 26 0
30 4 16 26 0
4 30 26 16 0
30 4 26 16 0
17 17 13 29 127
17 17 29 13 127
7 27 16 26 0
27 7 16 26 0
7 27 26 16 0
27 7 26 16 0
14 20 13 29 82
20 14 13 29 82
14 20 29 13 82
20 14 29 13 82
17 17 4 38 0
17 17 38 4 0
15 19 21 21 828
19 15 21 21 828
4 30 19 23 0
30 4 19 23 0
4 30 23 19 0
30 4 23 19 0
9 25 9 33 1
25 9 9 33 1
9 25 33 9 1
25 9 33 9 1
14 20 19 23 541
20 14 19 23 541
14 20 23 19 541
20 14 23 19 541
5 29 10 32 0
29 5 10 32 0
5 29 32 10 0
29 5 32 10 0
11 23 13 29 25
23 11 13 29 25
11 23 29 13 25
23 11 29 13 25
5 29 15 27 0
29 5 15 27 0
5 29 27 15 0
29 5 27 15 0
17 17 15 27 333
17 17 27 15 333
10 24 5 37 0
24 10 5 37 0
10 24 37 5 0
24 10 37 5 0
6 28 10 32 0
28 6 10 32 0
6 28 32 10 0
28 6 32 10 0
12 22 21 21 228
22 12 21 21 228
5 29 11 31 0
29 5 11 31 0
5 29 31 11 0
29 5 31 11 0
7 27 21 21 0
27 7 21 21 0
2 32 20 22 0
32 2 20 22 0
2 32 22 20 0
32 2 22 20 0
13 21 4 38 0
21 13 4 38 0
13 21 38 4 0
21 13 38 4 0
3 31 21 21 0
31 3 21 21 0
7 27 20 22 0
27 7 20 22 0
7 27 22 20 0
27 7 22 20 0
12 22 5 37 0
22 12 5 37 0
12 22 37 5 0
22 12 37 5 0
17 17 6 36 0
17 17 36 6 0
6 28 13 29 0
28 6 13 29 0
6 28 29 13 0
28 6 29 13 0
4 30 15 27 0
30 4 15 27 0
4 30 27 15 0
30 4 27 15 0
16 18 7 35 0
18 16 7 35 0
16 18 35 7 0
18 16 35 7 0
12 22 18 24 183
22 12 18 24 183
12 22 24 18 183
22 12 24 18 183
11 23 15 27 51
23 11 15 27 51
11 23 27 15 51
23 11 27 15 51
15 19 15 27 274
19 15 15 27 274
15 19 27 15 274
19 15 27 15 274
3 31 16 26 0
31 3 16 26 0
3 31 26 16 0
31 3 26 16 0
13 21 5 37 0
21 13 5 37 0
13 21 37 5 0
21 13 37 5 0
12 22 13 29 40
22 12 13 29 40
12 22 29 13 40
22 12 29 13 40
8 26 10 32 0
26 8 10 32 0
8 26 32 10 0
26 8 32 10 0
16 18 21 21 964
18 16 21 21 964
7 27 15 27 0
27 7 15 27 0
7 27 27 15 0
27 7 27 15 0
11 23 6 36 0
23 11 6 36 0
11 23 36 6 0
23 11 36 6 0
3 31 14 28 0
31 3 14 28 0
3 31 28 14 0
31 3 28 14 0
12 22 4 38 0
22 12 4 38 0
12 22 38 4 0
22 12 38 4 0
8 26 7 35 0
26 8 7 35 0
8 26 35 7 0
26 8 35 7 0
17 17 12 30 68
17 17 30 12 68
6 28 21 21 0
28 6 21 21 0
5 29 18 24 0
29 5 18 24 0
5 29 24 18 0
29 5 24 18 0
9 25 16 26 8
25 9 16 26 8
9 25 26 16 8
25 9 26 16 8
11 23 4 38 0
23 11 4 38 0
11 23 38 4 0
23 11 38 4 0
13 21 7 35 0
21 13 7 35 0
13 21 35 7 0
21 13 35 7 0
12 22 17 25 152
22 12 17 25 152
12 22 25 17 152
22 12 25 17 152
8 26 12 30 0
26 8 12 30 0
8 26 30 12 0
26 8 30 12 0
15 19 3 39 0
19 15 3 39 0
15 19 39 3 0
19 15 39 3 0
9 25 19 23 12
25 9 19 23 12
9 25 23 19 12
25 9 23 19 12
13 21 16 26 206
21 13 16 26 206
13 21 26 16 206
21 13 26 16 206
7 27 17 25 0
27 7 17 25 0
7 27 25 17 0
27 7 25 17 0
6 28 14 28 0
28 6 14 28 0
6 28 28 14 0
28 6 28 14 0
16 18 5 37 0
18 16 5 37 0
16 18 37 5 0
18 16 37 5 0
3 31 13 29 0
31 3 13 29 0
3 31 29 13 0
31 3 29 13 0
9 25 13 29 4
25 9 13 29 4
9 25 29 13 4
25 9 29 13 4
13 21 11 31 18
21 13 11 31 18
13 21 31 11 18
21 13 31 11 18
16 18 17 25 587
18 16 17 25 587
16 18 25 17 587
18 16 25 17 587
16 18 15 27 309
18 16 15 27 309
16 18 27 15 309
18 16 27 15 309
8 26 15 27 0
26 8 15 27 0
8 26 27 15 0
26 8 27 15 0
17 17 8 34 0
17 17 34 8 0
12 22 20 22 222
22 12 20 22 222
12 22 22 20 222
22 12 22 20 222
6 28 9 33 0
28 6 9 33 0
6 28 33 9 0
28 6 33 9 0
13 21 6 36 0
21 13 6 36 0
13 21 36 6 0
21 13 36 6 0
12 22 11 31 12
22 12 11 31 12
12 22 31 11 12
22 12 31 11 12
9 25 14 28 5
25 9 14 28 5
9 25 28 14 5
25 9 28 14 5
17 17 14 28 212
17 17 28 14 212
6 28 16 26 0
28 6 16 26 0
6 28 26 16 0
28 6 26 16 0
11 23 18 24 95
23 11 18 24 95
11 23 24 18 95
23 11 24 18 95
6 28 20 22 0
28 6 20 22 0
6 28 22 20 0
28 6 22 20 0
13 21 18 24 323
21 13 18 24 323
13 21 24 18 323
21 13 24 18 323
15 19 14 28 176
19 15 14 28 176
15 19 28 14 176
19 15 28 14 176
17 17 16 26 472
17 17 26 16 472
4 30 17 25 0
30 4 17 25 0
4 30 25 17 0
30 4 25 17 0
12 22 9 33 2
22 12 9 33 2
12 22 33 9 2
22 12 33 9 2
9 25 8 34 0
25 9 8 34 0
9 25 34 8 0
25 9 34 8 0
12 22 8 34 0
22 12 8 34 0
12 22 34 8 0
22 12 34 8 0
15 19 11 31 27
19 15 11 31 27
15 19 31 11 27
19 15 31 11 27
10 24 19 23 37
24 10 19 23 37
10 24 23 19 37
24 10 23 19 37
15 19 17 25 511
19 15 17 25 511
15 19 25 17 511
19 15 25 17 511
6 28 18 24 0
28 6 18 24 0
6 28 24 18 0
28 6 24 18 0
14 20 17 25 381
20 14 17 25 381
14 20 25 17 381
20 14 25 17 381
17 17 21 21 1038
6 28 8 34 0
28 6 8 34 0
6 28 34 8 0
28 6 34 8 0
14 20 7 35 0
20 14 7 35 0
14 20 35 7 0
20 14 35 7 0
7 27 18 24 0
27 7 18 24 0
7 27 24 18 0
27 7 24 18 0
10 24 7 35 0
24 10 7 35 0
10 24 35 7 0
24 10 35 7 0
14 20 18 24 470
20 14 18 24 470
14 20 24 18 470
20 14 24 18 470
14 20 5 37 0
20 14 5 37 0
14 20 37 5 0
20 14 37 5 0
10 24 21 21 40
24 10 21 21 40
10 24 12 30 7
24 10 12 30 7
10 24 30 12 7
24 10 30 12 7
5 29 21 21 0
29 5 21 21 0
6 28 15 27 0
28 6 15 27 0
6 28 27 15 0
28 6 27 15 0
16 18 9 33 4
18 16 9 33 4
16 18 33 9 4
18 16 33 9 4
9 25 7 35 0
25 9 7 35 0
9 25 35 7 0
25 9 35 7 0
16 18 16 26 441
18 16 16 26 441
16 18 26 16 441
18 16 26 16 441
15 19 13 29 106
19 15 13 29 106
15 19 29 13 106
19 15 29 13 106
10 24 9 33 1
24 10 9 33 1
10 24 33 9 1
24 10 33 9 1
3 31 15 27 0
31 3 15 27 0
3 31 27 15 0
31 3 27 15 0
6 28 12 30 0
28 6 12 30 0
6 28 30 12 0
28 6 30 12 0
17 17 9 33 5
17 17 33 9 5
12 22 14 28 62
22 12 14 28 62
12 22 28 14 62
22 12 28 14 62
10 24 10 32 2
24 10 10 32 2
10 24 32 10 2
24 10 32 10 2
7 27 11 31 0
27 7 11 31 0
7 27 31 11 0
27 7 31 11 0
17 17 20 22 1002
17 17 22 20 1002
4 30 14 28 0
30 4 14 28 0
4 30 28 14 0
30 4 28 14 0
2 32 18 24 0
32 2 18 24 0
2 32 24 18 0
32 2 24 18 0
10 24 6 36 0
24 10 6 36 0
10 24 36 6 0
24 10 36 6 0
11 23 8 34 0
23 11 8 34 0
11 23 34 8 0
23 11 34 8 0
10 24 11 31 4
24 10 11 31 4
10 24 31 11 4
24 10 31 11 4
5 29 19 23 0
29 5 19 23 0
5 29 23 19 0
29 5 23 19 0
7 27 13 29 0
27 7 13 29 0
7 27 29 13 0
27 7 29 13 0
7 27 14 28 0
27 7 14 28 0
7 27 28 14 0
27 7 28 14 0
10 24 16 26 24
24 10 16 26 24
10 24 26 16 24
24 10 26 16 24
2 32 21 21 0
32 2 21 21 0
8 26 17 25 0
26 8 17 25 0
8 26 25 17 0
26 8 25 17 0
16 18 14 28 198
18 16 14 28 198
16 18 28 14 198
18 16 28 14 198
12 22 10 32 5
22 12 10 32 5
12 22 32 10 5
22 12 32 10 5
4 30 20 22 0
30 4 20 22 0
4 30 22 20 0
30 4 22 20 0
9 25 18 24 11
25 9 18 24 11
9 25 24 18 11
25 9 24 18 11
15 19 5 37 0
19 15 5 37 0
15 19 37 5 0
19 15 37 5 0
14 20 21 21 608
20 14 21 21 608
8 26 13 29 0
26 8 13 29 0
8 26 29 13 0
26 8 29 13 0
5 29 9 33 0
29 5 9 33 0
5 29 33 9 0
29 5 33 9 0
11 23 9 33 2
23 11 9 33 2
11 23 33 9 2
23 11 33 9 2
7 27 8 34 0
27 7 8 34 0
7 27 34 8 0
27 7 34 8 0
11 23 12 30 16
23 11 12 30 16
11 23 30 12 16
23 11 30 12 16
13 21 8 34 0
21 13 8 34 0
13 21 34 8 0
21 13 34 8 0
5 29 12 30 0
29 5 12 30 0
5 29 30 12 0
29 5 30 12 0
11 23 21 21 116
23 11 21 21 116
16 18 20 22 934
18 16 20 22 934
16 18 22 20 934
18 16 22 20 934
11 23 20 22 112
23 11 20 22 112
11 23 22 20 112
23 11 22 20 112
4 30 11 31 0
30 4 11 31 0
4 30 31 11 0
30 4 31 11 0
9 25 20 22 12
25 9 20 22 12
9 25 22 20 12
25 9 22 20 12
15 19 7 35 0
19 15 7 35 0
15 19 35 7 0
19 15 35 7 0
14 20 6 36 0
20 14 6 36 0
14 20 36 6 0
20 14 36 6 0
15 19 9 33 4
19 15 9 33 4
15 19 33 9 4
19 15 33 9 4
16 18 8 34 0
18 16 8 34 0
16 18 34 8 0
18 16 34 8 0
14 20 14 28 136
20 14 14 28 136
14 20 28 14 136
20 14 28 14 136
2 32 19 23 0
32 2 19 23 0
2 32 23 19 0
32 2 23 19 0
9 25 15 27 7
25 9 15 27 7
9 25 27 15 7
25 9 27 15 7
16 18 3 39 0
18 16 3 39 0
16 18 39 3 0
18 16 39 3 0
11 23 7 35 0
23 11 7 35 0
11 23 35 7 0
23 11 35 7 0
16 18 18 24 733
18 16 18 24 733
16 18 24 18 733
18 16 24 18 733
14 20 10 32 8
20 14 10 32 8
14 20 32 10 8
20 14 32 10 8
17 17 18 24 786
17 17 24 18 786
8 26 14 28 0
26 8 14 28 0
8 26 28 14 0
26 8 28 14 0
11 23 16 26 65
23 11 16 26 65
11 23 26 16 65
23 11 26 16 65
10 24 20 22 39
24 10 20 22 39
10 24 22 20 39
24 10 22 20 39
12 22 12 30 24
22 12 12 30 24
12 22 30 12 24
22 12 30 12 24
17 17 7 35 0
17 17 35 7 0
11 23 11 31 9
23 11 11 31 9
11 23 31 11 9
23 11 31 11 9
13 21 9 33 3
21 13 9 33 3
13 21 33 9 3
21 13 33 9 3
4 30 21 21 0
30 4 21 21 0
16 18 12 30 63
18 16 12 30 63
16 18 30 12 63
18 16 30 12 63
10 24 17 25 29
24 10 17 25 29
10 24 25 17 29
24 10 25 17 29
15 19 12 30 57
19 15 12 30 57
15 19 30 12 57
19 15 30 12 57
7 27 19 23 0
27 7 19 23 0
7 27 23 19 0
27 7 23 19 0
8 26 16 26 0
26 8 16 26 0
8 26 26 16 0
26 8 26 16 0
15 19 18 24 632
19 15 18 24 632
15 19 24 18 632
19 15 24 18 632
9 25 17 25 10
25 9 17 25 10
9 25 25 17 10
25 9 25 17 10
15 19 20 22 800
19 15 20 22 800
15 19 22 20 800
19 15 22 20 800
17 17 17 25 632
17 17 25 17 632
8 26 20 22 0
26 8 20 22 0
8 26 22 20 0
26 8 22 20 0
11 23 5 37 0
23 11 5 37 0
11 23 37 5 0
23 11 37 5 0
11 23 17 25 81
23 11 17 25 81
11 23 25 17 81
23 11 25 17 81
9 25 12 30 3
25 9 12 30 3
9 25 30 12 3
25 9 30 12 3
8 26 21 21 0
26 8 21 21 0
14 20 12 30 45
20 14 12 30 45
14 20 30 12 45
20 14 30 12 45
15 19 10 32 10
19 15 10 32 10
15 19 32 10 10
19 15 32 10 10
14 20 16 26 291
20 14 16 26 291
14 20 26 16 291
20 14 26 16 291
13 21 12 30 36
21 13 12 30 36
13 21 30 12 36
21 13 30 12 36
5 29 13 29 0
29 5 13 29 0
5 29 29 13 0
29 5 29 13 0
14 20 15 27 208
20 14 15 27 208
14 20 27 15 208
20 14 27 15 208
8 26 11 31 0
26 8 11 31 0
8 26 31 11 0
26 8 31 11 0
16 18 6 36 0
18 16 6 36 0
16 18 36 6 0
18 16 36 6 0
13 21 13 29 64
21 13 13 29 64
13 21 29 13 64
21 13 29 13 64
11 23 19 23 106
23 11 19 23 106
11 23 23 19 106
23 11 23 19 106
15 19 19 23 734
19 15 19 23 734
15 19 23 19 734
19 15 23 19 734
16 18 13 29 117
18 16 13 29 117
16 18 29 13 117
18 16 29 13 117
17 17 19 23 917
17 17 23 19 917
7 27 12 30 0
27 7 12 30 0
7 27 30 12 0
27 7 30 12 0
5 29 20 22 0
29 5 20 22 0
5 29 22 20 0
29 5 22 20 0
7 27 9 33 0
27 7 9 33 0
7 27 33 9 0
27 7 33 9 0
3 31 20 22 0
31 3 20 22 0
3 31 22 20 0
31 3 22 20 0
8 26 8 34 0
26 8 8 34 0
8 26 34 8 0
26 8 34 8 0
16 18 19 23 852
18 16 19 23 852
16 18 23 19 852
18 16 23 19 852
9 25 10 32 1
25 9 10 32 1
9 25 32 10 1
25 9 32 10 1
12 22 15 27 90
22 12 15 27 90
12 22 27 15 90
22 12 27 15 90
13 21 10 32 7
21 13 10 32 7
13 21 32 10 7
21 13 32 10 7
16 18 4 38 0
18 16 4 38 0
16 18 38 4 0
18 16 38 4 0
14 20 9 33 3
20 14 9 33 3
14 20 33 9 3
20 14 33 9 3
4 30 18 24 0
30 4 18 24 0
4 30 24 18 0
30 4 24 18 0
14 20 4 38 0
20 14 4 38 0
14 20 38 4 0
20 14 38 4 0
11 23 14 28 36
23 11 14 28 36
11 23 28 14 36
23 11 28 14 36
8 26 6 36 0
26 8 6 36 0
8 26 36 6 0
26 8 36 6 0
6 28 11 31 0
28 6 11 31 0
6 28 31 11 0
28 6 31 11 0
6 28 19 23 0
28 6 19 23 0
6 28 23 19 0
28 6 23 19 0
12 22 6 36 0
22 12 6 36 0
12 22 36 6 0
22 12 36 6 0
12 22 16 26 120
22 12 16 26 120
12 22 26 16 120
22 12 26 16 120
9 25 11 31 2
25 9 11 31 2
9 25 31 11 2
25 9 31 11 2
13 21 21 21 413
21 13 21 21 413
8 26 9 33 0
26 8 9 33 0
8 26 33 9 0
26 8 33 9 0
4 30 12 30 0
30 4 12 30 0
4 30 30 12 0
30 4 30 12 0
