10 20 10 27 80
20 10 10 27 80
10 20 27 10 80
20 10 27 10 80
8 22 4 33 0
22 8 4 33 0
8 22 33 4 0
22 8 33 4 0
9 21 8 29 11
21 9 8 29 11
9 21 29 8 11
21 9 29 8 11
5 25 12 25 0
25 5 12 25 0
5 25 25 12 0
25 5 25 12 0
11 19 7 30 7
19 11 7 30 7
11 19 30 7 7
19 11 30 7 7
8 22 14 23 76
22 8 14 23 76
8 22 23 14 76
22 8 23 14 76
11 19 17 20 1357
19 11 17 20 1357
11 19 20 17 1357
19 11 20 17 1357
10 20 7 30 5
20 10 7 30 5
10 20 30 7 5
20 10 30 7 5
9 21 11 26 77
21 9 11 26 77
9 21 26 11 77
21 9 26 11 77
5 25 17 20 0
25 5 17 20 0
5 25 20 17 0
25 5 20 17 0
9 21 5 32 0
21 9 5 32 0
9 21 32 5 0
21 9 32 5 0
9 21 4 33 0
21 9 4 33 0
9 21 33 4 0
21 9 33 4 0
12 18 12 25 536
18 12 12 25 536
12 18 25 12 536
18 12 25 12 536
10 20 18 19 785
20 10 18 19 785
10 20 19 18 785
20 10 19 18 785
13 17 9 28 97
17 13 9 28 97
13 17 28 9 97
17 13 28 9 97
15 15 5 32 0
15 15 32 5 0
11 19 10 27 125
19 11 10 27 125
11 19 27 10 125
19 11 27 10 125
11 19 6 31 0
19 11 6 31 0
11 19 31 6 0
19 11 31 6 0
5 25 18 19 0
25 5 18 19 0
5 25 19 18 0
25 5 19 18 0
11 19 5 32 0
19 11 5 32 0
11 19 32 5 0
19 11 32 5 0
10 20 3 34 0
20 10 3 34 0
10 20 34 3 0
20 10 34 3 0
12 18 3 34 0
18 12 3 34 0
12 18 34 3 0
18 12 34 3 0
5 25 15 22 0
25 5 15 22 0
5 25 22 15 0
25 5 22 15 0
14 16 12 25 811
16 14 12 25 811
14 16 25 12 811
16 14 25 12 811
12 18 5 32 0
18 12 5 32 0
12 18 32 5 0
18 12 32 5 0
12 18 15 22 1509
18 12 15 22 1509
12 18 22 15 1509
18 12 22 15 1509
8 22 18 19 122
22 8 18 19 122
8 22 19 18 122
22 8 19 18 122
9 21 17 20 346
21 9 17 20 346
9 21 20 17 346
21 9 20 17 346
12 18 11 26 320
18 12 11 26 320
12 18 26 11 320
18 12 26 11 320
10 20 16 21 663
20 10 16 21 663
10 20 21 16 663
20 10 21 16 663
5 25 16 21 0
25 5 16 21 0
5 25 21 16 0
25 5 21 16 0
7 23 16 21 27
23 7 16 21 27
7 23 21 16 27
23 7 21 16 27
7 23 9 28 4
23 7 9 28 4
7 23 28 9 4
23 7 28 9 4
12 18 9 28 77
18 12 9 28 77
12 18 28 9 77
18 12 28 9 77
8 22 13 24 59
22 8 13 24 59
8 22 24 13 59
22 8 24 13 59
9 21 15 22 267
21 9 15 22 267
9 21 22 15 267
21 9 22 15 267
5 25 11 26 0
25 5 11 26 0
5 25 26 11 0
25 5 26 11 0
2 28 12 25 0
28 2 12 25 0
2 28 25 12 0
28 2 25 12 0
14 16 8 29 39
16 14 8 29 39
14 16 29 8 39
16 14 29 8 39
5 25 13 24 0
25 5 13 24 0
5 25 24 13 0
25 5 24 13 0
13 17 15 22 2033
17 13 15 22 2033
13 17 22 15 2033
17 13 22 15 2033
15 15 17 20 3592
15 15 20 17 3592
15 15 3 34 0
15 15 34 3 0
11 19 9 28 60
19 11 9 28 60
11 19 28 9 60
19 11 28 9 60
4 26 18 19 0
26 4 18 19 0
4 26 19 18 0
26 4 19 18 0
7 23 5 32 0
23 7 5 32 0
7 23 32 5 0
23 7 32 5 0
5 25 8 29 0
25 5 8 29 0
5 25 29 8 0
25 5 29 8 0
4 26 13 24 0
26 4 13 24 0
4 26 24 13 0
26 4 24 13 0
6 24 16 21 0
24 6 16 21 0
6 24 21 16 0
24 6 21 16 0
2 28 15 22 0
28 2 15 22 0
2 28 22 15 0
28 2 22 15 0
15 15 13 24 1348
15 15 24 13 1348
2 28 13 24 0
28 2 13 24 0
2 28 24 13 0
28 2 24 13 0
11 19 18 19 1440
19 11 18 19 1440
11 19 19 18 1440
19 11 19 18 1440
14 16 9 28 109
16 14 9 28 109
14 16 28 9 109
16 14 28 9 109
8 22 6 31 0
22 8 6 31 0
8 22 31 6 0
22 8 31 6 0
9 21 10 27 46
21 9 10 27 46
9 21 27 10 46
21 9 27 10 46
10 20 13 24 325
20 10 13 24 325
10 20 24 13 325
20 10 24 13 325
9 21 9 28 25
21 9 9 28 25
9 21 28 9 25
21 9 28 9 25
7 23 4 33 0
23 7 4 33 0
7 23 33 4 0
23 7 33 4 0
14 16 7 30 11
16 14 7 30 11
14 16 30 7 11
16 14 30 7 11
7 23 7 30 1
23 7 7 30 1
7 23 30 7 1
23 7 30 7 1
13 17 8 29 35
17 13 8 29 35
13 17 29 8 35
17 13 29 8 35
13 17 5 32 0
17 13 5 32 0
13 17 32 5 0
17 13 32 5 0
12 18 7 30 8
18 12 7 30 8
12 18 30 7 8
18 12 30 7 8
10 20 15 22 558
20 10 15 22 558
10 20 22 15 558
20 10 22 15 558
1 29 16 21 0
29 1 16 21 0
1 29 21 16 0
29 1 21 16 0
6 24 5 32 0
24 6 5 32 0
6 24 32 5 0
24 6 32 5 0
14 16 10 27 243
16 14 10 27 243
14 16 27 10 243
16 14 27 10 243
13 17 10 27 214
17 13 10 27 214
13 17 27 10 214
17 13 27 10 214
15 15 10 27 258
15 15 27 10 258
8 22 9 28 11
22 8 9 28 11
8 22 28 9 11
22 8 28 9 11
9 21 12 25 115
21 9 12 25 115
9 21 25 12 115
21 9 25 12 115
8 22 8 29 5
22 8 8 29 5
8 22 29 8 5
22 8 29 8 5
13 17 13 24 1089
17 13 13 24 1089
13 17 24 13 1089
17 13 24 13 1089
9 21 16 21 312
21 9 16 21 312
9 21 21 16 312
21 9 21 16 312
13 17 11 26 413
17 13 11 26 413
13 17 26 11 413
17 13 26 11 413
4 26 8 29 0
26 4 8 29 0
4 26 29 8 0
26 4 29 8 0
6 24 8 29 0
24 6 8 29 0
6 24 29 8 0
24 6 29 8 0
10 20 6 31 0
20 10 6 31 0
10 20 31 6 0
20 10 31 6 0
6 24 14 23 0
24 6 14 23 0
6 24 23 14 0
24 6 23 14 0
8 22 11 26 30
22 8 11 26 30
8 22 26 11 30
22 8 26 11 30
12 18 13 24 823
18 12 13 24 823
12 18 24 13 823
18 12 24 13 823
12 18 14 23 1157
18 12 14 23 1157
12 18 23 14 1157
18 12 23 14 1157
14 16 5 32 0
16 14 5 32 0
14 16 32 5 0
16 14 32 5 0
4 26 11 26 0
26 4 11 26 0
4 26 26 11 0
26 4 26 11 0
5 25 9 28 0
25 5 9 28 0
5 25 28 9 0
25 5 28 9 0
8 22 17 20 117
22 8 17 20 117
8 22 20 17 117
22 8 20 17 117
13 17 4 33 0
17 13 4 33 0
13 17 33 4 0
17 13 33 4 0
13 17 6 31 0
17 13 6 31 0
13 17 31 6 0
17 13 31 6 0
14 16 13 24 1270
16 14 13 24 1270
14 16 24 13 1270
16 14 24 13 1270
7 23 8 29 2
23 7 8 29 2
7 23 29 8 2
23 7 29 8 2
7 23 11 26 9
23 7 11 26 9
7 23 26 11 9
23 7 26 11 9
1 29 15 22 0
29 1 15 22 0
1 29 22 15 0
29 1 22 15 0
13 17 16 21 2484
17 13 16 21 2484
13 17 21 16 2484
17 13 21 16 2484
11 19 8 29 23
19 11 8 29 23
11 19 29 8 23
19 11 29 8 23
10 20 8 29 16
20 10 8 29 16
10 20 29 8 16
20 10 29 8 16
2 28 17 20 0
28 2 17 20 0
2 28 20 17 0
28 2 20 17 0
2 28 11 26 0
28 2 11 26 0
2 28 26 11 0
28 2 26 11 0
13 17 3 34 0
17 13 3 34 0
13 17 34 3 0
17 13 34 3 0
3 27 13 24 0
27 3 13 24 0
3 27 24 13 0
27 3 24 13 0
11 19 16 21 1201
19 11 16 21 1201
11 19 21 16 1201
19 11 21 16 1201
3 27 12 25 0
27 3 12 25 0
3 27 25 12 0
27 3 25 12 0
10 20 14 23 440
20 10 14 23 440
10 20 23 14 440
20 10 23 14 440
15 15 9 28 116
15 15 28 9 116
11 19 4 33 0
19 11 4 33 0
11 19 33 4 0
19 11 33 4 0
4 26 16 21 0
26 4 16 21 0
4 26 21 16 0
26 4 21 16 0
11 19 11 26 230
19 11 11 26 230
11 19 26 11 230
19 11 26 11 230
14 16 14 23 1816
16 14 14 23 1816
14 16 23 14 1816
16 14 23 14 1816
11 19 15 22 999
19 11 15 22 999
11 19 22 15 999
19 11 22 15 999
15 15 8 29 42
15 15 29 8 42
13 17 12 25 701
17 13 12 25 701
13 17 25 12 701
17 13 25 12 701
6 24 13 24 0
24 6 13 24 0
6 24 24 13 0
24 6 24 13 0
6 24 12 25 0
24 6 12 25 0
6 24 25 12 0
24 6 25 12 0
6 24 18 19 0
24 6 18 19 0
6 24 19 18 0
24 6 19 18 0
12 18 10 27 168
18 12 10 27 168
12 18 27 10 168
18 12 27 10 168
2 28 14 23 0
28 2 14 23 0
2 28 23 14 0
28 2 23 14 0
4 26 14 23 0
26 4 14 23 0
4 26 23 14 0
26 4 23 14 0
3 27 16 21 0
27 3 16 21 0
3 27 21 16 0
27 3 21 16 0
14 16 3 34 0
16 14 3 34 0
14 16 34 3 0
16 14 34 3 0
3 27 11 26 0
27 3 11 26 0
3 27 26 11 0
27 3 26 11 0
15 15 4 33 0
15 15 33 4 0
15 15 11 26 502
15 15 26 11 502
14 16 6 31 0
16 14 6 31 0
14 16 31 6 0
16 14 31 6 0
13 17 7 30 10
17 13 7 30 10
13 17 30 7 10
17 13 30 7 10
15 15 15 22 2554
15 15 22 15 2554
8 22 15 22 93
22 8 15 22 93
8 22 22 15 93
22 8 22 15 93
15 15 2 35 0
15 15 35 2 0
7 23 15 22 24
23 7 15 22 24
7 23 22 15 24
23 7 22 15 24
5 25 10 27 0
25 5 10 27 0
5 25 27 10 0
25 5 27 10 0
9 21 7 30 4
21 9 7 30 4
9 21 30 7 4
21 9 30 7 4
12 18 17 20 2085
18 12 17 20 2085
12 18 20 17 2085
18 12 20 17 2085
14 16 2 35 0
16 14 2 35 0
14 16 35 2 0
16 14 35 2 0
5 25 14 23 0
25 5 14 23 0
5 25 23 14 0
25 5 23 14 0
5 25 6 31 0
25 5 6 31 0
5 25 31 6 0
25 5 31 6 0
15 15 14 23 1930
15 15 23 14 1930
4 26 15 22 0
26 4 15 22 0
4 26 22 15 0
26 4 22 15 0
12 18 16 21 1833
18 12 16 21 1833
12 18 21 16 1833
18 12 21 16 1833
4 26 12 25 0
26 4 12 25 0
4 26 25 12 0
26 4 25 12 0
1 29 17 20 0
29 1 17 20 0
1 29 20 17 0
29 1 20 17 0
11 19 12 25 374
19 11 12 25 374
11 19 25 12 374
19 11 25 12 374
9 21 14 23 215
21 9 14 23 215
9 21 23 14 215
21 9 23 14 215
1 29 18 19 0
29 1 18 19 0
1 29 19 18 0
29 1 19 18 0
12 18 8 29 28
18 12 8 29 28
12 18 29 8 28
18 12 29 8 28
8 22 16 21 107
22 8 16 21 107
8 22 21 16 107
22 8 21 16 107
12 18 6 31 0
18 12 6 31 0
12 18 31 6 0
18 12 31 6 0
8 22 10 27 19
22 8 10 27 19
8 22 27 10 19
22 8 27 10 19
6 24 11 26 0
24 6 11 26 0
6 24 26 11 0
24 6 26 11 0
14 16 18 19 3603
16 14 18 19 3603
14 16 19 18 3603
16 14 19 18 3603
8 22 5 32 0
22 8 5 32 0
8 22 32 5 0
22 8 32 5 0
13 17 17 20 2836
17 13 17 20 2836
13 17 20 17 2836
17 13 20 17 2836
6 24 6 31 0
24 6 6 31 0
6 24 31 6 0
24 6 31 6 0
11 19 2 35 0
19 11 2 35 0
11 19 35 2 0
19 11 35 2 0
6 24 9 28 0
24 6 9 28 0
6 24 28 9 0
24 6 28 9 0
12 18 2 35 0
18 12 2 35 0
12 18 35 2 0
18 12 35 2 0
13 17 2 35 0
17 13 2 35 0
13 17 35 2 0
17 13 35 2 0
7 23 18 19 30
23 7 18 19 30
7 23 19 18 30
23 7 19 18 30
8 22 12 25 43
22 8 12 25 43
8 22 25 12 43
22 8 25 12 43
9 21 3 34 0
21 9 3 34 0
9 21 34 3 0
21 9 34 3 0
11 19 3 34 0
19 11 3 34 0
11 19 34 3 0
19 11 34 3 0
13 17 14 23 1546
17 13 14 23 1546
13 17 23 14 1546
17 13 23 14 1546
14 16 16 21 2946
16 14 16 21 2946
14 16 21 16 2946
16 14 21 16 2946
10 20 17 20 743
20 10 17 20 743
10 20 20 17 743
20 10 20 17 743
7 23 6 31 0
23 7 6 31 0
7 23 31 6 0
23 7 31 6 0
10 20 11 26 141
20 10 11 26 141
10 20 26 11 141
20 10 26 11 141
5 25 7 30 0
25 5 7 30 0
5 25 30 7 0
25 5 30 7 0
14 16 17 20 3372
16 14 17 20 3372
14 16 20 17 3372
16 14 20 17 3372
4 26 7 30 0
26 4 7 30 0
4 26 30 7 0
26 4 30 7 0
14 16 15 22 2401
16 14 15 22 2401
14 16 22 15 2401
16 14 22 15 2401
11 19 14 23 776
19 11 14 23 776
11 19 23 14 776
19 11 23 14 776
6 24 17 20 0
24 6 17 20 0
6 24 20 17 0
24 6 20 17 0
6 24 10 27 0
24 6 10 27 0
6 24 27 10 0
24 6 27 10 0
4 26 10 27 0
26 4 10 27 0
4 26 27 10 0
26 4 27 10 0
10 20 9 28 40
20 10 9 28 40
10 20 28 9 40
20 10 28 9 40
4 26 17 20 0
26 4 17 20 0
4 26 20 17 0
26 4 20 17 0
9 21 6 31 0
21 9 6 31 0
9 21 31 6 0
21 9 31 6 0
3 27 17 20 0
27 3 17 20 0
3 27 20 17 0
27 3 20 17 0
8 22 7 30 2
22 8 7 30 2
8 22 30 7 2
22 8 30 7 2
2 28 18 19 0
28 2 18 19 0
2 28 19 18 0
28 2 19 18 0
15 15 16 21 3136
15 15 21 16 3136
6 24 15 22 0
24 6 15 22 0
6 24 22 15 0
24 6 22 15 0
15 15 6 31 0
15 15 31 6 0
7 23 13 24 16
23 7 13 24 16
7 23 24 13 16
23 7 24 13 16
10 20 12 25 222
20 10 12 25 222
10 20 25 12 222
20 10 25 12 222
14 16 4 33 0
16 14 4 33 0
14 16 33 4 0
16 14 33 4 0
11 19 13 24 562
19 11 13 24 562
11 19 24 13 562
19 11 24 13 562
13 17 18 19 3026
17 13 18 19 3026
13 17 19 18 3026
17 13 19 18 3026
3 27 9 28 0
27 3 9 28 0
3 27 28 9 0
27 3 28 9 0
6 24 7 30 0
24 6 7 30 0
6 24 30 7 0
24 6 30 7 0
7 23 12 25 12
23 7 12 25 12
7 23 25 12 12
23 7 25 12 12
7 23 10 27 6
23 7 10 27 6
7 23 27 10 6
23 7 27 10 6
2 28 16 21 0
28 2 16 21 0
2 28 21 16 0
28 2 21 16 0
3 27 14 23 0
27 3 14 23 0
3 27 23 14 0
27 3 23 14 0
9 21 13 24 163
21 9 13 24 163
9 21 24 13 163
21 9 24 13 163
10 20 5 32 0
20 10 5 32 0
10 20 32 5 0
20 10 32 5 0
12 18 18 19 2220
18 12 18 19 2220
12 18 19 18 2220
18 12 19 18 2220
3 27 15 22 0
27 3 15 22 0
3 27 22 15 0
27 3 22 15 0
7 23 17 20 29
23 7 17 20 29
7 23 20 17 29
23 7 20 17 29
15 15 12 25 860
15 15 25 12 860
9 21 18 19 363
21 9 18 19 363
9 21 19 18 363
21 9 19 18 363
15 15 18 19 3838
15 15 19 18 3838
7 23 14 23 20
23 7 14 23 20
7 23 23 14 20
23 7 23 14 20
4 26 9 28 0
26 4 9 28 0
4 26 28 9 0
26 4 28 9 0
3 27 10 27 0
27 3 10 27 0
3 27 27 10 0
27 3 27 10 0
12 18 4 33 0
18 12 4 33 0
12 18 33 4 0
18 12 33 4 0
15 15 7 30 12
15 15 30 7 12
10 20 4 33 0
20 10 4 33 0
10 20 33 4 0
20 10 33 4 0
3 27 18 19 0
27 3 18 19 0
3 27 19 18 0
27 3 19 18 0
14 16 11 26 473
16 14 11 26 473
14 16 26 11 473
16 14 26 11 473
