6 6 4 35 1
6 6 35 4 1
5 7 2 37 0
7 5 2 37 0
5 7 37 2 0
7 5 37 2 0
5 7 11 28 381
7 5 11 28 381
5 7 28 11 381
7 5 28 11 381
0 12 15 24 15
12 0 15 24 15
0 12 24 15 15
12 0 24 15 15
4 8 17 22 1322
8 4 17 22 1322
4 8 22 17 1322
8 4 22 17 1322
0 12 12 27 4
12 0 12 27 4
0 12 27 12 4
12 0 27 12 4
3 9 10 29 104
9 3 10 29 104
3 9 29 10 104
9 3 29 10 104
1 11 14 25 77
11 1 14 25 77
1 11 25 14 77
11 1 25 14 77
1 11 5 34 0
11 1 5 34 0
1 11 34 5 0
11 1 34 5 0
3 9 11 28 167
9 3 11 28 167
3 9 28 11 167
9 3 28 11 167
2 10 15 24 272
10 2 15 24 272
2 10 24 15 272
10 2 24 15 272
2 10 10 29 43
10 2 10 29 43
2 10 29 10 43
10 2 29 10 43
2 10 18 21 415
10 2 18 21 415
2 10 21 18 415
10 2 21 18 415
3 9 4 35 0
9 3 4 35 0
3 9 35 4 0
9 3 35 4 0
1 11 18 21 154
11 1 18 21 154
1 11 21 18 154
11 1 21 18 154
5 7 17 22 1730
7 5 17 22 1730
5 7 22 17 1730
7 5 22 17 1730
3 9 8 31 30
9 3 8 31 30
3 9 31 8 30
9 3 31 8 30
1 11 9 30 7
11 1 9 30 7
1 11 30 9 7
11 1 30 9 7
6 6 16 23 1707
6 6 23 16 1707
5 7 3 36 0
7 5 3 36 0
5 7 36 3 0
7 5 36 3 0
5 7 1 38 0
7 5 1 38 0
5 7 38 1 0
7 5 38 1 0
3 9 18 21 885
9 3 18 21 885
3 9 21 18 885
9 3 21 18 885
2 10 19 20 435
10 2 19 20 435
2 10 20 19 435
10 2 20 19 435
2 10 17 22 378
10 2 17 22 378
2 10 22 17 378
10 2 22 17 378
1 11 3 36 0
11 1 3 36 0
1 11 36 3 0
11 1 36 3 0
0 12 14 25 11
12 0 14 25 11
0 12 25 14 11
12 0 25 14 11
6 6 3 36 0
6 6 36 3 0
5 7 18 21 1885
7 5 18 21 1885
5 7 21 18 1885
7 5 21 18 1885
1 11 11 28 24
11 1 11 28 24
1 11 28 11 24
11 1 28 11 24
3 9 3 36 0
9 3 3 36 0
3 9 36 3 0
9 3 36 3 0
3 9 2 37 0
9 3 2 37 0
3 9 37 2 0
9 3 37 2 0
1 11 16 23 121
11 1 16 23 121
1 11 23 16 121
11 1 23 16 121
6 6 13 26 885
6 6 26 13 885
3 9 1 38 0
9 3 1 38 0
3 9 38 1 0
9 3 38 1 0
6 6 7 32 43
6 6 32 7 43
6 6 19 20 2201
6 6 20 19 2201
0 12 8 31 0
12 0 8 31 0
0 12 31 8 0
12 0 31 8 0
4 8 2 37 0
8 4 2 37 0
4 8 37 2 0
8 4 37 2 0
3 9 19 20 926
9 3 19 20 926
3 9 20 19 926
9 3 20 19 926
2 10 2 37 0
10 2 2 37 0
2 10 37 2 0
10 2 37 2 0
2 10 3 36 0
10 2 3 36 0
2 10 36 3 0
10 2 36 3 0
1 11 7 32 1
11 1 7 32 1
1 11 32 7 1
11 1 32 7 1
4 8 10 29 182
8 4 10 29 182
4 8 29 10 182
8 4 29 10 182
5 7 10 29 242
7 5 10 29 242
5 7 29 10 242
7 5 29 10 242
6 6 1 38 0
6 6 38 1 0
5 7 7 32 34
7 5 7 32 34
5 7 32 7 34
7 5 32 7 34
6 6 17 22 1937
6 6 22 17 1937
2 10 7 32 4
10 2 7 32 4
2 10 32 7 4
10 2 32 7 4
3 9 9 30 59
9 3 9 30 59
3 9 30 9 59
9 3 30 9 59
1 11 15 24 99
11 1 15 24 99
1 11 24 15 99
11 1 24 15 99
1 11 13 26 56
11 1 13 26 56
1 11 26 13 56
11 1 26 13 56
5 7 15 24 1281
7 5 15 24 1281
5 7 24 15 1281
7 5 24 15 1281
0 12 16 23 20
12 0 16 23 20
0 12 23 16 20
12 0 23 16 20
0 12 7 32 0
12 0 7 32 0
0 12 32 7 0
12 0 32 7 0
4 8 19 20 1506
8 4 19 20 1506
4 8 20 19 1506
8 4 20 19 1506
6 6 14 25 1159
6 6 25 14 1159
5 7 13 26 782
7 5 13 26 782
5 7 26 13 782
7 5 26 13 782
1 11 17 22 140
11 1 17 22 140
1 11 22 17 140
11 1 22 17 140
5 7 14 25 1028
7 5 14 25 1028
5 7 25 14 1028
7 5 25 14 1028
6 6 5 34 5
6 6 34 5 5
5 7 12 27 563
7 5 12 27 563
5 7 27 12 563
7 5 27 12 563
1 11 4 35 0
11 1 4 35 0
1 11 35 4 0
11 1 35 4 0
0 12 11 28 2
12 0 11 28 2
0 12 28 11 2
12 0 28 11 2
6 6 18 21 2109
6 6 21 18 2109
2 10 14 25 214
10 2 14 25 214
2 10 25 14 214
10 2 25 14 214
0 12 9 30 0
12 0 9 30 0
0 12 30 9 0
12 0 30 9 0
2 10 13 26 158
10 2 13 26 158
2 10 26 13 158
10 2 26 13 158
3 9 5 34 1
9 3 5 34 1
3 9 34 5 1
9 3 34 5 1
0 12 17 22 24
12 0 17 22 24
0 12 22 17 24
12 0 22 17 24
5 7 19 20 1968
7 5 19 20 1968
5 7 20 19 1968
7 5 20 19 1968
4 8 8 31 56
8 4 8 31 56
4 8 31 8 56
8 4 31 8 56
2 10 16 23 329
10 2 16 23 329
2 10 23 16 329
10 2 23 16 329
4 8 6 33 9
8 4 6 33 9
4 8 33 6 9
8 4 33 6 9
3 9 17 22 810
9 3 17 22 810
3 9 22 17 810
9 3 22 17 810
6 6 10 29 281
6 6 29 10 281
5 7 8 31 75
7 5 8 31 75
5 7 31 8 75
7 5 31 8 75
5 7 9 30 142
7 5 9 30 142
5 7 30 9 142
7 5 30 9 142
3 9 7 32 13
9 3 7 32 13
3 9 32 7 13
9 3 32 7 13
1 11 12 27 38
11 1 12 27 38
1 11 27 12 38
11 1 27 12 38
3 9 13 26 354
9 3 13 26 354
3 9 26 13 354
9 3 26 13 354
6 6 9 30 167
6 6 30 9 167
1 11 19 20 162
11 1 19 20 162
1 11 20 19 162
11 1 20 19 162
1 11 10 29 14
11 1 10 29 14
1 11 29 10 14
11 1 29 10 14
4 8 16 23 1162
8 4 16 23 1162
4 8 23 16 1162
8 4 23 16 1162
5 7 4 35 0
7 5 4 35 0
5 7 35 4 0
7 5 35 4 0
3 9 16 23 709
9 3 16 23 709
3 9 23 16 709
9 3 23 16 709
4 8 1 38 0
8 4 1 38 0
4 8 38 1 0
8 4 38 1 0
5 7 6 33 12
7 5 6 33 12
5 7 33 6 12
7 5 33 6 12
6 6 0 39 0
6 6 39 0 0
4 8 3 36 0
8 4 3 36 0
4 8 36 3 0
8 4 36 3 0
3 9 14 25 471
9 3 14 25 471
3 9 25 14 471
9 3 25 14 471
4 8 12 27 426
8 4 12 27 426
4 8 27 12 426
8 4 27 12 426
3 9 15 24 592
9 3 15 24 592
3 9 24 15 592
9 3 24 15 592
3 9 6 33 4
9 3 6 33 4
3 9 33 6 4
9 3 33 6 4
6 6 6 33 17
6 6 33 6 17
4 8 9 30 106
8 4 9 30 106
4 8 30 9 106
8 4 30 9 106
0 12 19 20 29
12 0 19 20 29
0 12 20 19 29
12 0 20 19 29
3 9 12 27 251
9 3 12 27 251
3 9 27 12 251
9 3 27 12 251
4 8 7 32 25
8 4 7 32 25
4 8 32 7 25
8 4 32 7 25
4 8 4 35 0
8 4 4 35 0
4 8 35 4 0
8 4 35 4 0
2 10 4 35 0
10 2 4 35 0
2 10 35 4 0
10 2 35 4 0
1 11 8 31 3
11 1 8 31 3
1 11 31 8 3
11 1 31 8 3
6 6 15 24 1439
6 6 24 15 1439
5 7 5 34 3
7 5 5 34 3
5 7 34 5 3
7 5 34 5 3
2 10 6 33 1
10 2 6 33 1
2 10 33 6 1
10 2 33 6 1
6 6 8 31 91
6 6 31 8 91
4 8 11 28 287
8 4 11 28 287
4 8 28 11 287
8 4 28 11 287
4 8 13 26 593
8 4 13 26 593
4 8 26 13 593
8 4 26 13 593
2 10 5 34 0
10 2 5 34 0
2 10 34 5 0
10 2 34 5 0
0 12 13 26 7
12 0 13 26 7
0 12 26 13 7
12 0 26 13 7
2 10 8 31 11
10 2 8 31 11
2 10 31 8 11
10 2 31 8 11
2 10 12 27 110
10 2 12 27 110
2 10 27 12 110
10 2 27 12 110
4 8 14 25 782
8 4 14 25 782
4 8 25 14 782
8 4 25 14 782
2 10 11 28 71
10 2 11 28 71
2 10 28 11 71
10 2 28 11 71
6 6 12 27 641
6 6 27 12 641
0 12 10 29 1
12 0 10 29 1
0 12 29 10 1
12 0 29 10 1
2 10 9 30 23
10 2 9 30 23
2 10 30 9 23
10 2 30 9 23
4 8 5 34 2
8 4 5 34 2
4 8 34 5 2
8 4 34 5 2
4 8 15 24 976
8 4 15 24 976
4 8 24 15 976
8 4 24 15 976
6 6 11 28 437
6 6 28 11 437
4 8 18 21 1442
8 4 18 21 1442
4 8 21 18 1442
8 4 21 18 1442
6 6 2 37 0
6 6 37 2 0
5 7 16 23 1522
7 5 16 23 1522
5 7 23 16 1522
7 5 23 16 1522
1 11 6 33 0
11 1 6 33 0
1 11 33 6 0
11 1 33 6 0
0 12 18 21 27
12 0 18 21 27
0 12 21 18 27
12 0 21 18 27
0 12 6 33 0
12 0 6 33 0
0 12 33 6 0
12 0 33 6 0
