1 5 10 13 37
5 1 10 13 37
1 5 13 10 37
5 1 13 10 37
0 6 3 20 1
6 0 3 20 1
0 6 20 3 1
6 0 20 3 1
1 5 1 22 0
5 1 1 22 0
1 5 22 1 0
5 1 22 1 0
3 3 0 23 0
3 3 23 0 0
0 6 6 17 6
6 0 6 17 6
0 6 17 6 6
6 0 17 6 6
0 6 5 18 4
6 0 5 18 4
0 6 18 5 4
6 0 18 5 4
1 5 2 21 1
5 1 2 21 1
1 5 21 2 1
5 1 21 2 1
0 6 2 21 0
6 0 2 21 0
0 6 21 2 0
6 0 21 2 0
1 5 0 23 0
5 1 0 23 0
1 5 23 0 0
5 1 23 0 0
1 5 8 15 27
5 1 8 15 27
1 5 15 8 27
5 1 15 8 27
0 6 8 15 12
6 0 8 15 12
0 6 15 8 12
6 0 15 8 12
0 6 1 22 0
6 0 1 22 0
0 6 22 1 0
6 0 22 1 0
1 5 4 19 6
5 1 4 19 6
1 5 19 4 6
5 1 19 4 6
2 4 1 22 0
4 2 1 22 0
2 4 22 1 0
4 2 22 1 0
2 4 11 12 57
4 2 11 12 57
2 4 12 11 57
4 2 12 11 57
3 3 5 18 20
3 3 18 5 20
0 6 10 13 17
6 0 10 13 17
0 6 13 10 17
6 0 13 10 17
1 5 9 14 33
5 1 9 14 33
1 5 14 9 33
5 1 14 9 33
3 3 10 13 74
3 3 13 10 74
1 5 6 17 15
5 1 6 17 15
1 5 17 6 15
5 1 17 6 15
3 3 6 17 30
3 3 17 6 30
1 5 7 16 21
5 1 7 16 21
1 5 16 7 21
5 1 16 7 21
3 3 7 16 42
3 3 16 7 42
2 4 6 17 21
4 2 6 17 21
2 4 17 6 21
4 2 17 6 21
3 3 2 21 2
3 3 21 2 2
2 4 7 16 30
4 2 7 16 30
2 4 16 7 30
4 2 16 7 30
1 5 3 20 3
5 1 3 20 3
1 5 20 3 3
5 1 20 3 3
1 5 11 12 39
5 1 11 12 39
1 5 12 11 39
5 1 12 11 39
2 4 9 14 48
4 2 9 14 48
2 4 14 9 48
4 2 14 9 48
3 3 8 15 54
3 3 15 8 54
0 6 7 16 9
6 0 7 16 9
0 6 16 7 9
6 0 16 7 9
1 5 5 18 10
5 1 5 18 10
1 5 18 5 10
5 1 18 5 10
2 4 5 18 14
4 2 5 18 14
2 4 18 5 14
4 2 18 5 14
0 6 11 12 18
6 0 11 12 18
0 6 12 11 18
6 0 12 11 18
2 4 0 23 0
4 2 0 23 0
2 4 23 0 0
4 2 23 0 0
2 4 2 21 1
4 2 2 21 1
2 4 21 2 1
4 2 21 2 1
3 3 3 20 6
3 3 20 3 6
3 3 1 22 0
3 3 22 1 0
3 3 11 12 78
3 3 12 11 78
0 6 4 19 2
6 0 4 19 2
0 6 19 4 2
6 0 19 4 2
2 4 4 19 8
4 2 4 19 8
2 4 19 4 8
4 2 19 4 8
0 6 9 14 15
6 0 9 14 15
0 6 14 9 15
6 0 14 9 15
2 4 10 13 54
4 2 10 13 54
2 4 13 10 54
4 2 13 10 54
3 3 9 14 66
3 3 14 9 66
2 4 8 15 39
4 2 8 15 39
2 4 15 8 39
4 2 15 8 39
2 4 3 20 4
4 2 3 20 4
2 4 20 3 4
4 2 20 3 4
3 3 4 19 12
3 3 19 4 12
