3 6 7 24 50
6 3 7 24 50
3 6 24 7 50
6 3 24 7 50
2 7 8 23 44
7 2 8 23 44
2 7 23 8 44
7 2 23 8 44
4 5 6 25 34
5 4 6 25 34
4 5 25 6 34
5 4 25 6 34
0 9 7 24 2
9 0 7 24 2
0 9 24 7 2
9 0 24 7 2
3 6 15 16 364
6 3 15 16 364
3 6 16 15 364
6 3 16 15 364
0 9 12 19 20
9 0 12 19 20
0 9 19 12 20
9 0 19 12 20
3 6 0 31 0
6 3 0 31 0
3 6 31 0 0
6 3 31 0 0
3 6 12 19 270
6 3 12 19 270
3 6 19 12 270
6 3 19 12 270
3 6 11 20 219
6 3 11 20 219
3 6 20 11 219
6 3 20 11 219
1 8 3 28 0
8 1 3 28 0
1 8 28 3 0
8 1 28 3 0
0 9 14 17 27
9 0 14 17 27
0 9 17 14 27
9 0 17 14 27
4 5 2 29 0
5 4 2 29 0
4 5 29 2 0
5 4 29 2 0
4 5 4 27 6
5 4 4 27 6
4 5 27 4 6
5 4 27 4 6
0 9 15 16 29
9 0 15 16 29
0 9 16 15 29
9 0 16 15 29
0 9 5 26 0
9 0 5 26 0
0 9 26 5 0
9 0 26 5 0
2 7 14 17 200
7 2 14 17 200
2 7 17 14 200
7 2 17 14 200
3 6 2 29 0
6 3 2 29 0
3 6 29 2 0
6 3 29 2 0
1 8 10 21 47
8 1 10 21 47
1 8 21 10 47
8 1 21 10 47
2 7 11 20 124
7 2 11 20 124
2 7 20 11 124
7 2 20 11 124
0 9 6 25 1
9 0 6 25 1
0 9 25 6 1
9 0 25 6 1
4 5 12 19 327
5 4 12 19 327
4 5 19 12 327
5 4 19 12 327
2 7 3 28 0
7 2 3 28 0
2 7 28 3 0
7 2 28 3 0
2 7 1 30 0
7 2 1 30 0
2 7 30 1 0
7 2 30 1 0
3 6 10 21 168
6 3 10 21 168
3 6 21 10 168
6 3 21 10 168
3 6 14 17 347
6 3 14 17 347
3 6 17 14 347
6 3 17 14 347
4 5 7 24 61
5 4 7 24 61
4 5 24 7 61
5 4 24 7 61
2 7 12 19 154
7 2 12 19 154
2 7 19 12 154
7 2 19 12 154
3 6 1 30 0
6 3 1 30 0
3 6 30 1 0
6 3 30 1 0
3 6 3 28 1
6 3 3 28 1
3 6 28 3 1
6 3 28 3 1
4 5 5 26 16
5 4 5 26 16
4 5 26 5 16
5 4 26 5 16
4 5 15 16 440
5 4 15 16 440
4 5 16 15 440
5 4 16 15 440
1 8 1 30 0
8 1 1 30 0
1 8 30 1 0
8 1 30 1 0
1 8 4 27 1
8 1 4 27 1
1 8 27 4 1
8 1 27 4 1
1 8 12 19 77
8 1 12 19 77
1 8 19 12 77
8 1 19 12 77
3 6 9 22 120
6 3 9 22 120
3 6 22 9 120
6 3 22 9 120
1 8 13 18 90
8 1 13 18 90
1 8 18 13 90
8 1 18 13 90
0 9 3 28 0
9 0 3 28 0
0 9 28 3 0
9 0 28 3 0
1 8 6 25 7
8 1 6 25 7
1 8 25 6 7
8 1 25 6 7
3 6 5 26 13
6 3 5 26 13
3 6 26 5 13
6 3 26 5 13
0 9 9 22 7
9 0 9 22 7
0 9 22 9 7
9 0 22 9 7
0 9 10 21 11
9 0 10 21 11
0 9 21 10 11
9 0 21 10 11
2 7 10 21 94
7 2 10 21 94
2 7 21 10 94
7 2 21 10 94
3 6 13 18 314
6 3 13 18 314
3 6 18 13 314
6 3 18 13 314
4 5 14 17 420
5 4 14 17 420
4 5 17 14 420
5 4 17 14 420
4 5 13 18 380
5 4 13 18 380
4 5 18 13 380
5 4 18 13 380
1 8 9 22 33
8 1 9 22 33
1 8 22 9 33
8 1 22 9 33
3 6 8 23 81
6 3 8 23 81
3 6 23 8 81
6 3 23 8 81
4 5 10 21 204
5 4 10 21 204
4 5 21 10 204
5 4 21 10 204
4 5 3 28 1
5 4 3 28 1
4 5 28 3 1
5 4 28 3 1
1 8 8 23 22
8 1 8 23 22
1 8 23 8 22
8 1 23 8 22
2 7 5 26 6
7 2 5 26 6
2 7 26 5 6
7 2 26 5 6
2 7 13 18 180
7 2 13 18 180
2 7 18 13 180
7 2 18 13 180
2 7 4 27 2
7 2 4 27 2
2 7 27 4 2
7 2 27 4 2
1 8 15 16 105
8 1 15 16 105
1 8 16 15 105
8 1 16 15 105
2 7 9 22 66
7 2 9 22 66
2 7 22 9 66
7 2 22 9 66
4 5 1 30 0
5 4 1 30 0
4 5 30 1 0
5 4 30 1 0
2 7 6 25 14
7 2 6 25 14
2 7 25 6 14
7 2 25 6 14
3 6 6 25 28
6 3 6 25 28
3 6 25 6 28
6 3 25 6 28
1 8 11 20 62
8 1 11 20 62
1 8 20 11 62
8 1 20 11 62
2 7 15 16 210
7 2 15 16 210
2 7 16 15 210
7 2 16 15 210
0 9 11 20 15
9 0 11 20 15
0 9 20 11 15
9 0 20 11 15
4 5 8 23 99
5 4 8 23 99
4 5 23 8 99
5 4 23 8 99
2 7 2 29 0
7 2 2 29 0
2 7 29 2 0
7 2 29 2 0
1 8 7 24 13
8 1 7 24 13
1 8 24 7 13
8 1 24 7 13
4 5 9 22 146
5 4 9 22 146
4 5 22 9 146
5 4 22 9 146
0 9 13 18 24
9 0 13 18 24
0 9 18 13 24
9 0 18 13 24
0 9 8 23 4
9 0 8 23 4
0 9 23 8 4
9 0 23 8 4
3 6 4 27 5
6 3 4 27 5
3 6 27 4 5
6 3 27 4 5
4 5 0 31 0
5 4 0 31 0
4 5 31 0 0
5 4 31 0 0
2 7 7 24 26
7 2 7 24 26
2 7 24 7 26
7 2 24 7 26
1 8 5 26 3
8 1 5 26 3
1 8 26 5 3
8 1 26 5 3
1 8 2 29 0
8 1 2 29 0
1 8 29 2 0
8 1 29 2 0
1 8 14 17 100
8 1 14 17 100
1 8 17 14 100
8 1 17 14 100
4 5 11 20 266
5 4 11 20 266
4 5 20 11 266
5 4 20 11 266
0 9 4 27 0
9 0 4 27 0
0 9 27 4 0
9 0 27 4 0
