2 16 11 44 0
16 2 11 44 0
2 16 44 11 0
16 2 44 11 0
2 16 7 48 0
16 2 7 48 0
2 16 48 7 0
16 2 48 7 0
8 10 5 50 0
10 8 5 50 0
8 10 50 5 0
10 8 50 5 0
8 10 27 28 19278
10 8 27 28 19278
8 10 28 27 19278
10 8 28 27 19278
7 11 21 34 7655
11 7 21 34 7655
7 11 34 21 7655
11 7 34 21 7655
6 12 21 34 5264
12 6 21 34 5264
6 12 34 21 5264
12 6 34 21 5264
9 9 9 46 10
9 9 46 9 10
4 14 7 48 0
14 4 7 48 0
4 14 48 7 0
14 4 48 7 0
5 13 18 37 1208
13 5 18 37 1208
5 13 37 18 1208
13 5 37 18 1208
6 12 25 30 9888
12 6 25 30 9888
6 12 30 25 9888
12 6 30 25 9888
8 10 7 48 0
10 8 7 48 0
8 10 48 7 0
10 8 48 7 0
6 12 9 46 2
12 6 9 46 2
6 12 46 9 2
12 6 46 9 2
7 11 10 45 20
11 7 10 45 20
7 11 45 10 20
11 7 45 10 20
1 17 27 28 83
17 1 27 28 83
1 17 28 27 83
17 1 28 27 83
7 11 27 28 15670
11 7 27 28 15670
7 11 28 27 15670
11 7 28 27 15670
9 9 24 31 17022
9 9 31 24 17022
6 12 27 28 10958
12 6 27 28 10958
6 12 28 27 10958
12 6 28 27 10958
8 10 22 33 11669
10 8 22 33 11669
8 10 33 22 11669
10 8 33 22 11669
3 15 25 30 1163
15 3 25 30 1163
3 15 30 25 1163
15 3 30 25 1163
2 16 15 40 7
16 2 15 40 7
2 16 40 15 7
16 2 40 15 7
8 10 10 45 27
10 8 10 45 27
8 10 45 10 27
10 8 45 10 27
9 9 22 33 12598
9 9 33 22 12598
7 11 12 43 131
11 7 12 43 131
7 11 43 12 131
11 7 43 12 131
7 11 20 35 5979
11 7 20 35 5979
7 11 35 20 5979
11 7 35 20 5979
7 11 24 31 12813
11 7 24 31 12813
7 11 31 24 12813
11 7 31 24 12813
2 16 10 45 0
16 2 10 45 0
2 16 45 10 0
16 2 45 10 0
7 11 19 36 4484
11 7 19 36 4484
7 11 36 19 4484
11 7 36 19 4484
6 12 8 47 0
12 6 8 47 0
6 12 47 8 0
12 6 47 8 0
5 13 22 33 3809
13 5 22 33 3809
5 13 33 22 3809
13 5 33 22 3809
1 17 18 37 6
17 1 18 37 6
1 17 37 18 6
17 1 37 18 6
3 15 21 34 557
15 3 21 34 557
3 15 34 21 557
15 3 34 21 557
2 16 9 46 0
16 2 9 46 0
2 16 46 9 0
16 2 46 9 0
2 16 12 43 0
16 2 12 43 0
2 16 43 12 0
16 2 43 12 0
8 10 24 31 15799
10 8 24 31 15799
8 10 31 24 15799
10 8 31 24 15799
9 9 4 51 0
9 9 51 4 0
9 9 7 48 0
9 9 48 7 0
9 9 14 41 726
9 9 41 14 726
2 16 25 30 359
16 2 25 30 359
2 16 30 25 359
16 2 30 25 359
6 12 24 31 8919
12 6 24 31 8919
6 12 31 24 8919
12 6 31 24 8919
7 11 13 42 270
11 7 13 42 270
7 11 42 13 270
11 7 42 13 270
1 17 13 42 0
17 1 13 42 0
1 17 42 13 0
17 1 42 13 0
3 15 14 41 17
15 3 14 41 17
3 15 41 14 17
15 3 41 14 17
7 11 23 32 11193
11 7 23 32 11193
7 11 32 23 11193
11 7 32 23 11193
0 18 23 32 3
18 0 23 32 3
0 18 32 23 3
18 0 32 23 3
3 15 12 43 2
15 3 12 43 2
3 15 43 12 2
15 3 43 12 2
1 17 16 39 1
17 1 16 39 1
1 17 39 16 1
17 1 39 16 1
5 13 12 43 34
13 5 12 43 34
5 13 43 12 34
13 5 43 12 34
3 15 16 39 69
15 3 16 39 69
3 15 39 16 69
15 3 39 16 69
5 13 20 35 2345
13 5 20 35 2345
5 13 35 20 2345
13 5 35 20 2345
4 14 24 31 2626
14 4 24 31 2626
4 14 31 24 2626
14 4 31 24 2626
1 17 15 40 0
17 1 15 40 0
1 17 40 15 0
17 1 40 15 0
2 16 26 29 392
16 2 26 29 392
2 16 29 26 392
16 2 29 26 392
6 12 11 44 31
12 6 11 44 31
6 12 44 11 31
12 6 44 11 31
1 17 17 38 3
17 1 17 38 3
1 17 38 17 3
17 1 38 17 3
5 13 21 34 3051
13 5 21 34 3051
5 13 34 21 3051
13 5 34 21 3051
4 14 16 39 222
14 4 16 39 222
4 14 39 16 222
14 4 39 16 222
5 13 8 47 0
13 5 8 47 0
5 13 47 8 0
13 5 47 8 0
4 14 21 34 1482
14 4 21 34 1482
4 14 34 21 1482
14 4 34 21 1482
0 18 21 34 1
18 0 21 34 1
0 18 34 21 1
18 0 34 21 1
5 13 13 42 79
13 5 13 42 79
5 13 42 13 79
13 5 42 13 79
8 10 8 47 1
10 8 8 47 1
8 10 47 8 1
10 8 47 8 1
5 13 17 38 804
13 5 17 38 804
5 13 38 17 804
13 5 38 17 804
8 10 9 46 7
10 8 9 46 7
8 10 46 9 7
10 8 46 9 7
0 18 22 33 2
18 0 22 33 2
0 18 33 22 2
18 0 33 22 2
6 12 5 50 0
12 6 5 50 0
6 12 50 5 0
12 6 50 5 0
8 10 17 38 2782
10 8 17 38 2782
8 10 38 17 2782
10 8 38 17 2782
9 9 20 35 8058
9 9 35 20 8058
6 12 23 32 7767
12 6 23 32 7767
6 12 32 23 7767
12 6 32 23 7767
0 18 16 39 0
18 0 16 39 0
0 18 39 16 0
18 0 39 16 0
4 14 25 30 2936
14 4 25 30 2936
4 14 30 25 2936
14 4 30 25 2936
3 15 15 40 36
15 3 15 40 36
3 15 40 15 36
15 3 40 15 36
1 17 22 33 38
17 1 22 33 38
1 17 33 22 38
17 1 33 22 38
7 11 18 37 3220
11 7 18 37 3220
7 11 37 18 3220
11 7 37 18 3220
4 14 12 43 12
14 4 12 43 12
4 14 43 12 12
14 4 43 12 12
6 12 16 39 940
12 6 16 39 940
6 12 39 16 940
12 6 39 16 940
6 12 7 48 0
12 6 7 48 0
6 12 48 7 0
12 6 48 7 0
4 14 19 36 815
14 4 19 36 815
4 14 36 19 815
14 4 36 19 815
7 11 17 38 2207
11 7 17 38 2207
7 11 38 17 2207
11 7 38 17 2207
3 15 27 28 1310
15 3 27 28 1310
3 15 28 27 1310
15 3 28 27 1310
5 13 24 31 5273
13 5 24 31 5273
5 13 31 24 5273
13 5 31 24 5273
8 10 14 41 651
10 8 14 41 651
8 10 41 14 651
10 8 41 14 651
4 14 18 37 560
14 4 18 37 560
4 14 37 18 560
14 4 37 18 560
9 9 12 43 198
9 9 43 12 198
8 10 16 39 1818
10 8 16 39 1818
8 10 39 16 1818
10 8 39 16 1818
4 14 6 49 0
14 4 6 49 0
4 14 49 6 0
14 4 49 6 0
2 16 13 42 1
16 2 13 42 1
2 16 42 13 1
16 2 42 13 1
6 12 26 29 10589
12 6 26 29 10589
6 12 29 26 10589
12 6 29 26 10589
3 15 17 38 120
15 3 17 38 120
3 15 38 17 120
15 3 38 17 120
8 10 4 51 0
10 8 4 51 0
8 10 51 4 0
10 8 51 4 0
4 14 4 51 0
14 4 4 51 0
4 14 51 4 0
14 4 51 4 0
7 11 6 49 0
11 7 6 49 0
7 11 49 6 0
11 7 49 6 0
1 17 11 44 0
17 1 11 44 0
1 17 44 11 0
17 1 44 11 0
9 9 18 37 4398
9 9 37 18 4398
5 13 23 32 4570
13 5 23 32 4570
5 13 32 23 4570
13 5 32 23 4570
9 9 17 38 3040
9 9 38 17 3040
2 16 20 35 115
16 2 20 35 115
2 16 35 20 115
16 2 35 20 115
6 12 22 33 6517
12 6 22 33 6517
6 12 33 22 6517
12 6 33 22 6517
6 12 14 41 319
12 6 14 41 319
6 12 41 14 319
12 6 41 14 319
9 9 16 39 1998
9 9 39 16 1998
5 13 10 45 3
13 5 10 45 3
5 13 45 10 3
13 5 45 10 3
8 10 11 44 75
10 8 11 44 75
8 10 44 11 75
10 8 44 11 75
2 16 23 32 265
16 2 23 32 265
2 16 32 23 265
16 2 32 23 265
1 17 24 31 61
17 1 24 31 61
1 17 31 24 61
17 1 31 24 61
2 16 17 38 29
16 2 17 38 29
2 16 38 17 29
16 2 38 17 29
3 15 24 31 1032
15 3 24 31 1032
3 15 31 24 1032
15 3 31 24 1032
8 10 20 35 7439
10 8 20 35 7439
8 10 35 20 7439
10 8 35 20 7439
5 13 26 29 6299
13 5 26 29 6299
5 13 29 26 6299
13 5 29 26 6299
9 9 25 30 18794
9 9 30 25 18794
6 12 15 40 567
12 6 15 40 567
6 12 40 15 567
12 6 40 15 567
2 16 8 47 0
16 2 8 47 0
2 16 47 8 0
16 2 47 8 0
1 17 14 41 0
17 1 14 41 0
1 17 41 14 0
17 1 41 14 0
2 16 16 39 15
16 2 16 39 15
2 16 39 16 15
16 2 39 16 15
7 11 9 46 5
11 7 9 46 5
7 11 46 9 5
11 7 46 9 5
7 11 8 47 1
11 7 8 47 1
7 11 47 8 1
11 7 47 8 1
4 14 8 47 0
14 4 8 47 0
4 14 47 8 0
14 4 47 8 0
7 11 26 29 15155
11 7 26 29 15155
7 11 29 26 15155
11 7 29 26 15155
0 18 17 38 0
18 0 17 38 0
0 18 38 17 0
18 0 38 17 0
4 14 11 44 4
14 4 11 44 4
4 14 44 11 4
14 4 44 11 4
8 10 13 42 351
10 8 13 42 351
8 10 42 13 351
10 8 42 13 351
0 18 15 40 0
18 0 15 40 0
0 18 40 15 0
18 0 40 15 0
1 17 19 36 11
17 1 19 36 11
1 17 36 19 11
17 1 36 19 11
9 9 11 44 88
9 9 44 11 88
5 13 25 30 5867
13 5 25 30 5867
5 13 30 25 5867
13 5 30 25 5867
0 18 27 28 7
18 0 27 28 7
0 18 28 27 7
18 0 28 27 7
4 14 10 45 1
14 4 10 45 1
4 14 45 10 1
14 4 45 10 1
4 14 9 46 0
14 4 9 46 0
4 14 46 9 0
14 4 46 9 0
2 16 18 37 49
16 2 18 37 49
2 16 37 18 49
16 2 37 18 49
6 12 10 45 10
12 6 10 45 10
6 12 45 10 10
12 6 45 10 10
7 11 4 51 0
11 7 4 51 0
7 11 51 4 0
11 7 51 4 0
9 9 8 47 2
9 9 47 8 2
3 15 10 45 0
15 3 10 45 0
3 15 45 10 0
15 3 45 10 0
9 9 6 49 0
9 9 49 6 0
7 11 7 48 0
11 7 7 48 0
7 11 48 7 0
11 7 48 7 0
5 13 7 48 0
13 5 7 48 0
5 13 48 7 0
13 5 48 7 0
4 14 23 32 2262
14 4 23 32 2262
4 14 32 23 2262
14 4 32 23 2262
0 18 25 30 5
18 0 25 30 5
0 18 30 25 5
18 0 30 25 5
1 17 23 32 50
17 1 23 32 50
1 17 32 23 50
17 1 32 23 50
8 10 18 37 4038
10 8 18 37 4038
8 10 37 18 4038
10 8 37 18 4038
5 13 27 28 6525
13 5 27 28 6525
5 13 28 27 6525
13 5 28 27 6525
1 17 20 35 18
17 1 20 35 18
1 17 35 20 18
17 1 35 20 18
2 16 27 28 409
16 2 27 28 409
2 16 28 27 409
16 2 28 27 409
0 18 26 29 6
18 0 26 29 6
0 18 29 26 6
18 0 29 26 6
9 9 15 40 1242
9 9 40 15 1242
7 11 5 50 0
11 7 5 50 0
7 11 50 5 0
11 7 50 5 0
7 11 22 33 9430
11 7 22 33 9430
7 11 33 22 9430
11 7 33 22 9430
8 10 21 34 9497
10 8 21 34 9497
8 10 34 21 9497
10 8 34 21 9497
8 10 3 52 0
10 8 3 52 0
8 10 52 3 0
10 8 52 3 0
5 13 11 44 12
13 5 11 44 12
5 13 44 11 12
13 5 44 11 12
2 16 14 41 3
16 2 14 41 3
2 16 41 14 3
16 2 41 14 3
7 11 25 30 14172
11 7 25 30 14172
7 11 30 25 14172
11 7 30 25 14172
6 12 19 36 3042
12 6 19 36 3042
6 12 36 19 3042
12 6 36 19 3042
9 9 2 53 0
9 9 53 2 0
3 15 20 35 413
15 3 20 35 413
3 15 35 20 413
15 3 35 20 413
3 15 18 37 193
15 3 18 37 193
3 15 37 18 193
15 3 37 18 193
6 12 12 43 77
12 6 12 43 77
6 12 43 12 77
12 6 43 12 77
0 18 18 37 0
18 0 18 37 0
0 18 37 18 0
18 0 37 18 0
7 11 2 53 0
11 7 2 53 0
7 11 53 2 0
11 7 53 2 0
9 9 26 29 20072
9 9 29 26 20072
8 10 6 49 0
10 8 6 49 0
8 10 49 6 0
10 8 49 6 0
0 18 24 31 4
18 0 24 31 4
0 18 31 24 4
18 0 31 24 4
6 12 18 37 2164
12 6 18 37 2164
6 12 37 18 2164
12 6 37 18 2164
9 9 21 34 10268
9 9 34 21 10268
5 13 9 46 0
13 5 9 46 0
5 13 46 9 0
13 5 46 9 0
4 14 15 40 126
14 4 15 40 126
4 14 40 15 126
14 4 40 15 126
5 13 19 36 1724
13 5 19 36 1724
5 13 36 19 1724
13 5 36 19 1724
5 13 16 39 503
13 5 16 39 503
5 13 39 16 503
13 5 39 16 503
3 15 23 32 879
15 3 23 32 879
3 15 32 23 879
15 3 32 23 879
6 12 17 38 1467
12 6 17 38 1467
6 12 38 17 1467
12 6 38 17 1467
4 14 26 29 3162
14 4 26 29 3162
4 14 29 26 3162
14 4 29 26 3162
9 9 10 45 34
9 9 45 10 34
2 16 19 36 78
16 2 19 36 78
2 16 36 19 78
16 2 36 19 78
8 10 2 53 0
10 8 2 53 0
8 10 53 2 0
10 8 53 2 0
3 15 11 44 0
15 3 11 44 0
3 15 44 11 0
15 3 44 11 0
6 12 4 51 0
12 6 4 51 0
6 12 51 4 0
12 6 51 4 0
0 18 20 35 0
18 0 20 35 0
0 18 35 20 0
18 0 35 20 0
7 11 11 44 56
11 7 11 44 56
7 11 44 11 56
11 7 44 11 56
6 12 3 52 0
12 6 3 52 0
6 12 52 3 0
12 6 52 3 0
9 9 3 52 0
9 9 52 3 0
1 17 12 43 0
17 1 12 43 0
1 17 43 12 0
17 1 43 12 0
7 11 16 39 1434
11 7 16 39 1434
7 11 39 16 1434
11 7 39 16 1434
3 15 7 48 0
15 3 7 48 0
3 15 48 7 0
15 3 48 7 0
8 10 12 43 172
10 8 12 43 172
8 10 43 12 172
10 8 43 12 172
7 11 15 40 879
11 7 15 40 879
7 11 40 15 879
11 7 40 15 879
4 14 22 33 1869
14 4 22 33 1869
4 14 33 22 1869
14 4 33 22 1869
2 16 21 34 160
16 2 21 34 160
2 16 34 21 160
16 2 34 21 160
6 12 13 42 166
12 6 13 42 166
6 12 42 13 166
12 6 42 13 166
8 10 26 29 18651
10 8 26 29 18651
8 10 29 26 18651
10 8 29 26 18651
9 9 23 32 14904
9 9 32 23 14904
5 13 5 50 0
13 5 5 50 0
5 13 50 5 0
13 5 50 5 0
1 17 10 45 0
17 1 10 45 0
1 17 45 10 0
17 1 45 10 0
8 10 23 32 13823
10 8 23 32 13823
8 10 32 23 13823
10 8 32 23 13823
8 10 25 30 17455
10 8 25 30 17455
8 10 30 25 17455
10 8 30 25 17455
9 9 5 50 0
9 9 50 5 0
0 18 19 36 0
18 0 19 36 0
0 18 36 19 0
18 0 36 19 0
3 15 13 42 7
15 3 13 42 7
3 15 42 13 7
15 3 42 13 7
4 14 17 38 365
14 4 17 38 365
4 14 38 17 365
14 4 38 17 365
9 9 13 42 396
9 9 42 13 396
7 11 14 41 506
11 7 14 41 506
7 11 41 14 506
11 7 41 14 506
4 14 5 50 0
14 4 5 50 0
4 14 50 5 0
14 4 50 5 0
6 12 6 49 0
12 6 6 49 0
6 12 49 6 0
12 6 49 6 0
1 17 26 29 79
17 1 26 29 79
1 17 29 26 79
17 1 29 26 79
8 10 15 40 1123
10 8 15 40 1123
8 10 40 15 1123
10 8 40 15 1123
3 15 8 47 0
15 3 8 47 0
3 15 47 8 0
15 3 47 8 0
5 13 15 40 294
13 5 15 40 294
5 13 40 15 294
13 5 40 15 294
5 13 4 51 0
13 5 4 51 0
5 13 51 4 0
13 5 51 4 0
3 15 22 33 716
15 3 22 33 716
3 15 33 22 716
15 3 33 22 716
2 16 24 31 315
16 2 24 31 315
2 16 31 24 315
16 2 31 24 315
3 15 19 36 291
15 3 19 36 291
3 15 36 19 291
15 3 36 19 291
5 13 6 49 0
13 5 6 49 0
5 13 49 6 0
13 5 49 6 0
8 10 19 36 5600
10 8 19 36 5600
8 10 36 19 5600
10 8 36 19 5600
1 17 25 30 71
17 1 25 30 71
1 17 30 25 71
17 1 30 25 71
3 15 9 46 0
15 3 9 46 0
3 15 46 9 0
15 3 46 9 0
1 17 21 34 27
17 1 21 34 27
1 17 34 21 27
17 1 34 21 27
6 12 20 35 4085
12 6 20 35 4085
6 12 35 20 4085
12 6 35 20 4085
9 9 19 36 6080
9 9 36 19 6080
9 9 27 28 20744
9 9 28 27 20744
3 15 26 29 1259
15 3 26 29 1259
3 15 29 26 1259
15 3 29 26 1259
5 13 14 41 160
13 5 14 41 160
5 13 41 14 160
13 5 41 14 160
4 14 20 35 1125
14 4 20 35 1125
4 14 35 20 1125
14 4 35 20 1125
3 15 6 49 0
15 3 6 49 0
3 15 49 6 0
15 3 49 6 0
2 16 22 33 211
16 2 22 33 211
2 16 33 22 211
16 2 33 22 211
4 14 13 42 31
14 4 13 42 31
4 14 42 13 31
14 4 42 13 31
4 14 27 28 3280
14 4 27 28 3280
4 14 28 27 3280
14 4 28 27 3280
4 14 14 41 66
14 4 14 41 66
4 14 41 14 66
14 4 41 14 66
7 11 3 52 0
11 7 3 52 0
7 11 52 3 0
11 7 52 3 0
