8 13 29 34 21261
13 8 29 34 21261
8 13 34 29 21261
13 8 34 29 21261
3 18 19 44 17
18 3 19 44 17
3 18 44 19 17
18 3 44 19 17
8 13 22 41 5532
13 8 22 41 5532
8 13 41 22 5532
13 8 41 22 5532
9 12 8 55 0
12 9 8 55 0
9 12 55 8 0
12 9 55 8 0
8 13 28 35 19386
13 8 28 35 19386
8 13 35 28 19386
13 8 35 28 19386
6 15 14 49 17
15 6 14 49 17
6 15 49 14 17
15 6 49 14 17
1 20 20 43 0
20 1 20 43 0
1 20 43 20 0
20 1 43 20 0
7 14 5 58 0
14 7 5 58 0
7 14 58 5 0
14 7 58 5 0
2 19 16 47 0
19 2 16 47 0
2 19 47 16 0
19 2 47 16 0
10 11 18 45 1735
11 10 18 45 1735
10 11 45 18 1735
11 10 45 18 1735
8 13 15 48 170
13 8 15 48 170
8 13 48 15 170
13 8 48 15 170
8 13 13 50 30
13 8 13 50 30
8 13 50 13 30
13 8 50 13 30
3 18 21 42 56
18 3 21 42 56
3 18 42 21 56
18 3 42 21 56
9 12 25 38 15830
12 9 25 38 15830
9 12 38 25 15830
12 9 38 25 15830
1 20 30 33 21
20 1 30 33 21
1 20 33 30 21
20 1 33 30 21
6 15 24 39 3634
15 6 24 39 3634
6 15 39 24 3634
15 6 39 24 3634
8 13 16 47 341
13 8 16 47 341
8 13 47 16 341
13 8 47 16 341
9 12 12 51 18
12 9 12 51 18
9 12 51 12 18
12 9 51 12 18
9 12 10 53 1
12 9 10 53 1
9 12 53 10 1
12 9 53 10 1
8 13 14 49 78
13 8 14 49 78
8 13 49 14 78
13 8 49 14 78
1 20 18 45 0
20 1 18 45 0
1 20 45 18 0
20 1 45 18 0
10 11 29 34 31191
11 10 29 34 31191
10 11 34 29 31191
11 10 34 29 31191
10 11 8 55 0
11 10 8 55 0
10 11 55 8 0
11 10 55 8 0
3 18 10 53 0
18 3 10 53 0
3 18 53 10 0
18 3 53 10 0
10 11 6 57 0
11 10 6 57 0
10 11 57 6 0
11 10 57 6 0
7 14 26 37 9839
14 7 26 37 9839
7 14 37 26 9839
14 7 37 26 9839
9 12 22 41 7348
12 9 22 41 7348
9 12 41 22 7348
12 9 41 22 7348
7 14 13 50 16
14 7 13 50 16
7 14 50 13 16
14 7 50 13 16
2 19 17 46 0
19 2 17 46 0
2 19 46 17 0
19 2 46 17 0
8 13 26 37 14643
13 8 26 37 14643
8 13 37 26 14643
13 8 37 26 14643
2 19 22 41 17
19 2 22 41 17
2 19 41 22 17
19 2 41 22 17
3 18 24 39 198
18 3 24 39 198
3 18 39 24 198
18 3 39 24 198
6 15 25 38 4613
15 6 25 38 4613
6 15 38 25 4613
15 6 38 25 4613
9 12 3 60 0
12 9 3 60 0
9 12 60 3 0
12 9 60 3 0
6 15 13 50 5
15 6 13 50 5
6 15 50 13 5
15 6 50 13 5
5 16 19 44 242
16 5 19 44 242
5 16 44 19 242
16 5 44 19 242
7 14 20 43 1725
14 7 20 43 1725
7 14 43 20 1725
14 7 43 20 1725
6 15 26 37 5652
15 6 26 37 5652
6 15 37 26 5652
15 6 37 26 5652
5 16 31 32 4631
16 5 31 32 4631
5 16 32 31 4631
16 5 32 31 4631
2 19 15 48 0
19 2 15 48 0
2 19 48 15 0
19 2 48 15 0
0 21 30 33 1
21 0 30 33 1
0 21 33 30 1
21 0 33 30 1
2 19 18 45 1
19 2 18 45 1
2 19 45 18 1
19 2 45 18 1
5 16 9 54 0
16 5 9 54 0
5 16 54 9 0
16 5 54 9 0
7 14 18 45 673
14 7 18 45 673
7 14 45 18 673
14 7 45 18 673
4 17 27 36 1331
17 4 27 36 1331
4 17 36 27 1331
17 4 36 27 1331
7 14 24 39 6436
14 7 24 39 6436
7 14 39 24 6436
14 7 39 24 6436
3 18 25 38 266
18 3 25 38 266
3 18 38 25 266
18 3 38 25 266
9 12 14 49 120
12 9 14 49 120
9 12 49 14 120
12 9 49 14 120
4 17 10 53 0
17 4 10 53 0
4 17 53 10 0
17 4 53 10 0
6 15 8 55 0
15 6 8 55 0
6 15 55 8 0
15 6 55 8 0
5 16 23 40 1288
16 5 23 40 1288
5 16 40 23 1288
16 5 40 23 1288
3 18 11 52 0
18 3 11 52 0
3 18 52 11 0
18 3 52 11 0
4 17 30 33 1854
17 4 30 33 1854
4 17 33 30 1854
17 4 33 30 1854
7 14 31 32 15838
14 7 31 32 15838
7 14 32 31 15838
14 7 32 31 15838
1 20 19 44 0
20 1 19 44 0
1 20 44 19 0
20 1 44 19 0
9 12 17 46 881
12 9 17 46 881
9 12 46 17 881
12 9 46 17 881
6 15 27 36 6672
15 6 27 36 6672
6 15 36 27 6672
15 6 36 27 6672
10 11 30 33 33118
11 10 30 33 33118
10 11 33 30 33118
11 10 33 30 33118
8 13 20 43 2689
13 8 20 43 2689
8 13 43 20 2689
13 8 43 20 2689
9 12 18 45 1494
12 9 18 45 1494
9 12 45 18 1494
12 9 45 18 1494
5 16 15 48 14
16 5 15 48 14
5 16 48 15 14
16 5 48 15 14
7 14 17 46 382
14 7 17 46 382
7 14 46 17 382
14 7 46 17 382
6 15 28 35 7618
15 6 28 35 7618
6 15 35 28 7618
15 6 35 28 7618
6 15 19 44 571
15 6 19 44 571
6 15 44 19 571
15 6 44 19 571
5 16 12 51 0
16 5 12 51 0
5 16 51 12 0
16 5 51 12 0
8 13 25 38 12106
13 8 25 38 12106
8 13 38 25 12106
13 8 38 25 12106
4 17 12 51 0
17 4 12 51 0
4 17 51 12 0
17 4 51 12 0
5 16 7 56 0
16 5 7 56 0
5 16 56 7 0
16 5 56 7 0
6 15 11 52 0
15 6 11 52 0
6 15 52 11 0
15 6 52 11 0
4 17 19 44 79
17 4 19 44 79
4 17 44 19 79
17 4 44 19 79
7 14 28 35 13116
14 7 28 35 13116
7 14 35 28 13116
14 7 35 28 13116
10 11 14 49 143
11 10 14 49 143
10 11 49 14 143
11 10 49 14 143
6 15 18 45 338
15 6 18 45 338
6 15 45 18 338
15 6 45 18 338
5 16 26 37 2758
16 5 26 37 2758
5 16 37 26 2758
16 5 37 26 2758
1 20 23 40 2
20 1 23 40 2
1 20 40 23 2
20 1 40 23 2
10 11 19 44 2756
11 10 19 44 2756
10 11 44 19 2756
11 10 44 19 2756
6 15 20 43 916
15 6 20 43 916
6 15 43 20 916
15 6 43 20 916
4 17 15 48 3
17 4 15 48 3
4 17 48 15 3
17 4 48 15 3
10 11 7 56 0
11 10 7 56 0
10 11 56 7 0
11 10 56 7 0
0 21 27 36 0
21 0 27 36 0
0 21 36 27 0
21 0 36 27 0
6 15 5 58 0
15 6 5 58 0
6 15 58 5 0
15 6 58 5 0
5 16 20 43 402
16 5 20 43 402
5 16 43 20 402
16 5 43 20 402
3 18 23 40 138
18 3 23 40 138
3 18 40 23 138
18 3 40 23 138
10 11 5 58 0
11 10 5 58 0
10 11 58 5 0
11 10 58 5 0
9 12 5 58 0
12 9 5 58 0
9 12 58 5 0
12 9 58 5 0
9 12 30 33 29231
12 9 30 33 29231
9 12 33 30 29231
12 9 33 30 29231
8 13 6 57 0
13 8 6 57 0
8 13 57 6 0
13 8 57 6 0
5 16 30 33 4478
16 5 30 33 4478
5 16 33 30 4478
16 5 33 30 4478
7 14 10 53 0
14 7 10 53 0
7 14 53 10 0
14 7 53 10 0
7 14 9 54 0
14 7 9 54 0
7 14 54 9 0
14 7 54 9 0
10 11 17 46 1028
11 10 17 46 1028
10 11 46 17 1028
11 10 46 17 1028
7 14 23 40 4920
14 7 23 40 4920
7 14 40 23 4920
14 7 40 23 4920
4 17 16 47 9
17 4 16 47 9
4 17 47 16 9
17 4 47 16 9
3 18 22 41 92
18 3 22 41 92
3 18 41 22 92
18 3 41 22 92
4 17 25 38 879
17 4 25 38 879
4 17 38 25 879
17 4 38 25 879
5 16 27 36 3283
16 5 27 36 3283
5 16 36 27 3283
16 5 36 27 3283
7 14 11 52 1
14 7 11 52 1
7 14 52 11 1
14 7 52 11 1
10 11 26 37 21682
11 10 26 37 21682
10 11 37 26 21682
11 10 37 26 21682
1 20 31 32 22
20 1 31 32 22
1 20 32 31 22
20 1 32 31 22
4 17 20 43 139
17 4 20 43 139
4 17 43 20 139
17 4 43 20 139
6 15 22 41 1995
15 6 22 41 1995
6 15 41 22 1995
15 6 41 22 1995
1 20 24 39 4
20 1 24 39 4
1 20 39 24 4
20 1 39 24 4
7 14 7 56 0
14 7 7 56 0
7 14 56 7 0
14 7 56 7 0
6 15 7 56 0
15 6 7 56 0
6 15 56 7 0
15 6 56 7 0
9 12 21 42 5268
12 9 21 42 5268
9 12 42 21 5268
12 9 42 21 5268
3 18 31 32 629
18 3 31 32 629
3 18 32 31 629
18 3 32 31 629
10 11 24 39 14489
11 10 24 39 14489
10 11 39 24 14489
11 10 39 24 14489
1 20 26 37 9
20 1 26 37 9
1 20 37 26 9
20 1 37 26 9
0 21 24 39 0
21 0 24 39 0
0 21 39 24 0
21 0 39 24 0
5 16 21 42 622
16 5 21 42 622
5 16 42 21 622
16 5 42 21 622
9 12 29 34 27519
12 9 29 34 27519
9 12 34 29 27519
12 9 34 29 27519
8 13 17 46 625
13 8 17 46 625
8 13 46 17 625
13 8 46 17 625
7 14 12 51 5
14 7 12 51 5
7 14 51 12 5
14 7 51 12 5
0 21 22 41 0
21 0 22 41 0
0 21 41 22 0
21 0 41 22 0
8 13 11 52 2
13 8 11 52 2
8 13 52 11 2
13 8 52 11 2
5 16 11 52 0
16 5 11 52 0
5 16 52 11 0
16 5 52 11 0
3 18 30 33 605
18 3 30 33 605
3 18 33 30 605
18 3 33 30 605
9 12 20 43 3631
12 9 20 43 3631
9 12 43 20 3631
12 9 43 20 3631
1 20 21 42 0
20 1 21 42 0
1 20 42 21 0
20 1 42 21 0
3 18 27 36 420
18 3 27 36 420
3 18 36 27 420
18 3 36 27 420
8 13 21 42 3936
13 8 21 42 3936
8 13 42 21 3936
13 8 42 21 3936
6 15 9 54 0
15 6 9 54 0
6 15 54 9 0
15 6 54 9 0
2 19 12 51 0
19 2 12 51 0
2 19 51 12 0
19 2 51 12 0
4 17 17 46 20
17 4 17 46 20
4 17 46 17 20
17 4 46 17 20
2 19 23 40 27
19 2 23 40 27
2 19 40 23 27
19 2 40 23 27
6 15 23 40 2745
15 6 23 40 2745
6 15 40 23 2745
15 6 40 23 2745
1 20 17 46 0
20 1 17 46 0
1 20 46 17 0
20 1 46 17 0
2 19 20 43 5
19 2 20 43 5
2 19 43 20 5
19 2 43 20 5
5 16 29 34 4181
16 5 29 34 4181
5 16 34 29 4181
16 5 34 29 4181
8 13 12 51 10
13 8 12 51 10
8 13 51 12 10
13 8 51 12 10
7 14 22 41 3623
14 7 22 41 3623
7 14 41 22 3623
14 7 41 22 3623
7 14 25 38 8095
14 7 25 38 8095
7 14 38 25 8095
14 7 38 25 8095
3 18 12 51 0
18 3 12 51 0
3 18 51 12 0
18 3 51 12 0
0 21 28 35 1
21 0 28 35 1
0 21 35 28 1
21 0 35 28 1
10 11 27 36 25248
11 10 27 36 25248
10 11 36 27 25248
11 10 36 27 25248
7 14 19 44 1104
14 7 19 44 1104
7 14 44 19 1104
14 7 44 19 1104
6 15 12 51 1
15 6 12 51 1
6 15 51 12 1
15 6 51 12 1
5 16 6 57 0
16 5 6 57 0
5 16 57 6 0
16 5 57 6 0
3 18 16 47 1
18 3 16 47 1
3 18 47 16 1
18 3 47 16 1
3 18 14 49 0
18 3 14 49 0
3 18 49 14 0
18 3 49 14 0
3 18 28 35 496
18 3 28 35 496
3 18 35 28 496
18 3 35 28 496
7 14 6 57 0
14 7 6 57 0
7 14 57 6 0
14 7 57 6 0
3 18 9 54 0
18 3 9 54 0
3 18 54 9 0
18 3 54 9 0
6 15 30 33 8969
15 6 30 33 8969
6 15 33 30 8969
15 6 33 30 8969
5 16 22 41 919
16 5 22 41 919
5 16 41 22 919
16 5 41 22 919
9 12 28 35 25132
12 9 28 35 25132
9 12 35 28 25132
12 9 35 28 25132
9 12 9 54 0
12 9 9 54 0
9 12 54 9 0
12 9 54 9 0
4 17 7 56 0
17 4 7 56 0
4 17 56 7 0
17 4 56 7 0
6 15 31 32 9263
15 6 31 32 9263
6 15 32 31 9263
15 6 32 31 9263
5 16 13 50 1
16 5 13 50 1
5 16 50 13 1
16 5 50 13 1
8 13 9 54 0
13 8 9 54 0
8 13 54 9 0
13 8 54 9 0
10 11 11 52 6
11 10 11 52 6
10 11 52 11 6
11 10 52 11 6
4 17 31 32 1921
17 4 31 32 1921
4 17 32 31 1921
17 4 32 31 1921
7 14 14 49 44
14 7 14 49 44
7 14 49 14 44
14 7 49 14 44
10 11 28 35 28504
11 10 28 35 28504
10 11 35 28 28504
11 10 35 28 28504
8 13 8 55 0
13 8 8 55 0
8 13 55 8 0
13 8 55 8 0
5 16 18 45 138
16 5 18 45 138
5 16 45 18 138
16 5 45 18 138
3 18 18 45 8
18 3 18 45 8
3 18 45 18 8
18 3 45 18 8
7 14 21 42 2553
14 7 21 42 2553
7 14 42 21 2553
14 7 42 21 2553
2 19 30 33 149
19 2 30 33 149
2 19 33 30 149
19 2 33 30 149
7 14 30 33 15353
14 7 30 33 15353
7 14 33 30 15353
14 7 33 30 15353
9 12 4 59 0
12 9 4 59 0
9 12 59 4 0
12 9 59 4 0
10 11 31 32 34117
11 10 31 32 34117
10 11 32 31 34117
11 10 32 31 34117
2 19 26 37 78
19 2 26 37 78
2 19 37 26 78
19 2 37 26 78
5 16 17 46 71
16 5 17 46 71
5 16 46 17 71
16 5 46 17 71
10 11 9 54 0
11 10 9 54 0
10 11 54 9 0
11 10 54 9 0
2 19 27 36 98
19 2 27 36 98
2 19 36 27 98
19 2 36 27 98
6 15 21 42 1381
15 6 21 42 1381
6 15 42 21 1381
15 6 42 21 1381
4 17 21 42 222
17 4 21 42 222
4 17 42 21 222
17 4 42 21 222
4 17 29 34 1723
17 4 29 34 1723
4 17 34 29 1723
17 4 34 29 1723
6 15 10 53 0
15 6 10 53 0
6 15 53 10 0
15 6 53 10 0
9 12 13 50 50
12 9 13 50 50
9 12 50 13 50
12 9 50 13 50
5 16 14 49 5
16 5 14 49 5
5 16 49 14 5
16 5 49 14 5
2 19 11 52 0
19 2 11 52 0
2 19 52 11 0
19 2 52 11 0
5 16 8 55 0
16 5 8 55 0
5 16 55 8 0
16 5 55 8 0
10 11 12 51 22
11 10 12 51 22
10 11 51 12 22
11 10 51 12 22
4 17 26 37 1106
17 4 26 37 1106
4 17 37 26 1106
17 4 37 26 1106
7 14 15 48 99
14 7 15 48 99
7 14 48 15 99
14 7 48 15 99
0 21 21 42 0
21 0 21 42 0
0 21 42 21 0
21 0 42 21 0
6 15 15 48 42
15 6 15 48 42
6 15 48 15 42
15 6 48 15 42
10 11 21 42 6049
11 10 21 42 6049
10 11 42 21 6049
11 10 42 21 6049
1 20 16 47 0
20 1 16 47 0
1 20 47 16 0
20 1 47 16 0
1 20 27 36 12
20 1 27 36 12
1 20 36 27 12
20 1 36 27 12
5 16 25 38 2227
16 5 25 38 2227
5 16 38 25 2227
16 5 38 25 2227
1 20 28 35 16
20 1 28 35 16
1 20 35 28 16
20 1 35 28 16
1 20 22 41 1
20 1 22 41 1
1 20 41 22 1
20 1 41 22 1
3 18 26 37 343
18 3 26 37 343
3 18 37 26 343
18 3 37 26 343
1 20 29 34 19
20 1 29 34 19
1 20 34 29 19
20 1 34 29 19
4 17 11 52 0
17 4 11 52 0
4 17 52 11 0
17 4 52 11 0
10 11 16 47 576
11 10 16 47 576
10 11 47 16 576
11 10 47 16 576
8 13 30 33 22609
13 8 30 33 22609
8 13 33 30 22609
13 8 33 30 22609
8 13 7 56 0
13 8 7 56 0
8 13 56 7 0
13 8 56 7 0
10 11 10 53 1
11 10 10 53 1
10 11 53 10 1
11 10 53 10 1
9 12 6 57 0
12 9 6 57 0
9 12 57 6 0
12 9 57 6 0
7 14 27 36 11546
14 7 27 36 11546
7 14 36 27 11546
14 7 36 27 11546
4 17 13 50 0
17 4 13 50 0
4 17 50 13 0
17 4 50 13 0
5 16 28 35 3773
16 5 28 35 3773
5 16 35 28 3773
16 5 35 28 3773
2 19 14 49 0
19 2 14 49 0
2 19 49 14 0
19 2 49 14 0
8 13 4 59 0
13 8 4 59 0
8 13 59 4 0
13 8 59 4 0
2 19 31 32 155
19 2 31 32 155
2 19 32 31 155
19 2 32 31 155
5 16 10 53 0
16 5 10 53 0
5 16 53 10 0
16 5 53 10 0
1 20 25 38 6
20 1 25 38 6
1 20 38 25 6
20 1 38 25 6
4 17 24 39 673
17 4 24 39 673
4 17 39 24 673
17 4 39 24 673
3 18 29 34 559
18 3 29 34 559
3 18 34 29 559
18 3 34 29 559
3 18 20 43 33
18 3 20 43 33
3 18 43 20 33
18 3 43 20 33
2 19 13 50 0
19 2 13 50 0
2 19 50 13 0
19 2 50 13 0
1 20 15 48 0
20 1 15 48 0
1 20 48 15 0
20 1 48 15 0
4 17 9 54 0
17 4 9 54 0
4 17 54 9 0
17 4 54 9 0
7 14 29 34 14416
14 7 29 34 14416
7 14 34 29 14416
14 7 34 29 14416
7 14 8 55 0
14 7 8 55 0
7 14 55 8 0
14 7 55 8 0
6 15 6 57 0
15 6 6 57 0
6 15 57 6 0
15 6 57 6 0
9 12 16 47 491
12 9 16 47 491
9 12 47 16 491
12 9 47 16 491
4 17 8 55 0
17 4 8 55 0
4 17 55 8 0
17 4 55 8 0
0 21 26 37 0
21 0 26 37 0
0 21 37 26 0
21 0 37 26 0
3 18 13 50 0
18 3 13 50 0
3 18 50 13 0
18 3 50 13 0
4 17 23 40 488
17 4 23 40 488
4 17 40 23 488
17 4 40 23 488
10 11 13 50 60
11 10 13 50 60
10 11 50 13 60
11 10 50 13 60
6 15 29 34 8402
15 6 29 34 8402
6 15 34 29 8402
15 6 34 29 8402
10 11 15 48 298
11 10 15 48 298
10 11 48 15 298
11 10 48 15 298
4 17 18 45 43
17 4 18 45 43
4 17 45 18 43
17 4 45 18 43
9 12 15 48 252
12 9 15 48 252
9 12 48 15 252
12 9 48 15 252
4 17 28 35 1545
17 4 28 35 1545
4 17 35 28 1545
17 4 35 28 1545
9 12 23 40 9838
12 9 23 40 9838
9 12 40 23 9838
12 9 40 23 9838
4 17 22 41 340
17 4 22 41 340
4 17 41 22 340
17 4 41 22 340
0 21 23 40 0
21 0 23 40 0
0 21 40 23 0
21 0 40 23 0
9 12 27 36 22240
12 9 27 36 22240
9 12 36 27 22240
12 9 36 27 22240
9 12 26 37 19078
12 9 26 37 19078
9 12 37 26 19078
12 9 37 26 19078
9 12 31 32 30120
12 9 31 32 30120
9 12 32 31 30120
12 9 32 31 30120
8 13 27 36 17118
13 8 27 36 17118
8 13 36 27 17118
13 8 36 27 17118
7 14 4 59 0
14 7 4 59 0
7 14 59 4 0
14 7 59 4 0
2 19 21 42 9
19 2 21 42 9
2 19 42 21 9
19 2 42 21 9
2 19 19 44 2
19 2 19 44 2
2 19 44 19 2
19 2 44 19 2
2 19 29 34 136
19 2 29 34 136
2 19 34 29 136
19 2 34 29 136
5 16 16 47 34
16 5 16 47 34
5 16 47 16 34
16 5 47 16 34
9 12 11 52 5
12 9 11 52 5
9 12 52 11 5
12 9 52 11 5
8 13 24 39 9680
13 8 24 39 9680
8 13 39 24 9680
13 8 39 24 9680
10 11 3 60 0
11 10 3 60 0
10 11 60 3 0
11 10 60 3 0
10 11 20 43 4182
11 10 20 43 4182
10 11 43 20 4182
11 10 43 20 4182
10 11 4 59 0
11 10 4 59 0
10 11 59 4 0
11 10 59 4 0
10 11 22 41 8413
11 10 22 41 8413
10 11 41 22 8413
11 10 41 22 8413
6 15 17 46 184
15 6 17 46 184
6 15 46 17 184
15 6 46 17 184
0 21 29 34 1
21 0 29 34 1
0 21 34 29 1
21 0 34 29 1
7 14 16 47 204
14 7 16 47 204
7 14 47 16 204
14 7 47 16 204
3 18 15 48 0
18 3 15 48 0
3 18 48 15 0
18 3 48 15 0
3 18 17 46 3
18 3 17 46 3
3 18 46 17 3
18 3 46 17 3
2 19 24 39 42
19 2 24 39 42
2 19 39 24 42
19 2 39 24 42
8 13 23 40 7452
13 8 23 40 7452
8 13 40 23 7452
13 8 40 23 7452
4 17 14 49 1
17 4 14 49 1
4 17 49 14 1
17 4 49 14 1
6 15 16 47 94
15 6 16 47 94
6 15 47 16 94
15 6 47 16 94
9 12 19 44 2384
12 9 19 44 2384
9 12 44 19 2384
12 9 44 19 2384
8 13 31 32 23307
13 8 31 32 23307
8 13 32 31 23307
13 8 32 31 23307
0 21 31 32 1
21 0 31 32 1
0 21 32 31 1
21 0 32 31 1
10 11 23 40 11238
11 10 23 40 11238
10 11 40 23 11238
11 10 40 23 11238
10 11 25 38 18016
11 10 25 38 18016
10 11 38 25 18016
11 10 38 25 18016
9 12 24 39 12709
12 9 24 39 12709
9 12 39 24 12709
12 9 39 24 12709
2 19 28 35 119
19 2 28 35 119
2 19 35 28 119
19 2 35 28 119
0 21 25 38 0
21 0 25 38 0
0 21 38 25 0
21 0 38 25 0
8 13 10 53 0
13 8 10 53 0
8 13 53 10 0
13 8 53 10 0
8 13 18 45 1080
13 8 18 45 1080
8 13 45 18 1080
13 8 45 18 1080
8 13 19 44 1745
13 8 19 44 1745
8 13 44 19 1745
13 8 44 19 1745
5 16 24 39 1733
16 5 24 39 1733
5 16 39 24 1733
16 5 39 24 1733
2 19 25 38 58
19 2 25 38 58
2 19 38 25 58
19 2 38 25 58
9 12 7 56 0
12 9 7 56 0
9 12 56 7 0
12 9 56 7 0
8 13 5 58 0
13 8 5 58 0
8 13 58 5 0
13 8 58 5 0
