2 13 7 40 0
13 2 7 40 0
2 13 40 7 0
13 2 40 7 0
4 11 20 27 2291
11 4 20 27 2291
4 11 27 20 2291
11 4 27 20 2291
7 8 2 45 0
8 7 2 45 0
7 8 45 2 0
8 7 45 2 0
2 13 9 38 1
13 2 9 38 1
2 13 38 9 1
13 2 38 9 1
3 12 14 33 192
12 3 14 33 192
3 12 33 14 192
12 3 33 14 192
5 10 10 37 76
10 5 10 37 76
5 10 37 10 76
10 5 37 10 76
1 14 19 28 93
14 1 19 28 93
1 14 28 19 93
14 1 28 19 93
5 10 6 41 0
10 5 6 41 0
5 10 41 6 0
10 5 41 6 0
6 9 22 25 6336
9 6 22 25 6336
6 9 25 22 6336
9 6 25 22 6336
2 13 12 35 19
13 2 12 35 19
2 13 35 12 19
13 2 35 12 19
4 11 2 45 0
11 4 2 45 0
4 11 45 2 0
11 4 45 2 0
5 10 17 30 2082
10 5 17 30 2082
5 10 30 17 2082
10 5 30 17 2082
6 9 3 44 0
9 6 3 44 0
6 9 44 3 0
9 6 44 3 0
4 11 9 38 17
11 4 9 38 17
4 11 38 9 17
11 4 38 9 17
3 12 7 40 0
12 3 7 40 0
3 12 40 7 0
12 3 40 7 0
6 9 1 46 0
9 6 1 46 0
6 9 46 1 0
9 6 46 1 0
4 11 3 44 0
11 4 3 44 0
4 11 44 3 0
11 4 44 3 0
1 14 21 26 131
14 1 21 26 131
1 14 26 21 131
14 1 26 21 131
3 12 18 29 757
12 3 18 29 757
3 12 29 18 757
12 3 29 18 757
6 9 18 29 3731
9 6 18 29 3731
6 9 29 18 3731
9 6 29 18 3731
7 8 1 46 0
8 7 1 46 0
7 8 46 1 0
8 7 46 1 0
7 8 3 44 0
8 7 3 44 0
7 8 44 3 0
8 7 44 3 0
7 8 21 26 6863
8 7 21 26 6863
7 8 26 21 6863
8 7 26 21 6863
7 8 11 36 291
8 7 11 36 291
7 8 36 11 291
8 7 36 11 291
6 9 23 24 6572
9 6 23 24 6572
6 9 24 23 6572
9 6 24 23 6572
7 8 16 31 2629
8 7 16 31 2629
7 8 31 16 2629
8 7 31 16 2629
2 13 19 28 351
13 2 19 28 351
2 13 28 19 351
13 2 28 19 351
2 13 16 31 151
13 2 16 31 151
2 13 31 16 151
13 2 31 16 151
4 11 8 39 5
11 4 8 39 5
4 11 39 8 5
11 4 39 8 5
5 10 3 44 0
10 5 3 44 0
5 10 44 3 0
10 5 44 3 0
6 9 5 42 0
9 6 5 42 0
6 9 42 5 0
9 6 42 5 0
3 12 15 32 297
12 3 15 32 297
3 12 32 15 297
12 3 32 15 297
5 10 12 35 284
10 5 12 35 284
5 10 35 12 284
10 5 35 12 284
6 9 12 35 433
9 6 12 35 433
6 9 35 12 433
9 6 35 12 433
2 13 11 36 9
13 2 11 36 9
2 13 36 11 9
13 2 36 11 9
4 11 6 41 0
11 4 6 41 0
4 11 41 6 0
11 4 41 6 0
2 13 15 32 102
13 2 15 32 102
2 13 32 15 102
13 2 32 15 102
2 13 10 37 3
13 2 10 37 3
2 13 37 10 3
13 2 37 10 3
3 12 21 26 1254
12 3 21 26 1254
3 12 26 21 1254
12 3 26 21 1254
0 15 18 29 6
15 0 18 29 6
0 15 29 18 6
15 0 29 18 6
3 12 3 44 0
12 3 3 44 0
3 12 44 3 0
12 3 44 3 0
6 9 14 33 1106
9 6 14 33 1106
6 9 33 14 1106
9 6 33 14 1106
7 8 13 34 846
8 7 13 34 846
7 8 34 13 846
8 7 34 13 846
5 10 13 34 480
10 5 13 34 480
5 10 34 13 480
10 5 34 13 480
3 12 13 34 117
12 3 13 34 117
3 12 34 13 117
12 3 34 13 117
2 13 14 33 63
13 2 14 33 63
2 13 33 14 63
13 2 33 14 63
4 11 17 30 1251
11 4 17 30 1251
4 11 30 17 1251
11 4 30 17 1251
2 13 22 25 522
13 2 22 25 522
2 13 25 22 522
13 2 25 22 522
3 12 19 28 937
12 3 19 28 937
3 12 28 19 937
12 3 28 19 937
1 14 6 41 0
14 1 6 41 0
1 14 41 6 0
14 1 41 6 0
3 12 23 24 1416
12 3 23 24 1416
3 12 24 23 1416
12 3 24 23 1416
7 8 6 41 1
8 7 6 41 1
7 8 41 6 1
8 7 41 6 1
4 11 16 31 932
11 4 16 31 932
4 11 31 16 932
11 4 31 16 932
0 15 23 24 18
15 0 23 24 18
0 15 24 23 18
15 0 24 23 18
1 14 10 37 0
14 1 10 37 0
1 14 37 10 0
14 1 37 10 0
6 9 6 41 1
9 6 6 41 1
6 9 41 6 1
9 6 41 6 1
7 8 10 37 149
8 7 10 37 149
7 8 37 10 149
8 7 37 10 149
2 13 4 43 0
13 2 4 43 0
2 13 43 4 0
13 2 43 4 0
3 12 17 30 585
12 3 17 30 585
3 12 30 17 585
12 3 30 17 585
5 10 21 26 4215
10 5 21 26 4215
5 10 26 21 4215
10 5 26 21 4215
3 12 22 25 1360
12 3 22 25 1360
3 12 25 22 1360
12 3 25 22 1360
1 14 12 35 3
14 1 12 35 3
1 14 35 12 3
14 1 35 12 3
0 15 22 25 17
15 0 22 25 17
0 15 25 22 17
15 0 25 22 17
6 9 16 31 2240
9 6 16 31 2240
6 9 31 16 2240
9 6 31 16 2240
6 9 9 38 57
9 6 9 38 57
6 9 38 9 57
9 6 38 9 57
4 11 18 29 1597
11 4 18 29 1597
4 11 29 18 1597
11 4 29 18 1597
3 12 9 38 5
12 3 9 38 5
3 12 38 9 5
12 3 38 9 5
7 8 9 38 68
8 7 9 38 68
7 8 38 9 68
8 7 38 9 68
5 10 20 27 3756
10 5 20 27 3756
5 10 27 20 3756
10 5 27 20 3756
6 9 8 39 21
9 6 8 39 21
6 9 39 8 21
9 6 39 8 21
1 14 7 40 0
14 1 7 40 0
1 14 40 7 0
14 1 40 7 0
4 11 11 36 87
11 4 11 36 87
4 11 36 11 87
11 4 36 11 87
2 13 8 39 0
13 2 8 39 0
2 13 39 8 0
13 2 39 8 0
7 8 19 28 5281
8 7 19 28 5281
7 8 28 19 5281
8 7 28 19 5281
6 9 19 28 4521
9 6 19 28 4521
6 9 28 19 4521
9 6 28 19 4521
2 13 17 30 212
13 2 17 30 212
2 13 30 17 212
13 2 30 17 212
4 11 22 25 2786
11 4 22 25 2786
4 11 25 22 2786
11 4 25 22 2786
5 10 5 42 0
10 5 5 42 0
5 10 42 5 0
10 5 42 5 0
0 15 16 31 2
15 0 16 31 2
0 15 31 16 2
15 0 31 16 2
7 8 17 30 3465
8 7 17 30 3465
7 8 30 17 3465
8 7 30 17 3465
6 9 7 40 6
9 6 7 40 6
6 9 40 7 6
9 6 40 7 6
2 13 5 42 0
13 2 5 42 0
2 13 42 5 0
13 2 42 5 0
4 11 19 28 1955
11 4 19 28 1955
4 11 28 19 1955
11 4 28 19 1955
7 8 12 35 513
8 7 12 35 513
7 8 35 12 513
8 7 35 12 513
1 14 18 29 72
14 1 18 29 72
1 14 29 18 72
14 1 29 18 72
7 8 14 33 1304
8 7 14 33 1304
7 8 33 14 1304
8 7 33 14 1304
7 8 18 29 4364
8 7 18 29 4364
7 8 29 18 4364
8 7 29 18 4364
5 10 16 31 1564
10 5 16 31 1564
5 10 31 16 1564
10 5 31 16 1564
0 15 21 26 15
15 0 21 26 15
0 15 26 21 15
15 0 26 21 15
5 10 22 25 4545
10 5 22 25 4545
5 10 25 22 4545
10 5 25 22 4545
3 12 10 37 14
12 3 10 37 14
3 12 37 10 14
12 3 37 10 14
7 8 23 24 7657
8 7 23 24 7657
7 8 24 23 7657
8 7 24 23 7657
2 13 21 26 479
13 2 21 26 479
2 13 26 21 479
13 2 26 21 479
4 11 12 35 161
11 4 12 35 161
4 11 35 12 161
11 4 35 12 161
5 10 11 36 156
10 5 11 36 156
5 10 36 11 156
10 5 36 11 156
5 10 7 40 2
10 5 7 40 2
5 10 40 7 2
10 5 40 7 2
1 14 14 33 13
14 1 14 33 13
1 14 33 14 13
14 1 33 14 13
7 8 20 27 6137
8 7 20 27 6137
7 8 27 20 6137
8 7 27 20 6137
1 14 15 32 23
14 1 15 32 23
1 14 32 15 23
14 1 32 15 23
6 9 13 34 716
9 6 13 34 716
6 9 34 13 716
9 6 34 13 716
5 10 14 33 754
10 5 14 33 754
5 10 33 14 754
10 5 33 14 754
5 10 15 32 1119
10 5 15 32 1119
5 10 32 15 1119
10 5 32 15 1119
3 12 8 39 1
12 3 8 39 1
3 12 39 8 1
12 3 39 8 1
3 12 16 31 428
12 3 16 31 428
3 12 31 16 428
12 3 31 16 428
0 15 13 34 0
15 0 13 34 0
0 15 34 13 0
15 0 34 13 0
5 10 4 43 0
10 5 4 43 0
5 10 43 4 0
10 5 43 4 0
3 12 20 27 1107
12 3 20 27 1107
3 12 27 20 1107
12 3 27 20 1107
1 14 13 34 7
14 1 13 34 7
1 14 34 13 7
14 1 34 13 7
0 15 11 36 0
15 0 11 36 0
0 15 36 11 0
15 0 36 11 0
0 15 12 35 0
15 0 12 35 0
0 15 35 12 0
15 0 35 12 0
5 10 2 45 0
10 5 2 45 0
5 10 45 2 0
10 5 45 2 0
6 9 20 27 5259
9 6 20 27 5259
6 9 27 20 5259
9 6 27 20 5259
7 8 8 39 25
8 7 8 39 25
7 8 39 8 25
8 7 39 8 25
4 11 10 37 41
11 4 10 37 41
4 11 37 10 41
11 4 37 10 41
6 9 2 45 0
9 6 2 45 0
6 9 45 2 0
9 6 45 2 0
2 13 20 27 419
13 2 20 27 419
2 13 27 20 419
13 2 27 20 419
5 10 8 39 10
10 5 8 39 10
5 10 39 8 10
10 5 39 8 10
3 12 5 42 0
12 3 5 42 0
3 12 42 5 0
12 3 42 5 0
1 14 17 30 53
14 1 17 30 53
1 14 30 17 53
14 1 30 17 53
0 15 15 32 1
15 0 15 32 1
0 15 32 15 1
15 0 32 15 1
4 11 13 34 277
11 4 13 34 277
4 11 34 13 277
11 4 34 13 277
7 8 7 40 7
8 7 7 40 7
7 8 40 7 7
8 7 40 7 7
1 14 8 39 0
14 1 8 39 0
1 14 39 8 0
14 1 39 8 0
3 12 4 43 0
12 3 4 43 0
3 12 43 4 0
12 3 43 4 0
4 11 21 26 2579
11 4 21 26 2579
4 11 26 21 2579
11 4 26 21 2579
2 13 6 41 0
13 2 6 41 0
2 13 41 6 0
13 2 41 6 0
0 15 10 37 0
15 0 10 37 0
0 15 37 10 0
15 0 37 10 0
5 10 18 29 2642
10 5 18 29 2642
5 10 29 18 2642
10 5 29 18 2642
4 11 5 42 0
11 4 5 42 0
4 11 42 5 0
11 4 42 5 0
1 14 11 36 1
14 1 11 36 1
1 14 36 11 1
14 1 36 11 1
0 15 14 33 0
15 0 14 33 0
0 15 33 14 0
15 0 33 14 0
4 11 23 24 2895
11 4 23 24 2895
4 11 24 23 2895
11 4 24 23 2895
0 15 20 27 12
15 0 20 27 12
0 15 27 20 12
15 0 27 20 12
6 9 21 26 5886
9 6 21 26 5886
6 9 26 21 5886
9 6 26 21 5886
2 13 18 29 279
13 2 18 29 279
2 13 29 18 279
13 2 29 18 279
6 9 15 32 1619
9 6 15 32 1619
6 9 32 15 1619
9 6 32 15 1619
6 9 11 36 245
9 6 11 36 245
6 9 36 11 245
9 6 36 11 245
0 15 19 28 9
15 0 19 28 9
0 15 28 19 9
15 0 28 19 9
6 9 17 30 2958
9 6 17 30 2958
6 9 30 17 2958
9 6 30 17 2958
1 14 16 31 36
14 1 16 31 36
1 14 31 16 36
14 1 31 16 36
7 8 5 42 0
8 7 5 42 0
7 8 42 5 0
8 7 42 5 0
2 13 23 24 545
13 2 23 24 545
2 13 24 23 545
13 2 24 23 545
5 10 19 28 3217
10 5 19 28 3217
5 10 28 19 3217
10 5 28 19 3217
6 9 4 43 0
9 6 4 43 0
6 9 43 4 0
9 6 43 4 0
1 14 20 27 113
14 1 20 27 113
1 14 27 20 113
14 1 27 20 113
1 14 9 38 0
14 1 9 38 0
1 14 38 9 0
14 1 38 9 0
0 15 17 30 4
15 0 17 30 4
0 15 30 17 4
15 0 30 17 4
2 13 13 34 37
13 2 13 34 37
2 13 34 13 37
13 2 34 13 37
4 11 4 43 0
11 4 4 43 0
4 11 43 4 0
11 4 43 4 0
3 12 6 41 0
12 3 6 41 0
3 12 41 6 0
12 3 41 6 0
7 8 15 32 1904
8 7 15 32 1904
7 8 32 15 1904
8 7 32 15 1904
7 8 22 25 7384
8 7 22 25 7384
7 8 25 22 7384
8 7 25 22 7384
3 12 12 35 65
12 3 12 35 65
3 12 35 12 65
12 3 35 12 65
5 10 9 38 32
10 5 9 38 32
5 10 38 9 32
10 5 38 9 32
7 8 4 43 0
8 7 4 43 0
7 8 43 4 0
8 7 43 4 0
6 9 10 37 125
9 6 10 37 125
6 9 37 10 125
9 6 37 10 125
4 11 14 33 440
11 4 14 33 440
4 11 33 14 440
11 4 33 14 440
4 11 7 40 1
11 4 7 40 1
4 11 40 7 1
11 4 40 7 1
5 10 23 24 4718
10 5 23 24 4718
5 10 24 23 4718
10 5 24 23 4718
3 12 11 36 33
12 3 11 36 33
3 12 36 11 33
12 3 36 11 33
4 11 15 32 661
11 4 15 32 661
4 11 32 15 661
11 4 32 15 661
1 14 23 24 151
14 1 23 24 151
1 14 24 23 151
14 1 24 23 151
1 14 22 25 144
14 1 22 25 144
1 14 25 22 144
14 1 25 22 144
