2 14 11 24 0
14 2 11 24 0
2 14 24 11 0
14 2 24 11 0
2 14 12 23 0
14 2 12 23 0
2 14 23 12 0
14 2 23 12 0
2 14 13 22 0
14 2 13 22 0
2 14 22 13 0
14 2 22 13 0
2 14 14 21 0
14 2 14 21 0
2 14 21 14 0
14 2 21 14 0
2 14 15 20 0
14 2 15 20 0
2 14 20 15 0
14 2 20 15 0
2 14 16 19 0
14 2 16 19 0
2 14 19 16 0
14 2 19 16 0
2 14 17 18 0
14 2 17 18 0
2 14 18 17 0
14 2 18 17 0
3 13 11 24 0
13 3 11 24 0
3 13 24 11 0
13 3 24 11 0
3 13 12 23 0
13 3 12 23 0
3 13 23 12 0
13 3 23 12 0
3 13 13 22 0
13 3 13 22 0
3 13 22 13 0
13 3 22 13 0
3 13 14 21 0
13 3 14 21 0
3 13 21 14 0
13 3 21 14 0
3 13 15 20 0
13 3 15 20 0
3 13 20 15 0
13 3 20 15 0
3 13 16 19 0
13 3 16 19 0
3 13 19 16 0
13 3 19 16 0
3 13 17 18 0
13 3 17 18 0
3 13 18 17 0
13 3 18 17 0
4 12 11 24 0
12 4 11 24 0
4 12 24 11 0
12 4 24 11 0
4 12 12 23 0
12 4 12 23 0
4 12 23 12 0
12 4 23 12 0
4 12 13 22 1
12 4 13 22 1
4 12 22 13 1
12 4 22 13 1
4 12 14 21 2
12 4 14 21 2
4 12 21 14 2
12 4 21 14 2
4 12 15 20 4
12 4 15 20 4
4 12 20 15 4
12 4 20 15 4
4 12 16 19 6
12 4 16 19 6
4 12 19 16 6
12 4 19 16 6
4 12 17 18 7
12 4 17 18 7
4 12 18 17 7
12 4 18 17 7
3 13 10 25 0
13 3 10 25 0
3 13 25 10 0
13 3 25 10 0
4 12 10 25 0
12 4 10 25 0
4 12 25 10 0
12 4 25 10 0
5 11 10 25 0
11 5 10 25 0
5 11 25 10 0
11 5 25 10 0
5 11 11 24 0
11 5 11 24 0
5 11 24 11 0
11 5 24 11 0
5 11 12 23 2
11 5 12 23 2
5 11 23 12 2
11 5 23 12 2
5 11 13 22 7
11 5 13 22 7
5 11 22 13 7
11 5 22 13 7
5 11 14 21 15
11 5 14 21 15
5 11 21 14 15
11 5 21 14 15
5 11 15 20 26
11 5 15 20 26
5 11 20 15 26
11 5 20 15 26
5 11 16 19 36
11 5 16 19 36
5 11 19 16 36
11 5 19 16 36
5 11 17 18 42
11 5 17 18 42
5 11 18 17 42
11 5 18 17 42
6 10 11 24 4
10 6 11 24 4
6 10 24 11 4
10 6 24 11 4
6 10 12 23 12
10 6 12 23 12
6 10 23 12 12
10 6 23 12 12
6 10 13 22 29
10 6 13 22 29
6 10 22 13 29
10 6 22 13 29
6 10 14 21 54
10 6 14 21 54
6 10 21 14 54
10 6 21 14 54
6 10 15 20 85
10 6 15 20 85
6 10 20 15 85
10 6 20 15 85
6 10 16 19 113
10 6 16 19 113
6 10 19 16 113
10 6 19 16 113
6 10 17 18 130
10 6 17 18 130
6 10 18 17 130
10 6 18 17 130
3 13 9 26 0
13 3 9 26 0
3 13 26 9 0
13 3 26 9 0
4 12 9 26 0
12 4 9 26 0
4 12 26 9 0
12 4 26 9 0
5 11 9 26 0
11 5 9 26 0
5 11 26 9 0
11 5 26 9 0
4 12 7 28 0
12 4 7 28 0
4 12 28 7 0
12 4 28 7 0
4 12 8 27 0
12 4 8 27 0
4 12 27 8 0
12 4 27 8 0
5 11 7 28 0
11 5 7 28 0
5 11 28 7 0
11 5 28 7 0
5 11 8 27 0
11 5 8 27 0
5 11 27 8 0
11 5 27 8 0
6 10 7 28 0
10 6 7 28 0
6 10 28 7 0
10 6 28 7 0
6 10 8 27 0
10 6 8 27 0
6 10 27 8 0
10 6 27 8 0
6 10 9 26 0
10 6 9 26 0
6 10 26 9 0
10 6 26 9 0
6 10 10 25 1
10 6 10 25 1
6 10 25 10 1
10 6 25 10 1
7 9 7 28 0
9 7 7 28 0
7 9 28 7 0
9 7 28 7 0
7 9 8 27 0
9 7 8 27 0
7 9 27 8 0
9 7 27 8 0
7 9 9 26 0
9 7 9 26 0
7 9 26 9 0
9 7 26 9 0
7 9 10 25 2
9 7 10 25 2
7 9 25 10 2
9 7 25 10 2
7 9 11 24 9
9 7 11 24 9
7 9 24 11 9
9 7 24 11 9
7 9 12 23 26
9 7 12 23 26
7 9 23 12 26
9 7 23 12 26
7 9 13 22 58
9 7 13 22 58
7 9 22 13 58
9 7 22 13 58
7 9 14 21 104
9 7 14 21 104
7 9 21 14 104
9 7 21 14 104
7 9 15 20 158
9 7 15 20 158
7 9 20 15 158
9 7 20 15 158
7 9 16 19 207
9 7 16 19 207
7 9 19 16 207
9 7 19 16 207
7 9 17 18 236
9 7 17 18 236
7 9 18 17 236
9 7 18 17 236
8 8 9 26 1
8 8 26 9 1
8 8 10 25 4
8 8 25 10 4
8 8 11 24 14
8 8 24 11 14
8 8 12 23 36
8 8 23 12 36
8 8 13 22 76
8 8 22 13 76
8 8 14 21 132
8 8 21 14 132
8 8 15 20 198
8 8 20 15 198
8 8 16 19 257
8 8 19 16 257
8 8 17 18 292
8 8 18 17 292
5 11 6 29 0
11 5 6 29 0
5 11 29 6 0
11 5 29 6 0
6 10 6 29 0
10 6 6 29 0
6 10 29 6 0
10 6 29 6 0
7 9 6 29 0
9 7 6 29 0
7 9 29 6 0
9 7 29 6 0
6 10 5 30 0
10 6 5 30 0
6 10 30 5 0
10 6 30 5 0
7 9 5 30 0
9 7 5 30 0
7 9 30 5 0
9 7 30 5 0
8 8 5 30 0
8 8 30 5 0
8 8 6 29 0
8 8 29 6 0
8 8 7 28 0
8 8 28 7 0
8 8 8 27 0
8 8 27 8 0
