1 13 10 21 0
13 1 10 21 0
1 13 21 10 0
13 1 21 10 0
1 13 11 20 0
13 1 11 20 0
1 13 20 11 0
13 1 20 11 0
1 13 12 19 0
13 1 12 19 0
1 13 19 12 0
13 1 19 12 0
1 13 13 18 0
13 1 13 18 0
1 13 18 13 0
13 1 18 13 0
1 13 14 17 0
13 1 14 17 0
1 13 17 14 0
13 1 17 14 0
1 13 15 16 0
13 1 15 16 0
1 13 16 15 0
13 1 16 15 0
2 12 10 21 0
12 2 10 21 0
2 12 21 10 0
12 2 21 10 0
2 12 11 20 0
12 2 11 20 0
2 12 20 11 0
12 2 20 11 0
2 12 12 19 0
12 2 12 19 0
2 12 19 12 0
12 2 19 12 0
2 12 13 18 0
12 2 13 18 0
2 12 18 13 0
12 2 18 13 0
2 12 14 17 0
12 2 14 17 0
2 12 17 14 0
12 2 17 14 0
2 12 15 16 0
12 2 15 16 0
2 12 16 15 0
12 2 16 15 0
3 11 10 21 0
11 3 10 21 0
3 11 21 10 0
11 3 21 10 0
3 11 11 20 1
11 3 11 20 1
3 11 20 11 1
11 3 20 11 1
3 11 12 19 2
11 3 12 19 2
3 11 19 12 2
11 3 19 12 2
3 11 13 18 4
11 3 13 18 4
3 11 18 13 4
11 3 18 13 4
3 11 14 17 6
11 3 14 17 6
3 11 17 14 6
11 3 17 14 6
3 11 15 16 7
11 3 15 16 7
3 11 16 15 7
11 3 16 15 7
4 10 10 21 3
10 4 10 21 3
4 10 21 10 3
10 4 21 10 3
4 10 11 20 9
10 4 11 20 9
4 10 20 11 9
10 4 20 11 9
4 10 12 19 17
10 4 12 19 17
4 10 19 12 17
10 4 19 12 17
4 10 13 18 28
10 4 13 18 28
4 10 18 13 28
10 4 18 13 28
4 10 14 17 38
10 4 14 17 38
4 10 17 14 38
10 4 17 14 38
4 10 15 16 44
10 4 15 16 44
4 10 16 15 44
10 4 16 15 44
2 12 7 24 0
12 2 7 24 0
2 12 24 7 0
12 2 24 7 0
2 12 8 23 0
12 2 8 23 0
2 12 23 8 0
12 2 23 8 0
2 12 9 22 0
12 2 9 22 0
2 12 22 9 0
12 2 22 9 0
3 11 7 24 0
11 3 7 24 0
3 11 24 7 0
11 3 24 7 0
3 11 8 23 0
11 3 8 23 0
3 11 23 8 0
11 3 23 8 0
3 11 9 22 0
11 3 9 22 0
3 11 22 9 0
11 3 22 9 0
4 10 7 24 0
10 4 7 24 0
4 10 24 7 0
10 4 24 7 0
4 10 8 23 0
10 4 8 23 0
4 10 23 8 0
10 4 23 8 0
4 10 9 22 1
10 4 9 22 1
4 10 22 9 1
10 4 22 9 1
3 11 6 25 0
11 3 6 25 0
3 11 25 6 0
11 3 25 6 0
4 10 6 25 0
10 4 6 25 0
4 10 25 6 0
10 4 25 6 0
5 9 6 25 0
9 5 6 25 0
5 9 25 6 0
9 5 25 6 0
5 9 7 24 0
9 5 7 24 0
5 9 24 7 0
9 5 24 7 0
5 9 8 23 1
9 5 8 23 1
5 9 23 8 1
9 5 23 8 1
5 9 9 22 5
9 5 9 22 5
5 9 22 9 5
9 5 22 9 5
5 9 10 21 14
9 5 10 21 14
5 9 21 10 14
9 5 21 10 14
5 9 11 20 32
9 5 11 20 32
5 9 20 11 32
9 5 20 11 32
5 9 12 19 57
9 5 12 19 57
5 9 19 12 57
9 5 19 12 57
5 9 13 18 87
9 5 13 18 87
5 9 18 13 87
9 5 18 13 87
5 9 14 17 114
9 5 14 17 114
5 9 17 14 114
9 5 17 14 114
5 9 15 16 130
9 5 15 16 130
5 9 16 15 130
9 5 16 15 130
6 8 7 24 1
8 6 7 24 1
6 8 24 7 1
8 6 24 7 1
6 8 8 23 4
8 6 8 23 4
6 8 23 8 4
8 6 23 8 4
6 8 9 22 14
8 6 9 22 14
6 8 22 9 14
8 6 22 9 14
6 8 10 21 33
8 6 10 21 33
6 8 21 10 33
8 6 21 10 33
6 8 11 20 68
8 6 11 20 68
6 8 20 11 68
8 6 20 11 68
6 8 12 19 114
8 6 12 19 114
6 8 19 12 114
8 6 19 12 114
6 8 13 18 168
8 6 13 18 168
6 8 18 13 168
8 6 18 13 168
6 8 14 17 215
8 6 14 17 215
6 8 17 14 215
8 6 17 14 215
6 8 15 16 243
8 6 15 16 243
6 8 16 15 243
8 6 16 15 243
4 10 4 27 0
10 4 4 27 0
4 10 27 4 0
10 4 27 4 0
4 10 5 26 0
10 4 5 26 0
4 10 26 5 0
10 4 26 5 0
5 9 4 27 0
9 5 4 27 0
5 9 27 4 0
9 5 27 4 0
5 9 5 26 0
9 5 5 26 0
5 9 26 5 0
9 5 26 5 0
6 8 4 27 0
8 6 4 27 0
6 8 27 4 0
8 6 27 4 0
6 8 5 26 0
8 6 5 26 0
6 8 26 5 0
8 6 26 5 0
6 8 6 25 0
8 6 6 25 0
6 8 25 6 0
8 6 25 6 0
7 7 4 27 0
7 7 27 4 0
7 7 5 26 0
7 7 26 5 0
7 7 6 25 0
7 7 25 6 0
7 7 7 24 1
7 7 24 7 1
7 7 8 23 5
7 7 23 8 5
7 7 9 22 17
7 7 22 9 17
7 7 10 21 41
7 7 21 10 41
7 7 11 20 83
7 7 20 11 83
7 7 12 19 139
7 7 19 12 139
7 7 13 18 203
7 7 18 13 203
7 7 14 17 259
7 7 17 14 259
7 7 15 16 292
7 7 16 15 292
6 8 3 28 0
8 6 3 28 0
6 8 28 3 0
8 6 28 3 0
7 7 3 28 0
7 7 28 3 0
