0 12 10 17 0
12 0 10 17 0
0 12 17 10 0
12 0 17 10 0
0 12 11 16 0
12 0 11 16 0
0 12 16 11 0
12 0 16 11 0
0 12 12 15 0
12 0 12 15 0
0 12 15 12 0
12 0 15 12 0
0 12 13 14 0
12 0 13 14 0
0 12 14 13 0
12 0 14 13 0
1 11 10 17 0
11 1 10 17 0
1 11 17 10 0
11 1 17 10 0
1 11 11 16 0
11 1 11 16 0
1 11 16 11 0
11 1 16 11 0
1 11 12 15 0
11 1 12 15 0
1 11 15 12 0
11 1 15 12 0
1 11 13 14 0
11 1 13 14 0
1 11 14 13 0
11 1 14 13 0
2 10 10 17 1
10 2 10 17 1
2 10 17 10 1
10 2 17 10 1
2 10 11 16 2
10 2 11 16 2
2 10 16 11 2
10 2 16 11 2
2 10 12 15 3
10 2 12 15 3
2 10 15 12 3
10 2 15 12 3
2 10 13 14 4
10 2 13 14 4
2 10 14 13 4
10 2 14 13 4
1 11 6 21 0
11 1 6 21 0
1 11 21 6 0
11 1 21 6 0
1 11 7 20 0
11 1 7 20 0
1 11 20 7 0
11 1 20 7 0
1 11 8 19 0
11 1 8 19 0
1 11 19 8 0
11 1 19 8 0
1 11 9 18 0
11 1 9 18 0
1 11 18 9 0
11 1 18 9 0
2 10 6 21 0
10 2 6 21 0
2 10 21 6 0
10 2 21 6 0
2 10 7 20 0
10 2 7 20 0
2 10 20 7 0
10 2 20 7 0
2 10 8 19 0
10 2 8 19 0
2 10 19 8 0
10 2 19 8 0
2 10 9 18 0
10 2 9 18 0
2 10 18 9 0
10 2 18 9 0
3 9 6 21 0
9 3 6 21 0
3 9 21 6 0
9 3 21 6 0
3 9 7 20 1
9 3 7 20 1
3 9 20 7 1
9 3 20 7 1
3 9 8 19 3
9 3 8 19 3
3 9 19 8 3
9 3 19 8 3
3 9 9 18 6
9 3 9 18 6
3 9 18 9 6
9 3 18 9 6
3 9 10 17 12
9 3 10 17 12
3 9 17 10 12
9 3 17 10 12
3 9 11 16 19
9 3 11 16 19
3 9 16 11 19
9 3 16 11 19
3 9 12 15 25
9 3 12 15 25
3 9 15 12 25
9 3 15 12 25
3 9 13 14 30
9 3 13 14 30
3 9 14 13 30
9 3 14 13 30
4 8 6 21 1
8 4 6 21 1
4 8 21 6 1
8 4 21 6 1
4 8 7 20 4
8 4 7 20 4
4 8 20 7 4
8 4 20 7 4
4 8 8 19 12
8 4 8 19 12
4 8 19 8 12
8 4 19 8 12
4 8 9 18 24
8 4 9 18 24
4 8 18 9 24
8 4 18 9 24
4 8 10 17 42
8 4 10 17 42
4 8 17 10 42
8 4 17 10 42
4 8 11 16 62
8 4 11 16 62
4 8 16 11 62
8 4 16 11 62
4 8 12 15 80
8 4 12 15 80
4 8 15 12 80
8 4 15 12 80
4 8 13 14 91
8 4 13 14 91
4 8 14 13 91
8 4 14 13 91
2 10 4 23 0
10 2 4 23 0
2 10 23 4 0
10 2 23 4 0
2 10 5 22 0
10 2 5 22 0
2 10 22 5 0
10 2 22 5 0
3 9 4 23 0
9 3 4 23 0
3 9 23 4 0
9 3 23 4 0
3 9 5 22 0
9 3 5 22 0
3 9 22 5 0
9 3 22 5 0
4 8 4 23 0
8 4 4 23 0
4 8 23 4 0
8 4 23 4 0
4 8 5 22 0
8 4 5 22 0
4 8 22 5 0
8 4 22 5 0
3 9 3 24 0
9 3 3 24 0
3 9 24 3 0
9 3 24 3 0
4 8 3 24 0
8 4 3 24 0
4 8 24 3 0
8 4 24 3 0
5 7 3 24 0
7 5 3 24 0
5 7 24 3 0
7 5 24 3 0
5 7 4 23 0
7 5 4 23 0
5 7 23 4 0
7 5 23 4 0
5 7 5 22 1
7 5 5 22 1
5 7 22 5 1
7 5 22 5 1
5 7 6 21 4
7 5 6 21 4
5 7 21 6 4
7 5 21 6 4
5 7 7 20 12
7 5 7 20 12
5 7 20 7 12
7 5 20 7 12
5 7 8 19 28
7 5 8 19 28
5 7 19 8 28
7 5 19 8 28
5 7 9 18 53
7 5 9 18 53
5 7 18 9 53
7 5 18 9 53
5 7 10 17 87
7 5 10 17 87
5 7 17 10 87
7 5 17 10 87
5 7 11 16 124
7 5 11 16 124
5 7 16 11 124
7 5 16 11 124
5 7 12 15 156
7 5 12 15 156
5 7 15 12 156
7 5 15 12 156
5 7 13 14 175
7 5 13 14 175
5 7 14 13 175
7 5 14 13 175
6 6 4 23 0
6 6 23 4 0
6 6 5 22 1
6 6 22 5 1
6 6 6 21 5
6 6 21 6 5
6 6 7 20 15
6 6 20 7 15
6 6 8 19 35
6 6 19 8 35
6 6 9 18 65
6 6 18 9 65
6 6 10 17 107
6 6 17 10 107
6 6 11 16 151
6 6 16 11 151
6 6 12 15 189
6 6 15 12 189
6 6 13 14 212
6 6 14 13 212
4 8 2 25 0
8 4 2 25 0
4 8 25 2 0
8 4 25 2 0
5 7 2 25 0
7 5 2 25 0
5 7 25 2 0
7 5 25 2 0
6 6 2 25 0
6 6 25 2 0
6 6 3 24 0
6 6 24 3 0
