13 17 26 37 0
17 13 26 37 0
13 17 37 26 0
17 13 37 26 0
13 17 27 36 0
17 13 27 36 0
13 17 36 27 0
17 13 36 27 0
13 17 28 35 0
17 13 28 35 0
13 17 35 28 0
17 13 35 28 0
13 17 29 34 0
17 13 29 34 0
13 17 34 29 0
17 13 34 29 0
13 17 30 33 0
17 13 30 33 0
13 17 33 30 0
17 13 33 30 0
13 17 31 32 0
17 13 31 32 0
13 17 32 31 0
17 13 32 31 0
14 16 26 37 0
16 14 26 37 0
14 16 37 26 0
16 14 37 26 0
14 16 27 36 0
16 14 27 36 0
14 16 36 27 0
16 14 36 27 0
14 16 28 35 0
16 14 28 35 0
14 16 35 28 0
16 14 35 28 0
14 16 29 34 0
16 14 29 34 0
14 16 34 29 0
16 14 34 29 0
14 16 30 33 0
16 14 30 33 0
14 16 33 30 0
16 14 33 30 0
14 16 31 32 0
16 14 31 32 0
14 16 32 31 0
16 14 32 31 0
15 15 26 37 0
15 15 37 26 0
15 15 27 36 0
15 15 36 27 0
15 15 28 35 0
15 15 35 28 0
15 15 29 34 0
15 15 34 29 0
15 15 30 33 0
15 15 33 30 0
15 15 31 32 0
15 15 32 31 0
