0 10 6 17 0
10 0 6 17 0
0 10 17 6 0
10 0 17 6 0
0 10 7 16 0
10 0 7 16 0
0 10 16 7 0
10 0 16 7 0
0 10 8 15 0
10 0 8 15 0
0 10 15 8 0
10 0 15 8 0
0 10 9 14 0
10 0 9 14 0
0 10 14 9 0
10 0 14 9 0
0 10 10 13 0
10 0 10 13 0
0 10 13 10 0
10 0 13 10 0
0 10 11 12 0
10 0 11 12 0
0 10 12 11 0
10 0 12 11 0
1 9 6 17 0
9 1 6 17 0
1 9 17 6 0
9 1 17 6 0
1 9 7 16 0
9 1 7 16 0
1 9 16 7 0
9 1 16 7 0
1 9 8 15 0
9 1 8 15 0
1 9 15 8 0
9 1 15 8 0
1 9 9 14 0
9 1 9 14 0
1 9 14 9 0
9 1 14 9 0
1 9 10 13 1
9 1 10 13 1
1 9 13 10 1
9 1 13 10 1
1 9 11 12 1
9 1 11 12 1
1 9 12 11 1
9 1 12 11 1
2 8 6 17 1
8 2 6 17 1
2 8 17 6 1
8 2 17 6 1
2 8 7 16 2
8 2 7 16 2
2 8 16 7 2
8 2 16 7 2
2 8 8 15 4
8 2 8 15 4
2 8 15 8 4
8 2 15 8 4
2 8 9 14 6
8 2 9 14 6
2 8 14 9 6
8 2 14 9 6
2 8 10 13 9
8 2 10 13 9
2 8 13 10 9
8 2 13 10 9
2 8 11 12 10
8 2 11 12 10
2 8 12 11 10
8 2 12 11 10
1 9 3 20 0
9 1 3 20 0
1 9 20 3 0
9 1 20 3 0
1 9 4 19 0
9 1 4 19 0
1 9 19 4 0
9 1 19 4 0
1 9 5 18 0
9 1 5 18 0
1 9 18 5 0
9 1 18 5 0
2 8 3 20 0
8 2 3 20 0
2 8 20 3 0
8 2 20 3 0
2 8 4 19 0
8 2 4 19 0
2 8 19 4 0
8 2 19 4 0
2 8 5 18 0
8 2 5 18 0
2 8 18 5 0
8 2 18 5 0
3 7 3 20 0
7 3 3 20 0
3 7 20 3 0
7 3 20 3 0
3 7 4 19 1
7 3 4 19 1
3 7 19 4 1
7 3 19 4 1
3 7 5 18 3
7 3 5 18 3
3 7 18 5 3
7 3 18 5 3
3 7 6 17 7
7 3 6 17 7
3 7 17 6 7
7 3 17 6 7
3 7 7 16 13
7 3 7 16 13
3 7 16 7 13
7 3 16 7 13
3 7 8 15 21
7 3 8 15 21
3 7 15 8 21
7 3 15 8 21
3 7 9 14 29
7 3 9 14 29
3 7 14 9 29
7 3 14 9 29
3 7 10 13 37
7 3 10 13 37
3 7 13 10 37
7 3 13 10 37
3 7 11 12 41
7 3 11 12 41
3 7 12 11 41
7 3 12 11 41
4 6 3 20 0
6 4 3 20 0
4 6 20 3 0
6 4 20 3 0
4 6 4 19 2
6 4 4 19 2
4 6 19 4 2
6 4 19 4 2
4 6 5 18 6
6 4 5 18 6
4 6 18 5 6
6 4 18 5 6
4 6 6 17 15
6 4 6 17 15
4 6 17 6 15
6 4 17 6 15
4 6 7 16 27
6 4 7 16 27
4 6 16 7 27
6 4 16 7 27
4 6 8 15 43
6 4 8 15 43
4 6 15 8 43
6 4 15 8 43
4 6 9 14 58
6 4 9 14 58
4 6 14 9 58
6 4 14 9 58
4 6 10 13 72
6 4 10 13 72
4 6 13 10 72
6 4 13 10 72
4 6 11 12 79
6 4 11 12 79
4 6 12 11 79
6 4 12 11 79
2 8 2 21 0
8 2 2 21 0
2 8 21 2 0
8 2 21 2 0
3 7 2 21 0
7 3 2 21 0
3 7 21 2 0
7 3 21 2 0
4 6 2 21 0
6 4 2 21 0
4 6 21 2 0
6 4 21 2 0
3 7 1 22 0
7 3 1 22 0
3 7 22 1 0
7 3 22 1 0
4 6 1 22 0
6 4 1 22 0
4 6 22 1 0
6 4 22 1 0
5 5 1 22 0
5 5 22 1 0
5 5 2 21 0
5 5 21 2 0
5 5 3 20 1
5 5 20 3 1
5 5 4 19 4
5 5 19 4 4
5 5 5 18 10
5 5 18 5 10
5 5 6 17 22
5 5 17 6 22
5 5 7 16 38
5 5 16 7 38
5 5 8 15 58
5 5 15 8 58
5 5 9 14 78
5 5 14 9 78
5 5 10 13 95
5 5 13 10 95
5 5 11 12 104
5 5 12 11 104
