9 17 21 34 0
17 9 21 34 0
9 17 34 21 0
17 9 34 21 0
9 17 22 33 0
17 9 22 33 0
9 17 33 22 0
17 9 33 22 0
9 17 23 32 0
17 9 23 32 0
9 17 32 23 0
17 9 32 23 0
9 17 24 31 0
17 9 24 31 0
9 17 31 24 0
17 9 31 24 0
9 17 25 30 0
17 9 25 30 0
9 17 30 25 0
17 9 30 25 0
9 17 26 29 0
17 9 26 29 0
9 17 29 26 0
17 9 29 26 0
9 17 27 28 0
17 9 27 28 0
9 17 28 27 0
17 9 28 27 0
10 16 21 34 0
16 10 21 34 0
10 16 34 21 0
16 10 34 21 0
10 16 22 33 0
16 10 22 33 0
10 16 33 22 0
16 10 33 22 0
10 16 23 32 0
16 10 23 32 0
10 16 32 23 0
16 10 32 23 0
10 16 24 31 0
16 10 24 31 0
10 16 31 24 0
16 10 31 24 0
10 16 25 30 0
16 10 25 30 0
10 16 30 25 0
16 10 30 25 0
10 16 26 29 0
16 10 26 29 0
10 16 29 26 0
16 10 29 26 0
10 16 27 28 0
16 10 27 28 0
10 16 28 27 0
16 10 28 27 0
11 15 21 34 0
15 11 21 34 0
11 15 34 21 0
15 11 34 21 0
11 15 22 33 0
15 11 22 33 0
11 15 33 22 0
15 11 33 22 0
11 15 23 32 0
15 11 23 32 0
11 15 32 23 0
15 11 32 23 0
11 15 24 31 0
15 11 24 31 0
11 15 31 24 0
15 11 31 24 0
11 15 25 30 0
15 11 25 30 0
11 15 30 25 0
15 11 30 25 0
11 15 26 29 0
15 11 26 29 0
11 15 29 26 0
15 11 29 26 0
11 15 27 28 0
15 11 27 28 0
11 15 28 27 0
15 11 28 27 0
10 16 19 36 0
16 10 19 36 0
10 16 36 19 0
16 10 36 19 0
10 16 20 35 0
16 10 20 35 0
10 16 35 20 0
16 10 35 20 0
11 15 19 36 0
15 11 19 36 0
11 15 36 19 0
15 11 36 19 0
11 15 20 35 0
15 11 20 35 0
11 15 35 20 0
15 11 35 20 0
12 14 19 36 0
14 12 19 36 0
12 14 36 19 0
14 12 36 19 0
12 14 20 35 0
14 12 20 35 0
12 14 35 20 0
14 12 35 20 0
12 14 21 34 0
14 12 21 34 0
12 14 34 21 0
14 12 34 21 0
12 14 22 33 0
14 12 22 33 0
12 14 33 22 0
14 12 33 22 0
12 14 23 32 0
14 12 23 32 0
12 14 32 23 0
14 12 32 23 0
12 14 24 31 0
14 12 24 31 0
12 14 31 24 0
14 12 31 24 0
12 14 25 30 0
14 12 25 30 0
12 14 30 25 0
14 12 30 25 0
12 14 26 29 1
14 12 26 29 1
12 14 29 26 1
14 12 29 26 1
12 14 27 28 1
14 12 27 28 1
12 14 28 27 1
14 12 28 27 1
13 13 19 36 0
13 13 36 19 0
13 13 20 35 0
13 13 35 20 0
13 13 21 34 0
13 13 34 21 0
13 13 22 33 0
13 13 33 22 0
13 13 23 32 0
13 13 32 23 0
13 13 24 31 0
13 13 31 24 0
13 13 25 30 0
13 13 30 25 0
13 13 26 29 1
13 13 29 26 1
13 13 27 28 1
13 13 28 27 1
12 14 18 37 0
14 12 18 37 0
12 14 37 18 0
14 12 37 18 0
13 13 18 37 0
13 13 37 18 0
