0 6 3 12 0
6 0 3 12 0
0 6 12 3 0
6 0 12 3 0
0 6 4 11 0
6 0 4 11 0
0 6 11 4 0
6 0 11 4 0
0 6 5 10 0
6 0 5 10 0
0 6 10 5 0
6 0 10 5 0
0 6 6 9 1
6 0 6 9 1
0 6 9 6 1
6 0 9 6 1
0 6 7 8 1
6 0 7 8 1
0 6 8 7 1
6 0 8 7 1
1 5 1 14 0
5 1 1 14 0
1 5 14 1 0
5 1 14 1 0
1 5 2 13 0
5 1 2 13 0
1 5 13 2 0
5 1 13 2 0
1 5 3 12 0
5 1 3 12 0
1 5 12 3 0
5 1 12 3 0
1 5 4 11 1
5 1 4 11 1
1 5 11 4 1
5 1 11 4 1
1 5 5 10 2
5 1 5 10 2
1 5 10 5 2
5 1 10 5 2
1 5 6 9 4
5 1 6 9 4
1 5 9 6 4
5 1 9 6 4
1 5 7 8 5
5 1 7 8 5
1 5 8 7 5
5 1 8 7 5
2 4 1 14 0
4 2 1 14 0
2 4 14 1 0
4 2 14 1 0
2 4 2 13 0
4 2 2 13 0
2 4 13 2 0
4 2 13 2 0
2 4 3 12 0
4 2 3 12 0
2 4 12 3 0
4 2 12 3 0
2 4 4 11 2
4 2 4 11 2
2 4 11 4 2
4 2 11 4 2
2 4 5 10 4
4 2 5 10 4
2 4 10 5 4
4 2 10 5 4
2 4 6 9 8
4 2 6 9 8
2 4 9 6 8
4 2 9 6 8
2 4 7 8 10
4 2 7 8 10
2 4 8 7 10
4 2 8 7 10
3 3 0 15 0
3 3 15 0 0
3 3 1 14 0
3 3 14 1 0
3 3 2 13 0
3 3 13 2 0
3 3 3 12 1
3 3 12 3 1
3 3 4 11 3
3 3 11 4 3
3 3 5 10 6
3 3 10 5 6
3 3 6 9 11
3 3 9 6 11
3 3 7 8 13
3 3 8 7 13
