4 16 16 27 0
16 4 16 27 0
4 16 27 16 0
16 4 27 16 0
4 16 17 26 0
16 4 17 26 0
4 16 26 17 0
16 4 26 17 0
4 16 18 25 0
16 4 18 25 0
4 16 25 18 0
16 4 25 18 0
4 16 19 24 0
16 4 19 24 0
4 16 24 19 0
16 4 24 19 0
4 16 20 23 0
16 4 20 23 0
4 16 23 20 0
16 4 23 20 0
4 16 21 22 0
16 4 21 22 0
4 16 22 21 0
16 4 22 21 0
5 15 16 27 0
15 5 16 27 0
5 15 27 16 0
15 5 27 16 0
5 15 17 26 0
15 5 17 26 0
5 15 26 17 0
15 5 26 17 0
5 15 18 25 0
15 5 18 25 0
5 15 25 18 0
15 5 25 18 0
5 15 19 24 0
15 5 19 24 0
5 15 24 19 0
15 5 24 19 0
5 15 20 23 0
15 5 20 23 0
5 15 23 20 0
15 5 23 20 0
5 15 21 22 0
15 5 21 22 0
5 15 22 21 0
15 5 22 21 0
6 14 16 27 0
14 6 16 27 0
6 14 27 16 0
14 6 27 16 0
6 14 17 26 0
14 6 17 26 0
6 14 26 17 0
14 6 26 17 0
6 14 18 25 0
14 6 18 25 0
6 14 25 18 0
14 6 25 18 0
6 14 19 24 0
14 6 19 24 0
6 14 24 19 0
14 6 24 19 0
6 14 20 23 1
14 6 20 23 1
6 14 23 20 1
14 6 23 20 1
6 14 21 22 1
14 6 21 22 1
6 14 22 21 1
14 6 22 21 1
5 15 13 30 0
15 5 13 30 0
5 15 30 13 0
15 5 30 13 0
5 15 14 29 0
15 5 14 29 0
5 15 29 14 0
15 5 29 14 0
5 15 15 28 0
15 5 15 28 0
5 15 28 15 0
15 5 28 15 0
6 14 13 30 0
14 6 13 30 0
6 14 30 13 0
14 6 30 13 0
6 14 14 29 0
14 6 14 29 0
6 14 29 14 0
14 6 29 14 0
6 14 15 28 0
14 6 15 28 0
6 14 28 15 0
14 6 28 15 0
7 13 13 30 0
13 7 13 30 0
7 13 30 13 0
13 7 30 13 0
7 13 14 29 0
13 7 14 29 0
7 13 29 14 0
13 7 29 14 0
7 13 15 28 0
13 7 15 28 0
7 13 28 15 0
13 7 28 15 0
7 13 16 27 0
13 7 16 27 0
7 13 27 16 0
13 7 27 16 0
7 13 17 26 1
13 7 17 26 1
7 13 26 17 1
13 7 26 17 1
7 13 18 25 3
13 7 18 25 3
7 13 25 18 3
13 7 25 18 3
7 13 19 24 6
13 7 19 24 6
7 13 24 19 6
13 7 24 19 6
7 13 20 23 10
13 7 20 23 10
7 13 23 20 10
13 7 23 20 10
7 13 21 22 12
13 7 21 22 12
7 13 22 21 12
13 7 22 21 12
6 14 12 31 0
14 6 12 31 0
6 14 31 12 0
14 6 31 12 0
7 13 12 31 0
13 7 12 31 0
7 13 31 12 0
13 7 31 12 0
8 12 12 31 0
12 8 12 31 0
8 12 31 12 0
12 8 31 12 0
8 12 13 30 0
12 8 13 30 0
8 12 30 13 0
12 8 30 13 0
8 12 14 29 0
12 8 14 29 0
8 12 29 14 0
12 8 29 14 0
8 12 15 28 0
12 8 15 28 0
8 12 28 15 0
12 8 28 15 0
8 12 16 27 1
12 8 16 27 1
8 12 27 16 1
12 8 27 16 1
8 12 17 26 5
12 8 17 26 5
8 12 26 17 5
12 8 26 17 5
8 12 18 25 13
12 8 18 25 13
8 12 25 18 13
12 8 25 18 13
8 12 19 24 24
12 8 19 24 24
8 12 24 19 24
12 8 24 19 24
8 12 20 23 36
12 8 20 23 36
8 12 23 20 36
12 8 23 20 36
8 12 21 22 43
12 8 21 22 43
8 12 22 21 43
12 8 22 21 43
9 11 13 30 0
11 9 13 30 0
9 11 30 13 0
11 9 30 13 0
9 11 14 29 0
11 9 14 29 0
9 11 29 14 0
11 9 29 14 0
9 11 15 28 1
11 9 15 28 1
9 11 28 15 1
11 9 28 15 1
9 11 16 27 5
11 9 16 27 5
9 11 27 16 5
11 9 27 16 5
9 11 17 26 15
11 9 17 26 15
9 11 26 17 15
11 9 26 17 15
9 11 18 25 32
11 9 18 25 32
9 11 25 18 32
11 9 25 18 32
9 11 19 24 54
11 9 19 24 54
9 11 24 19 54
11 9 24 19 54
9 11 20 23 76
11 9 20 23 76
9 11 23 20 76
11 9 23 20 76
9 11 21 22 89
11 9 21 22 89
9 11 22 21 89
11 9 22 21 89
10 10 16 27 6
10 10 27 16 6
10 10 17 26 18
10 10 26 17 18
10 10 18 25 39
10 10 25 18 39
10 10 19 24 66
10 10 24 19 66
10 10 20 23 93
10 10 23 20 93
10 10 21 22 109
10 10 22 21 109
7 13 10 33 0
13 7 10 33 0
7 13 33 10 0
13 7 33 10 0
7 13 11 32 0
13 7 11 32 0
7 13 32 11 0
13 7 32 11 0
8 12 10 33 0
12 8 10 33 0
8 12 33 10 0
12 8 33 10 0
8 12 11 32 0
12 8 11 32 0
8 12 32 11 0
12 8 32 11 0
9 11 10 33 0
11 9 10 33 0
9 11 33 10 0
11 9 33 10 0
9 11 11 32 0
11 9 11 32 0
9 11 32 11 0
11 9 32 11 0
9 11 12 31 0
11 9 12 31 0
9 11 31 12 0
11 9 31 12 0
10 10 10 33 0
10 10 33 10 0
10 10 11 32 0
10 10 32 11 0
10 10 12 31 0
10 10 31 12 0
10 10 13 30 0
10 10 30 13 0
10 10 14 29 0
10 10 29 14 0
10 10 15 28 1
10 10 28 15 1
9 11 9 34 0
11 9 9 34 0
9 11 34 9 0
11 9 34 9 0
10 10 9 34 0
10 10 34 9 0
