0 4 1 10 0
4 0 1 10 0
0 4 10 1 0
4 0 10 1 0
0 4 2 9 0
4 0 2 9 0
0 4 9 2 0
4 0 9 2 0
0 4 3 8 1
4 0 3 8 1
0 4 8 3 1
4 0 8 3 1
0 4 4 7 2
4 0 4 7 2
0 4 7 4 2
4 0 7 4 2
0 4 5 6 3
4 0 5 6 3
0 4 6 5 3
4 0 6 5 3
1 3 0 11 0
3 1 0 11 0
1 3 11 0 0
3 1 11 0 0
1 3 1 10 0
3 1 1 10 0
1 3 10 1 0
3 1 10 1 0
1 3 2 9 1
3 1 2 9 1
1 3 9 2 1
3 1 9 2 1
1 3 3 8 3
3 1 3 8 3
1 3 8 3 3
3 1 8 3 3
1 3 4 7 5
3 1 4 7 5
1 3 7 4 5
3 1 7 4 5
1 3 5 6 7
3 1 5 6 7
1 3 6 5 7
3 1 6 5 7
2 2 0 11 0
2 2 11 0 0
2 2 1 10 0
2 2 10 1 0
2 2 2 9 1
2 2 9 2 1
2 2 3 8 4
2 2 8 3 4
2 2 4 7 7
2 2 7 4 7
2 2 5 6 10
2 2 6 5 10
