11 17 23 36 0
17 11 23 36 0
11 17 36 23 0
17 11 36 23 0
11 17 24 35 0
17 11 24 35 0
11 17 35 24 0
17 11 35 24 0
11 17 25 34 0
17 11 25 34 0
11 17 34 25 0
17 11 34 25 0
11 17 26 33 0
17 11 26 33 0
11 17 33 26 0
17 11 33 26 0
11 17 27 32 0
17 11 27 32 0
11 17 32 27 0
17 11 32 27 0
11 17 28 31 0
17 11 28 31 0
11 17 31 28 0
17 11 31 28 0
11 17 29 30 0
17 11 29 30 0
11 17 30 29 0
17 11 30 29 0
12 16 23 36 0
16 12 23 36 0
12 16 36 23 0
16 12 36 23 0
12 16 24 35 0
16 12 24 35 0
12 16 35 24 0
16 12 35 24 0
12 16 25 34 0
16 12 25 34 0
12 16 34 25 0
16 12 34 25 0
12 16 26 33 0
16 12 26 33 0
12 16 33 26 0
16 12 33 26 0
12 16 27 32 0
16 12 27 32 0
12 16 32 27 0
16 12 32 27 0
12 16 28 31 0
16 12 28 31 0
12 16 31 28 0
16 12 31 28 0
12 16 29 30 0
16 12 29 30 0
12 16 30 29 0
16 12 30 29 0
13 15 23 36 0
15 13 23 36 0
13 15 36 23 0
15 13 36 23 0
13 15 24 35 0
15 13 24 35 0
13 15 35 24 0
15 13 35 24 0
13 15 25 34 0
15 13 25 34 0
13 15 34 25 0
15 13 34 25 0
13 15 26 33 0
15 13 26 33 0
13 15 33 26 0
15 13 33 26 0
13 15 27 32 0
15 13 27 32 0
13 15 32 27 0
15 13 32 27 0
13 15 28 31 0
15 13 28 31 0
13 15 31 28 0
15 13 31 28 0
13 15 29 30 0
15 13 29 30 0
13 15 30 29 0
15 13 30 29 0
12 16 22 37 0
16 12 22 37 0
12 16 37 22 0
16 12 37 22 0
13 15 22 37 0
15 13 22 37 0
13 15 37 22 0
15 13 37 22 0
14 14 22 37 0
14 14 37 22 0
14 14 23 36 0
14 14 36 23 0
14 14 24 35 0
14 14 35 24 0
14 14 25 34 0
14 14 34 25 0
14 14 26 33 0
14 14 33 26 0
14 14 27 32 0
14 14 32 27 0
14 14 28 31 0
14 14 31 28 0
14 14 29 30 0
14 14 30 29 0
