5 17 20 27 0
17 5 20 27 0
5 17 27 20 0
17 5 27 20 0
5 17 21 26 0
17 5 21 26 0
5 17 26 21 0
17 5 26 21 0
5 17 22 25 0
17 5 22 25 0
5 17 25 22 0
17 5 25 22 0
5 17 23 24 0
17 5 23 24 0
5 17 24 23 0
17 5 24 23 0
6 16 20 27 0
16 6 20 27 0
6 16 27 20 0
16 6 27 20 0
6 16 21 26 0
16 6 21 26 0
6 16 26 21 0
16 6 26 21 0
6 16 22 25 0
16 6 22 25 0
6 16 25 22 0
16 6 25 22 0
6 16 23 24 0
16 6 23 24 0
6 16 24 23 0
16 6 24 23 0
7 15 20 27 0
15 7 20 27 0
7 15 27 20 0
15 7 27 20 0
7 15 21 26 0
15 7 21 26 0
7 15 26 21 0
15 7 26 21 0
7 15 22 25 0
15 7 22 25 0
7 15 25 22 0
15 7 25 22 0
7 15 23 24 0
15 7 23 24 0
7 15 24 23 0
15 7 24 23 0
6 16 16 31 0
16 6 16 31 0
6 16 31 16 0
16 6 31 16 0
6 16 17 30 0
16 6 17 30 0
6 16 30 17 0
16 6 30 17 0
6 16 18 29 0
16 6 18 29 0
6 16 29 18 0
16 6 29 18 0
6 16 19 28 0
16 6 19 28 0
6 16 28 19 0
16 6 28 19 0
7 15 16 31 0
15 7 16 31 0
7 15 31 16 0
15 7 31 16 0
7 15 17 30 0
15 7 17 30 0
7 15 30 17 0
15 7 30 17 0
7 15 18 29 0
15 7 18 29 0
7 15 29 18 0
15 7 29 18 0
7 15 19 28 0
15 7 19 28 0
7 15 28 19 0
15 7 28 19 0
8 14 16 31 0
14 8 16 31 0
8 14 31 16 0
14 8 31 16 0
8 14 17 30 0
14 8 17 30 0
8 14 30 17 0
14 8 30 17 0
8 14 18 29 0
14 8 18 29 0
8 14 29 18 0
14 8 29 18 0
8 14 19 28 0
14 8 19 28 0
8 14 28 19 0
14 8 28 19 0
8 14 20 27 0
14 8 20 27 0
8 14 27 20 0
14 8 27 20 0
8 14 21 26 1
14 8 21 26 1
8 14 26 21 1
14 8 26 21 1
8 14 22 25 2
14 8 22 25 2
8 14 25 22 2
14 8 25 22 2
8 14 23 24 3
14 8 23 24 3
8 14 24 23 3
14 8 24 23 3
7 15 14 33 0
15 7 14 33 0
7 15 33 14 0
15 7 33 14 0
7 15 15 32 0
15 7 15 32 0
7 15 32 15 0
15 7 32 15 0
8 14 14 33 0
14 8 14 33 0
8 14 33 14 0
14 8 33 14 0
8 14 15 32 0
14 8 15 32 0
8 14 32 15 0
14 8 32 15 0
9 13 14 33 0
13 9 14 33 0
9 13 33 14 0
13 9 33 14 0
9 13 15 32 0
13 9 15 32 0
9 13 32 15 0
13 9 32 15 0
9 13 16 31 0
13 9 16 31 0
9 13 31 16 0
13 9 31 16 0
9 13 17 30 0
13 9 17 30 0
9 13 30 17 0
13 9 30 17 0
9 13 18 29 0
13 9 18 29 0
9 13 29 18 0
13 9 29 18 0
9 13 19 28 1
13 9 19 28 1
9 13 28 19 1
13 9 28 19 1
9 13 20 27 3
13 9 20 27 3
9 13 27 20 3
13 9 27 20 3
9 13 21 26 7
13 9 21 26 7
9 13 26 21 7
13 9 26 21 7
9 13 22 25 11
13 9 22 25 11
9 13 25 22 11
13 9 25 22 11
9 13 23 24 14
13 9 23 24 14
9 13 24 23 14
13 9 24 23 14
10 12 14 33 0
12 10 14 33 0
10 12 33 14 0
12 10 33 14 0
10 12 15 32 0
12 10 15 32 0
10 12 32 15 0
12 10 32 15 0
10 12 16 31 0
12 10 16 31 0
10 12 31 16 0
12 10 31 16 0
10 12 17 30 0
12 10 17 30 0
10 12 30 17 0
12 10 30 17 0
10 12 18 29 0
12 10 18 29 0
10 12 29 18 0
12 10 29 18 0
10 12 19 28 3
12 10 19 28 3
10 12 28 19 3
12 10 28 19 3
10 12 20 27 8
12 10 20 27 8
10 12 27 20 8
12 10 27 20 8
10 12 21 26 17
12 10 21 26 17
10 12 26 21 17
12 10 26 21 17
10 12 22 25 26
12 10 22 25 26
10 12 25 22 26
12 10 25 22 26
10 12 23 24 32
12 10 23 24 32
10 12 24 23 32
12 10 24 23 32
11 11 16 31 0
11 11 31 16 0
11 11 17 30 0
11 11 30 17 0
11 11 18 29 1
11 11 29 18 1
11 11 19 28 5
11 11 28 19 5
11 11 20 27 12
11 11 27 20 12
11 11 21 26 23
11 11 26 21 23
11 11 22 25 34
11 11 25 22 34
11 11 23 24 41
11 11 24 23 41
8 14 13 34 0
14 8 13 34 0
8 14 34 13 0
14 8 34 13 0
9 13 13 34 0
13 9 13 34 0
9 13 34 13 0
13 9 34 13 0
10 12 13 34 0
12 10 13 34 0
10 12 34 13 0
12 10 34 13 0
9 13 12 35 0
13 9 12 35 0
9 13 35 12 0
13 9 35 12 0
10 12 12 35 0
12 10 12 35 0
10 12 35 12 0
12 10 35 12 0
11 11 12 35 0
11 11 35 12 0
11 11 13 34 0
11 11 34 13 0
11 11 14 33 0
11 11 33 14 0
11 11 15 32 0
11 11 32 15 0
