3 15 13 26 0
15 3 13 26 0
3 15 26 13 0
15 3 26 13 0
3 15 14 25 0
15 3 14 25 0
3 15 25 14 0
15 3 25 14 0
3 15 15 24 0
15 3 15 24 0
3 15 24 15 0
15 3 24 15 0
3 15 16 23 0
15 3 16 23 0
3 15 23 16 0
15 3 23 16 0
3 15 17 22 0
15 3 17 22 0
3 15 22 17 0
15 3 22 17 0
3 15 18 21 0
15 3 18 21 0
3 15 21 18 0
15 3 21 18 0
3 15 19 20 0
15 3 19 20 0
3 15 20 19 0
15 3 20 19 0
4 14 13 26 0
14 4 13 26 0
4 14 26 13 0
14 4 26 13 0
4 14 14 25 0
14 4 14 25 0
4 14 25 14 0
14 4 25 14 0
4 14 15 24 0
14 4 15 24 0
4 14 24 15 0
14 4 24 15 0
4 14 16 23 0
14 4 16 23 0
4 14 23 16 0
14 4 23 16 0
4 14 17 22 0
14 4 17 22 0
4 14 22 17 0
14 4 22 17 0
4 14 18 21 0
14 4 18 21 0
4 14 21 18 0
14 4 21 18 0
4 14 19 20 0
14 4 19 20 0
4 14 20 19 0
14 4 20 19 0
5 13 13 26 0
13 5 13 26 0
5 13 26 13 0
13 5 26 13 0
5 13 14 25 0
13 5 14 25 0
5 13 25 14 0
13 5 25 14 0
5 13 15 24 0
13 5 15 24 0
5 13 24 15 0
13 5 24 15 0
5 13 16 23 1
13 5 16 23 1
5 13 23 16 1
13 5 23 16 1
5 13 17 22 2
13 5 17 22 2
5 13 22 17 2
13 5 22 17 2
5 13 18 21 3
13 5 18 21 3
5 13 21 18 3
13 5 21 18 3
5 13 19 20 4
13 5 19 20 4
5 13 20 19 4
13 5 20 19 4
4 14 11 28 0
14 4 11 28 0
4 14 28 11 0
14 4 28 11 0
4 14 12 27 0
14 4 12 27 0
4 14 27 12 0
14 4 27 12 0
5 13 11 28 0
13 5 11 28 0
5 13 28 11 0
13 5 28 11 0
5 13 12 27 0
13 5 12 27 0
5 13 27 12 0
13 5 27 12 0
6 12 11 28 0
12 6 11 28 0
6 12 28 11 0
12 6 28 11 0
6 12 12 27 0
12 6 12 27 0
6 12 27 12 0
12 6 27 12 0
6 12 13 26 0
12 6 13 26 0
6 12 26 13 0
12 6 26 13 0
6 12 14 25 1
12 6 14 25 1
6 12 25 14 1
12 6 25 14 1
6 12 15 24 3
12 6 15 24 3
6 12 24 15 3
12 6 24 15 3
6 12 16 23 9
12 6 16 23 9
6 12 23 16 9
12 6 23 16 9
6 12 17 22 16
12 6 17 22 16
6 12 22 17 16
12 6 22 17 16
6 12 18 21 23
12 6 18 21 23
6 12 21 18 23
12 6 21 18 23
6 12 19 20 28
12 6 19 20 28
6 12 20 19 28
12 6 20 19 28
7 11 11 28 0
11 7 11 28 0
7 11 28 11 0
11 7 28 11 0
7 11 12 27 0
11 7 12 27 0
7 11 27 12 0
11 7 27 12 0
7 11 13 26 1
11 7 13 26 1
7 11 26 13 1
11 7 26 13 1
7 11 14 25 6
11 7 14 25 6
7 11 25 14 6
11 7 25 14 6
7 11 15 24 16
11 7 15 24 16
7 11 24 15 16
11 7 24 15 16
7 11 16 23 34
11 7 16 23 34
7 11 23 16 34
11 7 23 16 34
7 11 17 22 56
11 7 17 22 56
7 11 22 17 56
11 7 22 17 56
7 11 18 21 77
11 7 18 21 77
7 11 21 18 77
11 7 21 18 77
7 11 19 20 90
11 7 19 20 90
7 11 20 19 90
11 7 20 19 90
8 10 13 26 4
10 8 13 26 4
8 10 26 13 4
10 8 26 13 4
8 10 14 25 15
10 8 14 25 15
8 10 25 14 15
10 8 25 14 15
8 10 15 24 35
10 8 15 24 35
8 10 24 15 35
10 8 24 15 35
8 10 16 23 69
10 8 16 23 69
8 10 23 16 69
10 8 23 16 69
8 10 17 22 109
10 8 17 22 109
8 10 22 17 109
10 8 22 17 109
8 10 18 21 147
10 8 18 21 147
8 10 21 18 147
10 8 21 18 147
8 10 19 20 170
10 8 19 20 170
8 10 20 19 170
10 8 20 19 170
5 13 9 30 0
13 5 9 30 0
5 13 30 9 0
13 5 30 9 0
5 13 10 29 0
13 5 10 29 0
5 13 29 10 0
13 5 29 10 0
6 12 9 30 0
12 6 9 30 0
6 12 30 9 0
12 6 30 9 0
6 12 10 29 0
12 6 10 29 0
6 12 29 10 0
12 6 29 10 0
7 11 9 30 0
11 7 9 30 0
7 11 30 9 0
11 7 30 9 0
7 11 10 29 0
11 7 10 29 0
7 11 29 10 0
11 7 29 10 0
6 12 8 31 0
12 6 8 31 0
6 12 31 8 0
12 6 31 8 0
7 11 8 31 0
11 7 8 31 0
7 11 31 8 0
11 7 31 8 0
8 10 8 31 0
10 8 8 31 0
8 10 31 8 0
10 8 31 8 0
8 10 9 30 0
10 8 9 30 0
8 10 30 9 0
10 8 30 9 0
8 10 10 29 0
10 8 10 29 0
8 10 29 10 0
10 8 29 10 0
8 10 11 28 0
10 8 11 28 0
8 10 28 11 0
10 8 28 11 0
8 10 12 27 1
10 8 12 27 1
8 10 27 12 1
10 8 27 12 1
9 9 9 30 0
9 9 30 9 0
9 9 10 29 0
9 9 29 10 0
9 9 11 28 0
9 9 28 11 0
9 9 12 27 1
9 9 27 12 1
9 9 13 26 6
9 9 26 13 6
9 9 14 25 20
9 9 25 14 20
9 9 15 24 46
9 9 24 15 46
9 9 16 23 88
9 9 23 16 88
9 9 17 22 137
9 9 22 17 137
9 9 18 21 182
9 9 21 18 182
9 9 19 20 210
9 9 20 19 210
7 11 7 32 0
11 7 7 32 0
7 11 32 7 0
11 7 32 7 0
8 10 7 32 0
10 8 7 32 0
8 10 32 7 0
10 8 32 7 0
9 9 7 32 0
9 9 32 7 0
9 9 8 31 0
9 9 31 8 0
