3 15 11 50 0
15 3 11 50 0
3 15 50 11 0
15 3 50 11 0
1 17 17 44 3
17 1 17 44 3
1 17 44 17 3
17 1 44 17 3
6 12 30 31 20777
12 6 30 31 20777
6 12 31 30 20777
12 6 31 30 20777
1 17 24 37 81
17 1 24 37 81
1 17 37 24 81
17 1 37 24 81
6 12 9 52 2
12 6 9 52 2
6 12 52 9 2
12 6 52 9 2
9 9 3 58 0
9 9 58 3 0
7 11 9 52 5
11 7 9 52 5
7 11 52 9 5
11 7 52 9 5
8 10 18 43 4244
10 8 18 43 4244
8 10 43 18 4244
10 8 43 18 4244
2 16 26 35 601
16 2 26 35 601
2 16 35 26 601
16 2 35 26 601
0 18 30 31 16
18 0 30 31 16
0 18 31 30 16
18 0 31 30 16
4 14 24 37 3488
14 4 24 37 3488
4 14 37 24 3488
14 4 37 24 3488
2 16 14 47 3
16 2 14 47 3
2 16 47 14 3
16 2 47 14 3
9 9 23 38 18762
9 9 38 23 18762
2 16 29 32 805
16 2 29 32 805
2 16 32 29 805
16 2 32 29 805
4 14 8 53 0
14 4 8 53 0
4 14 53 8 0
14 4 53 8 0
5 13 12 49 34
13 5 12 49 34
5 13 49 12 34
13 5 49 12 34
4 14 7 54 0
14 4 7 54 0
4 14 54 7 0
14 4 54 7 0
6 12 24 37 11845
12 6 24 37 11845
6 12 37 24 11845
12 6 37 24 11845
6 12 20 41 4531
12 6 20 41 4531
6 12 41 20 4531
12 6 41 20 4531
7 11 24 37 17008
11 7 24 37 17008
7 11 37 24 17008
11 7 37 24 17008
7 11 13 48 270
11 7 13 48 270
7 11 48 13 270
11 7 48 13 270
5 13 16 45 506
13 5 16 45 506
5 13 45 16 506
13 5 45 16 506
8 10 12 49 172
10 8 12 49 172
8 10 49 12 172
10 8 49 12 172
8 10 14 47 651
10 8 14 47 651
8 10 47 14 651
10 8 47 14 651
8 10 11 50 75
10 8 11 50 75
8 10 50 11 75
10 8 50 11 75
4 14 15 46 126
14 4 15 46 126
4 14 46 15 126
14 4 46 15 126
1 17 28 33 160
17 1 28 33 160
1 17 33 28 160
17 1 33 28 160
1 17 10 51 0
17 1 10 51 0
1 17 51 10 0
17 1 51 10 0
9 9 8 53 2
9 9 53 8 2
8 10 4 57 0
10 8 4 57 0
8 10 57 4 0
10 8 57 4 0
8 10 5 56 0
10 8 5 56 0
8 10 56 5 0
10 8 56 5 0
2 16 15 46 7
16 2 15 46 7
2 16 46 15 7
16 2 46 15 7
2 16 8 53 0
16 2 8 53 0
2 16 53 8 0
16 2 53 8 0
2 16 21 40 180
16 2 21 40 180
2 16 40 21 180
16 2 40 21 180
0 18 16 45 0
18 0 16 45 0
0 18 45 16 0
18 0 45 16 0
8 10 29 32 35266
10 8 29 32 35266
8 10 32 29 35266
10 8 32 29 35266
2 16 18 43 50
16 2 18 43 50
2 16 43 18 50
16 2 43 18 50
0 18 21 40 1
18 0 21 40 1
0 18 40 21 1
18 0 40 21 1
8 10 2 59 0
10 8 2 59 0
8 10 59 2 0
10 8 59 2 0
9 9 10 51 34
9 9 51 10 34
6 12 25 36 13940
12 6 25 36 13940
6 12 36 25 13940
12 6 36 25 13940
5 13 4 57 0
13 5 4 57 0
5 13 57 4 0
13 5 57 4 0
4 14 16 45 223
14 4 16 45 223
4 14 45 16 223
14 4 45 16 223
0 18 28 33 14
18 0 28 33 14
0 18 33 28 14
18 0 33 28 14
8 10 10 51 27
10 8 10 51 27
8 10 51 10 27
10 8 51 10 27
4 14 10 51 1
14 4 10 51 1
4 14 51 10 1
14 4 51 10 1
3 15 22 39 850
15 3 22 39 850
3 15 39 22 850
15 3 39 22 850
6 12 3 58 0
12 6 3 58 0
6 12 58 3 0
12 6 58 3 0
4 14 29 32 6188
14 4 29 32 6188
4 14 32 29 6188
14 4 32 29 6188
9 9 13 48 396
9 9 48 13 396
5 13 13 48 79
13 5 13 48 79
5 13 48 13 79
13 5 48 13 79
5 13 18 43 1260
13 5 18 43 1260
5 13 43 18 1260
13 5 43 18 1260
9 9 19 42 6562
9 9 42 19 6562
9 9 27 34 33336
9 9 34 27 33336
0 18 29 32 15
18 0 29 32 15
0 18 32 29 15
18 0 32 29 15
9 9 17 44 3128
9 9 44 17 3128
7 11 7 54 0
11 7 7 54 0
7 11 54 7 0
11 7 54 7 0
5 13 20 41 2591
13 5 20 41 2591
5 13 41 20 2591
13 5 41 20 2591
6 12 6 55 0
12 6 6 55 0
6 12 55 6 0
12 6 55 6 0
6 12 27 34 17730
12 6 27 34 17730
6 12 34 27 17730
12 6 34 27 17730
6 12 12 49 77
12 6 12 49 77
6 12 49 12 77
12 6 49 12 77
5 13 19 42 1845
13 5 19 42 1845
5 13 42 19 1845
13 5 42 19 1845
8 10 9 52 7
10 8 9 52 7
8 10 52 9 7
10 8 52 9 7
4 14 27 34 5373
14 4 27 34 5373
4 14 34 27 5373
14 4 34 27 5373
7 11 6 55 0
11 7 6 55 0
7 11 55 6 0
11 7 55 6 0
5 13 24 37 7003
13 5 24 37 7003
5 13 37 24 7003
13 5 37 24 7003
8 10 27 34 31017
10 8 27 34 31017
8 10 34 27 31017
10 8 34 27 31017
6 12 18 43 2267
12 6 18 43 2267
6 12 43 18 2267
12 6 43 18 2267
1 17 19 42 11
17 1 19 42 11
1 17 42 19 11
17 1 42 19 11
7 11 4 57 0
11 7 4 57 0
7 11 57 4 0
11 7 57 4 0
5 13 27 34 10614
13 5 27 34 10614
5 13 34 27 10614
13 5 34 27 10614
9 9 25 36 26430
9 9 36 25 26430
8 10 26 35 27973
10 8 26 35 27973
8 10 35 26 27973
10 8 35 26 27973
5 13 29 32 12162
13 5 29 32 12162
5 13 32 29 12162
13 5 32 29 12162
8 10 21 40 10947
10 8 21 40 10947
8 10 40 21 10947
10 8 40 21 10947
2 16 30 31 831
16 2 30 31 831
2 16 31 30 831
16 2 31 30 831
8 10 8 53 1
10 8 8 53 1
8 10 53 8 1
10 8 53 8 1
7 11 5 56 0
11 7 5 56 0
7 11 56 5 0
11 7 56 5 0
4 14 18 43 582
14 4 18 43 582
4 14 43 18 582
14 4 43 18 582
9 9 6 55 0
9 9 55 6 0
6 12 16 45 949
12 6 16 45 949
6 12 45 16 949
12 6 45 16 949
2 16 28 33 755
16 2 28 33 755
2 16 33 28 755
16 2 33 28 755
1 17 22 39 44
17 1 22 39 44
1 17 39 22 44
17 1 39 22 44
6 12 4 57 0
12 6 4 57 0
6 12 57 4 0
12 6 57 4 0
0 18 24 37 5
18 0 24 37 5
0 18 37 24 5
18 0 37 24 5
1 17 11 50 0
17 1 11 50 0
1 17 50 11 0
17 1 50 11 0
1 17 14 47 0
17 1 14 47 0
1 17 47 14 0
17 1 47 14 0
4 14 14 47 66
14 4 14 47 66
4 14 47 14 66
14 4 47 14 66
3 15 28 33 2375
15 3 28 33 2375
3 15 33 28 2375
15 3 33 28 2375
4 14 19 42 868
14 4 19 42 868
4 14 42 19 868
14 4 42 19 868
1 17 21 40 30
17 1 21 40 30
1 17 40 21 30
17 1 40 21 30
6 12 5 56 0
12 6 5 56 0
6 12 56 5 0
12 6 56 5 0
1 17 13 48 0
17 1 13 48 0
1 17 48 13 0
17 1 48 13 0
5 13 28 33 11519
13 5 28 33 11519
5 13 33 28 11519
13 5 33 28 11519
4 14 28 33 5849
14 4 28 33 5849
4 14 33 28 5849
14 4 33 28 5849
9 9 11 50 88
9 9 50 11 88
7 11 21 40 8815
11 7 21 40 8815
7 11 40 21 8815
11 7 40 21 8815
7 11 29 32 28752
11 7 29 32 28752
7 11 32 29 28752
11 7 32 29 28752
2 16 17 44 29
16 2 17 44 29
2 16 44 17 29
16 2 44 17 29
3 15 23 38 1098
15 3 23 38 1098
3 15 38 23 1098
15 3 38 23 1098
3 15 30 31 2597
15 3 30 31 2597
3 15 31 30 2597
15 3 31 30 2597
9 9 20 41 8968
9 9 41 20 8968
1 17 20 41 19
17 1 20 41 19
1 17 41 20 19
17 1 41 20 19
1 17 25 36 102
17 1 25 36 102
1 17 36 25 102
17 1 36 25 102
7 11 26 35 22753
11 7 26 35 22753
7 11 35 26 22753
11 7 35 26 22753
3 15 14 47 17
15 3 14 47 17
3 15 47 14 17
15 3 47 14 17
5 13 30 31 12497
13 5 30 31 12497
5 13 31 30 12497
13 5 31 30 12497
8 10 7 54 0
10 8 7 54 0
8 10 54 7 0
10 8 54 7 0
3 15 9 52 0
15 3 9 52 0
3 15 52 9 0
15 3 52 9 0
4 14 20 41 1238
14 4 20 41 1238
4 14 41 20 1238
14 4 41 20 1238
0 18 27 34 12
18 0 27 34 12
0 18 34 27 12
18 0 34 27 12
3 15 13 48 7
15 3 13 48 7
3 15 48 13 7
15 3 48 13 7
1 17 15 46 0
17 1 15 46 0
1 17 46 15 0
17 1 46 15 0
2 16 16 45 15
16 2 16 45 15
2 16 45 16 15
16 2 45 16 15
9 9 24 37 22590
9 9 37 24 22590
7 11 17 44 2266
11 7 17 44 2266
7 11 44 17 2266
11 7 44 17 2266
2 16 12 49 0
16 2 12 49 0
2 16 49 12 0
16 2 49 12 0
3 15 7 54 0
15 3 7 54 0
3 15 54 7 0
15 3 54 7 0
8 10 13 48 351
10 8 13 48 351
8 10 48 13 351
10 8 48 13 351
8 10 20 41 8275
10 8 20 41 8275
8 10 41 20 8275
10 8 41 20 8275
5 13 5 56 0
13 5 5 56 0
5 13 56 5 0
13 5 56 5 0
6 12 26 35 15939
12 6 26 35 15939
6 12 35 26 15939
12 6 35 26 15939
7 11 23 38 14083
11 7 23 38 14083
7 11 38 23 14083
11 7 38 23 14083
0 18 22 39 2
18 0 22 39 2
0 18 39 22 2
18 0 39 22 2
0 18 15 46 0
18 0 15 46 0
0 18 46 15 0
18 0 46 15 0
3 15 19 42 307
15 3 19 42 307
3 15 42 19 307
15 3 42 19 307
9 9 16 45 2024
9 9 45 16 2024
6 12 19 42 3270
12 6 19 42 3270
6 12 42 19 3270
12 6 42 19 3270
2 16 10 51 0
16 2 10 51 0
2 16 51 10 0
16 2 51 10 0
2 16 27 34 685
16 2 27 34 685
2 16 34 27 685
16 2 34 27 685
3 15 12 49 2
15 3 12 49 2
3 15 49 12 2
15 3 49 12 2
6 12 10 51 10
12 6 10 51 10
6 12 51 10 10
12 6 51 10 10
7 11 25 36 19950
11 7 25 36 19950
7 11 36 25 19950
11 7 36 25 19950
5 13 26 35 9512
13 5 26 35 9512
5 13 35 26 9512
13 5 35 26 9512
6 12 14 47 319
12 6 14 47 319
6 12 47 14 319
12 6 47 14 319
8 10 30 31 36183
10 8 30 31 36183
8 10 31 30 36183
10 8 31 30 36183
1 17 29 32 172
17 1 29 32 172
1 17 32 29 172
17 1 32 29 172
9 9 2 59 0
9 9 59 2 0
7 11 10 51 20
11 7 10 51 20
7 11 51 10 20
11 7 51 10 20
6 12 22 39 7814
12 6 22 39 7814
6 12 39 22 7814
12 6 39 22 7814
7 11 22 39 11317
11 7 22 39 11317
7 11 39 22 11317
11 7 39 22 11317
3 15 17 44 121
15 3 17 44 121
3 15 44 17 121
15 3 44 17 121
8 10 28 33 33503
10 8 28 33 33503
8 10 33 28 33503
10 8 33 28 33503
8 10 25 36 24560
10 8 25 36 24560
8 10 36 25 24560
10 8 36 25 24560
3 15 15 46 36
15 3 15 46 36
3 15 46 15 36
15 3 46 15 36
9 9 14 47 726
9 9 47 14 726
3 15 29 32 2520
15 3 29 32 2520
3 15 32 29 2520
15 3 32 29 2520
6 12 15 46 568
12 6 15 46 568
6 12 46 15 568
12 6 46 15 568
5 13 17 44 820
13 5 17 44 820
5 13 44 17 820
13 5 44 17 820
2 16 19 42 81
16 2 19 42 81
2 16 42 19 81
16 2 42 19 81
9 9 28 33 35994
9 9 33 28 35994
0 18 19 42 0
18 0 19 42 0
0 18 42 19 0
18 0 42 19 0
2 16 24 37 417
16 2 24 37 417
2 16 37 24 417
16 2 37 24 417
6 12 28 33 19195
12 6 28 33 19195
6 12 33 28 19195
12 6 33 28 19195
6 12 29 32 20234
12 6 29 32 20234
6 12 32 29 20234
12 6 32 29 20234
7 11 2 59 0
11 7 2 59 0
7 11 59 2 0
11 7 59 2 0
4 14 23 38 2836
14 4 23 38 2836
4 14 38 23 2836
14 4 38 23 2836
2 16 22 39 248
16 2 22 39 248
2 16 39 22 248
16 2 39 22 248
6 12 21 40 6054
12 6 21 40 6054
6 12 40 21 6054
12 6 40 21 6054
7 11 12 49 131
11 7 12 49 131
7 11 49 12 131
11 7 49 12 131
8 10 22 39 14015
10 8 22 39 14015
8 10 39 22 14015
10 8 39 22 14015
4 14 26 35 4795
14 4 26 35 4795
4 14 35 26 4795
14 4 35 26 4795
2 16 23 38 328
16 2 23 38 328
2 16 38 23 328
16 2 38 23 328
1 17 12 49 0
17 1 12 49 0
1 17 49 12 0
17 1 49 12 0
3 15 26 35 1922
15 3 26 35 1922
3 15 35 26 1922
15 3 35 26 1922
9 9 26 35 30080
9 9 35 26 30080
3 15 24 37 1371
15 3 24 37 1371
3 15 37 24 1371
15 3 37 24 1371
8 10 23 38 17401
10 8 23 38 17401
8 10 38 23 17401
10 8 38 23 17401
3 15 8 53 0
15 3 8 53 0
3 15 53 8 0
15 3 53 8 0
2 16 9 52 0
16 2 9 52 0
2 16 52 9 0
16 2 52 9 0
6 12 23 38 9769
12 6 23 38 9769
6 12 38 23 9769
12 6 38 23 9769
3 15 10 51 0
15 3 10 51 0
3 15 51 10 0
15 3 51 10 0
3 15 21 40 633
15 3 21 40 633
3 15 40 21 633
15 3 40 21 633
9 9 4 57 0
9 9 57 4 0
5 13 10 51 3
13 5 10 51 3
5 13 51 10 3
13 5 51 10 3
6 12 7 54 0
12 6 7 54 0
6 12 54 7 0
12 6 54 7 0
3 15 16 45 69
15 3 16 45 69
3 15 45 16 69
15 3 45 16 69
5 13 6 55 0
13 5 6 55 0
5 13 55 6 0
13 5 55 6 0
7 11 28 33 27301
11 7 28 33 27301
7 11 33 28 27301
11 7 33 28 27301
6 12 11 50 31
12 6 11 50 31
6 12 50 11 31
12 6 50 11 31
1 17 26 35 123
17 1 26 35 123
1 17 35 26 123
17 1 35 26 123
3 15 25 36 1651
15 3 25 36 1651
3 15 36 25 1651
15 3 36 25 1651
8 10 19 42 6040
10 8 19 42 6040
8 10 42 19 6040
10 8 42 19 6040
1 17 27 34 143
17 1 27 34 143
1 17 34 27 143
17 1 34 27 143
1 17 18 43 6
17 1 18 43 6
1 17 43 18 6
17 1 43 18 6
9 9 5 56 0
9 9 56 5 0
7 11 16 45 1450
11 7 16 45 1450
7 11 45 16 1450
11 7 45 16 1450
4 14 5 56 0
14 4 5 56 0
4 14 56 5 0
14 4 56 5 0
9 9 9 52 10
9 9 52 9 10
2 16 25 36 510
16 2 25 36 510
2 16 36 25 510
16 2 36 25 510
5 13 21 40 3498
13 5 21 40 3498
5 13 40 21 3498
13 5 40 21 3498
5 13 7 54 0
13 5 7 54 0
5 13 54 7 0
13 5 54 7 0
5 13 11 50 12
13 5 11 50 12
5 13 50 11 12
13 5 50 11 12
8 10 6 55 0
10 8 6 55 0
8 10 55 6 0
10 8 55 6 0
3 15 20 41 451
15 3 20 41 451
3 15 41 20 451
15 3 41 20 451
8 10 3 58 0
10 8 3 58 0
8 10 58 3 0
10 8 58 3 0
5 13 22 39 4556
13 5 22 39 4556
5 13 39 22 4556
13 5 39 22 4556
9 9 12 49 198
9 9 49 12 198
9 9 7 54 0
9 9 54 7 0
7 11 11 50 56
11 7 11 50 56
7 11 50 11 56
11 7 50 11 56
3 15 18 43 199
15 3 18 43 199
3 15 43 18 199
15 3 43 18 199
5 13 23 38 5739
13 5 23 38 5739
5 13 38 23 5739
13 5 38 23 5739
0 18 23 38 3
18 0 23 38 3
0 18 38 23 3
18 0 38 23 3
0 18 25 36 7
18 0 25 36 7
0 18 36 25 7
18 0 36 25 7
5 13 25 36 8284
13 5 25 36 8284
5 13 36 25 8284
13 5 36 25 8284
5 13 9 52 0
13 5 9 52 0
5 13 52 9 0
13 5 52 9 0
5 13 15 46 294
13 5 15 46 294
5 13 46 15 294
13 5 46 15 294
6 12 13 48 166
12 6 13 48 166
6 12 48 13 166
12 6 48 13 166
9 9 22 39 15134
9 9 39 22 15134
9 9 21 40 11840
9 9 40 21 11840
4 14 25 36 4154
14 4 25 36 4154
4 14 36 25 4154
14 4 36 25 4154
2 16 11 50 0
16 2 11 50 0
2 16 50 11 0
16 2 50 11 0
7 11 20 41 6643
11 7 20 41 6643
7 11 41 20 6643
11 7 41 20 6643
7 11 27 34 25255
11 7 27 34 25255
7 11 34 27 25255
11 7 34 27 25255
0 18 20 41 0
18 0 20 41 0
0 18 41 20 0
18 0 41 20 0
8 10 24 37 20972
10 8 24 37 20972
8 10 37 24 20972
10 8 37 24 20972
9 9 29 32 37876
9 9 32 29 37876
3 15 27 34 2170
15 3 27 34 2170
3 15 34 27 2170
15 3 34 27 2170
4 14 6 55 0
14 4 6 55 0
4 14 55 6 0
14 4 55 6 0
0 18 26 35 9
18 0 26 35 9
0 18 35 26 9
18 0 35 26 9
9 9 15 46 1246
9 9 46 15 1246
4 14 17 44 371
14 4 17 44 371
4 14 44 17 371
14 4 44 17 371
1 17 23 38 61
17 1 23 38 61
1 17 38 23 61
17 1 38 23 61
4 14 4 57 0
14 4 4 57 0
4 14 57 4 0
14 4 57 4 0
7 11 19 42 4830
11 7 19 42 4830
7 11 42 19 4830
11 7 42 19 4830
7 11 3 58 0
11 7 3 58 0
7 11 58 3 0
11 7 58 3 0
6 12 8 53 0
12 6 8 53 0
6 12 53 8 0
12 6 53 8 0
7 11 14 47 506
11 7 14 47 506
7 11 47 14 506
11 7 47 14 506
0 18 18 43 0
18 0 18 43 0
0 18 43 18 0
18 0 43 18 0
1 17 30 31 178
17 1 30 31 178
1 17 31 30 178
17 1 31 30 178
4 14 22 39 2230
14 4 22 39 2230
4 14 39 22 2230
14 4 39 22 2230
4 14 30 31 6365
14 4 30 31 6365
4 14 31 30 6365
14 4 31 30 6365
9 9 18 43 4626
9 9 43 18 4626
1 17 16 45 1
17 1 16 45 1
1 17 45 16 1
17 1 45 16 1
7 11 18 43 3380
11 7 18 43 3380
7 11 43 18 3380
11 7 43 18 3380
3 15 6 55 0
15 3 6 55 0
3 15 55 6 0
15 3 55 6 0
6 12 17 44 1503
12 6 17 44 1503
6 12 44 17 1503
12 6 44 17 1503
7 11 8 53 1
11 7 8 53 1
7 11 53 8 1
11 7 53 8 1
5 13 8 53 0
13 5 8 53 0
5 13 53 8 0
13 5 53 8 0
4 14 13 48 31
14 4 13 48 31
4 14 48 13 31
14 4 48 13 31
2 16 7 54 0
16 2 7 54 0
2 16 54 7 0
16 2 54 7 0
2 16 20 41 124
16 2 20 41 124
2 16 41 20 124
16 2 41 20 124
0 18 17 44 0
18 0 17 44 0
0 18 44 17 0
18 0 44 17 0
5 13 14 47 160
13 5 14 47 160
5 13 47 14 160
13 5 47 14 160
7 11 30 31 29507
11 7 30 31 29507
7 11 31 30 29507
11 7 31 30 29507
4 14 21 40 1694
14 4 21 40 1694
4 14 40 21 1694
14 4 40 21 1694
4 14 11 50 4
14 4 11 50 4
4 14 50 11 4
14 4 50 11 4
2 16 13 48 1
16 2 13 48 1
2 16 48 13 1
16 2 48 13 1
4 14 12 49 12
14 4 12 49 12
4 14 49 12 12
14 4 49 12 12
9 9 30 31 38858
9 9 31 30 38858
4 14 9 52 0
14 4 9 52 0
4 14 52 9 0
14 4 52 9 0
8 10 16 45 1840
10 8 16 45 1840
8 10 45 16 1840
10 8 45 16 1840
7 11 15 46 881
11 7 15 46 881
7 11 46 15 881
11 7 46 15 881
8 10 17 44 2860
10 8 17 44 2860
8 10 44 17 2860
10 8 44 17 2860
8 10 15 46 1126
10 8 15 46 1126
8 10 46 15 1126
10 8 46 15 1126
