0 21 21 49 0
21 0 21 49 0
0 21 49 21 0
21 0 49 21 0
9 12 30 40 48657
12 9 30 40 48657
9 12 40 30 48657
12 9 40 30 48657
10 11 10 60 1
11 10 10 60 1
10 11 60 10 1
11 10 60 10 1
4 17 18 52 43
17 4 18 52 43
4 17 52 18 43
17 4 52 18 43
9 12 18 52 1514
12 9 18 52 1514
9 12 52 18 1514
12 9 52 18 1514
7 14 28 42 19135
14 7 28 42 19135
7 14 42 28 19135
14 7 42 28 19135
5 16 21 49 658
16 5 21 49 658
5 16 49 21 658
16 5 49 21 658
6 15 15 55 42
15 6 15 55 42
6 15 55 15 42
15 6 55 15 42
6 15 35 35 20606
15 6 35 35 20606
3 18 13 57 0
18 3 13 57 0
3 18 57 13 0
18 3 57 13 0
4 17 29 41 2714
17 4 29 41 2714
4 17 41 29 2714
17 4 41 29 2714
7 14 5 65 0
14 7 5 65 0
7 14 65 5 0
14 7 65 5 0
9 12 7 63 0
12 9 7 63 0
9 12 63 7 0
12 9 63 7 0
6 15 19 51 583
15 6 19 51 583
6 15 51 19 583
15 6 51 19 583
9 12 34 36 64372
12 9 34 36 64372
9 12 36 34 64372
12 9 36 34 64372
10 11 3 67 0
11 10 3 67 0
10 11 67 3 0
11 10 67 3 0
6 15 18 52 340
15 6 18 52 340
6 15 52 18 340
15 6 52 18 340
5 16 16 54 34
16 5 16 54 34
5 16 54 16 34
16 5 54 16 34
7 14 15 55 99
14 7 15 55 99
7 14 55 15 99
14 7 55 15 99
6 15 32 38 18444
15 6 32 38 18444
6 15 38 32 18444
15 6 38 32 18444
10 11 25 45 22376
11 10 25 45 22376
10 11 45 25 22376
11 10 45 25 22376
1 20 17 53 0
20 1 17 53 0
1 20 53 17 0
20 1 53 17 0
6 15 22 48 2188
15 6 22 48 2188
6 15 48 22 2188
15 6 48 22 2188
2 19 35 35 390
19 2 35 35 390
5 16 14 56 5
16 5 14 56 5
5 16 56 14 5
16 5 56 14 5
9 12 15 55 252
12 9 15 55 252
9 12 55 15 252
12 9 55 15 252
2 19 18 52 1
19 2 18 52 1
2 19 52 18 1
19 2 52 18 1
9 12 22 48 8132
12 9 22 48 8132
9 12 48 22 8132
12 9 48 22 8132
2 19 25 45 69
19 2 25 45 69
2 19 45 25 69
19 2 45 25 69
1 20 26 44 11
20 1 26 44 11
1 20 44 26 11
20 1 44 26 11
10 11 6 64 0
11 10 6 64 0
10 11 64 6 0
11 10 64 6 0
8 13 7 63 0
13 8 7 63 0
8 13 63 7 0
13 8 63 7 0
10 11 7 63 0
11 10 7 63 0
10 11 63 7 0
11 10 63 7 0
0 21 31 39 2
21 0 31 39 2
0 21 39 31 2
21 0 39 31 2
4 17 31 39 3581
17 4 31 39 3581
4 17 39 31 3581
17 4 39 31 3581
6 15 26 44 7342
15 6 26 44 7342
6 15 44 26 7342
15 6 44 26 7342
7 14 35 35 34754
14 7 35 35 34754
8 13 33 37 48378
13 8 33 37 48378
8 13 37 33 48378
13 8 37 33 48378
10 11 21 49 6512
11 10 21 49 6512
10 11 49 21 6512
11 10 49 21 6512
0 21 30 40 2
21 0 30 40 2
0 21 40 30 2
21 0 40 30 2
0 21 25 45 0
21 0 25 45 0
0 21 45 25 0
21 0 45 25 0
5 16 10 60 0
16 5 10 60 0
5 16 60 10 0
16 5 60 10 0
3 18 29 41 884
18 3 29 41 884
3 18 41 29 884
18 3 41 29 884
4 17 7 63 0
17 4 7 63 0
4 17 63 7 0
17 4 63 7 0
3 18 27 43 573
18 3 27 43 573
3 18 43 27 573
18 3 43 27 573
4 17 32 38 3947
17 4 32 38 3947
4 17 38 32 3947
17 4 38 32 3947
0 21 29 41 1
21 0 29 41 1
0 21 41 29 1
21 0 41 29 1
7 14 25 45 10021
14 7 25 45 10021
7 14 45 25 10021
14 7 45 25 10021
5 16 15 55 14
16 5 15 55 14
5 16 55 15 14
16 5 55 15 14
8 13 20 50 2815
13 8 20 50 2815
8 13 50 20 2815
13 8 50 20 2815
8 13 28 42 28262
13 8 28 42 28262
8 13 42 28 28262
13 8 42 28 28262
8 13 30 40 37731
13 8 30 40 37731
8 13 40 30 37731
13 8 40 30 37731
1 20 20 50 0
20 1 20 50 0
1 20 50 20 0
20 1 50 20 0
2 19 12 58 0
19 2 12 58 0
2 19 58 12 0
19 2 58 12 0
1 20 28 42 23
20 1 28 42 23
1 20 42 28 23
20 1 42 28 23
3 18 14 56 0
18 3 14 56 0
3 18 56 14 0
18 3 56 14 0
9 12 16 54 491
12 9 16 54 491
9 12 54 16 491
12 9 54 16 491
2 19 21 49 9
19 2 21 49 9
2 19 49 21 9
19 2 49 21 9
4 17 9 61 0
17 4 9 61 0
4 17 61 9 0
17 4 61 9 0
6 15 34 36 20364
15 6 34 36 20364
6 15 36 34 20364
15 6 36 34 20364
8 13 8 62 0
13 8 8 62 0
8 13 62 8 0
13 8 62 8 0
4 17 16 54 9
17 4 16 54 9
4 17 54 16 9
17 4 54 16 9
2 19 14 56 0
19 2 14 56 0
2 19 56 14 0
19 2 56 14 0
0 21 22 48 0
21 0 22 48 0
0 21 48 22 0
21 0 48 22 0
3 18 20 50 33
18 3 20 50 33
3 18 50 20 33
18 3 50 20 33
8 13 25 45 15012
13 8 25 45 15012
8 13 45 25 15012
13 8 45 25 15012
3 18 12 58 0
18 3 12 58 0
3 18 58 12 0
18 3 58 12 0
2 19 33 37 365
19 2 33 37 365
2 19 37 33 365
19 2 37 33 365
2 19 20 50 5
19 2 20 50 5
2 19 50 20 5
19 2 50 20 5
8 13 6 64 0
13 8 6 64 0
8 13 64 6 0
13 8 64 6 0
3 18 35 35 1510
18 3 35 35 1510
4 17 27 43 1823
17 4 27 43 1823
4 17 43 27 1823
17 4 43 27 1823
8 13 34 36 50126
13 8 34 36 50126
8 13 36 34 50126
13 8 36 34 50126
7 14 4 66 0
14 7 4 66 0
7 14 66 4 0
14 7 66 4 0
3 18 34 36 1490
18 3 34 36 1490
3 18 36 34 1490
18 3 36 34 1490
7 14 30 40 25704
14 7 30 40 25704
7 14 40 30 25704
14 7 40 30 25704
10 11 26 44 28255
11 10 26 44 28255
10 11 44 26 28255
11 10 44 26 28255
1 20 30 40 38
20 1 30 40 38
1 20 40 30 38
20 1 40 30 38
7 14 23 47 5604
14 7 23 47 5604
7 14 47 23 5604
14 7 47 23 5604
7 14 27 43 15860
14 7 27 43 15860
7 14 43 27 15860
14 7 43 27 15860
0 21 23 47 0
21 0 23 47 0
0 21 47 23 0
21 0 47 23 0
8 13 23 47 8510
13 8 23 47 8510
8 13 47 23 8510
13 8 47 23 8510
2 19 29 41 215
19 2 29 41 215
2 19 41 29 215
19 2 41 29 215
3 18 19 51 17
18 3 19 51 17
3 18 51 19 17
18 3 51 19 17
10 11 30 40 55069
11 10 30 40 55069
10 11 40 30 55069
11 10 40 30 55069
8 13 5 65 0
13 8 5 65 0
8 13 65 5 0
13 8 65 5 0
10 11 23 47 12867
11 10 23 47 12867
10 11 47 23 12867
11 10 47 23 12867
4 17 28 42 2264
17 4 28 42 2264
4 17 42 28 2264
17 4 42 28 2264
10 11 9 61 0
11 10 9 61 0
10 11 61 9 0
11 10 61 9 0
1 20 19 51 0
20 1 19 51 0
1 20 51 19 0
20 1 51 19 0
8 13 35 35 50702
13 8 35 35 50702
6 15 23 47 3114
15 6 23 47 3114
6 15 47 23 3114
15 6 47 23 3114
8 13 12 58 10
13 8 12 58 10
8 13 58 12 10
13 8 58 12 10
5 16 9 61 0
16 5 9 61 0
5 16 61 9 0
16 5 61 9 0
3 18 33 37 1424
18 3 33 37 1424
3 18 37 33 1424
18 3 37 33 1424
5 16 20 50 414
16 5 20 50 414
5 16 50 20 414
16 5 50 20 414
9 12 23 47 11256
12 9 23 47 11256
9 12 47 23 11256
12 9 47 23 11256
7 14 20 50 1800
14 7 20 50 1800
7 14 50 20 1800
14 7 50 20 1800
1 20 24 46 4
20 1 24 46 4
1 20 46 24 4
20 1 46 24 4
6 15 33 37 19613
15 6 33 37 19613
6 15 37 33 19613
15 6 37 33 19613
5 16 6 64 0
16 5 6 64 0
5 16 64 6 0
16 5 64 6 0
5 16 12 58 0
16 5 12 58 0
5 16 58 12 0
16 5 58 12 0
4 17 34 36 4400
17 4 34 36 4400
4 17 36 34 4400
17 4 36 34 4400
2 19 34 36 386
19 2 34 36 386
2 19 36 34 386
19 2 36 34 386
7 14 16 54 204
14 7 16 54 204
7 14 54 16 204
14 7 54 16 204
2 19 32 38 339
19 2 32 38 339
2 19 38 32 339
19 2 38 32 339
10 11 20 50 4392
11 10 20 50 4392
10 11 50 20 4392
11 10 50 20 4392
5 16 33 37 9957
16 5 33 37 9957
5 16 37 33 9957
16 5 37 33 9957
9 12 35 35 65106
12 9 35 35 65106
2 19 27 43 132
19 2 27 43 132
2 19 43 27 132
19 2 43 27 132
5 16 13 57 1
16 5 13 57 1
5 16 57 13 1
16 5 57 13 1
4 17 15 55 3
17 4 15 55 3
4 17 55 15 3
17 4 55 15 3
6 15 25 45 5696
15 6 25 45 5696
6 15 45 25 5696
15 6 45 25 5696
10 11 13 57 60
11 10 13 57 60
10 11 57 13 60
11 10 57 13 60
5 16 27 43 4503
16 5 27 43 4503
5 16 43 27 4503
16 5 43 27 4503
8 13 17 53 627
13 8 17 53 627
8 13 53 17 627
13 8 53 17 627
1 20 33 37 57
20 1 33 37 57
1 20 37 33 57
20 1 37 33 57
7 14 34 36 34350
14 7 34 36 34350
7 14 36 34 34350
14 7 36 34 34350
6 15 12 58 1
15 6 12 58 1
6 15 58 12 1
15 6 58 12 1
9 12 11 59 5
12 9 11 59 5
9 12 59 11 5
12 9 59 11 5
10 11 15 55 298
11 10 15 55 298
10 11 55 15 298
11 10 55 15 298
7 14 21 49 2732
14 7 21 49 2732
7 14 49 21 2732
14 7 49 21 2732
6 15 31 39 16894
15 6 31 39 16894
6 15 39 31 16894
15 6 39 31 16894
10 11 8 62 0
11 10 8 62 0
10 11 62 8 0
11 10 62 8 0
8 13 19 51 1793
13 8 19 51 1793
8 13 51 19 1793
13 8 51 19 1793
2 19 28 42 174
19 2 28 42 174
2 19 42 28 174
19 2 42 28 174
1 20 29 41 30
20 1 29 41 30
1 20 41 29 30
20 1 41 29 30
5 16 34 36 10353
16 5 34 36 10353
5 16 36 34 10353
16 5 36 34 10353
10 11 11 59 6
11 10 11 59 6
10 11 59 11 6
11 10 59 11 6
10 11 19 51 2840
11 10 19 51 2840
10 11 51 19 2840
11 10 51 19 2840
1 20 27 43 16
20 1 27 43 16
1 20 43 27 16
20 1 43 27 16
4 17 20 50 142
17 4 20 50 142
4 17 50 20 142
17 4 50 20 142
3 18 15 55 0
18 3 15 55 0
3 18 55 15 0
18 3 55 15 0
8 13 9 61 0
13 8 9 61 0
8 13 61 9 0
13 8 61 9 0
3 18 11 59 0
18 3 11 59 0
3 18 59 11 0
18 3 59 11 0
2 19 13 57 0
19 2 13 57 0
2 19 57 13 0
19 2 57 13 0
6 15 29 41 13132
15 6 29 41 13132
6 15 41 29 13132
15 6 41 29 13132
4 17 8 62 0
17 4 8 62 0
4 17 62 8 0
17 4 62 8 0
6 15 28 42 11132
15 6 28 42 11132
6 15 42 28 11132
15 6 42 28 11132
1 20 22 48 1
20 1 22 48 1
1 20 48 22 1
20 1 48 22 1
5 16 19 51 246
16 5 19 51 246
5 16 51 19 246
16 5 51 19 246
8 13 21 49 4224
13 8 21 49 4224
8 13 49 21 4224
13 8 49 21 4224
3 18 26 44 439
18 3 26 44 439
3 18 44 26 439
18 3 44 26 439
10 11 29 41 48393
11 10 29 41 48393
10 11 41 29 48393
11 10 41 29 48393
9 12 24 46 15106
12 9 24 46 15106
9 12 46 24 15106
12 9 46 24 15106
7 14 33 37 33129
14 7 33 37 33129
7 14 37 33 33129
14 7 37 33 33129
9 12 9 61 0
12 9 9 61 0
9 12 61 9 0
12 9 61 9 0
1 20 32 38 52
20 1 32 38 52
1 20 38 32 52
20 1 38 32 52
7 14 24 46 7619
14 7 24 46 7619
7 14 46 24 7619
14 7 46 24 7619
5 16 30 40 7582
16 5 30 40 7582
5 16 40 30 7582
16 5 40 30 7582
8 13 11 59 2
13 8 11 59 2
8 13 59 11 2
13 8 59 11 2
4 17 11 59 0
17 4 11 59 0
4 17 59 11 0
17 4 59 11 0
0 21 32 38 3
21 0 32 38 3
0 21 38 32 3
21 0 38 32 3
6 15 6 64 0
15 6 6 64 0
6 15 64 6 0
15 6 64 6 0
5 16 28 42 5517
16 5 28 42 5517
5 16 42 28 5517
16 5 42 28 5517
3 18 31 39 1193
18 3 31 39 1193
3 18 39 31 1193
18 3 39 31 1193
3 18 18 52 8
18 3 18 52 8
3 18 52 18 8
18 3 52 18 8
8 13 4 66 0
13 8 4 66 0
8 13 66 4 0
13 8 66 4 0
9 12 20 50 3810
12 9 20 50 3810
9 12 50 20 3810
12 9 50 20 3810
9 12 26 44 24855
12 9 26 44 24855
9 12 44 26 24855
12 9 44 26 24855
1 20 35 35 62
20 1 35 35 62
2 19 26 44 99
19 2 26 44 99
2 19 44 26 99
19 2 44 26 99
8 13 31 39 41985
13 8 31 39 41985
8 13 39 31 41985
13 8 39 31 41985
1 20 34 36 61
20 1 34 36 61
1 20 36 34 61
20 1 36 34 61
5 16 31 39 8524
16 5 31 39 8524
5 16 39 31 8524
16 5 39 31 8524
9 12 12 58 18
12 9 12 58 18
9 12 58 12 18
12 9 58 12 18
0 21 24 46 0
21 0 24 46 0
0 21 46 24 0
21 0 46 24 0
10 11 33 37 70247
11 10 33 37 70247
10 11 37 33 70247
11 10 37 33 70247
7 14 9 61 0
14 7 9 61 0
7 14 61 9 0
14 7 61 9 0
6 15 24 46 4288
15 6 24 46 4288
6 15 46 24 4288
15 6 46 24 4288
6 15 16 54 94
15 6 16 54 94
6 15 54 16 94
15 6 54 16 94
1 20 25 45 7
20 1 25 45 7
1 20 45 25 7
20 1 45 25 7
4 17 22 48 368
17 4 22 48 368
4 17 48 22 368
17 4 48 22 368
10 11 17 53 1033
11 10 17 53 1033
10 11 53 17 1033
11 10 53 17 1033
9 12 13 57 50
12 9 13 57 50
9 12 57 13 50
12 9 57 13 50
7 14 10 60 0
14 7 10 60 0
7 14 60 10 0
14 7 60 10 0
7 14 14 56 44
14 7 14 56 44
7 14 56 14 44
14 7 56 14 44
6 15 17 53 184
15 6 17 53 184
6 15 53 17 184
15 6 53 17 184
3 18 17 53 3
18 3 17 53 3
3 18 53 17 3
18 3 53 17 3
4 17 14 56 1
17 4 14 56 1
4 17 56 14 1
17 4 56 14 1
0 21 34 36 4
21 0 34 36 4
0 21 36 34 4
21 0 36 34 4
10 11 16 54 576
11 10 16 54 576
10 11 54 16 576
11 10 54 16 576
7 14 7 63 0
14 7 7 63 0
7 14 63 7 0
14 7 63 7 0
8 13 22 48 6110
13 8 22 48 6110
8 13 48 22 6110
13 8 48 22 6110
8 13 16 54 341
13 8 16 54 341
8 13 54 16 341
13 8 54 16 341
8 13 32 38 45625
13 8 32 38 45625
8 13 38 32 45625
13 8 38 32 45625
7 14 8 62 0
14 7 8 62 0
7 14 62 8 0
14 7 62 8 0
7 14 11 59 1
14 7 11 59 1
7 14 59 11 1
14 7 59 11 1
8 13 27 43 23519
13 8 27 43 23519
8 13 43 27 23519
13 8 43 27 23519
0 21 35 35 4
21 0 35 35 4
8 13 18 52 1092
13 8 18 52 1092
8 13 52 18 1092
13 8 52 18 1092
10 11 27 43 34689
11 10 27 43 34689
10 11 43 27 34689
11 10 43 27 34689
4 17 17 53 20
17 4 17 53 20
4 17 53 17 20
17 4 53 17 20
5 16 22 48 1001
16 5 22 48 1001
5 16 48 22 1001
16 5 48 22 1001
3 18 24 46 227
18 3 24 46 227
3 18 46 24 227
18 3 46 24 227
2 19 24 46 47
19 2 24 46 47
2 19 46 24 47
19 2 46 24 47
5 16 11 59 0
16 5 11 59 0
5 16 59 11 0
16 5 59 11 0
10 11 24 46 17232
11 10 24 46 17232
10 11 46 24 17232
11 10 46 24 17232
10 11 22 48 9318
11 10 22 48 9318
10 11 48 22 9318
11 10 48 22 9318
7 14 29 41 22460
14 7 29 41 22460
7 14 41 29 22460
14 7 41 29 22460
9 12 14 56 120
12 9 14 56 120
9 12 56 14 120
12 9 56 14 120
10 11 5 65 0
11 10 5 65 0
10 11 65 5 0
11 10 65 5 0
2 19 16 54 0
19 2 16 54 0
2 19 54 16 0
19 2 54 16 0
6 15 9 61 0
15 6 9 61 0
6 15 61 9 0
15 6 61 9 0
4 17 26 44 1428
17 4 26 44 1428
4 17 44 26 1428
17 4 44 26 1428
4 17 35 35 4454
17 4 35 35 4454
4 17 33 37 4219
17 4 33 37 4219
4 17 37 33 4219
17 4 37 33 4219
7 14 31 39 28667
14 7 31 39 28667
7 14 39 31 28667
14 7 39 31 28667
8 13 24 46 11487
13 8 24 46 11487
8 13 46 24 11487
13 8 46 24 11487
2 19 22 48 18
19 2 22 48 18
2 19 48 22 18
19 2 48 22 18
10 11 4 66 0
11 10 4 66 0
10 11 66 4 0
11 10 66 4 0
5 16 26 44 3571
16 5 26 44 3571
5 16 44 26 3571
16 5 44 26 3571
9 12 4 66 0
12 9 4 66 0
9 12 66 4 0
12 9 66 4 0
5 16 24 46 2032
16 5 24 46 2032
5 16 46 24 2032
16 5 46 24 2032
7 14 13 57 16
14 7 13 57 16
7 14 57 13 16
14 7 57 13 16
8 13 10 60 0
13 8 10 60 0
8 13 60 10 0
13 8 60 10 0
10 11 31 39 61145
11 10 31 39 61145
10 11 39 31 61145
11 10 39 31 61145
4 17 13 57 0
17 4 13 57 0
4 17 57 13 0
17 4 57 13 0
10 11 14 56 143
11 10 14 56 143
10 11 56 14 143
11 10 56 14 143
1 20 15 55 0
20 1 15 55 0
1 20 55 15 0
20 1 55 15 0
1 20 21 49 0
20 1 21 49 0
1 20 49 21 0
20 1 49 21 0
1 20 31 39 45
20 1 31 39 45
1 20 39 31 45
20 1 39 31 45
7 14 17 53 383
14 7 17 53 383
7 14 53 17 383
14 7 53 17 383
5 16 7 63 0
16 5 7 63 0
5 16 63 7 0
16 5 63 7 0
4 17 19 51 80
17 4 19 51 80
4 17 51 19 80
17 4 51 19 80
5 16 23 47 1452
16 5 23 47 1452
5 16 47 23 1452
16 5 47 23 1452
0 21 27 43 0
21 0 27 43 0
0 21 43 27 0
21 0 43 27 0
9 12 25 45 19652
12 9 25 45 19652
9 12 45 25 19652
12 9 45 25 19652
7 14 22 48 3990
14 7 22 48 3990
7 14 48 22 3990
14 7 48 22 3990
4 17 24 46 784
17 4 24 46 784
4 17 46 24 784
17 4 46 24 784
9 12 31 39 54062
12 9 31 39 54062
9 12 39 31 54062
12 9 39 31 54062
7 14 12 58 5
14 7 12 58 5
7 14 58 12 5
14 7 58 12 5
0 21 28 42 1
21 0 28 42 1
0 21 42 28 1
21 0 42 28 1
8 13 15 55 170
13 8 15 55 170
8 13 55 15 170
13 8 55 15 170
1 20 16 54 0
20 1 16 54 0
1 20 54 16 0
20 1 54 16 0
7 14 32 38 31205
14 7 32 38 31205
7 14 38 32 31205
14 7 38 32 31205
6 15 30 40 15099
15 6 30 40 15099
6 15 40 30 15099
15 6 40 30 15099
4 17 30 40 3168
17 4 30 40 3168
4 17 40 30 3168
17 4 40 30 3168
6 15 7 63 0
15 6 7 63 0
6 15 63 7 0
15 6 63 7 0
5 16 17 53 71
16 5 17 53 71
5 16 53 17 71
16 5 53 17 71
2 19 15 55 0
19 2 15 55 0
2 19 55 15 0
19 2 55 15 0
3 18 9 61 0
18 3 9 61 0
3 18 61 9 0
18 3 61 9 0
3 18 30 40 1045
18 3 30 40 1045
3 18 40 30 1045
18 3 40 30 1045
9 12 19 51 2455
12 9 19 51 2455
9 12 51 19 2455
12 9 51 19 2455
6 15 11 59 0
15 6 11 59 0
6 15 59 11 0
15 6 59 11 0
7 14 18 52 679
14 7 18 52 679
7 14 52 18 679
14 7 52 18 679
2 19 17 53 0
19 2 17 53 0
2 19 53 17 0
19 2 53 17 0
9 12 5 65 0
12 9 5 65 0
9 12 65 5 0
12 9 65 5 0
8 13 29 41 33060
13 8 29 41 33060
8 13 41 29 33060
13 8 41 29 33060
8 13 26 44 19067
13 8 26 44 19067
8 13 44 26 19067
13 8 44 26 19067
4 17 25 45 1075
17 4 25 45 1075
4 17 45 25 1075
17 4 45 25 1075
4 17 12 58 0
17 4 12 58 0
4 17 58 12 0
17 4 58 12 0
10 11 12 58 22
11 10 12 58 22
10 11 58 12 22
11 10 58 12 22
10 11 34 36 72726
11 10 34 36 72726
10 11 36 34 72726
11 10 36 34 72726
9 12 6 64 0
12 9 6 64 0
9 12 64 6 0
12 9 64 6 0
6 15 13 57 5
15 6 13 57 5
6 15 57 13 5
15 6 57 13 5
3 18 25 45 322
18 3 25 45 322
3 18 45 25 322
18 3 45 25 322
2 19 30 40 261
19 2 30 40 261
2 19 40 30 261
19 2 40 30 261
0 21 26 44 0
21 0 26 44 0
0 21 44 26 0
21 0 44 26 0
9 12 17 53 885
12 9 17 53 885
9 12 53 17 885
12 9 53 17 885
6 15 8 62 0
15 6 8 62 0
6 15 62 8 0
15 6 62 8 0
8 13 13 57 30
13 8 13 57 30
8 13 57 13 30
13 8 57 13 30
6 15 27 43 9164
15 6 27 43 9164
6 15 43 27 9164
15 6 43 27 9164
1 20 23 47 2
20 1 23 47 2
1 20 47 23 2
20 1 47 23 2
6 15 10 60 0
15 6 10 60 0
6 15 60 10 0
15 6 60 10 0
10 11 35 35 73550
11 10 35 35 73550
5 16 29 41 6556
16 5 29 41 6556
5 16 41 29 6556
16 5 41 29 6556
10 11 18 52 1759
11 10 18 52 1759
10 11 52 18 1759
11 10 52 18 1759
9 12 27 43 30557
12 9 27 43 30557
9 12 43 27 30557
12 9 43 27 30557
0 21 33 37 3
21 0 33 37 3
0 21 37 33 3
21 0 37 33 3
9 12 21 49 5667
12 9 21 49 5667
9 12 49 21 5667
12 9 49 21 5667
4 17 21 49 233
17 4 21 49 233
4 17 49 21 233
17 4 49 21 233
3 18 28 42 726
18 3 28 42 726
3 18 42 28 726
18 3 42 28 726
3 18 23 47 152
18 3 23 47 152
3 18 47 23 152
18 3 47 23 152
3 18 22 48 98
18 3 22 48 98
3 18 48 22 98
18 3 48 22 98
6 15 21 49 1471
15 6 21 49 1471
6 15 49 21 1471
15 6 49 21 1471
2 19 31 39 300
19 2 31 39 300
2 19 39 31 300
19 2 39 31 300
9 12 28 42 36608
12 9 28 42 36608
9 12 42 28 36608
12 9 42 28 36608
2 19 19 51 2
19 2 19 51 2
2 19 51 19 2
19 2 51 19 2
5 16 18 52 138
16 5 18 52 138
5 16 52 18 138
16 5 52 18 138
2 19 23 47 29
19 2 23 47 29
2 19 47 23 29
19 2 47 23 29
5 16 8 62 0
16 5 8 62 0
5 16 62 8 0
16 5 62 8 0
9 12 8 62 0
12 9 8 62 0
9 12 62 8 0
12 9 62 8 0
9 12 29 41 42723
12 9 29 41 42723
9 12 41 29 42723
12 9 41 29 42723
3 18 21 49 58
18 3 21 49 58
3 18 49 21 58
18 3 49 21 58
6 15 5 65 0
15 6 5 65 0
6 15 65 5 0
15 6 65 5 0
6 15 20 50 951
15 6 20 50 951
6 15 50 20 951
15 6 50 20 951
9 12 32 38 58672
12 9 32 38 58672
9 12 38 32 58672
12 9 38 32 58672
5 16 32 38 9339
16 5 32 38 9339
5 16 38 32 9339
16 5 38 32 9339
4 17 23 47 546
17 4 23 47 546
4 17 47 23 546
17 4 47 23 546
4 17 10 60 0
17 4 10 60 0
4 17 60 10 0
17 4 60 10 0
6 15 14 56 17
15 6 14 56 17
6 15 56 14 17
15 6 56 14 17
7 14 19 51 1132
14 7 19 51 1132
7 14 51 19 1132
14 7 51 19 1132
9 12 33 37 62164
12 9 33 37 62164
9 12 37 33 62164
12 9 37 33 62164
10 11 32 38 66325
11 10 32 38 66325
10 11 38 32 66325
11 10 38 32 66325
3 18 32 38 1325
18 3 32 38 1325
3 18 38 32 1325
18 3 38 32 1325
7 14 6 64 0
14 7 6 64 0
7 14 64 6 0
14 7 64 6 0
8 13 14 56 78
13 8 14 56 78
8 13 56 14 78
13 8 56 14 78
10 11 28 42 41508
11 10 28 42 41508
10 11 42 28 41508
11 10 42 28 41508
7 14 26 44 12797
14 7 26 44 12797
7 14 44 26 12797
14 7 44 26 12797
5 16 35 35 10482
16 5 35 35 10482
1 20 18 52 0
20 1 18 52 0
1 20 52 18 0
20 1 52 18 0
3 18 10 60 0
18 3 10 60 0
3 18 60 10 0
18 3 60 10 0
9 12 3 67 0
12 9 3 67 0
9 12 67 3 0
12 9 67 3 0
5 16 25 45 2738
16 5 25 45 2738
5 16 45 25 2738
16 5 45 25 2738
9 12 10 60 1
12 9 10 60 1
9 12 60 10 1
12 9 60 10 1
2 19 11 59 0
19 2 11 59 0
2 19 59 11 0
19 2 59 11 0
3 18 16 54 1
18 3 16 54 1
3 18 54 16 1
18 3 54 16 1
