2 4 10 15 57
4 2 10 15 57
2 4 15 10 57
4 2 15 10 57
0 6 6 19 6
6 0 6 19 6
0 6 19 6 6
6 0 19 6 6
0 6 11 14 20
6 0 11 14 20
0 6 14 11 20
6 0 14 11 20
1 5 2 23 1
5 1 2 23 1
1 5 23 2 1
5 1 23 2 1
2 4 0 25 0
4 2 0 25 0
2 4 25 0 0
4 2 25 0 0
2 4 4 21 8
4 2 4 21 8
2 4 21 4 8
4 2 21 4 8
0 6 3 22 1
6 0 3 22 1
0 6 22 3 1
6 0 22 3 1
2 4 9 16 48
4 2 9 16 48
2 4 16 9 48
4 2 16 9 48
0 6 12 13 21
6 0 12 13 21
0 6 13 12 21
6 0 13 12 21
3 3 11 14 86
3 3 14 11 86
0 6 4 21 2
6 0 4 21 2
0 6 21 4 2
6 0 21 4 2
2 4 11 14 63
4 2 11 14 63
2 4 14 11 63
4 2 14 11 63
2 4 3 22 4
4 2 3 22 4
2 4 22 3 4
4 2 22 3 4
3 3 5 20 20
3 3 20 5 20
1 5 0 25 0
5 1 0 25 0
1 5 25 0 0
5 1 25 0 0
2 4 7 18 30
4 2 7 18 30
2 4 18 7 30
4 2 18 7 30
1 5 4 21 6
5 1 4 21 6
1 5 21 4 6
5 1 21 4 6
0 6 1 24 0
6 0 1 24 0
0 6 24 1 0
6 0 24 1 0
3 3 2 23 2
3 3 23 2 2
1 5 12 13 45
5 1 12 13 45
1 5 13 12 45
5 1 13 12 45
0 6 5 20 4
6 0 5 20 4
0 6 20 5 4
6 0 20 5 4
3 3 4 21 12
3 3 21 4 12
3 3 8 17 54
3 3 17 8 54
3 3 10 15 78
3 3 15 10 78
1 5 11 14 43
5 1 11 14 43
1 5 14 11 43
5 1 14 11 43
3 3 7 18 42
3 3 18 7 42
1 5 1 24 0
5 1 1 24 0
1 5 24 1 0
5 1 24 1 0
0 6 10 15 18
6 0 10 15 18
0 6 15 10 18
6 0 15 10 18
2 4 8 17 39
4 2 8 17 39
2 4 17 8 39
4 2 17 8 39
3 3 1 24 0
3 3 24 1 0
2 4 5 20 14
4 2 5 20 14
2 4 20 5 14
4 2 20 5 14
0 6 9 16 15
6 0 9 16 15
0 6 16 9 15
6 0 16 9 15
1 5 10 15 39
5 1 10 15 39
1 5 15 10 39
5 1 15 10 39
3 3 0 25 0
3 3 25 0 0
1 5 9 16 33
5 1 9 16 33
1 5 16 9 33
5 1 16 9 33
2 4 12 13 66
4 2 12 13 66
2 4 13 12 66
4 2 13 12 66
2 4 6 19 21
4 2 6 19 21
2 4 19 6 21
4 2 19 6 21
2 4 2 23 1
4 2 2 23 1
2 4 23 2 1
4 2 23 2 1
1 5 5 20 10
5 1 5 20 10
1 5 20 5 10
5 1 20 5 10
0 6 2 23 0
6 0 2 23 0
0 6 23 2 0
6 0 23 2 0
0 6 7 18 9
6 0 7 18 9
0 6 18 7 9
6 0 18 7 9
1 5 6 19 15
5 1 6 19 15
1 5 19 6 15
5 1 19 6 15
1 5 3 22 3
5 1 3 22 3
1 5 22 3 3
5 1 22 3 3
0 6 8 17 12
6 0 8 17 12
0 6 17 8 12
6 0 17 8 12
3 3 9 16 66
3 3 16 9 66
2 4 1 24 0
4 2 1 24 0
2 4 24 1 0
4 2 24 1 0
1 5 7 18 21
5 1 7 18 21
1 5 18 7 21
5 1 18 7 21
3 3 12 13 90
3 3 13 12 90
1 5 8 17 27
5 1 8 17 27
1 5 17 8 27
5 1 17 8 27
3 3 6 19 30
3 3 19 6 30
3 3 3 22 6
3 3 22 3 6
