3 9 21 22 1354
9 3 21 22 1354
3 9 22 21 1354
9 3 22 21 1354
2 10 16 27 370
10 2 16 27 370
2 10 27 16 370
10 2 27 16 370
3 9 12 31 252
9 3 12 31 252
3 9 31 12 252
9 3 31 12 252
6 6 10 33 281
6 6 33 10 281
1 11 5 38 0
11 1 5 38 0
1 11 38 5 0
11 1 38 5 0
1 11 21 22 241
11 1 21 22 241
1 11 22 21 241
11 1 22 21 241
1 11 15 28 107
11 1 15 28 107
1 11 28 15 107
11 1 28 15 107
0 12 8 35 0
12 0 8 35 0
0 12 35 8 0
12 0 35 8 0
6 6 0 43 0
6 6 43 0 0
5 7 12 31 566
7 5 12 31 566
5 7 31 12 566
7 5 31 12 566
2 10 9 34 23
10 2 9 34 23
2 10 34 9 23
10 2 34 9 23
0 12 13 30 7
12 0 13 30 7
0 12 30 13 7
12 0 30 13 7
0 12 17 26 28
12 0 17 26 28
0 12 26 17 28
12 0 26 17 28
6 6 20 23 3081
6 6 23 20 3081
0 12 18 25 34
12 0 18 25 34
0 12 25 18 34
12 0 25 18 34
5 7 7 36 34
7 5 7 36 34
5 7 36 7 34
7 5 36 7 34
4 8 21 22 2189
8 4 21 22 2189
4 8 22 21 2189
8 4 22 21 2189
0 12 7 36 0
12 0 7 36 0
0 12 36 7 0
12 0 36 7 0
4 8 6 37 9
8 4 6 37 9
4 8 37 6 9
8 4 37 6 9
4 8 1 42 0
8 4 1 42 0
4 8 42 1 0
8 4 42 1 0
2 10 19 24 574
10 2 19 24 574
2 10 24 19 574
10 2 24 19 574
6 6 12 31 645
6 6 31 12 645
1 11 13 30 57
11 1 13 30 57
1 11 30 13 57
11 1 30 13 57
6 6 2 41 0
6 6 41 2 0
5 7 19 24 2579
7 5 19 24 2579
5 7 24 19 2579
7 5 24 19 2579
0 12 19 24 39
12 0 19 24 39
0 12 24 19 39
12 0 24 19 39
5 7 2 41 0
7 5 2 41 0
5 7 41 2 0
7 5 41 2 0
0 12 16 27 22
12 0 16 27 22
0 12 27 16 22
12 0 27 16 22
3 9 3 40 0
9 3 3 40 0
3 9 40 3 0
9 3 40 3 0
4 8 3 40 0
8 4 3 40 0
4 8 40 3 0
8 4 40 3 0
4 8 19 24 1974
8 4 19 24 1974
4 8 24 19 1974
8 4 24 19 1974
6 6 4 39 1
6 6 39 4 1
2 10 4 39 0
10 2 4 39 0
2 10 39 4 0
10 2 39 4 0
0 12 20 23 43
12 0 20 23 43
0 12 23 20 43
12 0 23 20 43
4 8 18 25 1783
8 4 18 25 1783
4 8 25 18 1783
8 4 25 18 1783
3 9 4 39 0
9 3 4 39 0
3 9 39 4 0
9 3 39 4 0
5 7 16 27 1717
7 5 16 27 1717
5 7 27 16 1717
7 5 27 16 1717
5 7 18 25 2331
7 5 18 25 2331
5 7 25 18 2331
7 5 25 18 2331
4 8 13 30 607
8 4 13 30 607
4 8 30 13 607
8 4 30 13 607
3 9 11 32 167
9 3 11 32 167
3 9 32 11 167
9 3 32 11 167
5 7 10 33 242
7 5 10 33 242
5 7 33 10 242
7 5 33 10 242
2 10 11 32 71
10 2 11 32 71
2 10 32 11 71
10 2 32 11 71
6 6 21 22 3187
6 6 22 21 3187
3 9 17 26 954
9 3 17 26 954
3 9 26 17 954
9 3 26 17 954
2 10 2 41 0
10 2 2 41 0
2 10 41 2 0
10 2 41 2 0
3 9 16 27 799
9 3 16 27 799
3 9 27 16 799
9 3 27 16 799
1 11 16 27 136
11 1 16 27 136
1 11 27 16 136
11 1 27 16 136
2 10 13 30 161
10 2 13 30 161
2 10 30 13 161
10 2 30 13 161
3 9 13 30 362
9 3 13 30 362
3 9 30 13 362
9 3 30 13 362
4 8 8 35 56
8 4 8 35 56
4 8 35 8 56
8 4 35 8 56
1 11 8 35 3
11 1 8 35 3
1 11 35 8 3
11 1 35 8 3
0 12 11 32 2
12 0 11 32 2
0 12 32 11 2
12 0 32 11 2
6 6 13 30 907
6 6 30 13 907
1 11 6 37 0
11 1 6 37 0
1 11 37 6 0
11 1 37 6 0
6 6 1 42 0
6 6 42 1 0
1 11 12 31 38
11 1 12 31 38
1 11 31 12 38
11 1 31 12 38
3 9 15 28 642
9 3 15 28 642
3 9 28 15 642
9 3 28 15 642
1 11 9 34 7
11 1 9 34 7
1 11 34 9 7
11 1 34 9 7
3 9 6 37 4
9 3 6 37 4
3 9 37 6 4
9 3 37 6 4
3 9 19 24 1218
9 3 19 24 1218
3 9 24 19 1218
9 3 24 19 1218
5 7 3 40 0
7 5 3 40 0
5 7 40 3 0
7 5 40 3 0
4 8 10 33 182
8 4 10 33 182
4 8 33 10 182
8 4 33 10 182
3 9 2 41 0
9 3 2 41 0
3 9 41 2 0
9 3 41 2 0
6 6 8 35 91
6 6 35 8 91
3 9 18 25 1097
9 3 18 25 1097
3 9 25 18 1097
9 3 25 18 1097
6 6 11 32 437
6 6 32 11 437
2 10 3 40 0
10 2 3 40 0
2 10 40 3 0
10 2 40 3 0
6 6 7 36 43
6 6 36 7 43
1 11 14 29 80
11 1 14 29 80
1 11 29 14 80
11 1 29 14 80
1 11 10 33 14
11 1 10 33 14
1 11 33 10 14
11 1 33 10 14
2 10 10 33 43
10 2 10 33 43
2 10 33 10 43
10 2 33 10 43
1 11 18 25 192
11 1 18 25 192
1 11 25 18 192
11 1 25 18 192
3 9 5 38 1
9 3 5 38 1
3 9 38 5 1
9 3 38 5 1
0 12 21 22 45
12 0 21 22 45
0 12 22 21 45
12 0 22 21 45
1 11 17 26 165
11 1 17 26 165
1 11 26 17 165
11 1 26 17 165
6 6 17 26 2279
6 6 26 17 2279
0 12 6 37 0
12 0 6 37 0
0 12 37 6 0
12 0 37 6 0
6 6 5 38 5
6 6 38 5 5
5 7 17 26 2037
7 5 17 26 2037
5 7 26 17 2037
7 5 26 17 2037
0 12 14 29 11
12 0 14 29 11
0 12 29 14 11
12 0 29 14 11
6 6 9 34 167
6 6 34 9 167
5 7 5 38 3
7 5 5 38 3
5 7 38 5 3
7 5 38 5 3
6 6 16 27 1925
6 6 27 16 1925
4 8 4 39 0
8 4 4 39 0
4 8 39 4 0
8 4 39 4 0
3 9 10 33 104
9 3 10 33 104
3 9 33 10 104
9 3 33 10 104
2 10 14 29 223
10 2 14 29 223
2 10 29 14 223
10 2 29 14 223
5 7 11 32 381
7 5 11 32 381
5 7 32 11 381
7 5 32 11 381
0 12 15 28 16
12 0 15 28 16
0 12 28 15 16
12 0 28 15 16
5 7 21 22 2857
7 5 21 22 2857
5 7 22 21 2857
7 5 22 21 2857
5 7 13 30 801
7 5 13 30 801
5 7 30 13 801
7 5 30 13 801
3 9 7 36 13
9 3 7 36 13
3 9 36 7 13
9 3 36 7 13
4 8 7 36 25
8 4 7 36 25
4 8 36 7 25
8 4 36 7 25
1 11 3 40 0
11 1 3 40 0
1 11 40 3 0
11 1 40 3 0
6 6 6 37 17
6 6 37 6 17
2 10 12 31 110
10 2 12 31 110
2 10 31 12 110
10 2 31 12 110
3 9 20 23 1307
9 3 20 23 1307
3 9 23 20 1307
9 3 23 20 1307
3 9 9 34 59
9 3 9 34 59
3 9 34 9 59
9 3 34 9 59
5 7 8 35 75
7 5 8 35 75
5 7 35 8 75
7 5 35 8 75
0 12 9 34 0
12 0 9 34 0
0 12 34 9 0
12 0 34 9 0
5 7 20 23 2761
7 5 20 23 2761
5 7 23 20 2761
7 5 23 20 2761
2 10 5 38 0
10 2 5 38 0
2 10 38 5 0
10 2 38 5 0
5 7 1 42 0
7 5 1 42 0
5 7 42 1 0
7 5 42 1 0
4 8 2 41 0
8 4 2 41 0
4 8 41 2 0
8 4 41 2 0
2 10 15 28 294
10 2 15 28 294
2 10 28 15 294
10 2 28 15 294
2 10 8 35 11
10 2 8 35 11
2 10 35 8 11
10 2 35 8 11
1 11 20 23 232
11 1 20 23 232
1 11 23 20 232
11 1 23 20 232
2 10 20 23 618
10 2 20 23 618
2 10 23 20 618
10 2 23 20 618
4 8 16 27 1310
8 4 16 27 1310
4 8 27 16 1310
8 4 27 16 1310
0 12 10 33 1
12 0 10 33 1
0 12 33 10 1
12 0 33 10 1
6 6 19 24 2879
6 6 24 19 2879
4 8 17 26 1556
8 4 17 26 1556
4 8 26 17 1556
8 4 26 17 1556
2 10 6 37 1
10 2 6 37 1
2 10 37 6 1
10 2 37 6 1
4 8 20 23 2115
8 4 20 23 2115
4 8 23 20 2115
8 4 23 20 2115
5 7 4 39 0
7 5 4 39 0
5 7 39 4 0
7 5 39 4 0
1 11 7 36 1
11 1 7 36 1
1 11 36 7 1
11 1 36 7 1
3 9 14 29 493
9 3 14 29 493
3 9 29 14 493
9 3 29 14 493
4 8 15 28 1059
8 4 15 28 1059
4 8 28 15 1059
8 4 28 15 1059
5 7 9 34 142
7 5 9 34 142
5 7 34 9 142
7 5 34 9 142
4 8 14 29 820
8 4 14 29 820
4 8 29 14 820
8 4 29 14 820
2 10 21 22 641
10 2 21 22 641
2 10 22 21 641
10 2 22 21 641
3 9 8 35 30
9 3 8 35 30
3 9 35 8 30
9 3 35 8 30
3 9 1 42 0
9 3 1 42 0
3 9 42 1 0
9 3 42 1 0
4 8 9 34 106
8 4 9 34 106
4 8 34 9 106
8 4 34 9 106
4 8 11 32 287
8 4 11 32 287
4 8 32 11 287
8 4 32 11 287
6 6 18 25 2605
6 6 25 18 2605
6 6 3 40 0
6 6 40 3 0
6 6 14 29 1217
6 6 29 14 1217
5 7 14 29 1079
7 5 14 29 1079
5 7 29 14 1079
7 5 29 14 1079
6 6 15 28 1563
6 6 28 15 1563
5 7 15 28 1391
7 5 15 28 1391
5 7 28 15 1391
7 5 28 15 1391
1 11 19 24 215
11 1 19 24 215
1 11 24 19 215
11 1 24 19 215
2 10 18 25 515
10 2 18 25 515
2 10 25 18 515
10 2 25 18 515
4 8 5 38 2
8 4 5 38 2
4 8 38 5 2
8 4 38 5 2
0 12 12 31 4
12 0 12 31 4
0 12 31 12 4
12 0 31 12 4
5 7 6 37 12
7 5 6 37 12
5 7 37 6 12
7 5 37 6 12
2 10 7 36 4
10 2 7 36 4
2 10 36 7 4
10 2 36 7 4
4 8 12 31 428
8 4 12 31 428
4 8 31 12 428
8 4 31 12 428
2 10 17 26 445
10 2 17 26 445
2 10 26 17 445
10 2 26 17 445
1 11 4 39 0
11 1 4 39 0
1 11 39 4 0
11 1 39 4 0
1 11 11 32 24
11 1 11 32 24
1 11 32 11 24
11 1 32 11 24
