2 13 9 43 1
13 2 9 43 1
2 13 43 9 1
13 2 43 9 1
5 10 26 26 7838
10 5 26 26 7838
2 13 14 38 63
13 2 14 38 63
2 13 38 14 63
13 2 38 14 63
7 8 14 38 1317
8 7 14 38 1317
7 8 38 14 1317
8 7 38 14 1317
7 8 13 39 847
8 7 13 39 847
7 8 39 13 847
8 7 39 13 847
0 15 15 37 1
15 0 15 37 1
0 15 37 15 1
15 0 37 15 1
3 12 8 44 1
12 3 8 44 1
3 12 44 8 1
12 3 44 8 1
4 11 12 40 161
11 4 12 40 161
4 11 40 12 161
11 4 40 12 161
5 10 14 38 760
10 5 14 38 760
5 10 38 14 760
10 5 38 14 760
4 11 26 26 4836
11 4 26 26 4836
4 11 3 49 0
11 4 3 49 0
4 11 49 3 0
11 4 49 3 0
1 14 8 44 0
14 1 8 44 0
1 14 44 8 0
14 1 44 8 0
1 14 16 36 37
14 1 16 36 37
1 14 36 16 37
14 1 36 16 37
7 8 15 37 1954
8 7 15 37 1954
7 8 37 15 1954
8 7 37 15 1954
0 15 13 39 0
15 0 13 39 0
0 15 39 13 0
15 0 39 13 0
5 10 23 29 6872
10 5 23 29 6872
5 10 29 23 6872
10 5 29 23 6872
0 15 21 31 19
15 0 21 31 19
0 15 31 21 19
15 0 31 21 19
7 8 10 42 149
8 7 10 42 149
7 8 42 10 149
8 7 42 10 149
4 11 15 37 675
11 4 15 37 675
4 11 37 15 675
11 4 37 15 675
3 12 5 47 0
12 3 5 47 0
3 12 47 5 0
12 3 47 5 0
7 8 3 49 0
8 7 3 49 0
7 8 49 3 0
8 7 49 3 0
2 13 20 32 507
13 2 20 32 507
2 13 32 20 507
13 2 32 20 507
3 12 13 39 117
12 3 13 39 117
3 12 39 13 117
12 3 39 13 117
7 8 21 31 8789
8 7 21 31 8789
7 8 31 21 8789
8 7 31 21 8789
7 8 16 36 2764
8 7 16 36 2764
7 8 36 16 2764
8 7 36 16 2764
6 9 11 41 245
9 6 11 41 245
6 9 41 11 245
9 6 41 11 245
3 12 18 34 842
12 3 18 34 842
3 12 34 18 842
12 3 34 18 842
6 9 13 39 717
9 6 13 39 717
6 9 39 13 717
9 6 39 13 717
2 13 21 31 615
13 2 21 31 615
2 13 31 21 615
13 2 31 21 615
7 8 23 29 11109
8 7 23 29 11109
7 8 29 23 11109
8 7 29 23 11109
0 15 22 30 23
15 0 22 30 23
0 15 30 22 23
15 0 30 22 23
7 8 9 43 68
8 7 9 43 68
7 8 43 9 68
8 7 43 9 68
7 8 22 30 10029
8 7 22 30 10029
7 8 30 22 10029
8 7 30 22 10029
0 15 26 26 34
15 0 26 26 34
6 9 20 32 6393
9 6 20 32 6393
6 9 32 20 6393
9 6 32 20 6393
7 8 8 44 25
8 7 8 44 25
7 8 44 8 25
8 7 44 8 25
0 15 10 42 0
15 0 10 42 0
0 15 42 10 0
15 0 42 10 0
4 11 24 28 4557
11 4 24 28 4557
4 11 28 24 4557
11 4 28 24 4557
5 10 16 36 1640
10 5 16 36 1640
5 10 36 16 1640
10 5 36 16 1640
7 8 4 48 0
8 7 4 48 0
7 8 48 4 0
8 7 48 4 0
5 10 10 42 76
10 5 10 42 76
5 10 42 10 76
10 5 42 10 76
1 14 7 45 0
14 1 7 45 0
1 14 45 7 0
14 1 45 7 0
2 13 8 44 0
13 2 8 44 0
2 13 44 8 0
13 2 44 8 0
4 11 14 38 443
11 4 14 38 443
4 11 38 14 443
11 4 38 14 443
6 9 4 48 0
9 6 4 48 0
6 9 48 4 0
9 6 48 4 0
1 14 24 28 248
14 1 24 28 248
1 14 28 24 248
14 1 28 24 248
3 12 10 42 14
12 3 10 42 14
3 12 42 10 14
12 3 42 10 14
1 14 15 37 23
14 1 15 37 23
1 14 37 15 23
14 1 37 15 23
3 12 15 37 302
12 3 15 37 302
3 12 37 15 302
12 3 37 15 302
2 13 24 28 875
13 2 24 28 875
2 13 28 24 875
13 2 28 24 875
4 11 4 48 0
11 4 4 48 0
4 11 48 4 0
11 4 48 4 0
4 11 7 45 1
11 4 7 45 1
4 11 45 7 1
11 4 45 7 1
2 13 16 36 156
13 2 16 36 156
2 13 36 16 156
13 2 36 16 156
2 13 23 29 807
13 2 23 29 807
2 13 29 23 807
13 2 29 23 807
2 13 11 41 9
13 2 11 41 9
2 13 41 11 9
13 2 41 11 9
6 9 21 31 7539
9 6 21 31 7539
6 9 31 21 7539
9 6 31 21 7539
0 15 19 33 10
15 0 19 33 10
0 15 33 19 10
15 0 33 19 10
7 8 1 51 0
8 7 1 51 0
7 8 51 1 0
8 7 51 1 0
1 14 18 34 79
14 1 18 34 79
1 14 34 18 79
14 1 34 18 79
3 12 20 32 1345
12 3 20 32 1345
3 12 32 20 1345
12 3 32 20 1345
6 9 6 46 1
9 6 6 46 1
6 9 46 6 1
9 6 46 6 1
1 14 6 46 0
14 1 6 46 0
1 14 46 6 0
14 1 46 6 0
7 8 17 35 3750
8 7 17 35 3750
7 8 35 17 3750
8 7 35 17 3750
0 15 18 34 6
15 0 18 34 6
0 15 34 18 6
15 0 34 18 6
5 10 24 28 7395
10 5 24 28 7395
5 10 28 24 7395
10 5 28 24 7395
3 12 19 33 1086
12 3 19 33 1086
3 12 33 19 1086
12 3 33 19 1086
0 15 16 36 2
15 0 16 36 2
0 15 36 16 2
15 0 36 16 2
2 13 6 46 0
13 2 6 46 0
2 13 46 6 0
13 2 46 6 0
4 11 18 34 1781
11 4 18 34 1781
4 11 34 18 1781
11 4 34 18 1781
3 12 4 48 0
12 3 4 48 0
3 12 48 4 0
12 3 48 4 0
3 12 7 45 0
12 3 7 45 0
3 12 45 7 0
12 3 45 7 0
1 14 14 38 13
14 1 14 38 13
1 14 38 14 13
14 1 38 14 13
6 9 15 37 1661
9 6 15 37 1661
6 9 37 15 1661
9 6 37 15 1661
6 9 23 29 9543
9 6 23 29 9543
6 9 29 23 9543
9 6 29 23 9543
1 14 10 42 0
14 1 10 42 0
1 14 42 10 0
14 1 42 10 0
4 11 20 32 2783
11 4 20 32 2783
4 11 32 20 2783
11 4 32 20 2783
6 9 3 49 0
9 6 3 49 0
6 9 49 3 0
9 6 49 3 0
6 9 24 28 10254
9 6 24 28 10254
6 9 28 24 10254
9 6 28 24 10254
1 14 11 41 1
14 1 11 41 1
1 14 41 11 1
14 1 41 11 1
4 11 5 47 0
11 4 5 47 0
4 11 47 5 0
11 4 47 5 0
3 12 22 30 1861
12 3 22 30 1861
3 12 30 22 1861
12 3 30 22 1861
2 13 4 48 0
13 2 4 48 0
2 13 48 4 0
13 2 48 4 0
3 12 3 49 0
12 3 3 49 0
3 12 49 3 0
12 3 49 3 0
4 11 8 44 5
11 4 8 44 5
4 11 44 8 5
11 4 44 8 5
1 14 12 40 3
14 1 12 40 3
1 14 40 12 3
14 1 40 12 3
2 13 19 33 405
13 2 19 33 405
2 13 33 19 405
13 2 33 19 405
5 10 8 44 10
10 5 8 44 10
5 10 44 8 10
10 5 44 8 10
5 10 6 46 0
10 5 6 46 0
5 10 46 6 0
10 5 46 6 0
2 13 26 26 934
13 2 26 26 934
6 9 8 44 21
9 6 8 44 21
6 9 44 8 21
9 6 44 8 21
5 10 15 37 1145
10 5 15 37 1145
5 10 37 15 1145
10 5 37 15 1145
3 12 16 36 446
12 3 16 36 446
3 12 36 16 446
12 3 36 16 446
4 11 25 27 4768
11 4 25 27 4768
4 11 27 25 4768
11 4 27 25 4768
5 10 7 45 2
10 5 7 45 2
5 10 45 7 2
10 5 45 7 2
3 12 26 26 2396
12 3 26 26 2396
5 10 21 31 5403
10 5 21 31 5403
5 10 31 21 5403
10 5 31 21 5403
2 13 17 35 226
13 2 17 35 226
2 13 35 17 226
13 2 35 17 226
7 8 2 50 0
8 7 2 50 0
7 8 50 2 0
8 7 50 2 0
5 10 5 47 0
10 5 5 47 0
5 10 47 5 0
10 5 47 5 0
4 11 11 41 87
11 4 11 41 87
4 11 41 11 87
11 4 41 11 87
1 14 13 39 7
14 1 13 39 7
1 14 39 13 7
14 1 39 13 7
5 10 9 43 32
10 5 9 43 32
5 10 43 9 32
10 5 43 9 32
6 9 14 38 1117
9 6 14 38 1117
6 9 38 14 1117
9 6 38 14 1117
5 10 4 48 0
10 5 4 48 0
5 10 48 4 0
10 5 48 4 0
0 15 11 41 0
15 0 11 41 0
0 15 41 11 0
15 0 41 11 0
7 8 7 45 7
8 7 7 45 7
7 8 45 7 7
8 7 45 7 7
0 15 17 35 4
15 0 17 35 4
0 15 35 17 4
15 0 35 17 4
6 9 12 40 433
9 6 12 40 433
6 9 40 12 433
9 6 40 12 433
7 8 20 32 7461
8 7 20 32 7461
7 8 32 20 7461
8 7 32 20 7461
7 8 11 41 291
8 7 11 41 291
7 8 41 11 291
8 7 41 11 291
4 11 9 43 17
11 4 9 43 17
4 11 43 9 17
11 4 43 9 17
0 15 20 32 14
15 0 20 32 14
0 15 32 20 14
15 0 32 20 14
7 8 24 28 11932
8 7 24 28 11932
7 8 28 24 11932
8 7 28 24 11932
5 10 22 30 6187
10 5 22 30 6187
5 10 30 22 6187
10 5 30 22 6187
3 12 24 28 2252
12 3 24 28 2252
3 12 28 24 2252
12 3 28 24 2252
1 14 25 27 262
14 1 25 27 262
1 14 27 25 262
14 1 27 25 262
2 13 18 34 308
13 2 18 34 308
2 13 34 18 308
13 2 34 18 308
5 10 2 50 0
10 5 2 50 0
5 10 50 2 0
10 5 50 2 0
5 10 20 32 4566
10 5 20 32 4566
5 10 32 20 4566
10 5 32 20 4566
7 8 19 33 6142
8 7 19 33 6142
7 8 33 19 6142
8 7 33 19 6142
0 15 23 29 28
15 0 23 29 28
0 15 29 23 28
15 0 29 23 28
2 13 25 27 921
13 2 25 27 921
2 13 27 25 921
13 2 27 25 921
6 9 19 33 5257
9 6 19 33 5257
6 9 33 19 5257
9 6 33 19 5257
4 11 13 39 277
11 4 13 39 277
4 11 39 13 277
11 4 39 13 277
6 9 25 27 10707
9 6 25 27 10707
6 9 27 25 10707
9 6 27 25 10707
5 10 18 34 2952
10 5 18 34 2952
5 10 34 18 2952
10 5 34 18 2952
7 8 18 34 4884
8 7 18 34 4884
7 8 34 18 4884
8 7 34 18 4884
4 11 10 42 41
11 4 10 42 41
4 11 42 10 41
11 4 42 10 41
7 8 6 46 1
8 7 6 46 1
7 8 46 6 1
8 7 46 6 1
2 13 13 39 37
13 2 13 39 37
2 13 39 13 37
13 2 39 13 37
2 13 12 40 19
13 2 12 40 19
2 13 40 12 19
13 2 40 12 19
4 11 23 29 4229
11 4 23 29 4229
4 11 29 23 4229
11 4 29 23 4229
5 10 25 27 7728
10 5 25 27 7728
5 10 27 25 7728
10 5 27 25 7728
3 12 11 41 33
12 3 11 41 33
3 12 41 11 33
12 3 41 11 33
1 14 23 29 227
14 1 23 29 227
1 14 29 23 227
14 1 29 23 227
6 9 1 51 0
9 6 1 51 0
6 9 51 1 0
9 6 51 1 0
6 9 5 47 0
9 6 5 47 0
6 9 47 5 0
9 6 47 5 0
0 15 14 38 0
15 0 14 38 0
0 15 38 14 0
15 0 38 14 0
6 9 17 35 3200
9 6 17 35 3200
6 9 35 17 3200
9 6 35 17 3200
3 12 14 38 193
12 3 14 38 193
3 12 38 14 193
12 3 38 14 193
7 8 5 47 0
8 7 5 47 0
7 8 47 5 0
8 7 47 5 0
6 9 18 34 4174
9 6 18 34 4174
6 9 34 18 4174
9 6 34 18 4174
5 10 13 39 480
10 5 13 39 480
5 10 39 13 480
10 5 39 13 480
4 11 2 50 0
11 4 2 50 0
4 11 50 2 0
11 4 50 2 0
2 13 5 47 0
13 2 5 47 0
2 13 47 5 0
13 2 47 5 0
2 13 22 30 715
13 2 22 30 715
2 13 30 22 715
13 2 30 22 715
4 11 6 46 0
11 4 6 46 0
4 11 46 6 0
11 4 46 6 0
5 10 3 49 0
10 5 3 49 0
5 10 49 3 0
10 5 49 3 0
2 13 15 37 103
13 2 15 37 103
2 13 37 15 103
13 2 37 15 103
0 15 25 27 34
15 0 25 27 34
0 15 27 25 34
15 0 27 25 34
4 11 16 36 975
11 4 16 36 975
4 11 36 16 975
11 4 36 16 975
0 15 12 40 0
15 0 12 40 0
0 15 40 12 0
15 0 40 12 0
1 14 9 43 0
14 1 9 43 0
1 14 43 9 0
14 1 43 9 0
6 9 2 50 0
9 6 2 50 0
6 9 50 2 0
9 6 50 2 0
3 12 12 40 65
12 3 12 40 65
3 12 40 12 65
12 3 40 12 65
3 12 25 27 2361
12 3 25 27 2361
3 12 27 25 2361
12 3 27 25 2361
5 10 12 40 284
10 5 12 40 284
5 10 40 12 284
10 5 40 12 284
6 9 7 45 6
9 6 7 45 6
6 9 45 7 6
9 6 45 7 6
7 8 25 27 12455
8 7 25 27 12455
7 8 27 25 12455
8 7 27 25 12455
4 11 22 30 3797
11 4 22 30 3797
4 11 30 22 3797
11 4 30 22 3797
1 14 22 30 199
14 1 22 30 199
1 14 30 22 199
14 1 30 22 199
4 11 19 33 2269
11 4 19 33 2269
4 11 33 19 2269
11 4 33 19 2269
4 11 21 31 3307
11 4 21 31 3307
4 11 31 21 3307
11 4 31 21 3307
3 12 17 35 628
12 3 17 35 628
3 12 35 17 628
12 3 35 17 628
1 14 26 26 266
14 1 26 26 266
6 9 26 26 10856
9 6 26 26 10856
1 14 19 33 107
14 1 19 33 107
1 14 33 19 107
14 1 33 19 107
1 14 21 31 169
14 1 21 31 169
1 14 31 21 169
14 1 31 21 169
2 13 10 42 3
13 2 10 42 3
2 13 42 10 3
13 2 42 10 3
1 14 17 35 56
14 1 17 35 56
1 14 35 17 56
14 1 35 17 56
4 11 17 35 1348
11 4 17 35 1348
4 11 35 17 1348
11 4 35 17 1348
3 12 23 29 2083
12 3 23 29 2083
3 12 29 23 2083
12 3 29 23 2083
3 12 9 43 5
12 3 9 43 5
3 12 43 9 5
12 3 43 9 5
6 9 10 42 125
9 6 10 42 125
6 9 42 10 125
9 6 42 10 125
6 9 22 30 8609
9 6 22 30 8609
6 9 30 22 8609
9 6 30 22 8609
6 9 16 36 2354
9 6 16 36 2354
6 9 36 16 2354
9 6 36 16 2354
1 14 20 32 137
14 1 20 32 137
1 14 32 20 137
14 1 32 20 137
2 13 7 45 0
13 2 7 45 0
2 13 45 7 0
13 2 45 7 0
6 9 9 43 57
9 6 9 43 57
6 9 43 9 57
9 6 43 9 57
3 12 21 31 1611
12 3 21 31 1611
3 12 31 21 1611
12 3 31 21 1611
5 10 17 35 2248
10 5 17 35 2248
5 10 35 17 2248
10 5 35 17 2248
3 12 6 46 0
12 3 6 46 0
3 12 46 6 0
12 3 46 6 0
5 10 11 41 156
10 5 11 41 156
5 10 41 11 156
10 5 41 11 156
7 8 12 40 513
8 7 12 40 513
7 8 40 12 513
8 7 40 12 513
5 10 19 33 3738
10 5 19 33 3738
5 10 33 19 3738
10 5 33 19 3738
0 15 24 28 31
15 0 24 28 31
0 15 28 24 31
15 0 28 24 31
7 8 26 26 12628
8 7 26 26 12628
