5 29 20 27 0
29 5 20 27 0
5 29 27 20 0
29 5 27 20 0
5 29 21 26 0
29 5 21 26 0
5 29 26 21 0
29 5 26 21 0
5 29 22 25 0
29 5 22 25 0
5 29 25 22 0
29 5 25 22 0
5 29 23 24 0
29 5 23 24 0
5 29 24 23 0
29 5 24 23 0
6 28 20 27 0
28 6 20 27 0
6 28 27 20 0
28 6 27 20 0
6 28 21 26 0
28 6 21 26 0
6 28 26 21 0
28 6 26 21 0
6 28 22 25 0
28 6 22 25 0
6 28 25 22 0
28 6 25 22 0
6 28 23 24 0
28 6 23 24 0
6 28 24 23 0
28 6 24 23 0
7 27 20 27 0
27 7 20 27 0
7 27 27 20 0
27 7 27 20 0
7 27 21 26 0
27 7 21 26 0
7 27 26 21 0
27 7 26 21 0
7 27 22 25 0
27 7 22 25 0
7 27 25 22 0
27 7 25 22 0
7 27 23 24 0
27 7 23 24 0
7 27 24 23 0
27 7 24 23 0
8 26 20 27 0
26 8 20 27 0
8 26 27 20 0
26 8 27 20 0
8 26 21 26 0
26 8 21 26 0
8 26 26 21 0
26 8 26 21 0
8 26 22 25 0
26 8 22 25 0
8 26 25 22 0
26 8 25 22 0
8 26 23 24 0
26 8 23 24 0
8 26 24 23 0
26 8 24 23 0
9 25 20 27 1
25 9 20 27 1
9 25 27 20 1
25 9 27 20 1
9 25 21 26 2
25 9 21 26 2
9 25 26 21 2
25 9 26 21 2
9 25 22 25 3
25 9 22 25 3
9 25 25 22 3
25 9 25 22 3
9 25 23 24 4
25 9 23 24 4
9 25 24 23 4
25 9 24 23 4
6 28 16 31 0
28 6 16 31 0
6 28 31 16 0
28 6 31 16 0
6 28 17 30 0
28 6 17 30 0
6 28 30 17 0
28 6 30 17 0
6 28 18 29 0
28 6 18 29 0
6 28 29 18 0
28 6 29 18 0
6 28 19 28 0
28 6 19 28 0
6 28 28 19 0
28 6 28 19 0
7 27 16 31 0
27 7 16 31 0
7 27 31 16 0
27 7 31 16 0
7 27 17 30 0
27 7 17 30 0
7 27 30 17 0
27 7 30 17 0
7 27 18 29 0
27 7 18 29 0
7 27 29 18 0
27 7 29 18 0
7 27 19 28 0
27 7 19 28 0
7 27 28 19 0
27 7 28 19 0
8 26 16 31 0
26 8 16 31 0
8 26 31 16 0
26 8 31 16 0
8 26 17 30 0
26 8 17 30 0
8 26 30 17 0
26 8 30 17 0
8 26 18 29 0
26 8 18 29 0
8 26 29 18 0
26 8 29 18 0
8 26 19 28 0
26 8 19 28 0
8 26 28 19 0
26 8 28 19 0
9 25 16 31 0
25 9 16 31 0
9 25 31 16 0
25 9 31 16 0
9 25 17 30 0
25 9 17 30 0
9 25 30 17 0
25 9 30 17 0
9 25 18 29 0
25 9 18 29 0
9 25 29 18 0
25 9 29 18 0
9 25 19 28 0
25 9 19 28 0
9 25 28 19 0
25 9 28 19 0
10 24 16 31 0
24 10 16 31 0
10 24 31 16 0
24 10 31 16 0
10 24 17 30 1
24 10 17 30 1
10 24 30 17 1
24 10 30 17 1
10 24 18 29 3
24 10 18 29 3
10 24 29 18 3
24 10 29 18 3
10 24 19 28 7
24 10 19 28 7
10 24 28 19 7
24 10 28 19 7
10 24 20 27 14
24 10 20 27 14
10 24 27 20 14
24 10 27 20 14
10 24 21 26 23
24 10 21 26 23
10 24 26 21 23
24 10 26 21 23
10 24 22 25 31
24 10 22 25 31
10 24 25 22 31
24 10 25 22 31
10 24 23 24 37
24 10 23 24 37
10 24 24 23 37
24 10 24 23 37
11 23 16 31 1
23 11 16 31 1
11 23 31 16 1
23 11 31 16 1
11 23 17 30 6
23 11 17 30 6
11 23 30 17 6
23 11 30 17 6
11 23 18 29 18
23 11 18 29 18
11 23 29 18 18
23 11 29 18 18
11 23 19 28 39
23 11 19 28 39
11 23 28 19 39
23 11 28 19 39
11 23 20 27 71
23 11 20 27 71
11 23 27 20 71
23 11 27 20 71
11 23 21 26 108
23 11 21 26 108
11 23 26 21 108
23 11 26 21 108
11 23 22 25 141
23 11 22 25 141
11 23 25 22 141
23 11 25 22 141
11 23 23 24 162
23 11 23 24 162
11 23 24 23 162
23 11 24 23 162
7 27 14 33 0
27 7 14 33 0
7 27 33 14 0
27 7 33 14 0
7 27 15 32 0
27 7 15 32 0
7 27 32 15 0
27 7 32 15 0
8 26 14 33 0
26 8 14 33 0
8 26 33 14 0
26 8 33 14 0
8 26 15 32 0
26 8 15 32 0
8 26 32 15 0
26 8 32 15 0
9 25 14 33 0
25 9 14 33 0
9 25 33 14 0
25 9 33 14 0
9 25 15 32 0
25 9 15 32 0
9 25 32 15 0
25 9 32 15 0
10 24 14 33 0
24 10 14 33 0
10 24 33 14 0
24 10 33 14 0
10 24 15 32 0
24 10 15 32 0
10 24 32 15 0
24 10 32 15 0
11 23 14 33 0
23 11 14 33 0
11 23 33 14 0
23 11 33 14 0
11 23 15 32 0
23 11 15 32 0
11 23 32 15 0
23 11 32 15 0
8 26 13 34 0
26 8 13 34 0
8 26 34 13 0
26 8 34 13 0
9 25 13 34 0
25 9 13 34 0
9 25 34 13 0
25 9 34 13 0
10 24 13 34 0
24 10 13 34 0
10 24 34 13 0
24 10 34 13 0
11 23 13 34 0
23 11 13 34 0
11 23 34 13 0
23 11 34 13 0
12 22 13 34 0
22 12 13 34 0
12 22 34 13 0
22 12 34 13 0
12 22 14 33 0
22 12 14 33 0
12 22 33 14 0
22 12 33 14 0
12 22 15 32 2
22 12 15 32 2
12 22 32 15 2
22 12 32 15 2
12 22 16 31 9
22 12 16 31 9
12 22 31 16 9
22 12 31 16 9
12 22 17 30 30
22 12 17 30 30
12 22 30 17 30
22 12 30 17 30
12 22 18 29 72
22 12 18 29 72
12 22 29 18 72
22 12 29 18 72
12 22 19 28 142
22 12 19 28 142
12 22 28 19 142
22 12 28 19 142
12 22 20 27 238
22 12 20 27 238
12 22 27 20 238
22 12 27 20 238
12 22 21 26 346
22 12 21 26 346
12 22 26 21 346
22 12 26 21 346
12 22 22 25 440
22 12 22 25 440
12 22 25 22 440
22 12 25 22 440
12 22 23 24 497
22 12 23 24 497
12 22 24 23 497
22 12 24 23 497
13 21 14 33 1
21 13 14 33 1
13 21 33 14 1
21 13 33 14 1
13 21 15 32 8
21 13 15 32 8
13 21 32 15 8
21 13 32 15 8
13 21 16 31 31
21 13 16 31 31
13 21 31 16 31
21 13 31 16 31
13 21 17 30 87
21 13 17 30 87
13 21 30 17 87
21 13 30 17 87
13 21 18 29 194
21 13 18 29 194
13 21 29 18 194
21 13 29 18 194
13 21 19 28 361
21 13 19 28 361
13 21 28 19 361
21 13 28 19 361
13 21 20 27 582
21 13 20 27 582
13 21 27 20 582
21 13 27 20 582
13 21 21 26 822
21 13 21 26 822
13 21 26 21 822
21 13 26 21 822
13 21 22 25 1029
21 13 22 25 1029
13 21 25 22 1029
21 13 25 22 1029
13 21 23 24 1151
21 13 23 24 1151
13 21 24 23 1151
21 13 24 23 1151
9 25 12 35 0
25 9 12 35 0
9 25 35 12 0
25 9 35 12 0
10 24 12 35 0
24 10 12 35 0
10 24 35 12 0
24 10 35 12 0
11 23 12 35 0
23 11 12 35 0
11 23 35 12 0
23 11 35 12 0
12 22 12 35 0
22 12 12 35 0
12 22 35 12 0
22 12 35 12 0
13 21 12 35 0
21 13 12 35 0
13 21 35 12 0
21 13 35 12 0
13 21 13 34 0
21 13 13 34 0
13 21 34 13 0
21 13 34 13 0
14 20 12 35 0
20 14 12 35 0
14 20 35 12 0
20 14 35 12 0
14 20 13 34 1
20 14 13 34 1
14 20 34 13 1
20 14 34 13 1
14 20 14 33 5
20 14 14 33 5
14 20 33 14 5
20 14 33 14 5
14 20 15 32 24
20 14 15 32 24
14 20 32 15 24
20 14 32 15 24
14 20 16 31 75
20 14 16 31 75
14 20 31 16 75
20 14 31 16 75
14 20 17 30 191
20 14 17 30 191
14 20 30 17 191
20 14 30 17 191
14 20 18 29 399
20 14 18 29 399
14 20 29 18 399
20 14 29 18 399
14 20 19 28 715
20 14 19 28 715
14 20 28 19 715
20 14 28 19 715
14 20 20 27 1119
20 14 20 27 1119
14 20 27 20 1119
20 14 27 20 1119
14 20 21 26 1552
20 14 21 26 1552
14 20 26 21 1552
20 14 26 21 1552
14 20 22 25 1920
20 14 22 25 1920
14 20 25 22 1920
20 14 25 22 1920
14 20 23 24 2135
20 14 23 24 2135
14 20 24 23 2135
20 14 24 23 2135
15 19 14 33 12
19 15 14 33 12
15 19 33 14 12
19 15 33 14 12
15 19 15 32 47
19 15 15 32 47
15 19 32 15 47
19 15 32 15 47
15 19 16 31 137
19 15 16 31 137
15 19 31 16 137
19 15 31 16 137
15 19 17 30 327
19 15 17 30 327
15 19 30 17 327
19 15 30 17 327
15 19 18 29 658
19 15 18 29 658
15 19 29 18 658
19 15 29 18 658
15 19 19 28 1146
19 15 19 28 1146
15 19 28 19 1146
19 15 28 19 1146
15 19 20 27 1761
19 15 20 27 1761
15 19 27 20 1761
19 15 27 20 1761
15 19 21 26 2410
19 15 21 26 2410
15 19 26 21 2410
19 15 26 21 2410
15 19 22 25 2959
19 15 22 25 2959
15 19 25 22 2959
19 15 25 22 2959
15 19 23 24 3277
19 15 23 24 3277
15 19 24 23 3277
19 15 24 23 3277
15 19 12 35 0
19 15 12 35 0
15 19 35 12 0
19 15 35 12 0
15 19 13 34 2
19 15 13 34 2
15 19 34 13 2
19 15 34 13 2
16 18 13 34 3
18 16 13 34 3
16 18 34 13 3
18 16 34 13 3
16 18 14 33 17
18 16 14 33 17
16 18 33 14 17
18 16 33 14 17
16 18 15 32 66
18 16 15 32 66
16 18 32 15 66
18 16 32 15 66
16 18 16 31 187
18 16 16 31 187
16 18 31 16 187
18 16 31 16 187
16 18 17 30 439
18 16 17 30 439
16 18 30 17 439
18 16 30 17 439
16 18 18 29 868
18 16 18 29 868
16 18 29 18 868
18 16 29 18 868
16 18 19 28 1496
18 16 19 28 1496
16 18 28 19 1496
18 16 28 19 1496
16 18 20 27 2278
18 16 20 27 2278
16 18 27 20 2278
18 16 27 20 2278
16 18 21 26 3100
18 16 21 26 3100
16 18 26 21 3100
18 16 26 21 3100
16 18 22 25 3791
18 16 22 25 3791
16 18 25 22 3791
18 16 25 22 3791
16 18 23 24 4191
18 16 23 24 4191
16 18 24 23 4191
18 16 24 23 4191
17 17 16 31 216
17 17 31 16 216
17 17 17 30 494
17 17 30 17 494
17 17 18 29 966
17 17 29 18 966
17 17 19 28 1650
17 17 28 19 1650
17 17 20 27 2501
17 17 27 20 2501
17 17 21 26 3391
17 17 26 21 3391
17 17 22 25 4139
17 17 25 22 4139
17 17 23 24 4571
17 17 24 23 4571
17 17 14 33 23
17 17 33 14 23
17 17 15 32 79
17 17 32 15 79
10 24 10 37 0
24 10 10 37 0
10 24 37 10 0
24 10 37 10 0
10 24 11 36 0
24 10 11 36 0
10 24 36 11 0
24 10 36 11 0
11 23 10 37 0
23 11 10 37 0
11 23 37 10 0
23 11 37 10 0
11 23 11 36 0
23 11 11 36 0
11 23 36 11 0
23 11 36 11 0
12 22 10 37 0
22 12 10 37 0
12 22 37 10 0
22 12 37 10 0
12 22 11 36 0
22 12 11 36 0
12 22 36 11 0
22 12 36 11 0
13 21 10 37 0
21 13 10 37 0
13 21 37 10 0
21 13 37 10 0
13 21 11 36 0
21 13 11 36 0
13 21 36 11 0
21 13 36 11 0
14 20 10 37 0
20 14 10 37 0
14 20 37 10 0
20 14 37 10 0
14 20 11 36 0
20 14 11 36 0
14 20 36 11 0
20 14 36 11 0
15 19 10 37 0
19 15 10 37 0
15 19 37 10 0
19 15 37 10 0
15 19 11 36 0
19 15 11 36 0
15 19 36 11 0
19 15 36 11 0
16 18 12 35 0
18 16 12 35 0
16 18 35 12 0
18 16 35 12 0
12 22 9 38 0
22 12 9 38 0
12 22 38 9 0
22 12 38 9 0
13 21 9 38 0
21 13 9 38 0
13 21 38 9 0
21 13 38 9 0
14 20 9 38 0
20 14 9 38 0
14 20 38 9 0
20 14 38 9 0
15 19 9 38 0
19 15 9 38 0
15 19 38 9 0
19 15 38 9 0
16 18 9 38 0
18 16 9 38 0
16 18 38 9 0
18 16 38 9 0
16 18 10 37 0
18 16 10 37 0
16 18 37 10 0
18 16 37 10 0
16 18 11 36 0
18 16 11 36 0
16 18 36 11 0
18 16 36 11 0
17 17 10 37 0
17 17 37 10 0
17 17 11 36 0
17 17 36 11 0
17 17 12 35 1
17 17 35 12 1
17 17 13 34 5
17 17 34 13 5
13 21 8 39 0
21 13 8 39 0
13 21 39 8 0
21 13 39 8 0
14 20 8 39 0
20 14 8 39 0
14 20 39 8 0
20 14 39 8 0
15 19 8 39 0
19 15 8 39 0
15 19 39 8 0
19 15 39 8 0
16 18 8 39 0
18 16 8 39 0
16 18 39 8 0
18 16 39 8 0
17 17 8 39 0
17 17 39 8 0
17 17 9 38 0
17 17 38 9 0
