27 34 36 47 0
34 27 36 47 0
27 34 47 36 0
34 27 47 36 0
27 34 37 46 0
34 27 37 46 0
27 34 46 37 0
34 27 46 37 0
27 34 38 45 0
34 27 38 45 0
27 34 45 38 0
34 27 45 38 0
27 34 39 44 0
34 27 39 44 0
27 34 44 39 0
34 27 44 39 0
27 34 40 43 0
34 27 40 43 0
27 34 43 40 0
34 27 43 40 0
27 34 41 42 0
34 27 41 42 0
27 34 42 41 0
34 27 42 41 0
28 33 36 47 0
33 28 36 47 0
28 33 47 36 0
33 28 47 36 0
28 33 37 46 0
33 28 37 46 0
28 33 46 37 0
33 28 46 37 0
28 33 38 45 0
33 28 38 45 0
28 33 45 38 0
33 28 45 38 0
28 33 39 44 0
33 28 39 44 0
28 33 44 39 0
33 28 44 39 0
28 33 40 43 0
33 28 40 43 0
28 33 43 40 0
33 28 43 40 0
28 33 41 42 0
33 28 41 42 0
28 33 42 41 0
33 28 42 41 0
29 32 36 47 0
32 29 36 47 0
29 32 47 36 0
32 29 47 36 0
29 32 37 46 0
32 29 37 46 0
29 32 46 37 0
32 29 46 37 0
29 32 38 45 0
32 29 38 45 0
29 32 45 38 0
32 29 45 38 0
29 32 39 44 0
32 29 39 44 0
29 32 44 39 0
32 29 44 39 0
29 32 40 43 0
32 29 40 43 0
29 32 43 40 0
32 29 43 40 0
29 32 41 42 0
32 29 41 42 0
29 32 42 41 0
32 29 42 41 0
30 31 36 47 0
31 30 36 47 0
30 31 47 36 0
31 30 47 36 0
30 31 37 46 0
31 30 37 46 0
30 31 46 37 0
31 30 46 37 0
30 31 38 45 0
31 30 38 45 0
30 31 45 38 0
31 30 45 38 0
30 31 39 44 0
31 30 39 44 0
30 31 44 39 0
31 30 44 39 0
30 31 40 43 0
31 30 40 43 0
30 31 43 40 0
31 30 43 40 0
30 31 41 42 0
31 30 41 42 0
30 31 42 41 0
31 30 42 41 0
