18 34 30 41 0
34 18 30 41 0
18 34 41 30 0
34 18 41 30 0
18 34 31 40 0
34 18 31 40 0
18 34 40 31 0
34 18 40 31 0
18 34 32 39 0
34 18 32 39 0
18 34 39 32 0
34 18 39 32 0
18 34 33 38 0
34 18 33 38 0
18 34 38 33 0
34 18 38 33 0
18 34 34 37 0
34 18 34 37 0
18 34 37 34 0
34 18 37 34 0
18 34 35 36 0
34 18 35 36 0
18 34 36 35 0
34 18 36 35 0
19 33 30 41 0
33 19 30 41 0
19 33 41 30 0
33 19 41 30 0
19 33 31 40 0
33 19 31 40 0
19 33 40 31 0
33 19 40 31 0
19 33 32 39 0
33 19 32 39 0
19 33 39 32 0
33 19 39 32 0
19 33 33 38 0
33 19 33 38 0
19 33 38 33 0
33 19 38 33 0
19 33 34 37 0
33 19 34 37 0
19 33 37 34 0
33 19 37 34 0
19 33 35 36 0
33 19 35 36 0
19 33 36 35 0
33 19 36 35 0
20 32 30 41 0
32 20 30 41 0
20 32 41 30 0
32 20 41 30 0
20 32 31 40 0
32 20 31 40 0
20 32 40 31 0
32 20 40 31 0
20 32 32 39 0
32 20 32 39 0
20 32 39 32 0
32 20 39 32 0
20 32 33 38 0
32 20 33 38 0
20 32 38 33 0
32 20 38 33 0
20 32 34 37 0
32 20 34 37 0
20 32 37 34 0
32 20 37 34 0
20 32 35 36 0
32 20 35 36 0
20 32 36 35 0
32 20 36 35 0
21 31 30 41 0
31 21 30 41 0
21 31 41 30 0
31 21 41 30 0
21 31 31 40 0
31 21 31 40 0
21 31 40 31 0
31 21 40 31 0
21 31 32 39 0
31 21 32 39 0
21 31 39 32 0
31 21 39 32 0
21 31 33 38 0
31 21 33 38 0
21 31 38 33 0
31 21 38 33 0
21 31 34 37 0
31 21 34 37 0
21 31 37 34 0
31 21 37 34 0
21 31 35 36 0
31 21 35 36 0
21 31 36 35 0
31 21 36 35 0
22 30 30 41 0
30 22 30 41 0
22 30 41 30 0
30 22 41 30 0
22 30 31 40 0
30 22 31 40 0
22 30 40 31 0
30 22 40 31 0
22 30 32 39 0
30 22 32 39 0
22 30 39 32 0
30 22 39 32 0
22 30 33 38 0
30 22 33 38 0
22 30 38 33 0
30 22 38 33 0
22 30 34 37 0
30 22 34 37 0
22 30 37 34 0
30 22 37 34 0
22 30 35 36 0
30 22 35 36 0
22 30 36 35 0
30 22 36 35 0
19 33 27 44 0
33 19 27 44 0
19 33 44 27 0
33 19 44 27 0
19 33 28 43 0
33 19 28 43 0
19 33 43 28 0
33 19 43 28 0
19 33 29 42 0
33 19 29 42 0
19 33 42 29 0
33 19 42 29 0
20 32 27 44 0
32 20 27 44 0
20 32 44 27 0
32 20 44 27 0
20 32 28 43 0
32 20 28 43 0
20 32 43 28 0
32 20 43 28 0
20 32 29 42 0
32 20 29 42 0
20 32 42 29 0
32 20 42 29 0
21 31 27 44 0
31 21 27 44 0
21 31 44 27 0
31 21 44 27 0
21 31 28 43 0
31 21 28 43 0
21 31 43 28 0
31 21 43 28 0
21 31 29 42 0
31 21 29 42 0
21 31 42 29 0
31 21 42 29 0
22 30 27 44 0
30 22 27 44 0
22 30 44 27 0
30 22 44 27 0
22 30 28 43 0
30 22 28 43 0
22 30 43 28 0
30 22 43 28 0
22 30 29 42 0
30 22 29 42 0
22 30 42 29 0
30 22 42 29 0
23 29 27 44 0
29 23 27 44 0
23 29 44 27 0
29 23 44 27 0
23 29 28 43 0
29 23 28 43 0
23 29 43 28 0
29 23 43 28 0
23 29 29 42 0
29 23 29 42 0
23 29 42 29 0
29 23 42 29 0
23 29 30 41 0
29 23 30 41 0
23 29 41 30 0
29 23 41 30 0
23 29 31 40 0
29 23 31 40 0
23 29 40 31 0
29 23 40 31 0
23 29 32 39 0
29 23 32 39 0
23 29 39 32 0
29 23 39 32 0
23 29 33 38 1
29 23 33 38 1
23 29 38 33 1
29 23 38 33 1
23 29 34 37 2
29 23 34 37 2
23 29 37 34 2
29 23 37 34 2
23 29 35 36 3
29 23 35 36 3
23 29 36 35 3
29 23 36 35 3
20 32 26 45 0
32 20 26 45 0
20 32 45 26 0
32 20 45 26 0
21 31 26 45 0
31 21 26 45 0
21 31 45 26 0
31 21 45 26 0
22 30 26 45 0
30 22 26 45 0
22 30 45 26 0
30 22 45 26 0
23 29 26 45 0
29 23 26 45 0
23 29 45 26 0
29 23 45 26 0
24 28 26 45 0
28 24 26 45 0
24 28 45 26 0
28 24 45 26 0
24 28 27 44 0
28 24 27 44 0
24 28 44 27 0
28 24 44 27 0
24 28 28 43 0
28 24 28 43 0
24 28 43 28 0
28 24 43 28 0
24 28 29 42 0
28 24 29 42 0
24 28 42 29 0
28 24 42 29 0
24 28 30 41 0
28 24 30 41 0
24 28 41 30 0
28 24 41 30 0
24 28 31 40 0
28 24 31 40 0
24 28 40 31 0
28 24 40 31 0
24 28 32 39 1
28 24 32 39 1
24 28 39 32 1
28 24 39 32 1
24 28 33 38 3
28 24 33 38 3
24 28 38 33 3
28 24 38 33 3
24 28 34 37 5
28 24 34 37 5
24 28 37 34 5
28 24 37 34 5
24 28 35 36 7
28 24 35 36 7
24 28 36 35 7
28 24 36 35 7
25 27 27 44 0
27 25 27 44 0
25 27 44 27 0
27 25 44 27 0
25 27 28 43 0
27 25 28 43 0
25 27 43 28 0
27 25 43 28 0
25 27 29 42 0
27 25 29 42 0
25 27 42 29 0
27 25 42 29 0
25 27 30 41 0
27 25 30 41 0
25 27 41 30 0
27 25 41 30 0
25 27 31 40 0
27 25 31 40 0
25 27 40 31 0
27 25 40 31 0
25 27 32 39 2
27 25 32 39 2
25 27 39 32 2
27 25 39 32 2
25 27 33 38 5
27 25 33 38 5
25 27 38 33 5
27 25 38 33 5
25 27 34 37 8
27 25 34 37 8
25 27 37 34 8
27 25 37 34 8
25 27 35 36 11
27 25 35 36 11
25 27 36 35 11
27 25 36 35 11
26 26 30 41 0
26 26 41 30 0
26 26 31 40 0
26 26 40 31 0
26 26 32 39 3
26 26 39 32 3
26 26 33 38 7
26 26 38 33 7
26 26 34 37 11
26 26 37 34 11
26 26 35 36 15
26 26 36 35 15
21 31 25 46 0
31 21 25 46 0
21 31 46 25 0
31 21 46 25 0
22 30 25 46 0
30 22 25 46 0
22 30 46 25 0
30 22 46 25 0
23 29 25 46 0
29 23 25 46 0
23 29 46 25 0
29 23 46 25 0
24 28 25 46 0
28 24 25 46 0
24 28 46 25 0
28 24 46 25 0
25 27 25 46 0
27 25 25 46 0
25 27 46 25 0
27 25 46 25 0
25 27 26 45 0
27 25 26 45 0
25 27 45 26 0
27 25 45 26 0
26 26 25 46 0
26 26 46 25 0
26 26 26 45 0
26 26 45 26 0
26 26 27 44 0
26 26 44 27 0
26 26 28 43 0
26 26 43 28 0
26 26 29 42 0
26 26 42 29 0
24 28 24 47 0
28 24 24 47 0
24 28 47 24 0
28 24 47 24 0
25 27 24 47 0
27 25 24 47 0
25 27 47 24 0
27 25 47 24 0
26 26 24 47 0
26 26 47 24 0
