0 13 6 13 0
13 0 6 13 0
0 13 13 6 0
13 0 13 6 0
0 13 7 12 0
13 0 7 12 0
0 13 12 7 0
13 0 12 7 0
0 13 8 11 0
13 0 8 11 0
0 13 11 8 0
13 0 11 8 0
0 13 9 10 0
13 0 9 10 0
0 13 10 9 0
13 0 10 9 0
1 12 6 13 1
12 1 6 13 1
1 12 13 6 1
12 1 13 6 1
1 12 7 12 2
12 1 7 12 2
1 12 12 7 2
12 1 12 7 2
1 12 8 11 3
12 1 8 11 3
1 12 11 8 3
12 1 11 8 3
1 12 9 10 4
12 1 9 10 4
1 12 10 9 4
12 1 10 9 4
1 12 3 16 0
12 1 3 16 0
1 12 16 3 0
12 1 16 3 0
1 12 4 15 0
12 1 4 15 0
1 12 15 4 0
12 1 15 4 0
1 12 5 14 0
12 1 5 14 0
1 12 14 5 0
12 1 14 5 0
2 11 3 16 0
11 2 3 16 0
2 11 16 3 0
11 2 16 3 0
2 11 4 15 1
11 2 4 15 1
2 11 15 4 1
11 2 15 4 1
2 11 5 14 3
11 2 5 14 3
2 11 14 5 3
11 2 14 5 3
2 11 6 13 8
11 2 6 13 8
2 11 13 6 8
11 2 13 6 8
2 11 7 12 14
11 2 7 12 14
2 11 12 7 14
11 2 12 7 14
2 11 8 11 20
11 2 8 11 20
2 11 11 8 20
11 2 11 8 20
2 11 9 10 24
11 2 9 10 24
2 11 10 9 24
11 2 10 9 24
3 10 3 16 0
10 3 3 16 0
3 10 16 3 0
10 3 16 3 0
3 10 4 15 3
10 3 4 15 3
3 10 15 4 3
10 3 15 4 3
3 10 5 14 9
10 3 5 14 9
3 10 14 5 9
10 3 14 5 9
3 10 6 13 22
10 3 6 13 22
3 10 13 6 22
10 3 13 6 22
3 10 7 12 38
10 3 7 12 38
3 10 12 7 38
10 3 12 7 38
3 10 8 11 54
10 3 8 11 54
3 10 11 8 54
10 3 11 8 54
3 10 9 10 64
10 3 9 10 64
3 10 10 9 64
10 3 10 9 64
4 9 3 16 1
9 4 3 16 1
4 9 16 3 1
9 4 16 3 1
4 9 4 15 8
9 4 4 15 8
4 9 15 4 8
9 4 15 4 8
4 9 5 14 22
9 4 5 14 22
4 9 14 5 22
9 4 14 5 22
4 9 6 13 49
9 4 6 13 49
4 9 13 6 49
9 4 13 6 49
4 9 7 12 82
9 4 7 12 82
4 9 12 7 82
9 4 12 7 82
4 9 8 11 114
9 4 8 11 114
4 9 11 8 114
9 4 11 8 114
4 9 9 10 134
9 4 9 10 134
4 9 10 9 134
9 4 10 9 134
2 11 2 17 0
11 2 2 17 0
2 11 17 2 0
11 2 17 2 0
3 10 2 17 0
10 3 2 17 0
3 10 17 2 0
10 3 17 2 0
3 10 1 18 0
10 3 1 18 0
3 10 18 1 0
10 3 18 1 0
4 9 1 18 0
9 4 1 18 0
4 9 18 1 0
9 4 18 1 0
4 9 2 17 0
9 4 2 17 0
4 9 17 2 0
9 4 17 2 0
5 8 1 18 0
8 5 1 18 0
5 8 18 1 0
8 5 18 1 0
5 8 2 17 0
8 5 2 17 0
5 8 17 2 0
8 5 17 2 0
5 8 3 16 2
8 5 3 16 2
5 8 16 3 2
8 5 16 3 2
5 8 4 15 13
8 5 4 15 13
5 8 15 4 13
8 5 15 4 13
5 8 5 14 35
8 5 5 14 35
5 8 14 5 35
8 5 14 5 35
5 8 6 13 76
8 5 6 13 76
5 8 13 6 76
8 5 13 6 76
5 8 7 12 126
8 5 7 12 126
5 8 12 7 126
8 5 12 7 126
5 8 8 11 174
8 5 8 11 174
5 8 11 8 174
8 5 11 8 174
5 8 9 10 204
8 5 9 10 204
5 8 10 9 204
8 5 10 9 204
6 7 1 18 0
7 6 1 18 0
6 7 18 1 0
7 6 18 1 0
6 7 2 17 0
7 6 2 17 0
6 7 17 2 0
7 6 17 2 0
6 7 3 16 3
7 6 3 16 3
6 7 16 3 3
7 6 16 3 3
6 7 4 15 17
7 6 4 15 17
6 7 15 4 17
7 6 15 4 17
6 7 5 14 45
7 6 5 14 45
6 7 14 5 45
7 6 14 5 45
6 7 6 13 96
7 6 6 13 96
6 7 13 6 96
7 6 13 6 96
6 7 7 12 158
7 6 7 12 158
6 7 12 7 158
7 6 12 7 158
6 7 8 11 217
7 6 8 11 217
6 7 11 8 217
7 6 11 8 217
6 7 9 10 254
7 6 9 10 254
6 7 10 9 254
7 6 10 9 254
6 7 0 19 0
7 6 0 19 0
6 7 19 0 0
7 6 19 0 0
