4 27 16 27 0
27 4 16 27 0
4 27 27 16 0
27 4 27 16 0
4 27 17 26 0
27 4 17 26 0
4 27 26 17 0
27 4 26 17 0
4 27 18 25 0
27 4 18 25 0
4 27 25 18 0
27 4 25 18 0
4 27 19 24 0
27 4 19 24 0
4 27 24 19 0
27 4 24 19 0
4 27 20 23 0
27 4 20 23 0
4 27 23 20 0
27 4 23 20 0
4 27 21 22 0
27 4 21 22 0
4 27 22 21 0
27 4 22 21 0
5 26 16 27 0
26 5 16 27 0
5 26 27 16 0
26 5 27 16 0
5 26 17 26 0
26 5 17 26 0
5 26 26 17 0
26 5 26 17 0
5 26 18 25 0
26 5 18 25 0
5 26 25 18 0
26 5 25 18 0
5 26 19 24 0
26 5 19 24 0
5 26 24 19 0
26 5 24 19 0
5 26 20 23 0
26 5 20 23 0
5 26 23 20 0
26 5 23 20 0
5 26 21 22 0
26 5 21 22 0
5 26 22 21 0
26 5 22 21 0
6 25 16 27 0
25 6 16 27 0
6 25 27 16 0
25 6 27 16 0
6 25 17 26 0
25 6 17 26 0
6 25 26 17 0
25 6 26 17 0
6 25 18 25 0
25 6 18 25 0
6 25 25 18 0
25 6 25 18 0
6 25 19 24 0
25 6 19 24 0
6 25 24 19 0
25 6 24 19 0
6 25 20 23 0
25 6 20 23 0
6 25 23 20 0
25 6 23 20 0
6 25 21 22 0
25 6 21 22 0
6 25 22 21 0
25 6 22 21 0
7 24 16 27 0
24 7 16 27 0
7 24 27 16 0
24 7 27 16 0
7 24 17 26 0
24 7 17 26 0
7 24 26 17 0
24 7 26 17 0
7 24 18 25 0
24 7 18 25 0
7 24 25 18 0
24 7 25 18 0
7 24 19 24 0
24 7 19 24 0
7 24 24 19 0
24 7 24 19 0
7 24 20 23 1
24 7 20 23 1
7 24 23 20 1
24 7 23 20 1
7 24 21 22 1
24 7 21 22 1
7 24 22 21 1
24 7 22 21 1
8 23 16 27 1
23 8 16 27 1
8 23 27 16 1
23 8 27 16 1
8 23 17 26 3
23 8 17 26 3
8 23 26 17 3
23 8 26 17 3
8 23 18 25 6
23 8 18 25 6
8 23 25 18 6
23 8 25 18 6
8 23 19 24 10
23 8 19 24 10
8 23 24 19 10
23 8 24 19 10
8 23 20 23 15
23 8 20 23 15
8 23 23 20 15
23 8 23 20 15
8 23 21 22 17
23 8 21 22 17
8 23 22 21 17
23 8 22 21 17
5 26 13 30 0
26 5 13 30 0
5 26 30 13 0
26 5 30 13 0
5 26 14 29 0
26 5 14 29 0
5 26 29 14 0
26 5 29 14 0
5 26 15 28 0
26 5 15 28 0
5 26 28 15 0
26 5 28 15 0
6 25 13 30 0
25 6 13 30 0
6 25 30 13 0
25 6 30 13 0
6 25 14 29 0
25 6 14 29 0
6 25 29 14 0
25 6 29 14 0
6 25 15 28 0
25 6 15 28 0
6 25 28 15 0
25 6 28 15 0
7 24 13 30 0
24 7 13 30 0
7 24 30 13 0
24 7 30 13 0
7 24 14 29 0
24 7 14 29 0
7 24 29 14 0
24 7 29 14 0
7 24 15 28 0
24 7 15 28 0
7 24 28 15 0
24 7 28 15 0
8 23 13 30 0
23 8 13 30 0
8 23 30 13 0
23 8 30 13 0
8 23 14 29 0
23 8 14 29 0
8 23 29 14 0
23 8 29 14 0
8 23 15 28 0
23 8 15 28 0
8 23 28 15 0
23 8 28 15 0
9 22 13 30 0
22 9 13 30 0
9 22 30 13 0
22 9 30 13 0
9 22 14 29 1
22 9 14 29 1
9 22 29 14 1
22 9 29 14 1
9 22 15 28 3
22 9 15 28 3
9 22 28 15 3
22 9 28 15 3
9 22 16 27 10
22 9 16 27 10
9 22 27 16 10
22 9 27 16 10
9 22 17 26 22
22 9 17 26 22
9 22 26 17 22
22 9 26 17 22
9 22 18 25 40
22 9 18 25 40
9 22 25 18 40
22 9 25 18 40
9 22 19 24 61
22 9 19 24 61
9 22 24 19 61
22 9 24 19 61
9 22 20 23 82
22 9 20 23 82
9 22 23 20 82
22 9 23 20 82
9 22 21 22 93
22 9 21 22 93
9 22 22 21 93
22 9 22 21 93
10 21 13 30 1
21 10 13 30 1
10 21 30 13 1
21 10 30 13 1
10 21 14 29 7
21 10 14 29 7
10 21 29 14 7
21 10 29 14 7
10 21 15 28 20
21 10 15 28 20
10 21 28 15 20
21 10 28 15 20
10 21 16 27 49
21 10 16 27 49
10 21 27 16 49
21 10 27 16 49
10 21 17 26 96
21 10 17 26 96
10 21 26 17 96
21 10 26 17 96
10 21 18 25 160
21 10 18 25 160
10 21 25 18 160
21 10 25 18 160
10 21 19 24 231
21 10 19 24 231
10 21 24 19 231
21 10 24 19 231
10 21 20 23 296
21 10 20 23 296
10 21 23 20 296
21 10 23 20 296
10 21 21 22 332
21 10 21 22 332
10 21 22 21 332
21 10 22 21 332
6 25 12 31 0
25 6 12 31 0
6 25 31 12 0
25 6 31 12 0
7 24 12 31 0
24 7 12 31 0
7 24 31 12 0
24 7 31 12 0
8 23 12 31 0
23 8 12 31 0
8 23 31 12 0
23 8 31 12 0
9 22 12 31 0
22 9 12 31 0
9 22 31 12 0
22 9 31 12 0
10 21 12 31 0
21 10 12 31 0
10 21 31 12 0
21 10 31 12 0
7 24 11 32 0
24 7 11 32 0
7 24 32 11 0
24 7 32 11 0
8 23 11 32 0
23 8 11 32 0
8 23 32 11 0
23 8 32 11 0
9 22 11 32 0
22 9 11 32 0
9 22 32 11 0
22 9 32 11 0
10 21 11 32 0
21 10 11 32 0
10 21 32 11 0
21 10 32 11 0
11 20 11 32 0
20 11 11 32 0
11 20 32 11 0
20 11 32 11 0
11 20 12 31 1
20 11 12 31 1
11 20 31 12 1
20 11 31 12 1
11 20 13 30 6
20 11 13 30 6
11 20 30 13 6
20 11 30 13 6
11 20 14 29 25
20 11 14 29 25
11 20 29 14 25
20 11 29 14 25
11 20 15 28 66
20 11 15 28 66
11 20 28 15 66
20 11 28 15 66
11 20 16 27 147
20 11 16 27 147
11 20 27 16 147
20 11 27 16 147
11 20 17 26 271
20 11 17 26 271
11 20 26 17 271
20 11 26 17 271
11 20 18 25 434
20 11 18 25 434
11 20 25 18 434
20 11 25 18 434
11 20 19 24 609
20 11 19 24 609
11 20 24 19 609
20 11 24 19 609
11 20 20 23 763
20 11 20 23 763
11 20 23 20 763
20 11 23 20 763
11 20 21 22 850
20 11 21 22 850
11 20 22 21 850
20 11 22 21 850
12 19 12 31 6
19 12 12 31 6
12 19 31 12 6
19 12 31 12 6
12 19 13 30 23
19 12 13 30 23
12 19 30 13 23
19 12 30 13 23
12 19 14 29 71
19 12 14 29 71
12 19 29 14 71
19 12 29 14 71
12 19 15 28 169
19 12 15 28 169
12 19 28 15 169
19 12 28 15 169
12 19 16 27 345
19 12 16 27 345
12 19 27 16 345
19 12 27 16 345
12 19 17 26 604
19 12 17 26 604
12 19 26 17 604
19 12 26 17 604
12 19 18 25 933
19 12 18 25 933
12 19 25 18 933
19 12 25 18 933
12 19 19 24 1279
19 12 19 24 1279
12 19 24 19 1279
19 12 24 19 1279
12 19 20 23 1577
19 12 20 23 1577
12 19 23 20 1577
19 12 23 20 1577
12 19 21 22 1746
19 12 21 22 1746
12 19 22 21 1746
19 12 22 21 1746
12 19 11 32 1
19 12 11 32 1
12 19 32 11 1
19 12 32 11 1
13 18 11 32 2
18 13 11 32 2
13 18 32 11 2
18 13 32 11 2
13 18 12 31 13
18 13 12 31 13
13 18 31 12 13
18 13 31 12 13
13 18 13 30 47
18 13 13 30 47
13 18 30 13 47
18 13 30 13 47
13 18 14 29 136
18 13 14 29 136
13 18 29 14 136
18 13 29 14 136
13 18 15 28 311
18 13 15 28 311
13 18 28 15 311
18 13 28 15 311
13 18 16 27 613
18 13 16 27 613
13 18 27 16 613
18 13 27 16 613
13 18 17 26 1047
18 13 17 26 1047
13 18 26 17 1047
18 13 26 17 1047
13 18 18 25 1587
18 13 18 25 1587
13 18 25 18 1587
18 13 25 18 1587
13 18 19 24 2148
18 13 19 24 2148
13 18 24 19 2148
18 13 24 19 2148
13 18 20 23 2625
18 13 20 23 2625
13 18 23 20 2625
18 13 23 20 2625
13 18 21 22 2895
18 13 21 22 2895
13 18 22 21 2895
18 13 22 21 2895
14 17 13 30 82
17 14 13 30 82
14 17 30 13 82
17 14 30 13 82
14 17 14 29 217
17 14 14 29 217
14 17 29 14 217
17 14 29 14 217
14 17 15 28 474
17 14 15 28 474
14 17 28 15 474
17 14 28 15 474
14 17 16 27 905
17 14 16 27 905
14 17 27 16 905
17 14 27 16 905
14 17 17 26 1514
17 14 17 26 1514
14 17 26 17 1514
17 14 26 17 1514
14 17 18 25 2261
17 14 18 25 2261
14 17 25 18 2261
17 14 25 18 2261
14 17 19 24 3031
17 14 19 24 3031
14 17 24 19 3031
17 14 24 19 3031
14 17 20 23 3680
17 14 20 23 3680
14 17 23 20 3680
17 14 23 20 3680
14 17 21 22 4047
17 14 21 22 4047
14 17 22 21 4047
17 14 22 21 4047
14 17 12 31 26
17 14 12 31 26
14 17 31 12 26
17 14 31 12 26
15 16 13 30 101
16 15 13 30 101
15 16 30 13 101
16 15 30 13 101
15 16 14 29 265
16 15 14 29 265
15 16 29 14 265
16 15 29 14 265
15 16 15 28 573
16 15 15 28 573
15 16 28 15 573
16 15 28 15 573
15 16 16 27 1084
16 15 16 27 1084
15 16 27 16 1084
16 15 27 16 1084
15 16 17 26 1801
16 15 17 26 1801
15 16 26 17 1801
16 15 26 17 1801
15 16 18 25 2675
16 15 18 25 2675
15 16 25 18 2675
16 15 25 18 2675
15 16 19 24 3573
16 15 19 24 3573
15 16 24 19 3573
16 15 24 19 3573
15 16 20 23 4327
16 15 20 23 4327
15 16 23 20 4327
16 15 23 20 4327
15 16 21 22 4753
16 15 21 22 4753
15 16 22 21 4753
16 15 22 21 4753
7 24 10 33 0
24 7 10 33 0
7 24 33 10 0
24 7 33 10 0
8 23 10 33 0
23 8 10 33 0
8 23 33 10 0
23 8 33 10 0
9 22 10 33 0
22 9 10 33 0
9 22 33 10 0
22 9 33 10 0
10 21 10 33 0
21 10 10 33 0
10 21 33 10 0
21 10 33 10 0
11 20 10 33 0
20 11 10 33 0
11 20 33 10 0
20 11 33 10 0
8 23 9 34 0
23 8 9 34 0
8 23 34 9 0
23 8 34 9 0
9 22 9 34 0
22 9 9 34 0
9 22 34 9 0
22 9 34 9 0
10 21 9 34 0
21 10 9 34 0
10 21 34 9 0
21 10 34 9 0
11 20 9 34 0
20 11 9 34 0
11 20 34 9 0
20 11 34 9 0
12 19 9 34 0
19 12 9 34 0
12 19 34 9 0
19 12 34 9 0
12 19 10 33 0
19 12 10 33 0
12 19 33 10 0
19 12 33 10 0
13 18 10 33 0
18 13 10 33 0
13 18 33 10 0
18 13 33 10 0
9 22 8 35 0
22 9 8 35 0
9 22 35 8 0
22 9 35 8 0
10 21 8 35 0
21 10 8 35 0
10 21 35 8 0
21 10 35 8 0
11 20 8 35 0
20 11 8 35 0
11 20 35 8 0
20 11 35 8 0
12 19 8 35 0
19 12 8 35 0
12 19 35 8 0
19 12 35 8 0
13 18 8 35 0
18 13 8 35 0
13 18 35 8 0
18 13 35 8 0
13 18 9 34 0
18 13 9 34 0
13 18 34 9 0
18 13 34 9 0
14 17 8 35 0
17 14 8 35 0
14 17 35 8 0
17 14 35 8 0
14 17 9 34 0
17 14 9 34 0
14 17 34 9 0
17 14 34 9 0
14 17 10 33 1
17 14 10 33 1
14 17 33 10 1
17 14 33 10 1
14 17 11 32 6
17 14 11 32 6
14 17 32 11 6
17 14 32 11 6
15 16 10 33 1
16 15 10 33 1
15 16 33 10 1
16 15 33 10 1
15 16 11 32 7
16 15 11 32 7
15 16 32 11 7
16 15 32 11 7
15 16 12 31 32
16 15 12 31 32
15 16 31 12 32
16 15 31 12 32
15 16 8 35 0
16 15 8 35 0
15 16 35 8 0
16 15 35 8 0
15 16 9 34 0
16 15 9 34 0
15 16 34 9 0
16 15 34 9 0
10 21 7 36 0
21 10 7 36 0
10 21 36 7 0
21 10 36 7 0
11 20 7 36 0
20 11 7 36 0
11 20 36 7 0
20 11 36 7 0
12 19 7 36 0
19 12 7 36 0
12 19 36 7 0
19 12 36 7 0
13 18 7 36 0
18 13 7 36 0
13 18 36 7 0
18 13 36 7 0
14 17 7 36 0
17 14 7 36 0
14 17 36 7 0
17 14 36 7 0
15 16 7 36 0
16 15 7 36 0
15 16 36 7 0
16 15 36 7 0
12 19 6 37 0
19 12 6 37 0
12 19 37 6 0
19 12 37 6 0
13 18 6 37 0
18 13 6 37 0
13 18 37 6 0
18 13 37 6 0
14 17 6 37 0
17 14 6 37 0
14 17 37 6 0
17 14 37 6 0
15 16 6 37 0
16 15 6 37 0
15 16 37 6 0
16 15 37 6 0
