1 18 10 17 0
18 1 10 17 0
1 18 17 10 0
18 1 17 10 0
1 18 11 16 0
18 1 11 16 0
1 18 16 11 0
18 1 16 11 0
1 18 12 15 0
18 1 12 15 0
1 18 15 12 0
18 1 15 12 0
1 18 13 14 0
18 1 13 14 0
1 18 14 13 0
18 1 14 13 0
2 17 10 17 0
17 2 10 17 0
2 17 17 10 0
17 2 17 10 0
2 17 11 16 0
17 2 11 16 0
2 17 16 11 0
17 2 16 11 0
2 17 12 15 0
17 2 12 15 0
2 17 15 12 0
17 2 15 12 0
2 17 13 14 0
17 2 13 14 0
2 17 14 13 0
17 2 14 13 0
3 16 10 17 2
16 3 10 17 2
3 16 17 10 2
16 3 17 10 2
3 16 11 16 3
16 3 11 16 3
3 16 16 11 3
16 3 16 11 3
3 16 12 15 4
16 3 12 15 4
3 16 15 12 4
16 3 15 12 4
3 16 13 14 4
16 3 13 14 4
3 16 14 13 4
16 3 14 13 4
4 15 10 17 5
15 4 10 17 5
4 15 17 10 5
15 4 17 10 5
4 15 11 16 9
15 4 11 16 9
4 15 16 11 9
15 4 16 11 9
4 15 12 15 12
15 4 12 15 12
4 15 15 12 12
15 4 15 12 12
4 15 13 14 13
15 4 13 14 13
4 15 14 13 13
15 4 14 13 13
2 17 7 20 0
17 2 7 20 0
2 17 20 7 0
17 2 20 7 0
2 17 8 19 0
17 2 8 19 0
2 17 19 8 0
17 2 19 8 0
2 17 9 18 0
17 2 9 18 0
2 17 18 9 0
17 2 18 9 0
3 16 7 20 0
16 3 7 20 0
3 16 20 7 0
16 3 20 7 0
3 16 8 19 0
16 3 8 19 0
3 16 19 8 0
16 3 19 8 0
3 16 9 18 1
16 3 9 18 1
3 16 18 9 1
16 3 18 9 1
3 16 6 21 0
16 3 6 21 0
3 16 21 6 0
16 3 21 6 0
4 15 6 21 0
15 4 6 21 0
4 15 21 6 0
15 4 21 6 0
4 15 7 20 0
15 4 7 20 0
4 15 20 7 0
15 4 20 7 0
4 15 8 19 0
15 4 8 19 0
4 15 19 8 0
15 4 19 8 0
4 15 9 18 2
15 4 9 18 2
4 15 18 9 2
15 4 18 9 2
5 14 6 21 0
14 5 6 21 0
5 14 21 6 0
14 5 21 6 0
5 14 7 20 1
14 5 7 20 1
5 14 20 7 1
14 5 20 7 1
5 14 8 19 2
14 5 8 19 2
5 14 19 8 2
14 5 19 8 2
5 14 9 18 7
14 5 9 18 7
5 14 18 9 7
14 5 18 9 7
5 14 10 17 15
14 5 10 17 15
5 14 17 10 15
14 5 17 10 15
5 14 11 16 26
14 5 11 16 26
5 14 16 11 26
14 5 16 11 26
5 14 12 15 35
14 5 12 15 35
5 14 15 12 35
14 5 15 12 35
5 14 13 14 40
14 5 13 14 40
5 14 14 13 40
14 5 14 13 40
6 13 6 21 0
13 6 6 21 0
6 13 21 6 0
13 6 21 6 0
6 13 7 20 2
13 6 7 20 2
6 13 20 7 2
13 6 20 7 2
6 13 8 19 5
13 6 8 19 5
6 13 19 8 5
13 6 19 8 5
6 13 9 18 15
13 6 9 18 15
6 13 18 9 15
13 6 18 9 15
6 13 10 17 30
13 6 10 17 30
6 13 17 10 30
13 6 17 10 30
6 13 11 16 51
13 6 11 16 51
6 13 16 11 51
13 6 16 11 51
6 13 12 15 70
13 6 12 15 70
6 13 15 12 70
13 6 15 12 70
6 13 13 14 81
13 6 13 14 81
6 13 14 13 81
13 6 14 13 81
7 12 7 20 3
12 7 7 20 3
7 12 20 7 3
12 7 20 7 3
7 12 8 19 9
12 7 8 19 9
7 12 19 8 9
12 7 19 8 9
7 12 9 18 26
12 7 9 18 26
7 12 18 9 26
12 7 18 9 26
7 12 10 17 51
12 7 10 17 51
7 12 17 10 51
12 7 17 10 51
7 12 11 16 86
12 7 11 16 86
7 12 16 11 86
12 7 16 11 86
7 12 12 15 118
12 7 12 15 118
7 12 15 12 118
12 7 15 12 118
7 12 13 14 138
12 7 13 14 138
7 12 14 13 138
12 7 14 13 138
4 15 4 23 0
15 4 4 23 0
4 15 23 4 0
15 4 23 4 0
4 15 5 22 0
15 4 5 22 0
4 15 22 5 0
15 4 22 5 0
5 14 4 23 0
14 5 4 23 0
5 14 23 4 0
14 5 23 4 0
5 14 5 22 0
14 5 5 22 0
5 14 22 5 0
14 5 22 5 0
6 13 4 23 0
13 6 4 23 0
6 13 23 4 0
13 6 23 4 0
6 13 5 22 0
13 6 5 22 0
6 13 22 5 0
13 6 22 5 0
6 13 3 24 0
13 6 3 24 0
6 13 24 3 0
13 6 24 3 0
7 12 3 24 0
12 7 3 24 0
7 12 24 3 0
12 7 24 3 0
7 12 4 23 0
12 7 4 23 0
7 12 23 4 0
12 7 23 4 0
7 12 5 22 0
12 7 5 22 0
7 12 22 5 0
12 7 22 5 0
7 12 6 21 0
12 7 6 21 0
7 12 21 6 0
12 7 21 6 0
8 11 4 23 0
11 8 4 23 0
8 11 23 4 0
11 8 23 4 0
8 11 5 22 0
11 8 5 22 0
8 11 22 5 0
11 8 22 5 0
8 11 6 21 0
11 8 6 21 0
8 11 21 6 0
11 8 21 6 0
8 11 7 20 4
11 8 7 20 4
8 11 20 7 4
11 8 20 7 4
8 11 8 19 12
11 8 8 19 12
8 11 19 8 12
11 8 19 8 12
8 11 9 18 35
11 8 9 18 35
8 11 18 9 35
11 8 18 9 35
8 11 10 17 70
11 8 10 17 70
8 11 17 10 70
11 8 17 10 70
8 11 11 16 118
11 8 11 16 118
8 11 16 11 118
11 8 16 11 118
8 11 12 15 162
11 8 12 15 162
8 11 15 12 162
11 8 15 12 162
8 11 13 14 190
11 8 13 14 190
8 11 14 13 190
11 8 14 13 190
9 10 4 23 0
10 9 4 23 0
9 10 23 4 0
10 9 23 4 0
9 10 5 22 0
10 9 5 22 0
9 10 22 5 0
10 9 22 5 0
9 10 6 21 0
10 9 6 21 0
9 10 21 6 0
10 9 21 6 0
9 10 7 20 4
10 9 7 20 4
9 10 20 7 4
10 9 20 7 4
9 10 8 19 13
10 9 8 19 13
9 10 19 8 13
10 9 19 8 13
9 10 9 18 40
10 9 9 18 40
9 10 18 9 40
10 9 18 9 40
9 10 10 17 81
10 9 10 17 81
9 10 17 10 81
10 9 17 10 81
9 10 11 16 138
10 9 11 16 138
9 10 16 11 138
10 9 16 11 138
9 10 12 15 190
10 9 12 15 190
9 10 15 12 190
10 9 15 12 190
9 10 13 14 222
10 9 13 14 222
9 10 14 13 222
10 9 14 13 222
7 12 2 25 0
12 7 2 25 0
7 12 25 2 0
12 7 25 2 0
8 11 2 25 0
11 8 2 25 0
8 11 25 2 0
11 8 25 2 0
8 11 3 24 0
11 8 3 24 0
8 11 24 3 0
11 8 24 3 0
9 10 3 24 0
10 9 3 24 0
9 10 24 3 0
10 9 24 3 0
9 10 2 25 0
10 9 2 25 0
9 10 25 2 0
10 9 25 2 0
