13 33 26 37 0
33 13 26 37 0
13 33 37 26 0
33 13 37 26 0
13 33 27 36 0
33 13 27 36 0
13 33 36 27 0
33 13 36 27 0
13 33 28 35 0
33 13 28 35 0
13 33 35 28 0
33 13 35 28 0
13 33 29 34 0
33 13 29 34 0
13 33 34 29 0
33 13 34 29 0
13 33 30 33 0
33 13 30 33 0
13 33 33 30 0
33 13 33 30 0
13 33 31 32 0
33 13 31 32 0
13 33 32 31 0
33 13 32 31 0
14 32 26 37 0
32 14 26 37 0
14 32 37 26 0
32 14 37 26 0
14 32 27 36 0
32 14 27 36 0
14 32 36 27 0
32 14 36 27 0
14 32 28 35 0
32 14 28 35 0
14 32 35 28 0
32 14 35 28 0
14 32 29 34 0
32 14 29 34 0
14 32 34 29 0
32 14 34 29 0
14 32 30 33 0
32 14 30 33 0
14 32 33 30 0
32 14 33 30 0
14 32 31 32 0
32 14 31 32 0
14 32 32 31 0
32 14 32 31 0
15 31 26 37 0
31 15 26 37 0
15 31 37 26 0
31 15 37 26 0
15 31 27 36 0
31 15 27 36 0
15 31 36 27 0
31 15 36 27 0
15 31 28 35 0
31 15 28 35 0
15 31 35 28 0
31 15 35 28 0
15 31 29 34 0
31 15 29 34 0
15 31 34 29 0
31 15 34 29 0
15 31 30 33 0
31 15 30 33 0
15 31 33 30 0
31 15 33 30 0
15 31 31 32 0
31 15 31 32 0
15 31 32 31 0
31 15 32 31 0
16 30 26 37 0
30 16 26 37 0
16 30 37 26 0
30 16 37 26 0
16 30 27 36 0
30 16 27 36 0
16 30 36 27 0
30 16 36 27 0
16 30 28 35 0
30 16 28 35 0
16 30 35 28 0
30 16 35 28 0
16 30 29 34 0
30 16 29 34 0
16 30 34 29 0
30 16 34 29 0
16 30 30 33 0
30 16 30 33 0
16 30 33 30 0
30 16 33 30 0
16 30 31 32 0
30 16 31 32 0
16 30 32 31 0
30 16 32 31 0
17 29 26 37 0
29 17 26 37 0
17 29 37 26 0
29 17 37 26 0
17 29 27 36 0
29 17 27 36 0
17 29 36 27 0
29 17 36 27 0
17 29 28 35 0
29 17 28 35 0
17 29 35 28 0
29 17 35 28 0
17 29 29 34 0
29 17 29 34 0
17 29 34 29 0
29 17 34 29 0
17 29 30 33 1
29 17 30 33 1
17 29 33 30 1
29 17 33 30 1
17 29 31 32 1
29 17 31 32 1
17 29 32 31 1
29 17 32 31 1
14 32 23 40 0
32 14 23 40 0
14 32 40 23 0
32 14 40 23 0
14 32 24 39 0
32 14 24 39 0
14 32 39 24 0
32 14 39 24 0
14 32 25 38 0
32 14 25 38 0
14 32 38 25 0
32 14 38 25 0
15 31 23 40 0
31 15 23 40 0
15 31 40 23 0
31 15 40 23 0
15 31 24 39 0
31 15 24 39 0
15 31 39 24 0
31 15 39 24 0
15 31 25 38 0
31 15 25 38 0
15 31 38 25 0
31 15 38 25 0
16 30 23 40 0
30 16 23 40 0
16 30 40 23 0
30 16 40 23 0
16 30 24 39 0
30 16 24 39 0
16 30 39 24 0
30 16 39 24 0
16 30 25 38 0
30 16 25 38 0
16 30 38 25 0
30 16 38 25 0
17 29 23 40 0
29 17 23 40 0
17 29 40 23 0
29 17 40 23 0
17 29 24 39 0
29 17 24 39 0
17 29 39 24 0
29 17 39 24 0
17 29 25 38 0
29 17 25 38 0
17 29 38 25 0
29 17 38 25 0
18 28 23 40 0
28 18 23 40 0
18 28 40 23 0
28 18 40 23 0
18 28 24 39 0
28 18 24 39 0
18 28 39 24 0
28 18 39 24 0
18 28 25 38 0
28 18 25 38 0
18 28 38 25 0
28 18 38 25 0
18 28 26 37 0
28 18 26 37 0
18 28 37 26 0
28 18 37 26 0
18 28 27 36 1
28 18 27 36 1
18 28 36 27 1
28 18 36 27 1
18 28 28 35 3
28 18 28 35 3
18 28 35 28 3
28 18 35 28 3
18 28 29 34 6
28 18 29 34 6
18 28 34 29 6
28 18 34 29 6
18 28 30 33 10
28 18 30 33 10
18 28 33 30 10
28 18 33 30 10
18 28 31 32 12
28 18 31 32 12
18 28 32 31 12
28 18 32 31 12
15 31 22 41 0
31 15 22 41 0
15 31 41 22 0
31 15 41 22 0
16 30 22 41 0
30 16 22 41 0
16 30 41 22 0
30 16 41 22 0
17 29 22 41 0
29 17 22 41 0
17 29 41 22 0
29 17 41 22 0
18 28 22 41 0
28 18 22 41 0
18 28 41 22 0
28 18 41 22 0
19 27 22 41 0
27 19 22 41 0
19 27 41 22 0
27 19 41 22 0
19 27 23 40 0
27 19 23 40 0
19 27 40 23 0
27 19 40 23 0
19 27 24 39 0
27 19 24 39 0
19 27 39 24 0
27 19 39 24 0
19 27 25 38 0
27 19 25 38 0
19 27 38 25 0
27 19 38 25 0
19 27 26 37 1
27 19 26 37 1
19 27 37 26 1
27 19 37 26 1
19 27 27 36 5
27 19 27 36 5
19 27 36 27 5
27 19 36 27 5
19 27 28 35 13
27 19 28 35 13
19 27 35 28 13
27 19 35 28 13
19 27 29 34 24
27 19 29 34 24
19 27 34 29 24
27 19 34 29 24
19 27 30 33 36
27 19 30 33 36
19 27 33 30 36
27 19 33 30 36
19 27 31 32 43
27 19 31 32 43
19 27 32 31 43
27 19 32 31 43
20 26 23 40 0
26 20 23 40 0
20 26 40 23 0
26 20 40 23 0
20 26 24 39 0
26 20 24 39 0
20 26 39 24 0
26 20 39 24 0
20 26 25 38 1
26 20 25 38 1
20 26 38 25 1
26 20 38 25 1
20 26 26 37 5
26 20 26 37 5
20 26 37 26 5
26 20 37 26 5
20 26 27 36 17
26 20 27 36 17
20 26 36 27 17
26 20 36 27 17
20 26 28 35 37
26 20 28 35 37
20 26 35 28 37
26 20 35 28 37
20 26 29 34 64
26 20 29 34 64
20 26 34 29 64
26 20 34 29 64
20 26 30 33 91
26 20 30 33 91
20 26 33 30 91
26 20 33 30 91
20 26 31 32 107
26 20 31 32 107
20 26 32 31 107
26 20 32 31 107
21 25 26 37 13
25 21 26 37 13
21 25 37 26 13
25 21 37 26 13
21 25 27 36 36
25 21 27 36 36
21 25 36 27 36
25 21 36 27 36
21 25 28 35 74
25 21 28 35 74
21 25 35 28 74
25 21 35 28 74
21 25 29 34 122
25 21 29 34 122
21 25 34 29 122
25 21 34 29 122
21 25 30 33 168
25 21 30 33 168
21 25 33 30 168
25 21 33 30 168
21 25 31 32 196
25 21 31 32 196
21 25 32 31 196
25 21 32 31 196
16 30 20 43 0
30 16 20 43 0
16 30 43 20 0
30 16 43 20 0
16 30 21 42 0
30 16 21 42 0
16 30 42 21 0
30 16 42 21 0
17 29 20 43 0
29 17 20 43 0
17 29 43 20 0
29 17 43 20 0
17 29 21 42 0
29 17 21 42 0
17 29 42 21 0
29 17 42 21 0
18 28 20 43 0
28 18 20 43 0
18 28 43 20 0
28 18 43 20 0
18 28 21 42 0
28 18 21 42 0
18 28 42 21 0
28 18 42 21 0
19 27 20 43 0
27 19 20 43 0
19 27 43 20 0
27 19 43 20 0
19 27 21 42 0
27 19 21 42 0
19 27 42 21 0
27 19 42 21 0
20 26 20 43 0
26 20 20 43 0
20 26 43 20 0
26 20 43 20 0
20 26 21 42 0
26 20 21 42 0
20 26 42 21 0
26 20 42 21 0
20 26 22 41 0
26 20 22 41 0
20 26 41 22 0
26 20 41 22 0
21 25 20 43 0
25 21 20 43 0
21 25 43 20 0
25 21 43 20 0
21 25 21 42 0
25 21 21 42 0
21 25 42 21 0
25 21 42 21 0
21 25 22 41 0
25 21 22 41 0
21 25 41 22 0
25 21 41 22 0
21 25 23 40 0
25 21 23 40 0
21 25 40 23 0
25 21 40 23 0
21 25 24 39 0
25 21 24 39 0
21 25 39 24 0
25 21 39 24 0
21 25 25 38 3
25 21 25 38 3
21 25 38 25 3
25 21 38 25 3
22 24 22 41 0
24 22 22 41 0
22 24 41 22 0
24 22 41 22 0
22 24 23 40 0
24 22 23 40 0
22 24 40 23 0
24 22 40 23 0
22 24 24 39 0
24 22 24 39 0
22 24 39 24 0
24 22 39 24 0
22 24 25 38 5
24 22 25 38 5
22 24 38 25 5
24 22 38 25 5
22 24 26 37 20
24 22 26 37 20
22 24 37 26 20
24 22 37 26 20
22 24 27 36 53
24 22 27 36 53
22 24 36 27 53
24 22 36 27 53
22 24 28 35 106
24 22 28 35 106
22 24 35 28 106
24 22 35 28 106
22 24 29 34 172
24 22 29 34 172
22 24 34 29 172
24 22 34 29 172
22 24 30 33 234
24 22 30 33 234
22 24 33 30 234
24 22 33 30 234
22 24 31 32 272
24 22 31 32 272
22 24 32 31 272
24 22 32 31 272
23 23 26 37 25
23 23 37 26 25
23 23 27 36 63
23 23 36 27 63
23 23 28 35 123
23 23 35 28 123
23 23 29 34 197
23 23 34 29 197
23 23 30 33 267
23 23 33 30 267
23 23 31 32 309
23 23 32 31 309
18 28 19 44 0
28 18 19 44 0
18 28 44 19 0
28 18 44 19 0
19 27 19 44 0
27 19 19 44 0
19 27 44 19 0
27 19 44 19 0
20 26 19 44 0
26 20 19 44 0
20 26 44 19 0
26 20 44 19 0
21 25 19 44 0
25 21 19 44 0
21 25 44 19 0
25 21 44 19 0
22 24 19 44 0
24 22 19 44 0
22 24 44 19 0
24 22 44 19 0
22 24 20 43 0
24 22 20 43 0
22 24 43 20 0
24 22 43 20 0
22 24 21 42 0
24 22 21 42 0
22 24 42 21 0
24 22 42 21 0
23 23 20 43 0
23 23 43 20 0
23 23 21 42 0
23 23 42 21 0
23 23 22 41 0
23 23 41 22 0
23 23 23 40 0
23 23 40 23 0
23 23 24 39 1
23 23 39 24 1
23 23 25 38 7
23 23 38 25 7
19 27 18 45 0
27 19 18 45 0
19 27 45 18 0
27 19 45 18 0
20 26 18 45 0
26 20 18 45 0
20 26 45 18 0
26 20 45 18 0
21 25 18 45 0
25 21 18 45 0
21 25 45 18 0
25 21 45 18 0
22 24 18 45 0
24 22 18 45 0
22 24 45 18 0
24 22 45 18 0
23 23 18 45 0
23 23 45 18 0
23 23 19 44 0
23 23 44 19 0
