7 30 20 31 0
30 7 20 31 0
7 30 31 20 0
30 7 31 20 0
7 30 21 30 0
30 7 21 30 0
7 30 30 21 0
30 7 30 21 0
7 30 22 29 0
30 7 22 29 0
7 30 29 22 0
30 7 29 22 0
7 30 23 28 0
30 7 23 28 0
7 30 28 23 0
30 7 28 23 0
7 30 24 27 0
30 7 24 27 0
7 30 27 24 0
30 7 27 24 0
7 30 25 26 0
30 7 25 26 0
7 30 26 25 0
30 7 26 25 0
8 29 20 31 0
29 8 20 31 0
8 29 31 20 0
29 8 31 20 0
8 29 21 30 0
29 8 21 30 0
8 29 30 21 0
29 8 30 21 0
8 29 22 29 0
29 8 22 29 0
8 29 29 22 0
29 8 29 22 0
8 29 23 28 0
29 8 23 28 0
8 29 28 23 0
29 8 28 23 0
8 29 24 27 0
29 8 24 27 0
8 29 27 24 0
29 8 27 24 0
8 29 25 26 0
29 8 25 26 0
8 29 26 25 0
29 8 26 25 0
9 28 20 31 0
28 9 20 31 0
9 28 31 20 0
28 9 31 20 0
9 28 21 30 0
28 9 21 30 0
9 28 30 21 0
28 9 30 21 0
9 28 22 29 0
28 9 22 29 0
9 28 29 22 0
28 9 29 22 0
9 28 23 28 0
28 9 23 28 0
9 28 28 23 0
28 9 28 23 0
9 28 24 27 0
28 9 24 27 0
9 28 27 24 0
28 9 27 24 0
9 28 25 26 0
28 9 25 26 0
9 28 26 25 0
28 9 26 25 0
10 27 20 31 0
27 10 20 31 0
10 27 31 20 0
27 10 31 20 0
10 27 21 30 0
27 10 21 30 0
10 27 30 21 0
27 10 30 21 0
10 27 22 29 0
27 10 22 29 0
10 27 29 22 0
27 10 29 22 0
10 27 23 28 0
27 10 23 28 0
10 27 28 23 0
27 10 28 23 0
10 27 24 27 0
27 10 24 27 0
10 27 27 24 0
27 10 27 24 0
10 27 25 26 0
27 10 25 26 0
10 27 26 25 0
27 10 26 25 0
11 26 20 31 0
26 11 20 31 0
11 26 31 20 0
26 11 31 20 0
11 26 21 30 1
26 11 21 30 1
11 26 30 21 1
26 11 30 21 1
11 26 22 29 2
26 11 22 29 2
11 26 29 22 2
26 11 29 22 2
11 26 23 28 4
26 11 23 28 4
11 26 28 23 4
26 11 28 23 4
11 26 24 27 6
26 11 24 27 6
11 26 27 24 6
26 11 27 24 6
11 26 25 26 7
26 11 25 26 7
11 26 26 25 7
26 11 26 25 7
12 25 20 31 3
25 12 20 31 3
12 25 31 20 3
25 12 31 20 3
12 25 21 30 9
25 12 21 30 9
12 25 30 21 9
25 12 30 21 9
12 25 22 29 18
25 12 22 29 18
12 25 29 22 18
25 12 29 22 18
12 25 23 28 30
25 12 23 28 30
12 25 28 23 30
25 12 28 23 30
12 25 24 27 41
25 12 24 27 41
12 25 27 24 41
25 12 27 24 41
12 25 25 26 48
25 12 25 26 48
12 25 26 25 48
25 12 26 25 48
8 29 17 34 0
29 8 17 34 0
8 29 34 17 0
29 8 34 17 0
8 29 18 33 0
29 8 18 33 0
8 29 33 18 0
29 8 33 18 0
8 29 19 32 0
29 8 19 32 0
8 29 32 19 0
29 8 32 19 0
9 28 17 34 0
28 9 17 34 0
9 28 34 17 0
28 9 34 17 0
9 28 18 33 0
28 9 18 33 0
9 28 33 18 0
28 9 33 18 0
9 28 19 32 0
28 9 19 32 0
9 28 32 19 0
28 9 32 19 0
10 27 17 34 0
27 10 17 34 0
10 27 34 17 0
27 10 34 17 0
10 27 18 33 0
27 10 18 33 0
10 27 33 18 0
27 10 33 18 0
10 27 19 32 0
27 10 19 32 0
10 27 32 19 0
27 10 32 19 0
11 26 17 34 0
26 11 17 34 0
11 26 34 17 0
26 11 34 17 0
11 26 18 33 0
26 11 18 33 0
11 26 33 18 0
26 11 33 18 0
11 26 19 32 0
26 11 19 32 0
11 26 32 19 0
26 11 32 19 0
12 25 17 34 0
25 12 17 34 0
12 25 34 17 0
25 12 34 17 0
12 25 18 33 0
25 12 18 33 0
12 25 33 18 0
25 12 33 18 0
12 25 19 32 1
25 12 19 32 1
12 25 32 19 1
25 12 32 19 1
9 28 16 35 0
28 9 16 35 0
9 28 35 16 0
28 9 35 16 0
10 27 16 35 0
27 10 16 35 0
10 27 35 16 0
27 10 35 16 0
11 26 16 35 0
26 11 16 35 0
11 26 35 16 0
26 11 35 16 0
12 25 16 35 0
25 12 16 35 0
12 25 35 16 0
25 12 35 16 0
13 24 16 35 0
24 13 16 35 0
13 24 35 16 0
24 13 35 16 0
13 24 17 34 0
24 13 17 34 0
13 24 34 17 0
24 13 34 17 0
13 24 18 33 1
24 13 18 33 1
13 24 33 18 1
24 13 33 18 1
13 24 19 32 7
24 13 19 32 7
13 24 32 19 7
24 13 32 19 7
13 24 20 31 20
24 13 20 31 20
13 24 31 20 20
24 13 31 20 20
13 24 21 30 46
24 13 21 30 46
13 24 30 21 46
24 13 30 21 46
13 24 22 29 83
24 13 22 29 83
13 24 29 22 83
24 13 29 22 83
13 24 23 28 128
24 13 23 28 128
13 24 28 23 128
24 13 28 23 128
13 24 24 27 168
24 13 24 27 168
13 24 27 24 168
24 13 27 24 168
13 24 25 26 193
24 13 25 26 193
13 24 26 25 193
24 13 26 25 193
14 23 17 34 1
23 14 17 34 1
14 23 34 17 1
23 14 34 17 1
14 23 18 33 7
23 14 18 33 7
14 23 33 18 7
23 14 33 18 7
14 23 19 32 27
23 14 19 32 27
14 23 32 19 27
23 14 32 19 27
14 23 20 31 69
23 14 20 31 69
14 23 31 20 69
23 14 31 20 69
14 23 21 30 144
23 14 21 30 144
14 23 30 21 144
23 14 30 21 144
14 23 22 29 246
23 14 22 29 246
14 23 29 22 246
23 14 29 22 246
14 23 23 28 364
23 14 23 28 364
14 23 28 23 364
23 14 28 23 364
14 23 24 27 468
23 14 24 27 468
14 23 27 24 468
23 14 27 24 468
14 23 25 26 530
23 14 25 26 530
14 23 26 25 530
23 14 26 25 530
10 27 14 37 0
27 10 14 37 0
10 27 37 14 0
27 10 37 14 0
10 27 15 36 0
27 10 15 36 0
10 27 36 15 0
27 10 36 15 0
11 26 14 37 0
26 11 14 37 0
11 26 37 14 0
26 11 37 14 0
11 26 15 36 0
26 11 15 36 0
11 26 36 15 0
26 11 36 15 0
12 25 14 37 0
25 12 14 37 0
12 25 37 14 0
25 12 37 14 0
12 25 15 36 0
25 12 15 36 0
12 25 36 15 0
25 12 36 15 0
13 24 14 37 0
24 13 14 37 0
13 24 37 14 0
24 13 37 14 0
13 24 15 36 0
24 13 15 36 0
13 24 36 15 0
24 13 36 15 0
14 23 14 37 0
23 14 14 37 0
14 23 37 14 0
23 14 37 14 0
14 23 15 36 0
23 14 15 36 0
14 23 36 15 0
23 14 36 15 0
14 23 16 35 0
23 14 16 35 0
14 23 35 16 0
23 14 35 16 0
15 22 14 37 0
22 15 14 37 0
15 22 37 14 0
22 15 37 14 0
15 22 15 36 0
22 15 15 36 0
15 22 36 15 0
22 15 36 15 0
15 22 16 35 1
22 15 16 35 1
15 22 35 16 1
22 15 35 16 1
15 22 17 34 7
22 15 17 34 7
15 22 34 17 7
22 15 34 17 7
15 22 18 33 26
22 15 18 33 26
15 22 33 18 26
22 15 33 18 26
15 22 19 32 78
22 15 19 32 78
15 22 32 19 78
22 15 32 19 78
15 22 20 31 178
22 15 20 31 178
15 22 31 20 178
22 15 31 20 178
15 22 21 30 343
22 15 21 30 343
15 22 30 21 343
22 15 30 21 343
15 22 22 29 562
22 15 22 29 562
15 22 29 22 562
22 15 29 22 562
15 22 23 28 806
22 15 23 28 806
15 22 28 23 806
22 15 28 23 806
15 22 24 27 1017
22 15 24 27 1017
15 22 27 24 1017
22 15 27 24 1017
15 22 25 26 1142
22 15 25 26 1142
15 22 26 25 1142
22 15 26 25 1142
16 21 16 35 2
21 16 16 35 2
16 21 35 16 2
21 16 35 16 2
16 21 17 34 15
21 16 17 34 15
16 21 34 17 15
21 16 34 17 15
16 21 18 33 54
21 16 18 33 54
16 21 33 18 54
21 16 33 18 54
16 21 19 32 151
21 16 19 32 151
16 21 32 19 151
21 16 32 19 151
16 21 20 31 331
21 16 20 31 331
16 21 31 20 331
21 16 31 20 331
16 21 21 30 617
21 16 21 30 617
16 21 30 21 617
21 16 30 21 617
16 21 22 29 989
21 16 22 29 989
16 21 29 22 989
21 16 29 22 989
16 21 23 28 1396
21 16 23 28 1396
16 21 28 23 1396
21 16 28 23 1396
16 21 24 27 1745
21 16 24 27 1745
16 21 27 24 1745
21 16 27 24 1745
16 21 25 26 1950
21 16 25 26 1950
16 21 26 25 1950
21 16 26 25 1950
12 25 13 38 0
25 12 13 38 0
12 25 38 13 0
25 12 38 13 0
13 24 13 38 0
24 13 13 38 0
13 24 38 13 0
24 13 38 13 0
14 23 13 38 0
23 14 13 38 0
14 23 38 13 0
23 14 38 13 0
15 22 13 38 0
22 15 13 38 0
15 22 38 13 0
22 15 38 13 0
16 21 13 38 0
21 16 13 38 0
16 21 38 13 0
21 16 38 13 0
16 21 14 37 0
21 16 14 37 0
16 21 37 14 0
21 16 37 14 0
16 21 15 36 0
21 16 15 36 0
16 21 36 15 0
21 16 36 15 0
17 20 14 37 0
20 17 14 37 0
17 20 37 14 0
20 17 37 14 0
17 20 15 36 1
20 17 15 36 1
17 20 36 15 1
20 17 36 15 1
17 20 16 35 6
20 17 16 35 6
17 20 35 16 6
20 17 35 16 6
17 20 17 34 29
20 17 17 34 29
17 20 34 17 29
20 17 34 17 29
17 20 18 33 93
20 17 18 33 93
17 20 33 18 93
20 17 33 18 93
17 20 19 32 240
20 17 19 32 240
17 20 32 19 240
20 17 32 19 240
17 20 20 31 505
20 17 20 31 505
17 20 31 20 505
20 17 31 20 505
17 20 21 30 916
20 17 21 30 916
17 20 30 21 916
20 17 30 21 916
17 20 22 29 1441
20 17 22 29 1441
17 20 29 22 1441
20 17 29 22 1441
17 20 23 28 2009
20 17 23 28 2009
17 20 28 23 2009
20 17 28 23 2009
17 20 24 27 2494
20 17 24 27 2494
17 20 27 24 2494
20 17 27 24 2494
17 20 25 26 2776
20 17 25 26 2776
17 20 26 25 2776
20 17 26 25 2776
18 19 17 34 37
19 18 17 34 37
18 19 34 17 37
19 18 34 17 37
18 19 18 33 116
19 18 18 33 116
18 19 33 18 116
19 18 33 18 116
18 19 19 32 295
19 18 19 32 295
18 19 32 19 295
19 18 32 19 295
18 19 20 31 614
19 18 20 31 614
18 19 31 20 614
19 18 31 20 614
18 19 21 30 1102
19 18 21 30 1102
18 19 30 21 1102
19 18 30 21 1102
18 19 22 29 1723
19 18 22 29 1723
18 19 29 22 1723
19 18 29 22 1723
18 19 23 28 2391
19 18 23 28 2391
18 19 28 23 2391
19 18 28 23 2391
18 19 24 27 2959
19 18 24 27 2959
18 19 27 24 2959
19 18 27 24 2959
18 19 25 26 3290
19 18 25 26 3290
18 19 26 25 3290
19 18 26 25 3290
18 19 14 37 0
19 18 14 37 0
18 19 37 14 0
19 18 37 14 0
18 19 15 36 1
19 18 15 36 1
18 19 36 15 1
19 18 36 15 1
18 19 16 35 8
19 18 16 35 8
18 19 35 16 8
19 18 35 16 8
11 26 13 38 0
26 11 13 38 0
11 26 38 13 0
26 11 38 13 0
12 25 12 39 0
25 12 12 39 0
12 25 39 12 0
25 12 39 12 0
13 24 12 39 0
24 13 12 39 0
13 24 39 12 0
24 13 39 12 0
14 23 12 39 0
23 14 12 39 0
14 23 39 12 0
23 14 39 12 0
15 22 12 39 0
22 15 12 39 0
15 22 39 12 0
22 15 39 12 0
16 21 12 39 0
21 16 12 39 0
16 21 39 12 0
21 16 39 12 0
13 24 11 40 0
24 13 11 40 0
13 24 40 11 0
24 13 40 11 0
14 23 11 40 0
23 14 11 40 0
14 23 40 11 0
23 14 40 11 0
15 22 11 40 0
22 15 11 40 0
15 22 40 11 0
22 15 40 11 0
16 21 11 40 0
21 16 11 40 0
16 21 40 11 0
21 16 40 11 0
17 20 11 40 0
20 17 11 40 0
17 20 40 11 0
20 17 40 11 0
17 20 12 39 0
20 17 12 39 0
17 20 39 12 0
20 17 39 12 0
17 20 13 38 0
20 17 13 38 0
17 20 38 13 0
20 17 38 13 0
18 19 12 39 0
19 18 12 39 0
18 19 39 12 0
19 18 39 12 0
18 19 13 38 0
19 18 13 38 0
18 19 38 13 0
19 18 38 13 0
18 19 11 40 0
19 18 11 40 0
18 19 40 11 0
19 18 40 11 0
15 22 10 41 0
22 15 10 41 0
15 22 41 10 0
22 15 41 10 0
16 21 10 41 0
21 16 10 41 0
16 21 41 10 0
21 16 41 10 0
17 20 10 41 0
20 17 10 41 0
17 20 41 10 0
20 17 41 10 0
18 19 10 41 0
19 18 10 41 0
18 19 41 10 0
19 18 41 10 0
