0 13 3 16 0
13 0 3 16 0
0 13 16 3 0
13 0 16 3 0
0 13 4 15 0
13 0 4 15 0
0 13 15 4 0
13 0 15 4 0
0 13 5 14 0
13 0 5 14 0
0 13 14 5 0
13 0 14 5 0
0 13 6 13 0
13 0 6 13 0
0 13 13 6 0
13 0 13 6 0
0 13 7 12 0
13 0 7 12 0
0 13 12 7 0
13 0 12 7 0
0 13 8 11 0
13 0 8 11 0
0 13 11 8 0
13 0 11 8 0
0 13 9 10 0
13 0 9 10 0
0 13 10 9 0
13 0 10 9 0
1 12 3 16 0
12 1 3 16 0
1 12 16 3 0
12 1 16 3 0
1 12 4 15 0
12 1 4 15 0
1 12 15 4 0
12 1 15 4 0
1 12 5 14 0
12 1 5 14 0
1 12 14 5 0
12 1 14 5 0
1 12 6 13 0
12 1 6 13 0
1 12 13 6 0
12 1 13 6 0
1 12 7 12 0
12 1 7 12 0
1 12 12 7 0
12 1 12 7 0
1 12 8 11 0
12 1 8 11 0
1 12 11 8 0
12 1 11 8 0
1 12 9 10 0
12 1 9 10 0
1 12 10 9 0
12 1 10 9 0
2 11 3 16 0
11 2 3 16 0
2 11 16 3 0
11 2 16 3 0
2 11 4 15 0
11 2 4 15 0
2 11 15 4 0
11 2 15 4 0
2 11 5 14 0
11 2 5 14 0
2 11 14 5 0
11 2 14 5 0
2 11 6 13 0
11 2 6 13 0
2 11 13 6 0
11 2 13 6 0
2 11 7 12 0
11 2 7 12 0
2 11 12 7 0
11 2 12 7 0
2 11 8 11 0
11 2 8 11 0
2 11 11 8 0
11 2 11 8 0
2 11 9 10 0
11 2 9 10 0
2 11 10 9 0
11 2 10 9 0
3 10 3 16 0
10 3 3 16 0
3 10 16 3 0
10 3 16 3 0
3 10 4 15 0
10 3 4 15 0
3 10 15 4 0
10 3 15 4 0
3 10 5 14 0
10 3 5 14 0
3 10 14 5 0
10 3 14 5 0
3 10 6 13 0
10 3 6 13 0
3 10 13 6 0
10 3 13 6 0
3 10 7 12 0
10 3 7 12 0
3 10 12 7 0
10 3 12 7 0
3 10 8 11 0
10 3 8 11 0
3 10 11 8 0
10 3 11 8 0
3 10 9 10 0
10 3 9 10 0
3 10 10 9 0
10 3 10 9 0
4 9 3 16 0
9 4 3 16 0
4 9 16 3 0
9 4 16 3 0
4 9 4 15 0
9 4 4 15 0
4 9 15 4 0
9 4 15 4 0
4 9 5 14 0
9 4 5 14 0
4 9 14 5 0
9 4 14 5 0
4 9 6 13 0
9 4 6 13 0
4 9 13 6 0
9 4 13 6 0
4 9 7 12 0
9 4 7 12 0
4 9 12 7 0
9 4 12 7 0
4 9 8 11 0
9 4 8 11 0
4 9 11 8 0
9 4 11 8 0
4 9 9 10 0
9 4 9 10 0
4 9 10 9 0
9 4 10 9 0
1 12 1 18 0
12 1 1 18 0
1 12 18 1 0
12 1 18 1 0
1 12 2 17 0
12 1 2 17 0
1 12 17 2 0
12 1 17 2 0
2 11 1 18 0
11 2 1 18 0
2 11 18 1 0
11 2 18 1 0
2 11 2 17 0
11 2 2 17 0
2 11 17 2 0
11 2 17 2 0
3 10 1 18 0
10 3 1 18 0
3 10 18 1 0
10 3 18 1 0
3 10 2 17 0
10 3 2 17 0
3 10 17 2 0
10 3 17 2 0
4 9 1 18 0
9 4 1 18 0
4 9 18 1 0
9 4 18 1 0
4 9 2 17 0
9 4 2 17 0
4 9 17 2 0
9 4 17 2 0
5 8 1 18 1
8 5 1 18 1
5 8 18 1 1
8 5 18 1 1
5 8 2 17 2
8 5 2 17 2
5 8 17 2 2
8 5 17 2 2
5 8 3 16 3
8 5 3 16 3
5 8 16 3 3
8 5 16 3 3
5 8 4 15 4
8 5 4 15 4
5 8 15 4 4
8 5 15 4 4
5 8 5 14 4
8 5 5 14 4
5 8 14 5 4
8 5 14 5 4
5 8 6 13 4
8 5 6 13 4
5 8 13 6 4
8 5 13 6 4
5 8 7 12 4
8 5 7 12 4
5 8 12 7 4
8 5 12 7 4
5 8 8 11 4
8 5 8 11 4
5 8 11 8 4
8 5 11 8 4
5 8 9 10 4
8 5 9 10 4
5 8 10 9 4
8 5 10 9 4
6 7 1 18 1
7 6 1 18 1
6 7 18 1 1
7 6 18 1 1
6 7 2 17 2
7 6 2 17 2
6 7 17 2 2
7 6 17 2 2
6 7 3 16 3
7 6 3 16 3
6 7 16 3 3
7 6 16 3 3
6 7 4 15 4
7 6 4 15 4
6 7 15 4 4
7 6 15 4 4
6 7 5 14 4
7 6 5 14 4
6 7 14 5 4
7 6 14 5 4
6 7 6 13 4
7 6 6 13 4
6 7 13 6 4
7 6 13 6 4
6 7 7 12 4
7 6 7 12 4
6 7 12 7 4
7 6 12 7 4
6 7 8 11 4
7 6 8 11 4
6 7 11 8 4
7 6 11 8 4
6 7 9 10 4
7 6 9 10 4
6 7 10 9 4
7 6 10 9 4
3 10 0 19 0
10 3 0 19 0
3 10 19 0 0
10 3 19 0 0
4 9 0 19 0
9 4 0 19 0
4 9 19 0 0
9 4 19 0 0
5 8 0 19 0
8 5 0 19 0
5 8 19 0 0
8 5 19 0 0
6 7 0 19 0
7 6 0 19 0
6 7 19 0 0
7 6 19 0 0
