0 16 6 17 0
16 0 6 17 0
0 16 17 6 0
16 0 17 6 0
0 16 7 16 0
16 0 7 16 0
0 16 16 7 0
16 0 16 7 0
0 16 8 15 0
16 0 8 15 0
0 16 15 8 0
16 0 15 8 0
0 16 9 14 0
16 0 9 14 0
0 16 14 9 0
16 0 14 9 0
0 16 10 13 0
16 0 10 13 0
0 16 13 10 0
16 0 13 10 0
0 16 11 12 0
16 0 11 12 0
0 16 12 11 0
16 0 12 11 0
1 15 6 17 0
15 1 6 17 0
1 15 17 6 0
15 1 17 6 0
1 15 7 16 0
15 1 7 16 0
1 15 16 7 0
15 1 16 7 0
1 15 8 15 0
15 1 8 15 0
1 15 15 8 0
15 1 15 8 0
1 15 9 14 0
15 1 9 14 0
1 15 14 9 0
15 1 14 9 0
1 15 10 13 0
15 1 10 13 0
1 15 13 10 0
15 1 13 10 0
1 15 11 12 0
15 1 11 12 0
1 15 12 11 0
15 1 12 11 0
2 14 6 17 0
14 2 6 17 0
2 14 17 6 0
14 2 17 6 0
2 14 7 16 0
14 2 7 16 0
2 14 16 7 0
14 2 16 7 0
2 14 8 15 0
14 2 8 15 0
2 14 15 8 0
14 2 15 8 0
2 14 9 14 0
14 2 9 14 0
2 14 14 9 0
14 2 14 9 0
2 14 10 13 0
14 2 10 13 0
2 14 13 10 0
14 2 13 10 0
2 14 11 12 0
14 2 11 12 0
2 14 12 11 0
14 2 12 11 0
3 13 6 17 0
13 3 6 17 0
3 13 17 6 0
13 3 17 6 0
3 13 7 16 0
13 3 7 16 0
3 13 16 7 0
13 3 16 7 0
3 13 8 15 0
13 3 8 15 0
3 13 15 8 0
13 3 15 8 0
3 13 9 14 0
13 3 9 14 0
3 13 14 9 0
13 3 14 9 0
3 13 10 13 0
13 3 10 13 0
3 13 13 10 0
13 3 13 10 0
3 13 11 12 0
13 3 11 12 0
3 13 12 11 0
13 3 12 11 0
4 12 6 17 0
12 4 6 17 0
4 12 17 6 0
12 4 17 6 0
4 12 7 16 0
12 4 7 16 0
4 12 16 7 0
12 4 16 7 0
4 12 8 15 0
12 4 8 15 0
4 12 15 8 0
12 4 15 8 0
4 12 9 14 0
12 4 9 14 0
4 12 14 9 0
12 4 14 9 0
4 12 10 13 0
12 4 10 13 0
4 12 13 10 0
12 4 13 10 0
4 12 11 12 0
12 4 11 12 0
4 12 12 11 0
12 4 12 11 0
1 15 3 20 0
15 1 3 20 0
1 15 20 3 0
15 1 20 3 0
1 15 4 19 0
15 1 4 19 0
1 15 19 4 0
15 1 19 4 0
1 15 5 18 0
15 1 5 18 0
1 15 18 5 0
15 1 18 5 0
2 14 3 20 0
14 2 3 20 0
2 14 20 3 0
14 2 20 3 0
2 14 4 19 0
14 2 4 19 0
2 14 19 4 0
14 2 19 4 0
2 14 5 18 0
14 2 5 18 0
2 14 18 5 0
14 2 18 5 0
3 13 3 20 0
13 3 3 20 0
3 13 20 3 0
13 3 20 3 0
3 13 4 19 0
13 3 4 19 0
3 13 19 4 0
13 3 19 4 0
3 13 5 18 0
13 3 5 18 0
3 13 18 5 0
13 3 18 5 0
4 12 3 20 0
12 4 3 20 0
4 12 20 3 0
12 4 20 3 0
4 12 4 19 0
12 4 4 19 0
4 12 19 4 0
12 4 19 4 0
4 12 5 18 0
12 4 5 18 0
4 12 18 5 0
12 4 18 5 0
5 11 3 20 1
11 5 3 20 1
5 11 20 3 1
11 5 20 3 1
5 11 4 19 2
11 5 4 19 2
5 11 19 4 2
11 5 19 4 2
5 11 5 18 4
11 5 5 18 4
5 11 18 5 4
11 5 18 5 4
5 11 6 17 5
11 5 6 17 5
5 11 17 6 5
11 5 17 6 5
5 11 7 16 6
11 5 7 16 6
5 11 16 7 6
11 5 16 7 6
5 11 8 15 6
11 5 8 15 6
5 11 15 8 6
11 5 15 8 6
5 11 9 14 6
11 5 9 14 6
5 11 14 9 6
11 5 14 9 6
5 11 10 13 6
11 5 10 13 6
5 11 13 10 6
11 5 13 10 6
5 11 11 12 6
11 5 11 12 6
5 11 12 11 6
11 5 12 11 6
6 10 3 20 3
10 6 3 20 3
6 10 20 3 3
10 6 20 3 3
6 10 4 19 6
10 6 4 19 6
6 10 19 4 6
10 6 19 4 6
6 10 5 18 10
10 6 5 18 10
6 10 18 5 10
10 6 18 5 10
6 10 6 17 13
10 6 6 17 13
6 10 17 6 13
10 6 17 6 13
6 10 7 16 15
10 6 7 16 15
6 10 16 7 15
10 6 16 7 15
6 10 8 15 16
10 6 8 15 16
6 10 15 8 16
10 6 15 8 16
6 10 9 14 16
10 6 9 14 16
6 10 14 9 16
10 6 14 9 16
6 10 10 13 16
10 6 10 13 16
6 10 13 10 16
10 6 13 10 16
6 10 11 12 16
10 6 11 12 16
6 10 12 11 16
10 6 12 11 16
7 9 3 20 4
9 7 3 20 4
7 9 20 3 4
9 7 20 3 4
7 9 4 19 8
9 7 4 19 8
7 9 19 4 8
9 7 19 4 8
7 9 5 18 14
9 7 5 18 14
7 9 18 5 14
9 7 18 5 14
7 9 6 17 18
9 7 6 17 18
7 9 17 6 18
9 7 17 6 18
7 9 7 16 21
9 7 7 16 21
7 9 16 7 21
9 7 16 7 21
7 9 8 15 22
9 7 8 15 22
7 9 15 8 22
9 7 15 8 22
7 9 9 14 22
9 7 9 14 22
7 9 14 9 22
9 7 14 9 22
7 9 10 13 22
9 7 10 13 22
7 9 13 10 22
9 7 13 10 22
7 9 11 12 22
9 7 11 12 22
7 9 12 11 22
9 7 12 11 22
2 14 2 21 0
14 2 2 21 0
2 14 21 2 0
14 2 21 2 0
3 13 2 21 0
13 3 2 21 0
3 13 21 2 0
13 3 21 2 0
4 12 2 21 0
12 4 2 21 0
4 12 21 2 0
12 4 21 2 0
5 11 2 21 0
11 5 2 21 0
5 11 21 2 0
11 5 21 2 0
6 10 2 21 1
10 6 2 21 1
6 10 21 2 1
10 6 21 2 1
3 13 1 22 0
13 3 1 22 0
3 13 22 1 0
13 3 22 1 0
4 12 1 22 0
12 4 1 22 0
4 12 22 1 0
12 4 22 1 0
5 11 1 22 0
11 5 1 22 0
5 11 22 1 0
11 5 22 1 0
6 10 1 22 0
10 6 1 22 0
6 10 22 1 0
10 6 22 1 0
7 9 1 22 0
9 7 1 22 0
7 9 22 1 0
9 7 22 1 0
7 9 2 21 1
9 7 2 21 1
7 9 21 2 1
9 7 21 2 1
8 8 1 22 0
8 8 22 1 0
8 8 2 21 2
8 8 21 2 2
8 8 3 20 6
8 8 20 3 6
8 8 4 19 12
8 8 19 4 12
8 8 5 18 20
8 8 18 5 20
8 8 6 17 26
8 8 17 6 26
8 8 7 16 30
8 8 16 7 30
8 8 8 15 32
8 8 15 8 32
8 8 9 14 32
8 8 14 9 32
8 8 10 13 32
8 8 13 10 32
8 8 11 12 32
8 8 12 11 32
6 10 0 23 0
10 6 0 23 0
6 10 23 0 0
10 6 23 0 0
7 9 0 23 0
9 7 0 23 0
7 9 23 0 0
9 7 23 0 0
8 8 0 23 0
8 8 23 0 0
