9 31 21 34 0
31 9 21 34 0
9 31 34 21 0
31 9 34 21 0
9 31 22 33 0
31 9 22 33 0
9 31 33 22 0
31 9 33 22 0
9 31 23 32 0
31 9 23 32 0
9 31 32 23 0
31 9 32 23 0
9 31 24 31 0
31 9 24 31 0
9 31 31 24 0
31 9 31 24 0
9 31 25 30 0
31 9 25 30 0
9 31 30 25 0
31 9 30 25 0
9 31 26 29 0
31 9 26 29 0
9 31 29 26 0
31 9 29 26 0
9 31 27 28 0
31 9 27 28 0
9 31 28 27 0
31 9 28 27 0
10 30 21 34 0
30 10 21 34 0
10 30 34 21 0
30 10 34 21 0
10 30 22 33 0
30 10 22 33 0
10 30 33 22 0
30 10 33 22 0
10 30 23 32 0
30 10 23 32 0
10 30 32 23 0
30 10 32 23 0
10 30 24 31 0
30 10 24 31 0
10 30 31 24 0
30 10 31 24 0
10 30 25 30 0
30 10 25 30 0
10 30 30 25 0
30 10 30 25 0
10 30 26 29 0
30 10 26 29 0
10 30 29 26 0
30 10 29 26 0
10 30 27 28 0
30 10 27 28 0
10 30 28 27 0
30 10 28 27 0
11 29 21 34 0
29 11 21 34 0
11 29 34 21 0
29 11 34 21 0
11 29 22 33 0
29 11 22 33 0
11 29 33 22 0
29 11 33 22 0
11 29 23 32 0
29 11 23 32 0
11 29 32 23 0
29 11 32 23 0
11 29 24 31 0
29 11 24 31 0
11 29 31 24 0
29 11 31 24 0
11 29 25 30 0
29 11 25 30 0
11 29 30 25 0
29 11 30 25 0
11 29 26 29 0
29 11 26 29 0
11 29 29 26 0
29 11 29 26 0
11 29 27 28 0
29 11 27 28 0
11 29 28 27 0
29 11 28 27 0
12 28 21 34 0
28 12 21 34 0
12 28 34 21 0
28 12 34 21 0
12 28 22 33 0
28 12 22 33 0
12 28 33 22 0
28 12 33 22 0
12 28 23 32 0
28 12 23 32 0
12 28 32 23 0
28 12 32 23 0
12 28 24 31 0
28 12 24 31 0
12 28 31 24 0
28 12 31 24 0
12 28 25 30 0
28 12 25 30 0
12 28 30 25 0
28 12 30 25 0
12 28 26 29 0
28 12 26 29 0
12 28 29 26 0
28 12 29 26 0
12 28 27 28 0
28 12 27 28 0
12 28 28 27 0
28 12 28 27 0
13 27 21 34 0
27 13 21 34 0
13 27 34 21 0
27 13 34 21 0
13 27 22 33 0
27 13 22 33 0
13 27 33 22 0
27 13 33 22 0
13 27 23 32 1
27 13 23 32 1
13 27 32 23 1
27 13 32 23 1
13 27 24 31 2
27 13 24 31 2
13 27 31 24 2
27 13 31 24 2
13 27 25 30 4
27 13 25 30 4
13 27 30 25 4
27 13 30 25 4
13 27 26 29 6
27 13 26 29 6
13 27 29 26 6
27 13 29 26 6
13 27 27 28 7
27 13 27 28 7
13 27 28 27 7
27 13 28 27 7
10 30 20 35 0
30 10 20 35 0
10 30 35 20 0
30 10 35 20 0
11 29 20 35 0
29 11 20 35 0
11 29 35 20 0
29 11 35 20 0
12 28 20 35 0
28 12 20 35 0
12 28 35 20 0
28 12 35 20 0
13 27 20 35 0
27 13 20 35 0
13 27 35 20 0
27 13 35 20 0
14 26 20 35 0
26 14 20 35 0
14 26 35 20 0
26 14 35 20 0
14 26 21 34 0
26 14 21 34 0
14 26 34 21 0
26 14 34 21 0
14 26 22 33 2
26 14 22 33 2
14 26 33 22 2
26 14 33 22 2
14 26 23 32 7
26 14 23 32 7
14 26 32 23 7
26 14 32 23 7
14 26 24 31 15
26 14 24 31 15
14 26 31 24 15
26 14 31 24 15
14 26 25 30 26
26 14 25 30 26
14 26 30 25 26
26 14 30 25 26
14 26 26 29 37
26 14 26 29 37
14 26 29 26 37
26 14 29 26 37
14 26 27 28 43
26 14 27 28 43
14 26 28 27 43
26 14 28 27 43
15 25 21 34 4
25 15 21 34 4
15 25 34 21 4
25 15 34 21 4
15 25 22 33 14
25 15 22 33 14
15 25 33 22 14
25 15 33 22 14
15 25 23 32 35
25 15 23 32 35
15 25 32 23 35
25 15 32 23 35
15 25 24 31 66
25 15 24 31 66
15 25 31 24 66
25 15 31 24 66
15 25 25 30 105
25 15 25 30 105
15 25 30 25 105
25 15 30 25 105
15 25 26 29 141
25 15 26 29 141
15 25 29 26 141
25 15 29 26 141
15 25 27 28 162
25 15 27 28 162
15 25 28 27 162
25 15 28 27 162
10 30 19 36 0
30 10 19 36 0
10 30 36 19 0
30 10 36 19 0
11 29 19 36 0
29 11 19 36 0
11 29 36 19 0
29 11 36 19 0
12 28 19 36 0
28 12 19 36 0
12 28 36 19 0
28 12 36 19 0
13 27 19 36 0
27 13 19 36 0
13 27 36 19 0
27 13 36 19 0
14 26 19 36 0
26 14 19 36 0
14 26 36 19 0
26 14 36 19 0
11 29 17 38 0
29 11 17 38 0
11 29 38 17 0
29 11 38 17 0
11 29 18 37 0
29 11 18 37 0
11 29 37 18 0
29 11 37 18 0
12 28 17 38 0
28 12 17 38 0
12 28 38 17 0
28 12 38 17 0
12 28 18 37 0
28 12 18 37 0
12 28 37 18 0
28 12 37 18 0
13 27 17 38 0
27 13 17 38 0
13 27 38 17 0
27 13 38 17 0
13 27 18 37 0
27 13 18 37 0
13 27 37 18 0
27 13 37 18 0
14 26 17 38 0
26 14 17 38 0
14 26 38 17 0
26 14 38 17 0
14 26 18 37 0
26 14 18 37 0
14 26 37 18 0
26 14 37 18 0
15 25 17 38 0
25 15 17 38 0
15 25 38 17 0
25 15 38 17 0
15 25 18 37 0
25 15 18 37 0
15 25 37 18 0
25 15 37 18 0
15 25 19 36 0
25 15 19 36 0
15 25 36 19 0
25 15 36 19 0
15 25 20 35 1
25 15 20 35 1
15 25 35 20 1
25 15 35 20 1
16 24 17 38 0
24 16 17 38 0
16 24 38 17 0
24 16 38 17 0
16 24 18 37 0
24 16 18 37 0
16 24 37 18 0
24 16 37 18 0
16 24 19 36 0
24 16 19 36 0
16 24 36 19 0
24 16 36 19 0
16 24 20 35 4
24 16 20 35 4
16 24 35 20 4
24 16 35 20 4
16 24 21 34 16
24 16 21 34 16
16 24 34 21 16
24 16 34 21 16
16 24 22 33 47
24 16 22 33 47
16 24 33 22 47
24 16 33 22 47
16 24 23 32 104
24 16 23 32 104
16 24 32 23 104
24 16 32 23 104
16 24 24 31 186
24 16 24 31 186
16 24 31 24 186
24 16 31 24 186
16 24 25 30 282
24 16 25 30 282
16 24 30 25 282
24 16 30 25 282
16 24 26 29 370
24 16 26 29 370
16 24 29 26 370
24 16 29 26 370
16 24 27 28 421
24 16 27 28 421
16 24 28 27 421
24 16 28 27 421
17 23 19 36 2
23 17 19 36 2
17 23 36 19 2
23 17 36 19 2
17 23 20 35 13
23 17 20 35 13
17 23 35 20 13
23 17 35 20 13
17 23 21 34 44
23 17 21 34 44
17 23 34 21 44
23 17 34 21 44
17 23 22 33 112
23 17 22 33 112
17 23 33 22 112
23 17 33 22 112
17 23 23 32 230
23 17 23 32 230
17 23 32 23 230
23 17 32 23 230
17 23 24 31 393
23 17 24 31 393
17 23 31 24 393
23 17 31 24 393
17 23 25 30 579
23 17 25 30 579
17 23 30 25 579
23 17 30 25 579
17 23 26 29 745
23 17 26 29 745
17 23 29 26 745
23 17 29 26 745
17 23 27 28 842
23 17 27 28 842
17 23 28 27 842
23 17 28 27 842
12 28 16 39 0
28 12 16 39 0
12 28 39 16 0
28 12 39 16 0
13 27 16 39 0
27 13 16 39 0
13 27 39 16 0
27 13 39 16 0
14 26 16 39 0
26 14 16 39 0
14 26 39 16 0
26 14 39 16 0
15 25 16 39 0
25 15 16 39 0
15 25 39 16 0
25 15 39 16 0
16 24 16 39 0
24 16 16 39 0
16 24 39 16 0
24 16 39 16 0
13 27 15 40 0
27 13 15 40 0
13 27 40 15 0
27 13 40 15 0
14 26 15 40 0
26 14 15 40 0
14 26 40 15 0
26 14 40 15 0
15 25 15 40 0
25 15 15 40 0
15 25 40 15 0
25 15 40 15 0
16 24 15 40 0
24 16 15 40 0
16 24 40 15 0
24 16 40 15 0
17 23 15 40 0
23 17 15 40 0
17 23 40 15 0
23 17 40 15 0
17 23 16 39 0
23 17 16 39 0
17 23 39 16 0
23 17 39 16 0
17 23 17 38 0
23 17 17 38 0
17 23 38 17 0
23 17 38 17 0
17 23 18 37 0
23 17 18 37 0
17 23 37 18 0
23 17 37 18 0
18 22 16 39 0
22 18 16 39 0
18 22 39 16 0
22 18 39 16 0
18 22 17 38 0
22 18 17 38 0
18 22 38 17 0
22 18 38 17 0
18 22 18 37 1
22 18 18 37 1
18 22 37 18 1
22 18 37 18 1
18 22 19 36 6
22 18 19 36 6
18 22 36 19 6
22 18 36 19 6
18 22 20 35 28
22 18 20 35 28
18 22 35 20 28
22 18 35 20 28
18 22 21 34 84
22 18 21 34 84
18 22 34 21 84
22 18 34 21 84
18 22 22 33 201
22 18 22 33 201
18 22 33 22 201
22 18 33 22 201
18 22 23 32 394
22 18 23 32 394
18 22 32 23 394
22 18 32 23 394
18 22 24 31 656
22 18 24 31 656
18 22 31 24 656
22 18 31 24 656
18 22 25 30 948
22 18 25 30 948
18 22 30 25 948
22 18 30 25 948
18 22 26 29 1206
22 18 26 29 1206
18 22 29 26 1206
22 18 29 26 1206
18 22 27 28 1356
22 18 27 28 1356
18 22 28 27 1356
22 18 28 27 1356
19 21 19 36 9
21 19 19 36 9
19 21 36 19 9
21 19 36 19 9
19 21 20 35 40
21 19 20 35 40
19 21 35 20 40
21 19 35 20 40
19 21 21 34 118
21 19 21 34 118
19 21 34 21 118
21 19 34 21 118
19 21 22 33 275
21 19 22 33 275
19 21 33 22 275
21 19 33 22 275
19 21 23 32 531
21 19 23 32 531
19 21 32 23 531
21 19 32 23 531
19 21 24 31 873
21 19 24 31 873
19 21 31 24 873
21 19 31 24 873
19 21 25 30 1252
21 19 25 30 1252
19 21 30 25 1252
21 19 30 25 1252
19 21 26 29 1584
21 19 26 29 1584
19 21 29 26 1584
21 19 29 26 1584
19 21 27 28 1777
21 19 27 28 1777
19 21 28 27 1777
21 19 28 27 1777
18 22 15 40 0
22 18 15 40 0
18 22 40 15 0
22 18 40 15 0
19 21 15 40 0
21 19 15 40 0
19 21 40 15 0
21 19 40 15 0
19 21 16 39 0
21 19 16 39 0
19 21 39 16 0
21 19 39 16 0
19 21 17 38 0
21 19 17 38 0
19 21 38 17 0
21 19 38 17 0
19 21 18 37 1
21 19 18 37 1
19 21 37 18 1
21 19 37 18 1
20 20 17 38 0
20 20 38 17 0
20 20 18 37 2
20 20 37 18 2
20 20 19 36 12
20 20 36 19 12
20 20 20 35 49
20 20 35 20 49
20 20 21 34 137
20 20 34 21 137
20 20 22 33 313
20 20 33 22 313
20 20 23 32 595
20 20 32 23 595
20 20 24 31 971
20 20 31 24 971
20 20 25 30 1385
20 20 30 25 1385
20 20 26 29 1747
20 20 29 26 1747
20 20 27 28 1957
20 20 28 27 1957
20 20 16 39 0
20 20 39 16 0
14 26 14 41 0
26 14 14 41 0
14 26 41 14 0
26 14 41 14 0
15 25 14 41 0
25 15 14 41 0
15 25 41 14 0
25 15 41 14 0
16 24 14 41 0
24 16 14 41 0
16 24 41 14 0
24 16 41 14 0
17 23 14 41 0
23 17 14 41 0
17 23 41 14 0
23 17 41 14 0
18 22 14 41 0
22 18 14 41 0
18 22 41 14 0
22 18 41 14 0
15 25 13 42 0
25 15 13 42 0
15 25 42 13 0
25 15 42 13 0
16 24 13 42 0
24 16 13 42 0
16 24 42 13 0
24 16 42 13 0
17 23 13 42 0
23 17 13 42 0
17 23 42 13 0
23 17 42 13 0
18 22 13 42 0
22 18 13 42 0
18 22 42 13 0
22 18 42 13 0
19 21 13 42 0
21 19 13 42 0
19 21 42 13 0
21 19 42 13 0
19 21 14 41 0
21 19 14 41 0
19 21 41 14 0
21 19 41 14 0
20 20 13 42 0
20 20 42 13 0
20 20 14 41 0
20 20 41 14 0
20 20 15 40 0
20 20 40 15 0
18 22 12 43 0
22 18 12 43 0
18 22 43 12 0
22 18 43 12 0
19 21 12 43 0
21 19 12 43 0
19 21 43 12 0
21 19 43 12 0
20 20 12 43 0
20 20 43 12 0
