24 34 33 46 0
34 24 33 46 0
24 34 46 33 0
34 24 46 33 0
24 34 34 45 0
34 24 34 45 0
24 34 45 34 0
34 24 45 34 0
24 34 35 44 0
34 24 35 44 0
24 34 44 35 0
34 24 44 35 0
24 34 36 43 0
34 24 36 43 0
24 34 43 36 0
34 24 43 36 0
24 34 37 42 0
34 24 37 42 0
24 34 42 37 0
34 24 42 37 0
24 34 38 41 0
34 24 38 41 0
24 34 41 38 0
34 24 41 38 0
24 34 39 40 0
34 24 39 40 0
24 34 40 39 0
34 24 40 39 0
25 33 33 46 0
33 25 33 46 0
25 33 46 33 0
33 25 46 33 0
25 33 34 45 0
33 25 34 45 0
25 33 45 34 0
33 25 45 34 0
25 33 35 44 0
33 25 35 44 0
25 33 44 35 0
33 25 44 35 0
25 33 36 43 0
33 25 36 43 0
25 33 43 36 0
33 25 43 36 0
25 33 37 42 0
33 25 37 42 0
25 33 42 37 0
33 25 42 37 0
25 33 38 41 0
33 25 38 41 0
25 33 41 38 0
33 25 41 38 0
25 33 39 40 0
33 25 39 40 0
25 33 40 39 0
33 25 40 39 0
26 32 33 46 0
32 26 33 46 0
26 32 46 33 0
32 26 46 33 0
26 32 34 45 0
32 26 34 45 0
26 32 45 34 0
32 26 45 34 0
26 32 35 44 0
32 26 35 44 0
26 32 44 35 0
32 26 44 35 0
26 32 36 43 0
32 26 36 43 0
26 32 43 36 0
32 26 43 36 0
26 32 37 42 0
32 26 37 42 0
26 32 42 37 0
32 26 42 37 0
26 32 38 41 0
32 26 38 41 0
26 32 41 38 0
32 26 41 38 0
26 32 39 40 0
32 26 39 40 0
26 32 40 39 0
32 26 40 39 0
27 31 33 46 0
31 27 33 46 0
27 31 46 33 0
31 27 46 33 0
27 31 34 45 0
31 27 34 45 0
27 31 45 34 0
31 27 45 34 0
27 31 35 44 0
31 27 35 44 0
27 31 44 35 0
31 27 44 35 0
27 31 36 43 0
31 27 36 43 0
27 31 43 36 0
31 27 43 36 0
27 31 37 42 0
31 27 37 42 0
27 31 42 37 0
31 27 42 37 0
27 31 38 41 0
31 27 38 41 0
27 31 41 38 0
31 27 41 38 0
27 31 39 40 0
31 27 39 40 0
27 31 40 39 0
31 27 40 39 0
28 30 33 46 0
30 28 33 46 0
28 30 46 33 0
30 28 46 33 0
28 30 34 45 0
30 28 34 45 0
28 30 45 34 0
30 28 45 34 0
28 30 35 44 0
30 28 35 44 0
28 30 44 35 0
30 28 44 35 0
28 30 36 43 0
30 28 36 43 0
28 30 43 36 0
30 28 43 36 0
28 30 37 42 0
30 28 37 42 0
28 30 42 37 0
30 28 42 37 0
28 30 38 41 0
30 28 38 41 0
28 30 41 38 0
30 28 41 38 0
28 30 39 40 0
30 28 39 40 0
28 30 40 39 0
30 28 40 39 0
25 33 32 47 0
33 25 32 47 0
25 33 47 32 0
33 25 47 32 0
26 32 32 47 0
32 26 32 47 0
26 32 47 32 0
32 26 47 32 0
27 31 32 47 0
31 27 32 47 0
27 31 47 32 0
31 27 47 32 0
28 30 32 47 0
30 28 32 47 0
28 30 47 32 0
30 28 47 32 0
29 29 32 47 0
29 29 47 32 0
29 29 33 46 0
29 29 46 33 0
29 29 34 45 0
29 29 45 34 0
29 29 35 44 0
29 29 44 35 0
29 29 36 43 0
29 29 43 36 0
29 29 37 42 0
29 29 42 37 0
29 29 38 41 0
29 29 41 38 0
29 29 39 40 0
29 29 40 39 0
