0 10 3 12 0
10 0 3 12 0
0 10 12 3 0
10 0 12 3 0
0 10 4 11 0
10 0 4 11 0
0 10 11 4 0
10 0 11 4 0
0 10 5 10 0
10 0 5 10 0
0 10 10 5 0
10 0 10 5 0
0 10 6 9 1
10 0 6 9 1
0 10 9 6 1
10 0 9 6 1
1 9 3 12 1
9 1 3 12 1
1 9 12 3 1
9 1 12 3 1
1 9 4 11 3
9 1 4 11 3
1 9 11 4 3
9 1 11 4 3
1 9 5 10 6
9 1 5 10 6
1 9 10 5 6
9 1 10 5 6
1 9 6 9 10
9 1 6 9 10
1 9 9 6 10
9 1 9 6 10
0 10 7 8 1
10 0 7 8 1
0 10 8 7 1
10 0 8 7 1
1 9 7 8 12
9 1 7 8 12
1 9 8 7 12
9 1 8 7 12
1 9 1 14 0
9 1 1 14 0
1 9 14 1 0
9 1 14 1 0
1 9 2 13 0
9 1 2 13 0
1 9 13 2 0
9 1 13 2 0
2 8 1 14 0
8 2 1 14 0
2 8 14 1 0
8 2 14 1 0
2 8 2 13 1
8 2 2 13 1
2 8 13 2 1
8 2 13 2 1
2 8 3 12 4
8 2 3 12 4
2 8 12 3 4
8 2 12 3 4
2 8 4 11 11
8 2 4 11 11
2 8 11 4 11
8 2 11 4 11
2 8 5 10 20
8 2 5 10 20
2 8 10 5 20
8 2 10 5 20
2 8 6 9 30
8 2 6 9 30
2 8 9 6 30
8 2 9 6 30
2 8 7 8 36
8 2 7 8 36
2 8 8 7 36
8 2 8 7 36
3 7 1 14 0
7 3 1 14 0
3 7 14 1 0
7 3 14 1 0
3 7 2 13 2
7 3 2 13 2
3 7 13 2 2
7 3 13 2 2
3 7 3 12 9
7 3 3 12 9
3 7 12 3 9
7 3 12 3 9
3 7 4 11 22
7 3 4 11 22
3 7 11 4 22
7 3 11 4 22
3 7 5 10 40
7 3 5 10 40
3 7 10 5 40
7 3 10 5 40
3 7 6 9 59
7 3 6 9 59
3 7 9 6 59
7 3 9 6 59
3 7 7 8 70
7 3 7 8 70
3 7 8 7 70
7 3 8 7 70
4 6 1 14 0
6 4 1 14 0
4 6 14 1 0
6 4 14 1 0
4 6 2 13 4
6 4 2 13 4
4 6 13 2 4
6 4 13 2 4
4 6 3 12 15
6 4 3 12 15
4 6 12 3 15
6 4 12 3 15
4 6 4 11 35
6 4 4 11 35
4 6 11 4 35
6 4 11 4 35
4 6 5 10 62
6 4 5 10 62
4 6 10 5 62
6 4 10 5 62
4 6 6 9 90
6 4 6 9 90
4 6 9 6 90
6 4 9 6 90
4 6 7 8 106
6 4 7 8 106
4 6 8 7 106
6 4 8 7 106
3 7 0 15 0
7 3 0 15 0
3 7 15 0 0
7 3 15 0 0
4 6 0 15 0
6 4 0 15 0
4 6 15 0 0
6 4 15 0 0
5 5 0 15 0
5 5 15 0 0
5 5 1 14 0
5 5 14 1 0
5 5 2 13 4
5 5 13 2 4
5 5 3 12 16
5 5 12 3 16
5 5 4 11 38
5 5 11 4 38
5 5 5 10 68
5 5 10 5 68
5 5 6 9 98
5 5 9 6 98
5 5 7 8 116
5 5 8 7 116
