2 23 11 24 0
23 2 11 24 0
2 23 24 11 0
23 2 24 11 0
2 23 12 23 0
23 2 12 23 0
2 23 23 12 0
23 2 23 12 0
2 23 13 22 0
23 2 13 22 0
2 23 22 13 0
23 2 22 13 0
2 23 14 21 0
23 2 14 21 0
2 23 21 14 0
23 2 21 14 0
2 23 15 20 0
23 2 15 20 0
2 23 20 15 0
23 2 20 15 0
2 23 16 19 0
23 2 16 19 0
2 23 19 16 0
23 2 19 16 0
2 23 17 18 0
23 2 17 18 0
2 23 18 17 0
23 2 18 17 0
3 22 11 24 0
22 3 11 24 0
3 22 24 11 0
22 3 24 11 0
3 22 12 23 0
22 3 12 23 0
3 22 23 12 0
22 3 23 12 0
3 22 13 22 0
22 3 13 22 0
3 22 22 13 0
22 3 22 13 0
3 22 14 21 0
22 3 14 21 0
3 22 21 14 0
22 3 21 14 0
3 22 15 20 0
22 3 15 20 0
3 22 20 15 0
22 3 20 15 0
3 22 16 19 0
22 3 16 19 0
3 22 19 16 0
22 3 19 16 0
3 22 17 18 0
22 3 17 18 0
3 22 18 17 0
22 3 18 17 0
4 21 11 24 0
21 4 11 24 0
4 21 24 11 0
21 4 24 11 0
4 21 12 23 0
21 4 12 23 0
4 21 23 12 0
21 4 23 12 0
4 21 13 22 0
21 4 13 22 0
4 21 22 13 0
21 4 22 13 0
4 21 14 21 0
21 4 14 21 0
4 21 21 14 0
21 4 21 14 0
4 21 15 20 0
21 4 15 20 0
4 21 20 15 0
21 4 20 15 0
4 21 16 19 0
21 4 16 19 0
4 21 19 16 0
21 4 19 16 0
4 21 17 18 0
21 4 17 18 0
4 21 18 17 0
21 4 18 17 0
5 20 11 24 0
20 5 11 24 0
5 20 24 11 0
20 5 24 11 0
5 20 12 23 0
20 5 12 23 0
5 20 23 12 0
20 5 23 12 0
5 20 13 22 1
20 5 13 22 1
5 20 22 13 1
20 5 22 13 1
5 20 14 21 2
20 5 14 21 2
5 20 21 14 2
20 5 21 14 2
5 20 15 20 4
20 5 15 20 4
5 20 20 15 4
20 5 20 15 4
5 20 16 19 5
20 5 16 19 5
5 20 19 16 5
20 5 19 16 5
5 20 17 18 6
20 5 17 18 6
5 20 18 17 6
20 5 18 17 6
6 19 11 24 1
19 6 11 24 1
6 19 24 11 1
19 6 24 11 1
6 19 12 23 3
19 6 12 23 3
6 19 23 12 3
19 6 23 12 3
6 19 13 22 8
19 6 13 22 8
6 19 22 13 8
19 6 22 13 8
6 19 14 21 15
19 6 14 21 15
6 19 21 14 15
19 6 21 14 15
6 19 15 20 24
19 6 15 20 24
6 19 20 15 24
19 6 20 15 24
6 19 16 19 31
19 6 16 19 31
6 19 19 16 31
19 6 19 16 31
6 19 17 18 36
19 6 17 18 36
6 19 18 17 36
19 6 18 17 36
3 22 10 25 0
22 3 10 25 0
3 22 25 10 0
22 3 25 10 0
4 21 10 25 0
21 4 10 25 0
4 21 25 10 0
21 4 25 10 0
5 20 10 25 0
20 5 10 25 0
5 20 25 10 0
20 5 25 10 0
6 19 10 25 0
19 6 10 25 0
6 19 25 10 0
19 6 25 10 0
7 18 10 25 3
18 7 10 25 3
7 18 25 10 3
18 7 25 10 3
7 18 11 24 10
18 7 11 24 10
7 18 24 11 10
18 7 24 11 10
7 18 12 23 22
18 7 12 23 22
7 18 23 12 22
18 7 23 12 22
7 18 13 22 43
18 7 13 22 43
7 18 22 13 43
18 7 22 13 43
7 18 14 21 70
18 7 14 21 70
7 18 21 14 70
18 7 21 14 70
7 18 15 20 101
18 7 15 20 101
7 18 20 15 101
18 7 20 15 101
7 18 16 19 126
18 7 16 19 126
7 18 19 16 126
18 7 19 16 126
7 18 17 18 142
18 7 17 18 142
7 18 18 17 142
18 7 18 17 142
8 17 10 25 14
17 8 10 25 14
8 17 25 10 14
17 8 25 10 14
8 17 11 24 36
17 8 11 24 36
8 17 24 11 36
17 8 24 11 36
8 17 12 23 73
17 8 12 23 73
8 17 23 12 73
17 8 23 12 73
8 17 13 22 130
17 8 13 22 130
8 17 22 13 130
17 8 22 13 130
8 17 14 21 201
17 8 14 21 201
8 17 21 14 201
17 8 21 14 201
8 17 15 20 278
17 8 15 20 278
8 17 20 15 278
17 8 20 15 278
8 17 16 19 341
17 8 16 19 341
8 17 19 16 341
17 8 19 16 341
8 17 17 18 379
17 8 17 18 379
8 17 18 17 379
17 8 18 17 379
9 16 10 25 45
16 9 10 25 45
9 16 25 10 45
16 9 25 10 45
9 16 11 24 100
16 9 11 24 100
9 16 24 11 100
16 9 24 11 100
9 16 12 23 186
16 9 12 23 186
9 16 23 12 186
16 9 23 12 186
9 16 13 22 310
16 9 13 22 310
9 16 22 13 310
16 9 22 13 310
9 16 14 21 458
16 9 14 21 458
9 16 21 14 458
16 9 21 14 458
9 16 15 20 613
16 9 15 20 613
9 16 20 15 613
16 9 20 15 613
9 16 16 19 739
16 9 16 19 739
9 16 19 16 739
16 9 19 16 739
9 16 17 18 813
16 9 17 18 813
9 16 18 17 813
16 9 18 17 813
10 15 11 24 186
15 10 11 24 186
10 15 24 11 186
15 10 24 11 186
10 15 12 23 338
15 10 12 23 338
10 15 23 12 338
15 10 23 12 338
10 15 13 22 549
15 10 13 22 549
10 15 22 13 549
15 10 22 13 549
10 15 14 21 796
15 10 14 21 796
10 15 21 14 796
15 10 21 14 796
10 15 15 20 1049
15 10 15 20 1049
10 15 20 15 1049
15 10 20 15 1049
10 15 16 19 1253
15 10 16 19 1253
10 15 19 16 1253
15 10 19 16 1253
10 15 17 18 1371
15 10 17 18 1371
10 15 18 17 1371
15 10 18 17 1371
3 22 9 26 0
22 3 9 26 0
3 22 26 9 0
22 3 26 9 0
4 21 9 26 0
21 4 9 26 0
4 21 26 9 0
21 4 26 9 0
5 20 9 26 0
20 5 9 26 0
5 20 26 9 0
20 5 26 9 0
6 19 9 26 0
19 6 9 26 0
6 19 26 9 0
19 6 26 9 0
7 18 9 26 1
18 7 9 26 1
7 18 26 9 1
18 7 26 9 1
4 21 7 28 0
21 4 7 28 0
4 21 28 7 0
21 4 28 7 0
4 21 8 27 0
21 4 8 27 0
4 21 27 8 0
21 4 27 8 0
5 20 7 28 0
20 5 7 28 0
5 20 28 7 0
20 5 28 7 0
5 20 8 27 0
20 5 8 27 0
5 20 27 8 0
20 5 27 8 0
6 19 7 28 0
19 6 7 28 0
6 19 28 7 0
19 6 28 7 0
6 19 8 27 0
19 6 8 27 0
6 19 27 8 0
19 6 27 8 0
7 18 7 28 0
18 7 7 28 0
7 18 28 7 0
18 7 28 7 0
7 18 8 27 0
18 7 8 27 0
7 18 27 8 0
18 7 27 8 0
8 17 7 28 0
17 8 7 28 0
8 17 28 7 0
17 8 28 7 0
8 17 8 27 1
17 8 8 27 1
8 17 27 8 1
17 8 27 8 1
8 17 9 26 5
17 8 9 26 5
8 17 26 9 5
17 8 26 9 5
9 16 7 28 1
16 9 7 28 1
9 16 28 7 1
16 9 28 7 1
9 16 8 27 5
16 9 8 27 5
9 16 27 8 5
16 9 27 8 5
9 16 9 26 18
16 9 9 26 18
9 16 26 9 18
16 9 26 9 18
6 19 6 29 0
19 6 6 29 0
6 19 29 6 0
19 6 29 6 0
7 18 6 29 0
18 7 6 29 0
7 18 29 6 0
18 7 29 6 0
8 17 6 29 0
17 8 6 29 0
8 17 29 6 0
17 8 29 6 0
9 16 6 29 0
16 9 6 29 0
9 16 29 6 0
16 9 29 6 0
10 15 6 29 0
15 10 6 29 0
10 15 29 6 0
15 10 29 6 0
10 15 7 28 2
15 10 7 28 2
10 15 28 7 2
15 10 28 7 2
10 15 8 27 10
15 10 8 27 10
10 15 27 8 10
15 10 27 8 10
10 15 9 26 35
15 10 9 26 35
10 15 26 9 35
15 10 26 9 35
10 15 10 25 87
15 10 10 25 87
10 15 25 10 87
15 10 25 10 87
11 14 7 28 6
14 11 7 28 6
11 14 28 7 6
14 11 28 7 6
11 14 8 27 21
14 11 8 27 21
11 14 27 8 21
14 11 27 8 21
11 14 9 26 62
14 11 9 26 62
11 14 26 9 62
14 11 26 9 62
11 14 10 25 143
14 11 10 25 143
11 14 25 10 143
14 11 25 10 143
11 14 11 24 291
14 11 11 24 291
11 14 24 11 291
14 11 24 11 291
11 14 12 23 513
14 11 12 23 513
11 14 23 12 513
14 11 23 12 513
11 14 13 22 814
14 11 13 22 814
11 14 22 13 814
14 11 22 13 814
11 14 14 21 1161
14 11 14 21 1161
11 14 21 14 1161
14 11 21 14 1161
11 14 15 20 1511
14 11 15 20 1511
11 14 20 15 1511
14 11 20 15 1511
11 14 16 19 1792
14 11 16 19 1792
11 14 19 16 1792
14 11 19 16 1792
11 14 17 18 1953
14 11 17 18 1953
11 14 18 17 1953
14 11 18 17 1953
12 13 7 28 7
13 12 7 28 7
12 13 28 7 7
13 12 28 7 7
12 13 8 27 26
13 12 8 27 26
12 13 27 8 26
13 12 27 8 26
12 13 9 26 76
13 12 9 26 76
12 13 26 9 76
13 12 26 9 76
12 13 10 25 175
13 12 10 25 175
12 13 25 10 175
13 12 25 10 175
12 13 11 24 353
13 12 11 24 353
12 13 24 11 353
13 12 24 11 353
12 13 12 23 618
13 12 12 23 618
12 13 23 12 618
13 12 23 12 618
12 13 13 22 974
13 12 13 22 974
12 13 22 13 974
13 12 22 13 974
12 13 14 21 1382
13 12 14 21 1382
12 13 21 14 1382
13 12 21 14 1382
12 13 15 20 1791
13 12 15 20 1791
12 13 20 15 1791
13 12 20 15 1791
12 13 16 19 2119
13 12 16 19 2119
12 13 19 16 2119
13 12 19 16 2119
12 13 17 18 2306
13 12 17 18 2306
12 13 18 17 2306
13 12 18 17 2306
5 20 6 29 0
20 5 6 29 0
5 20 29 6 0
20 5 29 6 0
6 19 5 30 0
19 6 5 30 0
6 19 30 5 0
19 6 30 5 0
7 18 5 30 0
18 7 5 30 0
7 18 30 5 0
18 7 30 5 0
8 17 5 30 0
17 8 5 30 0
8 17 30 5 0
17 8 30 5 0
9 16 5 30 0
16 9 5 30 0
9 16 30 5 0
16 9 30 5 0
10 15 5 30 0
15 10 5 30 0
10 15 30 5 0
15 10 30 5 0
7 18 4 31 0
18 7 4 31 0
7 18 31 4 0
18 7 31 4 0
8 17 4 31 0
17 8 4 31 0
8 17 31 4 0
17 8 31 4 0
9 16 4 31 0
16 9 4 31 0
9 16 31 4 0
16 9 31 4 0
10 15 4 31 0
15 10 4 31 0
10 15 31 4 0
15 10 31 4 0
11 14 4 31 0
14 11 4 31 0
11 14 31 4 0
14 11 31 4 0
11 14 5 30 0
14 11 5 30 0
11 14 30 5 0
14 11 30 5 0
11 14 6 29 1
14 11 6 29 1
11 14 29 6 1
14 11 29 6 1
12 13 5 30 0
13 12 5 30 0
12 13 30 5 0
13 12 30 5 0
12 13 6 29 1
13 12 6 29 1
12 13 29 6 1
13 12 29 6 1
12 13 4 31 0
13 12 4 31 0
12 13 31 4 0
13 12 31 4 0
9 16 3 32 0
16 9 3 32 0
9 16 32 3 0
16 9 32 3 0
10 15 3 32 0
15 10 3 32 0
10 15 32 3 0
15 10 32 3 0
11 14 3 32 0
14 11 3 32 0
11 14 32 3 0
14 11 32 3 0
12 13 3 32 0
13 12 3 32 0
12 13 32 3 0
13 12 32 3 0
