1 21 10 21 0
21 1 10 21 0
1 21 21 10 0
21 1 21 10 0
1 21 11 20 0
21 1 11 20 0
1 21 20 11 0
21 1 20 11 0
1 21 12 19 0
21 1 12 19 0
1 21 19 12 0
21 1 19 12 0
1 21 13 18 0
21 1 13 18 0
1 21 18 13 0
21 1 18 13 0
1 21 14 17 0
21 1 14 17 0
1 21 17 14 0
21 1 17 14 0
1 21 15 16 0
21 1 15 16 0
1 21 16 15 0
21 1 16 15 0
2 20 10 21 0
20 2 10 21 0
2 20 21 10 0
20 2 21 10 0
2 20 11 20 0
20 2 11 20 0
2 20 20 11 0
20 2 20 11 0
2 20 12 19 0
20 2 12 19 0
2 20 19 12 0
20 2 19 12 0
2 20 13 18 0
20 2 13 18 0
2 20 18 13 0
20 2 18 13 0
2 20 14 17 0
20 2 14 17 0
2 20 17 14 0
20 2 17 14 0
2 20 15 16 0
20 2 15 16 0
2 20 16 15 0
20 2 16 15 0
3 19 10 21 0
19 3 10 21 0
3 19 21 10 0
19 3 21 10 0
3 19 11 20 0
19 3 11 20 0
3 19 20 11 0
19 3 20 11 0
3 19 12 19 0
19 3 12 19 0
3 19 19 12 0
19 3 19 12 0
3 19 13 18 0
19 3 13 18 0
3 19 18 13 0
19 3 18 13 0
3 19 14 17 0
19 3 14 17 0
3 19 17 14 0
19 3 17 14 0
3 19 15 16 0
19 3 15 16 0
3 19 16 15 0
19 3 16 15 0
4 18 10 21 0
18 4 10 21 0
4 18 21 10 0
18 4 21 10 0
4 18 11 20 1
18 4 11 20 1
4 18 20 11 1
18 4 20 11 1
4 18 12 19 2
18 4 12 19 2
4 18 19 12 2
18 4 19 12 2
4 18 13 18 3
18 4 13 18 3
4 18 18 13 3
18 4 18 13 3
4 18 14 17 4
18 4 14 17 4
4 18 17 14 4
18 4 17 14 4
4 18 15 16 4
18 4 15 16 4
4 18 16 15 4
18 4 16 15 4
5 17 10 21 1
17 5 10 21 1
5 17 21 10 1
17 5 21 10 1
5 17 11 20 4
17 5 11 20 4
5 17 20 11 4
17 5 20 11 4
5 17 12 19 8
17 5 12 19 8
5 17 19 12 8
17 5 19 12 8
5 17 13 18 13
17 5 13 18 13
5 17 18 13 13
17 5 18 13 13
5 17 14 17 17
17 5 14 17 17
5 17 17 14 17
17 5 17 14 17
5 17 15 16 18
17 5 15 16 18
5 17 16 15 18
17 5 16 15 18
6 16 10 21 13
16 6 10 21 13
6 16 21 10 13
16 6 21 10 13
6 16 11 20 24
16 6 11 20 24
6 16 20 11 24
16 6 20 11 24
6 16 12 19 37
16 6 12 19 37
6 16 19 12 37
16 6 19 12 37
6 16 13 18 52
16 6 13 18 52
6 16 18 13 52
16 6 18 13 52
6 16 14 17 64
16 6 14 17 64
6 16 17 14 64
16 6 17 14 64
6 16 15 16 69
16 6 15 16 69
6 16 16 15 69
16 6 16 15 69
7 15 10 21 45
15 7 10 21 45
7 15 21 10 45
15 7 21 10 45
7 15 11 20 73
15 7 11 20 73
7 15 20 11 73
15 7 20 11 73
7 15 12 19 105
15 7 12 19 105
7 15 19 12 105
15 7 19 12 105
7 15 13 18 138
15 7 13 18 138
7 15 18 13 138
15 7 18 13 138
7 15 14 17 165
15 7 14 17 165
7 15 17 14 165
15 7 17 14 165
7 15 15 16 178
15 7 15 16 178
7 15 16 15 178
15 7 16 15 178
2 20 7 24 0
20 2 7 24 0
2 20 24 7 0
20 2 24 7 0
2 20 8 23 0
20 2 8 23 0
2 20 23 8 0
20 2 23 8 0
2 20 9 22 0
20 2 9 22 0
2 20 22 9 0
20 2 22 9 0
3 19 7 24 0
19 3 7 24 0
3 19 24 7 0
19 3 24 7 0
3 19 8 23 0
19 3 8 23 0
3 19 23 8 0
19 3 23 8 0
3 19 9 22 0
19 3 9 22 0
3 19 22 9 0
19 3 22 9 0
4 18 7 24 0
18 4 7 24 0
4 18 24 7 0
18 4 24 7 0
4 18 8 23 0
18 4 8 23 0
4 18 23 8 0
18 4 23 8 0
4 18 9 22 0
18 4 9 22 0
4 18 22 9 0
18 4 22 9 0
5 17 7 24 0
17 5 7 24 0
5 17 24 7 0
17 5 24 7 0
5 17 8 23 0
17 5 8 23 0
5 17 23 8 0
17 5 23 8 0
5 17 9 22 0
17 5 9 22 0
5 17 22 9 0
17 5 22 9 0
6 16 7 24 1
16 6 7 24 1
6 16 24 7 1
16 6 24 7 1
6 16 8 23 3
16 6 8 23 3
6 16 23 8 3
16 6 23 8 3
6 16 9 22 7
16 6 9 22 7
6 16 22 9 7
16 6 22 9 7
3 19 6 25 0
19 3 6 25 0
3 19 25 6 0
19 3 25 6 0
4 18 6 25 0
18 4 6 25 0
4 18 25 6 0
18 4 25 6 0
5 17 6 25 0
17 5 6 25 0
5 17 25 6 0
17 5 25 6 0
6 16 6 25 0
16 6 6 25 0
6 16 25 6 0
16 6 25 6 0
7 15 6 25 1
15 7 6 25 1
7 15 25 6 1
15 7 25 6 1
7 15 7 24 4
15 7 7 24 4
7 15 24 7 4
15 7 24 7 4
7 15 8 23 12
15 7 8 23 12
7 15 23 8 12
15 7 23 8 12
7 15 9 22 25
15 7 9 22 25
7 15 22 9 25
15 7 22 9 25
8 14 6 25 4
14 8 6 25 4
8 14 25 6 4
14 8 25 6 4
8 14 7 24 13
14 8 7 24 13
8 14 24 7 13
14 8 24 7 13
8 14 8 23 31
14 8 8 23 31
8 14 23 8 31
14 8 23 8 31
8 14 9 22 62
14 8 9 22 62
8 14 22 9 62
14 8 22 9 62
8 14 10 21 105
14 8 10 21 105
8 14 21 10 105
14 8 21 10 105
8 14 11 20 162
14 8 11 20 162
8 14 20 11 162
14 8 20 11 162
8 14 12 19 223
14 8 12 19 223
8 14 19 12 223
14 8 19 12 223
8 14 13 18 284
14 8 13 18 284
8 14 18 13 284
14 8 18 13 284
8 14 14 17 332
14 8 14 17 332
8 14 17 14 332
14 8 17 14 332
8 14 15 16 357
14 8 15 16 357
8 14 16 15 357
14 8 16 15 357
9 13 6 25 9
13 9 6 25 9
9 13 25 6 9
13 9 25 6 9
9 13 7 24 26
13 9 7 24 26
9 13 24 7 26
13 9 24 7 26
9 13 8 23 60
13 9 8 23 60
9 13 23 8 60
13 9 23 8 60
9 13 9 22 114
13 9 9 22 114
9 13 22 9 114
13 9 22 9 114
9 13 10 21 189
13 9 10 21 189
9 13 21 10 189
13 9 21 10 189
9 13 11 20 281
13 9 11 20 281
9 13 20 11 281
13 9 20 11 281
9 13 12 19 379
13 9 12 19 379
9 13 19 12 379
13 9 19 12 379
9 13 13 18 472
13 9 13 18 472
9 13 18 13 472
13 9 18 13 472
9 13 14 17 545
13 9 14 17 545
9 13 17 14 545
13 9 17 14 545
9 13 15 16 583
13 9 15 16 583
9 13 16 15 583
13 9 16 15 583
10 12 7 24 36
12 10 7 24 36
10 12 24 7 36
12 10 24 7 36
10 12 8 23 81
12 10 8 23 81
10 12 23 8 81
12 10 23 8 81
10 12 9 22 154
12 10 9 22 154
10 12 22 9 154
12 10 22 9 154
10 12 10 21 252
12 10 10 21 252
10 12 21 10 252
12 10 21 10 252
10 12 11 20 373
12 10 11 20 373
10 12 20 11 373
12 10 20 11 373
10 12 12 19 499
12 10 12 19 499
10 12 19 12 499
12 10 19 12 499
10 12 13 18 618
12 10 13 18 618
10 12 18 13 618
12 10 18 13 618
10 12 14 17 709
12 10 14 17 709
10 12 17 14 709
12 10 17 14 709
10 12 15 16 757
12 10 15 16 757
10 12 16 15 757
12 10 16 15 757
4 18 4 27 0
18 4 4 27 0
4 18 27 4 0
18 4 27 4 0
4 18 5 26 0
18 4 5 26 0
4 18 26 5 0
18 4 26 5 0
5 17 4 27 0
17 5 4 27 0
5 17 27 4 0
17 5 27 4 0
5 17 5 26 0
17 5 5 26 0
5 17 26 5 0
17 5 26 5 0
6 16 4 27 0
16 6 4 27 0
6 16 27 4 0
16 6 27 4 0
6 16 5 26 0
16 6 5 26 0
6 16 26 5 0
16 6 26 5 0
7 15 4 27 0
15 7 4 27 0
7 15 27 4 0
15 7 27 4 0
7 15 5 26 0
15 7 5 26 0
7 15 26 5 0
15 7 26 5 0
8 14 4 27 0
14 8 4 27 0
8 14 27 4 0
14 8 27 4 0
8 14 5 26 1
14 8 5 26 1
8 14 26 5 1
14 8 26 5 1
9 13 4 27 0
13 9 4 27 0
9 13 27 4 0
13 9 27 4 0
9 13 5 26 2
13 9 5 26 2
9 13 26 5 2
13 9 26 5 2
6 16 3 28 0
16 6 3 28 0
6 16 28 3 0
16 6 28 3 0
7 15 3 28 0
15 7 3 28 0
7 15 28 3 0
15 7 28 3 0
8 14 3 28 0
14 8 3 28 0
8 14 28 3 0
14 8 28 3 0
9 13 3 28 0
13 9 3 28 0
9 13 28 3 0
13 9 28 3 0
10 12 3 28 0
12 10 3 28 0
10 12 28 3 0
12 10 28 3 0
10 12 4 27 0
12 10 4 27 0
10 12 27 4 0
12 10 27 4 0
10 12 5 26 3
12 10 5 26 3
10 12 26 5 3
12 10 26 5 3
10 12 6 25 12
12 10 6 25 12
10 12 25 6 12
12 10 25 6 12
11 11 4 27 1
11 11 27 4 1
11 11 5 26 5
11 11 26 5 5
11 11 6 25 17
11 11 25 6 17
11 11 7 24 45
11 11 24 7 45
11 11 8 23 98
11 11 23 8 98
11 11 9 22 180
11 11 22 9 180
11 11 10 21 292
11 11 21 10 292
11 11 11 20 426
11 11 20 11 426
11 11 12 19 567
11 11 19 12 567
11 11 13 18 697
11 11 18 13 697
11 11 14 17 797
11 11 17 14 797
11 11 15 16 849
11 11 16 15 849
7 15 2 29 0
15 7 2 29 0
7 15 29 2 0
15 7 29 2 0
8 14 2 29 0
14 8 2 29 0
8 14 29 2 0
14 8 29 2 0
9 13 2 29 0
13 9 2 29 0
9 13 29 2 0
13 9 29 2 0
10 12 2 29 0
12 10 2 29 0
10 12 29 2 0
12 10 29 2 0
11 11 2 29 0
11 11 29 2 0
11 11 3 28 0
11 11 28 3 0
