3 22 13 22 0
22 3 13 22 0
3 22 22 13 0
22 3 22 13 0
3 22 14 21 0
22 3 14 21 0
3 22 21 14 0
22 3 21 14 0
3 22 15 20 0
22 3 15 20 0
3 22 20 15 0
22 3 20 15 0
3 22 16 19 0
22 3 16 19 0
3 22 19 16 0
22 3 19 16 0
4 21 13 22 0
21 4 13 22 0
4 21 22 13 0
21 4 22 13 0
4 21 14 21 0
21 4 14 21 0
4 21 21 14 0
21 4 21 14 0
4 21 15 20 0
21 4 15 20 0
4 21 20 15 0
21 4 20 15 0
4 21 16 19 0
21 4 16 19 0
4 21 19 16 0
21 4 19 16 0
3 22 17 18 0
22 3 17 18 0
3 22 18 17 0
22 3 18 17 0
4 21 17 18 0
21 4 17 18 0
4 21 18 17 0
21 4 18 17 0
4 21 11 24 0
21 4 11 24 0
4 21 24 11 0
21 4 24 11 0
4 21 12 23 0
21 4 12 23 0
4 21 23 12 0
21 4 23 12 0
5 20 11 24 0
20 5 11 24 0
5 20 24 11 0
20 5 24 11 0
5 20 12 23 0
20 5 12 23 0
5 20 23 12 0
20 5 23 12 0
5 20 13 22 0
20 5 13 22 0
5 20 22 13 0
20 5 22 13 0
5 20 14 21 0
20 5 14 21 0
5 20 21 14 0
20 5 21 14 0
5 20 15 20 0
20 5 15 20 0
5 20 20 15 0
20 5 20 15 0
5 20 16 19 0
20 5 16 19 0
5 20 19 16 0
20 5 19 16 0
5 20 17 18 0
20 5 17 18 0
5 20 18 17 0
20 5 18 17 0
6 19 11 24 0
19 6 11 24 0
6 19 24 11 0
19 6 24 11 0
6 19 12 23 0
19 6 12 23 0
6 19 23 12 0
19 6 23 12 0
6 19 13 22 0
19 6 13 22 0
6 19 22 13 0
19 6 22 13 0
6 19 14 21 0
19 6 14 21 0
6 19 21 14 0
19 6 21 14 0
6 19 15 20 0
19 6 15 20 0
6 19 20 15 0
19 6 20 15 0
6 19 16 19 0
19 6 16 19 0
6 19 19 16 0
19 6 19 16 0
6 19 17 18 0
19 6 17 18 0
6 19 18 17 0
19 6 18 17 0
6 19 10 25 0
19 6 10 25 0
6 19 25 10 0
19 6 25 10 0
7 18 10 25 0
18 7 10 25 0
7 18 25 10 0
18 7 25 10 0
7 18 11 24 0
18 7 11 24 0
7 18 24 11 0
18 7 24 11 0
7 18 12 23 0
18 7 12 23 0
7 18 23 12 0
18 7 23 12 0
7 18 13 22 0
18 7 13 22 0
7 18 22 13 0
18 7 22 13 0
7 18 14 21 0
18 7 14 21 0
7 18 21 14 0
18 7 21 14 0
7 18 15 20 0
18 7 15 20 0
7 18 20 15 0
18 7 20 15 0
7 18 16 19 0
18 7 16 19 0
7 18 19 16 0
18 7 19 16 0
7 18 17 18 0
18 7 17 18 0
7 18 18 17 0
18 7 18 17 0
8 17 11 24 0
17 8 11 24 0
8 17 24 11 0
17 8 24 11 0
8 17 12 23 0
17 8 12 23 0
8 17 23 12 0
17 8 23 12 0
8 17 13 22 0
17 8 13 22 0
8 17 22 13 0
17 8 22 13 0
8 17 14 21 0
17 8 14 21 0
8 17 21 14 0
17 8 21 14 0
8 17 15 20 0
17 8 15 20 0
8 17 20 15 0
17 8 20 15 0
8 17 16 19 0
17 8 16 19 0
8 17 19 16 0
17 8 19 16 0
8 17 17 18 0
17 8 17 18 0
8 17 18 17 0
17 8 18 17 0
9 16 11 24 0
16 9 11 24 0
9 16 24 11 0
16 9 24 11 0
9 16 12 23 0
16 9 12 23 0
9 16 23 12 0
16 9 23 12 0
9 16 13 22 0
16 9 13 22 0
9 16 22 13 0
16 9 22 13 0
9 16 14 21 0
16 9 14 21 0
9 16 21 14 0
16 9 21 14 0
9 16 15 20 0
16 9 15 20 0
9 16 20 15 0
16 9 20 15 0
9 16 16 19 0
16 9 16 19 0
9 16 19 16 0
16 9 19 16 0
9 16 17 18 0
16 9 17 18 0
9 16 18 17 0
16 9 18 17 0
10 15 13 22 0
15 10 13 22 0
10 15 22 13 0
15 10 22 13 0
10 15 14 21 0
15 10 14 21 0
10 15 21 14 0
15 10 21 14 0
10 15 15 20 0
15 10 15 20 0
10 15 20 15 0
15 10 20 15 0
10 15 16 19 0
15 10 16 19 0
10 15 19 16 0
15 10 19 16 0
10 15 17 18 0
15 10 17 18 0
10 15 18 17 0
15 10 18 17 0
5 20 9 26 0
20 5 9 26 0
5 20 26 9 0
20 5 26 9 0
5 20 10 25 0
20 5 10 25 0
5 20 25 10 0
20 5 25 10 0
6 19 9 26 0
19 6 9 26 0
6 19 26 9 0
19 6 26 9 0
7 18 9 26 0
18 7 9 26 0
7 18 26 9 0
18 7 26 9 0
6 19 8 27 0
19 6 8 27 0
6 19 27 8 0
19 6 27 8 0
7 18 8 27 0
18 7 8 27 0
7 18 27 8 0
18 7 27 8 0
7 18 7 28 0
18 7 7 28 0
7 18 28 7 0
18 7 28 7 0
8 17 7 28 0
17 8 7 28 0
8 17 28 7 0
17 8 28 7 0
8 17 8 27 0
17 8 8 27 0
8 17 27 8 0
17 8 27 8 0
8 17 9 26 0
17 8 9 26 0
8 17 26 9 0
17 8 26 9 0
8 17 10 25 0
17 8 10 25 0
8 17 25 10 0
17 8 25 10 0
9 16 8 27 0
16 9 8 27 0
9 16 27 8 0
16 9 27 8 0
9 16 9 26 0
16 9 9 26 0
9 16 26 9 0
16 9 26 9 0
9 16 10 25 0
16 9 10 25 0
9 16 25 10 0
16 9 25 10 0
9 16 7 28 0
16 9 7 28 0
9 16 28 7 0
16 9 28 7 0
10 15 7 28 0
15 10 7 28 0
10 15 28 7 0
15 10 28 7 0
10 15 8 27 0
15 10 8 27 0
10 15 27 8 0
15 10 27 8 0
10 15 9 26 0
15 10 9 26 0
10 15 26 9 0
15 10 26 9 0
10 15 10 25 0
15 10 10 25 0
10 15 25 10 0
15 10 25 10 0
10 15 11 24 0
15 10 11 24 0
10 15 24 11 0
15 10 24 11 0
10 15 12 23 0
15 10 12 23 0
10 15 23 12 0
15 10 23 12 0
11 14 9 26 0
14 11 9 26 0
11 14 26 9 0
14 11 26 9 0
11 14 10 25 0
14 11 10 25 0
11 14 25 10 0
14 11 25 10 0
11 14 11 24 0
14 11 11 24 0
11 14 24 11 0
14 11 24 11 0
11 14 12 23 0
14 11 12 23 0
11 14 23 12 0
14 11 23 12 0
11 14 13 22 0
14 11 13 22 0
11 14 22 13 0
14 11 22 13 0
11 14 14 21 0
14 11 14 21 0
11 14 21 14 0
14 11 21 14 0
11 14 15 20 0
14 11 15 20 0
11 14 20 15 0
14 11 20 15 0
11 14 16 19 0
14 11 16 19 0
11 14 19 16 0
14 11 19 16 0
11 14 17 18 0
14 11 17 18 0
11 14 18 17 0
14 11 18 17 0
11 14 8 27 0
14 11 8 27 0
11 14 27 8 0
14 11 27 8 0
12 13 9 26 0
13 12 9 26 0
12 13 26 9 0
13 12 26 9 0
12 13 10 25 0
13 12 10 25 0
12 13 25 10 0
13 12 25 10 0
12 13 11 24 0
13 12 11 24 0
12 13 24 11 0
13 12 24 11 0
12 13 12 23 0
13 12 12 23 0
12 13 23 12 0
13 12 23 12 0
12 13 13 22 0
13 12 13 22 0
12 13 22 13 0
13 12 22 13 0
12 13 14 21 0
13 12 14 21 0
12 13 21 14 0
13 12 21 14 0
12 13 15 20 0
13 12 15 20 0
12 13 20 15 0
13 12 20 15 0
12 13 16 19 0
13 12 16 19 0
12 13 19 16 0
13 12 19 16 0
12 13 17 18 0
13 12 17 18 0
12 13 18 17 0
13 12 18 17 0
8 17 6 29 0
17 8 6 29 0
8 17 29 6 0
17 8 29 6 0
9 16 6 29 0
16 9 6 29 0
9 16 29 6 0
16 9 29 6 0
9 16 5 30 0
16 9 5 30 0
9 16 30 5 0
16 9 30 5 0
10 15 5 30 0
15 10 5 30 0
10 15 30 5 0
15 10 30 5 0
10 15 6 29 0
15 10 6 29 0
10 15 29 6 0
15 10 29 6 0
11 14 5 30 0
14 11 5 30 0
11 14 30 5 0
14 11 30 5 0
11 14 6 29 0
14 11 6 29 0
11 14 29 6 0
14 11 29 6 0
11 14 7 28 0
14 11 7 28 0
11 14 28 7 0
14 11 28 7 0
12 13 7 28 0
13 12 7 28 0
12 13 28 7 0
13 12 28 7 0
12 13 8 27 0
13 12 8 27 0
12 13 27 8 0
13 12 27 8 0
12 13 5 30 0
13 12 5 30 0
12 13 30 5 0
13 12 30 5 0
12 13 6 29 0
13 12 6 29 0
12 13 29 6 0
13 12 29 6 0
12 13 4 31 0
13 12 4 31 0
12 13 31 4 0
13 12 31 4 0
