3 25 13 26 0
25 3 13 26 0
3 25 26 13 0
25 3 26 13 0
3 25 14 25 0
25 3 14 25 0
3 25 25 14 0
25 3 25 14 0
3 25 15 24 0
25 3 15 24 0
3 25 24 15 0
25 3 24 15 0
3 25 16 23 0
25 3 16 23 0
3 25 23 16 0
25 3 23 16 0
3 25 17 22 0
25 3 17 22 0
3 25 22 17 0
25 3 22 17 0
3 25 18 21 0
25 3 18 21 0
3 25 21 18 0
25 3 21 18 0
3 25 19 20 0
25 3 19 20 0
3 25 20 19 0
25 3 20 19 0
4 24 13 26 0
24 4 13 26 0
4 24 26 13 0
24 4 26 13 0
4 24 14 25 0
24 4 14 25 0
4 24 25 14 0
24 4 25 14 0
4 24 15 24 0
24 4 15 24 0
4 24 24 15 0
24 4 24 15 0
4 24 16 23 0
24 4 16 23 0
4 24 23 16 0
24 4 23 16 0
4 24 17 22 0
24 4 17 22 0
4 24 22 17 0
24 4 22 17 0
4 24 18 21 0
24 4 18 21 0
4 24 21 18 0
24 4 21 18 0
4 24 19 20 0
24 4 19 20 0
4 24 20 19 0
24 4 20 19 0
5 23 13 26 0
23 5 13 26 0
5 23 26 13 0
23 5 26 13 0
5 23 14 25 0
23 5 14 25 0
5 23 25 14 0
23 5 25 14 0
5 23 15 24 0
23 5 15 24 0
5 23 24 15 0
23 5 24 15 0
5 23 16 23 0
23 5 16 23 0
5 23 23 16 0
23 5 23 16 0
5 23 17 22 0
23 5 17 22 0
5 23 22 17 0
23 5 22 17 0
5 23 18 21 0
23 5 18 21 0
5 23 21 18 0
23 5 21 18 0
5 23 19 20 0
23 5 19 20 0
5 23 20 19 0
23 5 20 19 0
6 22 13 26 0
22 6 13 26 0
6 22 26 13 0
22 6 26 13 0
6 22 14 25 0
22 6 14 25 0
6 22 25 14 0
22 6 25 14 0
6 22 15 24 0
22 6 15 24 0
6 22 24 15 0
22 6 24 15 0
6 22 16 23 1
22 6 16 23 1
6 22 23 16 1
22 6 23 16 1
6 22 17 22 2
22 6 17 22 2
6 22 22 17 2
22 6 22 17 2
6 22 18 21 3
22 6 18 21 3
6 22 21 18 3
22 6 21 18 3
6 22 19 20 4
22 6 19 20 4
6 22 20 19 4
22 6 20 19 4
7 21 13 26 1
21 7 13 26 1
7 21 26 13 1
21 7 26 13 1
7 21 14 25 3
21 7 14 25 3
7 21 25 14 3
21 7 25 14 3
7 21 15 24 7
21 7 15 24 7
7 21 24 15 7
21 7 24 15 7
7 21 16 23 14
21 7 16 23 14
7 21 23 16 14
21 7 23 16 14
7 21 17 22 22
21 7 17 22 22
7 21 22 17 22
21 7 22 17 22
7 21 18 21 29
21 7 18 21 29
7 21 21 18 29
21 7 21 18 29
7 21 19 20 34
21 7 19 20 34
7 21 20 19 34
21 7 20 19 34
4 24 11 28 0
24 4 11 28 0
4 24 28 11 0
24 4 28 11 0
4 24 12 27 0
24 4 12 27 0
4 24 27 12 0
24 4 27 12 0
5 23 11 28 0
23 5 11 28 0
5 23 28 11 0
23 5 28 11 0
5 23 12 27 0
23 5 12 27 0
5 23 27 12 0
23 5 27 12 0
6 22 11 28 0
22 6 11 28 0
6 22 28 11 0
22 6 28 11 0
6 22 12 27 0
22 6 12 27 0
6 22 27 12 0
22 6 27 12 0
7 21 11 28 0
21 7 11 28 0
7 21 28 11 0
21 7 28 11 0
7 21 12 27 0
21 7 12 27 0
7 21 27 12 0
21 7 27 12 0
8 20 11 28 0
20 8 11 28 0
8 20 28 11 0
20 8 28 11 0
8 20 12 27 2
20 8 12 27 2
8 20 27 12 2
20 8 27 12 2
8 20 13 26 7
20 8 13 26 7
8 20 26 13 7
20 8 26 13 7
8 20 14 25 19
20 8 14 25 19
8 20 25 14 19
20 8 25 14 19
8 20 15 24 39
20 8 15 24 39
8 20 24 15 39
20 8 24 15 39
8 20 16 23 68
20 8 16 23 68
8 20 23 16 68
20 8 23 16 68
8 20 17 22 100
20 8 17 22 100
8 20 22 17 100
20 8 22 17 100
8 20 18 21 129
20 8 18 21 129
8 20 21 18 129
20 8 21 18 129
8 20 19 20 146
20 8 19 20 146
8 20 20 19 146
20 8 20 19 146
9 19 11 28 4
19 9 11 28 4
9 19 28 11 4
19 9 28 11 4
9 19 12 27 13
19 9 12 27 13
9 19 27 12 13
19 9 27 12 13
9 19 13 26 35
19 9 13 26 35
9 19 26 13 35
19 9 26 13 35
9 19 14 25 76
19 9 14 25 76
9 19 25 14 76
19 9 25 14 76
9 19 15 24 140
19 9 15 24 140
9 19 24 15 140
19 9 24 15 140
9 19 16 23 225
19 9 16 23 225
9 19 23 16 225
19 9 23 16 225
9 19 17 22 317
19 9 17 22 317
9 19 22 17 317
19 9 22 17 317
9 19 18 21 396
19 9 18 21 396
9 19 21 18 396
19 9 21 18 396
9 19 19 20 443
19 9 19 20 443
9 19 20 19 443
19 9 20 19 443
6 22 10 29 0
22 6 10 29 0
6 22 29 10 0
22 6 29 10 0
7 21 10 29 0
21 7 10 29 0
7 21 29 10 0
21 7 29 10 0
8 20 10 29 0
20 8 10 29 0
8 20 29 10 0
20 8 29 10 0
9 19 10 29 1
19 9 10 29 1
9 19 29 10 1
19 9 29 10 1
10 18 10 29 3
18 10 10 29 3
10 18 29 10 3
18 10 29 10 3
10 18 11 28 13
18 10 11 28 13
10 18 28 11 13
18 10 28 11 13
10 18 12 27 41
18 10 12 27 41
10 18 27 12 41
18 10 27 12 41
10 18 13 26 99
18 10 13 26 99
10 18 26 13 99
18 10 26 13 99
10 18 14 25 202
18 10 14 25 202
10 18 25 14 202
18 10 25 14 202
10 18 15 24 352
18 10 15 24 352
10 18 24 15 352
18 10 24 15 352
10 18 16 23 544
18 10 16 23 544
10 18 23 16 544
18 10 23 16 544
10 18 17 22 745
18 10 17 22 745
10 18 22 17 745
18 10 22 17 745
10 18 18 21 916
18 10 18 21 916
10 18 21 18 916
18 10 21 18 916
10 18 19 20 1015
18 10 19 20 1015
10 18 20 19 1015
18 10 20 19 1015
11 17 11 28 35
17 11 11 28 35
11 17 28 11 35
17 11 28 11 35
11 17 12 27 95
17 11 12 27 95
11 17 27 12 95
17 11 27 12 95
11 17 13 26 213
17 11 13 26 213
11 17 26 13 213
17 11 26 13 213
11 17 14 25 410
17 11 14 25 410
11 17 25 14 410
17 11 25 14 410
11 17 15 24 692
17 11 15 24 692
11 17 24 15 692
17 11 24 15 692
11 17 16 23 1038
17 11 16 23 1038
11 17 23 16 1038
17 11 23 16 1038
11 17 17 22 1397
17 11 17 22 1397
11 17 22 17 1397
17 11 22 17 1397
11 17 18 21 1698
17 11 18 21 1698
11 17 21 18 1698
17 11 21 18 1698
11 17 19 20 1870
17 11 19 20 1870
11 17 20 19 1870
17 11 20 19 1870
12 16 11 28 67
16 12 11 28 67
12 16 28 11 67
16 12 28 11 67
12 16 12 27 170
16 12 12 27 170
12 16 27 12 170
16 12 27 12 170
12 16 13 26 362
16 12 13 26 362
12 16 26 13 362
16 12 26 13 362
12 16 14 25 674
16 12 14 25 674
12 16 25 14 674
16 12 25 14 674
12 16 15 24 1106
16 12 15 24 1106
12 16 24 15 1106
16 12 24 15 1106
12 16 16 23 1631
16 12 16 23 1631
12 16 23 16 1631
16 12 23 16 1631
12 16 17 22 2166
16 12 17 22 2166
12 16 22 17 2166
16 12 22 17 2166
12 16 18 21 2611
16 12 18 21 2611
12 16 21 18 2611
16 12 21 18 2611
12 16 19 20 2865
16 12 19 20 2865
12 16 20 19 2865
16 12 20 19 2865
13 15 13 26 481
15 13 13 26 481
13 15 26 13 481
15 13 26 13 481
13 15 14 25 883
15 13 14 25 883
13 15 25 14 883
15 13 25 14 883
13 15 15 24 1437
15 13 15 24 1437
13 15 24 15 1437
15 13 24 15 1437
13 15 16 23 2101
15 13 16 23 2101
13 15 23 16 2101
15 13 23 16 2101
13 15 17 22 2776
15 13 17 22 2776
13 15 22 17 2776
15 13 22 17 2776
13 15 18 21 3333
15 13 18 21 3333
13 15 21 18 3333
15 13 21 18 3333
13 15 19 20 3651
15 13 19 20 3651
13 15 20 19 3651
15 13 20 19 3651
5 23 9 30 0
23 5 9 30 0
5 23 30 9 0
23 5 30 9 0
5 23 10 29 0
23 5 10 29 0
5 23 29 10 0
23 5 29 10 0
6 22 9 30 0
22 6 9 30 0
6 22 30 9 0
22 6 30 9 0
7 21 9 30 0
21 7 9 30 0
7 21 30 9 0
21 7 30 9 0
8 20 9 30 0
20 8 9 30 0
8 20 30 9 0
20 8 30 9 0
9 19 9 30 0
19 9 9 30 0
9 19 30 9 0
19 9 30 9 0
10 18 9 30 0
18 10 9 30 0
10 18 30 9 0
18 10 30 9 0
6 22 8 31 0
22 6 8 31 0
6 22 31 8 0
22 6 31 8 0
7 21 8 31 0
21 7 8 31 0
7 21 31 8 0
21 7 31 8 0
8 20 8 31 0
20 8 8 31 0
8 20 31 8 0
20 8 31 8 0
9 19 8 31 0
19 9 8 31 0
9 19 31 8 0
19 9 31 8 0
10 18 8 31 0
18 10 8 31 0
10 18 31 8 0
18 10 31 8 0
7 21 7 32 0
21 7 7 32 0
7 21 32 7 0
21 7 32 7 0
8 20 7 32 0
20 8 7 32 0
8 20 32 7 0
20 8 32 7 0
9 19 7 32 0
19 9 7 32 0
9 19 32 7 0
19 9 32 7 0
10 18 7 32 0
18 10 7 32 0
10 18 32 7 0
18 10 32 7 0
11 17 7 32 0
17 11 7 32 0
11 17 32 7 0
17 11 32 7 0
11 17 8 31 0
17 11 8 31 0
11 17 31 8 0
17 11 31 8 0
11 17 9 30 2
17 11 9 30 2
11 17 30 9 2
17 11 30 9 2
11 17 10 29 10
17 11 10 29 10
11 17 29 10 10
17 11 29 10 10
12 16 8 31 1
16 12 8 31 1
12 16 31 8 1
16 12 31 8 1
12 16 9 30 5
16 12 9 30 5
12 16 30 9 5
16 12 30 9 5
12 16 10 29 22
16 12 10 29 22
12 16 29 10 22
16 12 29 10 22
12 16 7 32 0
16 12 7 32 0
12 16 32 7 0
16 12 32 7 0
13 15 7 32 0
15 13 7 32 0
13 15 32 7 0
15 13 32 7 0
13 15 8 31 1
15 13 8 31 1
13 15 31 8 1
15 13 31 8 1
13 15 9 30 7
15 13 9 30 7
13 15 30 9 7
15 13 30 9 7
13 15 10 29 30
15 13 10 29 30
13 15 29 10 30
15 13 29 10 30
13 15 11 28 92
15 13 11 28 92
13 15 28 11 92
15 13 28 11 92
13 15 12 27 228
15 13 12 27 228
13 15 27 12 228
15 13 27 12 228
14 14 9 30 10
14 14 30 9 10
14 14 10 29 38
14 14 29 10 38
14 14 11 28 108
14 14 28 11 108
14 14 12 27 262
14 14 27 12 262
14 14 13 26 540
14 14 26 13 540
14 14 14 25 982
14 14 25 14 982
14 14 15 24 1586
14 14 24 15 1586
14 14 16 23 2308
14 14 23 16 2308
14 14 17 22 3038
14 14 22 17 3038
14 14 18 21 3642
14 14 21 18 3642
14 14 19 20 3984
14 14 20 19 3984
14 14 8 31 2
14 14 31 8 2
8 20 6 33 0
20 8 6 33 0
8 20 33 6 0
20 8 33 6 0
9 19 6 33 0
19 9 6 33 0
9 19 33 6 0
19 9 33 6 0
10 18 6 33 0
18 10 6 33 0
10 18 33 6 0
18 10 33 6 0
11 17 6 33 0
17 11 6 33 0
11 17 33 6 0
17 11 33 6 0
12 16 6 33 0
16 12 6 33 0
12 16 33 6 0
16 12 33 6 0
9 19 5 34 0
19 9 5 34 0
9 19 34 5 0
19 9 34 5 0
10 18 5 34 0
18 10 5 34 0
10 18 34 5 0
18 10 34 5 0
11 17 5 34 0
17 11 5 34 0
11 17 34 5 0
17 11 34 5 0
12 16 5 34 0
16 12 5 34 0
12 16 34 5 0
16 12 34 5 0
13 15 5 34 0
15 13 5 34 0
13 15 34 5 0
15 13 34 5 0
13 15 6 33 0
15 13 6 33 0
13 15 33 6 0
15 13 33 6 0
14 14 5 34 0
14 14 34 5 0
14 14 6 33 0
14 14 33 6 0
14 14 7 32 0
14 14 32 7 0
12 16 4 35 0
16 12 4 35 0
12 16 35 4 0
16 12 35 4 0
13 15 4 35 0
15 13 4 35 0
13 15 35 4 0
15 13 35 4 0
14 14 4 35 0
14 14 35 4 0
