0 16 10 13 0
16 0 10 13 0
0 16 13 10 0
16 0 13 10 0
0 16 11 12 0
16 0 11 12 0
0 16 12 11 0
16 0 12 11 0
1 15 10 13 0
15 1 10 13 0
1 15 13 10 0
15 1 13 10 0
1 15 11 12 0
15 1 11 12 0
1 15 12 11 0
15 1 12 11 0
1 15 6 17 0
15 1 6 17 0
1 15 17 6 0
15 1 17 6 0
1 15 7 16 0
15 1 7 16 0
1 15 16 7 0
15 1 16 7 0
1 15 8 15 0
15 1 8 15 0
1 15 15 8 0
15 1 15 8 0
1 15 9 14 0
15 1 9 14 0
1 15 14 9 0
15 1 14 9 0
2 14 6 17 0
14 2 6 17 0
2 14 17 6 0
14 2 17 6 0
2 14 7 16 1
14 2 7 16 1
2 14 16 7 1
14 2 16 7 1
2 14 8 15 2
14 2 8 15 2
2 14 15 8 2
14 2 15 8 2
2 14 9 14 4
14 2 9 14 4
2 14 14 9 4
14 2 14 9 4
2 14 10 13 5
14 2 10 13 5
2 14 13 10 5
14 2 13 10 5
2 14 11 12 6
14 2 11 12 6
2 14 12 11 6
14 2 12 11 6
3 13 6 17 1
13 3 6 17 1
3 13 17 6 1
13 3 17 6 1
3 13 7 16 4
13 3 7 16 4
3 13 16 7 4
13 3 16 7 4
3 13 8 15 9
13 3 8 15 9
3 13 15 8 9
13 3 15 8 9
3 13 9 14 16
13 3 9 14 16
3 13 14 9 16
13 3 14 9 16
3 13 10 13 22
13 3 10 13 22
3 13 13 10 22
13 3 13 10 22
3 13 11 12 26
13 3 11 12 26
3 13 12 11 26
13 3 12 11 26
4 12 6 17 4
12 4 6 17 4
4 12 17 6 4
12 4 17 6 4
4 12 7 16 13
12 4 7 16 13
4 12 16 7 13
12 4 16 7 13
4 12 8 15 27
12 4 8 15 27
4 12 15 8 27
12 4 15 8 27
4 12 9 14 46
12 4 9 14 46
4 12 14 9 46
12 4 14 9 46
4 12 10 13 63
12 4 10 13 63
4 12 13 10 63
12 4 13 10 63
4 12 11 12 74
12 4 11 12 74
4 12 12 11 74
12 4 12 11 74
2 14 4 19 0
14 2 4 19 0
2 14 19 4 0
14 2 19 4 0
2 14 5 18 0
14 2 5 18 0
2 14 18 5 0
14 2 18 5 0
3 13 4 19 0
13 3 4 19 0
3 13 19 4 0
13 3 19 4 0
3 13 5 18 0
13 3 5 18 0
3 13 18 5 0
13 3 18 5 0
3 13 3 20 0
13 3 3 20 0
3 13 20 3 0
13 3 20 3 0
4 12 3 20 0
12 4 3 20 0
4 12 20 3 0
12 4 20 3 0
4 12 4 19 0
12 4 4 19 0
4 12 19 4 0
12 4 19 4 0
4 12 5 18 1
12 4 5 18 1
4 12 18 5 1
12 4 18 5 1
5 11 3 20 0
11 5 3 20 0
5 11 20 3 0
11 5 20 3 0
5 11 4 19 0
11 5 4 19 0
5 11 19 4 0
11 5 19 4 0
5 11 5 18 3
11 5 5 18 3
5 11 18 5 3
11 5 18 5 3
5 11 6 17 11
11 5 6 17 11
5 11 17 6 11
11 5 17 6 11
5 11 7 16 30
11 5 7 16 30
5 11 16 7 30
11 5 16 7 30
5 11 8 15 60
11 5 8 15 60
5 11 15 8 60
11 5 15 8 60
5 11 9 14 98
11 5 9 14 98
5 11 14 9 98
11 5 14 9 98
5 11 10 13 134
11 5 10 13 134
5 11 13 10 134
11 5 13 10 134
5 11 11 12 156
11 5 11 12 156
5 11 12 11 156
11 5 12 11 156
6 10 3 20 0
10 6 3 20 0
6 10 20 3 0
10 6 20 3 0
6 10 4 19 0
10 6 4 19 0
6 10 19 4 0
10 6 19 4 0
6 10 5 18 5
10 6 5 18 5
6 10 18 5 5
10 6 18 5 5
6 10 6 17 18
10 6 6 17 18
6 10 17 6 18
10 6 17 6 18
6 10 7 16 49
10 6 7 16 49
6 10 16 7 49
10 6 16 7 49
6 10 8 15 97
10 6 8 15 97
6 10 15 8 97
10 6 15 8 97
6 10 9 14 158
10 6 9 14 158
6 10 14 9 158
10 6 14 9 158
6 10 10 13 215
10 6 10 13 215
6 10 13 10 215
10 6 13 10 215
6 10 11 12 250
10 6 11 12 250
6 10 12 11 250
10 6 12 11 250
7 9 4 19 1
9 7 4 19 1
7 9 19 4 1
9 7 19 4 1
7 9 5 18 8
9 7 5 18 8
7 9 18 5 8
9 7 18 5 8
7 9 6 17 27
9 7 6 17 27
7 9 17 6 27
9 7 17 6 27
7 9 7 16 69
9 7 7 16 69
7 9 16 7 69
9 7 16 7 69
7 9 8 15 134
9 7 8 15 134
7 9 15 8 134
9 7 15 8 134
7 9 9 14 215
9 7 9 14 215
7 9 14 9 215
9 7 14 9 215
7 9 10 13 291
9 7 10 13 291
7 9 13 10 291
9 7 13 10 291
7 9 11 12 337
9 7 11 12 337
7 9 12 11 337
9 7 12 11 337
4 12 2 21 0
12 4 2 21 0
4 12 21 2 0
12 4 21 2 0
5 11 2 21 0
11 5 2 21 0
5 11 21 2 0
11 5 21 2 0
6 10 2 21 0
10 6 2 21 0
6 10 21 2 0
10 6 21 2 0
6 10 1 22 0
10 6 1 22 0
6 10 22 1 0
10 6 22 1 0
7 9 1 22 0
9 7 1 22 0
7 9 22 1 0
9 7 22 1 0
7 9 2 21 0
9 7 2 21 0
7 9 21 2 0
9 7 21 2 0
7 9 3 20 0
9 7 3 20 0
7 9 20 3 0
9 7 20 3 0
8 8 2 21 0
8 8 21 2 0
8 8 3 20 0
8 8 20 3 0
8 8 4 19 1
8 8 19 4 1
8 8 5 18 9
8 8 18 5 9
8 8 6 17 29
8 8 17 6 29
8 8 7 16 75
8 8 16 7 75
8 8 8 15 145
8 8 15 8 145
8 8 9 14 233
8 8 14 9 233
8 8 10 13 315
8 8 13 10 315
8 8 11 12 365
8 8 12 11 365
8 8 1 22 0
8 8 22 1 0
