30 34 40 47 0
34 30 40 47 0
30 34 47 40 0
34 30 47 40 0
30 34 41 46 0
34 30 41 46 0
30 34 46 41 0
34 30 46 41 0
30 34 42 45 0
34 30 42 45 0
30 34 45 42 0
34 30 45 42 0
30 34 43 44 0
34 30 43 44 0
30 34 44 43 0
34 30 44 43 0
31 33 40 47 0
33 31 40 47 0
31 33 47 40 0
33 31 47 40 0
31 33 41 46 0
33 31 41 46 0
31 33 46 41 0
33 31 46 41 0
31 33 42 45 0
33 31 42 45 0
31 33 45 42 0
33 31 45 42 0
31 33 43 44 0
33 31 43 44 0
31 33 44 43 0
33 31 44 43 0
32 32 40 47 0
32 32 47 40 0
32 32 41 46 0
32 32 46 41 0
32 32 42 45 0
32 32 45 42 0
32 32 43 44 0
32 32 44 43 0
