11 32 23 36 0
32 11 23 36 0
11 32 36 23 0
32 11 36 23 0
11 32 24 35 0
32 11 24 35 0
11 32 35 24 0
32 11 35 24 0
11 32 25 34 0
32 11 25 34 0
11 32 34 25 0
32 11 34 25 0
11 32 26 33 0
32 11 26 33 0
11 32 33 26 0
32 11 33 26 0
11 32 27 32 0
32 11 27 32 0
11 32 32 27 0
32 11 32 27 0
11 32 28 31 0
32 11 28 31 0
11 32 31 28 0
32 11 31 28 0
11 32 29 30 0
32 11 29 30 0
11 32 30 29 0
32 11 30 29 0
12 31 23 36 0
31 12 23 36 0
12 31 36 23 0
31 12 36 23 0
12 31 24 35 0
31 12 24 35 0
12 31 35 24 0
31 12 35 24 0
12 31 25 34 0
31 12 25 34 0
12 31 34 25 0
31 12 34 25 0
12 31 26 33 0
31 12 26 33 0
12 31 33 26 0
31 12 33 26 0
12 31 27 32 0
31 12 27 32 0
12 31 32 27 0
31 12 32 27 0
12 31 28 31 0
31 12 28 31 0
12 31 31 28 0
31 12 31 28 0
12 31 29 30 0
31 12 29 30 0
12 31 30 29 0
31 12 30 29 0
13 30 23 36 0
30 13 23 36 0
13 30 36 23 0
30 13 36 23 0
13 30 24 35 0
30 13 24 35 0
13 30 35 24 0
30 13 35 24 0
13 30 25 34 0
30 13 25 34 0
13 30 34 25 0
30 13 34 25 0
13 30 26 33 0
30 13 26 33 0
13 30 33 26 0
30 13 33 26 0
13 30 27 32 0
30 13 27 32 0
13 30 32 27 0
30 13 32 27 0
13 30 28 31 0
30 13 28 31 0
13 30 31 28 0
30 13 31 28 0
13 30 29 30 0
30 13 29 30 0
13 30 30 29 0
30 13 30 29 0
14 29 23 36 0
29 14 23 36 0
14 29 36 23 0
29 14 36 23 0
14 29 24 35 0
29 14 24 35 0
14 29 35 24 0
29 14 35 24 0
14 29 25 34 0
29 14 25 34 0
14 29 34 25 0
29 14 34 25 0
14 29 26 33 0
29 14 26 33 0
14 29 33 26 0
29 14 33 26 0
14 29 27 32 0
29 14 27 32 0
14 29 32 27 0
29 14 32 27 0
14 29 28 31 0
29 14 28 31 0
14 29 31 28 0
29 14 31 28 0
14 29 29 30 0
29 14 29 30 0
14 29 30 29 0
29 14 30 29 0
15 28 23 36 0
28 15 23 36 0
15 28 36 23 0
28 15 36 23 0
15 28 24 35 0
28 15 24 35 0
15 28 35 24 0
28 15 35 24 0
15 28 25 34 0
28 15 25 34 0
15 28 34 25 0
28 15 34 25 0
15 28 26 33 1
28 15 26 33 1
15 28 33 26 1
28 15 33 26 1
15 28 27 32 2
28 15 27 32 2
15 28 32 27 2
28 15 32 27 2
15 28 28 31 3
28 15 28 31 3
15 28 31 28 3
28 15 31 28 3
15 28 29 30 4
28 15 29 30 4
15 28 30 29 4
28 15 30 29 4
12 31 21 38 0
31 12 21 38 0
12 31 38 21 0
31 12 38 21 0
12 31 22 37 0
31 12 22 37 0
12 31 37 22 0
31 12 37 22 0
13 30 21 38 0
30 13 21 38 0
13 30 38 21 0
30 13 38 21 0
13 30 22 37 0
30 13 22 37 0
13 30 37 22 0
30 13 37 22 0
14 29 21 38 0
29 14 21 38 0
14 29 38 21 0
29 14 38 21 0
14 29 22 37 0
29 14 22 37 0
14 29 37 22 0
29 14 37 22 0
15 28 21 38 0
28 15 21 38 0
15 28 38 21 0
28 15 38 21 0
15 28 22 37 0
28 15 22 37 0
15 28 37 22 0
28 15 37 22 0
16 27 21 38 0
27 16 21 38 0
16 27 38 21 0
27 16 38 21 0
16 27 22 37 0
27 16 22 37 0
16 27 37 22 0
27 16 37 22 0
16 27 23 36 0
27 16 23 36 0
16 27 36 23 0
27 16 36 23 0
16 27 24 35 1
27 16 24 35 1
16 27 35 24 1
27 16 35 24 1
16 27 25 34 3
27 16 25 34 3
16 27 34 25 3
27 16 34 25 3
16 27 26 33 9
27 16 26 33 9
16 27 33 26 9
27 16 33 26 9
16 27 27 32 16
27 16 27 32 16
16 27 32 27 16
27 16 32 27 16
16 27 28 31 23
27 16 28 31 23
16 27 31 28 23
27 16 31 28 23
16 27 29 30 28
27 16 29 30 28
16 27 30 29 28
27 16 30 29 28
17 26 21 38 0
26 17 21 38 0
17 26 38 21 0
26 17 38 21 0
17 26 22 37 0
26 17 22 37 0
17 26 37 22 0
26 17 37 22 0
17 26 23 36 1
26 17 23 36 1
17 26 36 23 1
26 17 36 23 1
17 26 24 35 6
26 17 24 35 6
17 26 35 24 6
26 17 35 24 6
17 26 25 34 16
26 17 25 34 16
17 26 34 25 16
26 17 34 25 16
17 26 26 33 36
26 17 26 33 36
17 26 33 26 36
26 17 33 26 36
17 26 27 32 60
26 17 27 32 60
17 26 32 27 60
26 17 32 27 60
17 26 28 31 83
26 17 28 31 83
17 26 31 28 83
26 17 31 28 83
17 26 29 30 98
26 17 29 30 98
17 26 30 29 98
26 17 30 29 98
18 25 23 36 6
25 18 23 36 6
18 25 36 23 6
25 18 36 23 6
18 25 24 35 22
25 18 24 35 22
18 25 35 24 22
25 18 35 24 22
18 25 25 34 52
25 18 25 34 52
18 25 34 25 52
25 18 34 25 52
18 25 26 33 102
25 18 26 33 102
18 25 33 26 102
25 18 33 26 102
18 25 27 32 161
25 18 27 32 161
18 25 32 27 161
25 18 32 27 161
18 25 28 31 216
25 18 28 31 216
18 25 31 28 216
25 18 31 28 216
18 25 29 30 250
25 18 29 30 250
18 25 30 29 250
25 18 30 29 250
13 30 19 40 0
30 13 19 40 0
13 30 40 19 0
30 13 40 19 0
13 30 20 39 0
30 13 20 39 0
13 30 39 20 0
30 13 39 20 0
14 29 19 40 0
29 14 19 40 0
14 29 40 19 0
29 14 40 19 0
14 29 20 39 0
29 14 20 39 0
14 29 39 20 0
29 14 39 20 0
15 28 19 40 0
28 15 19 40 0
15 28 40 19 0
28 15 40 19 0
15 28 20 39 0
28 15 20 39 0
15 28 39 20 0
28 15 39 20 0
16 27 19 40 0
27 16 19 40 0
16 27 40 19 0
27 16 40 19 0
16 27 20 39 0
27 16 20 39 0
16 27 39 20 0
27 16 39 20 0
17 26 19 40 0
26 17 19 40 0
17 26 40 19 0
26 17 40 19 0
17 26 20 39 0
26 17 20 39 0
17 26 39 20 0
26 17 39 20 0
14 29 18 41 0
29 14 18 41 0
14 29 41 18 0
29 14 41 18 0
15 28 18 41 0
28 15 18 41 0
15 28 41 18 0
28 15 41 18 0
16 27 18 41 0
27 16 18 41 0
16 27 41 18 0
27 16 41 18 0
17 26 18 41 0
26 17 18 41 0
17 26 41 18 0
26 17 41 18 0
18 25 18 41 0
25 18 18 41 0
18 25 41 18 0
25 18 41 18 0
18 25 19 40 0
25 18 19 40 0
18 25 40 19 0
25 18 40 19 0
18 25 20 39 0
25 18 20 39 0
18 25 39 20 0
25 18 39 20 0
18 25 21 38 0
25 18 21 38 0
18 25 38 21 0
25 18 38 21 0
18 25 22 37 1
25 18 22 37 1
18 25 37 22 1
25 18 37 22 1
19 24 19 40 0
24 19 19 40 0
19 24 40 19 0
24 19 40 19 0
19 24 20 39 0
24 19 20 39 0
19 24 39 20 0
24 19 39 20 0
19 24 21 38 0
24 19 21 38 0
19 24 38 21 0
24 19 38 21 0
19 24 22 37 3
24 19 22 37 3
19 24 37 22 3
24 19 37 22 3
19 24 23 36 15
24 19 23 36 15
19 24 36 23 15
24 19 36 23 15
19 24 24 35 48
24 19 24 35 48
19 24 35 24 48
24 19 35 24 48
19 24 25 34 108
24 19 25 34 108
19 24 34 25 108
24 19 34 25 108
19 24 26 33 201
24 19 26 33 201
19 24 33 26 201
24 19 33 26 201
19 24 27 32 309
24 19 27 32 309
19 24 32 27 309
24 19 32 27 309
19 24 28 31 408
24 19 28 31 408
19 24 31 28 408
24 19 31 28 408
19 24 29 30 468
24 19 29 30 468
19 24 30 29 468
24 19 30 29 468
20 23 22 37 8
23 20 22 37 8
20 23 37 22 8
23 20 37 22 8
20 23 23 36 30
23 20 23 36 30
20 23 36 23 30
23 20 36 23 30
20 23 24 35 84
23 20 24 35 84
20 23 35 24 84
23 20 35 24 84
20 23 25 34 178
23 20 25 34 178
20 23 34 25 178
23 20 34 25 178
20 23 26 33 318
23 20 26 33 318
20 23 33 26 318
23 20 33 26 318
20 23 27 32 478
23 20 27 32 478
20 23 32 27 478
23 20 32 27 478
20 23 28 31 623
23 20 28 31 623
20 23 31 28 623
23 20 31 28 623
20 23 29 30 710
23 20 29 30 710
20 23 30 29 710
23 20 30 29 710
15 28 17 42 0
28 15 17 42 0
15 28 42 17 0
28 15 42 17 0
16 27 17 42 0
27 16 17 42 0
16 27 42 17 0
27 16 42 17 0
17 26 17 42 0
26 17 17 42 0
17 26 42 17 0
26 17 42 17 0
18 25 17 42 0
25 18 17 42 0
18 25 42 17 0
25 18 42 17 0
19 24 17 42 0
24 19 17 42 0
19 24 42 17 0
24 19 42 17 0
19 24 18 41 0
24 19 18 41 0
19 24 41 18 0
24 19 41 18 0
20 23 17 42 0
23 20 17 42 0
20 23 42 17 0
23 20 42 17 0
20 23 18 41 0
23 20 18 41 0
20 23 41 18 0
23 20 41 18 0
20 23 19 40 0
23 20 19 40 0
20 23 40 19 0
23 20 40 19 0
20 23 20 39 0
23 20 20 39 0
20 23 39 20 0
23 20 39 20 0
20 23 21 38 1
23 20 21 38 1
20 23 38 21 1
23 20 38 21 1
21 22 19 40 0
22 21 19 40 0
21 22 40 19 0
22 21 40 19 0
21 22 20 39 0
22 21 20 39 0
21 22 39 20 0
22 21 39 20 0
21 22 21 38 1
22 21 21 38 1
21 22 38 21 1
22 21 38 21 1
21 22 22 37 10
22 21 22 37 10
21 22 37 22 10
22 21 37 22 10
21 22 23 36 38
22 21 23 36 38
21 22 36 23 38
22 21 36 23 38
21 22 24 35 105
22 21 24 35 105
21 22 35 24 105
22 21 35 24 105
21 22 25 34 221
22 21 25 34 221
21 22 34 25 221
22 21 34 25 221
21 22 26 33 391
22 21 26 33 391
21 22 33 26 391
22 21 33 26 391
21 22 27 32 584
22 21 27 32 584
21 22 32 27 584
22 21 32 27 584
21 22 28 31 758
22 21 28 31 758
21 22 31 28 758
22 21 31 28 758
21 22 29 30 862
22 21 29 30 862
21 22 30 29 862
22 21 30 29 862
21 22 17 42 0
22 21 17 42 0
21 22 42 17 0
22 21 42 17 0
21 22 18 41 0
22 21 18 41 0
21 22 41 18 0
22 21 41 18 0
16 27 16 43 0
27 16 16 43 0
16 27 43 16 0
27 16 43 16 0
17 26 16 43 0
26 17 16 43 0
17 26 43 16 0
26 17 43 16 0
18 25 16 43 0
25 18 16 43 0
18 25 43 16 0
25 18 43 16 0
19 24 16 43 0
24 19 16 43 0
19 24 43 16 0
24 19 43 16 0
20 23 16 43 0
23 20 16 43 0
20 23 43 16 0
23 20 43 16 0
21 22 16 43 0
22 21 16 43 0
21 22 43 16 0
22 21 43 16 0
18 25 15 44 0
25 18 15 44 0
18 25 44 15 0
25 18 44 15 0
19 24 15 44 0
24 19 15 44 0
19 24 44 15 0
24 19 44 15 0
20 23 15 44 0
23 20 15 44 0
20 23 44 15 0
23 20 44 15 0
21 22 15 44 0
22 21 15 44 0
21 22 44 15 0
22 21 44 15 0
