0 7 1 10 0
7 0 1 10 0
0 7 10 1 0
7 0 10 1 0
0 7 2 9 0
7 0 2 9 0
0 7 9 2 0
7 0 9 2 0
0 7 3 8 1
7 0 3 8 1
0 7 8 3 1
7 0 8 3 1
0 7 4 7 2
7 0 4 7 2
0 7 7 4 2
7 0 7 4 2
1 6 1 10 1
6 1 1 10 1
1 6 10 1 1
6 1 10 1 1
1 6 2 9 3
6 1 2 9 3
1 6 9 2 3
6 1 9 2 3
1 6 3 8 7
6 1 3 8 7
1 6 8 3 7
6 1 8 3 7
1 6 4 7 11
6 1 4 7 11
1 6 7 4 11
6 1 7 4 11
0 7 5 6 3
7 0 5 6 3
0 7 6 5 3
7 0 6 5 3
1 6 5 6 14
6 1 5 6 14
1 6 6 5 14
6 1 6 5 14
1 6 0 11 0
6 1 0 11 0
1 6 11 0 0
6 1 11 0 0
2 5 0 11 0
5 2 0 11 0
2 5 11 0 0
5 2 11 0 0
2 5 1 10 2
5 2 1 10 2
2 5 10 1 2
5 2 10 1 2
2 5 2 9 6
5 2 2 9 6
2 5 9 2 6
5 2 9 2 6
2 5 3 8 13
5 2 3 8 13
2 5 8 3 13
5 2 8 3 13
2 5 4 7 20
5 2 4 7 20
2 5 7 4 20
5 2 7 4 20
2 5 5 6 25
5 2 5 6 25
2 5 6 5 25
5 2 6 5 25
3 4 0 11 0
4 3 0 11 0
3 4 11 0 0
4 3 11 0 0
3 4 1 10 3
4 3 1 10 3
3 4 10 1 3
4 3 10 1 3
3 4 2 9 9
4 3 2 9 9
3 4 9 2 9
4 3 9 2 9
3 4 3 8 19
4 3 3 8 19
3 4 8 3 19
4 3 8 3 19
3 4 4 7 29
4 3 4 7 29
3 4 7 4 29
4 3 7 4 29
3 4 5 6 36
4 3 5 6 36
3 4 6 5 36
4 3 6 5 36
