63 65 84 112 0
65 63 84 112 0
63 65 112 84 0
65 63 112 84 0
61 67 86 110 0
67 61 86 110 0
61 67 110 86 0
67 61 110 86 0
57 71 98 98 0
71 57 98 98 0
61 67 89 107 0
67 61 89 107 0
61 67 107 89 0
67 61 107 89 0
62 66 98 98 3
66 62 98 98 3
62 66 90 106 0
66 62 90 106 0
62 66 106 90 0
66 62 106 90 0
62 66 91 105 0
66 62 91 105 0
62 66 105 91 0
66 62 105 91 0
58 70 83 113 0
70 58 83 113 0
58 70 113 83 0
70 58 113 83 0
60 68 95 101 1
68 60 95 101 1
60 68 101 95 1
68 60 101 95 1
55 73 94 102 0
73 55 94 102 0
55 73 102 94 0
73 55 102 94 0
57 71 88 108 0
71 57 88 108 0
57 71 108 88 0
71 57 108 88 0
64 64 82 114 0
64 64 114 82 0
61 67 93 103 0
67 61 93 103 0
61 67 103 93 0
67 61 103 93 0
64 64 88 108 0
64 64 108 88 0
62 66 82 114 0
66 62 82 114 0
62 66 114 82 0
66 62 114 82 0
64 64 89 107 0
64 64 107 89 0
62 66 97 99 2
66 62 97 99 2
62 66 99 97 2
66 62 99 97 2
55 73 97 99 0
73 55 97 99 0
55 73 99 97 0
73 55 99 97 0
59 69 97 99 2
69 59 97 99 2
59 69 99 97 2
69 59 99 97 2
56 72 83 113 0
72 56 83 113 0
56 72 113 83 0
72 56 113 83 0
56 72 87 109 0
72 56 87 109 0
56 72 109 87 0
72 56 109 87 0
64 64 86 110 0
64 64 110 86 0
63 65 81 115 0
65 63 81 115 0
63 65 115 81 0
65 63 115 81 0
60 68 82 114 0
68 60 82 114 0
60 68 114 82 0
68 60 114 82 0
55 73 96 100 0
73 55 96 100 0
55 73 100 96 0
73 55 100 96 0
58 70 95 101 0
70 58 95 101 0
58 70 101 95 0
70 58 101 95 0
64 64 97 99 2
64 64 99 97 2
60 68 81 115 0
68 60 81 115 0
60 68 115 81 0
68 60 115 81 0
54 74 87 109 0
74 54 87 109 0
54 74 109 87 0
74 54 109 87 0
59 69 95 101 1
69 59 95 101 1
59 69 101 95 1
69 59 101 95 1
56 72 91 105 0
72 56 91 105 0
56 72 105 91 0
72 56 105 91 0
55 73 90 106 0
73 55 90 106 0
55 73 106 90 0
73 55 106 90 0
64 64 96 100 2
64 64 100 96 2
58 70 96 100 0
70 58 96 100 0
58 70 100 96 0
70 58 100 96 0
64 64 83 113 0
64 64 113 83 0
60 68 89 107 0
68 60 89 107 0
60 68 107 89 0
68 60 107 89 0
62 66 83 113 0
66 62 83 113 0
62 66 113 83 0
66 62 113 83 0
56 72 84 112 0
72 56 84 112 0
56 72 112 84 0
72 56 112 84 0
54 74 94 102 0
74 54 94 102 0
54 74 102 94 0
74 54 102 94 0
57 71 92 104 0
71 57 92 104 0
57 71 104 92 0
71 57 104 92 0
56 72 88 108 0
72 56 88 108 0
56 72 108 88 0
72 56 108 88 0
57 71 97 99 0
71 57 97 99 0
57 71 99 97 0
71 57 99 97 0
61 67 84 112 0
67 61 84 112 0
61 67 112 84 0
67 61 112 84 0
59 69 91 105 0
69 59 91 105 0
59 69 105 91 0
69 59 105 91 0
57 71 83 113 0
71 57 83 113 0
57 71 113 83 0
71 57 113 83 0
59 69 82 114 0
69 59 82 114 0
59 69 114 82 0
69 59 114 82 0
64 64 87 109 0
64 64 109 87 0
64 64 84 112 0
64 64 112 84 0
57 71 96 100 0
71 57 96 100 0
57 71 100 96 0
71 57 100 96 0
62 66 84 112 0
66 62 84 112 0
62 66 112 84 0
66 62 112 84 0
63 65 82 114 0
65 63 82 114 0
63 65 114 82 0
65 63 114 82 0
57 71 93 103 0
71 57 93 103 0
57 71 103 93 0
71 57 103 93 0
55 73 93 103 0
73 55 93 103 0
55 73 103 93 0
73 55 103 93 0
58 70 91 105 0
70 58 91 105 0
58 70 105 91 0
70 58 105 91 0
55 73 84 112 0
73 55 84 112 0
55 73 112 84 0
73 55 112 84 0
63 65 91 105 0
65 63 91 105 0
63 65 105 91 0
65 63 105 91 0
63 65 94 102 1
65 63 94 102 1
63 65 102 94 1
65 63 102 94 1
64 64 85 111 0
64 64 111 85 0
60 68 93 103 0
68 60 93 103 0
60 68 103 93 0
68 60 103 93 0
58 70 98 98 0
70 58 98 98 0
60 68 85 111 0
68 60 85 111 0
60 68 111 85 0
68 60 111 85 0
60 68 84 112 0
68 60 84 112 0
60 68 112 84 0
68 60 112 84 0
58 70 82 114 0
70 58 82 114 0
58 70 114 82 0
70 58 114 82 0
56 72 89 107 0
72 56 89 107 0
56 72 107 89 0
72 56 107 89 0
64 64 92 104 0
64 64 104 92 0
61 67 87 109 0
67 61 87 109 0
61 67 109 87 0
67 61 109 87 0
61 67 98 98 3
67 61 98 98 3
58 70 93 103 0
70 58 93 103 0
58 70 103 93 0
70 58 103 93 0
54 74 98 98 0
74 54 98 98 0
59 69 88 108 0
69 59 88 108 0
59 69 108 88 0
69 59 108 88 0
61 67 95 101 1
67 61 95 101 1
61 67 101 95 1
67 61 101 95 1
61 67 92 104 0
67 61 92 104 0
61 67 104 92 0
67 61 104 92 0
57 71 95 101 0
71 57 95 101 0
57 71 101 95 0
71 57 101 95 0
54 74 90 106 0
74 54 90 106 0
54 74 106 90 0
74 54 106 90 0
59 69 90 106 0
69 59 90 106 0
59 69 106 90 0
69 59 106 90 0
63 65 86 110 0
65 63 86 110 0
63 65 110 86 0
65 63 110 86 0
61 67 94 102 1
67 61 94 102 1
61 67 102 94 1
67 61 102 94 1
61 67 88 108 0
67 61 88 108 0
61 67 108 88 0
67 61 108 88 0
56 72 94 102 0
72 56 94 102 0
56 72 102 94 0
72 56 102 94 0
54 74 88 108 0
74 54 88 108 0
54 74 108 88 0
74 54 108 88 0
63 65 97 99 2
65 63 97 99 2
63 65 99 97 2
65 63 99 97 2
59 69 83 113 0
69 59 83 113 0
59 69 113 83 0
69 59 113 83 0
56 72 95 101 0
72 56 95 101 0
56 72 101 95 0
72 56 101 95 0
64 64 94 102 1
64 64 102 94 1
57 71 94 102 0
71 57 94 102 0
57 71 102 94 0
71 57 102 94 0
64 64 93 103 0
64 64 103 93 0
60 68 83 113 0
68 60 83 113 0
60 68 113 83 0
68 60 113 83 0
62 66 88 108 0
66 62 88 108 0
62 66 108 88 0
66 62 108 88 0
62 66 85 111 0
66 62 85 111 0
62 66 111 85 0
66 62 111 85 0
63 65 96 100 2
65 63 96 100 2
63 65 100 96 2
65 63 100 96 2
62 66 94 102 1
66 62 94 102 1
62 66 102 94 1
66 62 102 94 1
56 72 86 110 0
72 56 86 110 0
56 72 110 86 0
72 56 110 86 0
62 66 95 101 1
66 62 95 101 1
62 66 101 95 1
66 62 101 95 1
63 65 85 111 0
65 63 85 111 0
63 65 111 85 0
65 63 111 85 0
55 73 92 104 0
73 55 92 104 0
55 73 104 92 0
73 55 104 92 0
60 68 97 99 2
68 60 97 99 2
60 68 99 97 2
68 60 99 97 2
60 68 86 110 0
68 60 86 110 0
60 68 110 86 0
68 60 110 86 0
54 74 95 101 0
74 54 95 101 0
54 74 101 95 0
74 54 101 95 0
56 72 90 106 0
72 56 90 106 0
56 72 106 90 0
72 56 106 90 0
64 64 95 101 1
64 64 101 95 1
63 65 83 113 0
65 63 83 113 0
63 65 113 83 0
65 63 113 83 0
61 67 82 114 0
67 61 82 114 0
61 67 114 82 0
67 61 114 82 0
58 70 88 108 0
70 58 88 108 0
58 70 108 88 0
70 58 108 88 0
63 65 95 101 1
65 63 95 101 1
63 65 101 95 1
65 63 101 95 1
57 71 85 111 0
71 57 85 111 0
57 71 111 85 0
71 57 111 85 0
55 73 85 111 0
73 55 85 111 0
55 73 111 85 0
73 55 111 85 0
59 69 92 104 0
69 59 92 104 0
59 69 104 92 0
69 59 104 92 0
56 72 97 99 0
72 56 97 99 0
56 72 99 97 0
72 56 99 97 0
58 70 90 106 0
70 58 90 106 0
58 70 106 90 0
70 58 106 90 0
62 66 96 100 2
66 62 96 100 2
62 66 100 96 2
66 62 100 96 2
60 68 90 106 0
68 60 90 106 0
60 68 106 90 0
68 60 106 90 0
54 74 89 107 0
74 54 89 107 0
54 74 107 89 0
74 54 107 89 0
63 65 98 98 3
65 63 98 98 3
57 71 89 107 0
71 57 89 107 0
57 71 107 89 0
71 57 107 89 0
58 70 92 104 0
70 58 92 104 0
58 70 104 92 0
70 58 104 92 0
64 64 98 98 3
56 72 92 104 0
72 56 92 104 0
56 72 104 92 0
72 56 104 92 0
58 70 86 110 0
70 58 86 110 0
58 70 110 86 0
70 58 110 86 0
59 69 93 103 0
69 59 93 103 0
59 69 103 93 0
69 59 103 93 0
62 66 89 107 0
66 62 89 107 0
62 66 107 89 0
66 62 107 89 0
59 69 94 102 1
69 59 94 102 1
59 69 102 94 1
69 59 102 94 1
57 71 90 106 0
71 57 90 106 0
57 71 106 90 0
71 57 106 90 0
54 74 93 103 0
74 54 93 103 0
54 74 103 93 0
74 54 103 93 0
63 65 92 104 0
65 63 92 104 0
63 65 104 92 0
65 63 104 92 0
56 72 96 100 0
72 56 96 100 0
56 72 100 96 0
72 56 100 96 0
61 67 81 115 0
67 61 81 115 0
61 67 115 81 0
67 61 115 81 0
58 70 97 99 0
70 58 97 99 0
58 70 99 97 0
70 58 99 97 0
61 67 83 113 0
67 61 83 113 0
61 67 113 83 0
67 61 113 83 0
57 71 82 114 0
71 57 82 114 0
57 71 114 82 0
71 57 114 82 0
55 73 95 101 0
73 55 95 101 0
55 73 101 95 0
73 55 101 95 0
61 67 90 106 0
67 61 90 106 0
61 67 106 90 0
67 61 106 90 0
55 73 87 109 0
73 55 87 109 0
55 73 109 87 0
73 55 109 87 0
57 71 84 112 0
71 57 84 112 0
57 71 112 84 0
71 57 112 84 0
56 72 93 103 0
72 56 93 103 0
56 72 103 93 0
72 56 103 93 0
60 68 94 102 1
68 60 94 102 1
60 68 102 94 1
68 60 102 94 1
60 68 87 109 0
68 60 87 109 0
60 68 109 87 0
68 60 109 87 0
63 65 93 103 0
65 63 93 103 0
63 65 103 93 0
65 63 103 93 0
63 65 88 108 0
65 63 88 108 0
63 65 108 88 0
65 63 108 88 0
59 69 96 100 2
69 59 96 100 2
59 69 100 96 2
69 59 100 96 2
58 70 84 112 0
70 58 84 112 0
58 70 112 84 0
70 58 112 84 0
59 69 85 111 0
69 59 85 111 0
59 69 111 85 0
69 59 111 85 0
60 68 92 104 0
68 60 92 104 0
60 68 104 92 0
68 60 104 92 0
60 68 91 105 0
68 60 91 105 0
60 68 105 91 0
68 60 105 91 0
59 69 98 98 3
69 59 98 98 3
57 71 87 109 0
71 57 87 109 0
57 71 109 87 0
71 57 109 87 0
59 69 84 112 0
69 59 84 112 0
59 69 112 84 0
69 59 112 84 0
57 71 86 110 0
71 57 86 110 0
57 71 110 86 0
71 57 110 86 0
62 66 87 109 0
66 62 87 109 0
62 66 109 87 0
66 62 109 87 0
63 65 89 107 0
65 63 89 107 0
63 65 107 89 0
65 63 107 89 0
54 74 97 99 0
74 54 97 99 0
54 74 99 97 0
74 54 99 97 0
62 66 86 110 0
66 62 86 110 0
62 66 110 86 0
66 62 110 86 0
59 69 87 109 0
69 59 87 109 0
59 69 109 87 0
69 59 109 87 0
62 66 81 115 0
66 62 81 115 0
62 66 115 81 0
66 62 115 81 0
62 66 93 103 0
66 62 93 103 0
62 66 103 93 0
66 62 103 93 0
54 74 91 105 0
74 54 91 105 0
54 74 105 91 0
74 54 105 91 0
63 65 90 106 0
65 63 90 106 0
63 65 106 90 0
65 63 106 90 0
57 71 91 105 0
71 57 91 105 0
57 71 105 91 0
71 57 105 91 0
64 64 81 115 0
64 64 115 81 0
54 74 92 104 0
74 54 92 104 0
54 74 104 92 0
74 54 104 92 0
60 68 88 108 0
68 60 88 108 0
60 68 108 88 0
68 60 108 88 0
61 67 91 105 0
67 61 91 105 0
61 67 105 91 0
67 61 105 91 0
58 70 87 109 0
70 58 87 109 0
58 70 109 87 0
70 58 109 87 0
58 70 94 102 0
70 58 94 102 0
58 70 102 94 0
70 58 102 94 0
61 67 85 111 0
67 61 85 111 0
61 67 111 85 0
67 61 111 85 0
64 64 91 105 0
64 64 105 91 0
54 74 96 100 0
74 54 96 100 0
54 74 100 96 0
74 54 100 96 0
56 72 98 98 0
72 56 98 98 0
59 69 89 107 0
69 59 89 107 0
59 69 107 89 0
69 59 107 89 0
60 68 96 100 2
68 60 96 100 2
60 68 100 96 2
68 60 100 96 2
58 70 89 107 0
70 58 89 107 0
58 70 107 89 0
70 58 107 89 0
56 72 85 111 0
72 56 85 111 0
56 72 111 85 0
72 56 111 85 0
61 67 96 100 2
67 61 96 100 2
61 67 100 96 2
67 61 100 96 2
55 73 89 107 0
73 55 89 107 0
55 73 107 89 0
73 55 107 89 0
55 73 86 110 0
73 55 86 110 0
55 73 110 86 0
73 55 110 86 0
62 66 92 104 0
66 62 92 104 0
62 66 104 92 0
66 62 104 92 0
61 67 97 99 2
67 61 97 99 2
61 67 99 97 2
67 61 99 97 2
60 68 98 98 3
68 60 98 98 3
63 65 87 109 0
65 63 87 109 0
63 65 109 87 0
65 63 109 87 0
55 73 98 98 0
73 55 98 98 0
55 73 91 105 0
73 55 91 105 0
55 73 105 91 0
73 55 105 91 0
64 64 90 106 0
64 64 106 90 0
59 69 86 110 0
69 59 86 110 0
59 69 110 86 0
69 59 110 86 0
58 70 85 111 0
70 58 85 111 0
58 70 111 85 0
70 58 111 85 0
55 73 88 108 0
73 55 88 108 0
55 73 108 88 0
73 55 108 88 0
