3 9 6 16 23
9 3 6 16 23
3 9 16 6 23
9 3 16 6 23
6 6 0 22 0
6 6 22 0 0
0 12 6 16 1
12 0 6 16 1
0 12 16 6 1
12 0 16 6 1
6 6 3 19 2
6 6 19 3 2
4 8 2 20 0
8 4 2 20 0
4 8 20 2 0
8 4 20 2 0
1 11 10 12 23
11 1 10 12 23
1 11 12 10 23
11 1 12 10 23
2 10 11 11 48
10 2 11 11 48
4 8 0 22 0
8 4 0 22 0
4 8 22 0 0
8 4 22 0 0
2 10 10 12 46
10 2 10 12 46
2 10 12 10 46
10 2 12 10 46
4 8 8 14 81
8 4 8 14 81
4 8 14 8 81
8 4 14 8 81
3 9 5 17 12
9 3 5 17 12
3 9 17 5 12
9 3 17 5 12
1 11 6 16 6
11 1 6 16 6
1 11 16 6 6
11 1 16 6 6
3 9 4 18 5
9 3 4 18 5
3 9 18 4 5
9 3 18 4 5
6 6 7 15 72
6 6 15 7 72
0 12 9 13 5
12 0 9 13 5
0 12 13 9 5
12 0 13 9 5
0 12 4 18 0
12 0 4 18 0
0 12 18 4 0
12 0 18 4 0
5 7 1 21 0
7 5 1 21 0
5 7 21 1 0
7 5 21 1 0
1 11 3 19 0
11 1 3 19 0
1 11 19 3 0
11 1 19 3 0
4 8 9 13 106
8 4 9 13 106
4 8 13 9 106
8 4 13 9 106
1 11 1 21 0
11 1 1 21 0
1 11 21 1 0
11 1 21 1 0
6 6 8 14 105
6 6 14 8 105
3 9 3 19 1
9 3 3 19 1
3 9 19 3 1
9 3 19 3 1
5 7 0 22 0
7 5 0 22 0
5 7 22 0 0
7 5 22 0 0
3 9 7 15 37
9 3 7 15 37
3 9 15 7 37
9 3 15 7 37
5 7 7 15 70
7 5 7 15 70
5 7 15 7 70
7 5 15 7 70
6 6 11 11 162
1 11 9 13 20
11 1 9 13 20
1 11 13 9 20
11 1 13 9 20
3 9 2 20 0
9 3 2 20 0
3 9 20 2 0
9 3 20 2 0
1 11 4 18 1
11 1 4 18 1
1 11 18 4 1
11 1 18 4 1
4 8 6 16 34
8 4 6 16 34
4 8 16 6 34
8 4 16 6 34
3 9 1 21 0
9 3 1 21 0
3 9 21 1 0
9 3 21 1 0
6 6 4 18 10
6 6 18 4 10
4 8 7 15 55
8 4 7 15 55
4 8 15 7 55
8 4 15 7 55
2 10 2 20 0
10 2 2 20 0
2 10 20 2 0
10 2 20 2 0
5 7 8 14 102
7 5 8 14 102
5 7 14 8 102
7 5 14 8 102
1 11 11 11 24
11 1 11 11 24
5 7 6 16 44
7 5 6 16 44
5 7 16 6 44
7 5 16 6 44
2 10 5 17 6
10 2 5 17 6
2 10 17 5 6
10 2 17 5 6
3 9 0 22 0
9 3 0 22 0
3 9 22 0 0
9 3 22 0 0
1 11 5 17 3
11 1 5 17 3
1 11 17 5 3
11 1 17 5 3
4 8 5 17 18
8 4 5 17 18
4 8 17 5 18
8 4 17 5 18
4 8 1 21 0
8 4 1 21 0
4 8 21 1 0
8 4 21 1 0
1 11 7 15 10
11 1 7 15 10
1 11 15 7 10
11 1 15 7 10
3 9 8 14 54
9 3 8 14 54
3 9 14 8 54
9 3 14 8 54
3 9 9 13 71
9 3 9 13 71
3 9 13 9 71
9 3 13 9 71
5 7 5 17 24
7 5 5 17 24
5 7 17 5 24
7 5 17 5 24
6 6 6 16 45
6 6 16 6 45
2 10 8 14 30
10 2 8 14 30
2 10 14 8 30
10 2 14 8 30
2 10 9 13 40
10 2 9 13 40
2 10 13 9 40
10 2 13 9 40
5 7 2 20 0
7 5 2 20 0
5 7 20 2 0
7 5 20 2 0
5 7 10 12 150
7 5 10 12 150
5 7 12 10 150
7 5 12 10 150
4 8 10 12 121
8 4 10 12 121
4 8 12 10 121
8 4 12 10 121
0 12 5 17 0
12 0 5 17 0
0 12 17 5 0
12 0 17 5 0
1 11 8 14 15
11 1 8 14 15
1 11 14 8 15
11 1 14 8 15
5 7 9 13 132
7 5 9 13 132
5 7 13 9 132
7 5 13 9 132
2 10 7 15 20
10 2 7 15 20
2 10 15 7 20
10 2 15 7 20
6 6 2 20 0
6 6 20 2 0
4 8 3 19 1
8 4 3 19 1
4 8 19 3 1
8 4 19 3 1
2 10 6 16 12
10 2 6 16 12
2 10 16 6 12
10 2 16 6 12
6 6 10 12 156
6 6 12 10 156
0 12 8 14 3
12 0 8 14 3
0 12 14 8 3
12 0 14 8 3
5 7 3 19 2
7 5 3 19 2
5 7 19 3 2
7 5 19 3 2
1 11 2 20 0
11 1 2 20 0
1 11 20 2 0
11 1 20 2 0
3 9 10 12 81
9 3 10 12 81
3 9 12 10 81
9 3 12 10 81
0 12 10 12 6
12 0 10 12 6
0 12 12 10 6
12 0 12 10 6
6 6 1 21 0
6 6 21 1 0
0 12 11 11 6
12 0 11 11 6
0 12 3 19 0
12 0 3 19 0
0 12 19 3 0
12 0 19 3 0
4 8 11 11 126
8 4 11 11 126
5 7 4 18 10
7 5 4 18 10
5 7 18 4 10
7 5 18 4 10
4 8 4 18 7
8 4 4 18 7
4 8 18 4 7
8 4 18 4 7
5 7 11 11 156
7 5 11 11 156
0 12 7 15 2
12 0 7 15 2
0 12 15 7 2
12 0 15 7 2
2 10 4 18 2
10 2 4 18 2
2 10 18 4 2
10 2 18 4 2
2 10 1 21 0
10 2 1 21 0
2 10 21 1 0
10 2 21 1 0
3 9 11 11 84
9 3 11 11 84
6 6 9 13 137
6 6 13 9 137
2 10 3 19 0
10 2 3 19 0
2 10 19 3 0
10 2 19 3 0
6 6 5 17 24
6 6 17 5 24
