8 8 9 19 160
8 8 19 9 160
7 9 6 22 22
9 7 6 22 22
7 9 22 6 22
9 7 22 6 22
4 12 1 27 0
12 4 1 27 0
4 12 27 1 0
12 4 27 1 0
2 14 3 25 0
14 2 3 25 0
2 14 25 3 0
14 2 25 3 0
8 8 14 14 463
6 10 10 18 188
10 6 10 18 188
6 10 18 10 188
10 6 18 10 188
8 8 13 15 438
8 8 15 13 438
8 8 12 16 391
8 8 16 12 391
5 11 14 14 272
11 5 14 14 272
7 9 1 27 0
9 7 1 27 0
7 9 27 1 0
9 7 27 1 0
4 12 3 25 0
12 4 3 25 0
4 12 25 3 0
12 4 25 3 0
8 8 2 26 0
8 8 26 2 0
3 13 3 25 0
13 3 3 25 0
3 13 25 3 0
13 3 25 3 0
6 10 0 28 0
10 6 0 28 0
6 10 28 0 0
10 6 28 0 0
2 14 10 18 21
14 2 10 18 21
2 14 18 10 21
14 2 18 10 21
7 9 12 16 367
9 7 12 16 367
7 9 16 12 367
9 7 16 12 367
3 13 14 14 96
13 3 14 14 96
4 12 12 16 147
12 4 12 16 147
4 12 16 12 147
12 4 16 12 147
6 10 9 19 124
10 6 9 19 124
6 10 19 9 124
10 6 19 9 124
1 15 5 23 0
15 1 5 23 0
1 15 23 5 0
15 1 23 5 0
1 15 12 16 13
15 1 12 16 13
1 15 16 12 13
15 1 16 12 13
6 10 13 15 344
10 6 13 15 344
6 10 15 13 344
10 6 15 13 344
4 12 4 24 0
12 4 4 24 0
4 12 24 4 0
12 4 24 4 0
6 10 3 25 0
10 6 3 25 0
6 10 25 3 0
10 6 25 3 0
3 13 12 16 80
13 3 12 16 80
3 13 16 12 80
13 3 16 12 80
5 11 5 23 4
11 5 5 23 4
5 11 23 5 4
11 5 23 5 4
7 9 8 20 91
9 7 8 20 91
7 9 20 8 91
9 7 20 8 91
5 11 4 24 0
11 5 4 24 0
5 11 24 4 0
11 5 24 4 0
6 10 2 26 0
10 6 2 26 0
6 10 26 2 0
10 6 26 2 0
8 8 0 28 0
8 8 28 0 0
5 11 6 22 12
11 5 6 22 12
5 11 22 6 12
11 5 22 6 12
0 16 9 19 0
16 0 9 19 0
0 16 19 9 0
16 0 19 9 0
6 10 8 20 75
10 6 8 20 75
6 10 20 8 75
10 6 20 8 75
8 8 7 21 52
8 8 21 7 52
3 13 5 23 1
13 3 5 23 1
3 13 23 5 1
13 3 23 5 1
1 15 13 15 15
15 1 13 15 15
1 15 15 13 15
15 1 15 13 15
1 15 14 14 16
15 1 14 14 16
7 9 5 23 8
9 7 5 23 8
7 9 23 5 8
9 7 23 5 8
8 8 10 18 241
8 8 18 10 241
5 11 2 26 0
11 5 2 26 0
5 11 26 2 0
11 5 26 2 0
8 8 3 25 0
8 8 25 3 0
2 14 4 24 0
14 2 4 24 0
2 14 24 4 0
14 2 24 4 0
5 11 3 25 0
11 5 3 25 0
5 11 25 3 0
11 5 25 3 0
4 12 2 26 0
12 4 2 26 0
4 12 26 2 0
12 4 26 2 0
2 14 13 15 41
14 2 13 15 41
2 14 15 13 41
14 2 15 13 41
8 8 4 24 1
8 8 24 4 1
0 16 14 14 3
16 0 14 14 3
7 9 9 19 152
9 7 9 19 152
7 9 19 9 152
9 7 19 9 152
1 15 9 19 4
15 1 9 19 4
1 15 19 9 4
15 1 19 9 4
0 16 7 21 0
16 0 7 21 0
0 16 21 7 0
16 0 21 7 0
4 12 13 15 165
12 4 13 15 165
4 12 15 13 165
12 4 15 13 165
0 16 13 15 2
16 0 13 15 2
0 16 15 13 2
16 0 15 13 2
6 10 14 14 364
10 6 14 14 364
7 9 11 17 300
9 7 11 17 300
7 9 17 11 300
9 7 17 11 300
6 10 7 21 40
10 6 7 21 40
6 10 21 7 40
10 6 21 7 40
7 9 10 18 226
9 7 10 18 226
7 9 18 10 226
9 7 18 10 226
2 14 2 26 0
14 2 2 26 0
2 14 26 2 0
14 2 26 2 0
6 10 1 27 0
10 6 1 27 0
6 10 27 1 0
10 6 27 1 0
5 11 10 18 139
11 5 10 18 139
5 11 18 10 139
11 5 18 10 139
0 16 12 16 2
16 0 12 16 2
0 16 16 12 2
16 0 16 12 2
3 13 6 22 3
13 3 6 22 3
3 13 22 6 3
13 3 22 6 3
2 14 12 16 37
14 2 12 16 37
2 14 16 12 37
14 2 16 12 37
5 11 9 19 92
11 5 9 19 92
5 11 19 9 92
11 5 19 9 92
0 16 6 22 0
16 0 6 22 0
0 16 22 6 0
16 0 22 6 0
7 9 3 25 0
9 7 3 25 0
7 9 25 3 0
9 7 25 3 0
3 13 9 19 30
13 3 9 19 30
3 13 19 9 30
13 3 19 9 30
3 13 1 27 0
13 3 1 27 0
3 13 27 1 0
13 3 27 1 0
3 13 4 24 0
13 3 4 24 0
3 13 24 4 0
13 3 24 4 0
7 9 4 24 1
9 7 4 24 1
7 9 24 4 1
9 7 24 4 1
4 12 10 18 88
12 4 10 18 88
4 12 18 10 88
12 4 18 10 88
4 12 7 21 17
12 4 7 21 17
4 12 21 7 17
12 4 21 7 17
0 16 8 20 0
16 0 8 20 0
0 16 20 8 0
16 0 20 8 0
4 12 8 20 33
12 4 8 20 33
4 12 20 8 33
12 4 20 8 33
3 13 11 17 64
13 3 11 17 64
3 13 17 11 64
13 3 17 11 64
8 8 11 17 317
8 8 17 11 317
5 11 1 27 0
11 5 1 27 0
5 11 27 1 0
11 5 27 1 0
2 14 14 14 45
14 2 14 14 45
7 9 14 14 434
9 7 14 14 434
7 9 7 21 50
9 7 7 21 50
7 9 21 7 50
9 7 21 7 50
1 15 6 22 0
15 1 6 22 0
1 15 22 6 0
15 1 22 6 0
1 15 7 21 1
15 1 7 21 1
1 15 21 7 1
15 1 21 7 1
5 11 11 17 186
11 5 11 17 186
5 11 17 11 186
11 5 17 11 186
3 13 13 15 91
13 3 13 15 91
3 13 15 13 91
13 3 15 13 91
8 8 8 20 97
8 8 20 8 97
2 14 6 22 1
14 2 6 22 1
2 14 22 6 1
14 2 22 6 1
4 12 11 17 117
12 4 11 17 117
4 12 17 11 117
12 4 17 11 117
1 15 11 17 10
15 1 11 17 10
1 15 17 11 10
15 1 17 11 10
3 13 2 26 0
13 3 2 26 0
3 13 26 2 0
13 3 26 2 0
7 9 0 28 0
9 7 0 28 0
7 9 28 0 0
9 7 28 0 0
4 12 6 22 7
12 4 6 22 7
4 12 22 6 7
12 4 22 6 7
8 8 1 27 0
8 8 27 1 0
2 14 5 23 0
14 2 5 23 0
2 14 23 5 0
14 2 23 5 0
3 13 8 20 17
13 3 8 20 17
3 13 20 8 17
13 3 20 8 17
1 15 3 25 0
15 1 3 25 0
1 15 25 3 0
15 1 25 3 0
8 8 6 22 24
8 8 22 6 24
4 12 9 19 56
12 4 9 19 56
4 12 19 9 56
12 4 19 9 56
3 13 10 18 47
13 3 10 18 47
3 13 18 10 47
13 3 18 10 47
6 10 4 24 1
10 6 4 24 1
6 10 24 4 1
10 6 24 4 1
5 11 13 15 259
11 5 13 15 259
5 11 15 13 259
11 5 15 13 259
2 14 7 21 3
14 2 7 21 3
2 14 21 7 3
14 2 21 7 3
1 15 4 24 0
15 1 4 24 0
1 15 24 4 0
15 1 24 4 0
1 15 8 20 2
15 1 8 20 2
1 15 20 8 2
15 1 20 8 2
5 11 8 20 54
11 5 8 20 54
5 11 20 8 54
11 5 20 8 54
6 10 5 23 6
10 6 5 23 6
6 10 23 5 6
10 6 23 5 6
5 11 12 16 229
11 5 12 16 229
5 11 16 12 229
11 5 16 12 229
4 12 5 23 2
12 4 5 23 2
4 12 23 5 2
12 4 23 5 2
2 14 9 19 12
14 2 9 19 12
2 14 19 9 12
14 2 19 9 12
3 13 7 21 9
13 3 7 21 9
3 13 21 7 9
13 3 21 7 9
0 16 11 17 1
16 0 11 17 1
0 16 17 11 1
16 0 17 11 1
8 8 5 23 8
8 8 23 5 8
1 15 10 18 7
15 1 10 18 7
1 15 18 10 7
15 1 18 10 7
2 14 8 20 7
14 2 8 20 7
2 14 20 8 7
14 2 20 8 7
6 10 12 16 307
10 6 12 16 307
6 10 16 12 307
10 6 16 12 307
7 9 2 26 0
9 7 2 26 0
7 9 26 2 0
9 7 26 2 0
4 12 14 14 176
12 4 14 14 176
0 16 10 18 1
16 0 10 18 1
0 16 18 10 1
16 0 18 10 1
7 9 13 15 414
9 7 13 15 414
7 9 15 13 414
9 7 15 13 414
6 10 11 17 248
10 6 11 17 248
6 10 17 11 248
10 6 17 11 248
5 11 7 21 29
11 5 7 21 29
5 11 21 7 29
11 5 21 7 29
2 14 11 17 28
14 2 11 17 28
2 14 17 11 28
14 2 17 11 28
6 10 6 22 18
10 6 6 22 18
6 10 22 6 18
10 6 22 6 18
