1 7 3 13 3
7 1 3 13 3
1 7 13 3 3
7 1 13 3 3
0 8 7 9 7
8 0 7 9 7
0 8 9 7 7
8 0 9 7 7
2 6 1 15 0
6 2 1 15 0
2 6 15 1 0
6 2 15 1 0
2 6 4 12 8
6 2 4 12 8
2 6 12 4 8
6 2 12 4 8
1 7 1 15 0
7 1 1 15 0
1 7 15 1 0
7 1 15 1 0
4 4 2 14 2
4 4 14 2 2
4 4 1 15 0
4 4 15 1 0
2 6 0 16 0
6 2 0 16 0
2 6 16 0 0
6 2 16 0 0
3 5 5 11 18
5 3 5 11 18
3 5 11 5 18
5 3 11 5 18
4 4 6 10 29
4 4 10 6 29
4 4 4 12 14
4 4 12 4 14
4 4 7 9 37
4 4 9 7 37
0 8 3 13 1
8 0 3 13 1
0 8 13 3 1
8 0 13 3 1
2 6 8 8 23
6 2 8 8 23
1 7 7 9 15
7 1 7 9 15
1 7 9 7 15
7 1 9 7 15
2 6 7 9 22
6 2 7 9 22
2 6 9 7 22
6 2 9 7 22
3 5 1 15 0
5 3 1 15 0
3 5 15 1 0
5 3 15 1 0
1 7 5 11 9
7 1 5 11 9
1 7 11 5 9
7 1 11 5 9
0 8 2 14 0
8 0 2 14 0
0 8 14 2 0
8 0 14 2 0
3 5 6 10 24
5 3 6 10 24
3 5 10 6 24
5 3 10 6 24
4 4 8 8 39
1 7 0 16 0
7 1 0 16 0
1 7 16 0 0
7 1 16 0 0
3 5 2 14 2
5 3 2 14 2
3 5 14 2 2
5 3 14 2 2
1 7 4 12 6
7 1 4 12 6
1 7 12 4 6
7 1 12 4 6
1 7 8 8 16
7 1 8 8 16
4 4 0 16 0
4 4 16 0 0
0 8 8 8 7
8 0 8 8 7
3 5 0 16 0
5 3 0 16 0
3 5 16 0 0
5 3 16 0 0
4 4 3 13 7
4 4 13 3 7
2 6 5 11 13
6 2 5 11 13
2 6 11 5 13
6 2 11 5 13
3 5 4 12 12
5 3 4 12 12
3 5 12 4 12
5 3 12 4 12
0 8 4 12 2
8 0 4 12 2
0 8 12 4 2
8 0 12 4 2
0 8 6 10 5
8 0 6 10 5
0 8 10 6 5
8 0 10 6 5
2 6 2 14 1
6 2 2 14 1
2 6 14 2 1
6 2 14 2 1
3 5 7 9 30
5 3 7 9 30
3 5 9 7 30
5 3 9 7 30
1 7 2 14 1
7 1 2 14 1
1 7 14 2 1
7 1 14 2 1
3 5 8 8 32
5 3 8 8 32
0 8 5 11 4
8 0 5 11 4
0 8 11 5 4
8 0 11 5 4
2 6 3 13 4
6 2 3 13 4
2 6 13 3 4
6 2 13 3 4
1 7 6 10 12
7 1 6 10 12
1 7 10 6 12
7 1 10 6 12
4 4 5 11 22
4 4 11 5 22
0 8 1 15 0
8 0 1 15 0
0 8 15 1 0
8 0 15 1 0
3 5 3 13 6
5 3 3 13 6
3 5 13 3 6
5 3 13 3 6
2 6 6 10 17
6 2 6 10 17
2 6 10 6 17
6 2 10 6 17
