(15, 27, 35) 280758
(12, 32, 33) 71205
(9, 23, 45) 45
(11, 29, 37) 20552
(10, 22, 45) 116
(12, 26, 39) 20522
(16, 21, 40) 56269
(9, 28, 40) 1450
(22, 24, 31) 2675898
(23, 23, 31) 2750576
(10, 28, 39) 5231
(10, 31, 36) 11414
(23, 25, 29) 3729403
(11, 26, 40) 7270
(12, 23, 42) 4451
(12, 22, 43) 2254
(16, 18, 43) 7097
(7, 34, 36) 367
(7, 27, 43) 20
(18, 28, 31) 1365492
(8, 24, 45) 13
(17, 24, 36) 396806
(14, 22, 41) 18907
(12, 16, 49) 1
(13, 25, 39) 34433
(13, 28, 36) 89814
(11, 25, 41) 4446
(13, 21, 43) 3515
(15, 22, 40) 44726
(14, 30, 33) 239851
(10, 26, 41) 2155
(16, 26, 35) 400255
(10, 32, 35) 12952
(14, 24, 39) 52517
(8, 33, 36) 1445
(15, 18, 44) 2632
(11, 17, 49) 1
(23, 24, 30) 3286977
(19, 21, 37) 363067
(14, 14, 49) 2
(18, 21, 38) 211304
(20, 23, 34) 1158896
(17, 25, 35) 532037
(15, 30, 32) 419190
(5, 33, 39) 3
(10, 19, 48) 2
(19, 25, 33) 1298454
(19, 19, 39) 131340
(18, 25, 34) 859499
(12, 21, 44) 1030
(15, 26, 36) 219882
(8, 27, 42) 173
(9, 27, 41) 899
(6, 33, 38) 49
(14, 21, 42) 10078
(7, 29, 41) 80
(18, 24, 35) 661397
(11, 22, 44) 593
(13, 16, 48) 13
(24, 26, 27) 4455769
(11, 30, 36) 25440
(17, 20, 40) 65448
(14, 23, 40) 32715
(9, 26, 42) 506
(15, 29, 33) 387140
(21, 22, 34) 1229502
(16, 28, 33) 579398
(15, 16, 46) 317
(8, 26, 43) 85
(14, 19, 44) 2152
(17, 28, 32) 920315
(6, 28, 43) 3
(6, 35, 36) 66
(9, 30, 38) 2942
(11, 19, 47) 25
(14, 25, 38) 78758
(19, 29, 29) 1950059
(7, 30, 40) 132
(7, 25, 45) 2
(20, 26, 31) 2144565
(16, 30, 31) 677569
(7, 33, 37) 324
(20, 21, 36) 581156
(12, 20, 45) 415
(18, 29, 30) 1436602
(17, 17, 43) 7443
(21, 27, 29) 3012513
(5, 31, 41) 1
(12, 25, 40) 13318
(25, 25, 27) 4572379
(16, 22, 39) 95048
(14, 31, 32) 253215
(6, 31, 40) 25
(11, 23, 43) 1285
(13, 26, 38) 50504
(10, 27, 40) 3498
(13, 22, 42) 7058
(17, 19, 41) 34777
(24, 25, 28) 4236976
(16, 24, 37) 220693
(13, 24, 40) 21906
(7, 35, 35) 382
(5, 34, 38) 4
(15, 23, 39) 73579
(11, 28, 38) 15569
(19, 28, 30) 1901538
(15, 21, 41) 25224
(16, 29, 32) 643206
(15, 25, 37) 162470
(13, 17, 47) 62
(10, 33, 34) 13793
(6, 30, 41) 14
(18, 20, 39) 126690
(8, 30, 39) 736
(17, 23, 37) 279005
(13, 32, 32) 140729
(21, 24, 32) 2062410
(15, 15, 47) 84
(20, 22, 35) 845390
(19, 22, 36) 545720
(11, 31, 35) 29593
(18, 27, 32) 1233145
(24, 24, 29) 3829381
(6, 27, 44) 1
(17, 22, 38) 184272
(21, 28, 28) 3088684
(8, 25, 44) 37
(23, 26, 28) 4021112
(20, 25, 32) 1842123
(22, 27, 28) 3620104
(14, 17, 46) 279
(19, 20, 38) 226203
(9, 32, 36) 4440
(16, 16, 45) 1041
(13, 20, 44) 1577
(5, 35, 37) 5
(17, 29, 31) 994112
(15, 17, 45) 990
(12, 29, 36) 50300
(9, 29, 39) 2148
(10, 24, 43) 626
(10, 23, 44) 289
(21, 25, 31) 2463694
(9, 25, 43) 258
(13, 27, 37) 69464
(10, 25, 42) 1222
(13, 29, 35) 109443
(15, 24, 38) 112911
(11, 32, 34) 32375
(21, 21, 35) 871577
(15, 19, 43) 6200
(17, 27, 33) 808841
(13, 18, 46) 215
(21, 23, 33) 1637073
(8, 32, 37) 1247
(14, 15, 48) 16
(6, 34, 37) 59
(20, 20, 37) 375024
(19, 27, 31) 1762950
(12, 31, 34) 67229
(11, 24, 42) 2499
(15, 20, 42) 13090
(14, 16, 47) 76
(14, 29, 34) 215149
(20, 24, 33) 1501241
(20, 27, 30) 2371778
(13, 30, 34) 125888
(19, 26, 32) 1552859
(22, 23, 32) 2181668
(20, 28, 29) 2493753
(11, 27, 39) 11028
(5, 36, 36) 6
(18, 18, 41) 36141
(13, 19, 45) 631
(18, 26, 33) 1057206
(14, 27, 36) 146412
(15, 28, 34) 338822
(10, 21, 46) 39
(14, 18, 45) 831
(16, 25, 36) 306070
(9, 33, 35) 4910
(8, 29, 40) 500
(7, 26, 44) 7
(12, 19, 46) 146
(22, 26, 29) 3443391
(17, 18, 42) 16903
(23, 27, 27) 4123222
(8, 31, 38) 999
(10, 29, 38) 7269
(11, 33, 33) 33359
(12, 18, 47) 41
(18, 23, 36) 480753
(22, 22, 33) 1684725
(10, 20, 47) 10
(18, 22, 37) 329026
(9, 21, 47) 3
(9, 24, 44) 115
(6, 29, 42) 7
(13, 15, 49) 2
(9, 31, 37) 3746
(9, 34, 34) 5076
(5, 32, 40) 2
(11, 21, 45) 242
(13, 31, 33) 136881
(17, 30, 30) 1019875
(12, 27, 38) 29527
(10, 30, 37) 9414
(16, 17, 44) 2910
(7, 31, 39) 197
(18, 19, 40) 70538
(14, 26, 37) 110694
(14, 20, 43) 4898
(17, 21, 39) 113865
(7, 28, 42) 43
(7, 32, 38) 264
(8, 22, 47) 1
(11, 18, 48) 5
(19, 23, 35) 771493
(16, 20, 41) 30834
(12, 28, 37) 39759
(8, 34, 35) 1553
(12, 30, 35) 59885
(22, 25, 30) 3114302
(8, 23, 46) 4
(25, 26, 26) 4689426
(16, 19, 42) 15537
(11, 20, 46) 84
(19, 24, 34) 1028998
(16, 23, 38) 149673
(15, 31, 31) 430468
(12, 24, 41) 8011
(16, 27, 34) 494884
(14, 28, 35) 182583
(13, 23, 41) 12952
(21, 26, 30) 2794260
(6, 32, 39) 37
(17, 26, 34) 674081
(8, 28, 41) 309
(12, 17, 48) 9
(9, 22, 46) 14
