12 27 18 21 0
27 12 18 21 0
12 27 21 18 0
27 12 21 18 0
12 27 19 20 0
27 12 19 20 0
12 27 20 19 0
27 12 20 19 0
13 26 18 21 0
26 13 18 21 0
13 26 21 18 0
26 13 21 18 0
13 26 19 20 0
26 13 19 20 0
13 26 20 19 0
26 13 20 19 0
14 25 18 21 0
25 14 18 21 0
14 25 21 18 0
25 14 21 18 0
14 25 19 20 0
25 14 19 20 0
14 25 20 19 0
25 14 20 19 0
15 24 18 21 0
24 15 18 21 0
15 24 21 18 0
24 15 21 18 0
15 24 19 20 0
24 15 19 20 0
15 24 20 19 0
24 15 20 19 0
13 26 15 24 0
26 13 15 24 0
13 26 24 15 0
26 13 24 15 0
13 26 16 23 0
26 13 16 23 0
13 26 23 16 0
26 13 23 16 0
13 26 17 22 0
26 13 17 22 0
13 26 22 17 0
26 13 22 17 0
14 25 15 24 0
25 14 15 24 0
14 25 24 15 0
25 14 24 15 0
14 25 16 23 0
25 14 16 23 0
14 25 23 16 0
25 14 23 16 0
14 25 17 22 0
25 14 17 22 0
14 25 22 17 0
25 14 22 17 0
15 24 15 24 0
24 15 15 24 0
15 24 24 15 0
24 15 24 15 0
15 24 16 23 0
24 15 16 23 0
15 24 23 16 0
24 15 23 16 0
15 24 17 22 0
24 15 17 22 0
15 24 22 17 0
24 15 22 17 0
16 23 15 24 0
23 16 15 24 0
16 23 24 15 0
23 16 24 15 0
16 23 16 23 0
23 16 16 23 0
16 23 23 16 0
23 16 23 16 0
16 23 17 22 0
23 16 17 22 0
16 23 22 17 0
23 16 22 17 0
16 23 18 21 0
23 16 18 21 0
16 23 21 18 0
23 16 21 18 0
16 23 19 20 0
23 16 19 20 0
16 23 20 19 0
23 16 20 19 0
14 25 14 25 0
25 14 14 25 0
14 25 25 14 0
25 14 25 14 0
15 24 14 25 0
24 15 14 25 0
15 24 25 14 0
24 15 25 14 0
16 23 14 25 0
23 16 14 25 0
16 23 25 14 0
23 16 25 14 0
17 22 14 25 0
22 17 14 25 0
17 22 25 14 0
22 17 25 14 0
17 22 15 24 0
22 17 15 24 0
17 22 24 15 0
22 17 24 15 0
17 22 16 23 0
22 17 16 23 0
17 22 23 16 0
22 17 23 16 0
17 22 17 22 0
22 17 17 22 0
17 22 22 17 0
22 17 22 17 0
17 22 18 21 0
22 17 18 21 0
17 22 21 18 0
22 17 21 18 0
17 22 19 20 0
22 17 19 20 0
17 22 20 19 0
22 17 20 19 0
18 21 15 24 0
21 18 15 24 0
18 21 24 15 0
21 18 24 15 0
18 21 16 23 0
21 18 16 23 0
18 21 23 16 0
21 18 23 16 0
18 21 17 22 0
21 18 17 22 0
18 21 22 17 0
21 18 22 17 0
18 21 18 21 0
21 18 18 21 0
18 21 21 18 0
21 18 21 18 0
18 21 19 20 0
21 18 19 20 0
18 21 20 19 0
21 18 20 19 0
19 20 18 21 0
20 19 18 21 0
19 20 21 18 0
20 19 21 18 0
19 20 19 20 0
20 19 19 20 0
19 20 20 19 0
20 19 20 19 0
15 24 13 26 0
24 15 13 26 0
15 24 26 13 0
24 15 26 13 0
16 23 13 26 0
23 16 13 26 0
16 23 26 13 0
23 16 26 13 0
17 22 13 26 0
22 17 13 26 0
17 22 26 13 0
22 17 26 13 0
18 21 13 26 0
21 18 13 26 0
18 21 26 13 0
21 18 26 13 0
18 21 14 25 0
21 18 14 25 0
18 21 25 14 0
21 18 25 14 0
19 20 13 26 0
20 19 13 26 0
19 20 26 13 0
20 19 26 13 0
19 20 14 25 0
20 19 14 25 0
19 20 25 14 0
20 19 25 14 0
19 20 15 24 0
20 19 15 24 0
19 20 24 15 0
20 19 24 15 0
19 20 16 23 0
20 19 16 23 0
19 20 23 16 0
20 19 23 16 0
19 20 17 22 0
20 19 17 22 0
19 20 22 17 0
20 19 22 17 0
18 21 12 27 0
21 18 12 27 0
18 21 27 12 0
21 18 27 12 0
19 20 12 27 0
20 19 12 27 0
19 20 27 12 0
20 19 27 12 0
