4 21 27 47 0
21 4 27 47 0
4 21 47 27 0
21 4 47 27 0
4 21 28 46 0
21 4 28 46 0
4 21 46 28 0
21 4 46 28 0
4 21 29 45 0
21 4 29 45 0
4 21 45 29 0
21 4 45 29 0
4 21 30 44 0
21 4 30 44 0
4 21 44 30 0
21 4 44 30 0
4 21 31 43 0
21 4 31 43 0
4 21 43 31 0
21 4 43 31 0
4 21 32 42 0
21 4 32 42 0
4 21 42 32 0
21 4 42 32 0
4 21 33 41 0
21 4 33 41 0
4 21 41 33 0
21 4 41 33 0
4 21 34 40 0
21 4 34 40 0
4 21 40 34 0
21 4 40 34 0
4 21 35 39 0
21 4 35 39 0
4 21 39 35 0
21 4 39 35 0
5 20 27 47 0
20 5 27 47 0
5 20 47 27 0
20 5 47 27 0
5 20 28 46 0
20 5 28 46 0
5 20 46 28 0
20 5 46 28 0
5 20 29 45 0
20 5 29 45 0
5 20 45 29 0
20 5 45 29 0
5 20 30 44 0
20 5 30 44 0
5 20 44 30 0
20 5 44 30 0
5 20 31 43 0
20 5 31 43 0
5 20 43 31 0
20 5 43 31 0
5 20 32 42 0
20 5 32 42 0
5 20 42 32 0
20 5 42 32 0
5 20 33 41 0
20 5 33 41 0
5 20 41 33 0
20 5 41 33 0
5 20 34 40 0
20 5 34 40 0
5 20 40 34 0
20 5 40 34 0
5 20 35 39 0
20 5 35 39 0
5 20 39 35 0
20 5 39 35 0
6 19 27 47 0
19 6 27 47 0
6 19 47 27 0
19 6 47 27 0
6 19 28 46 0
19 6 28 46 0
6 19 46 28 0
19 6 46 28 0
6 19 29 45 0
19 6 29 45 0
6 19 45 29 0
19 6 45 29 0
6 19 30 44 0
19 6 30 44 0
6 19 44 30 0
19 6 44 30 0
6 19 31 43 0
19 6 31 43 0
6 19 43 31 0
19 6 43 31 0
6 19 32 42 0
19 6 32 42 0
6 19 42 32 0
19 6 42 32 0
6 19 33 41 1
19 6 33 41 1
6 19 41 33 1
19 6 41 33 1
6 19 34 40 2
19 6 34 40 2
6 19 40 34 2
19 6 40 34 2
6 19 35 39 3
19 6 35 39 3
6 19 39 35 3
19 6 39 35 3
7 18 27 47 0
18 7 27 47 0
7 18 47 27 0
18 7 47 27 0
7 18 28 46 1
18 7 28 46 1
7 18 46 28 1
18 7 46 28 1
7 18 29 45 3
18 7 29 45 3
7 18 45 29 3
18 7 45 29 3
7 18 30 44 7
18 7 30 44 7
7 18 44 30 7
18 7 44 30 7
7 18 31 43 13
18 7 31 43 13
7 18 43 31 13
18 7 43 31 13
7 18 32 42 21
18 7 32 42 21
7 18 42 32 21
18 7 42 32 21
7 18 33 41 32
18 7 33 41 32
7 18 41 33 32
18 7 41 33 32
7 18 34 40 44
18 7 34 40 44
7 18 40 34 44
18 7 40 34 44
7 18 35 39 55
18 7 35 39 55
7 18 39 35 55
18 7 39 35 55
4 21 36 38 0
21 4 36 38 0
4 21 38 36 0
21 4 38 36 0
5 20 36 38 0
20 5 36 38 0
5 20 38 36 0
20 5 38 36 0
6 19 36 38 3
19 6 36 38 3
6 19 38 36 3
19 6 38 36 3
7 18 36 38 61
18 7 36 38 61
7 18 38 36 61
18 7 38 36 61
4 21 37 37 0
21 4 37 37 0
5 20 37 37 0
20 5 37 37 0
6 19 37 37 3
19 6 37 37 3
7 18 37 37 63
18 7 37 37 63
5 20 24 50 0
20 5 24 50 0
5 20 50 24 0
20 5 50 24 0
5 20 25 49 0
20 5 25 49 0
5 20 49 25 0
20 5 49 25 0
5 20 26 48 0
20 5 26 48 0
5 20 48 26 0
20 5 48 26 0
6 19 24 50 0
19 6 24 50 0
6 19 50 24 0
19 6 50 24 0
6 19 25 49 0
19 6 25 49 0
6 19 49 25 0
19 6 49 25 0
6 19 26 48 0
19 6 26 48 0
6 19 48 26 0
19 6 48 26 0
7 18 24 50 0
18 7 24 50 0
7 18 50 24 0
18 7 50 24 0
7 18 25 49 0
18 7 25 49 0
7 18 49 25 0
18 7 49 25 0
7 18 26 48 0
18 7 26 48 0
7 18 48 26 0
18 7 48 26 0
8 17 24 50 0
17 8 24 50 0
8 17 50 24 0
17 8 50 24 0
8 17 25 49 1
17 8 25 49 1
8 17 49 25 1
17 8 49 25 1
8 17 26 48 3
17 8 26 48 3
8 17 48 26 3
17 8 48 26 3
8 17 27 47 8
17 8 27 47 8
8 17 47 27 8
17 8 47 27 8
8 17 28 46 19
17 8 28 46 19
8 17 46 28 19
17 8 46 28 19
8 17 29 45 40
17 8 29 45 40
8 17 45 29 40
17 8 45 29 40
8 17 30 44 72
17 8 30 44 72
8 17 44 30 72
17 8 44 30 72
8 17 31 43 118
17 8 31 43 118
8 17 43 31 118
17 8 43 31 118
8 17 32 42 174
17 8 32 42 174
8 17 42 32 174
17 8 42 32 174
8 17 33 41 240
17 8 33 41 240
8 17 41 33 240
17 8 41 33 240
8 17 34 40 305
17 8 34 40 305
8 17 40 34 305
17 8 40 34 305
8 17 35 39 363
17 8 35 39 363
8 17 39 35 363
17 8 39 35 363
8 17 36 38 399
17 8 36 38 399
8 17 38 36 399
17 8 38 36 399
8 17 37 37 413
17 8 37 37 413
6 19 23 51 0
19 6 23 51 0
6 19 51 23 0
19 6 51 23 0
7 18 23 51 0
18 7 23 51 0
7 18 51 23 0
18 7 51 23 0
8 17 23 51 0
17 8 23 51 0
8 17 51 23 0
17 8 51 23 0
9 16 23 51 0
16 9 23 51 0
9 16 51 23 0
16 9 51 23 0
9 16 24 50 2
16 9 24 50 2
9 16 50 24 2
16 9 50 24 2
9 16 25 49 8
16 9 25 49 8
9 16 49 25 8
16 9 49 25 8
9 16 26 48 23
16 9 26 48 23
9 16 48 26 23
16 9 48 26 23
9 16 27 47 54
16 9 27 47 54
9 16 47 27 54
16 9 47 27 54
9 16 28 46 110
16 9 28 46 110
9 16 46 28 110
16 9 46 28 110
9 16 29 45 201
16 9 29 45 201
9 16 45 29 201
16 9 45 29 201
9 16 30 44 333
16 9 30 44 333
9 16 44 30 333
16 9 44 30 333
9 16 31 43 508
16 9 31 43 508
9 16 43 31 508
16 9 43 31 508
9 16 32 42 716
16 9 32 42 716
9 16 42 32 716
16 9 42 32 716
9 16 33 41 945
16 9 33 41 945
9 16 41 33 945
16 9 41 33 945
9 16 34 40 1166
16 9 34 40 1166
9 16 40 34 1166
16 9 40 34 1166
9 16 35 39 1355
16 9 35 39 1355
9 16 39 35 1355
16 9 39 35 1355
9 16 36 38 1478
16 9 36 38 1478
9 16 38 36 1478
16 9 38 36 1478
9 16 37 37 1523
16 9 37 37 1523
10 15 24 50 14
15 10 24 50 14
10 15 50 24 14
15 10 50 24 14
10 15 25 49 39
15 10 25 49 39
10 15 49 25 39
15 10 49 25 39
10 15 26 48 92
15 10 26 48 92
10 15 48 26 92
15 10 48 26 92
10 15 27 47 191
15 10 27 47 191
10 15 47 27 191
15 10 47 27 191
10 15 28 46 355
15 10 28 46 355
10 15 46 28 355
15 10 46 28 355
10 15 29 45 605
15 10 29 45 605
10 15 45 29 605
15 10 45 29 605
10 15 30 44 950
15 10 30 44 950
10 15 44 30 950
15 10 44 30 950
10 15 31 43 1391
15 10 31 43 1391
10 15 43 31 1391
15 10 43 31 1391
10 15 32 42 1901
15 10 32 42 1901
10 15 42 32 1901
15 10 42 32 1901
10 15 33 41 2447
15 10 33 41 2447
10 15 41 33 2447
15 10 41 33 2447
10 15 34 40 2965
15 10 34 40 2965
10 15 40 34 2965
15 10 40 34 2965
10 15 35 39 3401
15 10 35 39 3401
10 15 39 35 3401
15 10 39 35 3401
10 15 36 38 3685
15 10 36 38 3685
10 15 38 36 3685
15 10 38 36 3685
10 15 37 37 3788
15 10 37 37 3788
11 14 27 47 406
14 11 27 47 406
11 14 47 27 406
14 11 47 27 406
11 14 28 46 725
14 11 28 46 725
11 14 46 28 725
14 11 46 28 725
11 14 29 45 1194
14 11 29 45 1194
11 14 45 29 1194
14 11 45 29 1194
11 14 30 44 1825
14 11 30 44 1825
11 14 44 30 1825
14 11 44 30 1825
11 14 31 43 2613
14 11 31 43 2613
11 14 43 31 2613
14 11 43 31 2613
11 14 32 42 3512
14 11 32 42 3512
11 14 42 32 3512
14 11 42 32 3512
11 14 33 41 4459
14 11 33 41 4459
11 14 41 33 4459
14 11 41 33 4459
11 14 34 40 5351
14 11 34 40 5351
11 14 40 34 5351
14 11 40 34 5351
11 14 35 39 6093
14 11 35 39 6093
11 14 39 35 6093
14 11 39 35 6093
11 14 36 38 6577
14 11 36 38 6577
11 14 38 36 6577
14 11 38 36 6577
11 14 37 37 6750
14 11 37 37 6750
6 19 21 53 0
19 6 21 53 0
6 19 53 21 0
19 6 53 21 0
6 19 22 52 0
19 6 22 52 0
6 19 52 22 0
19 6 52 22 0
7 18 21 53 0
18 7 21 53 0
7 18 53 21 0
18 7 53 21 0
7 18 22 52 0
18 7 22 52 0
7 18 52 22 0
18 7 52 22 0
8 17 21 53 0
17 8 21 53 0
8 17 53 21 0
17 8 53 21 0
8 17 22 52 0
17 8 22 52 0
8 17 52 22 0
17 8 52 22 0
9 16 21 53 0
16 9 21 53 0
9 16 53 21 0
16 9 53 21 0
9 16 22 52 0
16 9 22 52 0
9 16 52 22 0
16 9 52 22 0
7 18 19 55 0
18 7 19 55 0
7 18 55 19 0
18 7 55 19 0
7 18 20 54 0
18 7 20 54 0
7 18 54 20 0
18 7 54 20 0
8 17 19 55 0
17 8 19 55 0
8 17 55 19 0
17 8 55 19 0
8 17 20 54 0
17 8 20 54 0
8 17 54 20 0
17 8 54 20 0
9 16 19 55 0
16 9 19 55 0
9 16 55 19 0
16 9 55 19 0
9 16 20 54 0
16 9 20 54 0
9 16 54 20 0
16 9 54 20 0
10 15 19 55 0
15 10 19 55 0
10 15 55 19 0
15 10 55 19 0
10 15 20 54 0
15 10 20 54 0
10 15 54 20 0
15 10 54 20 0
10 15 21 53 0
15 10 21 53 0
10 15 53 21 0
15 10 53 21 0
10 15 22 52 1
15 10 22 52 1
10 15 52 22 1
15 10 52 22 1
10 15 23 51 4
15 10 23 51 4
10 15 51 23 4
15 10 51 23 4
11 14 19 55 0
14 11 19 55 0
11 14 55 19 0
14 11 55 19 0
11 14 20 54 0
14 11 20 54 0
11 14 54 20 0
14 11 54 20 0
11 14 21 53 0
14 11 21 53 0
11 14 53 21 0
14 11 53 21 0
11 14 22 52 3
14 11 22 52 3
11 14 52 22 3
14 11 52 22 3
11 14 23 51 12
14 11 23 51 12
11 14 51 23 12
14 11 51 23 12
11 14 24 50 37
14 11 24 50 37
11 14 50 24 37
14 11 50 24 37
11 14 25 49 94
14 11 25 49 94
11 14 49 25 94
14 11 49 25 94
11 14 26 48 207
14 11 26 48 207
11 14 48 26 207
14 11 48 26 207
12 13 21 53 1
13 12 21 53 1
12 13 53 21 1
13 12 53 21 1
12 13 22 52 6
13 12 22 52 6
12 13 52 22 6
13 12 52 22 6
12 13 23 51 21
13 12 23 51 21
12 13 51 23 21
13 12 51 23 21
12 13 24 50 60
13 12 24 50 60
12 13 50 24 60
13 12 50 24 60
12 13 25 49 145
13 12 25 49 145
12 13 49 25 145
13 12 49 25 145
12 13 26 48 307
13 12 26 48 307
12 13 48 26 307
13 12 48 26 307
12 13 27 47 587
13 12 27 47 587
12 13 47 27 587
13 12 47 27 587
12 13 28 46 1026
13 12 28 46 1026
12 13 46 28 1026
13 12 46 28 1026
12 13 29 45 1663
13 12 29 45 1663
12 13 45 29 1663
13 12 45 29 1663
12 13 30 44 2509
13 12 30 44 2509
12 13 44 30 2509
13 12 44 30 2509
12 13 31 43 3555
13 12 31 43 3555
12 13 43 31 3555
13 12 43 31 3555
12 13 32 42 4739
13 12 32 42 4739
12 13 42 32 4739
13 12 42 32 4739
12 13 33 41 5980
13 12 33 41 5980
12 13 41 33 5980
13 12 41 33 5980
12 13 34 40 7142
13 12 34 40 7142
12 13 40 34 7142
13 12 40 34 7142
12 13 35 39 8105
13 12 35 39 8105
12 13 39 35 8105
13 12 39 35 8105
12 13 36 38 8732
13 12 36 38 8732
12 13 38 36 8732
13 12 38 36 8732
12 13 37 37 8956
13 12 37 37 8956
8 17 17 57 0
17 8 17 57 0
8 17 57 17 0
17 8 57 17 0
8 17 18 56 0
17 8 18 56 0
8 17 56 18 0
17 8 56 18 0
9 16 17 57 0
16 9 17 57 0
9 16 57 17 0
16 9 57 17 0
9 16 18 56 0
16 9 18 56 0
9 16 56 18 0
16 9 56 18 0
10 15 17 57 0
15 10 17 57 0
10 15 57 17 0
15 10 57 17 0
10 15 18 56 0
15 10 18 56 0
10 15 56 18 0
15 10 56 18 0
11 14 17 57 0
14 11 17 57 0
11 14 57 17 0
14 11 57 17 0
11 14 18 56 0
14 11 18 56 0
11 14 56 18 0
14 11 56 18 0
9 16 16 58 0
16 9 16 58 0
9 16 58 16 0
16 9 58 16 0
10 15 16 58 0
15 10 16 58 0
10 15 58 16 0
15 10 58 16 0
11 14 16 58 0
14 11 16 58 0
11 14 58 16 0
14 11 58 16 0
12 13 16 58 0
13 12 16 58 0
12 13 58 16 0
13 12 58 16 0
12 13 17 57 0
13 12 17 57 0
12 13 57 17 0
13 12 57 17 0
12 13 18 56 0
13 12 18 56 0
12 13 56 18 0
13 12 56 18 0
12 13 19 55 0
13 12 19 55 0
12 13 55 19 0
13 12 55 19 0
12 13 20 54 0
13 12 20 54 0
12 13 54 20 0
13 12 54 20 0
10 15 15 59 0
15 10 15 59 0
10 15 59 15 0
15 10 59 15 0
11 14 15 59 0
14 11 15 59 0
11 14 59 15 0
14 11 59 15 0
12 13 15 59 0
13 12 15 59 0
12 13 59 15 0
13 12 59 15 0
