0 7 3 17 0
7 0 3 17 0
0 7 17 3 0
7 0 17 3 0
0 7 4 16 0
7 0 4 16 0
0 7 16 4 0
7 0 16 4 0
0 7 5 15 0
7 0 5 15 0
0 7 15 5 0
7 0 15 5 0
1 6 3 17 1
6 1 3 17 1
1 6 17 3 1
6 1 17 3 1
1 6 4 16 2
6 1 4 16 2
1 6 16 4 2
6 1 16 4 2
1 6 5 15 4
6 1 5 15 4
1 6 15 5 4
6 1 15 5 4
0 7 6 14 0
7 0 6 14 0
0 7 14 6 0
7 0 14 6 0
1 6 6 14 6
6 1 6 14 6
1 6 14 6 6
6 1 14 6 6
0 7 7 13 0
7 0 7 13 0
0 7 13 7 0
7 0 13 7 0
1 6 7 13 9
6 1 7 13 9
1 6 13 7 9
6 1 13 7 9
0 7 8 12 0
7 0 8 12 0
0 7 12 8 0
7 0 12 8 0
1 6 8 12 11
6 1 8 12 11
1 6 12 8 11
6 1 12 8 11
0 7 9 11 0
7 0 9 11 0
0 7 11 9 0
7 0 11 9 0
1 6 9 11 13
6 1 9 11 13
1 6 11 9 13
6 1 11 9 13
1 6 1 19 0
6 1 1 19 0
1 6 19 1 0
6 1 19 1 0
1 6 2 18 0
6 1 2 18 0
1 6 18 2 0
6 1 18 2 0
2 5 1 19 0
5 2 1 19 0
2 5 19 1 0
5 2 19 1 0
2 5 2 18 1
5 2 2 18 1
2 5 18 2 1
5 2 18 2 1
2 5 3 17 4
5 2 3 17 4
2 5 17 3 4
5 2 17 3 4
2 5 4 16 8
5 2 4 16 8
2 5 16 4 8
5 2 16 4 8
2 5 5 15 14
5 2 5 15 14
2 5 15 5 14
5 2 15 5 14
2 5 6 14 21
5 2 6 14 21
2 5 14 6 21
5 2 14 6 21
2 5 7 13 30
5 2 7 13 30
2 5 13 7 30
5 2 13 7 30
2 5 8 12 37
5 2 8 12 37
2 5 12 8 37
5 2 12 8 37
2 5 9 11 42
5 2 9 11 42
2 5 11 9 42
5 2 11 9 42
3 4 1 19 0
4 3 1 19 0
3 4 19 1 0
4 3 19 1 0
3 4 2 18 2
4 3 2 18 2
3 4 18 2 2
4 3 18 2 2
3 4 3 17 7
4 3 3 17 7
3 4 17 3 7
4 3 17 3 7
3 4 4 16 14
4 3 4 16 14
3 4 16 4 14
4 3 16 4 14
3 4 5 15 24
4 3 5 15 24
3 4 15 5 24
4 3 15 5 24
3 4 6 14 36
4 3 6 14 36
3 4 14 6 36
4 3 14 6 36
3 4 7 13 51
4 3 7 13 51
3 4 13 7 51
4 3 13 7 51
3 4 8 12 63
4 3 8 12 63
3 4 12 8 63
4 3 12 8 63
3 4 9 11 71
4 3 9 11 71
3 4 11 9 71
4 3 11 9 71
0 7 10 10 0
7 0 10 10 0
1 6 10 10 13
6 1 10 10 13
2 5 10 10 43
5 2 10 10 43
3 4 10 10 73
4 3 10 10 73
3 4 0 20 0
4 3 0 20 0
3 4 20 0 0
4 3 20 0 0
