1 18 21 35 0
18 1 21 35 0
1 18 35 21 0
18 1 35 21 0
1 18 22 34 0
18 1 22 34 0
1 18 34 22 0
18 1 34 22 0
1 18 23 33 0
18 1 23 33 0
1 18 33 23 0
18 1 33 23 0
1 18 24 32 0
18 1 24 32 0
1 18 32 24 0
18 1 32 24 0
1 18 25 31 0
18 1 25 31 0
1 18 31 25 0
18 1 31 25 0
1 18 26 30 0
18 1 26 30 0
1 18 30 26 0
18 1 30 26 0
1 18 27 29 0
18 1 27 29 0
1 18 29 27 0
18 1 29 27 0
1 18 28 28 0
18 1 28 28 0
2 17 21 35 0
17 2 21 35 0
2 17 35 21 0
17 2 35 21 0
2 17 22 34 0
17 2 22 34 0
2 17 34 22 0
17 2 34 22 0
2 17 23 33 0
17 2 23 33 0
2 17 33 23 0
17 2 33 23 0
2 17 24 32 0
17 2 24 32 0
2 17 32 24 0
17 2 32 24 0
2 17 25 31 0
17 2 25 31 0
2 17 31 25 0
17 2 31 25 0
2 17 26 30 0
17 2 26 30 0
2 17 30 26 0
17 2 30 26 0
2 17 27 29 0
17 2 27 29 0
2 17 29 27 0
17 2 29 27 0
2 17 28 28 0
17 2 28 28 0
3 16 21 35 1
16 3 21 35 1
3 16 35 21 1
16 3 35 21 1
3 16 22 34 2
16 3 22 34 2
3 16 34 22 2
16 3 34 22 2
3 16 23 33 4
16 3 23 33 4
3 16 33 23 4
16 3 33 23 4
3 16 24 32 6
16 3 24 32 6
3 16 32 24 6
16 3 32 24 6
3 16 25 31 9
16 3 25 31 9
3 16 31 25 9
16 3 31 25 9
3 16 26 30 11
16 3 26 30 11
3 16 30 26 11
16 3 30 26 11
3 16 27 29 13
16 3 27 29 13
3 16 29 27 13
16 3 29 27 13
3 16 28 28 13
16 3 28 28 13
4 15 21 35 14
15 4 21 35 14
4 15 35 21 14
15 4 35 21 14
4 15 22 34 26
15 4 22 34 26
4 15 34 22 26
15 4 34 22 26
4 15 23 33 43
15 4 23 33 43
4 15 33 23 43
15 4 33 23 43
4 15 24 32 63
15 4 24 32 63
4 15 32 24 63
15 4 32 24 63
4 15 25 31 84
15 4 25 31 84
4 15 31 25 84
15 4 31 25 84
4 15 26 30 102
15 4 26 30 102
4 15 30 26 102
15 4 30 26 102
4 15 27 29 115
15 4 27 29 115
4 15 29 27 115
15 4 29 27 115
4 15 28 28 119
15 4 28 28 119
5 14 21 35 104
14 5 21 35 104
5 14 35 21 104
14 5 35 21 104
5 14 22 34 168
14 5 22 34 168
5 14 34 22 168
14 5 34 22 168
5 14 23 33 251
14 5 23 33 251
5 14 33 23 251
14 5 33 23 251
5 14 24 32 342
14 5 24 32 342
5 14 32 24 342
14 5 32 24 342
5 14 25 31 435
14 5 25 31 435
5 14 31 25 435
14 5 31 25 435
5 14 26 30 512
14 5 26 30 512
5 14 30 26 512
14 5 30 26 512
5 14 27 29 567
14 5 27 29 567
5 14 29 27 567
14 5 29 27 567
5 14 28 28 584
14 5 28 28 584
2 17 16 40 0
17 2 16 40 0
2 17 40 16 0
17 2 40 16 0
2 17 17 39 0
17 2 17 39 0
2 17 39 17 0
17 2 39 17 0
2 17 18 38 0
17 2 18 38 0
2 17 38 18 0
17 2 38 18 0
2 17 19 37 0
17 2 19 37 0
2 17 37 19 0
17 2 37 19 0
2 17 20 36 0
17 2 20 36 0
2 17 36 20 0
17 2 36 20 0
3 16 16 40 0
16 3 16 40 0
3 16 40 16 0
16 3 40 16 0
3 16 17 39 0
16 3 17 39 0
3 16 39 17 0
16 3 39 17 0
3 16 18 38 0
16 3 18 38 0
3 16 38 18 0
16 3 38 18 0
3 16 19 37 0
16 3 19 37 0
3 16 37 19 0
16 3 37 19 0
3 16 20 36 0
16 3 20 36 0
3 16 36 20 0
16 3 36 20 0
4 15 16 40 0
15 4 16 40 0
4 15 40 16 0
15 4 40 16 0
4 15 17 39 0
15 4 17 39 0
4 15 39 17 0
15 4 39 17 0
4 15 18 38 0
15 4 18 38 0
4 15 38 18 0
15 4 38 18 0
4 15 19 37 2
15 4 19 37 2
4 15 37 19 2
15 4 37 19 2
4 15 20 36 6
15 4 20 36 6
4 15 36 20 6
15 4 36 20 6
5 14 16 40 1
14 5 16 40 1
5 14 40 16 1
14 5 40 16 1
5 14 17 39 4
14 5 17 39 4
5 14 39 17 4
14 5 39 17 4
5 14 18 38 11
14 5 18 38 11
5 14 38 18 11
14 5 38 18 11
5 14 19 37 28
14 5 19 37 28
5 14 37 19 28
14 5 37 19 28
5 14 20 36 57
14 5 20 36 57
5 14 36 20 57
14 5 36 20 57
3 16 15 41 0
16 3 15 41 0
3 16 41 15 0
16 3 41 15 0
4 15 15 41 0
15 4 15 41 0
4 15 41 15 0
15 4 41 15 0
5 14 15 41 0
14 5 15 41 0
5 14 41 15 0
14 5 41 15 0
6 13 15 41 2
13 6 15 41 2
6 13 41 15 2
13 6 41 15 2
6 13 16 40 9
13 6 16 40 9
6 13 40 16 9
13 6 40 16 9
6 13 17 39 27
13 6 17 39 27
6 13 39 17 27
13 6 39 17 27
6 13 18 38 64
13 6 18 38 64
6 13 38 18 64
13 6 38 18 64
6 13 19 37 133
13 6 19 37 133
6 13 37 19 133
13 6 37 19 133
6 13 20 36 243
13 6 20 36 243
6 13 36 20 243
13 6 36 20 243
6 13 21 35 405
13 6 21 35 405
6 13 35 21 405
13 6 35 21 405
6 13 22 34 616
13 6 22 34 616
6 13 34 22 616
13 6 34 22 616
6 13 23 33 872
13 6 23 33 872
6 13 33 23 872
13 6 33 23 872
6 13 24 32 1148
13 6 24 32 1148
6 13 32 24 1148
13 6 32 24 1148
6 13 25 31 1418
13 6 25 31 1418
6 13 31 25 1418
13 6 31 25 1418
6 13 26 30 1643
13 6 26 30 1643
6 13 30 26 1643
13 6 30 26 1643
6 13 27 29 1796
13 6 27 29 1796
6 13 29 27 1796
13 6 29 27 1796
6 13 28 28 1848
13 6 28 28 1848
7 12 16 40 42
12 7 16 40 42
7 12 40 16 42
12 7 40 16 42
7 12 17 39 101
12 7 17 39 101
7 12 39 17 101
12 7 39 17 101
7 12 18 38 209
12 7 18 38 209
7 12 38 18 209
12 7 38 18 209
7 12 19 37 393
12 7 19 37 393
7 12 37 19 393
12 7 37 19 393
7 12 20 36 669
12 7 20 36 669
7 12 36 20 669
12 7 36 20 669
7 12 21 35 1056
12 7 21 35 1056
7 12 35 21 1056
12 7 35 21 1056
7 12 22 34 1543
12 7 22 34 1543
7 12 34 22 1543
12 7 34 22 1543
7 12 23 33 2116
12 7 23 33 2116
7 12 33 23 2116
12 7 33 23 2116
7 12 24 32 2719
12 7 24 32 2719
7 12 32 24 2719
12 7 32 24 2719
7 12 25 31 3301
12 7 25 31 3301
7 12 31 25 3301
12 7 31 25 3301
7 12 26 30 3779
12 7 26 30 3779
7 12 30 26 3779
12 7 30 26 3779
7 12 27 29 4102
12 7 27 29 4102
7 12 29 27 4102
12 7 29 27 4102
7 12 28 28 4210
12 7 28 28 4210
3 16 13 43 0
16 3 13 43 0
3 16 43 13 0
16 3 43 13 0
3 16 14 42 0
16 3 14 42 0
3 16 42 14 0
16 3 42 14 0
4 15 13 43 0
15 4 13 43 0
4 15 43 13 0
15 4 43 13 0
4 15 14 42 0
15 4 14 42 0
4 15 42 14 0
15 4 42 14 0
5 14 13 43 0
14 5 13 43 0
5 14 43 13 0
14 5 43 13 0
5 14 14 42 0
14 5 14 42 0
5 14 42 14 0
14 5 42 14 0
6 13 13 43 0
13 6 13 43 0
6 13 43 13 0
13 6 43 13 0
6 13 14 42 0
13 6 14 42 0
6 13 42 14 0
13 6 42 14 0
4 15 11 45 0
15 4 11 45 0
4 15 45 11 0
15 4 45 11 0
4 15 12 44 0
15 4 12 44 0
4 15 44 12 0
15 4 44 12 0
5 14 11 45 0
14 5 11 45 0
5 14 45 11 0
14 5 45 11 0
5 14 12 44 0
14 5 12 44 0
5 14 44 12 0
14 5 44 12 0
6 13 11 45 0
13 6 11 45 0
6 13 45 11 0
13 6 45 11 0
6 13 12 44 0
13 6 12 44 0
6 13 44 12 0
13 6 44 12 0
7 12 11 45 0
12 7 11 45 0
7 12 45 11 0
12 7 45 11 0
7 12 12 44 0
12 7 12 44 0
7 12 44 12 0
12 7 44 12 0
7 12 13 43 1
12 7 13 43 1
7 12 43 13 1
12 7 43 13 1
7 12 14 42 4
12 7 14 42 4
7 12 42 14 4
12 7 42 14 4
7 12 15 41 15
12 7 15 41 15
7 12 41 15 15
12 7 41 15 15
8 11 11 45 0
11 8 11 45 0
8 11 45 11 0
11 8 45 11 0
8 11 12 44 0
11 8 12 44 0
8 11 44 12 0
11 8 44 12 0
8 11 13 43 3
11 8 13 43 3
8 11 43 13 3
11 8 43 13 3
8 11 14 42 12
11 8 14 42 12
8 11 42 14 12
11 8 42 14 12
8 11 15 41 38
11 8 15 41 38
8 11 41 15 38
11 8 41 15 38
8 11 16 40 97
11 8 16 40 97
8 11 40 16 97
11 8 40 16 97
8 11 17 39 216
11 8 17 39 216
8 11 39 17 216
11 8 39 17 216
8 11 18 38 424
11 8 18 38 424
8 11 38 18 424
11 8 38 18 424
8 11 19 37 762
11 8 19 37 762
8 11 37 19 762
11 8 37 19 762
8 11 20 36 1255
11 8 20 36 1255
8 11 36 20 1255
11 8 36 20 1255
8 11 21 35 1925
11 8 21 35 1925
8 11 35 21 1925
11 8 35 21 1925
8 11 22 34 2755
11 8 22 34 2755
8 11 34 22 2755
11 8 34 22 2755
8 11 23 33 3712
11 8 23 33 3712
8 11 33 23 3712
11 8 33 23 3712
8 11 24 32 4710
11 8 24 32 4710
8 11 32 24 4710
11 8 32 24 4710
8 11 25 31 5660
11 8 25 31 5660
8 11 31 25 5660
11 8 31 25 5660
8 11 26 30 6439
11 8 26 30 6439
8 11 30 26 6439
11 8 30 26 6439
8 11 27 29 6959
11 8 27 29 6959
8 11 29 27 6959
11 8 29 27 6959
8 11 28 28 7136
11 8 28 28 7136
9 10 13 43 6
10 9 13 43 6
9 10 43 13 6
10 9 43 13 6
9 10 14 42 21
10 9 14 42 21
9 10 42 14 21
10 9 42 14 21
9 10 15 41 61
10 9 15 41 61
9 10 41 15 61
10 9 41 15 61
9 10 16 40 147
10 9 16 40 147
9 10 40 16 147
10 9 40 16 147
9 10 17 39 314
10 9 17 39 314
9 10 39 17 314
10 9 39 17 314
9 10 18 38 600
10 9 18 38 600
9 10 38 18 600
10 9 38 18 600
9 10 19 37 1055
10 9 19 37 1055
9 10 37 19 1055
10 9 37 19 1055
9 10 20 36 1709
10 9 20 36 1709
9 10 36 20 1709
10 9 36 20 1709
9 10 21 35 2587
10 9 21 35 2587
9 10 35 21 2587
10 9 35 21 2587
9 10 22 34 3664
10 9 22 34 3664
9 10 34 22 3664
10 9 34 22 3664
9 10 23 33 4896
10 9 23 33 4896
9 10 33 23 4896
10 9 33 23 4896
9 10 24 32 6174
10 9 24 32 6174
9 10 32 24 6174
10 9 32 24 6174
9 10 25 31 7384
10 9 25 31 7384
9 10 31 25 7384
10 9 31 25 7384
9 10 26 30 8373
10 9 26 30 8373
9 10 30 26 8373
10 9 30 26 8373
9 10 27 29 9032
10 9 27 29 9032
9 10 29 27 9032
10 9 29 27 9032
9 10 28 28 9256
10 9 28 28 9256
5 14 9 47 0
14 5 9 47 0
5 14 47 9 0
14 5 47 9 0
5 14 10 46 0
14 5 10 46 0
5 14 46 10 0
14 5 46 10 0
6 13 9 47 0
13 6 9 47 0
6 13 47 9 0
13 6 47 9 0
6 13 10 46 0
13 6 10 46 0
6 13 46 10 0
13 6 46 10 0
7 12 9 47 0
12 7 9 47 0
7 12 47 9 0
12 7 47 9 0
7 12 10 46 0
12 7 10 46 0
7 12 46 10 0
12 7 46 10 0
8 11 9 47 0
11 8 9 47 0
8 11 47 9 0
11 8 47 9 0
8 11 10 46 0
11 8 10 46 0
8 11 46 10 0
11 8 46 10 0
6 13 8 48 0
13 6 8 48 0
6 13 48 8 0
13 6 48 8 0
7 12 8 48 0
12 7 8 48 0
7 12 48 8 0
12 7 48 8 0
8 11 8 48 0
11 8 8 48 0
8 11 48 8 0
11 8 48 8 0
9 10 8 48 0
10 9 8 48 0
9 10 48 8 0
10 9 48 8 0
9 10 9 47 0
10 9 9 47 0
9 10 47 9 0
10 9 47 9 0
9 10 10 46 0
10 9 10 46 0
9 10 46 10 0
10 9 46 10 0
9 10 11 45 0
10 9 11 45 0
9 10 45 11 0
10 9 45 11 0
9 10 12 44 1
10 9 12 44 1
9 10 44 12 1
10 9 44 12 1
7 12 7 49 0
12 7 7 49 0
7 12 49 7 0
12 7 49 7 0
8 11 7 49 0
11 8 7 49 0
8 11 49 7 0
11 8 49 7 0
9 10 7 49 0
10 9 7 49 0
9 10 49 7 0
10 9 49 7 0
