5 22 31 49 0
22 5 31 49 0
5 22 49 31 0
22 5 49 31 0
5 22 32 48 0
22 5 32 48 0
5 22 48 32 0
22 5 48 32 0
5 22 33 47 0
22 5 33 47 0
5 22 47 33 0
22 5 47 33 0
5 22 34 46 0
22 5 34 46 0
5 22 46 34 0
22 5 46 34 0
5 22 35 45 0
22 5 35 45 0
5 22 45 35 0
22 5 45 35 0
5 22 36 44 0
22 5 36 44 0
5 22 44 36 0
22 5 44 36 0
5 22 37 43 0
22 5 37 43 0
5 22 43 37 0
22 5 43 37 0
5 22 38 42 0
22 5 38 42 0
5 22 42 38 0
22 5 42 38 0
5 22 39 41 0
22 5 39 41 0
5 22 41 39 0
22 5 41 39 0
6 21 31 49 0
21 6 31 49 0
6 21 49 31 0
21 6 49 31 0
6 21 32 48 0
21 6 32 48 0
6 21 48 32 0
21 6 48 32 0
6 21 33 47 0
21 6 33 47 0
6 21 47 33 0
21 6 47 33 0
6 21 34 46 0
21 6 34 46 0
6 21 46 34 0
21 6 46 34 0
6 21 35 45 0
21 6 35 45 0
6 21 45 35 0
21 6 45 35 0
6 21 36 44 0
21 6 36 44 0
6 21 44 36 0
21 6 44 36 0
6 21 37 43 0
21 6 37 43 0
6 21 43 37 0
21 6 43 37 0
6 21 38 42 0
21 6 38 42 0
6 21 42 38 0
21 6 42 38 0
6 21 39 41 0
21 6 39 41 0
6 21 41 39 0
21 6 41 39 0
7 20 31 49 0
20 7 31 49 0
7 20 49 31 0
20 7 49 31 0
7 20 32 48 0
20 7 32 48 0
7 20 48 32 0
20 7 48 32 0
7 20 33 47 0
20 7 33 47 0
7 20 47 33 0
20 7 47 33 0
7 20 34 46 0
20 7 34 46 0
7 20 46 34 0
20 7 46 34 0
7 20 35 45 0
20 7 35 45 0
7 20 45 35 0
20 7 45 35 0
7 20 36 44 0
20 7 36 44 0
7 20 44 36 0
20 7 44 36 0
7 20 37 43 0
20 7 37 43 0
7 20 43 37 0
20 7 43 37 0
7 20 38 42 0
20 7 38 42 0
7 20 42 38 0
20 7 42 38 0
7 20 39 41 1
20 7 39 41 1
7 20 41 39 1
20 7 41 39 1
8 19 31 49 0
19 8 31 49 0
8 19 49 31 0
19 8 49 31 0
8 19 32 48 0
19 8 32 48 0
8 19 48 32 0
19 8 48 32 0
8 19 33 47 1
19 8 33 47 1
8 19 47 33 1
19 8 47 33 1
8 19 34 46 3
19 8 34 46 3
8 19 46 34 3
19 8 46 34 3
8 19 35 45 6
19 8 35 45 6
8 19 45 35 6
19 8 45 35 6
8 19 36 44 10
19 8 36 44 10
8 19 44 36 10
19 8 44 36 10
8 19 37 43 14
19 8 37 43 14
8 19 43 37 14
19 8 43 37 14
8 19 38 42 18
19 8 38 42 18
8 19 42 38 18
19 8 42 38 18
8 19 39 41 22
19 8 39 41 22
8 19 41 39 22
19 8 41 39 22
5 22 40 40 0
22 5 40 40 0
6 21 40 40 0
21 6 40 40 0
7 20 40 40 1
20 7 40 40 1
8 19 40 40 23
19 8 40 40 23
6 21 27 53 0
21 6 27 53 0
6 21 53 27 0
21 6 53 27 0
6 21 28 52 0
21 6 28 52 0
6 21 52 28 0
21 6 52 28 0
6 21 29 51 0
21 6 29 51 0
6 21 51 29 0
21 6 51 29 0
6 21 30 50 0
21 6 30 50 0
6 21 50 30 0
21 6 50 30 0
7 20 27 53 0
20 7 27 53 0
7 20 53 27 0
20 7 53 27 0
7 20 28 52 0
20 7 28 52 0
7 20 52 28 0
20 7 52 28 0
7 20 29 51 0
20 7 29 51 0
7 20 51 29 0
20 7 51 29 0
7 20 30 50 0
20 7 30 50 0
7 20 50 30 0
20 7 50 30 0
8 19 27 53 0
19 8 27 53 0
8 19 53 27 0
19 8 53 27 0
8 19 28 52 0
19 8 28 52 0
8 19 52 28 0
19 8 52 28 0
8 19 29 51 0
19 8 29 51 0
8 19 51 29 0
19 8 51 29 0
8 19 30 50 0
19 8 30 50 0
8 19 50 30 0
19 8 50 30 0
9 18 27 53 0
18 9 27 53 0
9 18 53 27 0
18 9 53 27 0
9 18 28 52 0
18 9 28 52 0
9 18 52 28 0
18 9 52 28 0
9 18 29 51 1
18 9 29 51 1
9 18 51 29 1
18 9 51 29 1
9 18 30 50 3
18 9 30 50 3
9 18 50 30 3
18 9 50 30 3
9 18 31 49 8
18 9 31 49 8
9 18 49 31 8
18 9 49 31 8
9 18 32 48 16
18 9 32 48 16
9 18 48 32 16
18 9 48 32 16
9 18 33 47 31
18 9 33 47 31
9 18 47 33 31
18 9 47 33 31
9 18 34 46 52
18 9 34 46 52
9 18 46 34 52
18 9 46 34 52
9 18 35 45 81
18 9 35 45 81
9 18 45 35 81
18 9 45 35 81
9 18 36 44 113
18 9 36 44 113
9 18 44 36 113
18 9 44 36 113
9 18 37 43 147
18 9 37 43 147
9 18 43 37 147
18 9 43 37 147
9 18 38 42 175
18 9 38 42 175
9 18 42 38 175
18 9 42 38 175
9 18 39 41 197
18 9 39 41 197
9 18 41 39 197
18 9 41 39 197
9 18 40 40 203
18 9 40 40 203
7 20 25 55 0
20 7 25 55 0
7 20 55 25 0
20 7 55 25 0
7 20 26 54 0
20 7 26 54 0
7 20 54 26 0
20 7 54 26 0
8 19 25 55 0
19 8 25 55 0
8 19 55 25 0
19 8 55 25 0
8 19 26 54 0
19 8 26 54 0
8 19 54 26 0
19 8 54 26 0
9 18 25 55 0
18 9 25 55 0
9 18 55 25 0
18 9 55 25 0
9 18 26 54 0
18 9 26 54 0
9 18 54 26 0
18 9 54 26 0
10 17 25 55 0
17 10 25 55 0
10 17 55 25 0
17 10 55 25 0
10 17 26 54 0
17 10 26 54 0
10 17 54 26 0
17 10 54 26 0
10 17 27 53 1
17 10 27 53 1
10 17 53 27 1
17 10 53 27 1
10 17 28 52 3
17 10 28 52 3
10 17 52 28 3
17 10 52 28 3
10 17 29 51 10
17 10 29 51 10
10 17 51 29 10
17 10 51 29 10
10 17 30 50 25
17 10 30 50 25
10 17 50 30 25
17 10 50 30 25
10 17 31 49 54
17 10 31 49 54
10 17 49 31 54
17 10 49 31 54
10 17 32 48 101
17 10 32 48 101
10 17 48 32 101
17 10 48 32 101
10 17 33 47 173
17 10 33 47 173
10 17 47 33 173
17 10 47 33 173
10 17 34 46 269
17 10 34 46 269
10 17 46 34 269
17 10 46 34 269
10 17 35 45 388
17 10 35 45 388
10 17 45 35 388
17 10 45 35 388
10 17 36 44 518
17 10 36 44 518
10 17 44 36 518
17 10 44 36 518
10 17 37 43 647
17 10 37 43 647
10 17 43 37 647
17 10 43 37 647
10 17 38 42 755
17 10 38 42 755
10 17 42 38 755
17 10 42 38 755
10 17 39 41 830
17 10 39 41 830
10 17 41 39 830
17 10 41 39 830
10 17 40 40 855
17 10 40 40 855
11 16 25 55 0
16 11 25 55 0
11 16 55 25 0
16 11 55 25 0
11 16 26 54 1
16 11 26 54 1
11 16 54 26 1
16 11 54 26 1
11 16 27 53 6
16 11 27 53 6
11 16 53 27 6
16 11 53 27 6
11 16 28 52 18
16 11 28 52 18
11 16 52 28 18
16 11 52 28 18
11 16 29 51 46
16 11 29 51 46
11 16 51 29 46
16 11 51 29 46
11 16 30 50 100
16 11 30 50 100
11 16 50 30 100
16 11 50 30 100
11 16 31 49 194
16 11 31 49 194
11 16 49 31 194
16 11 49 31 194
11 16 32 48 338
16 11 32 48 338
11 16 48 32 338
16 11 48 32 338
11 16 33 47 544
16 11 33 47 544
11 16 47 33 544
16 11 47 33 544
11 16 34 46 807
16 11 34 46 807
11 16 46 34 807
16 11 46 34 807
11 16 35 45 1121
16 11 35 45 1121
11 16 45 35 1121
16 11 45 35 1121
11 16 36 44 1455
16 11 36 44 1455
11 16 44 36 1455
16 11 44 36 1455
11 16 37 43 1780
16 11 37 43 1780
11 16 43 37 1780
16 11 43 37 1780
11 16 38 42 2048
16 11 38 42 2048
11 16 42 38 2048
16 11 42 38 2048
11 16 39 41 2231
16 11 39 41 2231
11 16 41 39 2231
16 11 41 39 2231
11 16 40 40 2292
16 11 40 40 2292
12 15 27 53 18
15 12 27 53 18
12 15 53 27 18
15 12 53 27 18
12 15 28 52 48
15 12 28 52 48
12 15 52 28 48
15 12 52 28 48
12 15 29 51 112
15 12 29 51 112
12 15 51 29 112
15 12 51 29 112
12 15 30 50 228
15 12 30 50 228
12 15 50 30 228
15 12 50 30 228
12 15 31 49 420
15 12 31 49 420
12 15 49 31 420
15 12 49 31 420
12 15 32 48 705
15 12 32 48 705
12 15 48 32 705
15 12 48 32 705
12 15 33 47 1099
15 12 33 47 1099
12 15 47 33 1099
15 12 47 33 1099
12 15 34 46 1593
15 12 34 46 1593
12 15 46 34 1593
15 12 46 34 1593
12 15 35 45 2168
15 12 35 45 2168
12 15 45 35 2168
15 12 45 35 2168
12 15 36 44 2773
15 12 36 44 2773
12 15 44 36 2773
15 12 44 36 2773
12 15 37 43 3352
15 12 37 43 3352
12 15 43 37 3352
15 12 43 37 3352
12 15 38 42 3829
15 12 38 42 3829
12 15 42 38 3829
15 12 42 38 3829
12 15 39 41 4149
15 12 39 41 4149
12 15 41 39 4149
15 12 41 39 4149
12 15 40 40 4258
15 12 40 40 4258
13 14 31 49 609
14 13 31 49 609
13 14 49 31 609
14 13 49 31 609
13 14 32 48 1004
14 13 32 48 1004
13 14 48 32 1004
14 13 48 32 1004
13 14 33 47 1544
14 13 33 47 1544
13 14 47 33 1544
14 13 47 33 1544
13 14 34 46 2213
14 13 34 46 2213
13 14 46 34 2213
14 13 46 34 2213
13 14 35 45 2985
14 13 35 45 2985
13 14 45 35 2985
14 13 45 35 2985
13 14 36 44 3791
14 13 36 44 3791
13 14 44 36 3791
14 13 44 36 3791
13 14 37 43 4559
14 13 37 43 4559
13 14 43 37 4559
14 13 43 37 4559
13 14 38 42 5189
14 13 38 42 5189
13 14 42 38 5189
14 13 42 38 5189
13 14 39 41 5611
14 13 39 41 5611
13 14 41 39 5611
14 13 41 39 5611
13 14 40 40 5754
14 13 40 40 5754
8 19 22 58 0
19 8 22 58 0
8 19 58 22 0
19 8 58 22 0
8 19 23 57 0
19 8 23 57 0
8 19 57 23 0
19 8 57 23 0
8 19 24 56 0
19 8 24 56 0
8 19 56 24 0
19 8 56 24 0
9 18 22 58 0
18 9 22 58 0
9 18 58 22 0
18 9 58 22 0
9 18 23 57 0
18 9 23 57 0
9 18 57 23 0
18 9 57 23 0
9 18 24 56 0
18 9 24 56 0
9 18 56 24 0
18 9 56 24 0
10 17 22 58 0
17 10 22 58 0
10 17 58 22 0
17 10 58 22 0
10 17 23 57 0
17 10 23 57 0
10 17 57 23 0
17 10 57 23 0
10 17 24 56 0
17 10 24 56 0
10 17 56 24 0
17 10 56 24 0
11 16 22 58 0
16 11 22 58 0
11 16 58 22 0
16 11 58 22 0
11 16 23 57 0
16 11 23 57 0
11 16 57 23 0
16 11 57 23 0
11 16 24 56 0
16 11 24 56 0
11 16 56 24 0
16 11 56 24 0
9 18 21 59 0
18 9 21 59 0
9 18 59 21 0
18 9 59 21 0
10 17 21 59 0
17 10 21 59 0
10 17 59 21 0
17 10 59 21 0
11 16 21 59 0
16 11 21 59 0
11 16 59 21 0
16 11 59 21 0
12 15 21 59 0
15 12 21 59 0
12 15 59 21 0
15 12 59 21 0
12 15 22 58 0
15 12 22 58 0
12 15 58 22 0
15 12 58 22 0
12 15 23 57 0
15 12 23 57 0
12 15 57 23 0
15 12 57 23 0
12 15 24 56 0
15 12 24 56 0
12 15 56 24 0
15 12 56 24 0
12 15 25 55 1
15 12 25 55 1
12 15 55 25 1
15 12 55 25 1
12 15 26 54 5
15 12 26 54 5
12 15 54 26 5
15 12 54 26 5
13 14 22 58 0
14 13 22 58 0
13 14 58 22 0
14 13 58 22 0
13 14 23 57 0
14 13 23 57 0
13 14 57 23 0
14 13 57 23 0
13 14 24 56 0
14 13 24 56 0
13 14 56 24 0
14 13 56 24 0
13 14 25 55 2
14 13 25 55 2
13 14 55 25 2
14 13 55 25 2
13 14 26 54 9
14 13 26 54 9
13 14 54 26 9
14 13 54 26 9
13 14 27 53 30
14 13 27 53 30
13 14 53 27 30
14 13 53 27 30
13 14 28 52 76
14 13 28 52 76
13 14 52 28 76
14 13 52 28 76
13 14 29 51 171
14 13 29 51 171
13 14 51 29 171
14 13 51 29 171
13 14 30 50 338
14 13 30 50 338
13 14 50 30 338
14 13 50 30 338
10 17 19 61 0
17 10 19 61 0
10 17 61 19 0
17 10 61 19 0
10 17 20 60 0
17 10 20 60 0
10 17 60 20 0
17 10 60 20 0
11 16 19 61 0
16 11 19 61 0
11 16 61 19 0
16 11 61 19 0
11 16 20 60 0
16 11 20 60 0
11 16 60 20 0
16 11 60 20 0
12 15 19 61 0
15 12 19 61 0
12 15 61 19 0
15 12 61 19 0
12 15 20 60 0
15 12 20 60 0
12 15 60 20 0
15 12 60 20 0
13 14 19 61 0
14 13 19 61 0
13 14 61 19 0
14 13 61 19 0
13 14 20 60 0
14 13 20 60 0
13 14 60 20 0
14 13 60 20 0
13 14 21 59 0
14 13 21 59 0
13 14 59 21 0
14 13 59 21 0
12 15 18 62 0
15 12 18 62 0
12 15 62 18 0
15 12 62 18 0
13 14 18 62 0
14 13 18 62 0
13 14 62 18 0
14 13 62 18 0
