6 23 36 50 0
23 6 36 50 0
6 23 50 36 0
23 6 50 36 0
6 23 37 49 0
23 6 37 49 0
6 23 49 37 0
23 6 49 37 0
6 23 38 48 0
23 6 38 48 0
6 23 48 38 0
23 6 48 38 0
6 23 39 47 0
23 6 39 47 0
6 23 47 39 0
23 6 47 39 0
6 23 40 46 0
23 6 40 46 0
6 23 46 40 0
23 6 46 40 0
6 23 41 45 0
23 6 41 45 0
6 23 45 41 0
23 6 45 41 0
6 23 42 44 0
23 6 42 44 0
6 23 44 42 0
23 6 44 42 0
6 23 43 43 0
23 6 43 43 0
7 22 36 50 0
22 7 36 50 0
7 22 50 36 0
22 7 50 36 0
7 22 37 49 0
22 7 37 49 0
7 22 49 37 0
22 7 49 37 0
7 22 38 48 0
22 7 38 48 0
7 22 48 38 0
22 7 48 38 0
7 22 39 47 0
22 7 39 47 0
7 22 47 39 0
22 7 47 39 0
7 22 40 46 0
22 7 40 46 0
7 22 46 40 0
22 7 46 40 0
7 22 41 45 0
22 7 41 45 0
7 22 45 41 0
22 7 45 41 0
7 22 42 44 0
22 7 42 44 0
7 22 44 42 0
22 7 44 42 0
7 22 43 43 0
22 7 43 43 0
8 21 36 50 0
21 8 36 50 0
8 21 50 36 0
21 8 50 36 0
8 21 37 49 0
21 8 37 49 0
8 21 49 37 0
21 8 49 37 0
8 21 38 48 0
21 8 38 48 0
8 21 48 38 0
21 8 48 38 0
8 21 39 47 0
21 8 39 47 0
8 21 47 39 0
21 8 47 39 0
8 21 40 46 0
21 8 40 46 0
8 21 46 40 0
21 8 46 40 0
8 21 41 45 0
21 8 41 45 0
8 21 45 41 0
21 8 45 41 0
8 21 42 44 0
21 8 42 44 0
8 21 44 42 0
21 8 44 42 0
8 21 43 43 0
21 8 43 43 0
9 20 36 50 0
20 9 36 50 0
9 20 50 36 0
20 9 50 36 0
9 20 37 49 0
20 9 37 49 0
9 20 49 37 0
20 9 49 37 0
9 20 38 48 0
20 9 38 48 0
9 20 48 38 0
20 9 48 38 0
9 20 39 47 1
20 9 39 47 1
9 20 47 39 1
20 9 47 39 1
9 20 40 46 2
20 9 40 46 2
9 20 46 40 2
20 9 46 40 2
9 20 41 45 3
20 9 41 45 3
9 20 45 41 3
20 9 45 41 3
9 20 42 44 4
20 9 42 44 4
9 20 44 42 4
20 9 44 42 4
9 20 43 43 4
20 9 43 43 4
7 22 31 55 0
22 7 31 55 0
7 22 55 31 0
22 7 55 31 0
7 22 32 54 0
22 7 32 54 0
7 22 54 32 0
22 7 54 32 0
7 22 33 53 0
22 7 33 53 0
7 22 53 33 0
22 7 53 33 0
7 22 34 52 0
22 7 34 52 0
7 22 52 34 0
22 7 52 34 0
7 22 35 51 0
22 7 35 51 0
7 22 51 35 0
22 7 51 35 0
8 21 31 55 0
21 8 31 55 0
8 21 55 31 0
21 8 55 31 0
8 21 32 54 0
21 8 32 54 0
8 21 54 32 0
21 8 54 32 0
8 21 33 53 0
21 8 33 53 0
8 21 53 33 0
21 8 53 33 0
8 21 34 52 0
21 8 34 52 0
8 21 52 34 0
21 8 52 34 0
8 21 35 51 0
21 8 35 51 0
8 21 51 35 0
21 8 51 35 0
9 20 31 55 0
20 9 31 55 0
9 20 55 31 0
20 9 55 31 0
9 20 32 54 0
20 9 32 54 0
9 20 54 32 0
20 9 54 32 0
9 20 33 53 0
20 9 33 53 0
9 20 53 33 0
20 9 53 33 0
9 20 34 52 0
20 9 34 52 0
9 20 52 34 0
20 9 52 34 0
9 20 35 51 0
20 9 35 51 0
9 20 51 35 0
20 9 51 35 0
10 19 31 55 0
19 10 31 55 0
10 19 55 31 0
19 10 55 31 0
10 19 32 54 0
19 10 32 54 0
10 19 54 32 0
19 10 54 32 0
10 19 33 53 0
19 10 33 53 0
10 19 53 33 0
19 10 53 33 0
10 19 34 52 1
19 10 34 52 1
10 19 52 34 1
19 10 52 34 1
10 19 35 51 3
19 10 35 51 3
10 19 51 35 3
19 10 51 35 3
10 19 36 50 7
19 10 36 50 7
10 19 50 36 7
19 10 50 36 7
10 19 37 49 13
19 10 37 49 13
10 19 49 37 13
19 10 49 37 13
10 19 38 48 22
19 10 38 48 22
10 19 48 38 22
19 10 48 38 22
10 19 39 47 33
19 10 39 47 33
10 19 47 39 33
19 10 47 39 33
10 19 40 46 45
19 10 40 46 45
10 19 46 40 45
19 10 46 40 45
10 19 41 45 55
19 10 41 45 55
10 19 45 41 55
19 10 45 41 55
10 19 42 44 63
19 10 42 44 63
10 19 44 42 63
19 10 44 42 63
10 19 43 43 65
19 10 43 43 65
8 21 28 58 0
21 8 28 58 0
8 21 58 28 0
21 8 58 28 0
8 21 29 57 0
21 8 29 57 0
8 21 57 29 0
21 8 57 29 0
8 21 30 56 0
21 8 30 56 0
8 21 56 30 0
21 8 56 30 0
9 20 28 58 0
20 9 28 58 0
9 20 58 28 0
20 9 58 28 0
9 20 29 57 0
20 9 29 57 0
9 20 57 29 0
20 9 57 29 0
9 20 30 56 0
20 9 30 56 0
9 20 56 30 0
20 9 56 30 0
10 19 28 58 0
19 10 28 58 0
10 19 58 28 0
19 10 58 28 0
10 19 29 57 0
19 10 29 57 0
10 19 57 29 0
19 10 57 29 0
10 19 30 56 0
19 10 30 56 0
10 19 56 30 0
19 10 56 30 0
11 18 28 58 0
18 11 28 58 0
11 18 58 28 0
18 11 58 28 0
11 18 29 57 0
18 11 29 57 0
11 18 57 29 0
18 11 57 29 0
11 18 30 56 0
18 11 30 56 0
11 18 56 30 0
18 11 56 30 0
11 18 31 55 1
18 11 31 55 1
11 18 55 31 1
18 11 55 31 1
11 18 32 54 3
18 11 32 54 3
11 18 54 32 3
18 11 54 32 3
11 18 33 53 8
18 11 33 53 8
11 18 53 33 8
18 11 53 33 8
11 18 34 52 18
18 11 34 52 18
11 18 52 34 18
18 11 52 34 18
11 18 35 51 36
18 11 35 51 36
11 18 51 35 36
18 11 51 35 36
11 18 36 50 64
18 11 36 50 64
11 18 50 36 64
18 11 50 36 64
11 18 37 49 103
18 11 37 49 103
11 18 49 37 103
18 11 49 37 103
11 18 38 48 153
18 11 38 48 153
11 18 48 38 153
18 11 48 38 153
11 18 39 47 209
18 11 39 47 209
11 18 47 39 209
18 11 47 39 209
11 18 40 46 266
18 11 40 46 266
11 18 46 40 266
18 11 46 40 266
11 18 41 45 314
18 11 41 45 314
11 18 45 41 314
18 11 45 41 314
11 18 42 44 348
18 11 42 44 348
11 18 44 42 348
18 11 44 42 348
11 18 43 43 359
18 11 43 43 359
9 20 27 59 0
20 9 27 59 0
9 20 59 27 0
20 9 59 27 0
10 19 27 59 0
19 10 27 59 0
10 19 59 27 0
19 10 59 27 0
11 18 27 59 0
18 11 27 59 0
11 18 59 27 0
18 11 59 27 0
12 17 27 59 0
17 12 27 59 0
12 17 59 27 0
17 12 59 27 0
12 17 28 58 0
17 12 28 58 0
12 17 58 28 0
17 12 58 28 0
12 17 29 57 0
17 12 29 57 0
12 17 57 29 0
17 12 57 29 0
12 17 30 56 1
17 12 30 56 1
12 17 56 30 1
17 12 56 30 1
12 17 31 55 5
17 12 31 55 5
12 17 55 31 5
17 12 55 31 5
12 17 32 54 15
17 12 32 54 15
12 17 54 32 15
17 12 54 32 15
12 17 33 53 36
17 12 33 53 36
12 17 53 33 36
17 12 53 33 36
12 17 34 52 75
17 12 34 52 75
12 17 52 34 75
17 12 52 34 75
12 17 35 51 138
17 12 35 51 138
12 17 51 35 138
17 12 51 35 138
12 17 36 50 231
17 12 36 50 231
12 17 50 36 231
17 12 50 36 231
12 17 37 49 353
17 12 37 49 353
12 17 49 37 353
17 12 49 37 353
12 17 38 48 502
17 12 38 48 502
12 17 48 38 502
17 12 48 38 502
12 17 39 47 663
17 12 39 47 663
12 17 47 39 663
17 12 47 39 663
12 17 40 46 822
17 12 40 46 822
12 17 46 40 822
17 12 46 40 822
12 17 41 45 954
17 12 41 45 954
12 17 45 41 954
17 12 45 41 954
12 17 42 44 1045
17 12 42 44 1045
12 17 44 42 1045
17 12 44 42 1045
12 17 43 43 1075
17 12 43 43 1075
13 16 28 58 0
16 13 28 58 0
13 16 58 28 0
16 13 58 28 0
13 16 29 57 1
16 13 29 57 1
13 16 57 29 1
16 13 57 29 1
13 16 30 56 5
16 13 30 56 5
13 16 56 30 5
16 13 56 30 5
13 16 31 55 17
16 13 31 55 17
13 16 55 31 17
16 13 55 31 17
13 16 32 54 43
16 13 32 54 43
13 16 54 32 43
16 13 54 32 43
13 16 33 53 94
16 13 33 53 94
13 16 53 33 94
16 13 53 33 94
13 16 34 52 182
16 13 34 52 182
13 16 52 34 182
16 13 52 34 182
13 16 35 51 318
16 13 35 51 318
13 16 51 35 318
16 13 51 35 318
13 16 36 50 510
16 13 36 50 510
13 16 50 36 510
16 13 50 36 510
13 16 37 49 756
16 13 37 49 756
13 16 49 37 756
16 13 49 37 756
13 16 38 48 1048
16 13 38 48 1048
13 16 48 38 1048
16 13 48 38 1048
13 16 39 47 1359
16 13 39 47 1359
13 16 47 39 1359
16 13 47 39 1359
13 16 40 46 1660
16 13 40 46 1660
13 16 46 40 1660
16 13 46 40 1660
13 16 41 45 1909
16 13 41 45 1909
13 16 45 41 1909
16 13 45 41 1909
13 16 42 44 2078
16 13 42 44 2078
13 16 44 42 2078
16 13 44 42 2078
13 16 43 43 2135
16 13 43 43 2135
14 15 31 55 28
15 14 31 55 28
14 15 55 31 28
15 14 55 31 28
14 15 32 54 68
15 14 32 54 68
14 15 54 32 68
15 14 54 32 68
14 15 33 53 144
15 14 33 53 144
14 15 53 33 144
15 14 53 33 144
14 15 34 52 273
15 14 34 52 273
14 15 52 34 273
15 14 52 34 273
14 15 35 51 468
15 14 35 51 468
14 15 51 35 468
15 14 51 35 468
14 15 36 50 739
15 14 36 50 739
14 15 50 36 739
15 14 50 36 739
14 15 37 49 1082
15 14 37 49 1082
14 15 49 37 1082
15 14 49 37 1082
14 15 38 48 1485
15 14 38 48 1485
14 15 48 38 1485
15 14 48 38 1485
14 15 39 47 1911
15 14 39 47 1911
14 15 47 39 1911
15 14 47 39 1911
14 15 40 46 2320
15 14 40 46 2320
14 15 46 40 2320
15 14 46 40 2320
14 15 41 45 2657
15 14 41 45 2657
14 15 45 41 2657
15 14 45 41 2657
14 15 42 44 2885
15 14 42 44 2885
14 15 44 42 2885
15 14 44 42 2885
14 15 43 43 2962
15 14 43 43 2962
9 20 26 60 0
20 9 26 60 0
9 20 60 26 0
20 9 60 26 0
10 19 26 60 0
19 10 26 60 0
10 19 60 26 0
19 10 60 26 0
11 18 26 60 0
18 11 26 60 0
11 18 60 26 0
18 11 60 26 0
12 17 26 60 0
17 12 26 60 0
12 17 60 26 0
17 12 60 26 0
10 19 24 62 0
19 10 24 62 0
10 19 62 24 0
19 10 62 24 0
10 19 25 61 0
19 10 25 61 0
10 19 61 25 0
19 10 61 25 0
11 18 24 62 0
18 11 24 62 0
11 18 62 24 0
18 11 62 24 0
11 18 25 61 0
18 11 25 61 0
11 18 61 25 0
18 11 61 25 0
12 17 24 62 0
17 12 24 62 0
12 17 62 24 0
17 12 62 24 0
12 17 25 61 0
17 12 25 61 0
12 17 61 25 0
17 12 61 25 0
13 16 24 62 0
16 13 24 62 0
13 16 62 24 0
16 13 62 24 0
13 16 25 61 0
16 13 25 61 0
13 16 61 25 0
16 13 61 25 0
13 16 26 60 0
16 13 26 60 0
13 16 60 26 0
16 13 60 26 0
13 16 27 59 0
16 13 27 59 0
13 16 59 27 0
16 13 59 27 0
14 15 24 62 0
15 14 24 62 0
14 15 62 24 0
15 14 62 24 0
14 15 25 61 0
15 14 25 61 0
14 15 61 25 0
15 14 61 25 0
14 15 26 60 0
15 14 26 60 0
14 15 60 26 0
15 14 60 26 0
14 15 27 59 0
15 14 27 59 0
14 15 59 27 0
15 14 59 27 0
14 15 28 58 0
15 14 28 58 0
14 15 58 28 0
15 14 58 28 0
14 15 29 57 2
15 14 29 57 2
14 15 57 29 2
15 14 57 29 2
14 15 30 56 9
15 14 30 56 9
14 15 56 30 9
15 14 56 30 9
11 18 23 63 0
18 11 23 63 0
11 18 63 23 0
18 11 63 23 0
12 17 23 63 0
17 12 23 63 0
12 17 63 23 0
17 12 63 23 0
13 16 23 63 0
16 13 23 63 0
13 16 63 23 0
16 13 63 23 0
14 15 23 63 0
15 14 23 63 0
14 15 63 23 0
15 14 63 23 0
12 17 22 64 0
17 12 22 64 0
12 17 64 22 0
17 12 64 22 0
13 16 22 64 0
16 13 22 64 0
13 16 64 22 0
16 13 64 22 0
14 15 22 64 0
15 14 22 64 0
14 15 64 22 0
15 14 64 22 0
