21 24 63 71 0
24 21 63 71 0
21 24 71 63 0
24 21 71 63 0
21 24 64 70 0
24 21 64 70 0
21 24 70 64 0
24 21 70 64 0
21 24 65 69 0
24 21 65 69 0
21 24 69 65 0
24 21 69 65 0
21 24 66 68 0
24 21 66 68 0
21 24 68 66 0
24 21 68 66 0
21 24 67 67 0
24 21 67 67 0
22 23 63 71 0
23 22 63 71 0
22 23 71 63 0
23 22 71 63 0
22 23 64 70 0
23 22 64 70 0
22 23 70 64 0
23 22 70 64 0
22 23 65 69 0
23 22 65 69 0
22 23 69 65 0
23 22 69 65 0
22 23 66 68 0
23 22 66 68 0
22 23 68 66 0
23 22 68 66 0
22 23 67 67 0
23 22 67 67 0
