0 13 15 23 0
13 0 15 23 0
0 13 23 15 0
13 0 23 15 0
0 13 16 22 0
13 0 16 22 0
0 13 22 16 0
13 0 22 16 0
0 13 17 21 0
13 0 17 21 0
0 13 21 17 0
13 0 21 17 0
1 12 15 23 0
12 1 15 23 0
1 12 23 15 0
12 1 23 15 0
1 12 16 22 0
12 1 16 22 0
1 12 22 16 0
12 1 22 16 0
1 12 17 21 0
12 1 17 21 0
1 12 21 17 0
12 1 21 17 0
0 13 18 20 0
13 0 18 20 0
0 13 20 18 0
13 0 20 18 0
1 12 18 20 0
12 1 18 20 0
1 12 20 18 0
12 1 20 18 0
1 12 10 28 0
12 1 10 28 0
1 12 28 10 0
12 1 28 10 0
1 12 11 27 0
12 1 11 27 0
1 12 27 11 0
12 1 27 11 0
1 12 12 26 0
12 1 12 26 0
1 12 26 12 0
12 1 26 12 0
2 11 10 28 0
11 2 10 28 0
2 11 28 10 0
11 2 28 10 0
2 11 11 27 0
11 2 11 27 0
2 11 27 11 0
11 2 27 11 0
2 11 12 26 0
11 2 12 26 0
2 11 26 12 0
11 2 26 12 0
1 12 13 25 0
12 1 13 25 0
1 12 25 13 0
12 1 25 13 0
2 11 13 25 0
11 2 13 25 0
2 11 25 13 0
11 2 25 13 0
1 12 14 24 0
12 1 14 24 0
1 12 24 14 0
12 1 24 14 0
2 11 14 24 0
11 2 14 24 0
2 11 24 14 0
11 2 24 14 0
2 11 15 23 0
11 2 15 23 0
2 11 23 15 0
11 2 23 15 0
2 11 16 22 0
11 2 16 22 0
2 11 22 16 0
11 2 22 16 0
2 11 17 21 0
11 2 17 21 0
2 11 21 17 0
11 2 21 17 0
2 11 18 20 0
11 2 18 20 0
2 11 20 18 0
11 2 20 18 0
3 10 10 28 0
10 3 10 28 0
3 10 28 10 0
10 3 28 10 0
3 10 11 27 0
10 3 11 27 0
3 10 27 11 0
10 3 27 11 0
3 10 12 26 0
10 3 12 26 0
3 10 26 12 0
10 3 26 12 0
3 10 13 25 0
10 3 13 25 0
3 10 25 13 0
10 3 25 13 0
3 10 14 24 0
10 3 14 24 0
3 10 24 14 0
10 3 24 14 0
3 10 15 23 0
10 3 15 23 0
3 10 23 15 0
10 3 23 15 0
3 10 16 22 0
10 3 16 22 0
3 10 22 16 0
10 3 22 16 0
3 10 17 21 0
10 3 17 21 0
3 10 21 17 0
10 3 21 17 0
3 10 18 20 0
10 3 18 20 0
3 10 20 18 0
10 3 20 18 0
0 13 19 19 0
13 0 19 19 0
1 12 19 19 0
12 1 19 19 0
2 11 19 19 0
11 2 19 19 0
3 10 19 19 0
10 3 19 19 0
2 11 7 31 0
11 2 7 31 0
2 11 31 7 0
11 2 31 7 0
2 11 8 30 0
11 2 8 30 0
2 11 30 8 0
11 2 30 8 0
2 11 9 29 0
11 2 9 29 0
2 11 29 9 0
11 2 29 9 0
3 10 7 31 0
10 3 7 31 0
3 10 31 7 0
10 3 31 7 0
3 10 8 30 0
10 3 8 30 0
3 10 30 8 0
10 3 30 8 0
3 10 9 29 0
10 3 9 29 0
3 10 29 9 0
10 3 29 9 0
3 10 6 32 0
10 3 6 32 0
3 10 32 6 0
10 3 32 6 0
4 9 6 32 0
9 4 6 32 0
4 9 32 6 0
9 4 32 6 0
4 9 7 31 0
9 4 7 31 0
4 9 31 7 0
9 4 31 7 0
4 9 8 30 0
9 4 8 30 0
4 9 30 8 0
9 4 30 8 0
4 9 9 29 0
9 4 9 29 0
4 9 29 9 0
9 4 29 9 0
4 9 10 28 0
9 4 10 28 0
4 9 28 10 0
9 4 28 10 0
4 9 11 27 0
9 4 11 27 0
4 9 27 11 0
9 4 27 11 0
4 9 12 26 0
9 4 12 26 0
4 9 26 12 0
9 4 26 12 0
4 9 13 25 0
9 4 13 25 0
4 9 25 13 0
9 4 25 13 0
4 9 14 24 0
9 4 14 24 0
4 9 24 14 0
9 4 24 14 0
4 9 15 23 0
9 4 15 23 0
4 9 23 15 0
9 4 23 15 0
4 9 16 22 0
9 4 16 22 0
4 9 22 16 0
9 4 22 16 0
4 9 17 21 0
9 4 17 21 0
4 9 21 17 0
9 4 21 17 0
4 9 18 20 0
9 4 18 20 0
4 9 20 18 0
9 4 20 18 0
4 9 19 19 0
9 4 19 19 0
5 8 7 31 0
8 5 7 31 0
5 8 31 7 0
8 5 31 7 0
5 8 8 30 0
8 5 8 30 0
5 8 30 8 0
8 5 30 8 0
5 8 9 29 0
8 5 9 29 0
5 8 29 9 0
8 5 29 9 0
5 8 10 28 0
8 5 10 28 0
5 8 28 10 0
8 5 28 10 0
5 8 11 27 0
8 5 11 27 0
5 8 27 11 0
8 5 27 11 0
5 8 12 26 0
8 5 12 26 0
5 8 26 12 0
8 5 26 12 0
5 8 13 25 0
8 5 13 25 0
5 8 25 13 0
8 5 25 13 0
5 8 14 24 0
8 5 14 24 0
5 8 24 14 0
8 5 24 14 0
5 8 15 23 0
8 5 15 23 0
5 8 23 15 0
8 5 23 15 0
5 8 16 22 0
8 5 16 22 0
5 8 22 16 0
8 5 22 16 0
5 8 17 21 0
8 5 17 21 0
5 8 21 17 0
8 5 21 17 0
5 8 18 20 0
8 5 18 20 0
5 8 20 18 0
8 5 20 18 0
5 8 19 19 0
8 5 19 19 0
4 9 4 34 0
9 4 4 34 0
4 9 34 4 0
9 4 34 4 0
4 9 5 33 0
9 4 5 33 0
4 9 33 5 0
9 4 33 5 0
5 8 4 34 0
8 5 4 34 0
5 8 34 4 0
8 5 34 4 0
5 8 5 33 0
8 5 5 33 0
5 8 33 5 0
8 5 33 5 0
5 8 6 32 0
8 5 6 32 0
5 8 32 6 0
8 5 32 6 0
6 7 4 34 0
7 6 4 34 0
6 7 34 4 0
7 6 34 4 0
6 7 5 33 0
7 6 5 33 0
6 7 33 5 0
7 6 33 5 0
6 7 6 32 0
7 6 6 32 0
6 7 32 6 0
7 6 32 6 0
6 7 7 31 0
7 6 7 31 0
6 7 31 7 0
7 6 31 7 0
6 7 8 30 0
7 6 8 30 0
6 7 30 8 0
7 6 30 8 0
6 7 9 29 0
7 6 9 29 0
6 7 29 9 0
7 6 29 9 0
6 7 10 28 0
7 6 10 28 0
6 7 28 10 0
7 6 28 10 0
6 7 11 27 0
7 6 11 27 0
6 7 27 11 0
7 6 27 11 0
6 7 12 26 0
7 6 12 26 0
6 7 26 12 0
7 6 26 12 0
6 7 13 25 0
7 6 13 25 0
6 7 25 13 0
7 6 25 13 0
6 7 14 24 0
7 6 14 24 0
6 7 24 14 0
7 6 24 14 0
6 7 15 23 0
7 6 15 23 0
6 7 23 15 0
7 6 23 15 0
6 7 16 22 0
7 6 16 22 0
6 7 22 16 0
7 6 22 16 0
6 7 17 21 0
7 6 17 21 0
6 7 21 17 0
7 6 21 17 0
6 7 18 20 0
7 6 18 20 0
6 7 20 18 0
7 6 20 18 0
6 7 19 19 0
7 6 19 19 0
6 7 3 35 0
7 6 3 35 0
6 7 35 3 0
7 6 35 3 0
