0 9 6 20 0
9 0 6 20 0
0 9 20 6 0
9 0 20 6 0
0 9 7 19 0
9 0 7 19 0
0 9 19 7 0
9 0 19 7 0
0 9 8 18 0
9 0 8 18 0
0 9 18 8 0
9 0 18 8 0
1 8 6 20 0
8 1 6 20 0
1 8 20 6 0
8 1 20 6 0
1 8 7 19 0
8 1 7 19 0
1 8 19 7 0
8 1 19 7 0
1 8 8 18 0
8 1 8 18 0
1 8 18 8 0
8 1 18 8 0
0 9 9 17 0
9 0 9 17 0
0 9 17 9 0
9 0 17 9 0
1 8 9 17 0
8 1 9 17 0
1 8 17 9 0
8 1 17 9 0
0 9 10 16 0
9 0 10 16 0
0 9 16 10 0
9 0 16 10 0
1 8 10 16 0
8 1 10 16 0
1 8 16 10 0
8 1 16 10 0
0 9 11 15 0
9 0 11 15 0
0 9 15 11 0
9 0 15 11 0
1 8 11 15 0
8 1 11 15 0
1 8 15 11 0
8 1 15 11 0
1 8 3 23 0
8 1 3 23 0
1 8 23 3 0
8 1 23 3 0
1 8 4 22 0
8 1 4 22 0
1 8 22 4 0
8 1 22 4 0
1 8 5 21 0
8 1 5 21 0
1 8 21 5 0
8 1 21 5 0
2 7 3 23 0
7 2 3 23 0
2 7 23 3 0
7 2 23 3 0
2 7 4 22 1
7 2 4 22 1
2 7 22 4 1
7 2 22 4 1
2 7 5 21 2
7 2 5 21 2
2 7 21 5 2
7 2 21 5 2
2 7 6 20 4
7 2 6 20 4
2 7 20 6 4
7 2 20 6 4
2 7 7 19 6
7 2 7 19 6
2 7 19 7 6
7 2 19 7 6
2 7 8 18 10
7 2 8 18 10
2 7 18 8 10
7 2 18 8 10
2 7 9 17 13
7 2 9 17 13
2 7 17 9 13
7 2 17 9 13
2 7 10 16 17
7 2 10 16 17
2 7 16 10 17
7 2 16 10 17
2 7 11 15 19
7 2 11 15 19
2 7 15 11 19
7 2 15 11 19
3 6 3 23 0
6 3 3 23 0
3 6 23 3 0
6 3 23 3 0
3 6 4 22 2
6 3 4 22 2
3 6 22 4 2
6 3 22 4 2
3 6 5 21 5
6 3 5 21 5
3 6 21 5 5
6 3 21 5 5
3 6 6 20 10
6 3 6 20 10
3 6 20 6 10
6 3 20 6 10
3 6 7 19 17
6 3 7 19 17
3 6 19 7 17
6 3 19 7 17
3 6 8 18 28
6 3 8 18 28
3 6 18 8 28
6 3 18 8 28
3 6 9 17 39
6 3 9 17 39
3 6 17 9 39
6 3 17 9 39
3 6 10 16 51
6 3 10 16 51
3 6 16 10 51
6 3 16 10 51
3 6 11 15 60
6 3 11 15 60
3 6 15 11 60
6 3 15 11 60
0 9 12 14 0
9 0 12 14 0
0 9 14 12 0
9 0 14 12 0
1 8 12 14 0
8 1 12 14 0
1 8 14 12 0
8 1 14 12 0
2 7 12 14 22
7 2 12 14 22
2 7 14 12 22
7 2 14 12 22
3 6 12 14 68
6 3 12 14 68
3 6 14 12 68
6 3 14 12 68
0 9 13 13 0
9 0 13 13 0
1 8 13 13 0
8 1 13 13 0
2 7 13 13 22
7 2 13 13 22
3 6 13 13 70
6 3 13 13 70
2 7 2 24 0
7 2 2 24 0
2 7 24 2 0
7 2 24 2 0
3 6 2 24 0
6 3 2 24 0
3 6 24 2 0
6 3 24 2 0
3 6 1 25 0
6 3 1 25 0
3 6 25 1 0
6 3 25 1 0
4 5 1 25 0
5 4 1 25 0
4 5 25 1 0
5 4 25 1 0
4 5 2 24 0
5 4 2 24 0
4 5 24 2 0
5 4 24 2 0
4 5 3 23 1
5 4 3 23 1
4 5 23 3 1
5 4 23 3 1
4 5 4 22 4
5 4 4 22 4
4 5 22 4 4
5 4 22 4 4
4 5 5 21 9
5 4 5 21 9
4 5 21 5 9
5 4 21 5 9
4 5 6 20 18
5 4 6 20 18
4 5 20 6 18
5 4 20 6 18
4 5 7 19 30
5 4 7 19 30
4 5 19 7 30
5 4 19 7 30
4 5 8 18 48
5 4 8 18 48
4 5 18 8 48
5 4 18 8 48
4 5 9 17 66
5 4 9 17 66
4 5 17 9 66
5 4 17 9 66
4 5 10 16 86
5 4 10 16 86
4 5 16 10 86
5 4 16 10 86
4 5 11 15 101
5 4 11 15 101
4 5 15 11 101
5 4 15 11 101
4 5 12 14 114
5 4 12 14 114
4 5 14 12 114
5 4 14 12 114
4 5 13 13 117
5 4 13 13 117
