2 19 22 40 0
19 2 22 40 0
2 19 40 22 0
19 2 40 22 0
2 19 23 39 0
19 2 23 39 0
2 19 39 23 0
19 2 39 23 0
2 19 24 38 0
19 2 24 38 0
2 19 38 24 0
19 2 38 24 0
2 19 25 37 0
19 2 25 37 0
2 19 37 25 0
19 2 37 25 0
2 19 26 36 0
19 2 26 36 0
2 19 36 26 0
19 2 36 26 0
2 19 27 35 0
19 2 27 35 0
2 19 35 27 0
19 2 35 27 0
2 19 28 34 0
19 2 28 34 0
2 19 34 28 0
19 2 34 28 0
2 19 29 33 0
19 2 29 33 0
2 19 33 29 0
19 2 33 29 0
2 19 30 32 0
19 2 30 32 0
2 19 32 30 0
19 2 32 30 0
3 18 22 40 0
18 3 22 40 0
3 18 40 22 0
18 3 40 22 0
3 18 23 39 0
18 3 23 39 0
3 18 39 23 0
18 3 39 23 0
3 18 24 38 0
18 3 24 38 0
3 18 38 24 0
18 3 38 24 0
3 18 25 37 0
18 3 25 37 0
3 18 37 25 0
18 3 37 25 0
3 18 26 36 0
18 3 26 36 0
3 18 36 26 0
18 3 36 26 0
3 18 27 35 0
18 3 27 35 0
3 18 35 27 0
18 3 35 27 0
3 18 28 34 0
18 3 28 34 0
3 18 34 28 0
18 3 34 28 0
3 18 29 33 0
18 3 29 33 0
3 18 33 29 0
18 3 33 29 0
3 18 30 32 0
18 3 30 32 0
3 18 32 30 0
18 3 32 30 0
4 17 22 40 0
17 4 22 40 0
4 17 40 22 0
17 4 40 22 0
4 17 23 39 0
17 4 23 39 0
4 17 39 23 0
17 4 39 23 0
4 17 24 38 1
17 4 24 38 1
4 17 38 24 1
17 4 38 24 1
4 17 25 37 2
17 4 25 37 2
4 17 37 25 2
17 4 37 25 2
4 17 26 36 4
17 4 26 36 4
4 17 36 26 4
17 4 36 26 4
4 17 27 35 6
17 4 27 35 6
4 17 35 27 6
17 4 35 27 6
4 17 28 34 9
17 4 28 34 9
4 17 34 28 9
17 4 34 28 9
4 17 29 33 11
17 4 29 33 11
4 17 33 29 11
17 4 33 29 11
4 17 30 32 13
17 4 30 32 13
4 17 32 30 13
17 4 32 30 13
5 16 22 40 3
16 5 22 40 3
5 16 40 22 3
16 5 40 22 3
5 16 23 39 8
16 5 23 39 8
5 16 39 23 8
16 5 39 23 8
5 16 24 38 18
16 5 24 38 18
5 16 38 24 18
16 5 38 24 18
5 16 25 37 32
16 5 25 37 32
5 16 37 25 32
16 5 37 25 32
5 16 26 36 51
16 5 26 36 51
5 16 36 26 51
16 5 36 26 51
5 16 27 35 73
16 5 27 35 73
5 16 35 27 73
16 5 35 27 73
5 16 28 34 97
16 5 28 34 97
5 16 34 28 97
16 5 34 28 97
5 16 29 33 117
16 5 29 33 117
5 16 33 29 117
16 5 33 29 117
5 16 30 32 131
16 5 30 32 131
5 16 32 30 131
16 5 32 30 131
2 19 31 31 0
19 2 31 31 0
3 18 31 31 0
18 3 31 31 0
4 17 31 31 13
17 4 31 31 13
5 16 31 31 135
16 5 31 31 135
3 18 21 41 0
18 3 21 41 0
3 18 41 21 0
18 3 41 21 0
4 17 21 41 0
17 4 21 41 0
4 17 41 21 0
17 4 41 21 0
5 16 21 41 1
16 5 21 41 1
5 16 41 21 1
16 5 41 21 1
6 15 21 41 15
15 6 21 41 15
6 15 41 21 15
15 6 41 21 15
6 15 22 40 35
15 6 22 40 35
6 15 40 22 35
15 6 40 22 35
6 15 23 39 70
15 6 23 39 70
6 15 39 23 70
15 6 39 23 70
6 15 24 38 127
15 6 24 38 127
6 15 38 24 127
15 6 38 24 127
6 15 25 37 203
15 6 25 37 203
6 15 37 25 203
15 6 37 25 203
6 15 26 36 299
15 6 26 36 299
6 15 36 26 299
15 6 36 26 299
6 15 27 35 404
15 6 27 35 404
6 15 35 27 404
15 6 35 27 404
6 15 28 34 512
15 6 28 34 512
6 15 34 28 512
15 6 34 28 512
6 15 29 33 601
15 6 29 33 601
6 15 33 29 601
15 6 33 29 601
6 15 30 32 663
15 6 30 32 663
6 15 32 30 663
15 6 32 30 663
6 15 31 31 682
15 6 31 31 682
7 14 22 40 173
14 7 22 40 173
7 14 40 22 173
14 7 40 22 173
7 14 23 39 309
14 7 23 39 309
7 14 39 23 309
14 7 39 23 309
7 14 24 38 507
14 7 24 38 507
7 14 38 24 507
14 7 38 24 507
7 14 25 37 763
14 7 25 37 763
7 14 37 25 763
14 7 37 25 763
7 14 26 36 1069
14 7 26 36 1069
7 14 36 26 1069
14 7 36 26 1069
7 14 27 35 1397
14 7 27 35 1397
7 14 35 27 1397
14 7 35 27 1397
7 14 28 34 1718
14 7 28 34 1718
7 14 34 28 1718
14 7 34 28 1718
7 14 29 33 1984
14 7 29 33 1984
7 14 33 29 1984
14 7 33 29 1984
7 14 30 32 2164
14 7 30 32 2164
7 14 32 30 2164
14 7 32 30 2164
7 14 31 31 2224
14 7 31 31 2224
3 18 18 44 0
18 3 18 44 0
3 18 44 18 0
18 3 44 18 0
3 18 19 43 0
18 3 19 43 0
3 18 43 19 0
18 3 43 19 0
3 18 20 42 0
18 3 20 42 0
3 18 42 20 0
18 3 42 20 0
4 17 18 44 0
17 4 18 44 0
4 17 44 18 0
17 4 44 18 0
4 17 19 43 0
17 4 19 43 0
4 17 43 19 0
17 4 43 19 0
4 17 20 42 0
17 4 20 42 0
4 17 42 20 0
17 4 42 20 0
5 16 18 44 0
16 5 18 44 0
5 16 44 18 0
16 5 44 18 0
5 16 19 43 0
16 5 19 43 0
5 16 43 19 0
16 5 43 19 0
5 16 20 42 0
16 5 20 42 0
5 16 42 20 0
16 5 42 20 0
6 15 18 44 0
15 6 18 44 0
6 15 44 18 0
15 6 44 18 0
6 15 19 43 1
15 6 19 43 1
6 15 43 19 1
15 6 43 19 1
6 15 20 42 5
15 6 20 42 5
6 15 42 20 5
15 6 42 20 5
4 17 16 46 0
17 4 16 46 0
4 17 46 16 0
17 4 46 16 0
4 17 17 45 0
17 4 17 45 0
4 17 45 17 0
17 4 45 17 0
5 16 16 46 0
16 5 16 46 0
5 16 46 16 0
16 5 46 16 0
5 16 17 45 0
16 5 17 45 0
5 16 45 17 0
16 5 45 17 0
6 15 16 46 0
15 6 16 46 0
6 15 46 16 0
15 6 46 16 0
6 15 17 45 0
15 6 17 45 0
6 15 45 17 0
15 6 45 17 0
7 14 16 46 0
14 7 16 46 0
7 14 46 16 0
14 7 46 16 0
7 14 17 45 1
14 7 17 45 1
7 14 45 17 1
14 7 45 17 1
7 14 18 44 4
14 7 18 44 4
7 14 44 18 4
14 7 44 18 4
7 14 19 43 14
14 7 19 43 14
7 14 43 19 14
14 7 43 19 14
7 14 20 42 38
14 7 20 42 38
7 14 42 20 38
14 7 42 20 38
7 14 21 41 87
14 7 21 41 87
7 14 41 21 87
14 7 41 21 87
8 13 16 46 1
13 8 16 46 1
8 13 46 16 1
13 8 46 16 1
8 13 17 45 6
13 8 17 45 6
8 13 45 17 6
13 8 45 17 6
8 13 18 44 21
13 8 18 44 21
8 13 44 18 21
13 8 44 18 21
8 13 19 43 57
13 8 19 43 57
8 13 43 19 57
13 8 43 19 57
8 13 20 42 133
13 8 20 42 133
8 13 42 20 133
13 8 42 20 133
8 13 21 41 272
13 8 21 41 272
8 13 41 21 272
13 8 41 21 272
8 13 22 40 502
13 8 22 40 502
8 13 40 22 502
13 8 40 22 502
8 13 23 39 844
13 8 23 39 844
8 13 39 23 844
13 8 39 23 844
8 13 24 38 1319
13 8 24 38 1319
8 13 38 24 1319
13 8 38 24 1319
8 13 25 37 1913
13 8 25 37 1913
8 13 37 25 1913
13 8 37 25 1913
8 13 26 36 2606
13 8 26 36 2606
8 13 36 26 2606
13 8 36 26 2606
8 13 27 35 3333
13 8 27 35 3333
8 13 35 27 3333
13 8 35 27 3333
8 13 28 34 4032
13 8 28 34 4032
8 13 34 28 4032
13 8 34 28 4032
8 13 29 33 4605
13 8 29 33 4605
8 13 33 29 4605
13 8 33 29 4605
8 13 30 32 4991
13 8 30 32 4991
8 13 32 30 4991
13 8 32 30 4991
8 13 31 31 5120
13 8 31 31 5120
9 12 18 44 55
12 9 18 44 55
9 12 44 18 55
12 9 44 18 55
9 12 19 43 134
12 9 19 43 134
9 12 43 19 134
12 9 43 19 134
9 12 20 42 288
12 9 20 42 288
9 12 42 20 288
12 9 42 20 288
9 12 21 41 556
12 9 21 41 556
9 12 41 21 556
12 9 41 21 556
9 12 22 40 981
12 9 22 40 981
9 12 40 22 981
12 9 40 22 981
9 12 23 39 1596
12 9 23 39 1596
9 12 39 23 1596
12 9 39 23 1596
9 12 24 38 2425
12 9 24 38 2425
9 12 38 24 2425
12 9 38 24 2425
9 12 25 37 3445
12 9 25 37 3445
9 12 37 25 3445
12 9 37 25 3445
9 12 26 36 4613
12 9 26 36 4613
9 12 36 26 4613
12 9 36 26 4613
9 12 27 35 5827
12 9 27 35 5827
9 12 35 27 5827
12 9 35 27 5827
9 12 28 34 6979
12 9 28 34 6979
9 12 34 28 6979
12 9 34 28 6979
9 12 29 33 7921
12 9 29 33 7921
9 12 33 29 7921
12 9 33 29 7921
9 12 30 32 8549
12 9 30 32 8549
9 12 32 30 8549
12 9 32 30 8549
9 12 31 31 8762
12 9 31 31 8762
5 16 13 49 0
16 5 13 49 0
5 16 49 13 0
16 5 49 13 0
5 16 14 48 0
16 5 14 48 0
5 16 48 14 0
16 5 48 14 0
5 16 15 47 0
16 5 15 47 0
5 16 47 15 0
16 5 47 15 0
6 15 13 49 0
15 6 13 49 0
6 15 49 13 0
15 6 49 13 0
6 15 14 48 0
15 6 14 48 0
6 15 48 14 0
15 6 48 14 0
6 15 15 47 0
15 6 15 47 0
6 15 47 15 0
15 6 47 15 0
7 14 13 49 0
14 7 13 49 0
7 14 49 13 0
14 7 49 13 0
7 14 14 48 0
14 7 14 48 0
7 14 48 14 0
14 7 48 14 0
7 14 15 47 0
14 7 15 47 0
7 14 47 15 0
14 7 47 15 0
8 13 13 49 0
13 8 13 49 0
8 13 49 13 0
13 8 49 13 0
8 13 14 48 0
13 8 14 48 0
8 13 48 14 0
13 8 48 14 0
8 13 15 47 0
13 8 15 47 0
8 13 47 15 0
13 8 47 15 0
6 15 12 50 0
15 6 12 50 0
6 15 50 12 0
15 6 50 12 0
7 14 12 50 0
14 7 12 50 0
7 14 50 12 0
14 7 50 12 0
8 13 12 50 0
13 8 12 50 0
8 13 50 12 0
13 8 50 12 0
9 12 12 50 0
12 9 12 50 0
9 12 50 12 0
12 9 50 12 0
9 12 13 49 0
12 9 13 49 0
9 12 49 13 0
12 9 49 13 0
9 12 14 48 0
12 9 14 48 0
9 12 48 14 0
12 9 48 14 0
9 12 15 47 1
12 9 15 47 1
9 12 47 15 1
12 9 47 15 1
9 12 16 46 5
12 9 16 46 5
9 12 46 16 5
12 9 46 16 5
9 12 17 45 19
12 9 17 45 19
9 12 45 17 19
12 9 45 17 19
10 11 13 49 0
11 10 13 49 0
10 11 49 13 0
11 10 49 13 0
10 11 14 48 0
11 10 14 48 0
10 11 48 14 0
11 10 48 14 0
10 11 15 47 2
11 10 15 47 2
10 11 47 15 2
11 10 47 15 2
10 11 16 46 9
11 10 16 46 9
10 11 46 16 9
11 10 46 16 9
10 11 17 45 31
11 10 17 45 31
10 11 45 17 31
11 10 45 17 31
10 11 18 44 85
11 10 18 44 85
10 11 44 18 85
11 10 44 18 85
10 11 19 43 199
11 10 19 43 199
10 11 43 19 199
11 10 43 19 199
10 11 20 42 415
11 10 20 42 415
10 11 42 20 415
11 10 42 20 415
10 11 21 41 782
11 10 21 41 782
10 11 41 21 782
11 10 41 21 782
10 11 22 40 1354
11 10 22 40 1354
10 11 40 22 1354
11 10 40 22 1354
10 11 23 39 2171
11 10 23 39 2171
10 11 39 23 2171
11 10 39 23 2171
10 11 24 38 3259
11 10 24 38 3259
10 11 38 24 3259
11 10 38 24 3259
10 11 25 37 4586
11 10 25 37 4586
10 11 37 25 4586
11 10 37 25 4586
10 11 26 36 6094
11 10 26 36 6094
10 11 36 26 6094
11 10 36 26 6094
10 11 27 35 7653
11 10 27 35 7653
10 11 35 27 7653
11 10 35 27 7653
10 11 28 34 9126
11 10 28 34 9126
10 11 34 28 9126
11 10 34 28 9126
10 11 29 33 10327
11 10 29 33 10327
10 11 33 29 10327
11 10 33 29 10327
10 11 30 32 11125
11 10 30 32 11125
10 11 32 30 11125
11 10 32 30 11125
10 11 31 31 11396
11 10 31 31 11396
7 14 10 52 0
14 7 10 52 0
7 14 52 10 0
14 7 52 10 0
7 14 11 51 0
14 7 11 51 0
7 14 51 11 0
14 7 51 11 0
8 13 10 52 0
13 8 10 52 0
8 13 52 10 0
13 8 52 10 0
8 13 11 51 0
13 8 11 51 0
8 13 51 11 0
13 8 51 11 0
9 12 10 52 0
12 9 10 52 0
9 12 52 10 0
12 9 52 10 0
9 12 11 51 0
12 9 11 51 0
9 12 51 11 0
12 9 51 11 0
10 11 10 52 0
11 10 10 52 0
10 11 52 10 0
11 10 52 10 0
10 11 11 51 0
11 10 11 51 0
10 11 51 11 0
11 10 51 11 0
10 11 12 50 0
11 10 12 50 0
10 11 50 12 0
11 10 50 12 0
9 12 9 53 0
12 9 9 53 0
9 12 53 9 0
12 9 53 9 0
10 11 9 53 0
11 10 9 53 0
10 11 53 9 0
11 10 53 9 0
