0 17 21 29 0
17 0 21 29 0
0 17 29 21 0
17 0 29 21 0
0 17 22 28 0
17 0 22 28 0
0 17 28 22 0
17 0 28 22 0
0 17 23 27 0
17 0 23 27 0
0 17 27 23 0
17 0 27 23 0
0 17 24 26 0
17 0 24 26 0
0 17 26 24 0
17 0 26 24 0
0 17 25 25 0
17 0 25 25 0
1 16 21 29 0
16 1 21 29 0
1 16 29 21 0
16 1 29 21 0
1 16 22 28 0
16 1 22 28 0
1 16 28 22 0
16 1 28 22 0
1 16 23 27 0
16 1 23 27 0
1 16 27 23 0
16 1 27 23 0
1 16 24 26 0
16 1 24 26 0
1 16 26 24 0
16 1 26 24 0
1 16 25 25 0
16 1 25 25 0
2 15 21 29 4
15 2 21 29 4
2 15 29 21 4
15 2 29 21 4
2 15 22 28 5
15 2 22 28 5
2 15 28 22 5
15 2 28 22 5
2 15 23 27 7
15 2 23 27 7
2 15 27 23 7
15 2 27 23 7
2 15 24 26 8
15 2 24 26 8
2 15 26 24 8
15 2 26 24 8
2 15 25 25 9
15 2 25 25 9
3 14 21 29 40
14 3 21 29 40
3 14 29 21 40
14 3 29 21 40
3 14 22 28 53
14 3 22 28 53
3 14 28 22 53
14 3 28 22 53
3 14 23 27 66
14 3 23 27 66
3 14 27 23 66
14 3 27 23 66
3 14 24 26 75
14 3 24 26 75
3 14 26 24 75
14 3 26 24 75
3 14 25 25 79
14 3 25 25 79
1 16 15 35 0
16 1 15 35 0
1 16 35 15 0
16 1 35 15 0
1 16 16 34 0
16 1 16 34 0
1 16 34 16 0
16 1 34 16 0
1 16 17 33 0
16 1 17 33 0
1 16 33 17 0
16 1 33 17 0
1 16 18 32 0
16 1 18 32 0
1 16 32 18 0
16 1 32 18 0
1 16 19 31 0
16 1 19 31 0
1 16 31 19 0
16 1 31 19 0
1 16 20 30 0
16 1 20 30 0
1 16 30 20 0
16 1 30 20 0
2 15 15 35 0
15 2 15 35 0
2 15 35 15 0
15 2 35 15 0
2 15 16 34 0
15 2 16 34 0
2 15 34 16 0
15 2 34 16 0
2 15 17 33 0
15 2 17 33 0
2 15 33 17 0
15 2 33 17 0
2 15 18 32 0
15 2 18 32 0
2 15 32 18 0
15 2 32 18 0
2 15 19 31 1
15 2 19 31 1
2 15 31 19 1
15 2 31 19 1
2 15 20 30 2
15 2 20 30 2
2 15 30 20 2
15 2 30 20 2
3 14 15 35 0
14 3 15 35 0
3 14 35 15 0
14 3 35 15 0
3 14 16 34 1
14 3 16 34 1
3 14 34 16 1
14 3 34 16 1
3 14 17 33 3
14 3 17 33 3
3 14 33 17 3
14 3 33 17 3
3 14 18 32 7
14 3 18 32 7
3 14 32 18 7
14 3 32 18 7
3 14 19 31 15
14 3 19 31 15
3 14 31 19 15
14 3 31 19 15
3 14 20 30 26
14 3 20 30 26
3 14 30 20 26
14 3 30 20 26
4 13 15 35 5
13 4 15 35 5
4 13 35 15 5
13 4 35 15 5
4 13 16 34 14
13 4 16 34 14
4 13 34 16 14
13 4 34 16 14
4 13 17 33 31
13 4 17 33 31
4 13 33 17 31
13 4 33 17 31
4 13 18 32 58
13 4 18 32 58
4 13 32 18 58
13 4 32 18 58
4 13 19 31 100
13 4 19 31 100
4 13 31 19 100
13 4 31 19 100
4 13 20 30 152
13 4 20 30 152
4 13 30 20 152
13 4 30 20 152
4 13 21 29 214
13 4 21 29 214
4 13 29 21 214
13 4 29 21 214
4 13 22 28 273
13 4 22 28 273
4 13 28 22 273
13 4 28 22 273
4 13 23 27 328
13 4 23 27 328
4 13 27 23 328
13 4 27 23 328
4 13 24 26 363
13 4 24 26 363
4 13 26 24 363
13 4 26 24 363
4 13 25 25 378
13 4 25 25 378
5 12 15 35 34
12 5 15 35 34
5 12 35 15 34
12 5 35 15 34
5 12 16 34 74
12 5 16 34 74
5 12 34 16 74
12 5 34 16 74
5 12 17 33 141
12 5 17 33 141
5 12 33 17 141
12 5 33 17 141
5 12 18 32 240
12 5 18 32 240
5 12 32 18 240
12 5 32 18 240
5 12 19 31 376
12 5 19 31 376
5 12 31 19 376
12 5 31 19 376
5 12 20 30 540
12 5 20 30 540
5 12 30 20 540
12 5 30 20 540
5 12 21 29 723
12 5 21 29 723
5 12 29 21 723
12 5 29 21 723
5 12 22 28 899
12 5 22 28 899
5 12 28 22 899
12 5 28 22 899
5 12 23 27 1052
12 5 23 27 1052
5 12 27 23 1052
12 5 27 23 1052
5 12 24 26 1152
12 5 24 26 1152
5 12 26 24 1152
12 5 26 24 1152
5 12 25 25 1190
12 5 25 25 1190
2 15 11 39 0
15 2 11 39 0
2 15 39 11 0
15 2 39 11 0
2 15 12 38 0
15 2 12 38 0
2 15 38 12 0
15 2 38 12 0
2 15 13 37 0
15 2 13 37 0
2 15 37 13 0
15 2 37 13 0
2 15 14 36 0
15 2 14 36 0
2 15 36 14 0
15 2 36 14 0
3 14 11 39 0
14 3 11 39 0
3 14 39 11 0
14 3 39 11 0
3 14 12 38 0
14 3 12 38 0
3 14 38 12 0
14 3 38 12 0
3 14 13 37 0
14 3 13 37 0
3 14 37 13 0
14 3 37 13 0
3 14 14 36 0
14 3 14 36 0
3 14 36 14 0
14 3 36 14 0
4 13 11 39 0
13 4 11 39 0
4 13 39 11 0
13 4 39 11 0
4 13 12 38 0
13 4 12 38 0
4 13 38 12 0
13 4 38 12 0
4 13 13 37 0
13 4 13 37 0
4 13 37 13 0
13 4 37 13 0
4 13 14 36 1
13 4 14 36 1
4 13 36 14 1
13 4 36 14 1
5 12 11 39 0
12 5 11 39 0
5 12 39 11 0
12 5 39 11 0
5 12 12 38 1
12 5 12 38 1
5 12 38 12 1
12 5 38 12 1
5 12 13 37 4
12 5 13 37 4
5 12 37 13 4
12 5 37 13 4
5 12 14 36 13
12 5 14 36 13
5 12 36 14 13
12 5 36 14 13
3 14 10 40 0
14 3 10 40 0
3 14 40 10 0
14 3 40 10 0
4 13 10 40 0
13 4 10 40 0
4 13 40 10 0
13 4 40 10 0
5 12 10 40 0
12 5 10 40 0
5 12 40 10 0
12 5 40 10 0
6 11 10 40 0
11 6 10 40 0
6 11 40 10 0
11 6 40 10 0
6 11 11 39 1
11 6 11 39 1
6 11 39 11 1
11 6 39 11 1
6 11 12 38 6
11 6 12 38 6
6 11 38 12 6
11 6 38 12 6
6 11 13 37 20
11 6 13 37 20
6 11 37 13 20
11 6 37 13 20
6 11 14 36 51
11 6 14 36 51
6 11 36 14 51
11 6 36 14 51
6 11 15 35 114
11 6 15 35 114
6 11 35 15 114
11 6 35 15 114
6 11 16 34 222
11 6 16 34 222
6 11 34 16 222
11 6 34 16 222
6 11 17 33 393
11 6 17 33 393
6 11 33 17 393
11 6 33 17 393
6 11 18 32 631
11 6 18 32 631
6 11 32 18 631
11 6 32 18 631
6 11 19 31 944
11 6 19 31 944
6 11 31 19 944
11 6 31 19 944
6 11 20 30 1309
11 6 20 30 1309
6 11 30 20 1309
11 6 30 20 1309
6 11 21 29 1707
11 6 21 29 1707
6 11 29 21 1707
11 6 29 21 1707
6 11 22 28 2083
11 6 22 28 2083
6 11 28 22 2083
11 6 28 22 2083
6 11 23 27 2405
11 6 23 27 2405
6 11 27 23 2405
11 6 27 23 2405
6 11 24 26 2613
11 6 24 26 2613
6 11 26 24 2613
11 6 26 24 2613
6 11 25 25 2692
11 6 25 25 2692
7 10 11 39 5
10 7 11 39 5
7 10 39 11 5
10 7 39 11 5
7 10 12 38 18
10 7 12 38 18
7 10 38 12 18
10 7 38 12 18
7 10 13 37 50
10 7 13 37 50
7 10 37 13 50
10 7 37 13 50
7 10 14 36 116
10 7 14 36 116
7 10 36 14 116
10 7 36 14 116
7 10 15 35 239
10 7 15 35 239
7 10 35 15 239
10 7 35 15 239
7 10 16 34 441
10 7 16 34 441
7 10 34 16 441
10 7 34 16 441
7 10 17 33 747
10 7 17 33 747
7 10 33 17 747
10 7 33 17 747
7 10 18 32 1164
10 7 18 32 1164
7 10 32 18 1164
10 7 32 18 1164
7 10 19 31 1696
10 7 19 31 1696
7 10 31 19 1696
10 7 31 19 1696
7 10 20 30 2308
10 7 20 30 2308
7 10 30 20 2308
10 7 30 20 2308
7 10 21 29 2962
10 7 21 29 2962
7 10 29 21 2962
10 7 29 21 2962
7 10 22 28 3577
10 7 22 28 3577
7 10 28 22 3577
10 7 28 22 3577
7 10 23 27 4095
10 7 23 27 4095
7 10 27 23 4095
10 7 27 23 4095
7 10 24 26 4432
10 7 24 26 4432
7 10 26 24 4432
10 7 26 24 4432
7 10 25 25 4556
10 7 25 25 4556
3 14 9 41 0
14 3 9 41 0
3 14 41 9 0
14 3 41 9 0
4 13 9 41 0
13 4 9 41 0
4 13 41 9 0
13 4 41 9 0
5 12 9 41 0
12 5 9 41 0
5 12 41 9 0
12 5 41 9 0
6 11 9 41 0
11 6 9 41 0
6 11 41 9 0
11 6 41 9 0
4 13 7 43 0
13 4 7 43 0
4 13 43 7 0
13 4 43 7 0
4 13 8 42 0
13 4 8 42 0
4 13 42 8 0
13 4 42 8 0
5 12 7 43 0
12 5 7 43 0
5 12 43 7 0
12 5 43 7 0
5 12 8 42 0
12 5 8 42 0
5 12 42 8 0
12 5 42 8 0
6 11 7 43 0
11 6 7 43 0
6 11 43 7 0
11 6 43 7 0
6 11 8 42 0
11 6 8 42 0
6 11 42 8 0
11 6 42 8 0
7 10 7 43 0
10 7 7 43 0
7 10 43 7 0
10 7 43 7 0
7 10 8 42 0
10 7 8 42 0
7 10 42 8 0
10 7 42 8 0
7 10 9 41 0
10 7 9 41 0
7 10 41 9 0
10 7 41 9 0
7 10 10 40 1
10 7 10 40 1
7 10 40 10 1
10 7 40 10 1
8 9 7 43 0
9 8 7 43 0
8 9 43 7 0
9 8 43 7 0
8 9 8 42 0
9 8 8 42 0
8 9 42 8 0
9 8 42 8 0
8 9 9 41 0
9 8 9 41 0
8 9 41 9 0
9 8 41 9 0
8 9 10 40 2
9 8 10 40 2
8 9 40 10 2
9 8 40 10 2
8 9 11 39 9
9 8 11 39 9
8 9 39 11 9
9 8 39 11 9
8 9 12 38 29
9 8 12 38 29
8 9 38 12 29
9 8 38 12 29
8 9 13 37 76
9 8 13 37 76
8 9 37 13 76
9 8 37 13 76
8 9 14 36 170
9 8 14 36 170
8 9 36 14 170
9 8 36 14 170
8 9 15 35 340
9 8 15 35 340
8 9 35 15 340
9 8 35 15 340
8 9 16 34 613
9 8 16 34 613
8 9 34 16 613
9 8 34 16 613
8 9 17 33 1019
9 8 17 33 1019
8 9 33 17 1019
9 8 33 17 1019
8 9 18 32 1566
9 8 18 32 1566
8 9 32 18 1566
9 8 32 18 1566
8 9 19 31 2256
9 8 19 31 2256
8 9 31 19 2256
9 8 31 19 2256
8 9 20 30 3043
9 8 20 30 3043
8 9 30 20 3043
9 8 30 20 3043
8 9 21 29 3878
9 8 21 29 3878
8 9 29 21 3878
9 8 29 21 3878
8 9 22 28 4660
9 8 22 28 4660
8 9 28 22 4660
9 8 28 22 4660
8 9 23 27 5316
9 8 23 27 5316
8 9 27 23 5316
9 8 27 23 5316
8 9 24 26 5742
9 8 24 26 5742
8 9 26 24 5742
9 8 26 24 5742
8 9 25 25 5898
9 8 25 25 5898
5 12 6 44 0
12 5 6 44 0
5 12 44 6 0
12 5 44 6 0
6 11 6 44 0
11 6 6 44 0
6 11 44 6 0
11 6 44 6 0
7 10 6 44 0
10 7 6 44 0
7 10 44 6 0
10 7 44 6 0
8 9 6 44 0
9 8 6 44 0
8 9 44 6 0
9 8 44 6 0
6 11 5 45 0
11 6 5 45 0
6 11 45 5 0
11 6 45 5 0
7 10 5 45 0
10 7 5 45 0
7 10 45 5 0
10 7 45 5 0
8 9 5 45 0
9 8 5 45 0
8 9 45 5 0
9 8 45 5 0
