0 5 1 13 0
5 0 1 13 0
0 5 13 1 0
5 0 13 1 0
0 5 2 12 0
5 0 2 12 0
0 5 12 2 0
5 0 12 2 0
0 5 3 11 1
5 0 3 11 1
0 5 11 3 1
5 0 11 3 1
1 4 1 13 1
4 1 1 13 1
1 4 13 1 1
4 1 13 1 1
1 4 2 12 3
4 1 2 12 3
1 4 12 2 3
4 1 12 2 3
1 4 3 11 6
4 1 3 11 6
1 4 11 3 6
4 1 11 3 6
0 5 4 10 1
5 0 4 10 1
0 5 10 4 1
5 0 10 4 1
1 4 4 10 8
4 1 4 10 8
1 4 10 4 8
4 1 10 4 8
0 5 5 9 2
5 0 5 9 2
0 5 9 5 2
5 0 9 5 2
1 4 5 9 11
4 1 5 9 11
1 4 9 5 11
4 1 9 5 11
0 5 6 8 2
5 0 6 8 2
0 5 8 6 2
5 0 8 6 2
1 4 6 8 13
4 1 6 8 13
1 4 8 6 13
4 1 8 6 13
0 5 7 7 3
5 0 7 7 3
1 4 7 7 15
4 1 7 7 15
1 4 0 14 0
4 1 0 14 0
1 4 14 0 0
4 1 14 0 0
2 3 0 14 0
3 2 0 14 0
2 3 14 0 0
3 2 14 0 0
2 3 1 13 2
3 2 1 13 2
2 3 13 1 2
3 2 13 1 2
2 3 2 12 6
3 2 2 12 6
2 3 12 2 6
3 2 12 2 6
2 3 3 11 11
3 2 3 11 11
2 3 11 3 11
3 2 11 3 11
2 3 4 10 15
3 2 4 10 15
2 3 10 4 15
3 2 10 4 15
2 3 5 9 20
3 2 5 9 20
2 3 9 5 20
3 2 9 5 20
2 3 6 8 24
3 2 6 8 24
2 3 8 6 24
3 2 8 6 24
2 3 7 7 27
3 2 7 7 27
