0 11 10 22 0
11 0 10 22 0
0 11 22 10 0
11 0 22 10 0
0 11 11 21 0
11 0 11 21 0
0 11 21 11 0
11 0 21 11 0
0 11 12 20 0
11 0 12 20 0
0 11 20 12 0
11 0 20 12 0
1 10 10 22 0
10 1 10 22 0
1 10 22 10 0
10 1 22 10 0
1 10 11 21 0
10 1 11 21 0
1 10 21 11 0
10 1 21 11 0
1 10 12 20 0
10 1 12 20 0
1 10 20 12 0
10 1 20 12 0
0 11 13 19 0
11 0 13 19 0
0 11 19 13 0
11 0 19 13 0
1 10 13 19 0
10 1 13 19 0
1 10 19 13 0
10 1 19 13 0
0 11 14 18 0
11 0 14 18 0
0 11 18 14 0
11 0 18 14 0
1 10 14 18 0
10 1 14 18 0
1 10 18 14 0
10 1 18 14 0
1 10 6 26 0
10 1 6 26 0
1 10 26 6 0
10 1 26 6 0
1 10 7 25 0
10 1 7 25 0
1 10 25 7 0
10 1 25 7 0
1 10 8 24 0
10 1 8 24 0
1 10 24 8 0
10 1 24 8 0
2 9 6 26 0
9 2 6 26 0
2 9 26 6 0
9 2 26 6 0
2 9 7 25 0
9 2 7 25 0
2 9 25 7 0
9 2 25 7 0
2 9 8 24 0
9 2 8 24 0
2 9 24 8 0
9 2 24 8 0
1 10 9 23 0
10 1 9 23 0
1 10 23 9 0
10 1 23 9 0
2 9 9 23 0
9 2 9 23 0
2 9 23 9 0
9 2 23 9 0
2 9 10 22 0
9 2 10 22 0
2 9 22 10 0
9 2 22 10 0
2 9 11 21 0
9 2 11 21 0
2 9 21 11 0
9 2 21 11 0
2 9 12 20 0
9 2 12 20 0
2 9 20 12 0
9 2 20 12 0
2 9 13 19 0
9 2 13 19 0
2 9 19 13 0
9 2 19 13 0
2 9 14 18 0
9 2 14 18 0
2 9 18 14 0
9 2 18 14 0
3 8 6 26 1
8 3 6 26 1
3 8 26 6 1
8 3 26 6 1
3 8 7 25 1
8 3 7 25 1
3 8 25 7 1
8 3 25 7 1
3 8 8 24 2
8 3 8 24 2
3 8 24 8 2
8 3 24 8 2
3 8 9 23 3
8 3 9 23 3
3 8 23 9 3
8 3 23 9 3
3 8 10 22 5
8 3 10 22 5
3 8 22 10 5
8 3 22 10 5
3 8 11 21 6
8 3 11 21 6
3 8 21 11 6
8 3 21 11 6
3 8 12 20 8
8 3 12 20 8
3 8 20 12 8
8 3 20 12 8
3 8 13 19 9
8 3 13 19 9
3 8 19 13 9
8 3 19 13 9
3 8 14 18 11
8 3 14 18 11
3 8 18 14 11
8 3 18 14 11
0 11 15 17 0
11 0 15 17 0
0 11 17 15 0
11 0 17 15 0
1 10 15 17 0
10 1 15 17 0
1 10 17 15 0
10 1 17 15 0
2 9 15 17 0
9 2 15 17 0
2 9 17 15 0
9 2 17 15 0
3 8 15 17 11
8 3 15 17 11
3 8 17 15 11
8 3 17 15 11
0 11 16 16 0
11 0 16 16 0
1 10 16 16 0
10 1 16 16 0
2 9 16 16 0
9 2 16 16 0
3 8 16 16 12
8 3 16 16 12
2 9 4 28 0
9 2 4 28 0
2 9 28 4 0
9 2 28 4 0
2 9 5 27 0
9 2 5 27 0
2 9 27 5 0
9 2 27 5 0
3 8 4 28 0
8 3 4 28 0
3 8 28 4 0
8 3 28 4 0
3 8 5 27 0
8 3 5 27 0
3 8 27 5 0
8 3 27 5 0
3 8 3 29 0
8 3 3 29 0
3 8 29 3 0
8 3 29 3 0
4 7 3 29 0
7 4 3 29 0
4 7 29 3 0
7 4 29 3 0
4 7 4 28 0
7 4 4 28 0
4 7 28 4 0
7 4 28 4 0
4 7 5 27 0
7 4 5 27 0
4 7 27 5 0
7 4 27 5 0
4 7 6 26 1
7 4 6 26 1
4 7 26 6 1
7 4 26 6 1
4 7 7 25 2
7 4 7 25 2
4 7 25 7 2
7 4 25 7 2
4 7 8 24 4
7 4 8 24 4
4 7 24 8 4
7 4 24 8 4
4 7 9 23 7
7 4 9 23 7
4 7 23 9 7
7 4 23 9 7
4 7 10 22 12
7 4 10 22 12
4 7 22 10 12
7 4 22 10 12
4 7 11 21 16
7 4 11 21 16
4 7 21 11 16
7 4 21 11 16
4 7 12 20 22
7 4 12 20 22
4 7 20 12 22
7 4 20 12 22
4 7 13 19 27
7 4 13 19 27
4 7 19 13 27
7 4 19 13 27
4 7 14 18 32
7 4 14 18 32
4 7 18 14 32
7 4 18 14 32
4 7 15 17 34
7 4 15 17 34
4 7 17 15 34
7 4 17 15 34
4 7 16 16 36
7 4 16 16 36
5 6 4 28 0
6 5 4 28 0
5 6 28 4 0
6 5 28 4 0
5 6 5 27 0
6 5 5 27 0
5 6 27 5 0
6 5 27 5 0
5 6 6 26 1
6 5 6 26 1
5 6 26 6 1
6 5 26 6 1
5 6 7 25 2
6 5 7 25 2
5 6 25 7 2
6 5 25 7 2
5 6 8 24 5
6 5 8 24 5
5 6 24 8 5
6 5 24 8 5
5 6 9 23 9
6 5 9 23 9
5 6 23 9 9
6 5 23 9 9
5 6 10 22 16
6 5 10 22 16
5 6 22 10 16
6 5 22 10 16
5 6 11 21 23
6 5 11 21 23
5 6 21 11 23
6 5 21 11 23
5 6 12 20 33
6 5 12 20 33
5 6 20 12 33
6 5 20 12 33
5 6 13 19 41
6 5 13 19 41
5 6 19 13 41
6 5 19 13 41
5 6 14 18 50
6 5 14 18 50
5 6 18 14 50
6 5 18 14 50
5 6 15 17 54
6 5 15 17 54
5 6 17 15 54
6 5 17 15 54
5 6 16 16 57
6 5 16 16 57
4 7 2 30 0
7 4 2 30 0
4 7 30 2 0
7 4 30 2 0
5 6 2 30 0
6 5 2 30 0
5 6 30 2 0
6 5 30 2 0
5 6 3 29 0
6 5 3 29 0
5 6 29 3 0
6 5 29 3 0
