3 20 24 44 0
20 3 24 44 0
3 20 44 24 0
20 3 44 24 0
3 20 25 43 0
20 3 25 43 0
3 20 43 25 0
20 3 43 25 0
3 20 26 42 0
20 3 26 42 0
3 20 42 26 0
20 3 42 26 0
3 20 27 41 0
20 3 27 41 0
3 20 41 27 0
20 3 41 27 0
3 20 28 40 0
20 3 28 40 0
3 20 40 28 0
20 3 40 28 0
3 20 29 39 0
20 3 29 39 0
3 20 39 29 0
20 3 39 29 0
3 20 30 38 0
20 3 30 38 0
3 20 38 30 0
20 3 38 30 0
3 20 31 37 0
20 3 31 37 0
3 20 37 31 0
20 3 37 31 0
3 20 32 36 0
20 3 32 36 0
3 20 36 32 0
20 3 36 32 0
4 19 24 44 0
19 4 24 44 0
4 19 44 24 0
19 4 44 24 0
4 19 25 43 0
19 4 25 43 0
4 19 43 25 0
19 4 43 25 0
4 19 26 42 0
19 4 26 42 0
4 19 42 26 0
19 4 42 26 0
4 19 27 41 0
19 4 27 41 0
4 19 41 27 0
19 4 41 27 0
4 19 28 40 0
19 4 28 40 0
4 19 40 28 0
19 4 40 28 0
4 19 29 39 0
19 4 29 39 0
4 19 39 29 0
19 4 39 29 0
4 19 30 38 0
19 4 30 38 0
4 19 38 30 0
19 4 38 30 0
4 19 31 37 0
19 4 31 37 0
4 19 37 31 0
19 4 37 31 0
4 19 32 36 0
19 4 32 36 0
4 19 36 32 0
19 4 36 32 0
5 18 24 44 0
18 5 24 44 0
5 18 44 24 0
18 5 44 24 0
5 18 25 43 0
18 5 25 43 0
5 18 43 25 0
18 5 43 25 0
5 18 26 42 0
18 5 26 42 0
5 18 42 26 0
18 5 42 26 0
5 18 27 41 0
18 5 27 41 0
5 18 41 27 0
18 5 41 27 0
5 18 28 40 1
18 5 28 40 1
5 18 40 28 1
18 5 40 28 1
5 18 29 39 2
18 5 29 39 2
5 18 39 29 2
18 5 39 29 2
5 18 30 38 4
18 5 30 38 4
5 18 38 30 4
18 5 38 30 4
5 18 31 37 5
18 5 31 37 5
5 18 37 31 5
18 5 37 31 5
5 18 32 36 7
18 5 32 36 7
5 18 36 32 7
18 5 36 32 7
6 17 24 44 1
17 6 24 44 1
6 17 44 24 1
17 6 44 24 1
6 17 25 43 3
17 6 25 43 3
6 17 43 25 3
17 6 43 25 3
6 17 26 42 7
17 6 26 42 7
6 17 42 26 7
17 6 42 26 7
6 17 27 41 14
17 6 27 41 14
6 17 41 27 14
17 6 41 27 14
6 17 28 40 26
17 6 28 40 26
6 17 40 28 26
17 6 40 28 26
6 17 29 39 42
17 6 29 39 42
6 17 39 29 42
17 6 39 29 42
6 17 30 38 61
17 6 30 38 61
6 17 38 30 61
17 6 38 30 61
6 17 31 37 79
17 6 31 37 79
6 17 37 31 79
17 6 37 31 79
6 17 32 36 96
17 6 32 36 96
6 17 36 32 96
17 6 36 32 96
3 20 33 35 0
20 3 33 35 0
3 20 35 33 0
20 3 35 33 0
4 19 33 35 0
19 4 33 35 0
4 19 35 33 0
19 4 35 33 0
5 18 33 35 8
18 5 33 35 8
5 18 35 33 8
18 5 35 33 8
6 17 33 35 108
17 6 33 35 108
6 17 35 33 108
17 6 35 33 108
3 20 34 34 0
20 3 34 34 0
4 19 34 34 0
19 4 34 34 0
5 18 34 34 9
18 5 34 34 9
6 17 34 34 113
17 6 34 34 113
4 19 22 46 0
19 4 22 46 0
4 19 46 22 0
19 4 46 22 0
4 19 23 45 0
19 4 23 45 0
4 19 45 23 0
19 4 45 23 0
5 18 22 46 0
18 5 22 46 0
5 18 46 22 0
18 5 46 22 0
5 18 23 45 0
18 5 23 45 0
5 18 45 23 0
18 5 45 23 0
6 17 22 46 0
17 6 22 46 0
6 17 46 22 0
17 6 46 22 0
6 17 23 45 0
17 6 23 45 0
6 17 45 23 0
17 6 45 23 0
7 16 22 46 1
16 7 22 46 1
7 16 46 22 1
16 7 46 22 1
7 16 23 45 4
16 7 23 45 4
7 16 45 23 4
16 7 45 23 4
7 16 24 44 13
16 7 24 44 13
7 16 44 24 13
16 7 44 24 13
7 16 25 43 31
16 7 25 43 31
7 16 43 25 31
16 7 43 25 31
7 16 26 42 63
16 7 26 42 63
7 16 42 26 63
16 7 42 26 63
7 16 27 41 111
16 7 27 41 111
7 16 41 27 111
16 7 41 27 111
7 16 28 40 180
16 7 28 40 180
7 16 40 28 180
16 7 40 28 180
7 16 29 39 265
16 7 29 39 265
7 16 39 29 265
16 7 39 29 265
7 16 30 38 362
16 7 30 38 362
7 16 38 30 362
16 7 38 30 362
7 16 31 37 454
16 7 31 37 454
7 16 37 31 454
16 7 37 31 454
7 16 32 36 536
16 7 32 36 536
7 16 36 32 536
16 7 36 32 536
7 16 33 35 590
16 7 33 35 590
7 16 35 33 590
16 7 35 33 590
7 16 34 34 612
16 7 34 34 612
8 15 22 46 14
15 8 22 46 14
8 15 46 22 14
15 8 46 22 14
8 15 23 45 36
15 8 23 45 36
8 15 45 23 36
15 8 45 23 36
8 15 24 44 82
15 8 24 44 82
8 15 44 24 82
15 8 44 24 82
8 15 25 43 163
15 8 25 43 163
8 15 43 25 163
15 8 43 25 163
8 15 26 42 292
15 8 26 42 292
8 15 42 26 292
15 8 42 26 292
8 15 27 41 475
15 8 27 41 475
8 15 41 27 475
15 8 41 27 475
8 15 28 40 716
15 8 28 40 716
8 15 40 28 716
15 8 40 28 716
8 15 29 39 1002
15 8 29 39 1002
8 15 39 29 1002
15 8 39 29 1002
8 15 30 38 1313
15 8 30 38 1313
8 15 38 30 1313
15 8 38 30 1313
8 15 31 37 1610
15 8 31 37 1610
8 15 37 31 1610
15 8 37 31 1610
8 15 32 36 1862
15 8 32 36 1862
8 15 36 32 1862
15 8 36 32 1862
8 15 33 35 2029
15 8 33 35 2029
8 15 35 33 2029
15 8 35 33 2029
8 15 34 34 2090
15 8 34 34 2090
9 14 24 44 263
14 9 24 44 263
9 14 44 24 263
14 9 44 24 263
9 14 25 43 483
14 9 25 43 483
9 14 43 25 483
14 9 43 25 483
9 14 26 42 816
14 9 26 42 816
9 14 42 26 816
14 9 42 26 816
9 14 27 41 1269
14 9 27 41 1269
9 14 41 27 1269
14 9 41 27 1269
9 14 28 40 1845
14 9 28 40 1845
9 14 40 28 1845
14 9 40 28 1845
9 14 29 39 2508
14 9 29 39 2508
9 14 39 29 2508
14 9 39 29 2508
9 14 30 38 3215
14 9 30 38 3215
9 14 38 30 3215
14 9 38 30 3215
9 14 31 37 3881
14 9 31 37 3881
9 14 37 31 3881
14 9 37 31 3881
9 14 32 36 4440
14 9 32 36 4440
9 14 36 32 4440
14 9 36 32 4440
9 14 33 35 4805
14 9 33 35 4805
9 14 35 33 4805
14 9 35 33 4805
9 14 34 34 4938
14 9 34 34 4938
4 19 21 47 0
19 4 21 47 0
4 19 47 21 0
19 4 47 21 0
5 18 21 47 0
18 5 21 47 0
5 18 47 21 0
18 5 47 21 0
6 17 21 47 0
17 6 21 47 0
6 17 47 21 0
17 6 47 21 0
7 16 21 47 0
16 7 21 47 0
7 16 47 21 0
16 7 47 21 0
5 18 18 50 0
18 5 18 50 0
5 18 50 18 0
18 5 50 18 0
5 18 19 49 0
18 5 19 49 0
5 18 49 19 0
18 5 49 19 0
5 18 20 48 0
18 5 20 48 0
5 18 48 20 0
18 5 48 20 0
6 17 18 50 0
17 6 18 50 0
6 17 50 18 0
17 6 50 18 0
6 17 19 49 0
17 6 19 49 0
6 17 49 19 0
17 6 49 19 0
6 17 20 48 0
17 6 20 48 0
6 17 48 20 0
17 6 48 20 0
7 16 18 50 0
16 7 18 50 0
7 16 50 18 0
16 7 50 18 0
7 16 19 49 0
16 7 19 49 0
7 16 49 19 0
16 7 49 19 0
7 16 20 48 0
16 7 20 48 0
7 16 48 20 0
16 7 48 20 0
8 15 18 50 0
15 8 18 50 0
8 15 50 18 0
15 8 50 18 0
8 15 19 49 0
15 8 19 49 0
8 15 49 19 0
15 8 49 19 0
8 15 20 48 1
15 8 20 48 1
8 15 48 20 1
15 8 48 20 1
8 15 21 47 4
15 8 21 47 4
8 15 47 21 4
15 8 47 21 4
6 17 17 51 0
17 6 17 51 0
6 17 51 17 0
17 6 51 17 0
7 16 17 51 0
16 7 17 51 0
7 16 51 17 0
16 7 51 17 0
8 15 17 51 0
15 8 17 51 0
8 15 51 17 0
15 8 51 17 0
9 14 17 51 0
14 9 17 51 0
9 14 51 17 0
14 9 51 17 0
9 14 18 50 0
14 9 18 50 0
9 14 50 18 0
14 9 50 18 0
9 14 19 49 1
14 9 19 49 1
9 14 49 19 1
14 9 49 19 1
9 14 20 48 6
14 9 20 48 6
9 14 48 20 6
14 9 48 20 6
9 14 21 47 20
14 9 21 47 20
9 14 47 21 20
14 9 47 21 20
9 14 22 46 56
14 9 22 46 56
9 14 46 22 56
14 9 46 22 56
9 14 23 45 128
14 9 23 45 128
9 14 45 23 128
14 9 45 23 128
10 13 18 50 1
13 10 18 50 1
10 13 50 18 1
13 10 50 18 1
10 13 19 49 5
13 10 19 49 5
10 13 49 19 5
13 10 49 19 5
10 13 20 48 19
13 10 20 48 19
10 13 48 20 19
13 10 48 20 19
10 13 21 47 54
13 10 21 47 54
10 13 47 21 54
13 10 47 21 54
10 13 22 46 133
13 10 22 46 133
10 13 46 22 133
13 10 46 22 133
10 13 23 45 283
13 10 23 45 283
10 13 45 23 283
13 10 45 23 283
10 13 24 44 547
13 10 24 44 547
10 13 44 24 547
13 10 44 24 547
10 13 25 43 962
13 10 25 43 962
10 13 43 25 962
13 10 43 25 962
10 13 26 42 1568
13 10 26 42 1568
10 13 42 26 1568
13 10 42 26 1568
10 13 27 41 2375
13 10 27 41 2375
10 13 41 27 2375
13 10 41 27 2375
10 13 28 40 3378
13 10 28 40 3378
10 13 40 28 3378
13 10 40 28 3378
10 13 29 39 4517
13 10 29 39 4517
10 13 39 29 4517
13 10 39 29 4517
10 13 30 38 5712
13 10 30 38 5712
10 13 38 30 5712
13 10 38 30 5712
10 13 31 37 6832
13 10 31 37 6832
10 13 37 31 6832
13 10 37 31 6832
10 13 32 36 7761
13 10 32 36 7761
10 13 36 32 7761
13 10 36 32 7761
10 13 33 35 8369
13 10 33 35 8369
10 13 35 33 8369
13 10 35 33 8369
10 13 34 34 8586
13 10 34 34 8586
11 12 21 47 84
12 11 21 47 84
11 12 47 21 84
12 11 47 21 84
11 12 22 46 198
12 11 22 46 198
11 12 46 22 198
12 11 46 22 198
11 12 23 45 410
12 11 23 45 410
11 12 45 23 410
12 11 45 23 410
11 12 24 44 774
12 11 24 44 774
11 12 44 24 774
12 11 44 24 774
11 12 25 43 1337
12 11 25 43 1337
11 12 43 25 1337
12 11 43 25 1337
11 12 26 42 2147
12 11 26 42 2147
11 12 42 26 2147
12 11 42 26 2147
11 12 27 41 3214
12 11 27 41 3214
11 12 41 27 3214
12 11 41 27 3214
11 12 28 40 4528
12 11 28 40 4528
11 12 40 28 4528
12 11 40 28 4528
11 12 29 39 6010
12 11 29 39 6010
11 12 39 29 6010
12 11 39 29 6010
11 12 30 38 7555
12 11 30 38 7555
11 12 38 30 7555
12 11 38 30 7555
11 12 31 37 8997
12 11 31 37 8997
11 12 37 31 8997
12 11 37 31 8997
11 12 32 36 10189
12 11 32 36 10189
11 12 36 32 10189
12 11 36 32 10189
11 12 33 35 10968
12 11 33 35 10968
11 12 35 33 10968
12 11 35 33 10968
11 12 34 34 11246
12 11 34 34 11246
6 17 16 52 0
17 6 16 52 0
6 17 52 16 0
17 6 52 16 0
7 16 16 52 0
16 7 16 52 0
7 16 52 16 0
16 7 52 16 0
8 15 16 52 0
15 8 16 52 0
8 15 52 16 0
15 8 52 16 0
9 14 16 52 0
14 9 16 52 0
9 14 52 16 0
14 9 52 16 0
7 16 14 54 0
16 7 14 54 0
7 16 54 14 0
16 7 54 14 0
7 16 15 53 0
16 7 15 53 0
7 16 53 15 0
16 7 53 15 0
8 15 14 54 0
15 8 14 54 0
8 15 54 14 0
15 8 54 14 0
8 15 15 53 0
15 8 15 53 0
8 15 53 15 0
15 8 53 15 0
9 14 14 54 0
14 9 14 54 0
9 14 54 14 0
14 9 54 14 0
9 14 15 53 0
14 9 15 53 0
9 14 53 15 0
14 9 53 15 0
10 13 14 54 0
13 10 14 54 0
10 13 54 14 0
13 10 54 14 0
10 13 15 53 0
13 10 15 53 0
10 13 53 15 0
13 10 53 15 0
10 13 16 52 0
13 10 16 52 0
10 13 52 16 0
13 10 52 16 0
10 13 17 51 0
13 10 17 51 0
10 13 51 17 0
13 10 51 17 0
11 12 14 54 0
12 11 14 54 0
11 12 54 14 0
12 11 54 14 0
11 12 15 53 0
12 11 15 53 0
11 12 53 15 0
12 11 53 15 0
11 12 16 52 0
12 11 16 52 0
11 12 52 16 0
12 11 52 16 0
11 12 17 51 0
12 11 17 51 0
11 12 51 17 0
12 11 51 17 0
11 12 18 50 2
12 11 18 50 2
11 12 50 18 2
12 11 50 18 2
11 12 19 49 9
12 11 19 49 9
11 12 49 19 9
12 11 49 19 9
11 12 20 48 31
12 11 20 48 31
11 12 48 20 31
12 11 48 20 31
8 15 13 55 0
15 8 13 55 0
8 15 55 13 0
15 8 55 13 0
9 14 13 55 0
14 9 13 55 0
9 14 55 13 0
14 9 55 13 0
10 13 13 55 0
13 10 13 55 0
10 13 55 13 0
13 10 55 13 0
11 12 13 55 0
12 11 13 55 0
11 12 55 13 0
12 11 55 13 0
9 14 12 56 0
14 9 12 56 0
9 14 56 12 0
14 9 56 12 0
10 13 12 56 0
13 10 12 56 0
10 13 56 12 0
13 10 56 12 0
11 12 12 56 0
12 11 12 56 0
11 12 56 12 0
12 11 56 12 0
