4 11 8 11 121
11 4 8 11 121
4 11 11 8 121
11 4 11 8 121
4 11 2 17 11
11 4 2 17 11
4 11 17 2 11
11 4 17 2 11
4 11 4 15 38
11 4 4 15 38
4 11 15 4 38
11 4 15 4 38
7 8 5 14 174
8 7 5 14 174
7 8 14 5 174
8 7 14 5 174
1 14 9 10 0
14 1 9 10 0
1 14 10 9 0
14 1 10 9 0
0 15 5 14 0
15 0 5 14 0
0 15 14 5 0
15 0 14 5 0
6 9 4 15 99
9 6 4 15 99
6 9 15 4 99
9 6 15 4 99
5 10 9 10 228
10 5 9 10 228
5 10 10 9 228
10 5 10 9 228
0 15 4 15 0
15 0 4 15 0
0 15 15 4 0
15 0 15 4 0
3 12 5 14 24
12 3 5 14 24
3 12 14 5 24
12 3 14 5 24
3 12 3 16 9
12 3 3 16 9
3 12 16 3 9
12 3 16 3 9
2 13 6 13 9
13 2 6 13 9
2 13 13 6 9
13 2 13 6 9
3 12 2 17 4
12 3 2 17 4
3 12 17 2 4
12 3 17 2 4
6 9 7 12 266
9 6 7 12 266
6 9 12 7 266
9 6 12 7 266
0 15 6 13 0
15 0 6 13 0
0 15 13 6 0
15 0 13 6 0
6 9 3 16 59
9 6 3 16 59
6 9 16 3 59
9 6 16 3 59
1 14 2 17 0
14 1 2 17 0
1 14 17 2 0
14 1 17 2 0
1 14 5 14 0
14 1 5 14 0
1 14 14 5 0
14 1 14 5 0
2 13 2 17 1
13 2 2 17 1
2 13 17 2 1
13 2 17 2 1
5 10 5 14 102
10 5 5 14 102
5 10 14 5 102
10 5 14 5 102
6 9 8 11 305
9 6 8 11 305
6 9 11 8 305
9 6 11 8 305
7 8 2 17 36
8 7 2 17 36
7 8 17 2 36
8 7 17 2 36
5 10 6 13 144
10 5 6 13 144
5 10 13 6 144
10 5 13 6 144
3 12 9 10 57
12 3 9 10 57
3 12 10 9 57
12 3 10 9 57
5 10 3 16 40
10 5 3 16 40
5 10 16 3 40
10 5 16 3 40
6 9 6 13 207
9 6 6 13 207
6 9 13 6 207
9 6 13 6 207
5 10 2 17 20
10 5 2 17 20
5 10 17 2 20
10 5 17 2 20
2 13 5 14 6
13 2 5 14 6
2 13 14 5 6
13 2 14 5 6
1 14 1 18 0
14 1 1 18 0
1 14 18 1 0
14 1 18 1 0
4 11 5 14 57
11 4 5 14 57
4 11 14 5 57
11 4 14 5 57
7 8 7 12 313
8 7 7 12 313
7 8 12 7 313
8 7 12 7 313
1 14 7 12 0
14 1 7 12 0
1 14 12 7 0
14 1 12 7 0
5 10 4 15 68
10 5 4 15 68
5 10 15 4 68
10 5 15 4 68
2 13 1 18 0
13 2 1 18 0
2 13 18 1 0
13 2 18 1 0
4 11 9 10 129
11 4 9 10 129
4 11 10 9 129
11 4 10 9 129
1 14 8 11 0
14 1 8 11 0
1 14 11 8 0
14 1 11 8 0
6 9 5 14 147
9 6 5 14 147
6 9 14 5 147
9 6 14 5 147
2 13 9 10 15
13 2 9 10 15
2 13 10 9 15
13 2 10 9 15
2 13 3 16 2
13 2 3 16 2
2 13 16 3 2
13 2 16 3 2
1 14 6 13 0
14 1 6 13 0
1 14 13 6 0
14 1 13 6 0
1 14 4 15 0
14 1 4 15 0
1 14 15 4 0
14 1 15 4 0
7 8 0 19 1
8 7 0 19 1
7 8 19 0 1
8 7 19 0 1
5 10 0 19 0
10 5 0 19 0
5 10 19 0 0
10 5 19 0 0
0 15 3 16 0
15 0 3 16 0
0 15 16 3 0
15 0 16 3 0
4 11 0 19 0
11 4 0 19 0
4 11 19 0 0
11 4 19 0 0
0 15 9 10 0
15 0 9 10 0
0 15 10 9 0
15 0 10 9 0
4 11 3 16 22
11 4 3 16 22
4 11 16 3 22
11 4 16 3 22
0 15 8 11 0
15 0 8 11 0
0 15 11 8 0
15 0 11 8 0
4 11 6 13 81
11 4 6 13 81
4 11 13 6 81
11 4 13 6 81
2 13 7 12 12
13 2 7 12 12
2 13 12 7 12
13 2 12 7 12
4 11 7 12 105
11 4 7 12 105
4 11 12 7 105
11 4 12 7 105
7 8 1 18 12
8 7 1 18 12
7 8 18 1 12
8 7 18 1 12
3 12 0 19 0
12 3 0 19 0
3 12 19 0 0
12 3 19 0 0
3 12 7 12 46
12 3 7 12 46
3 12 12 7 46
12 3 12 7 46
6 9 1 18 10
9 6 1 18 10
6 9 18 1 10
9 6 18 1 10
2 13 8 11 14
13 2 8 11 14
2 13 11 8 14
13 2 11 8 14
1 14 3 16 0
14 1 3 16 0
1 14 16 3 0
14 1 16 3 0
5 10 7 12 186
10 5 7 12 186
5 10 12 7 186
10 5 12 7 186
7 8 3 16 70
8 7 3 16 70
7 8 16 3 70
8 7 16 3 70
3 12 4 15 16
12 3 4 15 16
3 12 15 4 16
12 3 15 4 16
5 10 8 11 214
10 5 8 11 214
5 10 11 8 214
10 5 11 8 214
7 8 9 10 382
8 7 9 10 382
7 8 10 9 382
8 7 10 9 382
4 11 1 18 3
11 4 1 18 3
4 11 18 1 3
11 4 18 1 3
2 13 4 15 4
13 2 4 15 4
2 13 15 4 4
13 2 15 4 4
5 10 1 18 6
10 5 1 18 6
5 10 18 1 6
10 5 18 1 6
3 12 1 18 1
12 3 1 18 1
3 12 18 1 1
12 3 18 1 1
0 15 7 12 0
15 0 7 12 0
0 15 12 7 0
15 0 12 7 0
3 12 6 13 35
12 3 6 13 35
3 12 13 6 35
12 3 13 6 35
6 9 2 17 30
9 6 2 17 30
6 9 17 2 30
9 6 17 2 30
3 12 8 11 53
12 3 8 11 53
3 12 11 8 53
12 3 11 8 53
7 8 6 13 244
8 7 6 13 244
7 8 13 6 244
8 7 13 6 244
7 8 8 11 359
8 7 8 11 359
7 8 11 8 359
8 7 11 8 359
7 8 4 15 117
8 7 4 15 117
7 8 15 4 117
8 7 15 4 117
6 9 9 10 325
9 6 9 10 325
6 9 10 9 325
9 6 10 9 325
6 9 0 19 1
9 6 0 19 1
6 9 19 0 1
9 6 19 0 1
