11 12 4 27 74
12 11 4 27 74
11 12 27 4 74
12 11 27 4 74
9 14 8 23 584
14 9 8 23 584
9 14 23 8 584
14 9 23 8 584
11 12 15 16 4218
12 11 15 16 4218
11 12 16 15 4218
12 11 16 15 4218
11 12 12 19 3096
12 11 12 19 3096
11 12 19 12 3096
12 11 19 12 3096
5 18 5 26 3
18 5 5 26 3
5 18 26 5 3
18 5 26 5 3
3 20 10 21 0
20 3 10 21 0
3 20 21 10 0
20 3 21 10 0
4 19 14 17 17
19 4 14 17 17
4 19 17 14 17
19 4 17 14 17
4 19 10 21 6
19 4 10 21 6
4 19 21 10 6
19 4 21 10 6
5 18 14 17 110
18 5 14 17 110
5 18 17 14 110
18 5 17 14 110
11 12 10 21 1917
12 11 10 21 1917
11 12 21 10 1917
12 11 21 10 1917
3 20 11 20 0
20 3 11 20 0
3 20 20 11 0
20 3 20 11 0
8 15 14 17 1626
15 8 14 17 1626
8 15 17 14 1626
15 8 17 14 1626
10 13 9 22 1189
13 10 9 22 1189
10 13 22 9 1189
13 10 22 9 1189
6 17 11 20 210
17 6 11 20 210
6 17 20 11 210
17 6 20 11 210
9 14 4 27 46
14 9 4 27 46
9 14 27 4 46
14 9 27 4 46
3 20 14 17 0
20 3 14 17 0
3 20 17 14 0
20 3 17 14 0
3 20 4 27 0
20 3 4 27 0
3 20 27 4 0
20 3 27 4 0
5 18 4 27 1
18 5 4 27 1
5 18 27 4 1
18 5 27 4 1
2 21 14 17 0
21 2 14 17 0
2 21 17 14 0
21 2 17 14 0
5 18 6 25 6
18 5 6 25 6
5 18 25 6 6
18 5 25 6 6
0 23 14 17 0
23 0 14 17 0
0 23 17 14 0
23 0 17 14 0
9 14 12 19 1980
14 9 12 19 1980
9 14 19 12 1980
14 9 19 12 1980
8 15 3 28 9
15 8 3 28 9
8 15 28 3 9
15 8 28 3 9
6 17 12 19 263
17 6 12 19 263
6 17 19 12 263
17 6 19 12 263
10 13 10 21 1656
13 10 10 21 1656
10 13 21 10 1656
13 10 21 10 1656
7 16 10 21 394
16 7 10 21 394
7 16 21 10 394
16 7 21 10 394
11 12 0 31 0
12 11 0 31 0
11 12 31 0 0
12 11 31 0 0
6 17 9 22 110
17 6 9 22 110
6 17 22 9 110
17 6 22 9 110
4 19 13 18 15
19 4 13 18 15
4 19 18 13 15
19 4 18 13 15
8 15 4 27 27
15 8 4 27 27
8 15 27 4 27
15 8 27 4 27
10 13 15 16 3654
13 10 15 16 3654
10 13 16 15 3654
13 10 16 15 3654
9 14 5 26 104
14 9 5 26 104
9 14 26 5 104
14 9 26 5 104
0 23 13 18 0
23 0 13 18 0
0 23 18 13 0
23 0 18 13 0
9 14 1 30 0
14 9 1 30 0
9 14 30 1 0
14 9 30 1 0
4 19 6 25 0
19 4 6 25 0
4 19 25 6 0
19 4 25 6 0
7 16 5 26 31
16 7 5 26 31
7 16 26 5 31
16 7 26 5 31
7 16 8 23 184
16 7 8 23 184
7 16 23 8 184
16 7 23 8 184
11 12 7 24 571
12 11 7 24 571
11 12 24 7 571
12 11 24 7 571
3 20 3 28 0
20 3 3 28 0
3 20 28 3 0
20 3 28 3 0
2 21 5 26 0
21 2 5 26 0
2 21 26 5 0
21 2 26 5 0
9 14 9 22 874
14 9 9 22 874
9 14 22 9 874
14 9 22 9 874
8 15 9 22 545
15 8 9 22 545
8 15 22 9 545
15 8 22 9 545
1 22 6 25 0
22 1 6 25 0
1 22 25 6 0
22 1 25 6 0
1 22 7 24 0
22 1 7 24 0
1 22 24 7 0
22 1 24 7 0
10 13 13 18 3137
13 10 13 18 3137
10 13 18 13 3137
13 10 18 13 3137
2 21 10 21 0
21 2 10 21 0
2 21 21 10 0
21 2 21 10 0
6 17 7 24 42
17 6 7 24 42
6 17 24 7 42
17 6 24 7 42
3 20 12 19 0
20 3 12 19 0
3 20 19 12 0
20 3 19 12 0
2 21 13 18 0
21 2 13 18 0
2 21 18 13 0
21 2 18 13 0
9 14 13 18 2321
14 9 13 18 2321
9 14 18 13 2321
14 9 18 13 2321
5 18 3 28 0
18 5 3 28 0
5 18 28 3 0
18 5 28 3 0
1 22 12 19 0
22 1 12 19 0
1 22 19 12 0
22 1 19 12 0
4 19 4 27 0
19 4 4 27 0
4 19 27 4 0
19 4 27 4 0
7 16 11 20 521
16 7 11 20 521
7 16 20 11 521
16 7 20 11 521
6 17 3 28 1
17 6 3 28 1
6 17 28 3 1
17 6 28 3 1
11 12 11 20 2506
12 11 11 20 2506
11 12 20 11 2506
12 11 20 11 2506
3 20 15 16 0
20 3 15 16 0
3 20 16 15 0
20 3 16 15 0
7 16 1 30 0
16 7 1 30 0
7 16 30 1 0
16 7 30 1 0
7 16 12 19 649
16 7 12 19 649
7 16 19 12 649
16 7 19 12 649
8 15 8 23 362
15 8 8 23 362
8 15 23 8 362
15 8 23 8 362
2 21 9 22 0
21 2 9 22 0
2 21 22 9 0
21 2 22 9 0
6 17 15 16 367
17 6 15 16 367
6 17 16 15 367
17 6 16 15 367
0 23 12 19 0
23 0 12 19 0
0 23 19 12 0
23 0 19 12 0
6 17 2 29 0
17 6 2 29 0
6 17 29 2 0
17 6 29 2 0
11 12 9 22 1378
12 11 9 22 1378
11 12 22 9 1378
12 11 22 9 1378
8 15 10 21 764
15 8 10 21 764
8 15 21 10 764
15 8 21 10 764
11 12 14 17 4012
12 11 14 17 4012
11 12 17 14 4012
12 11 17 14 4012
1 22 10 21 0
22 1 10 21 0
1 22 21 10 0
22 1 21 10 0
10 13 3 28 22
13 10 3 28 22
10 13 28 3 22
13 10 28 3 22
7 16 4 27 13
16 7 4 27 13
7 16 27 4 13
16 7 27 4 13
8 15 1 30 0
15 8 1 30 0
8 15 30 1 0
15 8 30 1 0
7 16 7 24 111
16 7 7 24 111
7 16 24 7 111
16 7 24 7 111
7 16 9 22 279
16 7 9 22 279
7 16 22 9 279
16 7 22 9 279
6 17 8 23 71
17 6 8 23 71
6 17 23 8 71
17 6 23 8 71
6 17 1 30 0
17 6 1 30 0
6 17 30 1 0
17 6 30 1 0
4 19 5 26 0
19 4 5 26 0
4 19 26 5 0
19 4 26 5 0
2 21 8 23 0
21 2 8 23 0
2 21 23 8 0
21 2 23 8 0
5 18 13 18 98
18 5 13 18 98
5 18 18 13 98
18 5 18 13 98
2 21 11 20 0
21 2 11 20 0
2 21 20 11 0
21 2 20 11 0
8 15 12 19 1247
15 8 12 19 1247
8 15 19 12 1247
15 8 19 12 1247
5 18 7 24 12
18 5 7 24 12
5 18 24 7 12
18 5 24 7 12
5 18 12 19 82
18 5 12 19 82
5 18 19 12 82
18 5 19 12 82
5 18 10 21 48
18 5 10 21 48
5 18 21 10 48
18 5 21 10 48
0 23 15 16 0
23 0 15 16 0
0 23 16 15 0
23 0 16 15 0
2 21 7 24 0
21 2 7 24 0
2 21 24 7 0
21 2 24 7 0
10 13 14 17 3475
13 10 14 17 3475
10 13 17 14 3475
13 10 17 14 3475
9 14 6 25 202
14 9 6 25 202
9 14 25 6 202
14 9 25 6 202
8 15 15 16 1711
15 8 15 16 1711
8 15 16 15 1711
15 8 16 15 1711
4 19 11 20 9
19 4 11 20 9
4 19 20 11 9
19 4 20 11 9
11 12 6 25 323
12 11 6 25 323
11 12 25 6 323
12 11 25 6 323
11 12 2 29 6
12 11 2 29 6
11 12 29 2 6
12 11 29 2 6
8 15 6 25 123
15 8 6 25 123
8 15 25 6 123
15 8 25 6 123
9 14 15 16 2706
14 9 15 16 2706
9 14 16 15 2706
14 9 16 15 2706
11 12 5 26 167
12 11 5 26 167
11 12 26 5 167
12 11 26 5 167
10 13 0 31 0
13 10 0 31 0
10 13 31 0 0
13 10 31 0 0
9 14 10 21 1220
14 9 10 21 1220
9 14 21 10 1220
14 9 21 10 1220
6 17 14 17 348
17 6 14 17 348
6 17 17 14 348
17 6 17 14 348
4 19 12 19 12
19 4 12 19 12
4 19 19 12 12
19 4 19 12 12
7 16 6 25 61
16 7 6 25 61
7 16 25 6 61
16 7 25 6 61
2 21 12 19 0
21 2 12 19 0
2 21 19 12 0
21 2 19 12 0
9 14 14 17 2573
14 9 14 17 2573
9 14 17 14 2573
14 9 17 14 2573
10 13 4 27 63
13 10 4 27 63
10 13 27 4 63
13 10 27 4 63
6 17 6 25 22
17 6 6 25 22
6 17 25 6 22
17 6 25 6 22
11 12 1 30 0
12 11 1 30 0
11 12 30 1 0
12 11 30 1 0
1 22 13 18 0
22 1 13 18 0
1 22 18 13 0
22 1 18 13 0
7 16 13 18 765
16 7 13 18 765
7 16 18 13 765
16 7 18 13 765
9 14 11 20 1599
14 9 11 20 1599
9 14 20 11 1599
14 9 20 11 1599
1 22 14 17 0
22 1 14 17 0
1 22 17 14 0
22 1 17 14 0
5 18 9 22 33
18 5 9 22 33
5 18 22 9 33
18 5 22 9 33
6 17 4 27 4
17 6 4 27 4
6 17 27 4 4
17 6 27 4 4
8 15 11 20 1005
15 8 11 20 1005
8 15 20 11 1005
15 8 20 11 1005
7 16 15 16 896
16 7 15 16 896
7 16 16 15 896
16 7 16 15 896
4 19 7 24 1
19 4 7 24 1
4 19 24 7 1
19 4 24 7 1
5 18 11 20 65
18 5 11 20 65
5 18 20 11 65
18 5 20 11 65
3 20 7 24 0
20 3 7 24 0
3 20 24 7 0
20 3 24 7 0
10 13 6 25 277
13 10 6 25 277
10 13 25 6 277
13 10 25 6 277
2 21 6 25 0
21 2 6 25 0
2 21 25 6 0
21 2 25 6 0
1 22 11 20 0
22 1 11 20 0
1 22 20 11 0
22 1 20 11 0
6 17 5 26 11
17 6 5 26 11
6 17 26 5 11
17 6 26 5 11
10 13 12 19 2679
13 10 12 19 2679
10 13 19 12 2679
13 10 19 12 2679
7 16 3 28 4
16 7 3 28 4
7 16 28 3 4
16 7 28 3 4
9 14 7 24 359
14 9 7 24 359
9 14 24 7 359
14 9 24 7 359
8 15 5 26 63
15 8 5 26 63
8 15 26 5 63
15 8 26 5 63
11 12 8 23 924
12 11 8 23 924
11 12 23 8 924
12 11 23 8 924
10 13 1 30 0
13 10 1 30 0
10 13 30 1 0
13 10 30 1 0
10 13 11 20 2167
13 10 11 20 2167
10 13 20 11 2167
13 10 20 11 2167
10 13 7 24 491
13 10 7 24 491
10 13 24 7 491
13 10 24 7 491
11 12 13 18 3623
12 11 13 18 3623
11 12 18 13 3623
12 11 18 13 3623
7 16 2 29 1
16 7 2 29 1
7 16 29 2 1
16 7 29 2 1
10 13 5 26 143
13 10 5 26 143
10 13 26 5 143
13 10 26 5 143
6 17 10 21 157
17 6 10 21 157
6 17 21 10 157
17 6 21 10 157
6 17 13 18 312
17 6 13 18 312
6 17 18 13 312
17 6 18 13 312
0 23 11 20 0
23 0 11 20 0
0 23 20 11 0
23 0 20 11 0
7 16 14 17 851
16 7 14 17 851
7 16 17 14 851
16 7 17 14 851
3 20 8 23 0
20 3 8 23 0
3 20 23 8 0
20 3 23 8 0
4 19 8 23 2
19 4 8 23 2
4 19 23 8 2
19 4 23 8 2
4 19 9 22 4
19 4 9 22 4
4 19 22 9 4
19 4 22 9 4
3 20 5 26 0
20 3 5 26 0
3 20 26 5 0
20 3 26 5 0
1 22 9 22 0
22 1 9 22 0
1 22 22 9 0
22 1 22 9 0
4 19 3 28 0
19 4 3 28 0
4 19 28 3 0
19 4 28 3 0
8 15 7 24 221
15 8 7 24 221
8 15 24 7 221
15 8 24 7 221
5 18 15 16 116
18 5 15 16 116
5 18 16 15 116
18 5 16 15 116
10 13 2 29 5
13 10 2 29 5
10 13 29 2 5
13 10 29 2 5
5 18 8 23 21
18 5 8 23 21
5 18 23 8 21
18 5 23 8 21
3 20 13 18 0
20 3 13 18 0
3 20 18 13 0
20 3 18 13 0
2 21 15 16 0
21 2 15 16 0
2 21 16 15 0
21 2 16 15 0
4 19 2 29 0
19 4 2 29 0
4 19 29 2 0
19 4 29 2 0
4 19 15 16 18
19 4 15 16 18
4 19 16 15 18
19 4 16 15 18
0 23 10 21 0
23 0 10 21 0
0 23 21 10 0
23 0 21 10 0
1 22 15 16 0
22 1 15 16 0
1 22 16 15 0
22 1 16 15 0
8 15 13 18 1465
15 8 13 18 1465
8 15 18 13 1465
15 8 18 13 1465
3 20 9 22 0
20 3 9 22 0
3 20 22 9 0
20 3 22 9 0
9 14 2 29 4
14 9 2 29 4
9 14 29 2 4
14 9 29 2 4
8 15 2 29 2
15 8 2 29 2
8 15 29 2 2
15 8 29 2 2
2 21 4 27 0
21 2 4 27 0
2 21 27 4 0
21 2 27 4 0
10 13 8 23 796
13 10 8 23 796
10 13 23 8 796
13 10 23 8 796
11 12 3 28 26
12 11 3 28 26
11 12 28 3 26
12 11 28 3 26
9 14 3 28 16
14 9 3 28 16
9 14 28 3 16
14 9 28 3 16
1 22 8 23 0
22 1 8 23 0
1 22 23 8 0
22 1 23 8 0
3 20 6 25 0
20 3 6 25 0
3 20 25 6 0
20 3 25 6 0
5 18 2 29 0
18 5 2 29 0
5 18 29 2 0
18 5 29 2 0
