11 16 18 19 2801
16 11 18 19 2801
11 16 19 18 2801
16 11 19 18 2801
8 19 6 31 5
19 8 6 31 5
8 19 31 6 5
19 8 31 6 5
10 17 14 23 1054
17 10 14 23 1054
10 17 23 14 1054
17 10 23 14 1054
13 14 4 33 13
14 13 4 33 13
13 14 33 4 13
14 13 33 4 13
7 20 7 30 4
20 7 7 30 4
7 20 30 7 4
20 7 30 7 4
13 14 9 28 569
14 13 9 28 569
13 14 28 9 569
14 13 28 9 569
8 19 17 20 248
19 8 17 20 248
8 19 20 17 248
19 8 20 17 248
8 19 14 23 171
19 8 14 23 171
8 19 23 14 171
19 8 23 14 171
2 25 7 30 0
25 2 7 30 0
2 25 30 7 0
25 2 30 7 0
6 21 5 32 0
21 6 5 32 0
6 21 32 5 0
21 6 32 5 0
11 16 13 24 1451
16 11 13 24 1451
11 16 24 13 1451
16 11 24 13 1451
8 19 11 26 78
19 8 11 26 78
8 19 26 11 78
19 8 26 11 78
2 25 13 24 0
25 2 13 24 0
2 25 24 13 0
25 2 24 13 0
9 18 2 35 0
18 9 2 35 0
9 18 35 2 0
18 9 35 2 0
7 20 8 29 7
20 7 8 29 7
7 20 29 8 7
20 7 29 8 7
6 21 17 20 0
21 6 17 20 0
6 21 20 17 0
21 6 20 17 0
10 17 11 26 466
17 10 11 26 466
10 17 26 11 466
17 10 26 11 466
12 15 3 34 4
15 12 3 34 4
12 15 34 3 4
15 12 34 3 4
13 14 14 23 2998
14 13 14 23 2998
13 14 23 14 2998
14 13 23 14 2998
4 23 18 19 0
23 4 18 19 0
4 23 19 18 0
23 4 19 18 0
11 16 8 29 208
16 11 8 29 208
11 16 29 8 208
16 11 29 8 208
5 22 11 26 0
22 5 11 26 0
5 22 26 11 0
22 5 26 11 0
5 22 18 19 0
22 5 18 19 0
5 22 19 18 0
22 5 19 18 0
7 20 15 22 53
20 7 15 22 53
7 20 22 15 53
20 7 22 15 53
13 14 2 35 0
14 13 2 35 0
13 14 35 2 0
14 13 35 2 0
5 22 8 29 0
22 5 8 29 0
5 22 29 8 0
22 5 29 8 0
5 22 7 30 0
22 5 7 30 0
5 22 30 7 0
22 5 30 7 0
11 16 7 30 115
16 11 7 30 115
11 16 30 7 115
16 11 30 7 115
8 19 2 35 0
19 8 2 35 0
8 19 35 2 0
19 8 35 2 0
4 23 6 31 0
23 4 6 31 0
4 23 31 6 0
23 4 31 6 0
10 17 16 21 1427
17 10 16 21 1427
10 17 21 16 1427
17 10 21 16 1427
6 21 3 34 0
21 6 3 34 0
6 21 34 3 0
21 6 34 3 0
3 24 18 19 0
24 3 18 19 0
3 24 19 18 0
24 3 19 18 0
9 18 6 31 16
18 9 6 31 16
9 18 31 6 16
18 9 31 6 16
13 14 12 25 1817
14 13 12 25 1817
13 14 25 12 1817
14 13 25 12 1817
11 16 3 34 3
16 11 3 34 3
11 16 34 3 3
16 11 34 3 3
5 22 17 20 0
22 5 17 20 0
5 22 20 17 0
22 5 20 17 0
3 24 10 27 0
24 3 10 27 0
3 24 27 10 0
24 3 27 10 0
12 15 10 27 756
15 12 10 27 756
12 15 27 10 756
15 12 27 10 756
2 25 12 25 0
25 2 12 25 0
2 25 25 12 0
25 2 25 12 0
12 15 13 24 2027
15 12 13 24 2027
12 15 24 13 2027
15 12 24 13 2027
12 15 14 23 2535
15 12 14 23 2535
12 15 23 14 2535
15 12 23 14 2535
7 20 2 35 0
20 7 2 35 0
7 20 35 2 0
20 7 35 2 0
11 16 1 36 0
16 11 1 36 0
11 16 36 1 0
16 11 36 1 0
8 19 16 21 228
19 8 16 21 228
8 19 21 16 228
19 8 21 16 228
7 20 12 25 30
20 7 12 25 30
7 20 25 12 30
20 7 25 12 30
9 18 3 34 1
18 9 3 34 1
9 18 34 3 1
18 9 34 3 1
4 23 8 29 0
23 4 8 29 0
4 23 29 8 0
23 4 29 8 0
9 18 13 24 407
18 9 13 24 407
9 18 24 13 407
18 9 24 13 407
7 20 17 20 64
20 7 17 20 64
7 20 20 17 64
20 7 20 17 64
5 22 12 25 0
22 5 12 25 0
5 22 25 12 0
22 5 25 12 0
11 16 14 23 1813
16 11 14 23 1813
11 16 23 14 1813
16 11 23 14 1813
4 23 10 27 0
23 4 10 27 0
4 23 27 10 0
23 4 27 10 0
11 16 2 35 0
16 11 2 35 0
11 16 35 2 0
16 11 35 2 0
1 26 11 26 0
26 1 11 26 0
1 26 26 11 0
26 1 26 11 0
4 23 12 25 0
23 4 12 25 0
4 23 25 12 0
23 4 25 12 0
8 19 13 24 138
19 8 13 24 138
8 19 24 13 138
19 8 24 13 138
3 24 7 30 0
24 3 7 30 0
3 24 30 7 0
24 3 30 7 0
7 20 6 31 2
20 7 6 31 2
7 20 31 6 2
20 7 31 6 2
9 18 8 29 59
18 9 8 29 59
9 18 29 8 59
18 9 29 8 59
11 16 11 26 799
16 11 11 26 799
11 16 26 11 799
16 11 26 11 799
9 18 16 21 681
18 9 16 21 681
9 18 21 16 681
18 9 21 16 681
9 18 4 33 2
18 9 4 33 2
9 18 33 4 2
18 9 33 4 2
2 25 10 27 0
25 2 10 27 0
2 25 27 10 0
25 2 27 10 0
2 25 11 26 0
25 2 11 26 0
2 25 26 11 0
25 2 26 11 0
13 14 16 21 4077
14 13 16 21 4077
13 14 21 16 4077
14 13 21 16 4077
11 16 10 27 544
16 11 10 27 544
11 16 27 10 544
16 11 27 10 544
4 23 14 23 0
23 4 14 23 0
4 23 23 14 0
23 4 23 14 0
9 18 12 25 311
18 9 12 25 311
9 18 25 12 311
18 9 25 12 311
6 21 10 27 0
21 6 10 27 0
6 21 27 10 0
21 6 27 10 0
10 17 12 25 642
17 10 12 25 642
10 17 25 12 642
17 10 25 12 642
10 17 15 22 1255
17 10 15 22 1255
10 17 22 15 1255
17 10 22 15 1255
7 20 16 21 59
20 7 16 21 59
7 20 21 16 59
20 7 21 16 59
12 15 1 36 0
15 12 1 36 0
12 15 36 1 0
15 12 36 1 0
4 23 16 21 0
23 4 16 21 0
4 23 21 16 0
23 4 21 16 0
12 15 16 21 3446
15 12 16 21 3446
12 15 21 16 3446
15 12 21 16 3446
13 14 15 22 3578
14 13 15 22 3578
13 14 22 15 3578
14 13 22 15 3578
4 23 7 30 0
23 4 7 30 0
4 23 30 7 0
23 4 30 7 0
13 14 3 34 4
14 13 3 34 4
13 14 34 3 4
14 13 34 3 4
11 16 4 33 9
16 11 4 33 9
11 16 33 4 9
16 11 33 4 9
9 18 7 30 33
18 9 7 30 33
9 18 30 7 33
18 9 30 7 33
6 21 7 30 0
21 6 7 30 0
6 21 30 7 0
21 6 30 7 0
3 24 8 29 0
24 3 8 29 0
3 24 29 8 0
24 3 29 8 0
5 22 14 23 0
22 5 14 23 0
5 22 23 14 0
22 5 23 14 0
10 17 2 35 0
17 10 2 35 0
10 17 35 2 0
17 10 35 2 0
8 19 15 22 202
19 8 15 22 202
8 19 22 15 202
19 8 22 15 202
5 22 5 32 0
22 5 5 32 0
5 22 32 5 0
22 5 32 5 0
6 21 11 26 0
21 6 11 26 0
6 21 26 11 0
21 6 26 11 0
6 21 14 23 0
21 6 14 23 0
6 21 23 14 0
21 6 23 14 0
1 26 15 22 0
26 1 15 22 0
1 26 22 15 0
26 1 22 15 0
10 17 9 28 204
17 10 9 28 204
10 17 28 9 204
17 10 28 9 204
5 22 4 33 0
22 5 4 33 0
5 22 33 4 0
22 5 33 4 0
0 27 16 21 0
27 0 16 21 0
0 27 21 16 0
27 0 21 16 0
7 20 10 27 16
20 7 10 27 16
7 20 27 10 16
20 7 27 10 16
10 17 17 20 1556
17 10 17 20 1556
10 17 20 17 1556
17 10 20 17 1556
9 18 15 22 601
18 9 15 22 601
9 18 22 15 601
18 9 22 15 601
10 17 5 32 15
17 10 5 32 15
10 17 32 5 15
17 10 32 5 15
12 15 7 30 158
15 12 7 30 158
12 15 30 7 158
15 12 30 7 158
7 20 14 23 46
20 7 14 23 46
7 20 23 14 46
20 7 23 14 46
3 24 14 23 0
24 3 14 23 0
3 24 23 14 0
24 3 23 14 0
11 16 12 25 1103
16 11 12 25 1103
11 16 25 12 1103
16 11 25 12 1103
12 15 6 31 78
15 12 6 31 78
12 15 31 6 78
15 12 31 6 78
8 19 5 32 2
19 8 5 32 2
8 19 32 5 2
19 8 32 5 2
0 27 15 22 0
27 0 15 22 0
0 27 22 15 0
27 0 22 15 0
7 20 11 26 23
20 7 11 26 23
7 20 26 11 23
20 7 26 11 23
12 15 11 26 1112
15 12 11 26 1112
12 15 26 11 1112
15 12 26 11 1112
1 26 10 27 0
26 1 10 27 0
1 26 27 10 0
26 1 27 10 0
0 27 17 20 0
27 0 17 20 0
0 27 20 17 0
27 0 20 17 0
4 23 9 28 0
23 4 9 28 0
4 23 28 9 0
23 4 28 9 0
7 20 13 24 38
20 7 13 24 38
7 20 24 13 38
20 7 24 13 38
10 17 13 24 844
17 10 13 24 844
10 17 24 13 844
17 10 24 13 844
12 15 17 20 3759
15 12 17 20 3759
12 15 20 17 3759
15 12 20 17 3759
13 14 1 36 0
14 13 1 36 0
13 14 36 1 0
14 13 36 1 0
13 14 13 24 2395
14 13 13 24 2395
13 14 24 13 2395
14 13 24 13 2395
8 19 7 30 11
19 8 7 30 11
8 19 30 7 11
19 8 30 7 11
4 23 11 26 0
23 4 11 26 0
4 23 26 11 0
23 4 26 11 0
12 15 4 33 12
15 12 4 33 12
12 15 33 4 12
15 12 33 4 12
1 26 12 25 0
26 1 12 25 0
1 26 25 12 0
26 1 25 12 0
9 18 17 20 741
18 9 17 20 741
9 18 20 17 741
18 9 20 17 741
11 16 15 22 2161
16 11 15 22 2161
11 16 22 15 2161
16 11 22 15 2161
1 26 16 21 0
26 1 16 21 0
1 26 21 16 0
26 1 21 16 0
7 20 5 32 1
20 7 5 32 1
7 20 32 5 1
20 7 32 5 1
13 14 11 26 1312
14 13 11 26 1312
13 14 26 11 1312
14 13 26 11 1312
8 19 8 29 20
19 8 8 29 20
8 19 29 8 20
19 8 29 8 20
10 17 7 30 67
17 10 7 30 67
10 17 30 7 67
17 10 30 7 67
2 25 17 20 0
25 2 17 20 0
2 25 20 17 0
25 2 20 17 0
0 27 18 19 0
27 0 18 19 0
0 27 19 18 0
27 0 19 18 0
12 15 12 25 1539
15 12 12 25 1539
12 15 25 12 1539
15 12 25 12 1539
11 16 16 21 2460
16 11 16 21 2460
11 16 21 16 2460
16 11 21 16 2460
1 26 14 23 0
26 1 14 23 0
1 26 23 14 0
26 1 23 14 0
10 17 8 29 121
17 10 8 29 121
10 17 29 8 121
17 10 29 8 121
6 21 16 21 0
21 6 16 21 0
6 21 21 16 0
21 6 21 16 0
3 24 16 21 0
24 3 16 21 0
3 24 21 16 0
24 3 21 16 0
2 25 15 22 0
25 2 15 22 0
2 25 22 15 0
25 2 22 15 0
13 14 6 31 90
14 13 6 31 90
13 14 31 6 90
14 13 31 6 90
6 21 18 19 0
21 6 18 19 0
6 21 19 18 0
21 6 19 18 0
9 18 14 23 506
18 9 14 23 506
9 18 23 14 506
18 9 23 14 506
3 24 12 25 0
24 3 12 25 0
3 24 25 12 0
24 3 25 12 0
2 25 8 29 0
25 2 8 29 0
2 25 29 8 0
25 2 29 8 0
12 15 18 19 3926
15 12 18 19 3926
12 15 19 18 3926
15 12 19 18 3926
8 19 18 19 258
19 8 18 19 258
8 19 19 18 258
19 8 19 18 258
5 22 15 22 0
22 5 15 22 0
5 22 22 15 0
22 5 22 15 0
10 17 1 36 0
17 10 1 36 0
10 17 36 1 0
17 10 36 1 0
13 14 7 30 184
14 13 7 30 184
13 14 30 7 184
14 13 30 7 184
9 18 18 19 773
18 9 18 19 773
9 18 19 18 773
18 9 19 18 773
6 21 12 25 0
21 6 12 25 0
6 21 25 12 0
21 6 25 12 0
12 15 15 22 3025
15 12 15 22 3025
12 15 22 15 3025
15 12 22 15 3025
6 21 8 29 0
21 6 8 29 0
6 21 29 8 0
21 6 29 8 0
6 21 4 33 0
21 6 4 33 0
6 21 33 4 0
21 6 33 4 0
8 19 9 28 34
19 8 9 28 34
8 19 28 9 34
19 8 28 9 34
1 26 13 24 0
26 1 13 24 0
1 26 24 13 0
26 1 24 13 0
4 23 4 33 0
23 4 4 33 0
4 23 33 4 0
23 4 33 4 0
8 19 12 25 106
19 8 12 25 106
8 19 25 12 106
19 8 25 12 106
3 24 17 20 0
24 3 17 20 0
3 24 20 17 0
24 3 20 17 0
12 15 2 35 0
15 12 2 35 0
12 15 35 2 0
15 12 35 2 0
6 21 15 22 0
21 6 15 22 0
6 21 22 15 0
21 6 22 15 0
13 14 10 27 890
14 13 10 27 890
13 14 27 10 890
14 13 27 10 890
11 16 17 20 2683
16 11 17 20 2683
11 16 20 17 2683
16 11 20 17 2683
13 14 18 19 4646
14 13 18 19 4646
13 14 19 18 4646
14 13 19 18 4646
5 22 13 24 0
22 5 13 24 0
5 22 24 13 0
22 5 24 13 0
6 21 6 31 0
21 6 6 31 0
6 21 31 6 0
21 6 31 6 0
4 23 13 24 0
23 4 13 24 0
4 23 24 13 0
23 4 24 13 0
5 22 9 28 0
22 5 9 28 0
5 22 28 9 0
22 5 28 9 0
5 22 16 21 0
22 5 16 21 0
5 22 21 16 0
22 5 21 16 0
7 20 9 28 11
20 7 9 28 11
7 20 28 9 11
20 7 28 9 11
11 16 5 32 26
16 11 5 32 26
11 16 32 5 26
16 11 32 5 26
13 14 8 29 336
14 13 8 29 336
13 14 29 8 336
14 13 29 8 336
10 17 18 19 1624
17 10 18 19 1624
10 17 19 18 1624
17 10 19 18 1624
4 23 5 32 0
23 4 5 32 0
4 23 32 5 0
23 4 32 5 0
1 26 18 19 0
26 1 18 19 0
1 26 19 18 0
26 1 19 18 0
2 25 18 19 0
25 2 18 19 0
2 25 19 18 0
25 2 19 18 0
11 16 9 28 350
16 11 9 28 350
11 16 28 9 350
16 11 28 9 350
7 20 3 34 0
20 7 3 34 0
7 20 34 3 0
20 7 34 3 0
3 24 13 24 0
24 3 13 24 0
3 24 24 13 0
24 3 24 13 0
8 19 4 33 0
19 8 4 33 0
8 19 33 4 0
19 8 33 4 0
2 25 9 28 0
25 2 9 28 0
2 25 28 9 0
25 2 28 9 0
10 17 4 33 5
17 10 4 33 5
10 17 33 4 5
17 10 33 4 5
9 18 5 32 7
18 9 5 32 7
9 18 32 5 7
18 9 32 5 7
6 21 13 24 0
21 6 13 24 0
6 21 24 13 0
21 6 24 13 0
2 25 16 21 0
25 2 16 21 0
2 25 21 16 0
25 2 21 16 0
12 15 9 28 485
15 12 9 28 485
12 15 28 9 485
15 12 28 9 485
3 24 15 22 0
24 3 15 22 0
3 24 22 15 0
24 3 22 15 0
5 22 10 27 0
22 5 10 27 0
5 22 27 10 0
22 5 27 10 0
7 20 4 33 0
20 7 4 33 0
7 20 33 4 0
20 7 33 4 0
10 17 10 27 317
17 10 10 27 317
10 17 27 10 317
17 10 27 10 317
8 19 3 34 0
19 8 3 34 0
8 19 34 3 0
19 8 34 3 0
4 23 17 20 0
23 4 17 20 0
4 23 20 17 0
23 4 20 17 0
10 17 6 31 33
17 10 6 31 33
10 17 31 6 33
17 10 31 6 33
3 24 11 26 0
24 3 11 26 0
3 24 26 11 0
24 3 26 11 0
3 24 6 31 0
24 3 6 31 0
3 24 31 6 0
24 3 31 6 0
12 15 8 29 287
15 12 8 29 287
12 15 29 8 287
15 12 29 8 287
11 16 6 31 57
16 11 6 31 57
11 16 31 6 57
16 11 31 6 57
2 25 14 23 0
25 2 14 23 0
2 25 23 14 0
25 2 23 14 0
8 19 10 27 53
19 8 10 27 53
8 19 27 10 53
19 8 27 10 53
13 14 17 20 4449
14 13 17 20 4449
13 14 20 17 4449
14 13 20 17 4449
3 24 9 28 0
24 3 9 28 0
3 24 28 9 0
24 3 28 9 0
13 14 5 32 40
14 13 5 32 40
13 14 32 5 40
14 13 32 5 40
10 17 3 34 2
17 10 3 34 2
10 17 34 3 2
17 10 34 3 2
9 18 10 27 155
18 9 10 27 155
9 18 27 10 155
18 9 27 10 155
5 22 6 31 0
22 5 6 31 0
5 22 31 6 0
22 5 31 6 0
1 26 17 20 0
26 1 17 20 0
1 26 20 17 0
26 1 20 17 0
9 18 9 28 100
18 9 9 28 100
9 18 28 9 100
18 9 28 9 100
12 15 5 32 35
15 12 5 32 35
12 15 32 5 35
15 12 32 5 35
9 18 11 26 227
18 9 11 26 227
9 18 26 11 227
18 9 26 11 227
4 23 15 22 0
23 4 15 22 0
4 23 22 15 0
23 4 22 15 0
6 21 9 28 0
21 6 9 28 0
6 21 28 9 0
21 6 28 9 0
7 20 18 19 66
20 7 18 19 66
7 20 19 18 66
20 7 19 18 66
