3 16 1 24 0
16 3 1 24 0
3 16 24 1 0
16 3 24 1 0
4 15 9 16 77
15 4 9 16 77
4 15 16 9 77
15 4 16 9 77
6 13 12 13 615
13 6 12 13 615
6 13 13 12 615
13 6 13 12 615
2 17 2 23 0
17 2 2 23 0
2 17 23 2 0
17 2 23 2 0
3 16 2 23 0
16 3 2 23 0
3 16 23 2 0
16 3 23 2 0
1 18 9 16 0
18 1 9 16 0
1 18 16 9 0
18 1 16 9 0
4 15 1 24 0
15 4 1 24 0
4 15 24 1 0
15 4 24 1 0
9 10 8 17 858
10 9 8 17 858
9 10 17 8 858
10 9 17 8 858
9 10 3 22 64
10 9 3 22 64
9 10 22 3 64
10 9 22 3 64
1 18 5 20 0
18 1 5 20 0
1 18 20 5 0
18 1 20 5 0
0 19 8 17 0
19 0 8 17 0
0 19 17 8 0
19 0 17 8 0
3 16 11 14 22
16 3 11 14 22
3 16 14 11 22
16 3 14 11 22
0 19 7 18 0
19 0 7 18 0
0 19 18 7 0
19 0 18 7 0
7 12 0 25 0
12 7 0 25 0
7 12 25 0 0
12 7 25 0 0
2 17 12 13 0
17 2 12 13 0
2 17 13 12 0
17 2 13 12 0
3 16 5 20 2
16 3 5 20 2
3 16 20 5 2
16 3 20 5 2
1 18 12 13 0
18 1 12 13 0
1 18 13 12 0
18 1 13 12 0
3 16 4 21 1
16 3 4 21 1
3 16 21 4 1
16 3 21 4 1
7 12 1 24 2
12 7 1 24 2
7 12 24 1 2
12 7 24 1 2
2 17 3 22 0
17 2 3 22 0
2 17 22 3 0
17 2 22 3 0
3 16 10 15 19
16 3 10 15 19
3 16 15 10 19
16 3 15 10 19
5 14 12 13 297
14 5 12 13 297
5 14 13 12 297
14 5 13 12 297
9 10 6 19 408
10 9 6 19 408
9 10 19 6 408
10 9 19 6 408
4 15 10 15 94
15 4 10 15 94
4 15 15 10 94
15 4 15 10 94
9 10 1 24 4
10 9 1 24 4
9 10 24 1 4
10 9 24 1 4
8 11 0 25 0
11 8 0 25 0
8 11 25 0 0
11 8 25 0 0
6 13 10 15 508
13 6 10 15 508
6 13 15 10 508
13 6 15 10 508
2 17 9 16 0
17 2 9 16 0
2 17 16 9 0
17 2 16 9 0
9 10 7 18 618
10 9 7 18 618
9 10 18 7 618
10 9 18 7 618
9 10 10 15 1318
10 9 10 15 1318
9 10 15 10 1318
10 9 15 10 1318
2 17 5 20 0
17 2 5 20 0
2 17 20 5 0
17 2 20 5 0
8 11 4 21 117
11 8 4 21 117
8 11 21 4 117
11 8 21 4 117
9 10 4 21 138
10 9 4 21 138
9 10 21 4 138
10 9 21 4 138
4 15 4 21 8
15 4 4 21 8
4 15 21 4 8
15 4 21 4 8
8 11 2 23 20
11 8 2 23 20
8 11 23 2 20
11 8 23 2 20
8 11 11 14 1275
11 8 11 14 1275
8 11 14 11 1275
11 8 14 11 1275
2 17 4 21 0
17 2 4 21 0
2 17 21 4 0
17 2 21 4 0
4 15 3 22 3
15 4 3 22 3
4 15 22 3 3
15 4 22 3 3
5 14 10 15 244
14 5 10 15 244
5 14 15 10 244
14 5 15 10 244
6 13 8 17 327
13 6 8 17 327
6 13 17 8 327
13 6 17 8 327
6 13 7 18 233
13 6 7 18 233
6 13 18 7 233
13 6 18 7 233
3 16 3 22 0
16 3 3 22 0
3 16 22 3 0
16 3 22 3 0
8 11 9 16 940
11 8 9 16 940
8 11 16 9 940
11 8 16 9 940
3 16 8 17 11
16 3 8 17 11
3 16 17 8 11
16 3 17 8 11
0 19 11 14 0
19 0 11 14 0
0 19 14 11 0
19 0 14 11 0
7 12 12 13 1000
12 7 12 13 1000
7 12 13 12 1000
12 7 13 12 1000
6 13 3 22 22
13 6 3 22 22
6 13 22 3 22
13 6 22 3 22
2 17 8 17 0
17 2 8 17 0
2 17 17 8 0
17 2 17 8 0
3 16 7 18 7
16 3 7 18 7
3 16 18 7 7
16 3 18 7 7
0 19 6 19 0
19 0 6 19 0
0 19 19 6 0
19 0 19 6 0
4 15 12 13 115
15 4 12 13 115
4 15 13 12 115
15 4 13 12 115
5 14 5 20 41
14 5 5 20 41
5 14 20 5 41
14 5 20 5 41
5 14 3 22 9
14 5 3 22 9
5 14 22 3 9
14 5 22 3 9
8 11 12 13 1361
11 8 12 13 1361
8 11 13 12 1361
11 8 13 12 1361
9 10 9 16 1098
10 9 9 16 1098
9 10 16 9 1098
10 9 16 9 1098
3 16 12 13 24
16 3 12 13 24
3 16 13 12 24
16 3 13 12 24
6 13 0 25 0
13 6 0 25 0
6 13 25 0 0
13 6 25 0 0
8 11 10 15 1129
11 8 10 15 1129
8 11 15 10 1129
11 8 15 10 1129
4 15 8 17 59
15 4 8 17 59
4 15 17 8 59
15 4 17 8 59
6 13 9 16 421
13 6 9 16 421
6 13 16 9 421
13 6 16 9 421
1 18 7 18 0
18 1 7 18 0
1 18 18 7 0
18 1 18 7 0
9 10 11 14 1488
10 9 11 14 1488
9 10 14 11 1488
10 9 14 11 1488
3 16 6 19 4
16 3 6 19 4
3 16 19 6 4
16 3 19 6 4
1 18 8 17 0
18 1 8 17 0
1 18 17 8 0
18 1 17 8 0
5 14 8 17 155
14 5 8 17 155
5 14 17 8 155
14 5 17 8 155
8 11 8 17 734
11 8 8 17 734
8 11 17 8 734
11 8 17 8 734
6 13 2 23 8
13 6 2 23 8
6 13 23 2 8
13 6 23 2 8
0 19 12 13 0
19 0 12 13 0
0 19 13 12 0
19 0 13 12 0
7 12 9 16 688
12 7 9 16 688
7 12 16 9 688
12 7 16 9 688
5 14 1 24 0
14 5 1 24 0
5 14 24 1 0
14 5 24 1 0
4 15 11 14 107
15 4 11 14 107
4 15 14 11 107
15 4 14 11 107
1 18 11 14 0
18 1 11 14 0
1 18 14 11 0
18 1 14 11 0
8 11 1 24 3
11 8 1 24 3
8 11 24 1 3
11 8 24 1 3
2 17 10 15 0
17 2 10 15 0
2 17 15 10 0
17 2 15 10 0
0 19 9 16 0
19 0 9 16 0
0 19 16 9 0
19 0 16 9 0
8 11 6 19 348
11 8 6 19 348
8 11 19 6 348
11 8 19 6 348
6 13 6 19 152
13 6 6 19 152
6 13 19 6 152
13 6 19 6 152
8 11 7 18 528
11 8 7 18 528
8 11 18 7 528
11 8 18 7 528
1 18 6 19 0
18 1 6 19 0
1 18 19 6 0
18 1 19 6 0
4 15 6 19 26
15 4 6 19 26
4 15 19 6 26
15 4 19 6 26
7 12 10 15 828
12 7 10 15 828
7 12 15 10 828
12 7 15 10 828
5 14 4 21 22
14 5 4 21 22
5 14 21 4 22
14 5 21 4 22
5 14 9 16 201
14 5 9 16 201
5 14 16 9 201
14 5 16 9 201
1 18 3 22 0
18 1 3 22 0
1 18 22 3 0
18 1 22 3 0
3 16 9 16 15
16 3 9 16 15
3 16 16 9 15
16 3 16 9 15
6 13 11 14 575
13 6 11 14 575
6 13 14 11 575
13 6 14 11 575
6 13 5 20 91
13 6 5 20 91
6 13 20 5 91
13 6 20 5 91
5 14 11 14 277
14 5 11 14 277
5 14 14 11 277
14 5 14 11 277
7 12 8 17 536
12 7 8 17 536
7 12 17 8 536
12 7 17 8 536
4 15 7 18 41
15 4 7 18 41
4 15 18 7 41
15 4 18 7 41
7 12 2 23 14
12 7 2 23 14
7 12 23 2 14
12 7 23 2 14
8 11 3 22 54
11 8 3 22 54
8 11 22 3 54
11 8 22 3 54
7 12 7 18 384
12 7 7 18 384
7 12 18 7 384
12 7 18 7 384
2 17 11 14 0
17 2 11 14 0
2 17 14 11 0
17 2 14 11 0
1 18 4 21 0
18 1 4 21 0
1 18 21 4 0
18 1 21 4 0
5 14 2 23 3
14 5 2 23 3
5 14 23 2 3
14 5 23 2 3
7 12 11 14 936
12 7 11 14 936
7 12 14 11 936
12 7 14 11 936
9 10 12 13 1588
10 9 12 13 1588
9 10 13 12 1588
10 9 13 12 1588
6 13 4 21 50
13 6 4 21 50
6 13 21 4 50
13 6 21 4 50
2 17 6 19 0
17 2 6 19 0
2 17 19 6 0
17 2 19 6 0
2 17 7 18 0
17 2 7 18 0
2 17 18 7 0
17 2 18 7 0
4 15 5 20 15
15 4 5 20 15
4 15 20 5 15
15 4 20 5 15
9 10 0 25 0
10 9 0 25 0
9 10 25 0 0
10 9 25 0 0
0 19 10 15 0
19 0 10 15 0
0 19 15 10 0
19 0 15 10 0
7 12 6 19 252
12 7 6 19 252
7 12 19 6 252
12 7 19 6 252
7 12 5 20 152
12 7 5 20 152
7 12 20 5 152
12 7 20 5 152
9 10 2 23 24
10 9 2 23 24
9 10 23 2 24
10 9 23 2 24
4 15 2 23 1
15 4 2 23 1
4 15 23 2 1
15 4 23 2 1
9 10 5 20 248
10 9 5 20 248
9 10 20 5 248
10 9 20 5 248
5 14 7 18 109
14 5 7 18 109
5 14 18 7 109
14 5 18 7 109
7 12 3 22 38
12 7 3 22 38
7 12 22 3 38
12 7 22 3 38
5 14 6 19 70
14 5 6 19 70
5 14 19 6 70
14 5 19 6 70
1 18 10 15 0
18 1 10 15 0
1 18 15 10 0
18 1 15 10 0
8 11 5 20 211
11 8 5 20 211
8 11 20 5 211
11 8 20 5 211
6 13 1 24 1
13 6 1 24 1
6 13 24 1 1
13 6 24 1 1
7 12 4 21 84
12 7 4 21 84
7 12 21 4 84
12 7 21 4 84
