6 6 7 16 88
6 6 16 7 88
1 11 10 13 32
11 1 10 13 32
1 11 13 10 32
11 1 13 10 32
3 9 4 19 5
9 3 4 19 5
3 9 19 4 5
9 3 19 4 5
1 11 11 12 35
11 1 11 12 35
1 11 12 11 35
11 1 12 11 35
6 6 1 22 0
6 6 22 1 0
4 8 4 19 7
8 4 4 19 7
4 8 19 4 7
8 4 19 4 7
3 9 2 21 0
9 3 2 21 0
3 9 21 2 0
9 3 21 2 0
1 11 6 17 7
11 1 6 17 7
1 11 17 6 7
11 1 17 6 7
5 7 11 12 228
7 5 11 12 228
5 7 12 11 228
7 5 12 11 228
6 6 0 23 0
6 6 23 0 0
2 10 11 12 70
10 2 11 12 70
2 10 12 11 70
10 2 12 11 70
1 11 4 19 1
11 1 4 19 1
1 11 19 4 1
11 1 19 4 1
0 12 11 12 9
12 0 11 12 9
0 12 12 11 9
12 0 12 11 9
1 11 7 16 12
11 1 7 16 12
1 11 16 7 12
11 1 16 7 12
0 12 8 15 4
12 0 8 15 4
0 12 15 8 4
12 0 15 8 4
3 9 11 12 123
9 3 11 12 123
3 9 12 11 123
9 3 12 11 123
0 12 7 16 2
12 0 7 16 2
0 12 16 7 2
12 0 16 7 2
2 10 6 17 14
10 2 6 17 14
2 10 17 6 14
10 2 17 6 14
5 7 5 18 26
7 5 5 18 26
5 7 18 5 26
7 5 18 5 26
4 8 5 18 19
8 4 5 18 19
4 8 18 5 19
8 4 18 5 19
2 10 2 21 0
10 2 2 21 0
2 10 21 2 0
10 2 21 2 0
3 9 8 15 69
9 3 8 15 69
3 9 15 8 69
9 3 15 8 69
4 8 9 14 139
8 4 9 14 139
4 8 14 9 139
8 4 14 9 139
5 7 9 14 174
7 5 9 14 174
5 7 14 9 174
7 5 14 9 174
2 10 10 13 64
10 2 10 13 64
2 10 13 10 64
10 2 13 10 64
2 10 1 22 0
10 2 1 22 0
2 10 22 1 0
10 2 22 1 0
6 6 11 12 237
6 6 12 11 237
4 8 6 17 40
8 4 6 17 40
4 8 17 6 40
8 4 17 6 40
5 7 6 17 52
7 5 6 17 52
5 7 17 6 52
7 5 17 6 52
4 8 1 22 0
8 4 1 22 0
4 8 22 1 0
8 4 22 1 0
2 10 7 16 24
10 2 7 16 24
2 10 16 7 24
10 2 16 7 24
3 9 1 22 0
9 3 1 22 0
3 9 22 1 0
9 3 22 1 0
5 7 10 13 210
7 5 10 13 210
5 7 13 10 210
7 5 13 10 210
0 12 4 19 0
12 0 4 19 0
0 12 19 4 0
12 0 19 4 0
6 6 5 18 26
6 6 18 5 26
6 6 10 13 218
6 6 13 10 218
4 8 11 12 184
8 4 11 12 184
4 8 12 11 184
8 4 12 11 184
5 7 8 15 130
7 5 8 15 130
5 7 15 8 130
7 5 15 8 130
6 6 4 19 10
6 6 19 4 10
1 11 1 22 0
11 1 1 22 0
1 11 22 1 0
11 1 22 1 0
3 9 6 17 27
9 3 6 17 27
3 9 17 6 27
9 3 17 6 27
4 8 3 20 1
8 4 3 20 1
4 8 20 3 1
8 4 20 3 1
0 12 6 17 1
12 0 6 17 1
0 12 17 6 1
12 0 17 6 1
2 10 9 14 52
10 2 9 14 52
2 10 14 9 52
10 2 14 9 52
2 10 3 20 0
10 2 3 20 0
2 10 20 3 0
10 2 20 3 0
5 7 7 16 86
7 5 7 16 86
5 7 16 7 86
7 5 16 7 86
3 9 3 20 1
9 3 3 20 1
3 9 20 3 1
9 3 20 3 1
6 6 9 14 180
6 6 14 9 180
0 12 3 20 0
12 0 3 20 0
0 12 20 3 0
12 0 20 3 0
1 11 3 20 0
11 1 3 20 0
1 11 20 3 0
11 1 20 3 0
5 7 0 23 0
7 5 0 23 0
5 7 23 0 0
7 5 23 0 0
5 7 2 21 0
7 5 2 21 0
5 7 21 2 0
7 5 21 2 0
4 8 0 23 0
8 4 0 23 0
4 8 23 0 0
8 4 23 0 0
4 8 8 15 103
8 4 8 15 103
4 8 15 8 103
8 4 15 8 103
3 9 0 23 0
9 3 0 23 0
3 9 23 0 0
9 3 23 0 0
1 11 2 21 0
11 1 2 21 0
1 11 21 2 0
11 1 21 2 0
0 12 5 18 0
12 0 5 18 0
0 12 18 5 0
12 0 18 5 0
4 8 2 21 0
8 4 2 21 0
4 8 21 2 0
8 4 21 2 0
5 7 4 19 10
7 5 4 19 10
5 7 19 4 10
7 5 19 4 10
6 6 6 17 53
6 6 17 6 53
6 6 8 15 134
6 6 15 8 134
6 6 2 21 0
6 6 21 2 0
5 7 1 22 0
7 5 1 22 0
5 7 22 1 0
7 5 22 1 0
1 11 8 15 19
11 1 8 15 19
1 11 15 8 19
11 1 15 8 19
2 10 8 15 38
10 2 8 15 38
2 10 15 8 38
10 2 15 8 38
2 10 5 18 6
10 2 5 18 6
2 10 18 5 6
10 2 18 5 6
2 10 4 19 2
10 2 4 19 2
2 10 19 4 2
10 2 19 4 2
4 8 7 16 67
8 4 7 16 67
4 8 16 7 67
8 4 16 7 67
3 9 7 16 45
9 3 7 16 45
3 9 16 7 45
9 3 16 7 45
0 12 9 14 6
12 0 9 14 6
0 12 14 9 6
12 0 14 9 6
0 12 10 13 8
12 0 10 13 8
0 12 13 10 8
12 0 13 10 8
5 7 3 20 2
7 5 3 20 2
5 7 20 3 2
7 5 20 3 2
3 9 5 18 13
9 3 5 18 13
3 9 18 5 13
9 3 18 5 13
6 6 3 20 2
6 6 20 3 2
1 11 5 18 3
11 1 5 18 3
1 11 18 5 3
11 1 18 5 3
3 9 10 13 113
9 3 10 13 113
3 9 13 10 113
9 3 13 10 113
4 8 10 13 169
8 4 10 13 169
4 8 13 10 169
8 4 13 10 169
1 11 9 14 26
11 1 9 14 26
1 11 14 9 26
11 1 14 9 26
3 9 9 14 93
9 3 9 14 93
3 9 14 9 93
9 3 14 9 93
