6 14 10 25 96
14 6 10 25 96
6 14 25 10 96
14 6 25 10 96
3 17 12 23 35
17 3 12 23 35
3 17 23 12 35
17 3 23 12 35
8 12 14 21 1071
12 8 14 21 1071
8 12 21 14 1071
12 8 21 14 1071
3 17 10 25 9
17 3 10 25 9
3 17 25 10 9
17 3 25 10 9
7 13 14 21 824
13 7 14 21 824
7 13 21 14 824
13 7 21 14 824
9 11 5 30 0
11 9 5 30 0
9 11 30 5 0
11 9 30 5 0
10 10 9 26 130
10 10 26 9 130
9 11 1 34 0
11 9 1 34 0
9 11 34 1 0
11 9 34 1 0
2 18 13 22 19
18 2 13 22 19
2 18 22 13 19
18 2 22 13 19
1 19 7 28 0
19 1 7 28 0
1 19 28 7 0
19 1 28 7 0
3 17 6 29 0
17 3 6 29 0
3 17 29 6 0
17 3 29 6 0
9 11 12 23 652
11 9 12 23 652
9 11 23 12 652
11 9 23 12 652
0 20 14 21 0
20 0 14 21 0
0 20 21 14 0
20 0 21 14 0
6 14 8 27 19
14 6 8 27 19
6 14 27 8 19
14 6 27 8 19
3 17 4 31 0
17 3 4 31 0
3 17 31 4 0
17 3 31 4 0
0 20 16 19 1
20 0 16 19 1
0 20 19 16 1
20 0 19 16 1
2 18 14 21 27
18 2 14 21 27
2 18 21 14 27
18 2 21 14 27
2 18 10 25 2
18 2 10 25 2
2 18 25 10 2
18 2 25 10 2
4 16 13 22 131
16 4 13 22 131
4 16 22 13 131
16 4 22 13 131
2 18 5 30 0
18 2 5 30 0
2 18 30 5 0
18 2 30 5 0
4 16 12 23 85
16 4 12 23 85
4 16 23 12 85
16 4 23 12 85
5 15 7 28 2
15 5 7 28 2
5 15 28 7 2
15 5 28 7 2
4 16 11 24 51
16 4 11 24 51
4 16 24 11 51
16 4 24 11 51
8 12 2 33 0
12 8 2 33 0
8 12 33 2 0
12 8 33 2 0
3 17 3 32 0
17 3 3 32 0
3 17 32 3 0
17 3 32 3 0
4 16 3 32 0
16 4 3 32 0
4 16 32 3 0
16 4 32 3 0
3 17 15 20 102
17 3 15 20 102
3 17 20 15 102
17 3 20 15 102
5 15 17 18 541
15 5 17 18 541
5 15 18 17 541
15 5 18 17 541
8 12 16 19 1526
12 8 16 19 1526
8 12 19 16 1526
12 8 19 16 1526
8 12 15 20 1330
12 8 15 20 1330
8 12 20 15 1330
12 8 20 15 1330
8 12 4 31 0
12 8 4 31 0
8 12 31 4 0
12 8 31 4 0
7 13 17 18 1264
13 7 17 18 1264
7 13 18 17 1264
13 7 18 17 1264
7 13 13 22 618
13 7 13 22 618
7 13 22 13 618
13 7 22 13 618
7 13 3 32 0
13 7 3 32 0
7 13 32 3 0
13 7 32 3 0
7 13 12 23 423
13 7 12 23 423
7 13 23 12 423
13 7 23 12 423
3 17 14 21 78
17 3 14 21 78
3 17 21 14 78
17 3 21 14 78
7 13 8 27 31
13 7 8 27 31
7 13 27 8 31
13 7 27 8 31
9 11 9 26 120
11 9 9 26 120
9 11 26 9 120
11 9 26 9 120
2 18 11 24 6
18 2 11 24 6
2 18 24 11 6
18 2 24 11 6
7 13 5 30 0
13 7 5 30 0
7 13 30 5 0
13 7 30 5 0
7 13 4 31 0
13 7 4 31 0
7 13 31 4 0
13 7 31 4 0
3 17 9 26 4
17 3 9 26 4
3 17 26 9 4
17 3 26 9 4
9 11 14 21 1248
11 9 14 21 1248
9 11 21 14 1248
11 9 21 14 1248
9 11 7 28 18
11 9 7 28 18
9 11 28 7 18
11 9 28 7 18
5 15 4 31 0
15 5 4 31 0
5 15 31 4 0
15 5 31 4 0
6 14 16 19 820
14 6 16 19 820
6 14 19 16 820
14 6 19 16 820
7 13 2 33 0
13 7 2 33 0
7 13 33 2 0
13 7 33 2 0
1 19 10 25 0
19 1 10 25 0
1 19 25 10 0
19 1 25 10 0
6 14 14 21 567
14 6 14 21 567
6 14 21 14 567
14 6 21 14 567
6 14 11 24 178
14 6 11 24 178
6 14 24 11 178
14 6 24 11 178
8 12 9 26 101
12 8 9 26 101
8 12 26 9 101
12 8 26 9 101
6 14 1 34 0
14 6 1 34 0
6 14 34 1 0
14 6 34 1 0
2 18 15 20 37
18 2 15 20 37
2 18 20 15 37
18 2 20 15 37
7 13 9 26 74
13 7 9 26 74
7 13 26 9 74
13 7 26 9 74
8 12 11 24 353
12 8 11 24 353
8 12 24 11 353
12 8 24 11 353
6 14 15 20 711
14 6 15 20 711
6 14 20 15 711
14 6 20 15 711
0 20 10 25 0
20 0 10 25 0
0 20 25 10 0
20 0 25 10 0
3 17 7 28 0
17 3 7 28 0
3 17 28 7 0
17 3 28 7 0
6 14 2 33 0
14 6 2 33 0
6 14 33 2 0
14 6 33 2 0
1 19 16 19 11
19 1 16 19 11
1 19 19 16 11
19 1 19 16 11
1 19 6 29 0
19 1 6 29 0
1 19 29 6 0
19 1 29 6 0
7 13 11 24 266
13 7 11 24 266
7 13 24 11 266
13 7 24 11 266
3 17 11 24 20
17 3 11 24 20
3 17 24 11 20
17 3 24 11 20
2 18 12 23 11
18 2 12 23 11
2 18 23 12 11
18 2 23 12 11
2 18 8 27 0
18 2 8 27 0
2 18 27 8 0
18 2 27 8 0
4 16 4 31 0
16 4 4 31 0
4 16 31 4 0
16 4 31 4 0
7 13 15 20 1026
13 7 15 20 1026
7 13 20 15 1026
13 7 20 15 1026
9 11 4 31 0
11 9 4 31 0
9 11 31 4 0
11 9 31 4 0
4 16 15 20 230
16 4 15 20 230
4 16 20 15 230
16 4 20 15 230
3 17 5 30 0
17 3 5 30 0
3 17 30 5 0
17 3 30 5 0
6 14 9 26 48
14 6 9 26 48
6 14 26 9 48
14 6 26 9 48
4 16 14 21 179
16 4 14 21 179
4 16 21 14 179
16 4 21 14 179
1 19 8 27 0
19 1 8 27 0
1 19 27 8 0
19 1 27 8 0
7 13 7 28 10
13 7 7 28 10
7 13 28 7 10
13 7 28 7 10
1 19 11 24 1
19 1 11 24 1
1 19 24 11 1
19 1 24 11 1
5 15 14 21 343
15 5 14 21 343
5 15 21 14 343
15 5 21 14 343
5 15 16 19 503
15 5 16 19 503
5 15 19 16 503
15 5 19 16 503
8 12 1 34 0
12 8 1 34 0
8 12 34 1 0
12 8 34 1 0
4 16 6 29 0
16 4 6 29 0
4 16 29 6 0
16 4 29 6 0
8 12 10 25 197
12 8 10 25 197
8 12 25 10 197
12 8 25 10 197
6 14 5 30 0
14 6 5 30 0
6 14 30 5 0
14 6 30 5 0
3 17 16 19 120
17 3 16 19 120
3 17 19 16 120
17 3 19 16 120
1 19 12 23 2
19 1 12 23 2
1 19 23 12 2
19 1 23 12 2
5 15 8 27 9
15 5 8 27 9
5 15 27 8 9
15 5 27 8 9
10 10 3 32 0
10 10 32 3 0
4 16 2 33 0
16 4 2 33 0
4 16 33 2 0
16 4 33 2 0
9 11 17 18 1894
11 9 17 18 1894
9 11 18 17 1894
11 9 18 17 1894
10 10 11 24 441
10 10 24 11 441
2 18 17 18 48
18 2 17 18 48
2 18 18 17 48
18 2 18 17 48
4 16 9 26 12
16 4 9 26 12
4 16 26 9 12
16 4 26 9 12
7 13 6 29 2
13 7 6 29 2
7 13 29 6 2
13 7 29 6 2
9 11 16 19 1771
11 9 16 19 1771
9 11 19 16 1771
11 9 19 16 1771
10 10 6 29 5
10 10 29 6 5
0 20 12 23 0
20 0 12 23 0
0 20 23 12 0
20 0 23 12 0
1 19 14 21 6
19 1 14 21 6
1 19 21 14 6
19 1 21 14 6
9 11 8 27 52
11 9 8 27 52
9 11 27 8 52
11 9 27 8 52
9 11 6 29 4
11 9 6 29 4
9 11 29 6 4
11 9 29 6 4
4 16 7 28 1
16 4 7 28 1
4 16 28 7 1
16 4 28 7 1
4 16 16 19 268
16 4 16 19 268
4 16 19 16 268
16 4 19 16 268
8 12 6 29 3
12 8 6 29 3
8 12 29 6 3
12 8 29 6 3
1 19 17 18 12
19 1 17 18 12
1 19 18 17 12
19 1 18 17 12
9 11 2 33 0
11 9 2 33 0
9 11 33 2 0
11 9 33 2 0
5 15 13 22 253
15 5 13 22 253
5 15 22 13 253
15 5 22 13 253
10 10 5 30 1
10 10 30 5 1
5 15 6 29 0
15 5 6 29 0
5 15 29 6 0
15 5 29 6 0
0 20 15 20 1
20 0 15 20 1
0 20 20 15 1
20 0 20 15 1
0 20 17 18 1
20 0 17 18 1
0 20 18 17 1
20 0 18 17 1
5 15 15 20 434
15 5 15 20 434
5 15 20 15 434
15 5 20 15 434
10 10 13 22 994
10 10 22 13 994
5 15 11 24 102
15 5 11 24 102
5 15 24 11 102
15 5 24 11 102
10 10 15 20 1626
10 10 20 15 1626
9 11 11 24 415
11 9 11 24 415
9 11 24 11 415
11 9 24 11 415
8 12 12 23 556
12 8 12 23 556
8 12 23 12 556
12 8 23 12 556
8 12 8 27 43
12 8 8 27 43
8 12 27 8 43
12 8 27 8 43
1 19 15 20 9
19 1 15 20 9
1 19 20 15 9
19 1 20 15 9
9 11 3 32 0
11 9 3 32 0
9 11 32 3 0
11 9 32 3 0
5 15 9 26 25
15 5 9 26 25
5 15 26 9 25
15 5 26 9 25
1 19 13 22 4
19 1 13 22 4
1 19 22 13 4
19 1 22 13 4
6 14 4 31 0
14 6 4 31 0
6 14 31 4 0
14 6 31 4 0
10 10 4 31 0
10 10 31 4 0
0 20 11 24 0
20 0 11 24 0
0 20 24 11 0
20 0 24 11 0
6 14 13 22 423
14 6 13 22 423
6 14 22 13 423
14 6 22 13 423
9 11 15 20 1545
11 9 15 20 1545
9 11 20 15 1545
11 9 20 15 1545
0 20 13 22 0
20 0 13 22 0
0 20 22 13 0
20 0 22 13 0
2 18 16 19 44
18 2 16 19 44
2 18 19 16 44
18 2 19 16 44
4 16 8 27 4
16 4 8 27 4
4 16 27 8 4
16 4 27 8 4
6 14 7 28 6
14 6 7 28 6
6 14 28 7 6
14 6 28 7 6
10 10 17 18 1991
10 10 18 17 1991
8 12 13 22 807
12 8 13 22 807
8 12 22 13 807
12 8 22 13 807
3 17 13 22 56
17 3 13 22 56
3 17 22 13 56
17 3 22 13 56
10 10 14 21 1314
10 10 21 14 1314
5 15 10 25 53
15 5 10 25 53
5 15 25 10 53
15 5 25 10 53
4 16 10 25 25
16 4 10 25 25
4 16 25 10 25
16 4 25 10 25
6 14 17 18 880
14 6 17 18 880
6 14 18 17 880
14 6 18 17 880
10 10 8 27 57
10 10 27 8 57
6 14 12 23 286
14 6 12 23 286
6 14 23 12 286
14 6 23 12 286
5 15 2 33 0
15 5 2 33 0
5 15 33 2 0
15 5 33 2 0
8 12 17 18 1633
12 8 17 18 1633
8 12 18 17 1633
12 8 18 17 1633
5 15 5 30 0
15 5 5 30 0
5 15 30 5 0
15 5 30 5 0
4 16 17 18 289
16 4 17 18 289
4 16 18 17 289
16 4 18 17 289
10 10 2 33 0
10 10 33 2 0
8 12 5 30 0
12 8 5 30 0
8 12 30 5 0
12 8 30 5 0
3 17 8 27 1
17 3 8 27 1
3 17 27 8 1
17 3 27 8 1
7 13 16 19 1180
13 7 16 19 1180
7 13 19 16 1180
13 7 19 16 1180
3 17 17 18 130
17 3 17 18 130
3 17 18 17 130
17 3 18 17 130
5 15 3 32 0
15 5 3 32 0
5 15 32 3 0
15 5 32 3 0
2 18 9 26 1
18 2 9 26 1
2 18 26 9 1
18 2 26 9 1
2 18 4 31 0
18 2 4 31 0
2 18 31 4 0
18 2 31 4 0
4 16 5 30 0
16 4 5 30 0
4 16 30 5 0
16 4 30 5 0
6 14 3 32 0
14 6 3 32 0
6 14 32 3 0
14 6 32 3 0
5 15 12 23 168
15 5 12 23 168
5 15 23 12 168
15 5 23 12 168
2 18 6 29 0
18 2 6 29 0
2 18 29 6 0
18 2 29 6 0
10 10 16 19 1862
10 10 19 16 1862
10 10 10 25 250
10 10 25 10 250
9 11 13 22 942
11 9 13 22 942
9 11 22 13 942
11 9 22 13 942
6 14 6 29 1
14 6 6 29 1
6 14 29 6 1
14 6 29 6 1
10 10 12 23 689
10 10 23 12 689
2 18 7 28 0
18 2 7 28 0
2 18 28 7 0
18 2 28 7 0
7 13 1 34 0
13 7 1 34 0
7 13 34 1 0
13 7 34 1 0
8 12 7 28 15
12 8 7 28 15
8 12 28 7 15
12 8 28 7 15
9 11 10 25 234
11 9 10 25 234
9 11 25 10 234
11 9 25 10 234
10 10 7 28 21
10 10 28 7 21
10 10 1 34 0
10 10 34 1 0
1 19 9 26 0
19 1 9 26 0
1 19 26 9 0
19 1 26 9 0
10 10 0 35 0
10 10 35 0 0
8 12 3 32 0
12 8 3 32 0
8 12 32 3 0
12 8 32 3 0
7 13 10 25 147
13 7 10 25 147
7 13 25 10 147
13 7 25 10 147
