6 10 14 15 708
10 6 14 15 708
6 10 15 14 708
10 6 15 14 708
0 16 7 22 0
16 0 7 22 0
0 16 22 7 0
16 0 22 7 0
7 9 3 26 0
9 7 3 26 0
7 9 26 3 0
9 7 26 3 0
6 10 1 28 0
10 6 1 28 0
6 10 28 1 0
10 6 28 1 0
5 11 14 15 531
11 5 14 15 531
5 11 15 14 531
11 5 15 14 531
3 13 2 27 0
13 3 2 27 0
3 13 27 2 0
13 3 27 2 0
8 8 1 28 0
8 8 28 1 0
6 10 11 18 436
10 6 11 18 436
6 10 18 11 436
10 6 18 11 436
2 14 14 15 86
14 2 14 15 86
2 14 15 14 86
14 2 15 14 86
8 8 4 25 1
8 8 25 4 1
1 15 5 24 0
15 1 5 24 0
1 15 24 5 0
15 1 24 5 0
3 13 7 22 12
13 3 7 22 12
3 13 22 7 12
13 3 22 7 12
5 11 6 23 16
11 5 6 23 16
5 11 23 6 16
11 5 23 6 16
6 10 3 26 0
10 6 3 26 0
6 10 26 3 0
10 6 26 3 0
2 14 9 20 19
14 2 9 20 19
2 14 20 9 19
14 2 20 9 19
4 12 14 15 341
12 4 14 15 341
4 12 15 14 341
12 4 15 14 341
0 16 11 18 2
16 0 11 18 2
0 16 18 11 2
16 0 18 11 2
1 15 6 23 0
15 1 6 23 0
1 15 23 6 0
15 1 23 6 0
7 9 1 28 0
9 7 1 28 0
7 9 28 1 0
9 7 28 1 0
6 10 10 19 312
10 6 10 19 312
6 10 19 10 312
10 6 19 10 312
5 11 2 27 0
11 5 2 27 0
5 11 27 2 0
11 5 27 2 0
7 9 10 19 378
9 7 10 19 378
7 9 19 10 378
9 7 19 10 378
0 16 9 20 0
16 0 9 20 0
0 16 20 9 0
16 0 20 9 0
8 8 11 18 558
8 8 18 11 558
8 8 9 20 257
8 8 20 9 257
5 11 1 28 0
11 5 1 28 0
5 11 28 1 0
11 5 28 1 0
8 8 3 26 0
8 8 26 3 0
5 11 12 17 415
11 5 12 17 415
5 11 17 12 415
11 5 17 12 415
5 11 4 25 0
11 5 4 25 0
5 11 25 4 0
11 5 25 4 0
2 14 3 26 0
14 2 3 26 0
2 14 26 3 0
14 2 26 3 0
3 13 4 25 0
13 3 4 25 0
3 13 25 4 0
13 3 25 4 0
5 11 9 20 146
11 5 9 20 146
5 11 20 9 146
11 5 20 9 146
3 13 6 23 4
13 3 6 23 4
3 13 23 6 4
13 3 23 6 4
4 12 7 22 24
12 4 7 22 24
4 12 22 7 24
12 4 22 7 24
3 13 14 15 187
13 3 14 15 187
3 13 15 14 187
13 3 15 14 187
7 9 12 17 667
9 7 12 17 667
7 9 17 12 667
9 7 17 12 667
1 15 4 25 0
15 1 4 25 0
1 15 25 4 0
15 1 25 4 0
1 15 9 20 6
15 1 9 20 6
1 15 20 9 6
15 1 20 9 6
3 13 1 28 0
13 3 1 28 0
3 13 28 1 0
13 3 28 1 0
5 11 11 18 325
11 5 11 18 325
5 11 18 11 325
11 5 18 11 325
5 11 13 16 488
11 5 13 16 488
5 11 16 13 488
11 5 16 13 488
1 15 10 19 11
15 1 10 19 11
1 15 19 10 11
15 1 19 10 11
3 13 10 19 77
13 3 10 19 77
3 13 19 10 77
13 3 19 10 77
0 16 14 15 5
16 0 14 15 5
0 16 15 14 5
16 0 15 14 5
1 15 8 21 3
15 1 8 21 3
1 15 21 8 3
15 1 21 8 3
3 13 13 16 171
13 3 13 16 171
3 13 16 13 171
13 3 16 13 171
8 8 7 22 76
8 8 22 7 76
6 10 9 20 199
10 6 9 20 199
6 10 20 9 199
10 6 20 9 199
6 10 4 25 1
10 6 4 25 1
6 10 25 4 1
10 6 25 4 1
1 15 11 18 17
15 1 11 18 17
1 15 18 11 17
15 1 18 11 17
8 8 14 15 901
8 8 15 14 901
4 12 11 18 205
12 4 11 18 205
4 12 18 11 205
12 4 18 11 205
2 14 2 27 0
14 2 2 27 0
2 14 27 2 0
14 2 27 2 0
4 12 6 23 9
12 4 6 23 9
4 12 23 6 9
12 4 23 6 9
5 11 10 19 231
11 5 10 19 231
5 11 19 10 231
11 5 19 10 231
6 10 8 21 115
10 6 8 21 115
6 10 21 8 115
10 6 21 8 115
0 16 12 17 3
16 0 12 17 3
0 16 17 12 3
16 0 17 12 3
3 13 9 20 47
13 3 9 20 47
3 13 20 9 47
13 3 20 9 47
3 13 3 26 0
13 3 3 26 0
3 13 26 3 0
13 3 26 3 0
7 9 0 29 0
9 7 0 29 0
7 9 29 0 0
9 7 29 0 0
2 14 13 16 78
14 2 13 16 78
2 14 16 13 78
14 2 16 13 78
5 11 5 24 4
11 5 5 24 4
5 11 24 5 4
11 5 24 5 4
3 13 5 24 1
13 3 5 24 1
3 13 24 5 1
13 3 24 5 1
0 16 6 23 0
16 0 6 23 0
0 16 23 6 0
16 0 23 6 0
1 15 3 26 0
15 1 3 26 0
1 15 26 3 0
15 1 26 3 0
4 12 8 21 50
12 4 8 21 50
4 12 21 8 50
12 4 21 8 50
7 9 4 25 1
9 7 4 25 1
7 9 25 4 1
9 7 25 4 1
8 8 0 29 0
8 8 29 0 0
8 8 2 27 0
8 8 27 2 0
8 8 8 21 149
8 8 21 8 149
5 11 3 26 0
11 5 3 26 0
5 11 26 3 0
11 5 26 3 0
2 14 12 17 65
14 2 12 17 65
2 14 17 12 65
14 2 17 12 65
1 15 13 16 28
15 1 13 16 28
1 15 16 13 28
15 1 16 13 28
8 8 6 23 32
8 8 23 6 32
4 12 10 19 144
12 4 10 19 144
4 12 19 10 144
12 4 19 10 144
6 10 0 29 0
10 6 0 29 0
6 10 29 0 0
10 6 29 0 0
6 10 13 16 651
10 6 13 16 651
6 10 16 13 651
10 6 16 13 651
4 12 1 28 0
12 4 1 28 0
4 12 28 1 0
12 4 28 1 0
6 10 6 23 24
10 6 6 23 24
6 10 23 6 24
10 6 23 6 24
6 10 12 17 555
10 6 12 17 555
6 10 17 12 555
10 6 17 12 555
3 13 11 18 111
13 3 11 18 111
3 13 18 11 111
13 3 18 11 111
7 9 11 18 526
9 7 11 18 526
7 9 18 11 526
9 7 18 11 526
3 13 8 21 26
13 3 8 21 26
3 13 21 8 26
13 3 21 8 26
7 9 13 16 781
9 7 13 16 781
7 9 16 13 781
9 7 16 13 781
7 9 6 23 30
9 7 6 23 30
7 9 23 6 30
9 7 23 6 30
4 12 3 26 0
12 4 3 26 0
4 12 26 3 0
12 4 26 3 0
2 14 10 19 33
14 2 10 19 33
2 14 19 10 33
14 2 19 10 33
1 15 7 22 1
15 1 7 22 1
1 15 22 7 1
15 1 22 7 1
7 9 2 27 0
9 7 2 27 0
7 9 27 2 0
9 7 27 2 0
6 10 5 24 7
10 6 5 24 7
6 10 24 5 7
10 6 24 5 7
7 9 5 24 9
9 7 5 24 9
7 9 24 5 9
9 7 24 5 9
2 14 7 22 4
14 2 7 22 4
2 14 22 7 4
14 2 22 7 4
8 8 13 16 829
8 8 16 13 829
4 12 2 27 0
12 4 2 27 0
4 12 27 2 0
12 4 27 2 0
7 9 7 22 72
9 7 7 22 72
7 9 22 7 72
9 7 22 7 72
2 14 4 25 0
14 2 4 25 0
2 14 25 4 0
14 2 25 4 0
6 10 2 27 0
10 6 2 27 0
6 10 27 2 0
10 6 27 2 0
2 14 5 24 0
14 2 5 24 0
2 14 24 5 0
14 2 24 5 0
5 11 7 22 41
11 5 7 22 41
5 11 22 7 41
11 5 22 7 41
5 11 8 21 83
11 5 8 21 83
5 11 21 8 83
11 5 21 8 83
6 10 7 22 58
10 6 7 22 58
6 10 22 7 58
10 6 22 7 58
4 12 4 25 0
12 4 4 25 0
4 12 25 4 0
12 4 25 4 0
4 12 5 24 2
12 4 5 24 2
4 12 24 5 2
12 4 24 5 2
7 9 8 21 141
9 7 8 21 141
7 9 21 8 141
9 7 21 8 141
0 16 13 16 4
16 0 13 16 4
0 16 16 13 4
16 0 16 13 4
8 8 10 19 401
8 8 19 10 401
7 9 9 20 243
9 7 9 20 243
7 9 20 9 243
9 7 20 9 243
0 16 8 21 0
16 0 8 21 0
0 16 21 8 0
16 0 21 8 0
2 14 11 18 49
14 2 11 18 49
2 14 18 11 49
14 2 18 11 49
1 15 14 15 31
15 1 14 15 31
1 15 15 14 31
15 1 15 14 31
4 12 13 16 312
12 4 13 16 312
4 12 16 13 312
12 4 16 13 312
1 15 12 17 23
15 1 12 17 23
1 15 17 12 23
15 1 17 12 23
4 12 12 17 264
12 4 12 17 264
4 12 17 12 264
12 4 17 12 264
2 14 6 23 1
14 2 6 23 1
2 14 23 6 1
14 2 23 6 1
4 12 9 20 89
12 4 9 20 89
4 12 20 9 89
12 4 20 9 89
8 8 12 17 708
8 8 17 12 708
7 9 14 15 848
9 7 14 15 848
7 9 15 14 848
9 7 15 14 848
0 16 10 19 1
16 0 10 19 1
0 16 19 10 1
16 0 19 10 1
3 13 12 17 144
13 3 12 17 144
3 13 17 12 144
13 3 17 12 144
8 8 5 24 9
8 8 24 5 9
2 14 8 21 10
14 2 8 21 10
2 14 21 8 10
14 2 21 8 10
