49 59 62 76 0
59 49 62 76 0
49 59 76 62 0
59 49 76 62 0
46 62 61 77 0
62 46 61 77 0
46 62 77 61 0
62 46 77 61 0
54 54 69 69 2
53 55 56 82 0
55 53 56 82 0
53 55 82 56 0
55 53 82 56 0
48 60 59 79 0
60 48 59 79 0
48 60 79 59 0
60 48 79 59 0
48 60 61 77 0
60 48 61 77 0
48 60 77 61 0
60 48 77 61 0
51 57 56 82 0
57 51 56 82 0
51 57 82 56 0
57 51 82 56 0
52 56 65 73 0
56 52 65 73 0
52 56 73 65 0
56 52 73 65 0
49 59 64 74 0
59 49 64 74 0
49 59 74 64 0
59 49 74 64 0
48 60 67 71 0
60 48 67 71 0
48 60 71 67 0
60 48 71 67 0
52 56 60 78 0
56 52 60 78 0
52 56 78 60 0
56 52 78 60 0
52 56 57 81 0
56 52 57 81 0
52 56 81 57 0
56 52 81 57 0
52 56 66 72 1
56 52 66 72 1
52 56 72 66 1
56 52 72 66 1
51 57 60 78 0
57 51 60 78 0
51 57 78 60 0
57 51 78 60 0
49 59 66 72 1
59 49 66 72 1
49 59 72 66 1
59 49 72 66 1
44 64 67 71 0
64 44 67 71 0
44 64 71 67 0
64 44 71 67 0
47 61 67 71 0
61 47 67 71 0
47 61 71 67 0
61 47 71 67 0
53 55 64 74 0
55 53 64 74 0
53 55 74 64 0
55 53 74 64 0
53 55 61 77 0
55 53 61 77 0
53 55 77 61 0
55 53 77 61 0
54 54 57 81 0
54 54 81 57 0
49 59 61 77 0
59 49 61 77 0
49 59 77 61 0
59 49 77 61 0
47 61 66 72 0
61 47 66 72 0
47 61 72 66 0
61 47 72 66 0
50 58 63 75 0
58 50 63 75 0
50 58 75 63 0
58 50 75 63 0
54 54 58 80 0
54 54 80 58 0
45 63 58 80 0
63 45 58 80 0
45 63 80 58 0
63 45 80 58 0
52 56 69 69 2
56 52 69 69 2
49 59 56 82 0
59 49 56 82 0
49 59 82 56 0
59 49 82 56 0
52 56 56 82 0
56 52 56 82 0
52 56 82 56 0
56 52 82 56 0
50 58 68 70 2
58 50 68 70 2
50 58 70 68 2
58 50 70 68 2
51 57 55 83 0
57 51 55 83 0
51 57 83 55 0
57 51 83 55 0
49 59 65 73 0
59 49 65 73 0
49 59 73 65 0
59 49 73 65 0
46 62 59 79 0
62 46 59 79 0
46 62 79 59 0
62 46 79 59 0
46 62 58 80 0
62 46 58 80 0
46 62 80 58 0
62 46 80 58 0
45 63 61 77 0
63 45 61 77 0
45 63 77 61 0
63 45 77 61 0
54 54 62 76 0
54 54 76 62 0
52 56 67 71 1
56 52 67 71 1
52 56 71 67 1
56 52 71 67 1
53 55 66 72 1
55 53 66 72 1
53 55 72 66 1
55 53 72 66 1
50 58 66 72 1
58 50 66 72 1
50 58 72 66 1
58 50 72 66 1
45 63 64 74 0
63 45 64 74 0
45 63 74 64 0
63 45 74 64 0
46 62 69 69 0
62 46 69 69 0
44 64 65 73 0
64 44 65 73 0
44 64 73 65 0
64 44 73 65 0
49 59 67 71 1
59 49 67 71 1
49 59 71 67 1
59 49 71 67 1
46 62 64 74 0
62 46 64 74 0
46 62 74 64 0
62 46 74 64 0
54 54 67 71 1
54 54 71 67 1
50 58 57 81 0
58 50 57 81 0
50 58 81 57 0
58 50 81 57 0
52 56 68 70 2
56 52 68 70 2
52 56 70 68 2
56 52 70 68 2
53 55 69 69 2
55 53 69 69 2
53 55 67 71 1
55 53 67 71 1
53 55 71 67 1
55 53 71 67 1
54 54 68 70 2
54 54 70 68 2
54 54 64 74 0
54 54 74 64 0
47 61 61 77 0
61 47 61 77 0
47 61 77 61 0
61 47 77 61 0
44 64 63 75 0
64 44 63 75 0
44 64 75 63 0
64 44 75 63 0
50 58 65 73 0
58 50 65 73 0
50 58 73 65 0
58 50 73 65 0
45 63 65 73 0
63 45 65 73 0
45 63 73 65 0
63 45 73 65 0
50 58 62 76 0
58 50 62 76 0
50 58 76 62 0
58 50 76 62 0
51 57 59 79 0
57 51 59 79 0
51 57 79 59 0
57 51 79 59 0
45 63 69 69 0
63 45 69 69 0
54 54 59 79 0
54 54 79 59 0
50 58 69 69 2
58 50 69 69 2
53 55 63 75 0
55 53 63 75 0
53 55 75 63 0
55 53 75 63 0
53 55 58 80 0
55 53 58 80 0
53 55 80 58 0
55 53 80 58 0
44 64 64 74 0
64 44 64 74 0
44 64 74 64 0
64 44 74 64 0
48 60 56 82 0
60 48 56 82 0
48 60 82 56 0
60 48 82 56 0
50 58 67 71 1
58 50 67 71 1
50 58 71 67 1
58 50 71 67 1
53 55 68 70 2
55 53 68 70 2
53 55 70 68 2
55 53 70 68 2
48 60 66 72 0
60 48 66 72 0
48 60 72 66 0
60 48 72 66 0
54 54 63 75 0
54 54 75 63 0
45 63 67 71 0
63 45 67 71 0
45 63 71 67 0
63 45 71 67 0
52 56 59 79 0
56 52 59 79 0
52 56 79 59 0
56 52 79 59 0
48 60 63 75 0
60 48 63 75 0
48 60 75 63 0
60 48 75 63 0
51 57 67 71 1
57 51 67 71 1
51 57 71 67 1
57 51 71 67 1
47 61 68 70 0
61 47 68 70 0
47 61 70 68 0
61 47 70 68 0
45 63 63 75 0
63 45 63 75 0
45 63 75 63 0
63 45 75 63 0
54 54 56 82 0
54 54 82 56 0
46 62 68 70 0
62 46 68 70 0
46 62 70 68 0
62 46 70 68 0
46 62 62 76 0
62 46 62 76 0
46 62 76 62 0
62 46 76 62 0
49 59 57 81 0
59 49 57 81 0
49 59 81 57 0
59 49 81 57 0
53 55 59 79 0
55 53 59 79 0
53 55 79 59 0
55 53 79 59 0
52 56 63 75 0
56 52 63 75 0
52 56 75 63 0
56 52 75 63 0
47 61 58 80 0
61 47 58 80 0
47 61 80 58 0
61 47 80 58 0
49 59 60 78 0
59 49 60 78 0
49 59 78 60 0
59 49 78 60 0
47 61 64 74 0
61 47 64 74 0
47 61 74 64 0
61 47 74 64 0
47 61 56 82 0
61 47 56 82 0
47 61 82 56 0
61 47 82 56 0
50 58 55 83 0
58 50 55 83 0
50 58 83 55 0
58 50 83 55 0
54 54 55 83 0
54 54 83 55 0
47 61 57 81 0
61 47 57 81 0
47 61 81 57 0
61 47 81 57 0
47 61 63 75 0
61 47 63 75 0
47 61 75 63 0
61 47 75 63 0
50 58 58 80 0
58 50 58 80 0
50 58 80 58 0
58 50 80 58 0
53 55 57 81 0
55 53 57 81 0
53 55 81 57 0
55 53 81 57 0
54 54 61 77 0
54 54 77 61 0
44 64 66 72 0
64 44 66 72 0
44 64 72 66 0
64 44 72 66 0
52 56 64 74 0
56 52 64 74 0
52 56 74 64 0
56 52 74 64 0
47 61 60 78 0
61 47 60 78 0
47 61 78 60 0
61 47 78 60 0
45 63 68 70 0
63 45 68 70 0
45 63 70 68 0
63 45 70 68 0
46 62 57 81 0
62 46 57 81 0
46 62 81 57 0
62 46 81 57 0
53 55 55 83 0
55 53 55 83 0
53 55 83 55 0
55 53 83 55 0
51 57 65 73 0
57 51 65 73 0
51 57 73 65 0
57 51 73 65 0
49 59 59 79 0
59 49 59 79 0
49 59 79 59 0
59 49 79 59 0
48 60 68 70 0
60 48 68 70 0
48 60 70 68 0
60 48 70 68 0
44 64 68 70 0
64 44 68 70 0
44 64 70 68 0
64 44 70 68 0
54 54 66 72 1
54 54 72 66 1
52 56 55 83 0
56 52 55 83 0
52 56 83 55 0
56 52 83 55 0
46 62 65 73 0
62 46 65 73 0
46 62 73 65 0
62 46 73 65 0
49 59 68 70 2
59 49 68 70 2
49 59 70 68 2
59 49 70 68 2
47 61 69 69 0
61 47 69 69 0
45 63 62 76 0
63 45 62 76 0
45 63 76 62 0
63 45 76 62 0
51 57 69 69 2
57 51 69 69 2
52 56 61 77 0
56 52 61 77 0
52 56 77 61 0
56 52 77 61 0
50 58 59 79 0
58 50 59 79 0
50 58 79 59 0
58 50 79 59 0
45 63 60 78 0
63 45 60 78 0
45 63 78 60 0
63 45 78 60 0
49 59 58 80 0
59 49 58 80 0
49 59 80 58 0
59 49 80 58 0
53 55 65 73 0
55 53 65 73 0
53 55 73 65 0
55 53 73 65 0
46 62 66 72 0
62 46 66 72 0
46 62 72 66 0
62 46 72 66 0
54 54 65 73 0
54 54 73 65 0
48 60 57 81 0
60 48 57 81 0
48 60 81 57 0
60 48 81 57 0
50 58 60 78 0
58 50 60 78 0
50 58 78 60 0
58 50 78 60 0
45 63 66 72 0
63 45 66 72 0
45 63 72 66 0
63 45 72 66 0
50 58 56 82 0
58 50 56 82 0
50 58 82 56 0
58 50 82 56 0
49 59 63 75 0
59 49 63 75 0
49 59 75 63 0
59 49 75 63 0
52 56 62 76 0
56 52 62 76 0
52 56 76 62 0
56 52 76 62 0
47 61 65 73 0
61 47 65 73 0
47 61 73 65 0
61 47 73 65 0
48 60 69 69 0
60 48 69 69 0
48 60 58 80 0
60 48 58 80 0
48 60 80 58 0
60 48 80 58 0
51 57 66 72 1
57 51 66 72 1
51 57 72 66 1
57 51 72 66 1
48 60 65 73 0
60 48 65 73 0
48 60 73 65 0
60 48 73 65 0
44 64 61 77 0
64 44 61 77 0
44 64 77 61 0
64 44 77 61 0
48 60 62 76 0
60 48 62 76 0
48 60 76 62 0
60 48 76 62 0
46 62 67 71 0
62 46 67 71 0
46 62 71 67 0
62 46 71 67 0
50 58 64 74 0
58 50 64 74 0
50 58 74 64 0
58 50 74 64 0
47 61 59 79 0
61 47 59 79 0
47 61 79 59 0
61 47 79 59 0
45 63 59 79 0
63 45 59 79 0
45 63 79 59 0
63 45 79 59 0
53 55 62 76 0
55 53 62 76 0
53 55 76 62 0
55 53 76 62 0
49 59 69 69 2
59 49 69 69 2
51 57 62 76 0
57 51 62 76 0
51 57 76 62 0
57 51 76 62 0
53 55 60 78 0
55 53 60 78 0
53 55 78 60 0
55 53 78 60 0
46 62 63 75 0
62 46 63 75 0
46 62 75 63 0
62 46 75 63 0
44 64 69 69 0
64 44 69 69 0
47 61 62 76 0
61 47 62 76 0
47 61 76 62 0
61 47 76 62 0
51 57 68 70 2
57 51 68 70 2
51 57 70 68 2
57 51 70 68 2
51 57 64 74 0
57 51 64 74 0
51 57 74 64 0
57 51 74 64 0
44 64 62 76 0
64 44 62 76 0
44 64 76 62 0
64 44 76 62 0
46 62 60 78 0
62 46 60 78 0
46 62 78 60 0
62 46 78 60 0
50 58 61 77 0
58 50 61 77 0
50 58 77 61 0
58 50 77 61 0
51 57 57 81 0
57 51 57 81 0
51 57 81 57 0
57 51 81 57 0
51 57 61 77 0
57 51 61 77 0
51 57 77 61 0
57 51 77 61 0
51 57 63 75 0
57 51 63 75 0
51 57 75 63 0
57 51 75 63 0
51 57 58 80 0
57 51 58 80 0
51 57 80 58 0
57 51 80 58 0
48 60 64 74 0
60 48 64 74 0
48 60 74 64 0
60 48 74 64 0
48 60 60 78 0
60 48 60 78 0
48 60 78 60 0
60 48 78 60 0
52 56 58 80 0
56 52 58 80 0
52 56 80 58 0
56 52 80 58 0
54 54 60 78 0
54 54 78 60 0
