6 6 3 15 2
6 6 15 3 2
6 6 4 14 8
6 6 14 4 8
3 9 7 11 22
9 3 7 11 22
3 9 11 7 22
9 3 11 7 22
4 8 1 17 0
8 4 1 17 0
4 8 17 1 0
8 4 17 1 0
6 6 5 13 16
6 6 13 5 16
6 6 8 10 54
6 6 10 8 54
4 8 3 15 1
8 4 3 15 1
4 8 15 3 1
8 4 15 3 1
0 12 4 14 0
12 0 4 14 0
0 12 14 4 0
12 0 14 4 0
4 8 8 10 42
8 4 8 10 42
4 8 10 8 42
8 4 10 8 42
1 11 3 15 0
11 1 3 15 0
1 11 15 3 0
11 1 15 3 0
4 8 4 14 6
8 4 4 14 6
4 8 14 4 6
8 4 14 4 6
5 7 9 9 54
7 5 9 9 54
1 11 9 9 8
11 1 9 9 8
1 11 4 14 1
11 1 4 14 1
1 11 14 4 1
11 1 14 4 1
5 7 5 13 16
7 5 5 13 16
5 7 13 5 16
7 5 13 5 16
0 12 3 15 0
12 0 3 15 0
0 12 15 3 0
12 0 15 3 0
1 11 1 17 0
11 1 1 17 0
1 11 17 1 0
11 1 17 1 0
3 9 5 13 8
9 3 5 13 8
3 9 13 5 8
9 3 13 5 8
2 10 6 12 8
10 2 6 12 8
2 10 12 6 8
10 2 12 6 8
2 10 5 13 4
10 2 5 13 4
2 10 13 5 4
10 2 13 5 4
5 7 8 10 52
7 5 8 10 52
5 7 10 8 52
7 5 10 8 52
4 8 0 18 0
8 4 0 18 0
4 8 18 0 0
8 4 18 0 0
0 12 5 13 0
12 0 5 13 0
0 12 13 5 0
12 0 13 5 0
6 6 2 16 0
6 6 16 2 0
3 9 3 15 1
9 3 3 15 1
3 9 15 3 1
9 3 15 3 1
6 6 0 18 0
6 6 18 0 0
3 9 8 10 28
9 3 8 10 28
3 9 10 8 28
9 3 10 8 28
0 12 9 9 2
12 0 9 9 2
5 7 7 11 42
7 5 7 11 42
5 7 11 7 42
7 5 11 7 42
3 9 0 18 0
9 3 0 18 0
3 9 18 0 0
9 3 18 0 0
5 7 4 14 8
7 5 4 14 8
5 7 14 4 8
7 5 14 4 8
5 7 6 12 28
7 5 6 12 28
5 7 12 6 28
7 5 12 6 28
3 9 1 17 0
9 3 1 17 0
3 9 17 1 0
9 3 17 1 0
0 12 6 12 1
12 0 6 12 1
0 12 12 6 1
12 0 12 6 1
1 11 2 16 0
11 1 2 16 0
1 11 16 2 0
11 1 16 2 0
2 10 4 14 2
10 2 4 14 2
2 10 14 4 2
10 2 14 4 2
4 8 2 16 0
8 4 2 16 0
4 8 16 2 0
8 4 16 2 0
4 8 5 13 12
8 4 5 13 12
4 8 13 5 12
8 4 13 5 12
1 11 6 12 4
11 1 6 12 4
1 11 12 6 4
11 1 12 6 4
2 10 3 15 0
10 2 3 15 0
2 10 15 3 0
10 2 15 3 0
2 10 2 16 0
10 2 2 16 0
2 10 16 2 0
10 2 16 2 0
5 7 3 15 2
7 5 3 15 2
5 7 15 3 2
7 5 15 3 2
2 10 8 10 16
10 2 8 10 16
2 10 10 8 16
10 2 10 8 16
6 6 9 9 56
2 10 1 17 0
10 2 1 17 0
2 10 17 1 0
10 2 17 1 0
2 10 7 11 12
10 2 7 11 12
2 10 11 7 12
10 2 11 7 12
6 6 7 11 43
6 6 11 7 43
4 8 6 12 22
8 4 6 12 22
4 8 12 6 22
8 4 12 6 22
5 7 1 17 0
7 5 1 17 0
5 7 17 1 0
7 5 17 1 0
3 9 9 9 29
9 3 9 9 29
1 11 8 10 8
11 1 8 10 8
1 11 10 8 8
11 1 10 8 8
4 8 7 11 33
8 4 7 11 33
4 8 11 7 33
8 4 11 7 33
0 12 8 10 2
12 0 8 10 2
0 12 10 8 2
12 0 10 8 2
5 7 2 16 0
7 5 2 16 0
5 7 16 2 0
7 5 16 2 0
3 9 2 16 0
9 3 2 16 0
3 9 16 2 0
9 3 16 2 0
1 11 7 11 6
11 1 7 11 6
1 11 11 7 6
11 1 11 7 6
3 9 6 12 15
9 3 6 12 15
3 9 12 6 15
9 3 12 6 15
6 6 6 12 29
6 6 12 6 29
4 8 9 9 43
8 4 9 9 43
0 12 7 11 1
12 0 7 11 1
0 12 11 7 1
12 0 11 7 1
1 11 5 13 2
11 1 5 13 2
1 11 13 5 2
11 1 13 5 2
5 7 0 18 0
7 5 0 18 0
5 7 18 0 0
7 5 18 0 0
2 10 9 9 16
10 2 9 9 16
3 9 4 14 4
9 3 4 14 4
3 9 14 4 4
9 3 14 4 4
6 6 1 17 0
6 6 17 1 0
