9 23 42 57 0
23 9 42 57 0
9 23 57 42 0
23 9 57 42 0
9 23 43 56 0
23 9 43 56 0
9 23 56 43 0
23 9 56 43 0
9 23 44 55 0
23 9 44 55 0
9 23 55 44 0
23 9 55 44 0
9 23 45 54 0
23 9 45 54 0
9 23 54 45 0
23 9 54 45 0
9 23 46 53 0
23 9 46 53 0
9 23 53 46 0
23 9 53 46 0
9 23 47 52 0
23 9 47 52 0
9 23 52 47 0
23 9 52 47 0
9 23 48 51 0
23 9 48 51 0
9 23 51 48 0
23 9 51 48 0
9 23 49 50 0
23 9 49 50 0
9 23 50 49 0
23 9 50 49 0
10 22 42 57 0
22 10 42 57 0
10 22 57 42 0
22 10 57 42 0
10 22 43 56 0
22 10 43 56 0
10 22 56 43 0
22 10 56 43 0
10 22 44 55 0
22 10 44 55 0
10 22 55 44 0
22 10 55 44 0
10 22 45 54 0
22 10 45 54 0
10 22 54 45 0
22 10 54 45 0
10 22 46 53 0
22 10 46 53 0
10 22 53 46 0
22 10 53 46 0
10 22 47 52 0
22 10 47 52 0
10 22 52 47 0
22 10 52 47 0
10 22 48 51 0
22 10 48 51 0
10 22 51 48 0
22 10 51 48 0
10 22 49 50 0
22 10 49 50 0
10 22 50 49 0
22 10 50 49 0
11 21 42 57 0
21 11 42 57 0
11 21 57 42 0
21 11 57 42 0
11 21 43 56 0
21 11 43 56 0
11 21 56 43 0
21 11 56 43 0
11 21 44 55 0
21 11 44 55 0
11 21 55 44 0
21 11 55 44 0
11 21 45 54 0
21 11 45 54 0
11 21 54 45 0
21 11 54 45 0
11 21 46 53 0
21 11 46 53 0
11 21 53 46 0
21 11 53 46 0
11 21 47 52 0
21 11 47 52 0
11 21 52 47 0
21 11 52 47 0
11 21 48 51 0
21 11 48 51 0
11 21 51 48 0
21 11 51 48 0
11 21 49 50 0
21 11 49 50 0
11 21 50 49 0
21 11 50 49 0
10 22 37 62 0
22 10 37 62 0
10 22 62 37 0
22 10 62 37 0
10 22 38 61 0
22 10 38 61 0
10 22 61 38 0
22 10 61 38 0
10 22 39 60 0
22 10 39 60 0
10 22 60 39 0
22 10 60 39 0
10 22 40 59 0
22 10 40 59 0
10 22 59 40 0
22 10 59 40 0
10 22 41 58 0
22 10 41 58 0
10 22 58 41 0
22 10 58 41 0
11 21 37 62 0
21 11 37 62 0
11 21 62 37 0
21 11 62 37 0
11 21 38 61 0
21 11 38 61 0
11 21 61 38 0
21 11 61 38 0
11 21 39 60 0
21 11 39 60 0
11 21 60 39 0
21 11 60 39 0
11 21 40 59 0
21 11 40 59 0
11 21 59 40 0
21 11 59 40 0
11 21 41 58 0
21 11 41 58 0
11 21 58 41 0
21 11 58 41 0
12 20 37 62 0
20 12 37 62 0
12 20 62 37 0
20 12 62 37 0
12 20 38 61 0
20 12 38 61 0
12 20 61 38 0
20 12 61 38 0
12 20 39 60 0
20 12 39 60 0
12 20 60 39 0
20 12 60 39 0
12 20 40 59 0
20 12 40 59 0
12 20 59 40 0
20 12 59 40 0
12 20 41 58 0
20 12 41 58 0
12 20 58 41 0
20 12 58 41 0
12 20 42 57 0
20 12 42 57 0
12 20 57 42 0
20 12 57 42 0
12 20 43 56 0
20 12 43 56 0
12 20 56 43 0
20 12 56 43 0
12 20 44 55 0
20 12 44 55 0
12 20 55 44 0
20 12 55 44 0
12 20 45 54 1
20 12 45 54 1
12 20 54 45 1
20 12 54 45 1
12 20 46 53 2
20 12 46 53 2
12 20 53 46 2
20 12 53 46 2
12 20 47 52 3
20 12 47 52 3
12 20 52 47 3
20 12 52 47 3
12 20 48 51 4
20 12 48 51 4
12 20 51 48 4
20 12 51 48 4
12 20 49 50 5
20 12 49 50 5
12 20 50 49 5
20 12 50 49 5
11 21 34 65 0
21 11 34 65 0
11 21 65 34 0
21 11 65 34 0
11 21 35 64 0
21 11 35 64 0
11 21 64 35 0
21 11 64 35 0
11 21 36 63 0
21 11 36 63 0
11 21 63 36 0
21 11 63 36 0
12 20 34 65 0
20 12 34 65 0
12 20 65 34 0
20 12 65 34 0
12 20 35 64 0
20 12 35 64 0
12 20 64 35 0
20 12 64 35 0
12 20 36 63 0
20 12 36 63 0
12 20 63 36 0
20 12 63 36 0
13 19 34 65 0
19 13 34 65 0
13 19 65 34 0
19 13 65 34 0
13 19 35 64 0
19 13 35 64 0
13 19 64 35 0
19 13 64 35 0
13 19 36 63 0
19 13 36 63 0
13 19 63 36 0
19 13 63 36 0
13 19 37 62 0
19 13 37 62 0
13 19 62 37 0
19 13 62 37 0
13 19 38 61 0
19 13 38 61 0
13 19 61 38 0
19 13 61 38 0
13 19 39 60 0
19 13 39 60 0
13 19 60 39 0
19 13 60 39 0
13 19 40 59 0
19 13 40 59 0
13 19 59 40 0
19 13 59 40 0
13 19 41 58 0
19 13 41 58 0
13 19 58 41 0
19 13 58 41 0
13 19 42 57 1
19 13 42 57 1
13 19 57 42 1
19 13 57 42 1
13 19 43 56 3
19 13 43 56 3
13 19 56 43 3
19 13 56 43 3
13 19 44 55 6
19 13 44 55 6
13 19 55 44 6
19 13 55 44 6
13 19 45 54 11
19 13 45 54 11
13 19 54 45 11
19 13 54 45 11
13 19 46 53 17
19 13 46 53 17
13 19 53 46 17
19 13 53 46 17
13 19 47 52 23
19 13 47 52 23
13 19 52 47 23
19 13 52 47 23
13 19 48 51 28
19 13 48 51 28
13 19 51 48 28
19 13 51 48 28
13 19 49 50 31
19 13 49 50 31
13 19 50 49 31
19 13 50 49 31
12 20 33 66 0
20 12 33 66 0
12 20 66 33 0
20 12 66 33 0
13 19 33 66 0
19 13 33 66 0
13 19 66 33 0
19 13 66 33 0
14 18 33 66 0
18 14 33 66 0
14 18 66 33 0
18 14 66 33 0
14 18 34 65 0
18 14 34 65 0
14 18 65 34 0
18 14 65 34 0
14 18 35 64 0
18 14 35 64 0
14 18 64 35 0
18 14 64 35 0
14 18 36 63 0
18 14 36 63 0
14 18 63 36 0
18 14 63 36 0
14 18 37 62 0
18 14 37 62 0
14 18 62 37 0
18 14 62 37 0
14 18 38 61 0
18 14 38 61 0
14 18 61 38 0
18 14 61 38 0
14 18 39 60 0
18 14 39 60 0
14 18 60 39 0
18 14 60 39 0
14 18 40 59 1
18 14 40 59 1
14 18 59 40 1
18 14 59 40 1
14 18 41 58 3
18 14 41 58 3
14 18 58 41 3
18 14 58 41 3
14 18 42 57 8
18 14 42 57 8
14 18 57 42 8
18 14 57 42 8
14 18 43 56 16
18 14 43 56 16
14 18 56 43 16
18 14 56 43 16
14 18 44 55 28
18 14 44 55 28
14 18 55 44 28
18 14 55 44 28
14 18 45 54 44
18 14 45 54 44
14 18 54 45 44
18 14 54 45 44
14 18 46 53 62
18 14 46 53 62
14 18 53 46 62
18 14 53 46 62
14 18 47 52 79
18 14 47 52 79
14 18 52 47 79
18 14 52 47 79
14 18 48 51 93
18 14 48 51 93
14 18 51 48 93
18 14 51 48 93
14 18 49 50 101
18 14 49 50 101
14 18 50 49 101
18 14 50 49 101
15 17 34 65 0
17 15 34 65 0
15 17 65 34 0
17 15 65 34 0
15 17 35 64 0
17 15 35 64 0
15 17 64 35 0
17 15 64 35 0
15 17 36 63 0
17 15 36 63 0
15 17 63 36 0
17 15 63 36 0
15 17 37 62 0
17 15 37 62 0
15 17 62 37 0
17 15 62 37 0
15 17 38 61 0
17 15 38 61 0
15 17 61 38 0
17 15 61 38 0
15 17 39 60 1
17 15 39 60 1
15 17 60 39 1
17 15 60 39 1
15 17 40 59 4
17 15 40 59 4
15 17 59 40 4
17 15 59 40 4
15 17 41 58 10
17 15 41 58 10
15 17 58 41 10
17 15 58 41 10
15 17 42 57 21
17 15 42 57 21
15 17 57 42 21
17 15 57 42 21
15 17 43 56 38
17 15 43 56 38
15 17 56 43 38
17 15 56 43 38
15 17 44 55 62
17 15 44 55 62
15 17 55 44 62
17 15 55 44 62
15 17 45 54 92
17 15 45 54 92
15 17 54 45 92
17 15 54 45 92
15 17 46 53 124
17 15 46 53 124
15 17 53 46 124
17 15 53 46 124
15 17 47 52 154
17 15 47 52 154
15 17 52 47 154
17 15 52 47 154
15 17 48 51 178
17 15 48 51 178
15 17 51 48 178
17 15 51 48 178
15 17 49 50 192
17 15 49 50 192
15 17 50 49 192
17 15 50 49 192
16 16 37 62 0
16 16 62 37 0
16 16 38 61 0
16 16 61 38 0
16 16 39 60 1
16 16 60 39 1
16 16 40 59 5
16 16 59 40 5
16 16 41 58 13
16 16 58 41 13
16 16 42 57 27
16 16 57 42 27
16 16 43 56 48
16 16 56 43 48
16 16 44 55 78
16 16 55 44 78
16 16 45 54 115
16 16 54 45 115
16 16 46 53 154
16 16 53 46 154
16 16 47 52 190
16 16 52 47 190
16 16 48 51 219
16 16 51 48 219
16 16 49 50 236
16 16 50 49 236
13 19 31 68 0
19 13 31 68 0
13 19 68 31 0
19 13 68 31 0
13 19 32 67 0
19 13 32 67 0
13 19 67 32 0
19 13 67 32 0
14 18 31 68 0
18 14 31 68 0
14 18 68 31 0
18 14 68 31 0
14 18 32 67 0
18 14 32 67 0
14 18 67 32 0
18 14 67 32 0
15 17 31 68 0
17 15 31 68 0
15 17 68 31 0
17 15 68 31 0
15 17 32 67 0
17 15 32 67 0
15 17 67 32 0
17 15 67 32 0
15 17 33 66 0
17 15 33 66 0
15 17 66 33 0
17 15 66 33 0
16 16 31 68 0
16 16 68 31 0
16 16 32 67 0
16 16 67 32 0
16 16 33 66 0
16 16 66 33 0
16 16 34 65 0
16 16 65 34 0
16 16 35 64 0
16 16 64 35 0
16 16 36 63 0
16 16 63 36 0
15 17 30 69 0
17 15 30 69 0
15 17 69 30 0
17 15 69 30 0
16 16 30 69 0
16 16 69 30 0
