3 19 24 45 0
19 3 24 45 0
3 19 45 24 0
19 3 45 24 0
3 19 25 44 0
19 3 25 44 0
3 19 44 25 0
19 3 44 25 0
3 19 26 43 0
19 3 26 43 0
3 19 43 26 0
19 3 43 26 0
3 19 27 42 0
19 3 27 42 0
3 19 42 27 0
19 3 42 27 0
3 19 28 41 0
19 3 28 41 0
3 19 41 28 0
19 3 41 28 0
3 19 29 40 0
19 3 29 40 0
3 19 40 29 0
19 3 40 29 0
3 19 30 39 0
19 3 30 39 0
3 19 39 30 0
19 3 39 30 0
3 19 31 38 0
19 3 31 38 0
3 19 38 31 0
19 3 38 31 0
3 19 32 37 0
19 3 32 37 0
3 19 37 32 0
19 3 37 32 0
3 19 33 36 0
19 3 33 36 0
3 19 36 33 0
19 3 36 33 0
4 18 24 45 0
18 4 24 45 0
4 18 45 24 0
18 4 45 24 0
4 18 25 44 0
18 4 25 44 0
4 18 44 25 0
18 4 44 25 0
4 18 26 43 0
18 4 26 43 0
4 18 43 26 0
18 4 43 26 0
4 18 27 42 0
18 4 27 42 0
4 18 42 27 0
18 4 42 27 0
4 18 28 41 0
18 4 28 41 0
4 18 41 28 0
18 4 41 28 0
4 18 29 40 0
18 4 29 40 0
4 18 40 29 0
18 4 40 29 0
4 18 30 39 0
18 4 30 39 0
4 18 39 30 0
18 4 39 30 0
4 18 31 38 0
18 4 31 38 0
4 18 38 31 0
18 4 38 31 0
4 18 32 37 0
18 4 32 37 0
4 18 37 32 0
18 4 37 32 0
4 18 33 36 0
18 4 33 36 0
4 18 36 33 0
18 4 36 33 0
5 17 24 45 0
17 5 24 45 0
5 17 45 24 0
17 5 45 24 0
5 17 25 44 0
17 5 25 44 0
5 17 44 25 0
17 5 44 25 0
5 17 26 43 0
17 5 26 43 0
5 17 43 26 0
17 5 43 26 0
5 17 27 42 1
17 5 27 42 1
5 17 42 27 1
17 5 42 27 1
5 17 28 41 2
17 5 28 41 2
5 17 41 28 2
17 5 41 28 2
5 17 29 40 5
17 5 29 40 5
5 17 40 29 5
17 5 40 29 5
5 17 30 39 9
17 5 30 39 9
5 17 39 30 9
17 5 39 30 9
5 17 31 38 13
17 5 31 38 13
5 17 38 31 13
17 5 38 31 13
5 17 32 37 17
17 5 32 37 17
5 17 37 32 17
17 5 37 32 17
5 17 33 36 21
17 5 33 36 21
5 17 36 33 21
17 5 36 33 21
3 19 34 35 0
19 3 34 35 0
3 19 35 34 0
19 3 35 34 0
4 18 34 35 0
18 4 34 35 0
4 18 35 34 0
18 4 35 34 0
5 17 34 35 23
17 5 34 35 23
5 17 35 34 23
17 5 35 34 23
4 18 22 47 0
18 4 22 47 0
4 18 47 22 0
18 4 47 22 0
4 18 23 46 0
18 4 23 46 0
4 18 46 23 0
18 4 46 23 0
5 17 22 47 0
17 5 22 47 0
5 17 47 22 0
17 5 47 22 0
5 17 23 46 0
17 5 23 46 0
5 17 46 23 0
17 5 46 23 0
6 16 22 47 0
16 6 22 47 0
6 16 47 22 0
16 6 47 22 0
6 16 23 46 0
16 6 23 46 0
6 16 46 23 0
16 6 46 23 0
6 16 24 45 0
16 6 24 45 0
6 16 45 24 0
16 6 45 24 0
6 16 25 44 3
16 6 25 44 3
6 16 44 25 3
16 6 44 25 3
6 16 26 43 9
16 6 26 43 9
6 16 43 26 9
16 6 43 26 9
6 16 27 42 21
16 6 27 42 21
6 16 42 27 21
16 6 42 27 21
6 16 28 41 39
16 6 28 41 39
6 16 41 28 39
16 6 41 28 39
6 16 29 40 67
16 6 29 40 67
6 16 40 29 67
16 6 40 29 67
6 16 30 39 101
16 6 30 39 101
6 16 39 30 101
16 6 39 30 101
6 16 31 38 138
16 6 31 38 138
6 16 38 31 138
16 6 38 31 138
6 16 32 37 172
16 6 32 37 172
6 16 37 32 172
16 6 37 32 172
6 16 33 36 200
16 6 33 36 200
6 16 36 33 200
16 6 36 33 200
6 16 34 35 216
16 6 34 35 216
6 16 35 34 216
16 6 35 34 216
7 15 22 47 1
15 7 22 47 1
7 15 47 22 1
15 7 47 22 1
7 15 23 46 5
15 7 23 46 5
7 15 46 23 5
15 7 46 23 5
7 15 24 45 15
15 7 24 45 15
7 15 45 24 15
15 7 45 24 15
7 15 25 44 39
15 7 25 44 39
7 15 44 25 39
15 7 44 25 39
7 15 26 43 82
15 7 26 43 82
7 15 43 26 82
15 7 43 26 82
7 15 27 42 152
15 7 27 42 152
7 15 42 27 152
15 7 42 27 152
7 15 28 41 251
15 7 28 41 251
7 15 41 28 251
15 7 41 28 251
7 15 29 40 382
15 7 29 40 382
7 15 40 29 382
15 7 40 29 382
7 15 30 39 534
15 7 30 39 534
7 15 39 30 534
15 7 39 30 534
7 15 31 38 693
15 7 31 38 693
7 15 38 31 693
15 7 38 31 693
7 15 32 37 838
15 7 32 37 838
7 15 37 32 838
15 7 37 32 838
7 15 33 36 951
15 7 33 36 951
7 15 36 33 951
15 7 36 33 951
7 15 34 35 1013
15 7 34 35 1013
7 15 35 34 1013
15 7 35 34 1013
8 14 24 45 87
14 8 24 45 87
8 14 45 24 87
14 8 45 24 87
8 14 25 44 183
14 8 25 44 183
8 14 44 25 183
14 8 44 25 183
8 14 26 43 338
14 8 26 43 338
8 14 43 26 338
14 8 43 26 338
8 14 27 42 572
14 8 27 42 572
8 14 42 27 572
14 8 42 27 572
8 14 28 41 883
14 8 28 41 883
8 14 41 28 883
14 8 41 28 883
8 14 29 40 1272
14 8 29 40 1272
8 14 40 29 1272
14 8 40 29 1272
8 14 30 39 1708
14 8 30 39 1708
8 14 39 30 1708
14 8 39 30 1708
8 14 31 38 2153
14 8 31 38 2153
8 14 38 31 2153
14 8 38 31 2153
8 14 32 37 2552
14 8 32 37 2552
8 14 37 32 2552
14 8 37 32 2552
8 14 33 36 2858
14 8 33 36 2858
8 14 36 33 2858
14 8 36 33 2858
8 14 34 35 3022
14 8 34 35 3022
8 14 35 34 3022
14 8 35 34 3022
4 18 21 48 0
18 4 21 48 0
4 18 48 21 0
18 4 48 21 0
5 17 21 48 0
17 5 21 48 0
5 17 48 21 0
17 5 48 21 0
6 16 21 48 0
16 6 21 48 0
6 16 48 21 0
16 6 48 21 0
5 17 18 51 0
17 5 18 51 0
5 17 51 18 0
17 5 51 18 0
5 17 19 50 0
17 5 19 50 0
5 17 50 19 0
17 5 50 19 0
5 17 20 49 0
17 5 20 49 0
5 17 49 20 0
17 5 49 20 0
6 16 18 51 0
16 6 18 51 0
6 16 51 18 0
16 6 51 18 0
6 16 19 50 0
16 6 19 50 0
6 16 50 19 0
16 6 50 19 0
6 16 20 49 0
16 6 20 49 0
6 16 49 20 0
16 6 49 20 0
7 15 18 51 0
15 7 18 51 0
7 15 51 18 0
15 7 51 18 0
7 15 19 50 0
15 7 19 50 0
7 15 50 19 0
15 7 50 19 0
7 15 20 49 0
15 7 20 49 0
7 15 49 20 0
15 7 49 20 0
7 15 21 48 0
15 7 21 48 0
7 15 48 21 0
15 7 48 21 0
6 16 17 52 0
16 6 17 52 0
6 16 52 17 0
16 6 52 17 0
7 15 17 52 0
15 7 17 52 0
7 15 52 17 0
15 7 52 17 0
8 14 17 52 0
14 8 17 52 0
8 14 52 17 0
14 8 52 17 0
8 14 18 51 0
14 8 18 51 0
8 14 51 18 0
14 8 51 18 0
8 14 19 50 0
14 8 19 50 0
8 14 50 19 0
14 8 50 19 0
8 14 20 49 0
14 8 20 49 0
8 14 49 20 0
14 8 49 20 0
8 14 21 48 3
14 8 21 48 3
8 14 48 21 3
14 8 48 21 3
8 14 22 47 12
14 8 22 47 12
8 14 47 22 12
14 8 47 22 12
8 14 23 46 37
14 8 23 46 37
8 14 46 23 37
14 8 46 23 37
9 13 18 51 0
13 9 18 51 0
9 13 51 18 0
13 9 51 18 0
9 13 19 50 1
13 9 19 50 1
9 13 50 19 1
13 9 50 19 1
9 13 20 49 5
13 9 20 49 5
9 13 49 20 5
13 9 49 20 5
9 13 21 48 18
13 9 21 48 18
9 13 48 21 18
13 9 48 21 18
9 13 22 47 51
13 9 22 47 51
9 13 47 22 51
13 9 47 22 51
9 13 23 46 124
13 9 23 46 124
9 13 46 23 124
13 9 46 23 124
9 13 24 45 260
13 9 24 45 260
9 13 45 24 260
13 9 45 24 260
9 13 25 44 495
13 9 25 44 495
9 13 44 25 495
13 9 44 25 495
9 13 26 43 857
13 9 26 43 857
9 13 43 26 857
13 9 43 26 857
9 13 27 42 1373
13 9 27 42 1373
9 13 42 27 1373
13 9 42 27 1373
9 13 28 41 2043
13 9 28 41 2043
9 13 41 28 2043
13 9 41 28 2043
9 13 29 40 2851
13 9 29 40 2851
9 13 40 29 2851
13 9 40 29 2851
9 13 30 39 3739
13 9 30 39 3739
9 13 39 30 3739
13 9 39 30 3739
9 13 31 38 4630
13 9 31 38 4630
9 13 38 31 4630
13 9 38 31 4630
9 13 32 37 5422
13 9 32 37 5422
9 13 37 32 5422
13 9 37 32 5422
9 13 33 36 6020
13 9 33 36 6020
9 13 36 33 6020
13 9 36 33 6020
9 13 34 35 6341
13 9 34 35 6341
9 13 35 34 6341
13 9 35 34 6341
10 12 21 48 40
12 10 21 48 40
10 12 48 21 40
12 10 48 21 40
10 12 22 47 103
12 10 22 47 103
10 12 47 22 103
12 10 47 22 103
10 12 23 46 235
12 10 23 46 235
10 12 46 23 235
12 10 46 23 235
10 12 24 45 469
12 10 24 45 469
10 12 45 24 469
12 10 45 24 469
10 12 25 44 860
12 10 25 44 860
10 12 44 25 860
12 10 44 25 860
10 12 26 43 1443
12 10 26 43 1443
10 12 43 26 1443
12 10 43 26 1443
10 12 27 42 2257
12 10 27 42 2257
10 12 42 27 2257
12 10 42 27 2257
10 12 28 41 3293
12 10 28 41 3293
10 12 41 28 3293
12 10 41 28 3293
10 12 29 40 4527
12 10 29 40 4527
10 12 40 29 4527
12 10 40 29 4527
10 12 30 39 5866
12 10 30 39 5866
10 12 39 30 5866
12 10 39 30 5866
10 12 31 38 7199
12 10 31 38 7199
10 12 38 31 7199
12 10 38 31 7199
10 12 32 37 8375
12 10 32 37 8375
10 12 37 32 8375
12 10 37 32 8375
10 12 33 36 9260
12 10 33 36 9260
10 12 36 33 9260
12 10 36 33 9260
10 12 34 35 9734
12 10 34 35 9734
10 12 35 34 9734
12 10 35 34 9734
6 16 16 53 0
16 6 16 53 0
6 16 53 16 0
16 6 53 16 0
7 15 16 53 0
15 7 16 53 0
7 15 53 16 0
15 7 53 16 0
8 14 16 53 0
14 8 16 53 0
8 14 53 16 0
14 8 53 16 0
7 15 14 55 0
15 7 14 55 0
7 15 55 14 0
15 7 55 14 0
7 15 15 54 0
15 7 15 54 0
7 15 54 15 0
15 7 54 15 0
8 14 14 55 0
14 8 14 55 0
8 14 55 14 0
14 8 55 14 0
8 14 15 54 0
14 8 15 54 0
8 14 54 15 0
14 8 54 15 0
9 13 14 55 0
13 9 14 55 0
9 13 55 14 0
13 9 55 14 0
9 13 15 54 0
13 9 15 54 0
9 13 54 15 0
13 9 54 15 0
9 13 16 53 0
13 9 16 53 0
9 13 53 16 0
13 9 53 16 0
9 13 17 52 0
13 9 17 52 0
9 13 52 17 0
13 9 52 17 0
10 12 14 55 0
12 10 14 55 0
10 12 55 14 0
12 10 55 14 0
10 12 15 54 0
12 10 15 54 0
10 12 54 15 0
12 10 54 15 0
10 12 16 53 0
12 10 16 53 0
10 12 53 16 0
12 10 53 16 0
10 12 17 52 0
12 10 17 52 0
10 12 52 17 0
12 10 52 17 0
10 12 18 51 0
12 10 18 51 0
10 12 51 18 0
12 10 51 18 0
10 12 19 50 3
12 10 19 50 3
10 12 50 19 3
12 10 50 19 3
10 12 20 49 12
12 10 20 49 12
10 12 49 20 12
12 10 49 20 12
11 11 16 53 0
11 11 53 16 0
11 11 17 52 0
11 11 52 17 0
11 11 18 51 1
11 11 51 18 1
11 11 19 50 5
11 11 50 19 5
11 11 20 49 18
11 11 49 20 18
11 11 21 48 54
11 11 48 21 54
11 11 22 47 133
11 11 47 22 133
11 11 23 46 292
11 11 46 23 292
11 11 24 45 574
11 11 45 24 574
11 11 25 44 1034
11 11 44 25 1034
11 11 26 43 1718
11 11 43 26 1718
11 11 27 42 2663
11 11 42 27 2663
11 11 28 41 3861
11 11 41 28 3861
11 11 29 40 5278
11 11 40 29 5278
11 11 30 39 6814
11 11 39 30 6814
11 11 31 38 8334
11 11 38 31 8334
11 11 32 37 9675
11 11 37 32 9675
11 11 33 36 10682
11 11 36 33 10682
11 11 34 35 11220
11 11 35 34 11220
8 14 13 56 0
14 8 13 56 0
8 14 56 13 0
14 8 56 13 0
9 13 13 56 0
13 9 13 56 0
9 13 56 13 0
13 9 56 13 0
10 12 13 56 0
12 10 13 56 0
10 12 56 13 0
12 10 56 13 0
9 13 12 57 0
13 9 12 57 0
9 13 57 12 0
13 9 57 12 0
10 12 12 57 0
12 10 12 57 0
10 12 57 12 0
12 10 57 12 0
11 11 12 57 0
11 11 57 12 0
11 11 13 56 0
11 11 56 13 0
11 11 14 55 0
11 11 55 14 0
11 11 15 54 0
11 11 54 15 0
