0 8 3 24 0
8 0 3 24 0
0 8 24 3 0
8 0 24 3 0
0 8 4 23 0
8 0 4 23 0
0 8 23 4 0
8 0 23 4 0
0 8 5 22 0
8 0 5 22 0
0 8 22 5 0
8 0 22 5 0
0 8 6 21 0
8 0 6 21 0
0 8 21 6 0
8 0 21 6 0
0 8 7 20 0
8 0 7 20 0
0 8 20 7 0
8 0 20 7 0
0 8 8 19 0
8 0 8 19 0
0 8 19 8 0
8 0 19 8 0
0 8 9 18 0
8 0 9 18 0
0 8 18 9 0
8 0 18 9 0
0 8 10 17 0
8 0 10 17 0
0 8 17 10 0
8 0 17 10 0
0 8 11 16 0
8 0 11 16 0
0 8 16 11 0
8 0 16 11 0
0 8 12 15 0
8 0 12 15 0
0 8 15 12 0
8 0 15 12 0
1 7 3 24 0
7 1 3 24 0
1 7 24 3 0
7 1 24 3 0
1 7 4 23 0
7 1 4 23 0
1 7 23 4 0
7 1 23 4 0
1 7 5 22 0
7 1 5 22 0
1 7 22 5 0
7 1 22 5 0
1 7 6 21 0
7 1 6 21 0
1 7 21 6 0
7 1 21 6 0
1 7 7 20 0
7 1 7 20 0
1 7 20 7 0
7 1 20 7 0
1 7 8 19 0
7 1 8 19 0
1 7 19 8 0
7 1 19 8 0
1 7 9 18 0
7 1 9 18 0
1 7 18 9 0
7 1 18 9 0
1 7 10 17 0
7 1 10 17 0
1 7 17 10 0
7 1 17 10 0
1 7 11 16 0
7 1 11 16 0
1 7 16 11 0
7 1 16 11 0
1 7 12 15 0
7 1 12 15 0
1 7 15 12 0
7 1 15 12 0
2 6 3 24 1
6 2 3 24 1
2 6 24 3 1
6 2 24 3 1
2 6 4 23 2
6 2 4 23 2
2 6 23 4 2
6 2 23 4 2
2 6 5 22 4
6 2 5 22 4
2 6 22 5 4
6 2 22 5 4
2 6 6 21 6
6 2 6 21 6
2 6 21 6 6
6 2 21 6 6
2 6 7 20 9
6 2 7 20 9
2 6 20 7 9
6 2 20 7 9
2 6 8 19 11
6 2 8 19 11
2 6 19 8 11
6 2 19 8 11
2 6 9 18 13
6 2 9 18 13
2 6 18 9 13
6 2 18 9 13
2 6 10 17 14
6 2 10 17 14
2 6 17 10 14
6 2 17 10 14
2 6 11 16 15
6 2 11 16 15
2 6 16 11 15
6 2 16 11 15
2 6 12 15 15
6 2 12 15 15
2 6 15 12 15
6 2 15 12 15
0 8 13 14 0
8 0 13 14 0
0 8 14 13 0
8 0 14 13 0
1 7 13 14 0
7 1 13 14 0
1 7 14 13 0
7 1 14 13 0
2 6 13 14 15
6 2 13 14 15
2 6 14 13 15
6 2 14 13 15
1 7 1 26 0
7 1 1 26 0
1 7 26 1 0
7 1 26 1 0
1 7 2 25 0
7 1 2 25 0
1 7 25 2 0
7 1 25 2 0
2 6 1 26 0
6 2 1 26 0
2 6 26 1 0
6 2 26 1 0
2 6 2 25 0
6 2 2 25 0
2 6 25 2 0
6 2 25 2 0
3 5 1 26 0
5 3 1 26 0
3 5 26 1 0
5 3 26 1 0
3 5 2 25 1
5 3 2 25 1
3 5 25 2 1
5 3 25 2 1
3 5 3 24 3
5 3 3 24 3
3 5 24 3 3
5 3 24 3 3
3 5 4 23 6
5 3 4 23 6
3 5 23 4 6
5 3 23 4 6
3 5 5 22 10
5 3 5 22 10
3 5 22 5 10
5 3 22 5 10
3 5 6 21 15
5 3 6 21 15
3 5 21 6 15
5 3 21 6 15
3 5 7 20 21
5 3 7 20 21
3 5 20 7 21
5 3 20 7 21
3 5 8 19 26
5 3 8 19 26
3 5 19 8 26
5 3 19 8 26
3 5 9 18 30
5 3 9 18 30
3 5 18 9 30
5 3 18 9 30
3 5 10 17 33
5 3 10 17 33
3 5 17 10 33
5 3 17 10 33
3 5 11 16 35
5 3 11 16 35
3 5 16 11 35
5 3 16 11 35
3 5 12 15 36
5 3 12 15 36
3 5 15 12 36
5 3 15 12 36
3 5 13 14 36
5 3 13 14 36
3 5 14 13 36
5 3 14 13 36
4 4 1 26 0
4 4 26 1 0
4 4 2 25 1
4 4 25 2 1
4 4 3 24 4
4 4 24 3 4
4 4 4 23 8
4 4 23 4 8
4 4 5 22 14
4 4 22 5 14
4 4 6 21 21
4 4 21 6 21
4 4 7 20 30
4 4 20 7 30
4 4 8 19 37
4 4 19 8 37
4 4 9 18 43
4 4 18 9 43
4 4 10 17 47
4 4 17 10 47
4 4 11 16 50
4 4 16 11 50
4 4 12 15 51
4 4 15 12 51
4 4 13 14 51
4 4 14 13 51
3 5 0 27 0
5 3 0 27 0
3 5 27 0 0
5 3 27 0 0
4 4 0 27 0
4 4 27 0 0
