1 17 21 36 0
17 1 21 36 0
1 17 36 21 0
17 1 36 21 0
1 17 22 35 0
17 1 22 35 0
1 17 35 22 0
17 1 35 22 0
1 17 23 34 0
17 1 23 34 0
1 17 34 23 0
17 1 34 23 0
1 17 24 33 0
17 1 24 33 0
1 17 33 24 0
17 1 33 24 0
1 17 25 32 0
17 1 25 32 0
1 17 32 25 0
17 1 32 25 0
1 17 26 31 0
17 1 26 31 0
1 17 31 26 0
17 1 31 26 0
1 17 27 30 0
17 1 27 30 0
1 17 30 27 0
17 1 30 27 0
1 17 28 29 0
17 1 28 29 0
1 17 29 28 0
17 1 29 28 0
2 16 21 36 0
16 2 21 36 0
2 16 36 21 0
16 2 36 21 0
2 16 22 35 0
16 2 22 35 0
2 16 35 22 0
16 2 35 22 0
2 16 23 34 0
16 2 23 34 0
2 16 34 23 0
16 2 34 23 0
2 16 24 33 0
16 2 24 33 0
2 16 33 24 0
16 2 33 24 0
2 16 25 32 0
16 2 25 32 0
2 16 32 25 0
16 2 32 25 0
2 16 26 31 0
16 2 26 31 0
2 16 31 26 0
16 2 31 26 0
2 16 27 30 0
16 2 27 30 0
2 16 30 27 0
16 2 30 27 0
2 16 28 29 0
16 2 28 29 0
2 16 29 28 0
16 2 29 28 0
3 15 21 36 0
15 3 21 36 0
3 15 36 21 0
15 3 36 21 0
3 15 22 35 2
15 3 22 35 2
3 15 35 22 2
15 3 35 22 2
3 15 23 34 4
15 3 23 34 4
3 15 34 23 4
15 3 34 23 4
3 15 24 33 7
15 3 24 33 7
3 15 33 24 7
15 3 33 24 7
3 15 25 32 11
15 3 25 32 11
3 15 32 25 11
15 3 32 25 11
3 15 26 31 15
15 3 26 31 15
3 15 31 26 15
15 3 31 26 15
3 15 27 30 18
15 3 27 30 18
3 15 30 27 18
15 3 30 27 18
3 15 28 29 20
15 3 28 29 20
3 15 29 28 20
15 3 29 28 20
4 14 21 36 19
14 4 21 36 19
4 14 36 21 19
14 4 36 21 19
4 14 22 35 37
14 4 22 35 37
4 14 35 22 37
14 4 35 22 37
4 14 23 34 61
14 4 23 34 61
4 14 34 23 61
14 4 34 23 61
4 14 24 33 92
14 4 24 33 92
4 14 33 24 92
14 4 33 24 92
4 14 25 32 125
14 4 25 32 125
4 14 32 25 125
14 4 32 25 125
4 14 26 31 157
14 4 26 31 157
4 14 31 26 157
14 4 31 26 157
4 14 27 30 182
14 4 27 30 182
4 14 30 27 182
14 4 30 27 182
4 14 28 29 196
14 4 28 29 196
4 14 29 28 196
14 4 29 28 196
2 16 16 41 0
16 2 16 41 0
2 16 41 16 0
16 2 41 16 0
2 16 17 40 0
16 2 17 40 0
2 16 40 17 0
16 2 40 17 0
2 16 18 39 0
16 2 18 39 0
2 16 39 18 0
16 2 39 18 0
2 16 19 38 0
16 2 19 38 0
2 16 38 19 0
16 2 38 19 0
2 16 20 37 0
16 2 20 37 0
2 16 37 20 0
16 2 37 20 0
3 15 16 41 0
15 3 16 41 0
3 15 41 16 0
15 3 41 16 0
3 15 17 40 0
15 3 17 40 0
3 15 40 17 0
15 3 40 17 0
3 15 18 39 0
15 3 18 39 0
3 15 39 18 0
15 3 39 18 0
3 15 19 38 0
15 3 19 38 0
3 15 38 19 0
15 3 38 19 0
3 15 20 37 0
15 3 20 37 0
3 15 37 20 0
15 3 37 20 0
4 14 16 41 0
14 4 16 41 0
4 14 41 16 0
14 4 41 16 0
4 14 17 40 0
14 4 17 40 0
4 14 40 17 0
14 4 40 17 0
4 14 18 39 1
14 4 18 39 1
4 14 39 18 1
14 4 39 18 1
4 14 19 38 3
14 4 19 38 3
4 14 38 19 3
14 4 38 19 3
4 14 20 37 9
14 4 20 37 9
4 14 37 20 9
14 4 37 20 9
3 15 15 42 0
15 3 15 42 0
3 15 42 15 0
15 3 42 15 0
4 14 15 42 0
14 4 15 42 0
4 14 42 15 0
14 4 42 15 0
5 13 15 42 0
13 5 15 42 0
5 13 42 15 0
13 5 42 15 0
5 13 16 41 1
13 5 16 41 1
5 13 41 16 1
13 5 41 16 1
5 13 17 40 5
13 5 17 40 5
5 13 40 17 5
13 5 40 17 5
5 13 18 39 16
13 5 18 39 16
5 13 39 18 16
13 5 39 18 16
5 13 19 38 38
13 5 19 38 38
5 13 38 19 38
13 5 38 19 38
5 13 20 37 79
13 5 20 37 79
5 13 37 20 79
13 5 37 20 79
5 13 21 36 143
13 5 21 36 143
5 13 36 21 143
13 5 36 21 143
5 13 22 35 236
13 5 22 35 236
5 13 35 22 236
13 5 35 22 236
5 13 23 34 354
13 5 23 34 354
5 13 34 23 354
13 5 34 23 354
5 13 24 33 493
13 5 24 33 493
5 13 33 24 493
13 5 33 24 493
5 13 25 32 637
13 5 25 32 637
5 13 32 25 637
13 5 32 25 637
5 13 26 31 770
13 5 26 31 770
5 13 31 26 770
13 5 31 26 770
5 13 27 30 872
13 5 27 30 872
5 13 30 27 872
13 5 30 27 872
5 13 28 29 928
13 5 28 29 928
5 13 29 28 928
13 5 29 28 928
6 12 16 41 15
12 6 16 41 15
6 12 41 16 15
12 6 41 16 15
6 12 17 40 39
12 6 17 40 39
6 12 40 17 39
12 6 40 17 39
6 12 18 39 91
12 6 18 39 91
6 12 39 18 91
12 6 39 18 91
6 12 19 38 182
12 6 19 38 182
6 12 38 19 182
12 6 38 19 182
6 12 20 37 332
12 6 20 37 332
6 12 37 20 332
12 6 37 20 332
6 12 21 36 548
12 6 21 36 548
6 12 36 21 548
12 6 36 21 548
6 12 22 35 842
12 6 22 35 842
6 12 35 22 842
12 6 35 22 842
6 12 23 34 1198
12 6 23 34 1198
6 12 34 23 1198
12 6 34 23 1198
6 12 24 33 1600
12 6 24 33 1600
6 12 33 24 1600
12 6 33 24 1600
6 12 25 32 2006
12 6 25 32 2006
6 12 32 25 2006
12 6 32 25 2006
6 12 26 31 2373
12 6 26 31 2373
6 12 31 26 2373
12 6 31 26 2373
6 12 27 30 2649
12 6 27 30 2649
6 12 30 27 2649
12 6 30 27 2649
6 12 28 29 2800
12 6 28 29 2800
6 12 29 28 2800
12 6 29 28 2800
3 15 13 44 0
15 3 13 44 0
3 15 44 13 0
15 3 44 13 0
3 15 14 43 0
15 3 14 43 0
3 15 43 14 0
15 3 43 14 0
4 14 13 44 0
14 4 13 44 0
4 14 44 13 0
14 4 44 13 0
4 14 14 43 0
14 4 14 43 0
4 14 43 14 0
14 4 43 14 0
5 13 13 44 0
13 5 13 44 0
5 13 44 13 0
13 5 44 13 0
5 13 14 43 0
13 5 14 43 0
5 13 43 14 0
13 5 43 14 0
4 14 11 46 0
14 4 11 46 0
4 14 46 11 0
14 4 46 11 0
4 14 12 45 0
14 4 12 45 0
4 14 45 12 0
14 4 45 12 0
5 13 11 46 0
13 5 11 46 0
5 13 46 11 0
13 5 46 11 0
5 13 12 45 0
13 5 12 45 0
5 13 45 12 0
13 5 45 12 0
6 12 11 46 0
12 6 11 46 0
6 12 46 11 0
12 6 46 11 0
6 12 12 45 0
12 6 12 45 0
6 12 45 12 0
12 6 45 12 0
6 12 13 44 0
12 6 13 44 0
6 12 44 13 0
12 6 44 13 0
6 12 14 43 1
12 6 14 43 1
6 12 43 14 1
12 6 43 14 1
6 12 15 42 4
12 6 15 42 4
6 12 42 15 4
12 6 42 15 4
7 11 11 46 0
11 7 11 46 0
7 11 46 11 0
11 7 46 11 0
7 11 12 45 0
11 7 12 45 0
7 11 45 12 0
11 7 45 12 0
7 11 13 44 1
11 7 13 44 1
7 11 44 13 1
11 7 44 13 1
7 11 14 43 6
11 7 14 43 6
7 11 43 14 6
11 7 43 14 6
7 11 15 42 20
11 7 15 42 20
7 11 42 15 20
11 7 42 15 20
7 11 16 41 55
11 7 16 41 55
7 11 41 16 55
11 7 41 16 55
7 11 17 40 127
11 7 17 40 127
7 11 40 17 127
11 7 40 17 127
7 11 18 39 263
11 7 18 39 263
7 11 39 18 263
11 7 39 18 263
7 11 19 38 488
11 7 19 38 488
7 11 38 19 488
11 7 38 19 488
7 11 20 37 834
11 7 20 37 834
7 11 37 20 834
11 7 37 20 834
7 11 21 36 1317
11 7 21 36 1317
7 11 36 21 1317
11 7 36 21 1317
7 11 22 35 1945
11 7 22 35 1945
7 11 35 22 1945
11 7 35 22 1945
7 11 23 34 2691
11 7 23 34 2691
7 11 34 23 2691
11 7 34 23 2691
7 11 24 33 3511
11 7 24 33 3511
7 11 33 24 3511
11 7 33 24 3511
7 11 25 32 4327
11 7 25 32 4327
7 11 32 25 4327
11 7 32 25 4327
7 11 26 31 5054
11 7 26 31 5054
7 11 31 26 5054
11 7 31 26 5054
7 11 27 30 5599
11 7 27 30 5599
7 11 30 27 5599
11 7 30 27 5599
7 11 28 29 5892
11 7 28 29 5892
7 11 29 28 5892
11 7 29 28 5892
8 10 13 44 4
10 8 13 44 4
8 10 44 13 4
10 8 44 13 4
8 10 14 43 16
10 8 14 43 16
8 10 43 14 16
10 8 43 14 16
8 10 15 42 45
10 8 15 42 45
8 10 42 15 45
10 8 42 15 45
8 10 16 41 113
10 8 16 41 113
8 10 41 16 113
10 8 41 16 113
8 10 17 40 243
10 8 17 40 243
8 10 40 17 243
10 8 40 17 243
8 10 18 39 478
10 8 18 39 478
8 10 39 18 478
10 8 39 18 478
8 10 19 38 852
10 8 19 38 852
8 10 38 19 852
10 8 38 19 852
8 10 20 37 1413
10 8 20 37 1413
8 10 37 20 1413
10 8 37 20 1413
8 10 21 36 2176
10 8 21 36 2176
8 10 36 21 2176
10 8 36 21 2176
8 10 22 35 3152
10 8 22 35 3152
8 10 35 22 3152
10 8 35 22 3152
8 10 23 34 4293
10 8 23 34 4293
8 10 34 23 4293
10 8 34 23 4293
8 10 24 33 5535
10 8 24 33 5535
8 10 33 24 5535
10 8 33 24 5535
8 10 25 32 6758
10 8 25 32 6758
8 10 32 25 6758
10 8 32 25 6758
8 10 26 31 7841
10 8 26 31 7841
8 10 31 26 7841
10 8 31 26 7841
8 10 27 30 8649
10 8 27 30 8649
8 10 30 27 8649
10 8 30 27 8649
8 10 28 29 9083
10 8 28 29 9083
8 10 29 28 9083
10 8 29 28 9083
5 13 9 48 0
13 5 9 48 0
5 13 48 9 0
13 5 48 9 0
5 13 10 47 0
13 5 10 47 0
5 13 47 10 0
13 5 47 10 0
6 12 9 48 0
12 6 9 48 0
6 12 48 9 0
12 6 48 9 0
6 12 10 47 0
12 6 10 47 0
6 12 47 10 0
12 6 47 10 0
7 11 9 48 0
11 7 9 48 0
7 11 48 9 0
11 7 48 9 0
7 11 10 47 0
11 7 10 47 0
7 11 47 10 0
11 7 47 10 0
6 12 8 49 0
12 6 8 49 0
6 12 49 8 0
12 6 49 8 0
7 11 8 49 0
11 7 8 49 0
7 11 49 8 0
11 7 49 8 0
8 10 8 49 0
10 8 8 49 0
8 10 49 8 0
10 8 49 8 0
8 10 9 48 0
10 8 9 48 0
8 10 48 9 0
10 8 48 9 0
8 10 10 47 0
10 8 10 47 0
8 10 47 10 0
10 8 47 10 0
8 10 11 46 0
10 8 11 46 0
8 10 46 11 0
10 8 46 11 0
8 10 12 45 1
10 8 12 45 1
8 10 45 12 1
10 8 45 12 1
9 9 9 48 0
9 9 48 9 0
9 9 10 47 0
9 9 47 10 0
9 9 11 46 0
9 9 46 11 0
9 9 12 45 1
9 9 45 12 1
9 9 13 44 6
9 9 44 13 6
9 9 14 43 21
9 9 43 14 21
9 9 15 42 58
9 9 42 15 58
9 9 16 41 141
9 9 41 16 141
9 9 17 40 299
9 9 40 17 299
9 9 18 39 577
9 9 39 18 577
9 9 19 38 1020
9 9 38 19 1020
9 9 20 37 1674
9 9 37 20 1674
9 9 21 36 2561
9 9 36 21 2561
9 9 22 35 3687
9 9 35 22 3687
9 9 23 34 5000
9 9 34 23 5000
9 9 24 33 6420
9 9 33 24 6420
9 9 25 32 7819
9 9 32 25 7819
9 9 26 31 9052
9 9 31 26 9052
9 9 27 30 9971
9 9 30 27 9971
9 9 28 29 10465
9 9 29 28 10465
7 11 7 50 0
11 7 7 50 0
7 11 50 7 0
11 7 50 7 0
8 10 7 50 0
10 8 7 50 0
8 10 50 7 0
10 8 50 7 0
9 9 7 50 0
9 9 50 7 0
9 9 8 49 0
9 9 49 8 0
