4 20 27 48 0
20 4 27 48 0
4 20 48 27 0
20 4 48 27 0
4 20 28 47 0
20 4 28 47 0
4 20 47 28 0
20 4 47 28 0
4 20 29 46 0
20 4 29 46 0
4 20 46 29 0
20 4 46 29 0
4 20 30 45 0
20 4 30 45 0
4 20 45 30 0
20 4 45 30 0
4 20 31 44 0
20 4 31 44 0
4 20 44 31 0
20 4 44 31 0
4 20 32 43 0
20 4 32 43 0
4 20 43 32 0
20 4 43 32 0
4 20 33 42 0
20 4 33 42 0
4 20 42 33 0
20 4 42 33 0
4 20 34 41 0
20 4 34 41 0
4 20 41 34 0
20 4 41 34 0
4 20 35 40 0
20 4 35 40 0
4 20 40 35 0
20 4 40 35 0
4 20 36 39 0
20 4 36 39 0
4 20 39 36 0
20 4 39 36 0
5 19 27 48 0
19 5 27 48 0
5 19 48 27 0
19 5 48 27 0
5 19 28 47 0
19 5 28 47 0
5 19 47 28 0
19 5 47 28 0
5 19 29 46 0
19 5 29 46 0
5 19 46 29 0
19 5 46 29 0
5 19 30 45 0
19 5 30 45 0
5 19 45 30 0
19 5 45 30 0
5 19 31 44 0
19 5 31 44 0
5 19 44 31 0
19 5 44 31 0
5 19 32 43 0
19 5 32 43 0
5 19 43 32 0
19 5 43 32 0
5 19 33 42 0
19 5 33 42 0
5 19 42 33 0
19 5 42 33 0
5 19 34 41 0
19 5 34 41 0
5 19 41 34 0
19 5 41 34 0
5 19 35 40 0
19 5 35 40 0
5 19 40 35 0
19 5 40 35 0
5 19 36 39 0
19 5 36 39 0
5 19 39 36 0
19 5 39 36 0
6 18 27 48 0
18 6 27 48 0
6 18 48 27 0
18 6 48 27 0
6 18 28 47 0
18 6 28 47 0
6 18 47 28 0
18 6 47 28 0
6 18 29 46 0
18 6 29 46 0
6 18 46 29 0
18 6 46 29 0
6 18 30 45 0
18 6 30 45 0
6 18 45 30 0
18 6 45 30 0
6 18 31 44 1
18 6 31 44 1
6 18 44 31 1
18 6 44 31 1
6 18 32 43 2
18 6 32 43 2
6 18 43 32 2
18 6 43 32 2
6 18 33 42 4
18 6 33 42 4
6 18 42 33 4
18 6 42 33 4
6 18 34 41 7
18 6 34 41 7
6 18 41 34 7
18 6 41 34 7
6 18 35 40 10
18 6 35 40 10
6 18 40 35 10
18 6 40 35 10
6 18 36 39 12
18 6 36 39 12
6 18 39 36 12
18 6 39 36 12
4 20 37 38 0
20 4 37 38 0
4 20 38 37 0
20 4 38 37 0
5 19 37 38 0
19 5 37 38 0
5 19 38 37 0
19 5 38 37 0
6 18 37 38 13
18 6 37 38 13
6 18 38 37 13
18 6 38 37 13
5 19 24 51 0
19 5 24 51 0
5 19 51 24 0
19 5 51 24 0
5 19 25 50 0
19 5 25 50 0
5 19 50 25 0
19 5 50 25 0
5 19 26 49 0
19 5 26 49 0
5 19 49 26 0
19 5 49 26 0
6 18 24 51 0
18 6 24 51 0
6 18 51 24 0
18 6 51 24 0
6 18 25 50 0
18 6 25 50 0
6 18 50 25 0
18 6 50 25 0
6 18 26 49 0
18 6 26 49 0
6 18 49 26 0
18 6 49 26 0
7 17 24 51 0
17 7 24 51 0
7 17 51 24 0
17 7 51 24 0
7 17 25 50 0
17 7 25 50 0
7 17 50 25 0
17 7 50 25 0
7 17 26 49 0
17 7 26 49 0
7 17 49 26 0
17 7 49 26 0
7 17 27 48 0
17 7 27 48 0
7 17 48 27 0
17 7 48 27 0
7 17 28 47 1
17 7 28 47 1
7 17 47 28 1
17 7 47 28 1
7 17 29 46 4
17 7 29 46 4
7 17 46 29 4
17 7 46 29 4
7 17 30 45 11
17 7 30 45 11
7 17 45 30 11
17 7 45 30 11
7 17 31 44 23
17 7 31 44 23
7 17 44 31 23
17 7 44 31 23
7 17 32 43 40
17 7 32 43 40
7 17 43 32 40
17 7 43 32 40
7 17 33 42 62
17 7 33 42 62
7 17 42 33 62
17 7 42 33 62
7 17 34 41 87
17 7 34 41 87
7 17 41 34 87
17 7 41 34 87
7 17 35 40 112
17 7 35 40 112
7 17 40 35 112
17 7 40 35 112
7 17 36 39 131
17 7 36 39 131
7 17 39 36 131
17 7 39 36 131
7 17 37 38 141
17 7 37 38 141
7 17 38 37 141
17 7 38 37 141
6 18 23 52 0
18 6 23 52 0
6 18 52 23 0
18 6 52 23 0
7 17 23 52 0
17 7 23 52 0
7 17 52 23 0
17 7 52 23 0
8 16 23 52 0
16 8 23 52 0
8 16 52 23 0
16 8 52 23 0
8 16 24 51 0
16 8 24 51 0
8 16 51 24 0
16 8 51 24 0
8 16 25 50 0
16 8 25 50 0
8 16 50 25 0
16 8 50 25 0
8 16 26 49 2
16 8 26 49 2
8 16 49 26 2
16 8 49 26 2
8 16 27 48 8
16 8 27 48 8
8 16 48 27 8
16 8 48 27 8
8 16 28 47 22
16 8 28 47 22
8 16 47 28 22
16 8 47 28 22
8 16 29 46 49
16 8 29 46 49
8 16 46 29 49
16 8 46 29 49
8 16 30 45 95
16 8 30 45 95
8 16 45 30 95
16 8 45 30 95
8 16 31 44 164
16 8 31 44 164
8 16 44 31 164
16 8 44 31 164
8 16 32 43 254
16 8 32 43 254
8 16 43 32 254
16 8 43 32 254
8 16 33 42 361
16 8 33 42 361
8 16 42 33 361
16 8 42 33 361
8 16 34 41 475
16 8 34 41 475
8 16 41 34 475
16 8 41 34 475
8 16 35 40 582
16 8 35 40 582
8 16 40 35 582
16 8 40 35 582
8 16 36 39 664
16 8 36 39 664
8 16 39 36 664
16 8 39 36 664
8 16 37 38 708
16 8 37 38 708
8 16 38 37 708
16 8 38 37 708
9 15 24 51 1
15 9 24 51 1
9 15 51 24 1
15 9 51 24 1
9 15 25 50 6
15 9 25 50 6
9 15 50 25 6
15 9 50 25 6
9 15 26 49 20
15 9 26 49 20
9 15 49 26 20
15 9 49 26 20
9 15 27 48 52
15 9 27 48 52
9 15 48 27 52
15 9 48 27 52
9 15 28 47 115
15 9 28 47 115
9 15 47 28 115
15 9 47 28 115
9 15 29 46 221
15 9 29 46 221
9 15 46 29 221
15 9 46 29 221
9 15 30 45 383
15 9 30 45 383
9 15 45 30 383
15 9 45 30 383
9 15 31 44 608
15 9 31 44 608
9 15 44 31 608
15 9 44 31 608
9 15 32 43 889
15 9 32 43 889
9 15 43 32 889
15 9 43 32 889
9 15 33 42 1209
15 9 33 42 1209
9 15 42 33 1209
15 9 42 33 1209
9 15 34 41 1539
15 9 34 41 1539
9 15 41 34 1539
15 9 41 34 1539
9 15 35 40 1839
15 9 35 40 1839
9 15 40 35 1839
15 9 40 35 1839
9 15 36 39 2067
15 9 36 39 2067
9 15 39 36 2067
15 9 39 36 2067
9 15 37 38 2191
15 9 37 38 2191
9 15 38 37 2191
15 9 38 37 2191
10 14 27 48 167
14 10 27 48 167
10 14 48 27 167
14 10 48 27 167
10 14 28 47 329
14 10 28 47 329
10 14 47 28 329
14 10 47 28 329
10 14 29 46 586
14 10 29 46 586
10 14 46 29 586
14 10 46 29 586
10 14 30 45 958
14 10 30 45 958
10 14 45 30 958
14 10 45 30 958
10 14 31 44 1452
14 10 31 44 1452
10 14 44 31 1452
14 10 44 31 1452
10 14 32 43 2052
14 10 32 43 2052
10 14 43 32 2052
14 10 43 32 2052
10 14 33 42 2720
14 10 33 42 2720
10 14 42 33 2720
14 10 42 33 2720
10 14 34 41 3394
14 10 34 41 3394
10 14 41 34 3394
14 10 41 34 3394
10 14 35 40 3999
14 10 35 40 3999
10 14 40 35 3999
14 10 40 35 3999
10 14 36 39 4456
14 10 36 39 4456
10 14 39 36 4456
14 10 39 36 4456
10 14 37 38 4702
14 10 37 38 4702
10 14 38 37 4702
14 10 38 37 4702
6 18 21 54 0
18 6 21 54 0
6 18 54 21 0
18 6 54 21 0
6 18 22 53 0
18 6 22 53 0
6 18 53 22 0
18 6 53 22 0
7 17 21 54 0
17 7 21 54 0
7 17 54 21 0
17 7 54 21 0
7 17 22 53 0
17 7 22 53 0
7 17 53 22 0
17 7 53 22 0
8 16 21 54 0
16 8 21 54 0
8 16 54 21 0
16 8 54 21 0
8 16 22 53 0
16 8 22 53 0
8 16 53 22 0
16 8 53 22 0
7 17 19 56 0
17 7 19 56 0
7 17 56 19 0
17 7 56 19 0
7 17 20 55 0
17 7 20 55 0
7 17 55 20 0
17 7 55 20 0
8 16 19 56 0
16 8 19 56 0
8 16 56 19 0
16 8 56 19 0
8 16 20 55 0
16 8 20 55 0
8 16 55 20 0
16 8 55 20 0
9 15 19 56 0
15 9 19 56 0
9 15 56 19 0
15 9 56 19 0
9 15 20 55 0
15 9 20 55 0
9 15 55 20 0
15 9 55 20 0
9 15 21 54 0
15 9 21 54 0
9 15 54 21 0
15 9 54 21 0
9 15 22 53 0
15 9 22 53 0
9 15 53 22 0
15 9 53 22 0
9 15 23 52 0
15 9 23 52 0
9 15 52 23 0
15 9 52 23 0
10 14 19 56 0
14 10 19 56 0
10 14 56 19 0
14 10 56 19 0
10 14 20 55 0
14 10 20 55 0
10 14 55 20 0
14 10 55 20 0
10 14 21 54 0
14 10 21 54 0
10 14 54 21 0
14 10 54 21 0
10 14 22 53 0
14 10 22 53 0
10 14 53 22 0
14 10 53 22 0
10 14 23 52 2
14 10 23 52 2
10 14 52 23 2
14 10 52 23 2
10 14 24 51 9
14 10 24 51 9
10 14 51 24 9
14 10 51 24 9
10 14 25 50 29
14 10 25 50 29
10 14 50 25 29
14 10 50 25 29
10 14 26 49 75
14 10 26 49 75
10 14 49 26 75
14 10 49 26 75
11 13 21 54 0
13 11 21 54 0
11 13 54 21 0
13 11 54 21 0
11 13 22 53 1
13 11 22 53 1
11 13 53 22 1
13 11 53 22 1
11 13 23 52 6
13 11 23 52 6
11 13 52 23 6
13 11 52 23 6
11 13 24 51 22
13 11 24 51 22
11 13 51 24 22
13 11 51 24 22
11 13 25 50 62
13 11 25 50 62
11 13 50 25 62
13 11 50 25 62
11 13 26 49 148
13 11 26 49 148
11 13 49 26 148
13 11 49 26 148
11 13 27 48 310
13 11 27 48 310
11 13 48 27 310
13 11 48 27 310
11 13 28 47 584
13 11 28 47 584
11 13 47 28 584
13 11 47 28 584
11 13 29 46 1006
13 11 29 46 1006
11 13 46 29 1006
13 11 46 29 1006
11 13 30 45 1602
13 11 30 45 1602
11 13 45 30 1602
13 11 45 30 1602
11 13 31 44 2377
13 11 31 44 2377
11 13 44 31 2377
13 11 44 31 2377
11 13 32 43 3304
13 11 32 43 3304
11 13 43 32 3304
13 11 43 32 3304
11 13 33 42 4323
13 11 33 42 4323
11 13 42 33 4323
13 11 42 33 4323
11 13 34 41 5342
13 11 34 41 5342
11 13 41 34 5342
13 11 41 34 5342
11 13 35 40 6249
13 11 35 40 6249
11 13 40 35 6249
13 11 40 35 6249
11 13 36 39 6931
13 11 36 39 6931
11 13 39 36 6931
13 11 39 36 6931
11 13 37 38 7297
13 11 37 38 7297
11 13 38 37 7297
13 11 38 37 7297
12 12 25 50 81
12 12 50 25 81
12 12 26 49 187
12 12 49 26 187
12 12 27 48 383
12 12 48 27 383
12 12 28 47 710
12 12 47 28 710
12 12 29 46 1207
12 12 46 29 1207
12 12 30 45 1903
12 12 45 30 1903
12 12 31 44 2803
12 12 44 31 2803
12 12 32 43 3873
12 12 43 32 3873
12 12 33 42 5044
12 12 42 33 5044
12 12 34 41 6213
12 12 41 34 6213
12 12 35 40 7251
12 12 40 35 7251
12 12 36 39 8029
12 12 39 36 8029
12 12 37 38 8447
12 12 38 37 8447
8 16 17 58 0
16 8 17 58 0
8 16 58 17 0
16 8 58 17 0
8 16 18 57 0
16 8 18 57 0
8 16 57 18 0
16 8 57 18 0
9 15 17 58 0
15 9 17 58 0
9 15 58 17 0
15 9 58 17 0
9 15 18 57 0
15 9 18 57 0
9 15 57 18 0
15 9 57 18 0
10 14 17 58 0
14 10 17 58 0
10 14 58 17 0
14 10 58 17 0
10 14 18 57 0
14 10 18 57 0
10 14 57 18 0
14 10 57 18 0
9 15 16 59 0
15 9 16 59 0
9 15 59 16 0
15 9 59 16 0
10 14 16 59 0
14 10 16 59 0
10 14 59 16 0
14 10 59 16 0
11 13 16 59 0
13 11 16 59 0
11 13 59 16 0
13 11 59 16 0
11 13 17 58 0
13 11 17 58 0
11 13 58 17 0
13 11 58 17 0
11 13 18 57 0
13 11 18 57 0
11 13 57 18 0
13 11 57 18 0
11 13 19 56 0
13 11 19 56 0
11 13 56 19 0
13 11 56 19 0
11 13 20 55 0
13 11 20 55 0
11 13 55 20 0
13 11 55 20 0
12 12 17 58 0
12 12 58 17 0
12 12 18 57 0
12 12 57 18 0
12 12 19 56 0
12 12 56 19 0
12 12 20 55 0
12 12 55 20 0
12 12 21 54 0
12 12 54 21 0
12 12 22 53 2
12 12 53 22 2
12 12 23 52 9
12 12 52 23 9
12 12 24 51 30
12 12 51 24 30
10 14 15 60 0
14 10 15 60 0
10 14 60 15 0
14 10 60 15 0
11 13 15 60 0
13 11 15 60 0
11 13 60 15 0
13 11 60 15 0
12 12 15 60 0
12 12 60 15 0
12 12 16 59 0
12 12 59 16 0
