0 16 21 30 0
16 0 21 30 0
0 16 30 21 0
16 0 30 21 0
0 16 22 29 0
16 0 22 29 0
0 16 29 22 0
16 0 29 22 0
0 16 23 28 0
16 0 23 28 0
0 16 28 23 0
16 0 28 23 0
0 16 24 27 0
16 0 24 27 0
0 16 27 24 0
16 0 27 24 0
0 16 25 26 0
16 0 25 26 0
0 16 26 25 0
16 0 26 25 0
1 15 21 30 0
15 1 21 30 0
1 15 30 21 0
15 1 30 21 0
1 15 22 29 0
15 1 22 29 0
1 15 29 22 0
15 1 29 22 0
1 15 23 28 0
15 1 23 28 0
1 15 28 23 0
15 1 28 23 0
1 15 24 27 0
15 1 24 27 0
1 15 27 24 0
15 1 27 24 0
1 15 25 26 0
15 1 25 26 0
1 15 26 25 0
15 1 26 25 0
2 14 21 30 3
14 2 21 30 3
2 14 30 21 3
14 2 30 21 3
2 14 22 29 5
14 2 22 29 5
2 14 29 22 5
14 2 29 22 5
2 14 23 28 7
14 2 23 28 7
2 14 28 23 7
14 2 28 23 7
2 14 24 27 9
14 2 24 27 9
2 14 27 24 9
14 2 27 24 9
2 14 25 26 10
14 2 25 26 10
2 14 26 25 10
14 2 26 25 10
1 15 15 36 0
15 1 15 36 0
1 15 36 15 0
15 1 36 15 0
1 15 16 35 0
15 1 16 35 0
1 15 35 16 0
15 1 35 16 0
1 15 17 34 0
15 1 17 34 0
1 15 34 17 0
15 1 34 17 0
1 15 18 33 0
15 1 18 33 0
1 15 33 18 0
15 1 33 18 0
1 15 19 32 0
15 1 19 32 0
1 15 32 19 0
15 1 32 19 0
1 15 20 31 0
15 1 20 31 0
1 15 31 20 0
15 1 31 20 0
2 14 15 36 0
14 2 15 36 0
2 14 36 15 0
14 2 36 15 0
2 14 16 35 0
14 2 16 35 0
2 14 35 16 0
14 2 35 16 0
2 14 17 34 0
14 2 17 34 0
2 14 34 17 0
14 2 34 17 0
2 14 18 33 0
14 2 18 33 0
2 14 33 18 0
14 2 33 18 0
2 14 19 32 0
14 2 19 32 0
2 14 32 19 0
14 2 32 19 0
2 14 20 31 1
14 2 20 31 1
2 14 31 20 1
14 2 31 20 1
3 13 15 36 0
13 3 15 36 0
3 13 36 15 0
13 3 36 15 0
3 13 16 35 1
13 3 16 35 1
3 13 35 16 1
13 3 35 16 1
3 13 17 34 4
13 3 17 34 4
3 13 34 17 4
13 3 34 17 4
3 13 18 33 9
13 3 18 33 9
3 13 33 18 9
13 3 33 18 9
3 13 19 32 18
13 3 19 32 18
3 13 32 19 18
13 3 32 19 18
3 13 20 31 32
13 3 20 31 32
3 13 31 20 32
13 3 31 20 32
3 13 21 30 50
13 3 21 30 50
3 13 30 21 50
13 3 30 21 50
3 13 22 29 70
13 3 22 29 70
3 13 29 22 70
13 3 29 22 70
3 13 23 28 89
13 3 23 28 89
3 13 28 23 89
13 3 28 23 89
3 13 24 27 105
13 3 24 27 105
3 13 27 24 105
13 3 27 24 105
3 13 25 26 114
13 3 25 26 114
3 13 26 25 114
13 3 26 25 114
4 12 15 36 9
12 4 15 36 9
4 12 36 15 9
12 4 36 15 9
4 12 16 35 22
12 4 16 35 22
4 12 35 16 22
12 4 35 16 22
4 12 17 34 47
12 4 17 34 47
4 12 34 17 47
12 4 34 17 47
4 12 18 33 86
12 4 18 33 86
4 12 33 18 86
12 4 33 18 86
4 12 19 32 143
12 4 19 32 143
4 12 32 19 143
12 4 32 19 143
4 12 20 31 218
12 4 20 31 218
4 12 31 20 218
12 4 31 20 218
4 12 21 30 307
12 4 21 30 307
4 12 30 21 307
12 4 30 21 307
4 12 22 29 400
12 4 22 29 400
4 12 29 22 400
12 4 29 22 400
4 12 23 28 486
12 4 23 28 486
4 12 28 23 486
12 4 28 23 486
4 12 24 27 553
12 4 24 27 553
4 12 27 24 553
12 4 27 24 553
4 12 25 26 590
12 4 25 26 590
4 12 26 25 590
12 4 26 25 590
2 14 11 40 0
14 2 11 40 0
2 14 40 11 0
14 2 40 11 0
2 14 12 39 0
14 2 12 39 0
2 14 39 12 0
14 2 39 12 0
2 14 13 38 0
14 2 13 38 0
2 14 38 13 0
14 2 38 13 0
2 14 14 37 0
14 2 14 37 0
2 14 37 14 0
14 2 37 14 0
3 13 11 40 0
13 3 11 40 0
3 13 40 11 0
13 3 40 11 0
3 13 12 39 0
13 3 12 39 0
3 13 39 12 0
13 3 39 12 0
3 13 13 38 0
13 3 13 38 0
3 13 38 13 0
13 3 38 13 0
3 13 14 37 0
13 3 14 37 0
3 13 37 14 0
13 3 37 14 0
4 12 11 40 0
12 4 11 40 0
4 12 40 11 0
12 4 40 11 0
4 12 12 39 0
12 4 12 39 0
4 12 39 12 0
12 4 39 12 0
4 12 13 38 1
12 4 13 38 1
4 12 38 13 1
12 4 38 13 1
4 12 14 37 3
12 4 14 37 3
4 12 37 14 3
12 4 37 14 3
3 13 10 41 0
13 3 10 41 0
3 13 41 10 0
13 3 41 10 0
4 12 10 41 0
12 4 10 41 0
4 12 41 10 0
12 4 41 10 0
5 11 10 41 0
11 5 10 41 0
5 11 41 10 0
11 5 41 10 0
5 11 11 40 0
11 5 11 40 0
5 11 40 11 0
11 5 40 11 0
5 11 12 39 2
11 5 12 39 2
5 11 39 12 2
11 5 39 12 2
5 11 13 38 8
11 5 13 38 8
5 11 38 13 8
11 5 38 13 8
5 11 14 37 23
11 5 14 37 23
5 11 37 14 23
11 5 37 14 23
5 11 15 36 55
11 5 15 36 55
5 11 36 15 55
11 5 36 15 55
5 11 16 35 113
11 5 16 35 113
5 11 35 16 113
11 5 35 16 113
5 11 17 34 209
11 5 17 34 209
5 11 34 17 209
11 5 34 17 209
5 11 18 33 351
11 5 18 33 351
5 11 33 18 351
11 5 33 18 351
5 11 19 32 542
11 5 19 32 542
5 11 32 19 542
11 5 32 19 542
5 11 20 31 779
11 5 20 31 779
5 11 31 20 779
11 5 31 20 779
5 11 21 30 1047
11 5 21 30 1047
5 11 30 21 1047
11 5 30 21 1047
5 11 22 29 1319
11 5 22 29 1319
5 11 29 22 1319
11 5 29 22 1319
5 11 23 28 1565
11 5 23 28 1565
5 11 28 23 1565
11 5 28 23 1565
5 11 24 27 1753
11 5 24 27 1753
5 11 27 24 1753
11 5 27 24 1753
5 11 25 26 1854
11 5 25 26 1854
5 11 26 25 1854
11 5 26 25 1854
6 10 11 40 4
10 6 11 40 4
6 10 40 11 4
10 6 40 11 4
6 10 12 39 13
10 6 12 39 13
6 10 39 12 13
10 6 39 12 13
6 10 13 38 36
10 6 13 38 36
6 10 38 13 36
10 6 38 13 36
6 10 14 37 84
10 6 14 37 84
6 10 37 14 84
10 6 37 14 84
6 10 15 36 174
10 6 15 36 174
6 10 36 15 174
10 6 36 15 174
6 10 16 35 325
10 6 16 35 325
6 10 35 16 325
10 6 35 16 325
6 10 17 34 559
10 6 17 34 559
6 10 34 17 559
10 6 34 17 559
6 10 18 33 887
10 6 18 33 887
6 10 33 18 887
10 6 33 18 887
6 10 19 32 1314
10 6 19 32 1314
6 10 32 19 1314
10 6 32 19 1314
6 10 20 31 1825
10 6 20 31 1825
6 10 31 20 1825
10 6 31 20 1825
6 10 21 30 2388
10 6 21 30 2388
6 10 30 21 2388
10 6 30 21 2388
6 10 22 29 2950
10 6 22 29 2950
6 10 29 22 2950
10 6 29 22 2950
6 10 23 28 3451
10 6 23 28 3451
6 10 28 23 3451
10 6 28 23 3451
6 10 24 27 3828
10 6 24 27 3828
6 10 27 24 3828
10 6 27 24 3828
6 10 25 26 4031
10 6 25 26 4031
6 10 26 25 4031
10 6 26 25 4031
3 13 9 42 0
13 3 9 42 0
3 13 42 9 0
13 3 42 9 0
4 12 9 42 0
12 4 9 42 0
4 12 42 9 0
12 4 42 9 0
5 11 9 42 0
11 5 9 42 0
5 11 42 9 0
11 5 42 9 0
4 12 7 44 0
12 4 7 44 0
4 12 44 7 0
12 4 44 7 0
4 12 8 43 0
12 4 8 43 0
4 12 43 8 0
12 4 43 8 0
5 11 7 44 0
11 5 7 44 0
5 11 44 7 0
11 5 44 7 0
5 11 8 43 0
11 5 8 43 0
5 11 43 8 0
11 5 43 8 0
6 10 7 44 0
10 6 7 44 0
6 10 44 7 0
10 6 44 7 0
6 10 8 43 0
10 6 8 43 0
6 10 43 8 0
10 6 43 8 0
6 10 9 42 0
10 6 9 42 0
6 10 42 9 0
10 6 42 9 0
6 10 10 41 1
10 6 10 41 1
6 10 41 10 1
10 6 41 10 1
7 9 7 44 0
9 7 7 44 0
7 9 44 7 0
9 7 44 7 0
7 9 8 43 0
9 7 8 43 0
7 9 43 8 0
9 7 43 8 0
7 9 9 42 0
9 7 9 42 0
7 9 42 9 0
9 7 42 9 0
7 9 10 41 2
9 7 10 41 2
7 9 41 10 2
9 7 41 10 2
7 9 11 40 9
9 7 11 40 9
7 9 40 11 9
9 7 40 11 9
7 9 12 39 28
9 7 12 39 28
7 9 39 12 28
9 7 39 12 28
7 9 13 38 72
9 7 13 38 72
7 9 38 13 72
9 7 38 13 72
7 9 14 37 160
9 7 14 37 160
7 9 37 14 160
9 7 37 14 160
7 9 15 36 317
9 7 15 36 317
7 9 36 15 317
9 7 36 15 317
7 9 16 35 573
9 7 16 35 573
7 9 35 16 573
9 7 35 16 573
7 9 17 34 956
9 7 17 34 956
7 9 34 17 956
9 7 34 17 956
7 9 18 33 1483
9 7 18 33 1483
7 9 33 18 1483
9 7 33 18 1483
7 9 19 32 2155
9 7 19 32 2155
7 9 32 19 2155
9 7 32 19 2155
7 9 20 31 2948
9 7 20 31 2948
7 9 31 20 2948
9 7 31 20 2948
7 9 21 30 3810
9 7 21 30 3810
7 9 30 21 3810
9 7 30 21 3810
7 9 22 29 4663
9 7 22 29 4663
7 9 29 22 4663
9 7 29 22 4663
7 9 23 28 5417
9 7 23 28 5417
7 9 28 23 5417
9 7 28 23 5417
7 9 24 27 5982
9 7 24 27 5982
7 9 27 24 5982
9 7 27 24 5982
7 9 25 26 6285
9 7 25 26 6285
7 9 26 25 6285
9 7 26 25 6285
8 8 9 42 1
8 8 42 9 1
8 8 10 41 4
8 8 41 10 4
8 8 11 40 14
8 8 40 11 14
8 8 12 39 39
8 8 39 12 39
8 8 13 38 95
8 8 38 13 95
8 8 14 37 203
8 8 37 14 203
8 8 15 36 394
8 8 36 15 394
8 8 16 35 699
8 8 35 16 699
8 8 17 34 1152
8 8 34 17 1152
8 8 18 33 1769
8 8 33 18 1769
8 8 19 32 2551
8 8 32 19 2551
8 8 20 31 3468
8 8 31 20 3468
8 8 21 30 4463
8 8 30 21 4463
8 8 22 29 5442
8 8 29 22 5442
8 8 23 28 6306
8 8 28 23 6306
8 8 24 27 6953
8 8 27 24 6953
8 8 25 26 7299
8 8 26 25 7299
5 11 6 45 0
11 5 6 45 0
5 11 45 6 0
11 5 45 6 0
6 10 6 45 0
10 6 6 45 0
6 10 45 6 0
10 6 45 6 0
7 9 6 45 0
9 7 6 45 0
7 9 45 6 0
9 7 45 6 0
6 10 5 46 0
10 6 5 46 0
6 10 46 5 0
10 6 46 5 0
7 9 5 46 0
9 7 5 46 0
7 9 46 5 0
9 7 46 5 0
8 8 5 46 0
8 8 46 5 0
8 8 6 45 0
8 8 45 6 0
8 8 7 44 0
8 8 44 7 0
8 8 8 43 0
8 8 43 8 0
