2 18 22 41 0
18 2 22 41 0
2 18 41 22 0
18 2 41 22 0
2 18 23 40 0
18 2 23 40 0
2 18 40 23 0
18 2 40 23 0
2 18 24 39 0
18 2 24 39 0
2 18 39 24 0
18 2 39 24 0
2 18 25 38 0
18 2 25 38 0
2 18 38 25 0
18 2 38 25 0
2 18 26 37 0
18 2 26 37 0
2 18 37 26 0
18 2 37 26 0
2 18 27 36 0
18 2 27 36 0
2 18 36 27 0
18 2 36 27 0
2 18 28 35 0
18 2 28 35 0
2 18 35 28 0
18 2 35 28 0
2 18 29 34 0
18 2 29 34 0
2 18 34 29 0
18 2 34 29 0
2 18 30 33 0
18 2 30 33 0
2 18 33 30 0
18 2 33 30 0
2 18 31 32 0
18 2 31 32 0
2 18 32 31 0
18 2 32 31 0
3 17 22 41 0
17 3 22 41 0
3 17 41 22 0
17 3 41 22 0
3 17 23 40 0
17 3 23 40 0
3 17 40 23 0
17 3 40 23 0
3 17 24 39 0
17 3 24 39 0
3 17 39 24 0
17 3 39 24 0
3 17 25 38 0
17 3 25 38 0
3 17 38 25 0
17 3 38 25 0
3 17 26 37 0
17 3 26 37 0
3 17 37 26 0
17 3 37 26 0
3 17 27 36 0
17 3 27 36 0
3 17 36 27 0
17 3 36 27 0
3 17 28 35 0
17 3 28 35 0
3 17 35 28 0
17 3 35 28 0
3 17 29 34 0
17 3 29 34 0
3 17 34 29 0
17 3 34 29 0
3 17 30 33 0
17 3 30 33 0
3 17 33 30 0
17 3 33 30 0
3 17 31 32 0
17 3 31 32 0
3 17 32 31 0
17 3 32 31 0
4 16 22 41 0
16 4 22 41 0
4 16 41 22 0
16 4 41 22 0
4 16 23 40 0
16 4 23 40 0
4 16 40 23 0
16 4 40 23 0
4 16 24 39 1
16 4 24 39 1
4 16 39 24 1
16 4 39 24 1
4 16 25 38 3
16 4 25 38 3
4 16 38 25 3
16 4 38 25 3
4 16 26 37 6
16 4 26 37 6
4 16 37 26 6
16 4 37 26 6
4 16 27 36 10
16 4 27 36 10
4 16 36 27 10
16 4 36 27 10
4 16 28 35 15
16 4 28 35 15
4 16 35 28 15
16 4 35 28 15
4 16 29 34 20
16 4 29 34 20
4 16 34 29 20
16 4 34 29 20
4 16 30 33 24
16 4 30 33 24
4 16 33 30 24
16 4 33 30 24
4 16 31 32 26
16 4 31 32 26
4 16 32 31 26
16 4 32 31 26
3 17 21 42 0
17 3 21 42 0
3 17 42 21 0
17 3 42 21 0
4 16 21 42 0
16 4 21 42 0
4 16 42 21 0
16 4 42 21 0
5 15 21 42 1
15 5 21 42 1
5 15 42 21 1
15 5 42 21 1
5 15 22 41 4
15 5 22 41 4
5 15 41 22 4
15 5 41 22 4
5 15 23 40 11
15 5 23 40 11
5 15 40 23 11
15 5 40 23 11
5 15 24 39 25
15 5 24 39 25
5 15 39 24 25
15 5 39 24 25
5 15 25 38 47
15 5 25 38 47
5 15 38 25 47
15 5 38 25 47
5 15 26 37 77
15 5 26 37 77
5 15 37 26 77
15 5 37 26 77
5 15 27 36 114
15 5 27 36 114
5 15 36 27 114
15 5 36 27 114
5 15 28 35 155
15 5 28 35 155
5 15 35 28 155
15 5 35 28 155
5 15 29 34 194
15 5 29 34 194
5 15 34 29 194
15 5 34 29 194
5 15 30 33 224
15 5 30 33 224
5 15 33 30 224
15 5 33 30 224
5 15 31 32 240
15 5 31 32 240
5 15 32 31 240
15 5 32 31 240
6 14 22 41 46
14 6 22 41 46
6 14 41 22 46
14 6 41 22 46
6 14 23 40 94
14 6 23 40 94
6 14 40 23 94
14 6 40 23 94
6 14 24 39 172
14 6 24 39 172
6 14 39 24 172
14 6 39 24 172
6 14 25 38 283
14 6 25 38 283
6 14 38 25 283
14 6 38 25 283
6 14 26 37 425
14 6 26 37 425
6 14 37 26 425
14 6 37 26 425
6 14 27 36 589
14 6 27 36 589
6 14 36 27 589
14 6 36 27 589
6 14 28 35 761
14 6 28 35 761
6 14 35 28 761
14 6 35 28 761
6 14 29 34 919
14 6 29 34 919
6 14 34 29 919
14 6 34 29 919
6 14 30 33 1040
14 6 30 33 1040
6 14 33 30 1040
14 6 33 30 1040
6 14 31 32 1105
14 6 31 32 1105
6 14 32 31 1105
14 6 32 31 1105
3 17 18 45 0
17 3 18 45 0
3 17 45 18 0
17 3 45 18 0
3 17 19 44 0
17 3 19 44 0
3 17 44 19 0
17 3 44 19 0
3 17 20 43 0
17 3 20 43 0
3 17 43 20 0
17 3 43 20 0
4 16 18 45 0
16 4 18 45 0
4 16 45 18 0
16 4 45 18 0
4 16 19 44 0
16 4 19 44 0
4 16 44 19 0
16 4 44 19 0
4 16 20 43 0
16 4 20 43 0
4 16 43 20 0
16 4 43 20 0
5 15 18 45 0
15 5 18 45 0
5 15 45 18 0
15 5 45 18 0
5 15 19 44 0
15 5 19 44 0
5 15 44 19 0
15 5 44 19 0
5 15 20 43 0
15 5 20 43 0
5 15 43 20 0
15 5 43 20 0
4 16 16 47 0
16 4 16 47 0
4 16 47 16 0
16 4 47 16 0
4 16 17 46 0
16 4 17 46 0
4 16 46 17 0
16 4 46 17 0
5 15 16 47 0
15 5 16 47 0
5 15 47 16 0
15 5 47 16 0
5 15 17 46 0
15 5 17 46 0
5 15 46 17 0
15 5 46 17 0
6 14 16 47 0
14 6 16 47 0
6 14 47 16 0
14 6 47 16 0
6 14 17 46 0
14 6 17 46 0
6 14 46 17 0
14 6 46 17 0
6 14 18 45 0
14 6 18 45 0
6 14 45 18 0
14 6 45 18 0
6 14 19 44 1
14 6 19 44 1
6 14 44 19 1
14 6 44 19 1
6 14 20 43 6
14 6 20 43 6
6 14 43 20 6
14 6 43 20 6
6 14 21 42 19
14 6 21 42 19
6 14 42 21 19
14 6 42 21 19
7 13 16 47 0
13 7 16 47 0
7 13 47 16 0
13 7 47 16 0
7 13 17 46 1
13 7 17 46 1
7 13 46 17 1
13 7 46 17 1
7 13 18 45 5
13 7 18 45 5
7 13 45 18 5
13 7 45 18 5
7 13 19 44 17
13 7 19 44 17
7 13 44 19 17
13 7 44 19 17
7 13 20 43 46
13 7 20 43 46
7 13 43 20 46
13 7 43 20 46
7 13 21 42 106
13 7 21 42 106
7 13 42 21 106
13 7 42 21 106
7 13 22 41 214
13 7 22 41 214
7 13 41 22 214
13 7 41 22 214
7 13 23 40 388
13 7 23 40 388
7 13 40 23 388
13 7 40 23 388
7 13 24 39 644
13 7 24 39 644
7 13 39 24 644
13 7 39 24 644
7 13 25 38 987
13 7 25 38 987
7 13 38 25 987
13 7 38 25 987
7 13 26 37 1407
13 7 26 37 1407
7 13 37 26 1407
13 7 37 26 1407
7 13 27 36 1877
13 7 27 36 1877
7 13 36 27 1877
13 7 36 27 1877
7 13 28 35 2354
13 7 28 35 2354
7 13 35 28 2354
13 7 35 28 2354
7 13 29 34 2783
13 7 29 34 2783
7 13 34 29 2783
13 7 34 29 2783
7 13 30 33 3108
13 7 30 33 3108
7 13 33 30 3108
13 7 33 30 3108
7 13 31 32 3283
13 7 31 32 3283
7 13 32 31 3283
13 7 32 31 3283
8 12 18 45 22
12 8 18 45 22
8 12 45 18 22
12 8 45 18 22
8 12 19 44 61
12 8 19 44 61
8 12 44 19 61
12 8 44 19 61
8 12 20 43 144
12 8 20 43 144
8 12 43 20 144
12 8 43 20 144
8 12 21 42 299
12 8 21 42 299
8 12 42 21 299
12 8 42 21 299
8 12 22 41 560
12 8 22 41 560
8 12 41 22 560
12 8 41 22 560
8 12 23 40 958
12 8 23 40 958
8 12 40 23 958
12 8 40 23 958
8 12 24 39 1519
12 8 24 39 1519
8 12 39 24 1519
12 8 39 24 1519
8 12 25 38 2245
12 8 25 38 2245
8 12 38 25 2245
12 8 38 25 2245
8 12 26 37 3112
12 8 26 37 3112
8 12 37 26 3112
12 8 37 26 3112
8 12 27 36 4062
12 8 27 36 4062
8 12 36 27 4062
12 8 36 27 4062
8 12 28 35 5011
12 8 28 35 5011
8 12 35 28 5011
12 8 35 28 5011
8 12 29 34 5854
12 8 29 34 5854
8 12 34 29 5854
12 8 34 29 5854
8 12 30 33 6488
12 8 30 33 6488
8 12 33 30 6488
12 8 33 30 6488
8 12 31 32 6828
12 8 31 32 6828
8 12 32 31 6828
12 8 32 31 6828
5 15 13 50 0
15 5 13 50 0
5 15 50 13 0
15 5 50 13 0
5 15 14 49 0
15 5 14 49 0
5 15 49 14 0
15 5 49 14 0
5 15 15 48 0
15 5 15 48 0
5 15 48 15 0
15 5 48 15 0
6 14 13 50 0
14 6 13 50 0
6 14 50 13 0
14 6 50 13 0
6 14 14 49 0
14 6 14 49 0
6 14 49 14 0
14 6 49 14 0
6 14 15 48 0
14 6 15 48 0
6 14 48 15 0
14 6 48 15 0
7 13 13 50 0
13 7 13 50 0
7 13 50 13 0
13 7 50 13 0
7 13 14 49 0
13 7 14 49 0
7 13 49 14 0
13 7 49 14 0
7 13 15 48 0
13 7 15 48 0
7 13 48 15 0
13 7 48 15 0
6 14 12 51 0
14 6 12 51 0
6 14 51 12 0
14 6 51 12 0
7 13 12 51 0
13 7 12 51 0
7 13 51 12 0
13 7 51 12 0
8 12 12 51 0
12 8 12 51 0
8 12 51 12 0
12 8 51 12 0
8 12 13 50 0
12 8 13 50 0
8 12 50 13 0
12 8 50 13 0
8 12 14 49 0
12 8 14 49 0
8 12 49 14 0
12 8 49 14 0
8 12 15 48 0
12 8 15 48 0
8 12 48 15 0
12 8 48 15 0
8 12 16 47 1
12 8 16 47 1
8 12 47 16 1
12 8 47 16 1
8 12 17 46 6
12 8 17 46 6
8 12 46 17 6
12 8 46 17 6
9 11 13 50 0
11 9 13 50 0
9 11 50 13 0
11 9 50 13 0
9 11 14 49 0
11 9 14 49 0
9 11 49 14 0
11 9 49 14 0
9 11 15 48 1
11 9 15 48 1
9 11 48 15 1
11 9 48 15 1
9 11 16 47 5
11 9 16 47 5
9 11 47 16 5
11 9 47 16 5
9 11 17 46 18
11 9 17 46 18
9 11 46 17 18
11 9 46 17 18
9 11 18 45 52
11 9 18 45 52
9 11 45 18 52
11 9 45 18 52
9 11 19 44 128
11 9 19 44 128
9 11 44 19 128
11 9 44 19 128
9 11 20 43 278
11 9 20 43 278
9 11 43 20 278
11 9 43 20 278
9 11 21 42 545
11 9 21 42 545
9 11 42 21 545
11 9 42 21 545
9 11 22 41 977
11 9 22 41 977
9 11 41 22 977
11 9 41 22 977
9 11 23 40 1619
11 9 23 40 1619
9 11 40 23 1619
11 9 40 23 1619
9 11 24 39 2502
11 9 24 39 2502
9 11 39 24 2502
11 9 39 24 2502
9 11 25 38 3625
11 9 25 38 3625
9 11 38 25 3625
11 9 38 25 3625
9 11 26 37 4946
11 9 26 37 4946
9 11 37 26 4946
11 9 37 26 4946
9 11 27 36 6378
11 9 27 36 6378
9 11 36 27 6378
11 9 36 27 6378
9 11 28 35 7795
11 9 28 35 7795
9 11 35 28 7795
11 9 35 28 7795
9 11 29 34 9046
11 9 29 34 9046
9 11 34 29 9046
11 9 34 29 9046
9 11 30 33 9982
11 9 30 33 9982
9 11 33 30 9982
11 9 33 30 9982
9 11 31 32 10483
11 9 31 32 10483
9 11 32 31 10483
11 9 32 31 10483
10 10 16 47 6
10 10 47 16 6
10 10 17 46 22
10 10 46 17 22
10 10 18 45 64
10 10 45 18 64
10 10 19 44 156
10 10 44 19 156
10 10 20 43 336
10 10 43 20 336
10 10 21 42 652
10 10 42 21 652
10 10 22 41 1159
10 10 41 22 1159
10 10 23 40 1906
10 10 40 23 1906
10 10 24 39 2928
10 10 39 24 2928
10 10 25 38 4220
10 10 38 25 4220
10 10 26 37 5734
10 10 37 26 5734
10 10 27 36 7369
10 10 36 27 7369
10 10 28 35 8984
10 10 35 28 8984
10 10 29 34 10407
10 10 34 29 10407
10 10 30 33 11470
10 10 33 30 11470
10 10 31 32 12038
10 10 32 31 12038
7 13 10 53 0
13 7 10 53 0
7 13 53 10 0
13 7 53 10 0
7 13 11 52 0
13 7 11 52 0
7 13 52 11 0
13 7 52 11 0
8 12 10 53 0
12 8 10 53 0
8 12 53 10 0
12 8 53 10 0
8 12 11 52 0
12 8 11 52 0
8 12 52 11 0
12 8 52 11 0
9 11 10 53 0
11 9 10 53 0
9 11 53 10 0
11 9 53 10 0
9 11 11 52 0
11 9 11 52 0
9 11 52 11 0
11 9 52 11 0
9 11 12 51 0
11 9 12 51 0
9 11 51 12 0
11 9 51 12 0
10 10 10 53 0
10 10 53 10 0
10 10 11 52 0
10 10 52 11 0
10 10 12 51 0
10 10 51 12 0
10 10 13 50 0
10 10 50 13 0
10 10 14 49 0
10 10 49 14 0
10 10 15 48 1
10 10 48 15 1
9 11 9 54 0
11 9 9 54 0
9 11 54 9 0
11 9 54 9 0
10 10 9 54 0
10 10 54 9 0
