0 12 10 29 0
12 0 10 29 0
0 12 29 10 0
12 0 29 10 0
0 12 11 28 0
12 0 11 28 0
0 12 28 11 0
12 0 28 11 0
0 12 12 27 0
12 0 12 27 0
0 12 27 12 0
12 0 27 12 0
0 12 13 26 0
12 0 13 26 0
0 12 26 13 0
12 0 26 13 0
0 12 14 25 0
12 0 14 25 0
0 12 25 14 0
12 0 25 14 0
0 12 15 24 0
12 0 15 24 0
0 12 24 15 0
12 0 24 15 0
0 12 16 23 0
12 0 16 23 0
0 12 23 16 0
12 0 23 16 0
0 12 17 22 0
12 0 17 22 0
0 12 22 17 0
12 0 22 17 0
0 12 18 21 0
12 0 18 21 0
0 12 21 18 0
12 0 21 18 0
0 12 19 20 1
12 0 19 20 1
0 12 20 19 1
12 0 20 19 1
1 11 10 29 0
11 1 10 29 0
1 11 29 10 0
11 1 29 10 0
1 11 11 28 0
11 1 11 28 0
1 11 28 11 0
11 1 28 11 0
1 11 12 27 0
11 1 12 27 0
1 11 27 12 0
11 1 27 12 0
1 11 13 26 0
11 1 13 26 0
1 11 26 13 0
11 1 26 13 0
1 11 14 25 1
11 1 14 25 1
1 11 25 14 1
11 1 25 14 1
1 11 15 24 3
11 1 15 24 3
1 11 24 15 3
11 1 24 15 3
1 11 16 23 5
11 1 16 23 5
1 11 23 16 5
11 1 23 16 5
1 11 17 22 7
11 1 17 22 7
1 11 22 17 7
11 1 22 17 7
1 11 18 21 9
11 1 18 21 9
1 11 21 18 9
11 1 21 18 9
1 11 19 20 11
11 1 19 20 11
1 11 20 19 11
11 1 20 19 11
2 10 10 29 1
10 2 10 29 1
2 10 29 10 1
10 2 29 10 1
2 10 11 28 3
10 2 11 28 3
2 10 28 11 3
10 2 28 11 3
2 10 12 27 7
10 2 12 27 7
2 10 27 12 7
10 2 27 12 7
2 10 13 26 13
10 2 13 26 13
2 10 26 13 13
10 2 26 13 13
2 10 14 25 23
10 2 14 25 23
2 10 25 14 23
10 2 25 14 23
2 10 15 24 36
10 2 15 24 36
2 10 24 15 36
10 2 24 15 36
2 10 16 23 50
10 2 16 23 50
2 10 23 16 50
10 2 23 16 50
2 10 17 22 63
10 2 17 22 63
2 10 22 17 63
10 2 22 17 63
2 10 18 21 74
10 2 18 21 74
2 10 21 18 74
10 2 21 18 74
2 10 19 20 81
10 2 19 20 81
2 10 20 19 81
10 2 20 19 81
1 11 6 33 0
11 1 6 33 0
1 11 33 6 0
11 1 33 6 0
1 11 7 32 0
11 1 7 32 0
1 11 32 7 0
11 1 32 7 0
1 11 8 31 0
11 1 8 31 0
1 11 31 8 0
11 1 31 8 0
1 11 9 30 0
11 1 9 30 0
1 11 30 9 0
11 1 30 9 0
2 10 6 33 0
10 2 6 33 0
2 10 33 6 0
10 2 33 6 0
2 10 7 32 0
10 2 7 32 0
2 10 32 7 0
10 2 32 7 0
2 10 8 31 0
10 2 8 31 0
2 10 31 8 0
10 2 31 8 0
2 10 9 30 0
10 2 9 30 0
2 10 30 9 0
10 2 30 9 0
3 9 6 33 0
9 3 6 33 0
3 9 33 6 0
9 3 33 6 0
3 9 7 32 1
9 3 7 32 1
3 9 32 7 1
9 3 32 7 1
3 9 8 31 3
9 3 8 31 3
3 9 31 8 3
9 3 31 8 3
3 9 9 30 7
9 3 9 30 7
3 9 30 9 7
9 3 30 9 7
3 9 10 29 16
9 3 10 29 16
3 9 29 10 16
9 3 29 10 16
3 9 11 28 31
9 3 11 28 31
3 9 28 11 31
9 3 28 11 31
3 9 12 27 54
9 3 12 27 54
3 9 27 12 54
9 3 27 12 54
3 9 13 26 87
9 3 13 26 87
3 9 26 13 87
9 3 26 13 87
3 9 14 25 129
9 3 14 25 129
3 9 25 14 129
9 3 25 14 129
3 9 15 24 178
9 3 15 24 178
3 9 24 15 178
9 3 24 15 178
3 9 16 23 230
9 3 16 23 230
3 9 23 16 230
9 3 23 16 230
3 9 17 22 277
9 3 17 22 277
3 9 22 17 277
9 3 22 17 277
3 9 18 21 313
9 3 18 21 313
3 9 21 18 313
9 3 21 18 313
3 9 19 20 334
9 3 19 20 334
3 9 20 19 334
9 3 20 19 334
4 8 6 33 1
8 4 6 33 1
4 8 33 6 1
8 4 33 6 1
4 8 7 32 4
8 4 7 32 4
4 8 32 7 4
8 4 32 7 4
4 8 8 31 12
8 4 8 31 12
4 8 31 8 12
8 4 31 8 12
4 8 9 30 27
8 4 9 30 27
4 8 30 9 27
8 4 30 9 27
4 8 10 29 55
8 4 10 29 55
4 8 29 10 55
8 4 29 10 55
4 8 11 28 99
8 4 11 28 99
4 8 28 11 99
8 4 28 11 99
4 8 12 27 164
8 4 12 27 164
4 8 27 12 164
8 4 27 12 164
4 8 13 26 249
8 4 13 26 249
4 8 26 13 249
8 4 26 13 249
4 8 14 25 354
8 4 14 25 354
4 8 25 14 354
8 4 25 14 354
4 8 15 24 471
8 4 15 24 471
4 8 24 15 471
8 4 24 15 471
4 8 16 23 590
8 4 16 23 590
4 8 23 16 590
8 4 23 16 590
4 8 17 22 696
8 4 17 22 696
4 8 22 17 696
8 4 22 17 696
4 8 18 21 777
8 4 18 21 777
4 8 21 18 777
8 4 21 18 777
4 8 19 20 821
8 4 19 20 821
4 8 20 19 821
8 4 20 19 821
2 10 4 35 0
10 2 4 35 0
2 10 35 4 0
10 2 35 4 0
2 10 5 34 0
10 2 5 34 0
2 10 34 5 0
10 2 34 5 0
3 9 4 35 0
9 3 4 35 0
3 9 35 4 0
9 3 35 4 0
3 9 5 34 0
9 3 5 34 0
3 9 34 5 0
9 3 34 5 0
4 8 4 35 0
8 4 4 35 0
4 8 35 4 0
8 4 35 4 0
4 8 5 34 0
8 4 5 34 0
4 8 34 5 0
8 4 34 5 0
3 9 3 36 0
9 3 3 36 0
3 9 36 3 0
9 3 36 3 0
4 8 3 36 0
8 4 3 36 0
4 8 36 3 0
8 4 36 3 0
5 7 3 36 0
7 5 3 36 0
5 7 36 3 0
7 5 36 3 0
5 7 4 35 0
7 5 4 35 0
5 7 35 4 0
7 5 35 4 0
5 7 5 34 1
7 5 5 34 1
5 7 34 5 1
7 5 34 5 1
5 7 6 33 4
7 5 6 33 4
5 7 33 6 4
7 5 33 6 4
5 7 7 32 12
7 5 7 32 12
5 7 32 7 12
7 5 32 7 12
5 7 8 31 29
7 5 8 31 29
5 7 31 8 29
7 5 31 8 29
5 7 9 30 61
7 5 9 30 61
5 7 30 9 61
7 5 30 9 61
5 7 10 29 115
7 5 10 29 115
5 7 29 10 115
7 5 29 10 115
5 7 11 28 197
7 5 11 28 197
5 7 28 11 197
7 5 28 11 197
5 7 12 27 312
7 5 12 27 312
5 7 27 12 312
7 5 27 12 312
5 7 13 26 460
7 5 13 26 460
5 7 26 13 460
7 5 26 13 460
5 7 14 25 637
7 5 14 25 637
5 7 25 14 637
7 5 25 14 637
5 7 15 24 831
7 5 15 24 831
5 7 24 15 831
7 5 24 15 831
5 7 16 23 1024
7 5 16 23 1024
5 7 23 16 1024
7 5 23 16 1024
5 7 17 22 1195
7 5 17 22 1195
5 7 22 17 1195
7 5 22 17 1195
5 7 18 21 1324
7 5 18 21 1324
5 7 21 18 1324
7 5 21 18 1324
5 7 19 20 1394
7 5 19 20 1394
5 7 20 19 1394
7 5 20 19 1394
6 6 4 35 0
6 6 35 4 0
6 6 5 34 1
6 6 34 5 1
6 6 6 33 5
6 6 33 6 5
6 6 7 32 15
6 6 32 7 15
6 6 8 31 36
6 6 31 8 36
6 6 9 30 74
6 6 30 9 74
6 6 10 29 140
6 6 29 10 140
6 6 11 28 238
6 6 28 11 238
6 6 12 27 375
6 6 27 12 375
6 6 13 26 550
6 6 26 13 550
6 6 14 25 759
6 6 25 14 759
6 6 15 24 985
6 6 24 15 985
6 6 16 23 1211
6 6 23 16 1211
6 6 17 22 1409
6 6 22 17 1409
6 6 18 21 1558
6 6 21 18 1558
6 6 19 20 1640
6 6 20 19 1640
4 8 2 37 0
8 4 2 37 0
4 8 37 2 0
8 4 37 2 0
5 7 2 37 0
7 5 2 37 0
5 7 37 2 0
7 5 37 2 0
6 6 2 37 0
6 6 37 2 0
6 6 3 36 0
6 6 36 3 0
