5 21 31 50 0
21 5 31 50 0
5 21 50 31 0
21 5 50 31 0
5 21 32 49 0
21 5 32 49 0
5 21 49 32 0
21 5 49 32 0
5 21 33 48 0
21 5 33 48 0
5 21 48 33 0
21 5 48 33 0
5 21 34 47 0
21 5 34 47 0
5 21 47 34 0
21 5 47 34 0
5 21 35 46 0
21 5 35 46 0
5 21 46 35 0
21 5 46 35 0
5 21 36 45 0
21 5 36 45 0
5 21 45 36 0
21 5 45 36 0
5 21 37 44 0
21 5 37 44 0
5 21 44 37 0
21 5 44 37 0
5 21 38 43 0
21 5 38 43 0
5 21 43 38 0
21 5 43 38 0
5 21 39 42 0
21 5 39 42 0
5 21 42 39 0
21 5 42 39 0
5 21 40 41 0
21 5 40 41 0
5 21 41 40 0
21 5 41 40 0
6 20 31 50 0
20 6 31 50 0
6 20 50 31 0
20 6 50 31 0
6 20 32 49 0
20 6 32 49 0
6 20 49 32 0
20 6 49 32 0
6 20 33 48 0
20 6 33 48 0
6 20 48 33 0
20 6 48 33 0
6 20 34 47 0
20 6 34 47 0
6 20 47 34 0
20 6 47 34 0
6 20 35 46 0
20 6 35 46 0
6 20 46 35 0
20 6 46 35 0
6 20 36 45 0
20 6 36 45 0
6 20 45 36 0
20 6 45 36 0
6 20 37 44 0
20 6 37 44 0
6 20 44 37 0
20 6 44 37 0
6 20 38 43 0
20 6 38 43 0
6 20 43 38 0
20 6 43 38 0
6 20 39 42 0
20 6 39 42 0
6 20 42 39 0
20 6 42 39 0
6 20 40 41 0
20 6 40 41 0
6 20 41 40 0
20 6 41 40 0
7 19 31 50 0
19 7 31 50 0
7 19 50 31 0
19 7 50 31 0
7 19 32 49 0
19 7 32 49 0
7 19 49 32 0
19 7 49 32 0
7 19 33 48 0
19 7 33 48 0
7 19 48 33 0
19 7 48 33 0
7 19 34 47 0
19 7 34 47 0
7 19 47 34 0
19 7 47 34 0
7 19 35 46 0
19 7 35 46 0
7 19 46 35 0
19 7 46 35 0
7 19 36 45 1
19 7 36 45 1
7 19 45 36 1
19 7 45 36 1
7 19 37 44 2
19 7 37 44 2
7 19 44 37 2
19 7 44 37 2
7 19 38 43 3
19 7 38 43 3
7 19 43 38 3
19 7 43 38 3
7 19 39 42 4
19 7 39 42 4
7 19 42 39 4
19 7 42 39 4
7 19 40 41 5
19 7 40 41 5
7 19 41 40 5
19 7 41 40 5
6 20 27 54 0
20 6 27 54 0
6 20 54 27 0
20 6 54 27 0
6 20 28 53 0
20 6 28 53 0
6 20 53 28 0
20 6 53 28 0
6 20 29 52 0
20 6 29 52 0
6 20 52 29 0
20 6 52 29 0
6 20 30 51 0
20 6 30 51 0
6 20 51 30 0
20 6 51 30 0
7 19 27 54 0
19 7 27 54 0
7 19 54 27 0
19 7 54 27 0
7 19 28 53 0
19 7 28 53 0
7 19 53 28 0
19 7 53 28 0
7 19 29 52 0
19 7 29 52 0
7 19 52 29 0
19 7 52 29 0
7 19 30 51 0
19 7 30 51 0
7 19 51 30 0
19 7 51 30 0
8 18 27 54 0
18 8 27 54 0
8 18 54 27 0
18 8 54 27 0
8 18 28 53 0
18 8 28 53 0
8 18 53 28 0
18 8 53 28 0
8 18 29 52 0
18 8 29 52 0
8 18 52 29 0
18 8 52 29 0
8 18 30 51 0
18 8 30 51 0
8 18 51 30 0
18 8 51 30 0
8 18 31 50 0
18 8 31 50 0
8 18 50 31 0
18 8 50 31 0
8 18 32 49 1
18 8 32 49 1
8 18 49 32 1
18 8 49 32 1
8 18 33 48 3
18 8 33 48 3
8 18 48 33 3
18 8 48 33 3
8 18 34 47 8
18 8 34 47 8
8 18 47 34 8
18 8 47 34 8
8 18 35 46 15
18 8 35 46 15
8 18 46 35 15
18 8 46 35 15
8 18 36 45 26
18 8 36 45 26
8 18 45 36 26
18 8 45 36 26
8 18 37 44 38
18 8 37 44 38
8 18 44 37 38
18 8 44 37 38
8 18 38 43 50
18 8 38 43 50
8 18 43 38 50
18 8 43 38 50
8 18 39 42 60
18 8 39 42 60
8 18 42 39 60
18 8 42 39 60
8 18 40 41 66
18 8 40 41 66
8 18 41 40 66
18 8 41 40 66
7 19 25 56 0
19 7 25 56 0
7 19 56 25 0
19 7 56 25 0
7 19 26 55 0
19 7 26 55 0
7 19 55 26 0
19 7 55 26 0
8 18 25 56 0
18 8 25 56 0
8 18 56 25 0
18 8 56 25 0
8 18 26 55 0
18 8 26 55 0
8 18 55 26 0
18 8 55 26 0
9 17 25 56 0
17 9 25 56 0
9 17 56 25 0
17 9 56 25 0
9 17 26 55 0
17 9 26 55 0
9 17 55 26 0
17 9 55 26 0
9 17 27 54 0
17 9 27 54 0
9 17 54 27 0
17 9 54 27 0
9 17 28 53 0
17 9 28 53 0
9 17 53 28 0
17 9 53 28 0
9 17 29 52 0
17 9 29 52 0
9 17 52 29 0
17 9 52 29 0
9 17 30 51 2
17 9 30 51 2
9 17 51 30 2
17 9 51 30 2
9 17 31 50 7
17 9 31 50 7
9 17 50 31 7
17 9 50 31 7
9 17 32 49 19
17 9 32 49 19
9 17 49 32 19
17 9 49 32 19
9 17 33 48 40
17 9 33 48 40
9 17 48 33 40
17 9 48 33 40
9 17 34 47 74
17 9 34 47 74
9 17 47 34 74
17 9 47 34 74
9 17 35 46 120
17 9 35 46 120
9 17 46 35 120
17 9 46 35 120
9 17 36 45 178
17 9 36 45 178
9 17 45 36 178
17 9 45 36 178
9 17 37 44 240
17 9 37 44 240
9 17 44 37 240
17 9 44 37 240
9 17 38 43 299
17 9 38 43 299
9 17 43 38 299
17 9 43 38 299
9 17 39 42 345
17 9 39 42 345
9 17 42 39 345
17 9 42 39 345
9 17 40 41 371
17 9 40 41 371
9 17 41 40 371
17 9 41 40 371
10 16 25 56 0
16 10 25 56 0
10 16 56 25 0
16 10 56 25 0
10 16 26 55 0
16 10 26 55 0
10 16 55 26 0
16 10 55 26 0
10 16 27 54 0
16 10 27 54 0
10 16 54 27 0
16 10 54 27 0
10 16 28 53 2
16 10 28 53 2
10 16 53 28 2
16 10 53 28 2
10 16 29 52 7
16 10 29 52 7
10 16 52 29 7
16 10 52 29 7
10 16 30 51 22
16 10 30 51 22
10 16 51 30 22
16 10 51 30 22
10 16 31 50 51
16 10 31 50 51
10 16 50 31 51
16 10 50 31 51
10 16 32 49 106
16 10 32 49 106
10 16 49 32 106
16 10 49 32 106
10 16 33 48 191
16 10 33 48 191
10 16 48 33 191
16 10 48 33 191
10 16 34 47 315
16 10 34 47 315
10 16 47 34 315
16 10 47 34 315
10 16 35 46 472
16 10 35 46 472
10 16 46 35 472
16 10 46 35 472
10 16 36 45 658
16 10 36 45 658
10 16 45 36 658
16 10 45 36 658
10 16 37 44 850
16 10 37 44 850
10 16 44 37 850
16 10 44 37 850
10 16 38 43 1028
16 10 38 43 1028
10 16 43 38 1028
16 10 43 38 1028
10 16 39 42 1164
16 10 39 42 1164
10 16 42 39 1164
16 10 42 39 1164
10 16 40 41 1239
16 10 40 41 1239
10 16 41 40 1239
16 10 41 40 1239
11 15 27 54 2
15 11 27 54 2
11 15 54 27 2
15 11 54 27 2
11 15 28 53 10
15 11 28 53 10
11 15 53 28 10
15 11 53 28 10
11 15 29 52 30
15 11 29 52 30
11 15 52 29 30
15 11 52 29 30
11 15 30 51 75
15 11 30 51 75
11 15 51 30 75
15 11 51 30 75
11 15 31 50 158
15 11 31 50 158
11 15 50 31 158
15 11 50 31 158
11 15 32 49 298
15 11 32 49 298
11 15 49 32 298
15 11 49 32 298
11 15 33 48 506
15 11 33 48 506
11 15 48 33 506
15 11 48 33 506
11 15 34 47 791
15 11 34 47 791
11 15 47 34 791
15 11 47 34 791
11 15 35 46 1143
15 11 35 46 1143
11 15 46 35 1143
15 11 46 35 1143
11 15 36 45 1544
15 11 36 45 1544
11 15 45 36 1544
15 11 45 36 1544
11 15 37 44 1952
15 11 37 44 1952
11 15 44 37 1952
15 11 44 37 1952
11 15 38 43 2322
15 11 38 43 2322
11 15 43 38 2322
15 11 43 38 2322
11 15 39 42 2603
15 11 39 42 2603
11 15 42 39 2603
15 11 42 39 2603
11 15 40 41 2756
15 11 40 41 2756
11 15 41 40 2756
15 11 41 40 2756
12 14 31 50 302
14 12 31 50 302
12 14 50 31 302
14 12 50 31 302
12 14 32 49 542
14 12 32 49 542
12 14 49 32 542
14 12 49 32 542
12 14 33 48 886
14 12 33 48 886
12 14 48 33 886
14 12 48 33 886
12 14 34 47 1348
14 12 34 47 1348
12 14 47 34 1348
14 12 47 34 1348
12 14 35 46 1906
14 12 35 46 1906
12 14 46 35 1906
14 12 46 35 1906
12 14 36 45 2533
14 12 36 45 2533
12 14 45 36 2533
14 12 45 36 2533
12 14 37 44 3163
14 12 37 44 3163
12 14 44 37 3163
14 12 44 37 3163
12 14 38 43 3731
14 12 38 43 3731
12 14 43 38 3731
14 12 43 38 3731
12 14 39 42 4159
14 12 39 42 4159
12 14 42 39 4159
14 12 42 39 4159
12 14 40 41 4391
14 12 40 41 4391
12 14 41 40 4391
14 12 41 40 4391
8 18 22 59 0
18 8 22 59 0
8 18 59 22 0
18 8 59 22 0
8 18 23 58 0
18 8 23 58 0
8 18 58 23 0
18 8 58 23 0
8 18 24 57 0
18 8 24 57 0
8 18 57 24 0
18 8 57 24 0
9 17 22 59 0
17 9 22 59 0
9 17 59 22 0
17 9 59 22 0
9 17 23 58 0
17 9 23 58 0
9 17 58 23 0
17 9 58 23 0
9 17 24 57 0
17 9 24 57 0
9 17 57 24 0
17 9 57 24 0
10 16 22 59 0
16 10 22 59 0
10 16 59 22 0
16 10 59 22 0
10 16 23 58 0
16 10 23 58 0
10 16 58 23 0
16 10 58 23 0
10 16 24 57 0
16 10 24 57 0
10 16 57 24 0
16 10 57 24 0
9 17 21 60 0
17 9 21 60 0
9 17 60 21 0
17 9 60 21 0
10 16 21 60 0
16 10 21 60 0
10 16 60 21 0
16 10 60 21 0
11 15 21 60 0
15 11 21 60 0
11 15 60 21 0
15 11 60 21 0
11 15 22 59 0
15 11 22 59 0
11 15 59 22 0
15 11 59 22 0
11 15 23 58 0
15 11 23 58 0
11 15 58 23 0
15 11 58 23 0
11 15 24 57 0
15 11 24 57 0
11 15 57 24 0
15 11 57 24 0
11 15 25 56 0
15 11 25 56 0
11 15 56 25 0
15 11 56 25 0
11 15 26 55 0
15 11 26 55 0
11 15 55 26 0
15 11 55 26 0
12 14 22 59 0
14 12 22 59 0
12 14 59 22 0
14 12 59 22 0
12 14 23 58 0
14 12 23 58 0
12 14 58 23 0
14 12 58 23 0
12 14 24 57 0
14 12 24 57 0
12 14 57 24 0
14 12 57 24 0
12 14 25 56 0
14 12 25 56 0
12 14 56 25 0
14 12 56 25 0
12 14 26 55 2
14 12 26 55 2
12 14 55 26 2
14 12 55 26 2
12 14 27 54 8
14 12 27 54 8
12 14 54 27 8
14 12 54 27 8
12 14 28 53 27
14 12 28 53 27
12 14 53 28 27
14 12 53 28 27
12 14 29 52 68
14 12 29 52 68
12 14 52 29 68
14 12 52 29 68
12 14 30 51 154
14 12 30 51 154
12 14 51 30 154
14 12 51 30 154
13 13 25 56 0
13 13 56 25 0
13 13 26 55 2
13 13 55 26 2
13 13 27 54 10
13 13 54 27 10
13 13 28 53 33
13 13 53 28 33
13 13 29 52 84
13 13 52 29 84
13 13 30 51 187
13 13 51 30 187
13 13 31 50 365
13 13 50 31 365
13 13 32 49 648
13 13 49 32 648
13 13 33 48 1053
13 13 48 33 1053
13 13 34 47 1591
13 13 47 34 1591
13 13 35 46 2240
13 13 46 35 2240
13 13 36 45 2963
13 13 45 36 2963
13 13 37 44 3689
13 13 44 37 3689
13 13 38 43 4340
13 13 43 38 4340
13 13 39 42 4831
13 13 42 39 4831
13 13 40 41 5096
13 13 41 40 5096
10 16 19 62 0
16 10 19 62 0
10 16 62 19 0
16 10 62 19 0
10 16 20 61 0
16 10 20 61 0
10 16 61 20 0
16 10 61 20 0
11 15 19 62 0
15 11 19 62 0
11 15 62 19 0
15 11 62 19 0
11 15 20 61 0
15 11 20 61 0
11 15 61 20 0
15 11 61 20 0
12 14 19 62 0
14 12 19 62 0
12 14 62 19 0
14 12 62 19 0
12 14 20 61 0
14 12 20 61 0
12 14 61 20 0
14 12 61 20 0
12 14 21 60 0
14 12 21 60 0
12 14 60 21 0
14 12 60 21 0
13 13 19 62 0
13 13 62 19 0
13 13 20 61 0
13 13 61 20 0
13 13 21 60 0
13 13 60 21 0
13 13 22 59 0
13 13 59 22 0
13 13 23 58 0
13 13 58 23 0
13 13 24 57 0
13 13 57 24 0
12 14 18 63 0
14 12 18 63 0
12 14 63 18 0
14 12 63 18 0
13 13 18 63 0
13 13 63 18 0
