6 22 36 51 0
22 6 36 51 0
6 22 51 36 0
22 6 51 36 0
6 22 37 50 0
22 6 37 50 0
6 22 50 37 0
22 6 50 37 0
6 22 38 49 0
22 6 38 49 0
6 22 49 38 0
22 6 49 38 0
6 22 39 48 0
22 6 39 48 0
6 22 48 39 0
22 6 48 39 0
6 22 40 47 0
22 6 40 47 0
6 22 47 40 0
22 6 47 40 0
6 22 41 46 0
22 6 41 46 0
6 22 46 41 0
22 6 46 41 0
6 22 42 45 0
22 6 42 45 0
6 22 45 42 0
22 6 45 42 0
6 22 43 44 0
22 6 43 44 0
6 22 44 43 0
22 6 44 43 0
7 21 36 51 0
21 7 36 51 0
7 21 51 36 0
21 7 51 36 0
7 21 37 50 0
21 7 37 50 0
7 21 50 37 0
21 7 50 37 0
7 21 38 49 0
21 7 38 49 0
7 21 49 38 0
21 7 49 38 0
7 21 39 48 0
21 7 39 48 0
7 21 48 39 0
21 7 48 39 0
7 21 40 47 0
21 7 40 47 0
7 21 47 40 0
21 7 47 40 0
7 21 41 46 0
21 7 41 46 0
7 21 46 41 0
21 7 46 41 0
7 21 42 45 0
21 7 42 45 0
7 21 45 42 0
21 7 45 42 0
7 21 43 44 0
21 7 43 44 0
7 21 44 43 0
21 7 44 43 0
8 20 36 51 0
20 8 36 51 0
8 20 51 36 0
20 8 51 36 0
8 20 37 50 0
20 8 37 50 0
8 20 50 37 0
20 8 50 37 0
8 20 38 49 0
20 8 38 49 0
8 20 49 38 0
20 8 49 38 0
8 20 39 48 0
20 8 39 48 0
8 20 48 39 0
20 8 48 39 0
8 20 40 47 0
20 8 40 47 0
8 20 47 40 0
20 8 47 40 0
8 20 41 46 0
20 8 41 46 0
8 20 46 41 0
20 8 46 41 0
8 20 42 45 1
20 8 42 45 1
8 20 45 42 1
20 8 45 42 1
8 20 43 44 1
20 8 43 44 1
8 20 44 43 1
20 8 44 43 1
7 21 31 56 0
21 7 31 56 0
7 21 56 31 0
21 7 56 31 0
7 21 32 55 0
21 7 32 55 0
7 21 55 32 0
21 7 55 32 0
7 21 33 54 0
21 7 33 54 0
7 21 54 33 0
21 7 54 33 0
7 21 34 53 0
21 7 34 53 0
7 21 53 34 0
21 7 53 34 0
7 21 35 52 0
21 7 35 52 0
7 21 52 35 0
21 7 52 35 0
8 20 31 56 0
20 8 31 56 0
8 20 56 31 0
20 8 56 31 0
8 20 32 55 0
20 8 32 55 0
8 20 55 32 0
20 8 55 32 0
8 20 33 54 0
20 8 33 54 0
8 20 54 33 0
20 8 54 33 0
8 20 34 53 0
20 8 34 53 0
8 20 53 34 0
20 8 53 34 0
8 20 35 52 0
20 8 35 52 0
8 20 52 35 0
20 8 52 35 0
9 19 31 56 0
19 9 31 56 0
9 19 56 31 0
19 9 56 31 0
9 19 32 55 0
19 9 32 55 0
9 19 55 32 0
19 9 55 32 0
9 19 33 54 0
19 9 33 54 0
9 19 54 33 0
19 9 54 33 0
9 19 34 53 0
19 9 34 53 0
9 19 53 34 0
19 9 53 34 0
9 19 35 52 0
19 9 35 52 0
9 19 52 35 0
19 9 52 35 0
9 19 36 51 0
19 9 36 51 0
9 19 51 36 0
19 9 51 36 0
9 19 37 50 1
19 9 37 50 1
9 19 50 37 1
19 9 50 37 1
9 19 38 49 3
19 9 38 49 3
9 19 49 38 3
19 9 49 38 3
9 19 39 48 6
19 9 39 48 6
9 19 48 39 6
19 9 48 39 6
9 19 40 47 10
19 9 40 47 10
9 19 47 40 10
19 9 47 40 10
9 19 41 46 14
19 9 41 46 14
9 19 46 41 14
19 9 46 41 14
9 19 42 45 18
19 9 42 45 18
9 19 45 42 18
19 9 45 42 18
9 19 43 44 20
19 9 43 44 20
9 19 44 43 20
19 9 44 43 20
8 20 28 59 0
20 8 28 59 0
8 20 59 28 0
20 8 59 28 0
8 20 29 58 0
20 8 29 58 0
8 20 58 29 0
20 8 58 29 0
8 20 30 57 0
20 8 30 57 0
8 20 57 30 0
20 8 57 30 0
9 19 28 59 0
19 9 28 59 0
9 19 59 28 0
19 9 59 28 0
9 19 29 58 0
19 9 29 58 0
9 19 58 29 0
19 9 58 29 0
9 19 30 57 0
19 9 30 57 0
9 19 57 30 0
19 9 57 30 0
10 18 28 59 0
18 10 28 59 0
10 18 59 28 0
18 10 59 28 0
10 18 29 58 0
18 10 29 58 0
10 18 58 29 0
18 10 58 29 0
10 18 30 57 0
18 10 30 57 0
10 18 57 30 0
18 10 57 30 0
10 18 31 56 0
18 10 31 56 0
10 18 56 31 0
18 10 56 31 0
10 18 32 55 0
18 10 32 55 0
10 18 55 32 0
18 10 55 32 0
10 18 33 54 0
18 10 33 54 0
10 18 54 33 0
18 10 54 33 0
10 18 34 53 1
18 10 34 53 1
10 18 53 34 1
18 10 53 34 1
10 18 35 52 4
18 10 35 52 4
10 18 52 35 4
18 10 52 35 4
10 18 36 51 10
18 10 36 51 10
10 18 51 36 10
18 10 51 36 10
10 18 37 50 21
18 10 37 50 21
10 18 50 37 21
18 10 50 37 21
10 18 38 49 38
18 10 38 49 38
10 18 49 38 38
18 10 49 38 38
10 18 39 48 60
18 10 39 48 60
10 18 48 39 60
18 10 48 39 60
10 18 40 47 85
18 10 40 47 85
10 18 47 40 85
18 10 47 40 85
10 18 41 46 109
18 10 41 46 109
10 18 46 41 109
18 10 46 41 109
10 18 42 45 129
18 10 42 45 129
10 18 45 42 129
18 10 45 42 129
10 18 43 44 140
18 10 43 44 140
10 18 44 43 140
18 10 44 43 140
9 19 27 60 0
19 9 27 60 0
9 19 60 27 0
19 9 60 27 0
10 18 27 60 0
18 10 27 60 0
10 18 60 27 0
18 10 60 27 0
11 17 27 60 0
17 11 27 60 0
11 17 60 27 0
17 11 60 27 0
11 17 28 59 0
17 11 28 59 0
11 17 59 28 0
17 11 59 28 0
11 17 29 58 0
17 11 29 58 0
11 17 58 29 0
17 11 58 29 0
11 17 30 57 0
17 11 30 57 0
11 17 57 30 0
17 11 57 30 0
11 17 31 56 0
17 11 31 56 0
11 17 56 31 0
17 11 56 31 0
11 17 32 55 1
17 11 32 55 1
11 17 55 32 1
17 11 55 32 1
11 17 33 54 5
17 11 33 54 5
11 17 54 33 5
17 11 54 33 5
11 17 34 53 14
17 11 34 53 14
11 17 53 34 14
17 11 53 34 14
11 17 35 52 33
17 11 35 52 33
11 17 52 35 33
17 11 52 35 33
11 17 36 51 66
17 11 36 51 66
11 17 51 36 66
17 11 51 36 66
11 17 37 50 115
17 11 37 50 115
11 17 50 37 115
17 11 50 37 115
11 17 38 49 182
17 11 38 49 182
11 17 49 38 182
17 11 49 38 182
11 17 39 48 263
17 11 39 48 263
11 17 48 39 263
17 11 48 39 263
11 17 40 47 349
17 11 40 47 349
11 17 47 40 349
17 11 47 40 349
11 17 41 46 430
17 11 41 46 430
11 17 46 41 430
17 11 46 41 430
11 17 42 45 494
17 11 42 45 494
11 17 45 42 494
17 11 45 42 494
11 17 43 44 528
17 11 43 44 528
11 17 44 43 528
17 11 44 43 528
12 16 28 59 0
16 12 28 59 0
12 16 59 28 0
16 12 59 28 0
12 16 29 58 0
16 12 29 58 0
12 16 58 29 0
16 12 58 29 0
12 16 30 57 0
16 12 30 57 0
12 16 57 30 0
16 12 57 30 0
12 16 31 56 2
16 12 31 56 2
12 16 56 31 2
16 12 56 31 2
12 16 32 55 8
16 12 32 55 8
12 16 55 32 8
16 12 55 32 8
12 16 33 54 23
16 12 33 54 23
12 16 54 33 23
16 12 54 33 23
12 16 34 53 54
16 12 34 53 54
12 16 53 34 54
16 12 53 34 54
12 16 35 52 110
16 12 35 52 110
12 16 52 35 110
16 12 52 35 110
12 16 36 51 198
16 12 36 51 198
12 16 51 36 198
16 12 51 36 198
12 16 37 50 323
16 12 37 50 323
12 16 50 37 323
16 12 50 37 323
12 16 38 49 484
16 12 38 49 484
12 16 49 38 484
16 12 49 38 484
12 16 39 48 671
16 12 39 48 671
12 16 48 39 671
16 12 48 39 671
12 16 40 47 866
16 12 40 47 866
12 16 47 40 866
16 12 47 40 866
12 16 41 46 1045
16 12 41 46 1045
12 16 46 41 1045
16 12 46 41 1045
12 16 42 45 1183
16 12 42 45 1183
12 16 45 42 1183
16 12 45 42 1183
12 16 43 44 1258
16 12 43 44 1258
12 16 44 43 1258
16 12 44 43 1258
13 15 31 56 6
15 13 31 56 6
13 15 56 31 6
15 13 56 31 6
13 15 32 55 20
15 13 32 55 20
13 15 55 32 20
15 13 55 32 20
13 15 33 54 51
15 13 33 54 51
13 15 54 33 51
15 13 54 33 51
13 15 34 53 111
15 13 34 53 111
13 15 53 34 111
15 13 53 34 111
13 15 35 52 213
15 13 35 52 213
13 15 52 35 213
15 13 52 35 213
13 15 36 51 367
15 13 36 51 367
13 15 51 36 367
15 13 51 36 367
13 15 37 50 579
15 13 37 50 579
13 15 50 37 579
15 13 50 37 579
13 15 38 49 845
15 13 38 49 845
13 15 49 38 845
15 13 49 38 845
13 15 39 48 1148
15 13 39 48 1148
13 15 48 39 1148
15 13 48 39 1148
13 15 40 47 1459
15 13 40 47 1459
13 15 47 40 1459
15 13 47 40 1459
13 15 41 46 1741
15 13 41 46 1741
13 15 46 41 1741
15 13 46 41 1741
13 15 42 45 1957
15 13 42 45 1957
13 15 45 42 1957
15 13 45 42 1957
13 15 43 44 2074
15 13 43 44 2074
13 15 44 43 2074
15 13 44 43 2074
14 14 36 51 446
14 14 51 36 446
14 14 37 50 696
14 14 50 37 696
14 14 38 49 1008
14 14 49 38 1008
14 14 39 48 1363
14 14 48 39 1363
14 14 40 47 1724
14 14 47 40 1724
14 14 41 46 2051
14 14 46 41 2051
14 14 42 45 2302
14 14 45 42 2302
14 14 43 44 2437
14 14 44 43 2437
9 19 26 61 0
19 9 26 61 0
9 19 61 26 0
19 9 61 26 0
10 18 26 61 0
18 10 26 61 0
10 18 61 26 0
18 10 61 26 0
11 17 26 61 0
17 11 26 61 0
11 17 61 26 0
17 11 61 26 0
10 18 24 63 0
18 10 24 63 0
10 18 63 24 0
18 10 63 24 0
10 18 25 62 0
18 10 25 62 0
10 18 62 25 0
18 10 62 25 0
11 17 24 63 0
17 11 24 63 0
11 17 63 24 0
17 11 63 24 0
11 17 25 62 0
17 11 25 62 0
11 17 62 25 0
17 11 62 25 0
12 16 24 63 0
16 12 24 63 0
12 16 63 24 0
16 12 63 24 0
12 16 25 62 0
16 12 25 62 0
12 16 62 25 0
16 12 62 25 0
12 16 26 61 0
16 12 26 61 0
12 16 61 26 0
16 12 61 26 0
12 16 27 60 0
16 12 27 60 0
12 16 60 27 0
16 12 60 27 0
13 15 24 63 0
15 13 24 63 0
13 15 63 24 0
15 13 63 24 0
13 15 25 62 0
15 13 25 62 0
13 15 62 25 0
15 13 62 25 0
13 15 26 61 0
15 13 26 61 0
13 15 61 26 0
15 13 61 26 0
13 15 27 60 0
15 13 27 60 0
13 15 60 27 0
15 13 60 27 0
13 15 28 59 0
15 13 28 59 0
13 15 59 28 0
15 13 59 28 0
13 15 29 58 0
15 13 29 58 0
13 15 58 29 0
15 13 58 29 0
13 15 30 57 1
15 13 30 57 1
13 15 57 30 1
15 13 57 30 1
14 14 26 61 0
14 14 61 26 0
14 14 27 60 0
14 14 60 27 0
14 14 28 59 0
14 14 59 28 0
14 14 29 58 0
14 14 58 29 0
14 14 30 57 2
14 14 57 30 2
14 14 31 56 9
14 14 56 31 9
14 14 32 55 27
14 14 55 32 27
14 14 33 54 66
14 14 54 33 66
14 14 34 53 139
14 14 53 34 139
14 14 35 52 262
14 14 52 35 262
11 17 23 64 0
17 11 23 64 0
11 17 64 23 0
17 11 64 23 0
12 16 23 64 0
16 12 23 64 0
12 16 64 23 0
16 12 64 23 0
13 15 23 64 0
15 13 23 64 0
13 15 64 23 0
15 13 64 23 0
12 16 22 65 0
16 12 22 65 0
12 16 65 22 0
16 12 65 22 0
13 15 22 65 0
15 13 22 65 0
13 15 65 22 0
15 13 65 22 0
14 14 22 65 0
14 14 65 22 0
14 14 23 64 0
14 14 64 23 0
14 14 24 63 0
14 14 63 24 0
14 14 25 62 0
14 14 62 25 0
