0 4 1 14 0
4 0 1 14 0
0 4 14 1 0
4 0 14 1 0
0 4 2 13 0
4 0 2 13 0
0 4 13 2 0
4 0 13 2 0
0 4 3 12 1
4 0 3 12 1
0 4 12 3 1
4 0 12 3 1
0 4 4 11 2
4 0 4 11 2
0 4 11 4 2
4 0 11 4 2
0 4 5 10 3
4 0 5 10 3
0 4 10 5 3
4 0 10 5 3
0 4 6 9 4
4 0 6 9 4
0 4 9 6 4
4 0 9 6 4
0 4 7 8 5
4 0 7 8 5
0 4 8 7 5
4 0 8 7 5
1 3 0 15 0
3 1 0 15 0
1 3 15 0 0
3 1 15 0 0
1 3 1 14 0
3 1 1 14 0
1 3 14 1 0
3 1 14 1 0
1 3 2 13 1
3 1 2 13 1
1 3 13 2 1
3 1 13 2 1
1 3 3 12 3
3 1 3 12 3
1 3 12 3 3
3 1 12 3 3
1 3 4 11 5
3 1 4 11 5
1 3 11 4 5
3 1 11 4 5
1 3 5 10 7
3 1 5 10 7
1 3 10 5 7
3 1 10 5 7
1 3 6 9 9
3 1 6 9 9
1 3 9 6 9
3 1 9 6 9
1 3 7 8 11
3 1 7 8 11
1 3 8 7 11
3 1 8 7 11
2 2 0 15 0
2 2 15 0 0
2 2 1 14 0
2 2 14 1 0
2 2 2 13 1
2 2 13 2 1
2 2 3 12 4
2 2 12 3 4
2 2 4 11 7
2 2 11 4 7
2 2 5 10 10
2 2 10 5 10
2 2 6 9 13
2 2 9 6 13
2 2 7 8 16
2 2 8 7 16
