0 6 3 18 0
6 0 3 18 0
0 6 18 3 0
6 0 18 3 0
0 6 4 17 0
6 0 4 17 0
0 6 17 4 0
6 0 17 4 0
0 6 5 16 0
6 0 5 16 0
0 6 16 5 0
6 0 16 5 0
0 6 6 15 1
6 0 6 15 1
0 6 15 6 1
6 0 15 6 1
0 6 7 14 1
6 0 7 14 1
0 6 14 7 1
6 0 14 7 1
0 6 8 13 2
6 0 8 13 2
0 6 13 8 2
6 0 13 8 2
0 6 9 12 3
6 0 9 12 3
0 6 12 9 3
6 0 12 9 3
0 6 10 11 3
6 0 10 11 3
0 6 11 10 3
6 0 11 10 3
1 5 1 20 0
5 1 1 20 0
1 5 20 1 0
5 1 20 1 0
1 5 2 19 0
5 1 2 19 0
1 5 19 2 0
5 1 19 2 0
1 5 3 18 0
5 1 3 18 0
1 5 18 3 0
5 1 18 3 0
1 5 4 17 1
5 1 4 17 1
1 5 17 4 1
5 1 17 4 1
1 5 5 16 2
5 1 5 16 2
1 5 16 5 2
5 1 16 5 2
1 5 6 15 4
5 1 6 15 4
1 5 15 6 4
5 1 15 6 4
1 5 7 14 6
5 1 7 14 6
1 5 14 7 6
5 1 14 7 6
1 5 8 13 9
5 1 8 13 9
1 5 13 8 9
5 1 13 8 9
1 5 9 12 11
5 1 9 12 11
1 5 12 9 11
5 1 12 9 11
1 5 10 11 12
5 1 10 11 12
1 5 11 10 12
5 1 11 10 12
2 4 1 20 0
4 2 1 20 0
2 4 20 1 0
4 2 20 1 0
2 4 2 19 0
4 2 2 19 0
2 4 19 2 0
4 2 19 2 0
2 4 3 18 0
4 2 3 18 0
2 4 18 3 0
4 2 18 3 0
2 4 4 17 2
4 2 4 17 2
2 4 17 4 2
4 2 17 4 2
2 4 5 16 4
4 2 5 16 4
2 4 16 5 4
4 2 16 5 4
2 4 6 15 8
4 2 6 15 8
2 4 15 6 8
4 2 15 6 8
2 4 7 14 12
4 2 7 14 12
2 4 14 7 12
4 2 14 7 12
2 4 8 13 18
4 2 8 13 18
2 4 13 8 18
4 2 13 8 18
2 4 9 12 22
4 2 9 12 22
2 4 12 9 22
4 2 12 9 22
2 4 10 11 24
4 2 10 11 24
2 4 11 10 24
4 2 11 10 24
3 3 0 21 0
3 3 21 0 0
3 3 1 20 0
3 3 20 1 0
3 3 2 19 0
3 3 19 2 0
3 3 3 18 1
3 3 18 3 1
3 3 4 17 3
3 3 17 4 3
3 3 5 16 6
3 3 16 5 6
3 3 6 15 11
3 3 15 6 11
3 3 7 14 16
3 3 14 7 16
3 3 8 13 23
3 3 13 8 23
3 3 9 12 28
3 3 12 9 28
3 3 10 11 30
3 3 11 10 30
