0 14 15 30 0
14 0 15 30 0
0 14 30 15 0
14 0 30 15 0
0 14 16 29 0
14 0 16 29 0
0 14 29 16 0
14 0 29 16 0
0 14 17 28 0
14 0 17 28 0
0 14 28 17 0
14 0 28 17 0
0 14 18 27 0
14 0 18 27 0
0 14 27 18 0
14 0 27 18 0
0 14 19 26 0
14 0 19 26 0
0 14 26 19 0
14 0 26 19 0
0 14 20 25 0
14 0 20 25 0
0 14 25 20 0
14 0 25 20 0
0 14 21 24 0
14 0 21 24 0
0 14 24 21 0
14 0 24 21 0
0 14 22 23 0
14 0 22 23 0
0 14 23 22 0
14 0 23 22 0
1 13 15 30 0
13 1 15 30 0
1 13 30 15 0
13 1 30 15 0
1 13 16 29 0
13 1 16 29 0
1 13 29 16 0
13 1 29 16 0
1 13 17 28 0
13 1 17 28 0
1 13 28 17 0
13 1 28 17 0
1 13 18 27 0
13 1 18 27 0
1 13 27 18 0
13 1 27 18 0
1 13 19 26 1
13 1 19 26 1
1 13 26 19 1
13 1 26 19 1
1 13 20 25 2
13 1 20 25 2
1 13 25 20 2
13 1 25 20 2
1 13 21 24 3
13 1 21 24 3
1 13 24 21 3
13 1 24 21 3
1 13 22 23 3
13 1 22 23 3
1 13 23 22 3
13 1 23 22 3
2 12 15 30 2
12 2 15 30 2
2 12 30 15 2
12 2 30 15 2
2 12 16 29 5
12 2 16 29 5
2 12 29 16 5
12 2 29 16 5
2 12 17 28 10
12 2 17 28 10
2 12 28 17 10
12 2 28 17 10
2 12 18 27 16
12 2 18 27 16
2 12 27 18 16
12 2 27 18 16
2 12 19 26 25
12 2 19 26 25
2 12 26 19 25
12 2 26 19 25
2 12 20 25 34
12 2 20 25 34
2 12 25 20 34
12 2 25 20 34
2 12 21 24 41
12 2 21 24 41
2 12 24 21 41
12 2 24 21 41
2 12 22 23 44
12 2 22 23 44
2 12 23 22 44
12 2 23 22 44
1 13 10 35 0
13 1 10 35 0
1 13 35 10 0
13 1 35 10 0
1 13 11 34 0
13 1 11 34 0
1 13 34 11 0
13 1 34 11 0
1 13 12 33 0
13 1 12 33 0
1 13 33 12 0
13 1 33 12 0
1 13 13 32 0
13 1 13 32 0
1 13 32 13 0
13 1 32 13 0
1 13 14 31 0
13 1 14 31 0
1 13 31 14 0
13 1 31 14 0
2 12 10 35 0
12 2 10 35 0
2 12 35 10 0
12 2 35 10 0
2 12 11 34 0
12 2 11 34 0
2 12 34 11 0
12 2 34 11 0
2 12 12 33 0
12 2 12 33 0
2 12 33 12 0
12 2 33 12 0
2 12 13 32 0
12 2 13 32 0
2 12 32 13 0
12 2 32 13 0
2 12 14 31 0
12 2 14 31 0
2 12 31 14 0
12 2 31 14 0
3 11 10 35 0
11 3 10 35 0
3 11 35 10 0
11 3 35 10 0
3 11 11 34 1
11 3 11 34 1
3 11 34 11 1
11 3 34 11 1
3 11 12 33 3
11 3 12 33 3
3 11 33 12 3
11 3 33 12 3
3 11 13 32 8
11 3 13 32 8
3 11 32 13 8
11 3 32 13 8
3 11 14 31 17
11 3 14 31 17
3 11 31 14 17
11 3 31 14 17
3 11 15 30 34
11 3 15 30 34
3 11 30 15 34
11 3 30 15 34
3 11 16 29 59
11 3 16 29 59
3 11 29 16 59
11 3 29 16 59
3 11 17 28 93
11 3 17 28 93
3 11 28 17 93
11 3 28 17 93
3 11 18 27 133
11 3 18 27 133
3 11 27 18 133
11 3 27 18 133
3 11 19 26 178
11 3 19 26 178
3 11 26 19 178
11 3 26 19 178
3 11 20 25 220
11 3 20 25 220
3 11 25 20 220
11 3 25 20 220
3 11 21 24 253
11 3 21 24 253
3 11 24 21 253
11 3 24 21 253
3 11 22 23 270
11 3 22 23 270
3 11 23 22 270
11 3 23 22 270
4 10 10 35 3
10 4 10 35 3
4 10 35 10 3
10 4 35 10 3
4 10 11 34 10
10 4 11 34 10
4 10 34 11 10
10 4 34 11 10
4 10 12 33 24
10 4 12 33 24
4 10 33 12 24
10 4 33 12 24
4 10 13 32 52
10 4 13 32 52
4 10 32 13 52
10 4 32 13 52
4 10 14 31 96
10 4 14 31 96
4 10 31 14 96
10 4 31 14 96
4 10 15 30 166
10 4 15 30 166
4 10 30 15 166
10 4 30 15 166
4 10 16 29 260
10 4 16 29 260
4 10 29 16 260
10 4 29 16 260
4 10 17 28 380
10 4 17 28 380
4 10 28 17 380
10 4 28 17 380
4 10 18 27 514
10 4 18 27 514
4 10 27 18 514
10 4 27 18 514
4 10 19 26 655
10 4 19 26 655
4 10 26 19 655
10 4 26 19 655
4 10 20 25 782
10 4 20 25 782
4 10 25 20 782
10 4 25 20 782
4 10 21 24 880
10 4 21 24 880
4 10 24 21 880
10 4 24 21 880
4 10 22 23 932
10 4 22 23 932
4 10 23 22 932
10 4 23 22 932
2 12 7 38 0
12 2 7 38 0
2 12 38 7 0
12 2 38 7 0
2 12 8 37 0
12 2 8 37 0
2 12 37 8 0
12 2 37 8 0
2 12 9 36 0
12 2 9 36 0
2 12 36 9 0
12 2 36 9 0
3 11 7 38 0
11 3 7 38 0
3 11 38 7 0
11 3 38 7 0
3 11 8 37 0
11 3 8 37 0
3 11 37 8 0
11 3 37 8 0
3 11 9 36 0
11 3 9 36 0
3 11 36 9 0
11 3 36 9 0
4 10 7 38 0
10 4 7 38 0
4 10 38 7 0
10 4 38 7 0
4 10 8 37 0
10 4 8 37 0
4 10 37 8 0
10 4 37 8 0
4 10 9 36 1
10 4 9 36 1
4 10 36 9 1
10 4 36 9 1
3 11 6 39 0
11 3 6 39 0
3 11 39 6 0
11 3 39 6 0
4 10 6 39 0
10 4 6 39 0
4 10 39 6 0
10 4 39 6 0
5 9 6 39 0
9 5 6 39 0
5 9 39 6 0
9 5 39 6 0
5 9 7 38 0
9 5 7 38 0
5 9 38 7 0
9 5 38 7 0
5 9 8 37 1
9 5 8 37 1
5 9 37 8 1
9 5 37 8 1
5 9 9 36 5
9 5 9 36 5
5 9 36 9 5
9 5 36 9 5
5 9 10 35 15
9 5 10 35 15
5 9 35 10 15
9 5 35 10 15
5 9 11 34 38
9 5 11 34 38
5 9 34 11 38
9 5 34 11 38
5 9 12 33 82
9 5 12 33 82
5 9 33 12 82
9 5 33 12 82
5 9 13 32 159
9 5 13 32 159
5 9 32 13 159
9 5 32 13 159
5 9 14 31 277
9 5 14 31 277
5 9 31 14 277
9 5 31 14 277
5 9 15 30 448
9 5 15 30 448
5 9 30 15 448
9 5 30 15 448
5 9 16 29 671
9 5 16 29 671
5 9 29 16 671
9 5 29 16 671
5 9 17 28 942
9 5 17 28 942
5 9 28 17 942
9 5 28 17 942
5 9 18 27 1240
9 5 18 27 1240
5 9 27 18 1240
9 5 27 18 1240
5 9 19 26 1542
9 5 19 26 1542
5 9 26 19 1542
9 5 26 19 1542
5 9 20 25 1811
9 5 20 25 1811
5 9 25 20 1811
9 5 25 20 1811
5 9 21 24 2015
9 5 21 24 2015
5 9 24 21 2015
9 5 24 21 2015
5 9 22 23 2124
9 5 22 23 2124
5 9 23 22 2124
9 5 23 22 2124
6 8 7 38 1
8 6 7 38 1
6 8 38 7 1
8 6 38 7 1
6 8 8 37 4
8 6 8 37 4
6 8 37 8 4
8 6 37 8 4
6 8 9 36 14
8 6 9 36 14
6 8 36 9 14
8 6 36 9 14
6 8 10 35 35
8 6 10 35 35
6 8 35 10 35
8 6 35 10 35
6 8 11 34 81
8 6 11 34 81
6 8 34 11 81
8 6 34 11 81
6 8 12 33 162
8 6 12 33 162
6 8 33 12 162
8 6 33 12 162
6 8 13 32 299
8 6 13 32 299
6 8 32 13 299
8 6 32 13 299
6 8 14 31 501
8 6 14 31 501
6 8 31 14 501
8 6 31 14 501
6 8 15 30 787
8 6 15 30 787
6 8 30 15 787
8 6 30 15 787
6 8 16 29 1150
8 6 16 29 1150
6 8 29 16 1150
8 6 29 16 1150
6 8 17 28 1584
8 6 17 28 1584
6 8 28 17 1584
8 6 28 17 1584
6 8 18 27 2053
8 6 18 27 2053
6 8 27 18 2053
8 6 27 18 2053
6 8 19 26 2524
8 6 19 26 2524
6 8 26 19 2524
8 6 26 19 2524
6 8 20 25 2939
8 6 20 25 2939
6 8 25 20 2939
8 6 25 20 2939
6 8 21 24 3252
8 6 21 24 3252
6 8 24 21 3252
8 6 24 21 3252
6 8 22 23 3418
8 6 22 23 3418
6 8 23 22 3418
8 6 23 22 3418
4 10 4 41 0
10 4 4 41 0
4 10 41 4 0
10 4 41 4 0
4 10 5 40 0
10 4 5 40 0
4 10 40 5 0
10 4 40 5 0
5 9 4 41 0
9 5 4 41 0
5 9 41 4 0
9 5 41 4 0
5 9 5 40 0
9 5 5 40 0
5 9 40 5 0
9 5 40 5 0
6 8 4 41 0
8 6 4 41 0
6 8 41 4 0
8 6 41 4 0
6 8 5 40 0
8 6 5 40 0
6 8 40 5 0
8 6 40 5 0
6 8 6 39 0
8 6 6 39 0
6 8 39 6 0
8 6 39 6 0
7 7 4 41 0
7 7 41 4 0
7 7 5 40 0
7 7 40 5 0
7 7 6 39 0
7 7 39 6 0
7 7 7 38 1
7 7 38 7 1
7 7 8 37 5
7 7 37 8 5
7 7 9 36 17
7 7 36 9 17
7 7 10 35 44
7 7 35 10 44
7 7 11 34 100
7 7 34 11 100
7 7 12 33 199
7 7 33 12 199
7 7 13 32 362
7 7 32 13 362
7 7 14 31 603
7 7 31 14 603
7 7 15 30 939
7 7 30 15 939
7 7 16 29 1365
7 7 29 16 1365
7 7 17 28 1869
7 7 28 17 1869
7 7 18 27 2414
7 7 27 18 2414
7 7 19 26 2957
7 7 26 19 2957
7 7 20 25 3436
7 7 25 20 3436
7 7 21 24 3795
7 7 24 21 3795
7 7 22 23 3986
7 7 23 22 3986
6 8 3 42 0
8 6 3 42 0
6 8 42 3 0
8 6 42 3 0
7 7 3 42 0
7 7 42 3 0
