17 23 52 71 0
23 17 52 71 0
17 23 71 52 0
23 17 71 52 0
17 23 53 70 0
23 17 53 70 0
17 23 70 53 0
23 17 70 53 0
17 23 54 69 0
23 17 54 69 0
17 23 69 54 0
23 17 69 54 0
17 23 55 68 0
23 17 55 68 0
17 23 68 55 0
23 17 68 55 0
17 23 56 67 0
23 17 56 67 0
17 23 67 56 0
23 17 67 56 0
17 23 57 66 0
23 17 57 66 0
17 23 66 57 0
23 17 66 57 0
17 23 58 65 0
23 17 58 65 0
17 23 65 58 0
23 17 65 58 0
17 23 59 64 0
23 17 59 64 0
17 23 64 59 0
23 17 64 59 0
17 23 60 63 0
23 17 60 63 0
17 23 63 60 0
23 17 63 60 0
17 23 61 62 0
23 17 61 62 0
17 23 62 61 0
23 17 62 61 0
18 22 52 71 0
22 18 52 71 0
18 22 71 52 0
22 18 71 52 0
18 22 53 70 0
22 18 53 70 0
18 22 70 53 0
22 18 70 53 0
18 22 54 69 0
22 18 54 69 0
18 22 69 54 0
22 18 69 54 0
18 22 55 68 0
22 18 55 68 0
18 22 68 55 0
22 18 68 55 0
18 22 56 67 0
22 18 56 67 0
18 22 67 56 0
22 18 67 56 0
18 22 57 66 0
22 18 57 66 0
18 22 66 57 0
22 18 66 57 0
18 22 58 65 0
22 18 58 65 0
18 22 65 58 0
22 18 65 58 0
18 22 59 64 0
22 18 59 64 0
18 22 64 59 0
22 18 64 59 0
18 22 60 63 0
22 18 60 63 0
18 22 63 60 0
22 18 63 60 0
18 22 61 62 0
22 18 61 62 0
18 22 62 61 0
22 18 62 61 0
19 21 52 71 0
21 19 52 71 0
19 21 71 52 0
21 19 71 52 0
19 21 53 70 0
21 19 53 70 0
19 21 70 53 0
21 19 70 53 0
19 21 54 69 0
21 19 54 69 0
19 21 69 54 0
21 19 69 54 0
19 21 55 68 0
21 19 55 68 0
19 21 68 55 0
21 19 68 55 0
19 21 56 67 0
21 19 56 67 0
19 21 67 56 0
21 19 67 56 0
19 21 57 66 0
21 19 57 66 0
19 21 66 57 0
21 19 66 57 0
19 21 58 65 0
21 19 58 65 0
19 21 65 58 0
21 19 65 58 0
19 21 59 64 0
21 19 59 64 0
19 21 64 59 0
21 19 64 59 0
19 21 60 63 0
21 19 60 63 0
19 21 63 60 0
21 19 63 60 0
19 21 61 62 0
21 19 61 62 0
19 21 62 61 0
21 19 62 61 0
18 22 51 72 0
22 18 51 72 0
18 22 72 51 0
22 18 72 51 0
19 21 51 72 0
21 19 51 72 0
19 21 72 51 0
21 19 72 51 0
20 20 51 72 0
20 20 72 51 0
20 20 52 71 0
20 20 71 52 0
20 20 53 70 0
20 20 70 53 0
20 20 54 69 0
20 20 69 54 0
20 20 55 68 0
20 20 68 55 0
20 20 56 67 0
20 20 67 56 0
20 20 57 66 0
20 20 66 57 0
20 20 58 65 0
20 20 65 58 0
20 20 59 64 0
20 20 64 59 0
20 20 60 63 0
20 20 63 60 0
20 20 61 62 0
20 20 62 61 0
