11 23 43 62 0
23 11 43 62 0
11 23 62 43 0
23 11 62 43 0
11 23 44 61 0
23 11 44 61 0
11 23 61 44 0
23 11 61 44 0
11 23 45 60 0
23 11 45 60 0
11 23 60 45 0
23 11 60 45 0
11 23 46 59 0
23 11 46 59 0
11 23 59 46 0
23 11 59 46 0
11 23 47 58 0
23 11 47 58 0
11 23 58 47 0
23 11 58 47 0
11 23 48 57 0
23 11 48 57 0
11 23 57 48 0
23 11 57 48 0
11 23 49 56 0
23 11 49 56 0
11 23 56 49 0
23 11 56 49 0
11 23 50 55 0
23 11 50 55 0
11 23 55 50 0
23 11 55 50 0
11 23 51 54 0
23 11 51 54 0
11 23 54 51 0
23 11 54 51 0
11 23 52 53 0
23 11 52 53 0
11 23 53 52 0
23 11 53 52 0
12 22 43 62 0
22 12 43 62 0
12 22 62 43 0
22 12 62 43 0
12 22 44 61 0
22 12 44 61 0
12 22 61 44 0
22 12 61 44 0
12 22 45 60 0
22 12 45 60 0
12 22 60 45 0
22 12 60 45 0
12 22 46 59 0
22 12 46 59 0
12 22 59 46 0
22 12 59 46 0
12 22 47 58 0
22 12 47 58 0
12 22 58 47 0
22 12 58 47 0
12 22 48 57 0
22 12 48 57 0
12 22 57 48 0
22 12 57 48 0
12 22 49 56 0
22 12 49 56 0
12 22 56 49 0
22 12 56 49 0
12 22 50 55 0
22 12 50 55 0
12 22 55 50 0
22 12 55 50 0
12 22 51 54 0
22 12 51 54 0
12 22 54 51 0
22 12 54 51 0
12 22 52 53 0
22 12 52 53 0
12 22 53 52 0
22 12 53 52 0
13 21 43 62 0
21 13 43 62 0
13 21 62 43 0
21 13 62 43 0
13 21 44 61 0
21 13 44 61 0
13 21 61 44 0
21 13 61 44 0
13 21 45 60 0
21 13 45 60 0
13 21 60 45 0
21 13 60 45 0
13 21 46 59 0
21 13 46 59 0
13 21 59 46 0
21 13 59 46 0
13 21 47 58 0
21 13 47 58 0
13 21 58 47 0
21 13 58 47 0
13 21 48 57 0
21 13 48 57 0
13 21 57 48 0
21 13 57 48 0
13 21 49 56 0
21 13 49 56 0
13 21 56 49 0
21 13 56 49 0
13 21 50 55 0
21 13 50 55 0
13 21 55 50 0
21 13 55 50 0
13 21 51 54 0
21 13 51 54 0
13 21 54 51 0
21 13 54 51 0
13 21 52 53 0
21 13 52 53 0
13 21 53 52 0
21 13 53 52 0
12 22 39 66 0
22 12 39 66 0
12 22 66 39 0
22 12 66 39 0
12 22 40 65 0
22 12 40 65 0
12 22 65 40 0
22 12 65 40 0
12 22 41 64 0
22 12 41 64 0
12 22 64 41 0
22 12 64 41 0
12 22 42 63 0
22 12 42 63 0
12 22 63 42 0
22 12 63 42 0
13 21 39 66 0
21 13 39 66 0
13 21 66 39 0
21 13 66 39 0
13 21 40 65 0
21 13 40 65 0
13 21 65 40 0
21 13 65 40 0
13 21 41 64 0
21 13 41 64 0
13 21 64 41 0
21 13 64 41 0
13 21 42 63 0
21 13 42 63 0
13 21 63 42 0
21 13 63 42 0
14 20 39 66 0
20 14 39 66 0
14 20 66 39 0
20 14 66 39 0
14 20 40 65 0
20 14 40 65 0
14 20 65 40 0
20 14 65 40 0
14 20 41 64 0
20 14 41 64 0
14 20 64 41 0
20 14 64 41 0
14 20 42 63 0
20 14 42 63 0
14 20 63 42 0
20 14 63 42 0
14 20 43 62 0
20 14 43 62 0
14 20 62 43 0
20 14 62 43 0
14 20 44 61 0
20 14 44 61 0
14 20 61 44 0
20 14 61 44 0
14 20 45 60 0
20 14 45 60 0
14 20 60 45 0
20 14 60 45 0
14 20 46 59 0
20 14 46 59 0
14 20 59 46 0
20 14 59 46 0
14 20 47 58 0
20 14 47 58 0
14 20 58 47 0
20 14 58 47 0
14 20 48 57 1
20 14 48 57 1
14 20 57 48 1
20 14 57 48 1
14 20 49 56 1
20 14 49 56 1
14 20 56 49 1
20 14 56 49 1
14 20 50 55 2
20 14 50 55 2
14 20 55 50 2
20 14 55 50 2
14 20 51 54 3
20 14 51 54 3
14 20 54 51 3
20 14 54 51 3
14 20 52 53 3
20 14 52 53 3
14 20 53 52 3
20 14 53 52 3
13 21 37 68 0
21 13 37 68 0
13 21 68 37 0
21 13 68 37 0
13 21 38 67 0
21 13 38 67 0
13 21 67 38 0
21 13 67 38 0
14 20 37 68 0
20 14 37 68 0
14 20 68 37 0
20 14 68 37 0
14 20 38 67 0
20 14 38 67 0
14 20 67 38 0
20 14 67 38 0
15 19 37 68 0
19 15 37 68 0
15 19 68 37 0
19 15 68 37 0
15 19 38 67 0
19 15 38 67 0
15 19 67 38 0
19 15 67 38 0
15 19 39 66 0
19 15 39 66 0
15 19 66 39 0
19 15 66 39 0
15 19 40 65 0
19 15 40 65 0
15 19 65 40 0
19 15 65 40 0
15 19 41 64 0
19 15 41 64 0
15 19 64 41 0
19 15 64 41 0
15 19 42 63 0
19 15 42 63 0
15 19 63 42 0
19 15 63 42 0
15 19 43 62 0
19 15 43 62 0
15 19 62 43 0
19 15 62 43 0
15 19 44 61 0
19 15 44 61 0
15 19 61 44 0
19 15 61 44 0
15 19 45 60 0
19 15 45 60 0
15 19 60 45 0
19 15 60 45 0
15 19 46 59 1
19 15 46 59 1
15 19 59 46 1
19 15 59 46 1
15 19 47 58 2
19 15 47 58 2
15 19 58 47 2
19 15 58 47 2
15 19 48 57 4
19 15 48 57 4
15 19 57 48 4
19 15 57 48 4
15 19 49 56 6
19 15 49 56 6
15 19 56 49 6
19 15 56 49 6
15 19 50 55 9
19 15 50 55 9
15 19 55 50 9
19 15 55 50 9
15 19 51 54 11
19 15 51 54 11
15 19 54 51 11
19 15 54 51 11
15 19 52 53 12
19 15 52 53 12
15 19 53 52 12
19 15 53 52 12
16 18 37 68 0
18 16 37 68 0
16 18 68 37 0
18 16 68 37 0
16 18 38 67 0
18 16 38 67 0
16 18 67 38 0
18 16 67 38 0
16 18 39 66 0
18 16 39 66 0
16 18 66 39 0
18 16 66 39 0
16 18 40 65 0
18 16 40 65 0
16 18 65 40 0
18 16 65 40 0
16 18 41 64 0
18 16 41 64 0
16 18 64 41 0
18 16 64 41 0
16 18 42 63 0
18 16 42 63 0
16 18 63 42 0
18 16 63 42 0
16 18 43 62 0
18 16 43 62 0
16 18 62 43 0
18 16 62 43 0
16 18 44 61 1
18 16 44 61 1
16 18 61 44 1
18 16 61 44 1
16 18 45 60 2
18 16 45 60 2
16 18 60 45 2
18 16 60 45 2
16 18 46 59 5
18 16 46 59 5
16 18 59 46 5
18 16 59 46 5
16 18 47 58 8
18 16 47 58 8
16 18 58 47 8
18 16 58 47 8
16 18 48 57 13
18 16 48 57 13
16 18 57 48 13
18 16 57 48 13
16 18 49 56 18
18 16 49 56 18
16 18 56 49 18
18 16 56 49 18
16 18 50 55 24
18 16 50 55 24
16 18 55 50 24
18 16 55 50 24
16 18 51 54 28
18 16 51 54 28
16 18 54 51 28
18 16 54 51 28
16 18 52 53 30
18 16 52 53 30
16 18 53 52 30
18 16 53 52 30
17 17 39 66 0
17 17 66 39 0
17 17 40 65 0
17 17 65 40 0
17 17 41 64 0
17 17 64 41 0
17 17 42 63 0
17 17 63 42 0
17 17 43 62 0
17 17 62 43 0
17 17 44 61 1
17 17 61 44 1
17 17 45 60 3
17 17 60 45 3
17 17 46 59 6
17 17 59 46 6
17 17 47 58 10
17 17 58 47 10
17 17 48 57 16
17 17 57 48 16
17 17 49 56 22
17 17 56 49 22
17 17 50 55 29
17 17 55 50 29
17 17 51 54 34
17 17 54 51 34
17 17 52 53 36
17 17 53 52 36
14 20 36 69 0
20 14 36 69 0
14 20 69 36 0
20 14 69 36 0
15 19 36 69 0
19 15 36 69 0
15 19 69 36 0
19 15 69 36 0
16 18 36 69 0
18 16 36 69 0
16 18 69 36 0
18 16 69 36 0
15 19 35 70 0
19 15 35 70 0
15 19 70 35 0
19 15 70 35 0
16 18 35 70 0
18 16 35 70 0
16 18 70 35 0
18 16 70 35 0
17 17 35 70 0
17 17 70 35 0
17 17 36 69 0
17 17 69 36 0
17 17 37 68 0
17 17 68 37 0
17 17 38 67 0
17 17 67 38 0
