2 17 7 13 0
17 2 7 13 0
2 17 13 7 0
17 2 13 7 0
2 17 8 12 0
17 2 8 12 0
2 17 12 8 0
17 2 12 8 0
2 17 9 11 0
17 2 9 11 0
2 17 11 9 0
17 2 11 9 0
3 16 7 13 0
16 3 7 13 0
3 16 13 7 0
16 3 13 7 0
3 16 8 12 0
16 3 8 12 0
3 16 12 8 0
16 3 12 8 0
3 16 9 11 0
16 3 9 11 0
3 16 11 9 0
16 3 11 9 0
2 17 10 10 0
17 2 10 10 0
3 16 10 10 0
16 3 10 10 0
3 16 6 14 0
16 3 6 14 0
3 16 14 6 0
16 3 14 6 0
4 15 6 14 0
15 4 6 14 0
4 15 14 6 0
15 4 14 6 0
4 15 7 13 0
15 4 7 13 0
4 15 13 7 0
15 4 13 7 0
4 15 8 12 0
15 4 8 12 0
4 15 12 8 0
15 4 12 8 0
4 15 9 11 0
15 4 9 11 0
4 15 11 9 0
15 4 11 9 0
4 15 10 10 0
15 4 10 10 0
5 14 6 14 0
14 5 6 14 0
5 14 14 6 0
14 5 14 6 0
5 14 7 13 0
14 5 7 13 0
5 14 13 7 0
14 5 13 7 0
5 14 8 12 0
14 5 8 12 0
5 14 12 8 0
14 5 12 8 0
5 14 9 11 0
14 5 9 11 0
5 14 11 9 0
14 5 11 9 0
5 14 10 10 0
14 5 10 10 0
6 13 6 14 0
13 6 6 14 0
6 13 14 6 0
13 6 14 6 0
6 13 7 13 0
13 6 7 13 0
6 13 13 7 0
13 6 13 7 0
6 13 8 12 0
13 6 8 12 0
6 13 12 8 0
13 6 12 8 0
6 13 9 11 0
13 6 9 11 0
6 13 11 9 0
13 6 11 9 0
6 13 10 10 0
13 6 10 10 0
7 12 7 13 0
12 7 7 13 0
7 12 13 7 0
12 7 13 7 0
7 12 8 12 0
12 7 8 12 0
7 12 12 8 0
12 7 12 8 0
7 12 9 11 0
12 7 9 11 0
7 12 11 9 0
12 7 11 9 0
7 12 10 10 0
12 7 10 10 0
4 15 4 16 0
15 4 4 16 0
4 15 16 4 0
15 4 16 4 0
4 15 5 15 0
15 4 5 15 0
4 15 15 5 0
15 4 15 5 0
5 14 4 16 0
14 5 4 16 0
5 14 16 4 0
14 5 16 4 0
5 14 5 15 0
14 5 5 15 0
5 14 15 5 0
14 5 15 5 0
6 13 4 16 0
13 6 4 16 0
6 13 16 4 0
13 6 16 4 0
6 13 5 15 0
13 6 5 15 0
6 13 15 5 0
13 6 15 5 0
6 13 3 17 0
13 6 3 17 0
6 13 17 3 0
13 6 17 3 0
7 12 3 17 0
12 7 3 17 0
7 12 17 3 0
12 7 17 3 0
7 12 4 16 0
12 7 4 16 0
7 12 16 4 0
12 7 16 4 0
7 12 5 15 0
12 7 5 15 0
7 12 15 5 0
12 7 15 5 0
7 12 6 14 0
12 7 6 14 0
7 12 14 6 0
12 7 14 6 0
8 11 4 16 0
11 8 4 16 0
8 11 16 4 0
11 8 16 4 0
8 11 5 15 0
11 8 5 15 0
8 11 15 5 0
11 8 15 5 0
8 11 6 14 0
11 8 6 14 0
8 11 14 6 0
11 8 14 6 0
8 11 7 13 0
11 8 7 13 0
8 11 13 7 0
11 8 13 7 0
8 11 8 12 0
11 8 8 12 0
8 11 12 8 0
11 8 12 8 0
8 11 9 11 0
11 8 9 11 0
8 11 11 9 0
11 8 11 9 0
8 11 10 10 0
11 8 10 10 0
9 10 4 16 0
10 9 4 16 0
9 10 16 4 0
10 9 16 4 0
9 10 5 15 0
10 9 5 15 0
9 10 15 5 0
10 9 15 5 0
9 10 6 14 0
10 9 6 14 0
9 10 14 6 0
10 9 14 6 0
9 10 7 13 0
10 9 7 13 0
9 10 13 7 0
10 9 13 7 0
9 10 8 12 0
10 9 8 12 0
9 10 12 8 0
10 9 12 8 0
9 10 9 11 0
10 9 9 11 0
9 10 11 9 0
10 9 11 9 0
9 10 10 10 0
10 9 10 10 0
7 12 2 18 0
12 7 2 18 0
7 12 18 2 0
12 7 18 2 0
8 11 2 18 0
11 8 2 18 0
8 11 18 2 0
11 8 18 2 0
8 11 3 17 0
11 8 3 17 0
8 11 17 3 0
11 8 17 3 0
9 10 3 17 0
10 9 3 17 0
9 10 17 3 0
10 9 17 3 0
9 10 2 18 0
10 9 2 18 0
9 10 18 2 0
10 9 18 2 0
