12 28 18 23 0
28 12 18 23 0
12 28 23 18 0
28 12 23 18 0
12 28 19 22 0
28 12 19 22 0
12 28 22 19 0
28 12 22 19 0
12 28 20 21 0
28 12 20 21 0
12 28 21 20 0
28 12 21 20 0
13 27 18 23 0
27 13 18 23 0
13 27 23 18 0
27 13 23 18 0
13 27 19 22 0
27 13 19 22 0
13 27 22 19 0
27 13 22 19 0
13 27 20 21 0
27 13 20 21 0
13 27 21 20 0
27 13 21 20 0
14 26 18 23 0
26 14 18 23 0
14 26 23 18 0
26 14 23 18 0
14 26 19 22 0
26 14 19 22 0
14 26 22 19 0
26 14 22 19 0
14 26 20 21 0
26 14 20 21 0
14 26 21 20 0
26 14 21 20 0
15 25 18 23 0
25 15 18 23 0
15 25 23 18 0
25 15 23 18 0
15 25 19 22 0
25 15 19 22 0
15 25 22 19 0
25 15 22 19 0
15 25 20 21 0
25 15 20 21 0
15 25 21 20 0
25 15 21 20 0
16 24 18 23 0
24 16 18 23 0
16 24 23 18 0
24 16 23 18 0
16 24 19 22 0
24 16 19 22 0
16 24 22 19 0
24 16 22 19 0
16 24 20 21 0
24 16 20 21 0
16 24 21 20 0
24 16 21 20 0
13 27 15 26 0
27 13 15 26 0
13 27 26 15 0
27 13 26 15 0
13 27 16 25 0
27 13 16 25 0
13 27 25 16 0
27 13 25 16 0
13 27 17 24 0
27 13 17 24 0
13 27 24 17 0
27 13 24 17 0
14 26 15 26 0
26 14 15 26 0
14 26 26 15 0
26 14 26 15 0
14 26 16 25 0
26 14 16 25 0
14 26 25 16 0
26 14 25 16 0
14 26 17 24 0
26 14 17 24 0
14 26 24 17 0
26 14 24 17 0
15 25 15 26 0
25 15 15 26 0
15 25 26 15 0
25 15 26 15 0
15 25 16 25 0
25 15 16 25 0
15 25 25 16 0
25 15 25 16 0
15 25 17 24 0
25 15 17 24 0
15 25 24 17 0
25 15 24 17 0
16 24 15 26 0
24 16 15 26 0
16 24 26 15 0
24 16 26 15 0
16 24 16 25 0
24 16 16 25 0
16 24 25 16 0
24 16 25 16 0
16 24 17 24 0
24 16 17 24 0
16 24 24 17 0
24 16 24 17 0
17 23 15 26 0
23 17 15 26 0
17 23 26 15 0
23 17 26 15 0
17 23 16 25 0
23 17 16 25 0
17 23 25 16 0
23 17 25 16 0
17 23 17 24 0
23 17 17 24 0
17 23 24 17 0
23 17 24 17 0
17 23 18 23 0
23 17 18 23 0
17 23 23 18 0
23 17 23 18 0
17 23 19 22 1
23 17 19 22 1
17 23 22 19 1
23 17 22 19 1
17 23 20 21 2
23 17 20 21 2
17 23 21 20 2
23 17 21 20 2
14 26 14 27 0
26 14 14 27 0
14 26 27 14 0
26 14 27 14 0
15 25 14 27 0
25 15 14 27 0
15 25 27 14 0
25 15 27 14 0
16 24 14 27 0
24 16 14 27 0
16 24 27 14 0
24 16 27 14 0
17 23 14 27 0
23 17 14 27 0
17 23 27 14 0
23 17 27 14 0
18 22 14 27 0
22 18 14 27 0
18 22 27 14 0
22 18 27 14 0
18 22 15 26 0
22 18 15 26 0
18 22 26 15 0
22 18 26 15 0
18 22 16 25 0
22 18 16 25 0
18 22 25 16 0
22 18 25 16 0
18 22 17 24 0
22 18 17 24 0
18 22 24 17 0
22 18 24 17 0
18 22 18 23 1
22 18 18 23 1
18 22 23 18 1
22 18 23 18 1
18 22 19 22 3
22 18 19 22 3
18 22 22 19 3
22 18 22 19 3
18 22 20 21 5
22 18 20 21 5
18 22 21 20 5
22 18 21 20 5
19 21 15 26 0
21 19 15 26 0
19 21 26 15 0
21 19 26 15 0
19 21 16 25 0
21 19 16 25 0
19 21 25 16 0
21 19 25 16 0
19 21 17 24 0
21 19 17 24 0
19 21 24 17 0
21 19 24 17 0
19 21 18 23 2
21 19 18 23 2
19 21 23 18 2
21 19 23 18 2
19 21 19 22 5
21 19 19 22 5
19 21 22 19 5
21 19 22 19 5
19 21 20 21 8
21 19 20 21 8
19 21 21 20 8
21 19 21 20 8
20 20 18 23 3
20 20 23 18 3
20 20 19 22 7
20 20 22 19 7
20 20 20 21 11
20 20 21 20 11
15 25 13 28 0
25 15 13 28 0
15 25 28 13 0
25 15 28 13 0
16 24 13 28 0
24 16 13 28 0
16 24 28 13 0
24 16 28 13 0
17 23 13 28 0
23 17 13 28 0
17 23 28 13 0
23 17 28 13 0
18 22 13 28 0
22 18 13 28 0
18 22 28 13 0
22 18 28 13 0
19 21 13 28 0
21 19 13 28 0
19 21 28 13 0
21 19 28 13 0
19 21 14 27 0
21 19 14 27 0
19 21 27 14 0
21 19 27 14 0
20 20 13 28 0
20 20 28 13 0
20 20 14 27 0
20 20 27 14 0
20 20 15 26 0
20 20 26 15 0
20 20 16 25 0
20 20 25 16 0
20 20 17 24 0
20 20 24 17 0
18 22 12 29 0
22 18 12 29 0
18 22 29 12 0
22 18 29 12 0
19 21 12 29 0
21 19 12 29 0
19 21 29 12 0
21 19 29 12 0
20 20 12 29 0
20 20 29 12 0
