1 15 6 11 0
15 1 6 11 0
1 15 11 6 0
15 1 11 6 0
1 15 7 10 0
15 1 7 10 0
1 15 10 7 0
15 1 10 7 0
1 15 8 9 0
15 1 8 9 0
1 15 9 8 0
15 1 9 8 0
2 14 6 11 0
14 2 6 11 0
2 14 11 6 0
14 2 11 6 0
2 14 7 10 0
14 2 7 10 0
2 14 10 7 0
14 2 10 7 0
2 14 8 9 0
14 2 8 9 0
2 14 9 8 0
14 2 9 8 0
3 13 6 11 1
13 3 6 11 1
3 13 11 6 1
13 3 11 6 1
3 13 7 10 1
13 3 7 10 1
3 13 10 7 1
13 3 10 7 1
3 13 8 9 1
13 3 8 9 1
3 13 9 8 1
13 3 9 8 1
4 12 6 11 1
12 4 6 11 1
4 12 11 6 1
12 4 11 6 1
4 12 7 10 2
12 4 7 10 2
4 12 10 7 2
12 4 10 7 2
4 12 8 9 2
12 4 8 9 2
4 12 9 8 2
12 4 9 8 2
2 14 4 13 0
14 2 4 13 0
2 14 13 4 0
14 2 13 4 0
2 14 5 12 0
14 2 5 12 0
2 14 12 5 0
14 2 12 5 0
3 13 4 13 0
13 3 4 13 0
3 13 13 4 0
13 3 13 4 0
3 13 5 12 0
13 3 5 12 0
3 13 12 5 0
13 3 12 5 0
3 13 3 14 0
13 3 3 14 0
3 13 14 3 0
13 3 14 3 0
4 12 3 14 0
12 4 3 14 0
4 12 14 3 0
12 4 14 3 0
4 12 4 13 0
12 4 4 13 0
4 12 13 4 0
12 4 13 4 0
4 12 5 12 0
12 4 5 12 0
4 12 12 5 0
12 4 12 5 0
5 11 3 14 0
11 5 3 14 0
5 11 14 3 0
11 5 14 3 0
5 11 4 13 0
11 5 4 13 0
5 11 13 4 0
11 5 13 4 0
5 11 5 12 0
11 5 5 12 0
5 11 12 5 0
11 5 12 5 0
5 11 6 11 2
11 5 6 11 2
5 11 11 6 2
11 5 11 6 2
5 11 7 10 4
11 5 7 10 4
5 11 10 7 4
11 5 10 7 4
5 11 8 9 5
11 5 8 9 5
5 11 9 8 5
11 5 9 8 5
6 10 3 14 0
10 6 3 14 0
6 10 14 3 0
10 6 14 3 0
6 10 4 13 0
10 6 4 13 0
6 10 13 4 0
10 6 13 4 0
6 10 5 12 0
10 6 5 12 0
6 10 12 5 0
10 6 12 5 0
6 10 6 11 2
10 6 6 11 2
6 10 11 6 2
10 6 11 6 2
6 10 7 10 5
10 6 7 10 5
6 10 10 7 5
10 6 10 7 5
6 10 8 9 7
10 6 8 9 7
6 10 9 8 7
10 6 9 8 7
7 9 4 13 0
9 7 4 13 0
7 9 13 4 0
9 7 13 4 0
7 9 5 12 0
9 7 5 12 0
7 9 12 5 0
9 7 12 5 0
7 9 6 11 3
9 7 6 11 3
7 9 11 6 3
9 7 11 6 3
7 9 7 10 7
9 7 7 10 7
7 9 10 7 7
9 7 10 7 7
7 9 8 9 10
9 7 8 9 10
7 9 9 8 10
9 7 9 8 10
4 12 2 15 0
12 4 2 15 0
4 12 15 2 0
12 4 15 2 0
5 11 2 15 0
11 5 2 15 0
5 11 15 2 0
11 5 15 2 0
6 10 2 15 0
10 6 2 15 0
6 10 15 2 0
10 6 15 2 0
6 10 1 16 0
10 6 1 16 0
6 10 16 1 0
10 6 16 1 0
7 9 1 16 0
9 7 1 16 0
7 9 16 1 0
9 7 16 1 0
7 9 2 15 0
9 7 2 15 0
7 9 15 2 0
9 7 15 2 0
7 9 3 14 0
9 7 3 14 0
7 9 14 3 0
9 7 14 3 0
8 8 2 15 0
8 8 15 2 0
8 8 3 14 0
8 8 14 3 0
8 8 4 13 0
8 8 13 4 0
8 8 5 12 0
8 8 12 5 0
8 8 6 11 3
8 8 11 6 3
8 8 7 10 7
8 8 10 7 7
8 8 8 9 10
8 8 9 8 10
8 8 1 16 0
8 8 16 1 0
