0 10 3 8 0
10 0 3 8 0
0 10 8 3 0
10 0 8 3 0
0 10 4 7 0
10 0 4 7 0
0 10 7 4 0
10 0 7 4 0
0 10 5 6 0
10 0 5 6 0
0 10 6 5 0
10 0 6 5 0
1 9 3 8 1
9 1 3 8 1
1 9 8 3 1
9 1 8 3 1
1 9 4 7 2
9 1 4 7 2
1 9 7 4 2
9 1 7 4 2
1 9 5 6 3
9 1 5 6 3
1 9 6 5 3
9 1 6 5 3
1 9 1 10 0
9 1 1 10 0
1 9 10 1 0
9 1 10 1 0
1 9 2 9 0
9 1 2 9 0
1 9 9 2 0
9 1 9 2 0
2 8 1 10 0
8 2 1 10 0
2 8 10 1 0
8 2 10 1 0
2 8 2 9 1
8 2 2 9 1
2 8 9 2 1
8 2 9 2 1
2 8 3 8 4
8 2 3 8 4
2 8 8 3 4
8 2 8 3 4
2 8 4 7 8
8 2 4 7 8
2 8 7 4 8
8 2 7 4 8
2 8 5 6 11
8 2 5 6 11
2 8 6 5 11
8 2 6 5 11
3 7 1 10 0
7 3 1 10 0
3 7 10 1 0
7 3 10 1 0
3 7 2 9 2
7 3 2 9 2
3 7 9 2 2
7 3 9 2 2
3 7 3 8 8
7 3 3 8 8
3 7 8 3 8
7 3 8 3 8
3 7 4 7 16
7 3 4 7 16
3 7 7 4 16
7 3 7 4 16
3 7 5 6 22
7 3 5 6 22
3 7 6 5 22
7 3 6 5 22
4 6 1 10 0
6 4 1 10 0
4 6 10 1 0
6 4 10 1 0
4 6 2 9 4
6 4 2 9 4
4 6 9 2 4
6 4 9 2 4
4 6 3 8 13
6 4 3 8 13
4 6 8 3 13
6 4 8 3 13
4 6 4 7 26
6 4 4 7 26
4 6 7 4 26
6 4 7 4 26
4 6 5 6 35
6 4 5 6 35
4 6 6 5 35
6 4 6 5 35
3 7 0 11 0
7 3 0 11 0
3 7 11 0 0
7 3 11 0 0
4 6 0 11 0
6 4 0 11 0
4 6 11 0 0
6 4 11 0 0
5 5 0 11 0
5 5 11 0 0
5 5 1 10 0
5 5 10 1 0
5 5 2 9 4
5 5 9 2 4
5 5 3 8 14
5 5 8 3 14
5 5 4 7 28
5 5 7 4 28
5 5 5 6 38
5 5 6 5 38
