3 22 9 17 0
22 3 9 17 0
3 22 17 9 0
22 3 17 9 0
3 22 10 16 0
22 3 10 16 0
3 22 16 10 0
22 3 16 10 0
3 22 11 15 0
22 3 11 15 0
3 22 15 11 0
22 3 15 11 0
3 22 12 14 0
22 3 12 14 0
3 22 14 12 0
22 3 14 12 0
3 22 13 13 0
22 3 13 13 0
4 21 9 17 0
21 4 9 17 0
4 21 17 9 0
21 4 17 9 0
4 21 10 16 0
21 4 10 16 0
4 21 16 10 0
21 4 16 10 0
4 21 11 15 0
21 4 11 15 0
4 21 15 11 0
21 4 15 11 0
4 21 12 14 0
21 4 12 14 0
4 21 14 12 0
21 4 14 12 0
4 21 13 13 0
21 4 13 13 0
5 20 9 17 0
20 5 9 17 0
5 20 17 9 0
20 5 17 9 0
5 20 10 16 0
20 5 10 16 0
5 20 16 10 0
20 5 16 10 0
5 20 11 15 0
20 5 11 15 0
5 20 15 11 0
20 5 15 11 0
5 20 12 14 0
20 5 12 14 0
5 20 14 12 0
20 5 14 12 0
5 20 13 13 0
20 5 13 13 0
6 19 9 17 0
19 6 9 17 0
6 19 17 9 0
19 6 17 9 0
6 19 10 16 0
19 6 10 16 0
6 19 16 10 0
19 6 16 10 0
6 19 11 15 0
19 6 11 15 0
6 19 15 11 0
19 6 15 11 0
6 19 12 14 1
19 6 12 14 1
6 19 14 12 1
19 6 14 12 1
6 19 13 13 1
19 6 13 13 1
7 18 9 17 1
18 7 9 17 1
7 18 17 9 1
18 7 17 9 1
7 18 10 16 3
18 7 10 16 3
7 18 16 10 3
18 7 16 10 3
7 18 11 15 6
18 7 11 15 6
7 18 15 11 6
18 7 15 11 6
7 18 12 14 10
18 7 12 14 10
7 18 14 12 10
18 7 14 12 10
7 18 13 13 11
18 7 13 13 11
4 21 7 19 0
21 4 7 19 0
4 21 19 7 0
21 4 19 7 0
4 21 8 18 0
21 4 8 18 0
4 21 18 8 0
21 4 18 8 0
5 20 7 19 0
20 5 7 19 0
5 20 19 7 0
20 5 19 7 0
5 20 8 18 0
20 5 8 18 0
5 20 18 8 0
20 5 18 8 0
6 19 7 19 0
19 6 7 19 0
6 19 19 7 0
19 6 19 7 0
6 19 8 18 0
19 6 8 18 0
6 19 18 8 0
19 6 18 8 0
7 18 7 19 0
18 7 7 19 0
7 18 19 7 0
18 7 19 7 0
7 18 8 18 0
18 7 8 18 0
7 18 18 8 0
18 7 18 8 0
8 17 7 19 0
17 8 7 19 0
8 17 19 7 0
17 8 19 7 0
8 17 8 18 1
17 8 8 18 1
8 17 18 8 1
17 8 18 8 1
8 17 9 17 5
17 8 9 17 5
8 17 17 9 5
17 8 17 9 5
8 17 10 16 14
17 8 10 16 14
8 17 16 10 14
17 8 16 10 14
8 17 11 15 26
17 8 11 15 26
8 17 15 11 26
17 8 15 11 26
8 17 12 14 39
17 8 12 14 39
8 17 14 12 39
17 8 14 12 39
8 17 13 13 43
17 8 13 13 43
9 16 7 19 1
16 9 7 19 1
9 16 19 7 1
16 9 19 7 1
9 16 8 18 6
16 9 8 18 6
9 16 18 8 6
16 9 18 8 6
9 16 9 17 19
16 9 9 17 19
9 16 17 9 19
16 9 17 9 19
9 16 10 16 44
16 9 10 16 44
9 16 16 10 44
16 9 16 10 44
9 16 11 15 76
16 9 11 15 76
9 16 15 11 76
16 9 15 11 76
9 16 12 14 106
16 9 12 14 106
9 16 14 12 106
16 9 14 12 106
9 16 13 13 117
16 9 13 13 117
6 19 6 20 0
19 6 6 20 0
6 19 20 6 0
19 6 20 6 0
7 18 6 20 0
18 7 6 20 0
7 18 20 6 0
18 7 20 6 0
8 17 6 20 0
17 8 6 20 0
8 17 20 6 0
17 8 20 6 0
9 16 6 20 0
16 9 6 20 0
9 16 20 6 0
16 9 20 6 0
10 15 6 20 0
15 10 6 20 0
10 15 20 6 0
15 10 20 6 0
10 15 7 19 2
15 10 7 19 2
10 15 19 7 2
15 10 19 7 2
10 15 8 18 13
15 10 8 18 13
10 15 18 8 13
15 10 18 8 13
10 15 9 17 40
15 10 9 17 40
10 15 17 9 40
15 10 17 9 40
10 15 10 16 89
15 10 10 16 89
10 15 16 10 89
15 10 16 10 89
10 15 11 15 149
15 10 11 15 149
10 15 15 11 149
15 10 15 11 149
10 15 12 14 204
15 10 12 14 204
10 15 14 12 204
15 10 14 12 204
10 15 13 13 224
15 10 13 13 224
11 14 7 19 6
14 11 7 19 6
11 14 19 7 6
14 11 19 7 6
11 14 8 18 25
14 11 8 18 25
11 14 18 8 25
14 11 18 8 25
11 14 9 17 69
14 11 9 17 69
11 14 17 9 69
14 11 17 9 69
11 14 10 16 144
14 11 10 16 144
11 14 16 10 144
14 11 16 10 144
11 14 11 15 235
14 11 11 15 235
11 14 15 11 235
14 11 15 11 235
11 14 12 14 316
14 11 12 14 316
11 14 14 12 316
14 11 14 12 316
11 14 13 13 346
14 11 13 13 346
12 13 7 19 8
13 12 7 19 8
12 13 19 7 8
13 12 19 7 8
12 13 8 18 32
13 12 8 18 32
12 13 18 8 32
13 12 18 8 32
12 13 9 17 87
13 12 9 17 87
12 13 17 9 87
13 12 17 9 87
12 13 10 16 179
13 12 10 16 179
12 13 16 10 179
13 12 16 10 179
12 13 11 15 290
13 12 11 15 290
12 13 15 11 290
13 12 15 11 290
12 13 12 14 387
13 12 12 14 387
12 13 14 12 387
13 12 14 12 387
12 13 13 13 423
13 12 13 13 423
5 20 6 20 0
20 5 6 20 0
5 20 20 6 0
20 5 20 6 0
6 19 5 21 0
19 6 5 21 0
6 19 21 5 0
19 6 21 5 0
7 18 5 21 0
18 7 5 21 0
7 18 21 5 0
18 7 21 5 0
8 17 5 21 0
17 8 5 21 0
8 17 21 5 0
17 8 21 5 0
9 16 5 21 0
16 9 5 21 0
9 16 21 5 0
16 9 21 5 0
10 15 5 21 0
15 10 5 21 0
10 15 21 5 0
15 10 21 5 0
7 18 4 22 0
18 7 4 22 0
7 18 22 4 0
18 7 22 4 0
8 17 4 22 0
17 8 4 22 0
8 17 22 4 0
17 8 22 4 0
9 16 4 22 0
16 9 4 22 0
9 16 22 4 0
16 9 22 4 0
10 15 4 22 0
15 10 4 22 0
10 15 22 4 0
15 10 22 4 0
11 14 4 22 0
14 11 4 22 0
11 14 22 4 0
14 11 22 4 0
11 14 5 21 0
14 11 5 21 0
11 14 21 5 0
14 11 21 5 0
11 14 6 20 1
14 11 6 20 1
11 14 20 6 1
14 11 20 6 1
12 13 5 21 0
13 12 5 21 0
12 13 21 5 0
13 12 21 5 0
12 13 6 20 1
13 12 6 20 1
12 13 20 6 1
13 12 20 6 1
12 13 4 22 0
13 12 4 22 0
12 13 22 4 0
13 12 22 4 0
9 16 3 23 0
16 9 3 23 0
9 16 23 3 0
16 9 23 3 0
10 15 3 23 0
15 10 3 23 0
10 15 23 3 0
15 10 23 3 0
11 14 3 23 0
14 11 3 23 0
11 14 23 3 0
14 11 23 3 0
12 13 3 23 0
13 12 3 23 0
12 13 23 3 0
13 12 23 3 0
