8 26 13 22 0
26 8 13 22 0
8 26 22 13 0
26 8 22 13 0
8 26 14 21 0
26 8 14 21 0
8 26 21 14 0
26 8 21 14 0
8 26 15 20 0
26 8 15 20 0
8 26 20 15 0
26 8 20 15 0
8 26 16 19 0
26 8 16 19 0
8 26 19 16 0
26 8 19 16 0
8 26 17 18 0
26 8 17 18 0
8 26 18 17 0
26 8 18 17 0
9 25 13 22 0
25 9 13 22 0
9 25 22 13 0
25 9 22 13 0
9 25 14 21 0
25 9 14 21 0
9 25 21 14 0
25 9 21 14 0
9 25 15 20 0
25 9 15 20 0
9 25 20 15 0
25 9 20 15 0
9 25 16 19 0
25 9 16 19 0
9 25 19 16 0
25 9 19 16 0
9 25 17 18 0
25 9 17 18 0
9 25 18 17 0
25 9 18 17 0
10 24 13 22 0
24 10 13 22 0
10 24 22 13 0
24 10 22 13 0
10 24 14 21 0
24 10 14 21 0
10 24 21 14 0
24 10 21 14 0
10 24 15 20 0
24 10 15 20 0
10 24 20 15 0
24 10 20 15 0
10 24 16 19 0
24 10 16 19 0
10 24 19 16 0
24 10 19 16 0
10 24 17 18 0
24 10 17 18 0
10 24 18 17 0
24 10 18 17 0
11 23 13 22 0
23 11 13 22 0
11 23 22 13 0
23 11 22 13 0
11 23 14 21 0
23 11 14 21 0
11 23 21 14 0
23 11 21 14 0
11 23 15 20 0
23 11 15 20 0
11 23 20 15 0
23 11 20 15 0
11 23 16 19 0
23 11 16 19 0
11 23 19 16 0
23 11 19 16 0
11 23 17 18 0
23 11 17 18 0
11 23 18 17 0
23 11 18 17 0
12 22 13 22 0
22 12 13 22 0
12 22 22 13 0
22 12 22 13 0
12 22 14 21 0
22 12 14 21 0
12 22 21 14 0
22 12 21 14 0
12 22 15 20 1
22 12 15 20 1
12 22 20 15 1
22 12 20 15 1
12 22 16 19 2
22 12 16 19 2
12 22 19 16 2
22 12 19 16 2
12 22 17 18 3
22 12 17 18 3
12 22 18 17 3
22 12 18 17 3
9 25 12 23 0
25 9 12 23 0
9 25 23 12 0
25 9 23 12 0
10 24 12 23 0
24 10 12 23 0
10 24 23 12 0
24 10 23 12 0
11 23 12 23 0
23 11 12 23 0
11 23 23 12 0
23 11 23 12 0
12 22 12 23 0
22 12 12 23 0
12 22 23 12 0
22 12 23 12 0
13 21 12 23 0
21 13 12 23 0
13 21 23 12 0
21 13 23 12 0
13 21 13 22 0
21 13 13 22 0
13 21 22 13 0
21 13 22 13 0
13 21 14 21 1
21 13 14 21 1
13 21 21 14 1
21 13 21 14 1
13 21 15 20 5
21 13 15 20 5
13 21 20 15 5
21 13 20 15 5
13 21 16 19 10
21 13 16 19 10
13 21 19 16 10
21 13 19 16 10
13 21 17 18 14
21 13 17 18 14
13 21 18 17 14
21 13 18 17 14
14 20 13 22 1
20 14 13 22 1
14 20 22 13 1
20 14 22 13 1
14 20 14 21 5
20 14 14 21 5
14 20 21 14 5
20 14 21 14 5
14 20 15 20 16
20 14 15 20 16
14 20 20 15 16
20 14 20 15 16
14 20 16 19 29
20 14 16 19 29
14 20 19 16 29
20 14 19 16 29
14 20 17 18 39
20 14 17 18 39
14 20 18 17 39
20 14 18 17 39
10 24 10 25 0
24 10 10 25 0
10 24 25 10 0
24 10 25 10 0
10 24 11 24 0
24 10 11 24 0
10 24 24 11 0
24 10 24 11 0
11 23 10 25 0
23 11 10 25 0
11 23 25 10 0
23 11 25 10 0
11 23 11 24 0
23 11 11 24 0
11 23 24 11 0
23 11 24 11 0
12 22 10 25 0
22 12 10 25 0
12 22 25 10 0
22 12 25 10 0
12 22 11 24 0
22 12 11 24 0
12 22 24 11 0
22 12 24 11 0
13 21 10 25 0
21 13 10 25 0
13 21 25 10 0
21 13 25 10 0
13 21 11 24 0
21 13 11 24 0
13 21 24 11 0
21 13 24 11 0
14 20 10 25 0
20 14 10 25 0
14 20 25 10 0
20 14 25 10 0
14 20 11 24 0
20 14 11 24 0
14 20 24 11 0
20 14 24 11 0
14 20 12 23 0
20 14 12 23 0
14 20 23 12 0
20 14 23 12 0
15 19 10 25 0
19 15 10 25 0
15 19 25 10 0
19 15 25 10 0
15 19 11 24 0
19 15 11 24 0
15 19 24 11 0
19 15 24 11 0
15 19 12 23 0
19 15 12 23 0
15 19 23 12 0
19 15 23 12 0
15 19 13 22 3
19 15 13 22 3
15 19 22 13 3
19 15 22 13 3
15 19 14 21 13
19 15 14 21 13
15 19 21 14 13
19 15 21 14 13
15 19 15 20 34
19 15 15 20 34
15 19 20 15 34
19 15 20 15 34
15 19 16 19 59
19 15 16 19 59
15 19 19 16 59
19 15 19 16 59
15 19 17 18 77
19 15 17 18 77
15 19 18 17 77
19 15 18 17 77
16 18 12 23 0
18 16 12 23 0
16 18 23 12 0
18 16 23 12 0
16 18 13 22 5
18 16 13 22 5
16 18 22 13 5
18 16 22 13 5
16 18 14 21 20
18 16 14 21 20
16 18 21 14 20
18 16 21 14 20
16 18 15 20 50
18 16 15 20 50
16 18 20 15 50
18 16 20 15 50
16 18 16 19 85
18 16 16 19 85
16 18 19 16 85
18 16 19 16 85
16 18 17 18 110
18 16 17 18 110
16 18 18 17 110
18 16 18 17 110
12 22 9 26 0
22 12 9 26 0
12 22 26 9 0
22 12 26 9 0
13 21 9 26 0
21 13 9 26 0
13 21 26 9 0
21 13 26 9 0
14 20 9 26 0
20 14 9 26 0
14 20 26 9 0
20 14 26 9 0
15 19 9 26 0
19 15 9 26 0
15 19 26 9 0
19 15 26 9 0
16 18 9 26 0
18 16 9 26 0
16 18 26 9 0
18 16 26 9 0
16 18 10 25 0
18 16 10 25 0
16 18 25 10 0
18 16 25 10 0
16 18 11 24 0
18 16 11 24 0
16 18 24 11 0
18 16 24 11 0
17 17 10 25 0
17 17 25 10 0
17 17 11 24 0
17 17 24 11 0
17 17 12 23 1
17 17 23 12 1
17 17 13 22 7
17 17 22 13 7
17 17 14 21 25
17 17 21 14 25
17 17 15 20 59
17 17 20 15 59
17 17 16 19 99
17 17 19 16 99
17 17 17 18 127
17 17 18 17 127
13 21 8 27 0
21 13 8 27 0
13 21 27 8 0
21 13 27 8 0
14 20 8 27 0
20 14 8 27 0
14 20 27 8 0
20 14 27 8 0
15 19 8 27 0
19 15 8 27 0
15 19 27 8 0
19 15 27 8 0
16 18 8 27 0
18 16 8 27 0
16 18 27 8 0
18 16 27 8 0
17 17 8 27 0
17 17 27 8 0
17 17 9 26 0
17 17 26 9 0
