4 24 12 17 0
24 4 12 17 0
4 24 17 12 0
24 4 17 12 0
4 24 13 16 0
24 4 13 16 0
4 24 16 13 0
24 4 16 13 0
4 24 14 15 0
24 4 14 15 0
4 24 15 14 0
24 4 15 14 0
5 23 12 17 0
23 5 12 17 0
5 23 17 12 0
23 5 17 12 0
5 23 13 16 0
23 5 13 16 0
5 23 16 13 0
23 5 16 13 0
5 23 14 15 0
23 5 14 15 0
5 23 15 14 0
23 5 15 14 0
6 22 12 17 0
22 6 12 17 0
6 22 17 12 0
22 6 17 12 0
6 22 13 16 0
22 6 13 16 0
6 22 16 13 0
22 6 16 13 0
6 22 14 15 0
22 6 14 15 0
6 22 15 14 0
22 6 15 14 0
7 21 12 17 0
21 7 12 17 0
7 21 17 12 0
21 7 17 12 0
7 21 13 16 0
21 7 13 16 0
7 21 16 13 0
21 7 16 13 0
7 21 14 15 0
21 7 14 15 0
7 21 15 14 0
21 7 15 14 0
8 20 12 17 1
20 8 12 17 1
8 20 17 12 1
20 8 17 12 1
8 20 13 16 2
20 8 13 16 2
8 20 16 13 2
20 8 16 13 2
8 20 14 15 3
20 8 14 15 3
8 20 15 14 3
20 8 15 14 3
5 23 9 20 0
23 5 9 20 0
5 23 20 9 0
23 5 20 9 0
5 23 10 19 0
23 5 10 19 0
5 23 19 10 0
23 5 19 10 0
5 23 11 18 0
23 5 11 18 0
5 23 18 11 0
23 5 18 11 0
6 22 9 20 0
22 6 9 20 0
6 22 20 9 0
22 6 20 9 0
6 22 10 19 0
22 6 10 19 0
6 22 19 10 0
22 6 19 10 0
6 22 11 18 0
22 6 11 18 0
6 22 18 11 0
22 6 18 11 0
7 21 9 20 0
21 7 9 20 0
7 21 20 9 0
21 7 20 9 0
7 21 10 19 0
21 7 10 19 0
7 21 19 10 0
21 7 19 10 0
7 21 11 18 0
21 7 11 18 0
7 21 18 11 0
21 7 18 11 0
8 20 9 20 0
20 8 9 20 0
8 20 20 9 0
20 8 20 9 0
8 20 10 19 0
20 8 10 19 0
8 20 19 10 0
20 8 19 10 0
8 20 11 18 0
20 8 11 18 0
8 20 18 11 0
20 8 18 11 0
9 19 9 20 0
19 9 9 20 0
9 19 20 9 0
19 9 20 9 0
9 19 10 19 1
19 9 10 19 1
9 19 19 10 1
19 9 19 10 1
9 19 11 18 3
19 9 11 18 3
9 19 18 11 3
19 9 18 11 3
9 19 12 17 8
19 9 12 17 8
9 19 17 12 8
19 9 17 12 8
9 19 13 16 14
19 9 13 16 14
9 19 16 13 14
19 9 16 13 14
9 19 14 15 19
19 9 14 15 19
9 19 15 14 19
19 9 15 14 19
10 18 9 20 0
18 10 9 20 0
10 18 20 9 0
18 10 20 9 0
10 18 10 19 4
18 10 10 19 4
10 18 19 10 4
18 10 19 10 4
10 18 11 18 13
18 10 11 18 13
10 18 18 11 13
18 10 18 11 13
10 18 12 17 30
18 10 12 17 30
10 18 17 12 30
18 10 17 12 30
10 18 13 16 49
18 10 13 16 49
10 18 16 13 49
18 10 16 13 49
10 18 14 15 63
18 10 14 15 63
10 18 15 14 63
18 10 15 14 63
6 22 8 21 0
22 6 8 21 0
6 22 21 8 0
22 6 21 8 0
7 21 8 21 0
21 7 8 21 0
7 21 21 8 0
21 7 21 8 0
8 20 8 21 0
20 8 8 21 0
8 20 21 8 0
20 8 21 8 0
9 19 8 21 0
19 9 8 21 0
9 19 21 8 0
19 9 21 8 0
10 18 8 21 0
18 10 8 21 0
10 18 21 8 0
18 10 21 8 0
7 21 7 22 0
21 7 7 22 0
7 21 22 7 0
21 7 22 7 0
8 20 7 22 0
20 8 7 22 0
8 20 22 7 0
20 8 22 7 0
9 19 7 22 0
19 9 7 22 0
9 19 22 7 0
19 9 22 7 0
10 18 7 22 0
18 10 7 22 0
10 18 22 7 0
18 10 22 7 0
11 17 7 22 0
17 11 7 22 0
11 17 22 7 0
17 11 22 7 0
11 17 8 21 0
17 11 8 21 0
11 17 21 8 0
17 11 21 8 0
11 17 9 20 2
17 11 9 20 2
11 17 20 9 2
17 11 20 9 2
11 17 10 19 12
17 11 10 19 12
11 17 19 10 12
17 11 19 10 12
11 17 11 18 35
17 11 11 18 35
11 17 18 11 35
17 11 18 11 35
11 17 12 17 73
17 11 12 17 73
11 17 17 12 73
17 11 17 12 73
11 17 13 16 115
17 11 13 16 115
11 17 16 13 115
17 11 16 13 115
11 17 14 15 144
17 11 14 15 144
11 17 15 14 144
17 11 15 14 144
12 16 8 21 1
16 12 8 21 1
12 16 21 8 1
16 12 21 8 1
12 16 9 20 6
16 12 9 20 6
12 16 20 9 6
16 12 20 9 6
12 16 10 19 26
16 12 10 19 26
12 16 19 10 26
16 12 19 10 26
12 16 11 18 68
16 12 11 18 68
12 16 18 11 68
16 12 18 11 68
12 16 12 17 135
16 12 12 17 135
12 16 17 12 135
16 12 17 12 135
12 16 13 16 206
16 12 13 16 206
12 16 16 13 206
16 12 16 13 206
12 16 14 15 254
16 12 14 15 254
12 16 15 14 254
16 12 15 14 254
12 16 7 22 0
16 12 7 22 0
12 16 22 7 0
16 12 22 7 0
13 15 7 22 0
15 13 7 22 0
13 15 22 7 0
15 13 22 7 0
13 15 8 21 1
15 13 8 21 1
13 15 21 8 1
15 13 21 8 1
13 15 9 20 9
15 13 9 20 9
13 15 20 9 9
15 13 20 9 9
13 15 10 19 37
15 13 10 19 37
13 15 19 10 37
15 13 19 10 37
13 15 11 18 96
15 13 11 18 96
13 15 18 11 96
15 13 18 11 96
13 15 12 17 186
15 13 12 17 186
13 15 17 12 186
15 13 17 12 186
13 15 13 16 282
15 13 13 16 282
13 15 16 13 282
15 13 16 13 282
13 15 14 15 346
15 13 14 15 346
13 15 15 14 346
15 13 15 14 346
14 14 9 20 12
14 14 20 9 12
14 14 10 19 45
14 14 19 10 45
14 14 11 18 111
14 14 18 11 111
14 14 12 17 212
14 14 17 12 212
14 14 13 16 318
14 14 16 13 318
14 14 14 15 389
14 14 15 14 389
14 14 8 21 2
14 14 21 8 2
8 20 6 23 0
20 8 6 23 0
8 20 23 6 0
20 8 23 6 0
9 19 6 23 0
19 9 6 23 0
9 19 23 6 0
19 9 23 6 0
10 18 6 23 0
18 10 6 23 0
10 18 23 6 0
18 10 23 6 0
11 17 6 23 0
17 11 6 23 0
11 17 23 6 0
17 11 23 6 0
12 16 6 23 0
16 12 6 23 0
12 16 23 6 0
16 12 23 6 0
9 19 5 24 0
19 9 5 24 0
9 19 24 5 0
19 9 24 5 0
10 18 5 24 0
18 10 5 24 0
10 18 24 5 0
18 10 24 5 0
11 17 5 24 0
17 11 5 24 0
11 17 24 5 0
17 11 24 5 0
12 16 5 24 0
16 12 5 24 0
12 16 24 5 0
16 12 24 5 0
13 15 5 24 0
15 13 5 24 0
13 15 24 5 0
15 13 24 5 0
13 15 6 23 0
15 13 6 23 0
13 15 23 6 0
15 13 23 6 0
14 14 5 24 0
14 14 24 5 0
14 14 6 23 0
14 14 23 6 0
14 14 7 22 0
14 14 22 7 0
12 16 4 25 0
16 12 4 25 0
12 16 25 4 0
16 12 25 4 0
13 15 4 25 0
15 13 4 25 0
13 15 25 4 0
15 13 25 4 0
14 14 4 25 0
14 14 25 4 0
