0 13 3 11 0
13 0 3 11 0
0 13 11 3 0
13 0 11 3 0
0 13 4 10 0
13 0 4 10 0
0 13 10 4 0
13 0 10 4 0
0 13 5 9 0
13 0 5 9 0
0 13 9 5 0
13 0 9 5 0
0 13 6 8 0
13 0 6 8 0
0 13 8 6 0
13 0 8 6 0
0 13 7 7 0
13 0 7 7 0
1 12 3 11 0
12 1 3 11 0
1 12 11 3 0
12 1 11 3 0
1 12 4 10 0
12 1 4 10 0
1 12 10 4 0
12 1 10 4 0
1 12 5 9 0
12 1 5 9 0
1 12 9 5 0
12 1 9 5 0
1 12 6 8 0
12 1 6 8 0
1 12 8 6 0
12 1 8 6 0
1 12 7 7 0
12 1 7 7 0
2 11 3 11 0
11 2 3 11 0
2 11 11 3 0
11 2 11 3 0
2 11 4 10 0
11 2 4 10 0
2 11 10 4 0
11 2 10 4 0
2 11 5 9 0
11 2 5 9 0
2 11 9 5 0
11 2 9 5 0
2 11 6 8 0
11 2 6 8 0
2 11 8 6 0
11 2 8 6 0
2 11 7 7 0
11 2 7 7 0
3 10 3 11 0
10 3 3 11 0
3 10 11 3 0
10 3 11 3 0
3 10 4 10 0
10 3 4 10 0
3 10 10 4 0
10 3 10 4 0
3 10 5 9 0
10 3 5 9 0
3 10 9 5 0
10 3 9 5 0
3 10 6 8 0
10 3 6 8 0
3 10 8 6 0
10 3 8 6 0
3 10 7 7 0
10 3 7 7 0
4 9 3 11 0
9 4 3 11 0
4 9 11 3 0
9 4 11 3 0
4 9 4 10 0
9 4 4 10 0
4 9 10 4 0
9 4 10 4 0
4 9 5 9 0
9 4 5 9 0
4 9 9 5 0
9 4 9 5 0
4 9 6 8 0
9 4 6 8 0
4 9 8 6 0
9 4 8 6 0
4 9 7 7 0
9 4 7 7 0
1 12 1 13 0
12 1 1 13 0
1 12 13 1 0
12 1 13 1 0
1 12 2 12 0
12 1 2 12 0
1 12 12 2 0
12 1 12 2 0
2 11 1 13 0
11 2 1 13 0
2 11 13 1 0
11 2 13 1 0
2 11 2 12 0
11 2 2 12 0
2 11 12 2 0
11 2 12 2 0
3 10 1 13 0
10 3 1 13 0
3 10 13 1 0
10 3 13 1 0
3 10 2 12 0
10 3 2 12 0
3 10 12 2 0
10 3 12 2 0
4 9 1 13 0
9 4 1 13 0
4 9 13 1 0
9 4 13 1 0
4 9 2 12 0
9 4 2 12 0
4 9 12 2 0
9 4 12 2 0
5 8 1 13 1
8 5 1 13 1
5 8 13 1 1
8 5 13 1 1
5 8 2 12 2
8 5 2 12 2
5 8 12 2 2
8 5 12 2 2
5 8 3 11 3
8 5 3 11 3
5 8 11 3 3
8 5 11 3 3
5 8 4 10 3
8 5 4 10 3
5 8 10 4 3
8 5 10 4 3
5 8 5 9 3
8 5 5 9 3
5 8 9 5 3
8 5 9 5 3
5 8 6 8 3
8 5 6 8 3
5 8 8 6 3
8 5 8 6 3
5 8 7 7 3
8 5 7 7 3
6 7 1 13 1
7 6 1 13 1
6 7 13 1 1
7 6 13 1 1
6 7 2 12 2
7 6 2 12 2
6 7 12 2 2
7 6 12 2 2
6 7 3 11 3
7 6 3 11 3
6 7 11 3 3
7 6 11 3 3
6 7 4 10 3
7 6 4 10 3
6 7 10 4 3
7 6 10 4 3
6 7 5 9 3
7 6 5 9 3
6 7 9 5 3
7 6 9 5 3
6 7 6 8 3
7 6 6 8 3
6 7 8 6 3
7 6 8 6 3
6 7 7 7 3
7 6 7 7 3
3 10 0 14 0
10 3 0 14 0
3 10 14 0 0
10 3 14 0 0
4 9 0 14 0
9 4 0 14 0
4 9 14 0 0
9 4 14 0 0
5 8 0 14 0
8 5 0 14 0
5 8 14 0 0
8 5 14 0 0
6 7 0 14 0
7 6 0 14 0
6 7 14 0 0
7 6 14 0 0
