21 28 21 29 0
28 21 21 29 0
21 28 29 21 0
28 21 29 21 0
21 28 22 28 0
28 21 22 28 0
21 28 28 22 0
28 21 28 22 0
21 28 23 27 0
28 21 23 27 0
21 28 27 23 0
28 21 27 23 0
21 28 24 26 0
28 21 24 26 0
21 28 26 24 0
28 21 26 24 0
21 28 25 25 0
28 21 25 25 0
22 27 21 29 0
27 22 21 29 0
22 27 29 21 0
27 22 29 21 0
22 27 22 28 0
27 22 22 28 0
22 27 28 22 0
27 22 28 22 0
22 27 23 27 0
27 22 23 27 0
22 27 27 23 0
27 22 27 23 0
22 27 24 26 0
27 22 24 26 0
22 27 26 24 0
27 22 26 24 0
22 27 25 25 0
27 22 25 25 0
23 26 21 29 0
26 23 21 29 0
23 26 29 21 0
26 23 29 21 0
23 26 22 28 0
26 23 22 28 0
23 26 28 22 0
26 23 28 22 0
23 26 23 27 0
26 23 23 27 0
23 26 27 23 0
26 23 27 23 0
23 26 24 26 0
26 23 24 26 0
23 26 26 24 0
26 23 26 24 0
23 26 25 25 0
26 23 25 25 0
24 25 21 29 0
25 24 21 29 0
24 25 29 21 0
25 24 29 21 0
24 25 22 28 0
25 24 22 28 0
24 25 28 22 0
25 24 28 22 0
24 25 23 27 0
25 24 23 27 0
24 25 27 23 0
25 24 27 23 0
24 25 24 26 0
25 24 24 26 0
24 25 26 24 0
25 24 26 24 0
24 25 25 25 0
25 24 25 25 0
