2 20 7 16 0
20 2 7 16 0
2 20 16 7 0
20 2 16 7 0
2 20 8 15 0
20 2 8 15 0
2 20 15 8 0
20 2 15 8 0
2 20 9 14 0
20 2 9 14 0
2 20 14 9 0
20 2 14 9 0
2 20 10 13 0
20 2 10 13 0
2 20 13 10 0
20 2 13 10 0
2 20 11 12 0
20 2 11 12 0
2 20 12 11 0
20 2 12 11 0
3 19 7 16 0
19 3 7 16 0
3 19 16 7 0
19 3 16 7 0
3 19 8 15 0
19 3 8 15 0
3 19 15 8 0
19 3 15 8 0
3 19 9 14 0
19 3 9 14 0
3 19 14 9 0
19 3 14 9 0
3 19 10 13 0
19 3 10 13 0
3 19 13 10 0
19 3 13 10 0
3 19 11 12 0
19 3 11 12 0
3 19 12 11 0
19 3 12 11 0
4 18 7 16 0
18 4 7 16 0
4 18 16 7 0
18 4 16 7 0
4 18 8 15 0
18 4 8 15 0
4 18 15 8 0
18 4 15 8 0
4 18 9 14 0
18 4 9 14 0
4 18 14 9 0
18 4 14 9 0
4 18 10 13 0
18 4 10 13 0
4 18 13 10 0
18 4 13 10 0
4 18 11 12 0
18 4 11 12 0
4 18 12 11 0
18 4 12 11 0
5 17 7 16 0
17 5 7 16 0
5 17 16 7 0
17 5 16 7 0
5 17 8 15 0
17 5 8 15 0
5 17 15 8 0
17 5 15 8 0
5 17 9 14 1
17 5 9 14 1
5 17 14 9 1
17 5 14 9 1
5 17 10 13 2
17 5 10 13 2
5 17 13 10 2
17 5 13 10 2
5 17 11 12 3
17 5 11 12 3
5 17 12 11 3
17 5 12 11 3
6 16 7 16 1
16 6 7 16 1
6 16 16 7 1
16 6 16 7 1
6 16 8 15 3
16 6 8 15 3
6 16 15 8 3
16 6 15 8 3
6 16 9 14 8
16 6 9 14 8
6 16 14 9 8
16 6 14 9 8
6 16 10 13 13
16 6 10 13 13
6 16 13 10 13
16 6 13 10 13
6 16 11 12 17
16 6 11 12 17
6 16 12 11 17
16 6 12 11 17
3 19 6 17 0
19 3 6 17 0
3 19 17 6 0
19 3 17 6 0
4 18 6 17 0
18 4 6 17 0
4 18 17 6 0
18 4 17 6 0
5 17 6 17 0
17 5 6 17 0
5 17 17 6 0
17 5 17 6 0
6 16 6 17 0
16 6 6 17 0
6 16 17 6 0
16 6 17 6 0
7 15 6 17 1
15 7 6 17 1
7 15 17 6 1
15 7 17 6 1
7 15 7 16 5
15 7 7 16 5
7 15 16 7 5
15 7 16 7 5
7 15 8 15 14
15 7 8 15 14
7 15 15 8 14
15 7 15 8 14
7 15 9 14 29
15 7 9 14 29
7 15 14 9 29
15 7 14 9 29
7 15 10 13 45
15 7 10 13 45
7 15 13 10 45
15 7 13 10 45
7 15 11 12 56
15 7 11 12 56
7 15 12 11 56
15 7 12 11 56
8 14 6 17 4
14 8 6 17 4
8 14 17 6 4
14 8 17 6 4
8 14 7 16 15
14 8 7 16 15
8 14 16 7 15
14 8 16 7 15
8 14 8 15 36
14 8 8 15 36
8 14 15 8 36
14 8 15 8 36
8 14 9 14 69
14 8 9 14 69
8 14 14 9 69
14 8 14 9 69
8 14 10 13 103
14 8 10 13 103
8 14 13 10 103
14 8 13 10 103
8 14 11 12 126
14 8 11 12 126
8 14 12 11 126
14 8 12 11 126
9 13 6 17 10
13 9 6 17 10
9 13 17 6 10
13 9 17 6 10
9 13 7 16 31
13 9 7 16 31
9 13 16 7 31
13 9 16 7 31
9 13 8 15 70
13 9 8 15 70
9 13 15 8 70
13 9 15 8 70
9 13 9 14 126
13 9 9 14 126
9 13 14 9 126
13 9 14 9 126
9 13 10 13 183
13 9 10 13 183
9 13 13 10 183
13 9 13 10 183
9 13 11 12 220
13 9 11 12 220
9 13 12 11 220
13 9 12 11 220
10 12 7 16 44
12 10 7 16 44
10 12 16 7 44
12 10 16 7 44
10 12 8 15 97
12 10 8 15 97
10 12 15 8 97
12 10 15 8 97
10 12 9 14 173
12 10 9 14 173
10 12 14 9 173
12 10 14 9 173
10 12 10 13 248
12 10 10 13 248
10 12 13 10 248
12 10 13 10 248
10 12 11 12 297
12 10 11 12 297
10 12 12 11 297
12 10 12 11 297
4 18 4 19 0
18 4 4 19 0
4 18 19 4 0
18 4 19 4 0
4 18 5 18 0
18 4 5 18 0
4 18 18 5 0
18 4 18 5 0
5 17 4 19 0
17 5 4 19 0
5 17 19 4 0
17 5 19 4 0
5 17 5 18 0
17 5 5 18 0
5 17 18 5 0
17 5 18 5 0
6 16 4 19 0
16 6 4 19 0
6 16 19 4 0
16 6 19 4 0
6 16 5 18 0
16 6 5 18 0
6 16 18 5 0
16 6 18 5 0
7 15 4 19 0
15 7 4 19 0
7 15 19 4 0
15 7 19 4 0
7 15 5 18 0
15 7 5 18 0
7 15 18 5 0
15 7 18 5 0
8 14 4 19 0
14 8 4 19 0
8 14 19 4 0
14 8 19 4 0
8 14 5 18 1
14 8 5 18 1
8 14 18 5 1
14 8 18 5 1
9 13 4 19 0
13 9 4 19 0
9 13 19 4 0
13 9 19 4 0
9 13 5 18 2
13 9 5 18 2
9 13 18 5 2
13 9 18 5 2
6 16 3 20 0
16 6 3 20 0
6 16 20 3 0
16 6 20 3 0
7 15 3 20 0
15 7 3 20 0
7 15 20 3 0
15 7 20 3 0
8 14 3 20 0
14 8 3 20 0
8 14 20 3 0
14 8 20 3 0
9 13 3 20 0
13 9 3 20 0
9 13 20 3 0
13 9 20 3 0
10 12 3 20 0
12 10 3 20 0
10 12 20 3 0
12 10 20 3 0
10 12 4 19 0
12 10 4 19 0
10 12 19 4 0
12 10 19 4 0
10 12 5 18 3
12 10 5 18 3
10 12 18 5 3
12 10 18 5 3
10 12 6 17 14
12 10 6 17 14
10 12 17 6 14
12 10 17 6 14
11 11 4 19 1
11 11 19 4 1
11 11 5 18 5
11 11 18 5 5
11 11 6 17 19
11 11 17 6 19
11 11 7 16 53
11 11 16 7 53
11 11 8 15 114
11 11 15 8 114
11 11 9 14 198
11 11 14 9 198
11 11 10 13 282
11 11 13 10 282
11 11 11 12 336
11 11 12 11 336
7 15 2 21 0
15 7 2 21 0
7 15 21 2 0
15 7 21 2 0
8 14 2 21 0
14 8 2 21 0
8 14 21 2 0
14 8 21 2 0
9 13 2 21 0
13 9 2 21 0
9 13 21 2 0
13 9 21 2 0
10 12 2 21 0
12 10 2 21 0
10 12 21 2 0
12 10 21 2 0
11 11 2 21 0
11 11 21 2 0
11 11 3 20 0
11 11 20 3 0
