6 25 12 20 0
25 6 12 20 0
6 25 20 12 0
25 6 20 12 0
6 25 13 19 0
25 6 13 19 0
6 25 19 13 0
25 6 19 13 0
6 25 14 18 0
25 6 14 18 0
6 25 18 14 0
25 6 18 14 0
6 25 15 17 0
25 6 15 17 0
6 25 17 15 0
25 6 17 15 0
6 25 16 16 0
25 6 16 16 0
7 24 12 20 0
24 7 12 20 0
7 24 20 12 0
24 7 20 12 0
7 24 13 19 0
24 7 13 19 0
7 24 19 13 0
24 7 19 13 0
7 24 14 18 0
24 7 14 18 0
7 24 18 14 0
24 7 18 14 0
7 24 15 17 0
24 7 15 17 0
7 24 17 15 0
24 7 17 15 0
7 24 16 16 0
24 7 16 16 0
8 23 12 20 0
23 8 12 20 0
8 23 20 12 0
23 8 20 12 0
8 23 13 19 0
23 8 13 19 0
8 23 19 13 0
23 8 19 13 0
8 23 14 18 0
23 8 14 18 0
8 23 18 14 0
23 8 18 14 0
8 23 15 17 0
23 8 15 17 0
8 23 17 15 0
23 8 17 15 0
8 23 16 16 0
23 8 16 16 0
9 22 12 20 0
22 9 12 20 0
9 22 20 12 0
22 9 20 12 0
9 22 13 19 0
22 9 13 19 0
9 22 19 13 0
22 9 19 13 0
9 22 14 18 0
22 9 14 18 0
9 22 18 14 0
22 9 18 14 0
9 22 15 17 0
22 9 15 17 0
9 22 17 15 0
22 9 17 15 0
9 22 16 16 0
22 9 16 16 0
10 21 12 20 0
21 10 12 20 0
10 21 20 12 0
21 10 20 12 0
10 21 13 19 1
21 10 13 19 1
10 21 19 13 1
21 10 19 13 1
10 21 14 18 2
21 10 14 18 2
10 21 18 14 2
21 10 18 14 2
10 21 15 17 4
21 10 15 17 4
10 21 17 15 4
21 10 17 15 4
10 21 16 16 4
21 10 16 16 4
11 20 12 20 1
20 11 12 20 1
11 20 20 12 1
20 11 20 12 1
11 20 13 19 5
20 11 13 19 5
11 20 19 13 5
20 11 19 13 5
11 20 14 18 11
20 11 14 18 11
11 20 18 14 11
20 11 18 14 11
11 20 15 17 18
20 11 15 17 18
11 20 17 15 18
20 11 17 15 18
11 20 16 16 20
20 11 16 16 20
7 24 10 22 0
24 7 10 22 0
7 24 22 10 0
24 7 22 10 0
7 24 11 21 0
24 7 11 21 0
7 24 21 11 0
24 7 21 11 0
8 23 10 22 0
23 8 10 22 0
8 23 22 10 0
23 8 22 10 0
8 23 11 21 0
23 8 11 21 0
8 23 21 11 0
23 8 21 11 0
9 22 10 22 0
22 9 10 22 0
9 22 22 10 0
22 9 22 10 0
9 22 11 21 0
22 9 11 21 0
9 22 21 11 0
22 9 21 11 0
10 21 10 22 0
21 10 10 22 0
10 21 22 10 0
21 10 22 10 0
10 21 11 21 0
21 10 11 21 0
10 21 21 11 0
21 10 21 11 0
11 20 10 22 0
20 11 10 22 0
11 20 22 10 0
20 11 22 10 0
11 20 11 21 0
20 11 11 21 0
11 20 21 11 0
20 11 21 11 0
8 23 9 23 0
23 8 9 23 0
8 23 23 9 0
23 8 23 9 0
9 22 9 23 0
22 9 9 23 0
9 22 23 9 0
22 9 23 9 0
10 21 9 23 0
21 10 9 23 0
10 21 23 9 0
21 10 23 9 0
11 20 9 23 0
20 11 9 23 0
11 20 23 9 0
20 11 23 9 0
12 19 9 23 0
19 12 9 23 0
12 19 23 9 0
19 12 23 9 0
12 19 10 22 0
19 12 10 22 0
12 19 22 10 0
19 12 22 10 0
12 19 11 21 1
19 12 11 21 1
12 19 21 11 1
19 12 21 11 1
12 19 12 20 6
19 12 12 20 6
12 19 20 12 6
19 12 20 12 6
12 19 13 19 19
19 12 13 19 19
12 19 19 13 19
19 12 19 13 19
12 19 14 18 37
19 12 14 18 37
12 19 18 14 37
19 12 18 14 37
12 19 15 17 56
19 12 15 17 56
12 19 17 15 56
19 12 17 15 56
12 19 16 16 62
19 12 16 16 62
13 18 10 22 0
18 13 10 22 0
13 18 22 10 0
18 13 22 10 0
13 18 11 21 3
18 13 11 21 3
13 18 21 11 3
18 13 21 11 3
13 18 12 20 15
18 13 12 20 15
13 18 20 12 15
18 13 20 12 15
13 18 13 19 42
18 13 13 19 42
13 18 19 13 42
18 13 19 13 42
13 18 14 18 79
18 13 14 18 79
13 18 18 14 79
18 13 18 14 79
13 18 15 17 115
18 13 15 17 115
13 18 17 15 115
18 13 17 15 115
13 18 16 16 128
18 13 16 16 128
9 22 8 24 0
22 9 8 24 0
9 22 24 8 0
22 9 24 8 0
10 21 8 24 0
21 10 8 24 0
10 21 24 8 0
21 10 24 8 0
11 20 8 24 0
20 11 8 24 0
11 20 24 8 0
20 11 24 8 0
12 19 8 24 0
19 12 8 24 0
12 19 24 8 0
19 12 24 8 0
13 18 8 24 0
18 13 8 24 0
13 18 24 8 0
18 13 24 8 0
13 18 9 23 0
18 13 9 23 0
13 18 23 9 0
18 13 23 9 0
14 17 8 24 0
17 14 8 24 0
14 17 24 8 0
17 14 24 8 0
14 17 9 23 0
17 14 9 23 0
14 17 23 9 0
17 14 23 9 0
14 17 10 22 1
17 14 10 22 1
14 17 22 10 1
17 14 22 10 1
14 17 11 21 8
17 14 11 21 8
14 17 21 11 8
17 14 21 11 8
14 17 12 20 29
17 14 12 20 29
14 17 20 12 29
17 14 20 12 29
14 17 13 19 73
17 14 13 19 73
14 17 19 13 73
17 14 19 13 73
14 17 14 18 131
17 14 14 18 131
14 17 18 14 131
17 14 18 14 131
14 17 15 17 186
17 14 15 17 186
14 17 17 15 186
17 14 17 15 186
14 17 16 16 206
17 14 16 16 206
15 16 10 22 1
16 15 10 22 1
15 16 22 10 1
16 15 22 10 1
15 16 11 21 10
16 15 11 21 10
15 16 21 11 10
16 15 21 11 10
15 16 12 20 37
16 15 12 20 37
15 16 20 12 37
16 15 20 12 37
15 16 13 19 92
16 15 13 19 92
15 16 19 13 92
16 15 19 13 92
15 16 14 18 164
16 15 14 18 164
15 16 18 14 164
16 15 18 14 164
15 16 15 17 231
16 15 15 17 231
15 16 17 15 231
16 15 17 15 231
15 16 16 16 256
16 15 16 16 256
15 16 8 24 0
16 15 8 24 0
15 16 24 8 0
16 15 24 8 0
15 16 9 23 0
16 15 9 23 0
15 16 23 9 0
16 15 23 9 0
10 21 7 25 0
21 10 7 25 0
10 21 25 7 0
21 10 25 7 0
11 20 7 25 0
20 11 7 25 0
11 20 25 7 0
20 11 25 7 0
12 19 7 25 0
19 12 7 25 0
12 19 25 7 0
19 12 25 7 0
13 18 7 25 0
18 13 7 25 0
13 18 25 7 0
18 13 25 7 0
14 17 7 25 0
17 14 7 25 0
14 17 25 7 0
17 14 25 7 0
15 16 7 25 0
16 15 7 25 0
15 16 25 7 0
16 15 25 7 0
12 19 6 26 0
19 12 6 26 0
12 19 26 6 0
19 12 26 6 0
13 18 6 26 0
18 13 6 26 0
13 18 26 6 0
18 13 26 6 0
14 17 6 26 0
17 14 6 26 0
14 17 26 6 0
17 14 26 6 0
15 16 6 26 0
16 15 6 26 0
15 16 26 6 0
16 15 26 6 0
