1 18 6 14 0
18 1 6 14 0
1 18 14 6 0
18 1 14 6 0
1 18 7 13 0
18 1 7 13 0
1 18 13 7 0
18 1 13 7 0
1 18 8 12 0
18 1 8 12 0
1 18 12 8 0
18 1 12 8 0
1 18 9 11 0
18 1 9 11 0
1 18 11 9 0
18 1 11 9 0
1 18 10 10 0
18 1 10 10 0
2 17 6 14 0
17 2 6 14 0
2 17 14 6 0
17 2 14 6 0
2 17 7 13 0
17 2 7 13 0
2 17 13 7 0
17 2 13 7 0
2 17 8 12 0
17 2 8 12 0
2 17 12 8 0
17 2 12 8 0
2 17 9 11 0
17 2 9 11 0
2 17 11 9 0
17 2 11 9 0
2 17 10 10 0
17 2 10 10 0
3 16 6 14 0
16 3 6 14 0
3 16 14 6 0
16 3 14 6 0
3 16 7 13 0
16 3 7 13 0
3 16 13 7 0
16 3 13 7 0
3 16 8 12 0
16 3 8 12 0
3 16 12 8 0
16 3 12 8 0
3 16 9 11 0
16 3 9 11 0
3 16 11 9 0
16 3 11 9 0
3 16 10 10 0
16 3 10 10 0
4 15 6 14 0
15 4 6 14 0
4 15 14 6 0
15 4 14 6 0
4 15 7 13 1
15 4 7 13 1
4 15 13 7 1
15 4 13 7 1
4 15 8 12 2
15 4 8 12 2
4 15 12 8 2
15 4 12 8 2
4 15 9 11 3
15 4 9 11 3
4 15 11 9 3
15 4 11 9 3
4 15 10 10 3
15 4 10 10 3
5 14 6 14 1
14 5 6 14 1
5 14 14 6 1
14 5 14 6 1
5 14 7 13 4
14 5 7 13 4
5 14 13 7 4
14 5 13 7 4
5 14 8 12 8
14 5 8 12 8
5 14 12 8 8
14 5 12 8 8
5 14 9 11 12
14 5 9 11 12
5 14 11 9 12
14 5 11 9 12
5 14 10 10 13
14 5 10 10 13
6 13 6 14 8
13 6 6 14 8
6 13 14 6 8
13 6 14 6 8
6 13 7 13 17
13 6 7 13 17
6 13 13 7 17
13 6 13 7 17
6 13 8 12 28
13 6 8 12 28
6 13 12 8 28
13 6 12 8 28
6 13 9 11 38
13 6 9 11 38
6 13 11 9 38
13 6 11 9 38
6 13 10 10 41
13 6 10 10 41
7 12 6 14 18
12 7 6 14 18
7 12 14 6 18
12 7 14 6 18
7 12 7 13 36
12 7 7 13 36
7 12 13 7 36
12 7 13 7 36
7 12 8 12 57
12 7 8 12 57
7 12 12 8 57
12 7 12 8 57
7 12 9 11 75
12 7 9 11 75
7 12 11 9 75
12 7 11 9 75
7 12 10 10 81
12 7 10 10 81
2 17 4 16 0
17 2 4 16 0
2 17 16 4 0
17 2 16 4 0
2 17 5 15 0
17 2 5 15 0
2 17 15 5 0
17 2 15 5 0
3 16 4 16 0
16 3 4 16 0
3 16 16 4 0
16 3 16 4 0
3 16 5 15 0
16 3 5 15 0
3 16 15 5 0
16 3 15 5 0
4 15 4 16 0
15 4 4 16 0
4 15 16 4 0
15 4 16 4 0
4 15 5 15 0
15 4 5 15 0
4 15 15 5 0
15 4 15 5 0
5 14 4 16 0
14 5 4 16 0
5 14 16 4 0
14 5 16 4 0
5 14 5 15 0
14 5 5 15 0
5 14 15 5 0
14 5 15 5 0
6 13 4 16 1
13 6 4 16 1
6 13 16 4 1
13 6 16 4 1
6 13 5 15 3
13 6 5 15 3
6 13 15 5 3
13 6 15 5 3
3 16 3 17 0
16 3 3 17 0
3 16 17 3 0
16 3 17 3 0
4 15 3 17 0
15 4 3 17 0
4 15 17 3 0
15 4 17 3 0
5 14 3 17 0
14 5 3 17 0
5 14 17 3 0
14 5 17 3 0
6 13 3 17 0
13 6 3 17 0
6 13 17 3 0
13 6 17 3 0
7 12 3 17 0
12 7 3 17 0
7 12 17 3 0
12 7 17 3 0
7 12 4 16 2
12 7 4 16 2
7 12 16 4 2
12 7 16 4 2
7 12 5 15 7
12 7 5 15 7
7 12 15 5 7
12 7 15 5 7
8 11 3 17 1
11 8 3 17 1
8 11 17 3 1
11 8 17 3 1
8 11 4 16 5
11 8 4 16 5
8 11 16 4 5
11 8 16 4 5
8 11 5 15 15
11 8 5 15 15
8 11 15 5 15
11 8 15 5 15
8 11 6 14 34
11 8 6 14 34
8 11 14 6 34
11 8 14 6 34
8 11 7 13 63
11 8 7 13 63
8 11 13 7 63
11 8 13 7 63
8 11 8 12 95
11 8 8 12 95
8 11 12 8 95
11 8 12 8 95
8 11 9 11 122
11 8 9 11 122
8 11 11 9 122
11 8 11 9 122
8 11 10 10 131
11 8 10 10 131
9 10 3 17 1
10 9 3 17 1
9 10 17 3 1
10 9 17 3 1
9 10 4 16 6
10 9 4 16 6
9 10 16 4 6
10 9 16 4 6
9 10 5 15 19
10 9 5 15 19
9 10 15 5 19
10 9 15 5 19
9 10 6 14 43
10 9 6 14 43
9 10 14 6 43
10 9 14 6 43
9 10 7 13 79
10 9 7 13 79
9 10 13 7 79
10 9 13 7 79
9 10 8 12 118
10 9 8 12 118
9 10 12 8 118
10 9 12 8 118
9 10 9 11 150
10 9 9 11 150
9 10 11 9 150
10 9 11 9 150
9 10 10 10 161
10 9 10 10 161
4 15 2 18 0
15 4 2 18 0
4 15 18 2 0
15 4 18 2 0
5 14 2 18 0
14 5 2 18 0
5 14 18 2 0
14 5 18 2 0
6 13 2 18 0
13 6 2 18 0
6 13 18 2 0
13 6 18 2 0
7 12 2 18 0
12 7 2 18 0
7 12 18 2 0
12 7 18 2 0
8 11 2 18 0
11 8 2 18 0
8 11 18 2 0
11 8 18 2 0
9 10 2 18 0
10 9 2 18 0
9 10 18 2 0
10 9 18 2 0
6 13 1 19 0
13 6 1 19 0
6 13 19 1 0
13 6 19 1 0
7 12 1 19 0
12 7 1 19 0
7 12 19 1 0
12 7 19 1 0
8 11 1 19 0
11 8 1 19 0
8 11 19 1 0
11 8 19 1 0
9 10 1 19 0
10 9 1 19 0
9 10 19 1 0
10 9 19 1 0
