7 29 20 31 0
29 7 20 31 0
7 29 31 20 0
29 7 31 20 0
7 29 21 30 0
29 7 21 30 0
7 29 30 21 0
29 7 30 21 0
7 29 22 29 0
29 7 22 29 0
7 29 29 22 0
29 7 29 22 0
7 29 23 28 0
29 7 23 28 0
7 29 28 23 0
29 7 28 23 0
7 29 24 27 0
29 7 24 27 0
7 29 27 24 0
29 7 27 24 0
7 29 25 26 0
29 7 25 26 0
7 29 26 25 0
29 7 26 25 0
8 28 20 31 0
28 8 20 31 0
8 28 31 20 0
28 8 31 20 0
8 28 21 30 0
28 8 21 30 0
8 28 30 21 0
28 8 30 21 0
8 28 22 29 0
28 8 22 29 0
8 28 29 22 0
28 8 29 22 0
8 28 23 28 0
28 8 23 28 0
8 28 28 23 0
28 8 28 23 0
8 28 24 27 0
28 8 24 27 0
8 28 27 24 0
28 8 27 24 0
8 28 25 26 0
28 8 25 26 0
8 28 26 25 0
28 8 26 25 0
9 27 20 31 0
27 9 20 31 0
9 27 31 20 0
27 9 31 20 0
9 27 21 30 0
27 9 21 30 0
9 27 30 21 0
27 9 30 21 0
9 27 22 29 0
27 9 22 29 0
9 27 29 22 0
27 9 29 22 0
9 27 23 28 0
27 9 23 28 0
9 27 28 23 0
27 9 28 23 0
9 27 24 27 0
27 9 24 27 0
9 27 27 24 0
27 9 27 24 0
9 27 25 26 0
27 9 25 26 0
9 27 26 25 0
27 9 26 25 0
10 26 20 31 0
26 10 20 31 0
10 26 31 20 0
26 10 31 20 0
10 26 21 30 1
26 10 21 30 1
10 26 30 21 1
26 10 30 21 1
10 26 22 29 2
26 10 22 29 2
10 26 29 22 2
26 10 29 22 2
10 26 23 28 4
26 10 23 28 4
10 26 28 23 4
26 10 28 23 4
10 26 24 27 6
26 10 24 27 6
10 26 27 24 6
26 10 27 24 6
10 26 25 26 7
26 10 25 26 7
10 26 26 25 7
26 10 26 25 7
11 25 20 31 3
25 11 20 31 3
11 25 31 20 3
25 11 31 20 3
11 25 21 30 9
25 11 21 30 9
11 25 30 21 9
25 11 30 21 9
11 25 22 29 18
25 11 22 29 18
11 25 29 22 18
25 11 29 22 18
11 25 23 28 30
25 11 23 28 30
11 25 28 23 30
25 11 28 23 30
11 25 24 27 41
25 11 24 27 41
11 25 27 24 41
25 11 27 24 41
11 25 25 26 48
25 11 25 26 48
11 25 26 25 48
25 11 26 25 48
8 28 17 34 0
28 8 17 34 0
8 28 34 17 0
28 8 34 17 0
8 28 18 33 0
28 8 18 33 0
8 28 33 18 0
28 8 33 18 0
8 28 19 32 0
28 8 19 32 0
8 28 32 19 0
28 8 32 19 0
9 27 17 34 0
27 9 17 34 0
9 27 34 17 0
27 9 34 17 0
9 27 18 33 0
27 9 18 33 0
9 27 33 18 0
27 9 33 18 0
9 27 19 32 0
27 9 19 32 0
9 27 32 19 0
27 9 32 19 0
10 26 17 34 0
26 10 17 34 0
10 26 34 17 0
26 10 34 17 0
10 26 18 33 0
26 10 18 33 0
10 26 33 18 0
26 10 33 18 0
10 26 19 32 0
26 10 19 32 0
10 26 32 19 0
26 10 32 19 0
11 25 17 34 0
25 11 17 34 0
11 25 34 17 0
25 11 34 17 0
11 25 18 33 0
25 11 18 33 0
11 25 33 18 0
25 11 33 18 0
11 25 19 32 1
25 11 19 32 1
11 25 32 19 1
25 11 32 19 1
9 27 16 35 0
27 9 16 35 0
9 27 35 16 0
27 9 35 16 0
10 26 16 35 0
26 10 16 35 0
10 26 35 16 0
26 10 35 16 0
11 25 16 35 0
25 11 16 35 0
11 25 35 16 0
25 11 35 16 0
12 24 16 35 0
24 12 16 35 0
12 24 35 16 0
24 12 35 16 0
12 24 17 34 0
24 12 17 34 0
12 24 34 17 0
24 12 34 17 0
12 24 18 33 1
24 12 18 33 1
12 24 33 18 1
24 12 33 18 1
12 24 19 32 7
24 12 19 32 7
12 24 32 19 7
24 12 32 19 7
12 24 20 31 20
24 12 20 31 20
12 24 31 20 20
24 12 31 20 20
12 24 21 30 46
24 12 21 30 46
12 24 30 21 46
24 12 30 21 46
12 24 22 29 84
24 12 22 29 84
12 24 29 22 84
24 12 29 22 84
12 24 23 28 130
24 12 23 28 130
12 24 28 23 130
24 12 28 23 130
12 24 24 27 171
24 12 24 27 171
12 24 27 24 171
24 12 27 24 171
12 24 25 26 197
24 12 25 26 197
12 24 26 25 197
24 12 26 25 197
13 23 17 34 1
23 13 17 34 1
13 23 34 17 1
23 13 34 17 1
13 23 18 33 7
23 13 18 33 7
13 23 33 18 7
23 13 33 18 7
13 23 19 32 28
23 13 19 32 28
13 23 32 19 28
23 13 32 19 28
13 23 20 31 72
23 13 20 31 72
13 23 31 20 72
23 13 31 20 72
13 23 21 30 151
23 13 21 30 151
13 23 30 21 151
23 13 30 21 151
13 23 22 29 260
23 13 22 29 260
13 23 29 22 260
23 13 29 22 260
13 23 23 28 386
23 13 23 28 386
13 23 28 23 386
23 13 28 23 386
13 23 24 27 497
23 13 24 27 497
13 23 27 24 497
23 13 27 24 497
13 23 25 26 564
23 13 25 26 564
13 23 26 25 564
23 13 26 25 564
10 26 14 37 0
26 10 14 37 0
10 26 37 14 0
26 10 37 14 0
10 26 15 36 0
26 10 15 36 0
10 26 36 15 0
26 10 36 15 0
11 25 14 37 0
25 11 14 37 0
11 25 37 14 0
25 11 37 14 0
11 25 15 36 0
25 11 15 36 0
11 25 36 15 0
25 11 36 15 0
12 24 14 37 0
24 12 14 37 0
12 24 37 14 0
24 12 37 14 0
12 24 15 36 0
24 12 15 36 0
12 24 36 15 0
24 12 36 15 0
13 23 14 37 0
23 13 14 37 0
13 23 37 14 0
23 13 37 14 0
13 23 15 36 0
23 13 15 36 0
13 23 36 15 0
23 13 36 15 0
13 23 16 35 0
23 13 16 35 0
13 23 35 16 0
23 13 35 16 0
14 22 14 37 0
22 14 14 37 0
14 22 37 14 0
22 14 37 14 0
14 22 15 36 0
22 14 15 36 0
14 22 36 15 0
22 14 36 15 0
14 22 16 35 1
22 14 16 35 1
14 22 35 16 1
22 14 35 16 1
14 22 17 34 7
22 14 17 34 7
14 22 34 17 7
22 14 34 17 7
14 22 18 33 28
22 14 18 33 28
14 22 33 18 28
22 14 33 18 28
14 22 19 32 85
22 14 19 32 85
14 22 32 19 85
22 14 32 19 85
14 22 20 31 196
22 14 20 31 196
14 22 31 20 196
22 14 31 20 196
14 22 21 30 379
22 14 21 30 379
14 22 30 21 379
22 14 30 21 379
14 22 22 29 623
22 14 22 29 623
14 22 29 22 623
22 14 29 22 623
14 22 23 28 895
22 14 23 28 895
14 22 28 23 895
22 14 28 23 895
14 22 24 27 1131
22 14 24 27 1131
14 22 27 24 1131
22 14 27 24 1131
14 22 25 26 1271
22 14 25 26 1271
14 22 26 25 1271
22 14 26 25 1271
15 21 16 35 3
21 15 16 35 3
15 21 35 16 3
21 15 35 16 3
15 21 17 34 19
21 15 17 34 19
15 21 34 17 19
21 15 34 17 19
15 21 18 33 66
21 15 18 33 66
15 21 33 18 66
21 15 33 18 66
15 21 19 32 182
21 15 19 32 182
15 21 32 19 182
21 15 32 19 182
15 21 20 31 396
21 15 20 31 396
15 21 31 20 396
21 15 31 20 396
15 21 21 30 734
21 15 21 30 734
15 21 30 21 734
21 15 30 21 734
15 21 22 29 1174
21 15 22 29 1174
15 21 29 22 1174
21 15 29 22 1174
15 21 23 28 1654
21 15 23 28 1654
15 21 28 23 1654
21 15 28 23 1654
15 21 24 27 2065
21 15 24 27 2065
15 21 27 24 2065
21 15 27 24 2065
15 21 25 26 2307
21 15 25 26 2307
15 21 26 25 2307
21 15 26 25 2307
12 24 13 38 0
24 12 13 38 0
12 24 38 13 0
24 12 38 13 0
13 23 13 38 0
23 13 13 38 0
13 23 38 13 0
23 13 38 13 0
14 22 13 38 0
22 14 13 38 0
14 22 38 13 0
22 14 38 13 0
15 21 13 38 0
21 15 13 38 0
15 21 38 13 0
21 15 38 13 0
15 21 14 37 0
21 15 14 37 0
15 21 37 14 0
21 15 37 14 0
15 21 15 36 0
21 15 15 36 0
15 21 36 15 0
21 15 36 15 0
16 20 14 37 0
20 16 14 37 0
16 20 37 14 0
20 16 37 14 0
16 20 15 36 1
20 16 15 36 1
16 20 36 15 1
20 16 36 15 1
16 20 16 35 8
20 16 16 35 8
16 20 35 16 8
20 16 35 16 8
16 20 17 34 38
20 16 17 34 38
16 20 34 17 38
20 16 34 17 38
16 20 18 33 121
20 16 18 33 121
16 20 33 18 121
20 16 33 18 121
16 20 19 32 309
20 16 19 32 309
16 20 32 19 309
20 16 32 19 309
16 20 20 31 646
20 16 20 31 646
16 20 31 20 646
20 16 31 20 646
16 20 21 30 1163
20 16 21 30 1163
16 20 30 21 1163
20 16 30 21 1163
16 20 22 29 1823
20 16 22 29 1823
16 20 29 22 1823
20 16 29 22 1823
16 20 23 28 2533
20 16 23 28 2533
16 20 28 23 2533
20 16 28 23 2533
16 20 24 27 3138
20 16 24 27 3138
16 20 27 24 3138
20 16 27 24 3138
16 20 25 26 3490
20 16 25 26 3490
16 20 26 25 3490
20 16 26 25 3490
17 19 17 34 56
19 17 17 34 56
17 19 34 17 56
19 17 34 17 56
17 19 18 33 170
19 17 18 33 170
17 19 33 18 170
19 17 33 18 170
17 19 19 32 420
19 17 19 32 420
17 19 32 19 420
19 17 32 19 420
17 19 20 31 859
19 17 20 31 859
17 19 31 20 859
19 17 31 20 859
17 19 21 30 1522
19 17 21 30 1522
17 19 30 21 1522
19 17 30 21 1522
17 19 22 29 2359
19 17 22 29 2359
17 19 29 22 2359
19 17 29 22 2359
17 19 23 28 3253
19 17 23 28 3253
17 19 28 23 3253
19 17 28 23 3253
17 19 24 27 4011
19 17 24 27 4011
17 19 27 24 4011
19 17 27 24 4011
17 19 25 26 4451
19 17 25 26 4451
17 19 26 25 4451
19 17 26 25 4451
17 19 14 37 0
19 17 14 37 0
17 19 37 14 0
19 17 37 14 0
17 19 15 36 2
19 17 15 36 2
17 19 36 15 2
19 17 36 15 2
17 19 16 35 13
19 17 16 35 13
17 19 35 16 13
19 17 35 16 13
18 18 16 35 15
18 18 35 16 15
18 18 17 34 63
18 18 34 17 63
18 18 18 33 189
18 18 33 18 189
18 18 19 32 463
18 18 32 19 463
18 18 20 31 942
18 18 31 20 942
18 18 21 30 1660
18 18 30 21 1660
18 18 22 29 2566
18 18 29 22 2566
18 18 23 28 3530
18 18 28 23 3530
18 18 24 27 4346
18 18 27 24 4346
18 18 25 26 4820
18 18 26 25 4820
11 25 13 38 0
25 11 13 38 0
11 25 38 13 0
25 11 38 13 0
12 24 12 39 0
24 12 12 39 0
12 24 39 12 0
24 12 39 12 0
13 23 12 39 0
23 13 12 39 0
13 23 39 12 0
23 13 39 12 0
14 22 12 39 0
22 14 12 39 0
14 22 39 12 0
22 14 39 12 0
15 21 12 39 0
21 15 12 39 0
15 21 39 12 0
21 15 39 12 0
13 23 11 40 0
23 13 11 40 0
13 23 40 11 0
23 13 40 11 0
14 22 11 40 0
22 14 11 40 0
14 22 40 11 0
22 14 40 11 0
15 21 11 40 0
21 15 11 40 0
15 21 40 11 0
21 15 40 11 0
16 20 11 40 0
20 16 11 40 0
16 20 40 11 0
20 16 40 11 0
16 20 12 39 0
20 16 12 39 0
16 20 39 12 0
20 16 39 12 0
16 20 13 38 0
20 16 13 38 0
16 20 38 13 0
20 16 38 13 0
17 19 12 39 0
19 17 12 39 0
17 19 39 12 0
19 17 39 12 0
17 19 13 38 0
19 17 13 38 0
17 19 38 13 0
19 17 38 13 0
18 18 15 36 2
18 18 36 15 2
17 19 11 40 0
19 17 11 40 0
17 19 40 11 0
19 17 40 11 0
18 18 11 40 0
18 18 40 11 0
18 18 12 39 0
18 18 39 12 0
18 18 13 38 0
18 18 38 13 0
18 18 14 37 0
18 18 37 14 0
15 21 10 41 0
21 15 10 41 0
15 21 41 10 0
21 15 41 10 0
16 20 10 41 0
20 16 10 41 0
16 20 41 10 0
20 16 41 10 0
17 19 10 41 0
19 17 10 41 0
17 19 41 10 0
19 17 41 10 0
18 18 10 41 0
18 18 41 10 0
