4 26 16 27 0
26 4 16 27 0
4 26 27 16 0
26 4 27 16 0
4 26 17 26 0
26 4 17 26 0
4 26 26 17 0
26 4 26 17 0
4 26 18 25 0
26 4 18 25 0
4 26 25 18 0
26 4 25 18 0
4 26 19 24 0
26 4 19 24 0
4 26 24 19 0
26 4 24 19 0
4 26 20 23 0
26 4 20 23 0
4 26 23 20 0
26 4 23 20 0
4 26 21 22 0
26 4 21 22 0
4 26 22 21 0
26 4 22 21 0
5 25 16 27 0
25 5 16 27 0
5 25 27 16 0
25 5 27 16 0
5 25 17 26 0
25 5 17 26 0
5 25 26 17 0
25 5 26 17 0
5 25 18 25 0
25 5 18 25 0
5 25 25 18 0
25 5 25 18 0
5 25 19 24 0
25 5 19 24 0
5 25 24 19 0
25 5 24 19 0
5 25 20 23 0
25 5 20 23 0
5 25 23 20 0
25 5 23 20 0
5 25 21 22 0
25 5 21 22 0
5 25 22 21 0
25 5 22 21 0
6 24 16 27 0
24 6 16 27 0
6 24 27 16 0
24 6 27 16 0
6 24 17 26 0
24 6 17 26 0
6 24 26 17 0
24 6 26 17 0
6 24 18 25 0
24 6 18 25 0
6 24 25 18 0
24 6 25 18 0
6 24 19 24 0
24 6 19 24 0
6 24 24 19 0
24 6 24 19 0
6 24 20 23 1
24 6 20 23 1
6 24 23 20 1
24 6 23 20 1
6 24 21 22 1
24 6 21 22 1
6 24 22 21 1
24 6 22 21 1
7 23 16 27 1
23 7 16 27 1
7 23 27 16 1
23 7 27 16 1
7 23 17 26 3
23 7 17 26 3
7 23 26 17 3
23 7 26 17 3
7 23 18 25 6
23 7 18 25 6
7 23 25 18 6
23 7 25 18 6
7 23 19 24 10
23 7 19 24 10
7 23 24 19 10
23 7 24 19 10
7 23 20 23 15
23 7 20 23 15
7 23 23 20 15
23 7 23 20 15
7 23 21 22 17
23 7 21 22 17
7 23 22 21 17
23 7 22 21 17
5 25 13 30 0
25 5 13 30 0
5 25 30 13 0
25 5 30 13 0
5 25 14 29 0
25 5 14 29 0
5 25 29 14 0
25 5 29 14 0
5 25 15 28 0
25 5 15 28 0
5 25 28 15 0
25 5 28 15 0
6 24 13 30 0
24 6 13 30 0
6 24 30 13 0
24 6 30 13 0
6 24 14 29 0
24 6 14 29 0
6 24 29 14 0
24 6 29 14 0
6 24 15 28 0
24 6 15 28 0
6 24 28 15 0
24 6 28 15 0
7 23 13 30 0
23 7 13 30 0
7 23 30 13 0
23 7 30 13 0
7 23 14 29 0
23 7 14 29 0
7 23 29 14 0
23 7 29 14 0
7 23 15 28 0
23 7 15 28 0
7 23 28 15 0
23 7 28 15 0
8 22 13 30 0
22 8 13 30 0
8 22 30 13 0
22 8 30 13 0
8 22 14 29 1
22 8 14 29 1
8 22 29 14 1
22 8 29 14 1
8 22 15 28 3
22 8 15 28 3
8 22 28 15 3
22 8 28 15 3
8 22 16 27 10
22 8 16 27 10
8 22 27 16 10
22 8 27 16 10
8 22 17 26 23
22 8 17 26 23
8 22 26 17 23
22 8 26 17 23
8 22 18 25 42
22 8 18 25 42
8 22 25 18 42
22 8 25 18 42
8 22 19 24 65
22 8 19 24 65
8 22 24 19 65
22 8 24 19 65
8 22 20 23 88
22 8 20 23 88
8 22 23 20 88
22 8 23 20 88
8 22 21 22 100
22 8 21 22 100
8 22 22 21 100
22 8 22 21 100
9 21 13 30 1
21 9 13 30 1
9 21 30 13 1
21 9 30 13 1
9 21 14 29 7
21 9 14 29 7
9 21 29 14 7
21 9 29 14 7
9 21 15 28 21
21 9 15 28 21
9 21 28 15 21
21 9 28 15 21
9 21 16 27 53
21 9 16 27 53
9 21 27 16 53
21 9 27 16 53
9 21 17 26 106
21 9 17 26 106
9 21 26 17 106
21 9 26 17 106
9 21 18 25 179
21 9 18 25 179
9 21 25 18 179
21 9 25 18 179
9 21 19 24 261
21 9 19 24 261
9 21 24 19 261
21 9 24 19 261
9 21 20 23 336
21 9 20 23 336
9 21 23 20 336
21 9 23 20 336
9 21 21 22 378
21 9 21 22 378
9 21 22 21 378
21 9 22 21 378
6 24 12 31 0
24 6 12 31 0
6 24 31 12 0
24 6 31 12 0
7 23 12 31 0
23 7 12 31 0
7 23 31 12 0
23 7 31 12 0
8 22 12 31 0
22 8 12 31 0
8 22 31 12 0
22 8 31 12 0
9 21 12 31 0
21 9 12 31 0
9 21 31 12 0
21 9 31 12 0
7 23 11 32 0
23 7 11 32 0
7 23 32 11 0
23 7 32 11 0
8 22 11 32 0
22 8 11 32 0
8 22 32 11 0
22 8 32 11 0
9 21 11 32 0
21 9 11 32 0
9 21 32 11 0
21 9 32 11 0
10 20 11 32 0
20 10 11 32 0
10 20 32 11 0
20 10 32 11 0
10 20 12 31 1
20 10 12 31 1
10 20 31 12 1
20 10 31 12 1
10 20 13 30 7
20 10 13 30 7
10 20 30 13 7
20 10 30 13 7
10 20 14 29 29
20 10 14 29 29
10 20 29 14 29
20 10 29 14 29
10 20 15 28 78
20 10 15 28 78
10 20 28 15 78
20 10 28 15 78
10 20 16 27 175
20 10 16 27 175
10 20 27 16 175
20 10 27 16 175
10 20 17 26 326
20 10 17 26 326
10 20 26 17 326
20 10 26 17 326
10 20 18 25 525
20 10 18 25 525
10 20 25 18 525
20 10 25 18 525
10 20 19 24 741
20 10 19 24 741
10 20 24 19 741
20 10 24 19 741
10 20 20 23 931
20 10 20 23 931
10 20 23 20 931
20 10 23 20 931
10 20 21 22 1039
20 10 21 22 1039
10 20 22 21 1039
20 10 22 21 1039
11 19 12 31 7
19 11 12 31 7
11 19 31 12 7
19 11 31 12 7
11 19 13 30 28
19 11 13 30 28
11 19 30 13 28
19 11 30 13 28
11 19 14 29 88
19 11 14 29 88
11 19 29 14 88
19 11 29 14 88
11 19 15 28 213
19 11 15 28 213
11 19 28 15 213
19 11 28 15 213
11 19 16 27 439
19 11 16 27 439
11 19 27 16 439
19 11 27 16 439
11 19 17 26 775
19 11 17 26 775
11 19 26 17 775
19 11 26 17 775
11 19 18 25 1203
19 11 18 25 1203
11 19 25 18 1203
19 11 25 18 1203
11 19 19 24 1656
19 11 19 24 1656
11 19 24 19 1656
19 11 24 19 1656
11 19 20 23 2046
19 11 20 23 2046
11 19 23 20 2046
19 11 23 20 2046
11 19 21 22 2268
19 11 21 22 2268
11 19 22 21 2268
19 11 22 21 2268
11 19 11 32 1
19 11 11 32 1
11 19 32 11 1
19 11 32 11 1
12 18 11 32 3
18 12 11 32 3
12 18 32 11 3
18 12 32 11 3
12 18 12 31 18
18 12 12 31 18
12 18 31 12 18
18 12 31 12 18
12 18 13 30 66
18 12 13 30 66
12 18 30 13 66
18 12 30 13 66
12 18 14 29 189
18 12 14 29 189
12 18 29 14 189
18 12 29 14 189
12 18 15 28 433
18 12 15 28 433
12 18 28 15 433
18 12 28 15 433
12 18 16 27 852
18 12 16 27 852
12 18 27 16 852
18 12 27 16 852
12 18 17 26 1457
18 12 17 26 1457
12 18 26 17 1457
18 12 26 17 1457
12 18 18 25 2209
18 12 18 25 2209
12 18 25 18 2209
18 12 25 18 2209
12 18 19 24 2993
18 12 19 24 2993
12 18 24 19 2993
18 12 24 19 2993
12 18 20 23 3658
18 12 20 23 3658
12 18 23 20 3658
18 12 23 20 3658
12 18 21 22 4036
18 12 21 22 4036
12 18 22 21 4036
18 12 22 21 4036
13 17 13 30 121
17 13 13 30 121
13 17 30 13 121
17 13 30 13 121
13 17 14 29 322
17 13 14 29 322
13 17 29 14 322
17 13 29 14 322
13 17 15 28 707
17 13 15 28 707
13 17 28 15 707
17 13 28 15 707
13 17 16 27 1349
17 13 16 27 1349
13 17 27 16 1349
17 13 27 16 1349
13 17 17 26 2257
17 13 17 26 2257
13 17 26 17 2257
17 13 26 17 2257
13 17 18 25 3368
17 13 18 25 3368
13 17 25 18 3368
17 13 25 18 3368
13 17 19 24 4514
17 13 19 24 4514
13 17 24 19 4514
17 13 24 19 4514
13 17 20 23 5477
17 13 20 23 5477
13 17 23 20 5477
17 13 23 20 5477
13 17 21 22 6023
17 13 21 22 6023
13 17 22 21 6023
17 13 22 21 6023
13 17 12 31 37
17 13 12 31 37
13 17 31 12 37
17 13 31 12 37
14 16 13 30 171
16 14 13 30 171
14 16 30 13 171
16 14 30 13 171
14 16 14 29 439
16 14 14 29 439
14 16 29 14 439
16 14 29 14 439
14 16 15 28 942
16 14 15 28 942
14 16 28 15 942
16 14 28 15 942
14 16 16 27 1766
16 14 16 27 1766
14 16 27 16 1766
16 14 27 16 1766
14 16 17 26 2919
16 14 17 26 2919
14 16 26 17 2919
16 14 26 17 2919
14 16 18 25 4316
16 14 18 25 4316
14 16 25 18 4316
16 14 25 18 4316
14 16 19 24 5749
16 14 19 24 5749
14 16 24 19 5749
16 14 24 19 5749
14 16 20 23 6947
16 14 20 23 6947
14 16 23 20 6947
16 14 23 20 6947
14 16 21 22 7625
16 14 21 22 7625
14 16 22 21 7625
16 14 22 21 7625
15 15 16 27 1925
15 15 27 16 1925
15 15 17 26 3171
15 15 26 17 3171
15 15 18 25 4677
15 15 25 18 4677
15 15 19 24 6219
15 15 24 19 6219
15 15 20 23 7506
15 15 23 20 7506
15 15 21 22 8234
15 15 22 21 8234
7 23 10 33 0
23 7 10 33 0
7 23 33 10 0
23 7 33 10 0
8 22 10 33 0
22 8 10 33 0
8 22 33 10 0
22 8 33 10 0
9 21 10 33 0
21 9 10 33 0
9 21 33 10 0
21 9 33 10 0
10 20 10 33 0
20 10 10 33 0
10 20 33 10 0
20 10 33 10 0
8 22 9 34 0
22 8 9 34 0
8 22 34 9 0
22 8 34 9 0
9 21 9 34 0
21 9 9 34 0
9 21 34 9 0
21 9 34 9 0
10 20 9 34 0
20 10 9 34 0
10 20 34 9 0
20 10 34 9 0
11 19 9 34 0
19 11 9 34 0
11 19 34 9 0
19 11 34 9 0
11 19 10 33 0
19 11 10 33 0
11 19 33 10 0
19 11 33 10 0
12 18 10 33 0
18 12 10 33 0
12 18 33 10 0
18 12 33 10 0
9 21 8 35 0
21 9 8 35 0
9 21 35 8 0
21 9 35 8 0
10 20 8 35 0
20 10 8 35 0
10 20 35 8 0
20 10 35 8 0
11 19 8 35 0
19 11 8 35 0
11 19 35 8 0
19 11 35 8 0
12 18 8 35 0
18 12 8 35 0
12 18 35 8 0
18 12 35 8 0
12 18 9 34 0
18 12 9 34 0
12 18 34 9 0
18 12 34 9 0
13 17 8 35 0
17 13 8 35 0
13 17 35 8 0
17 13 35 8 0
13 17 9 34 0
17 13 9 34 0
13 17 34 9 0
17 13 34 9 0
13 17 10 33 1
17 13 10 33 1
13 17 33 10 1
17 13 33 10 1
13 17 11 32 8
17 13 11 32 8
13 17 32 11 8
17 13 32 11 8
14 16 10 33 2
16 14 10 33 2
14 16 33 10 2
16 14 33 10 2
14 16 11 32 13
16 14 11 32 13
14 16 32 11 13
16 14 32 11 13
14 16 12 31 55
16 14 12 31 55
14 16 31 12 55
16 14 31 12 55
14 16 8 35 0
16 14 8 35 0
14 16 35 8 0
16 14 35 8 0
14 16 9 34 0
16 14 9 34 0
14 16 34 9 0
16 14 34 9 0
15 15 9 34 0
15 15 34 9 0
15 15 10 33 2
15 15 33 10 2
15 15 11 32 14
15 15 32 11 14
15 15 12 31 61
15 15 31 12 61
15 15 13 30 189
15 15 30 13 189
15 15 14 29 483
15 15 29 14 483
15 15 15 28 1031
15 15 28 15 1031
10 20 7 36 0
20 10 7 36 0
10 20 36 7 0
20 10 36 7 0
11 19 7 36 0
19 11 7 36 0
11 19 36 7 0
19 11 36 7 0
12 18 7 36 0
18 12 7 36 0
12 18 36 7 0
18 12 36 7 0
13 17 7 36 0
17 13 7 36 0
13 17 36 7 0
17 13 36 7 0
14 16 7 36 0
16 14 7 36 0
14 16 36 7 0
16 14 36 7 0
12 18 6 37 0
18 12 6 37 0
12 18 37 6 0
18 12 37 6 0
13 17 6 37 0
17 13 6 37 0
13 17 37 6 0
17 13 37 6 0
14 16 6 37 0
16 14 6 37 0
14 16 37 6 0
16 14 37 6 0
15 15 6 37 0
15 15 37 6 0
15 15 7 36 0
15 15 36 7 0
15 15 8 35 0
15 15 35 8 0
