11 31 23 36 0
31 11 23 36 0
11 31 36 23 0
31 11 36 23 0
11 31 24 35 0
31 11 24 35 0
11 31 35 24 0
31 11 35 24 0
11 31 25 34 0
31 11 25 34 0
11 31 34 25 0
31 11 34 25 0
11 31 26 33 0
31 11 26 33 0
11 31 33 26 0
31 11 33 26 0
11 31 27 32 0
31 11 27 32 0
11 31 32 27 0
31 11 32 27 0
11 31 28 31 0
31 11 28 31 0
11 31 31 28 0
31 11 31 28 0
11 31 29 30 0
31 11 29 30 0
11 31 30 29 0
31 11 30 29 0
12 30 23 36 0
30 12 23 36 0
12 30 36 23 0
30 12 36 23 0
12 30 24 35 0
30 12 24 35 0
12 30 35 24 0
30 12 35 24 0
12 30 25 34 0
30 12 25 34 0
12 30 34 25 0
30 12 34 25 0
12 30 26 33 0
30 12 26 33 0
12 30 33 26 0
30 12 33 26 0
12 30 27 32 0
30 12 27 32 0
12 30 32 27 0
30 12 32 27 0
12 30 28 31 0
30 12 28 31 0
12 30 31 28 0
30 12 31 28 0
12 30 29 30 0
30 12 29 30 0
12 30 30 29 0
30 12 30 29 0
13 29 23 36 0
29 13 23 36 0
13 29 36 23 0
29 13 36 23 0
13 29 24 35 0
29 13 24 35 0
13 29 35 24 0
29 13 35 24 0
13 29 25 34 0
29 13 25 34 0
13 29 34 25 0
29 13 34 25 0
13 29 26 33 0
29 13 26 33 0
13 29 33 26 0
29 13 33 26 0
13 29 27 32 0
29 13 27 32 0
13 29 32 27 0
29 13 32 27 0
13 29 28 31 0
29 13 28 31 0
13 29 31 28 0
29 13 31 28 0
13 29 29 30 0
29 13 29 30 0
13 29 30 29 0
29 13 30 29 0
14 28 23 36 0
28 14 23 36 0
14 28 36 23 0
28 14 36 23 0
14 28 24 35 0
28 14 24 35 0
14 28 35 24 0
28 14 35 24 0
14 28 25 34 0
28 14 25 34 0
14 28 34 25 0
28 14 34 25 0
14 28 26 33 1
28 14 26 33 1
14 28 33 26 1
28 14 33 26 1
14 28 27 32 2
28 14 27 32 2
14 28 32 27 2
28 14 32 27 2
14 28 28 31 3
28 14 28 31 3
14 28 31 28 3
28 14 31 28 3
14 28 29 30 4
28 14 29 30 4
14 28 30 29 4
28 14 30 29 4
12 30 21 38 0
30 12 21 38 0
12 30 38 21 0
30 12 38 21 0
12 30 22 37 0
30 12 22 37 0
12 30 37 22 0
30 12 37 22 0
13 29 21 38 0
29 13 21 38 0
13 29 38 21 0
29 13 38 21 0
13 29 22 37 0
29 13 22 37 0
13 29 37 22 0
29 13 37 22 0
14 28 21 38 0
28 14 21 38 0
14 28 38 21 0
28 14 38 21 0
14 28 22 37 0
28 14 22 37 0
14 28 37 22 0
28 14 37 22 0
15 27 21 38 0
27 15 21 38 0
15 27 38 21 0
27 15 38 21 0
15 27 22 37 0
27 15 22 37 0
15 27 37 22 0
27 15 37 22 0
15 27 23 36 0
27 15 23 36 0
15 27 36 23 0
27 15 36 23 0
15 27 24 35 1
27 15 24 35 1
15 27 35 24 1
27 15 35 24 1
15 27 25 34 3
27 15 25 34 3
15 27 34 25 3
27 15 34 25 3
15 27 26 33 9
27 15 26 33 9
15 27 33 26 9
27 15 33 26 9
15 27 27 32 16
27 15 27 32 16
15 27 32 27 16
27 15 32 27 16
15 27 28 31 23
27 15 28 31 23
15 27 31 28 23
27 15 31 28 23
15 27 29 30 28
27 15 29 30 28
15 27 30 29 28
27 15 30 29 28
16 26 21 38 0
26 16 21 38 0
16 26 38 21 0
26 16 38 21 0
16 26 22 37 0
26 16 22 37 0
16 26 37 22 0
26 16 37 22 0
16 26 23 36 1
26 16 23 36 1
16 26 36 23 1
26 16 36 23 1
16 26 24 35 6
26 16 24 35 6
16 26 35 24 6
26 16 35 24 6
16 26 25 34 16
26 16 25 34 16
16 26 34 25 16
26 16 34 25 16
16 26 26 33 36
26 16 26 33 36
16 26 33 26 36
26 16 33 26 36
16 26 27 32 60
26 16 27 32 60
16 26 32 27 60
26 16 32 27 60
16 26 28 31 83
26 16 28 31 83
16 26 31 28 83
26 16 31 28 83
16 26 29 30 98
26 16 29 30 98
16 26 30 29 98
26 16 30 29 98
17 25 23 36 6
25 17 23 36 6
17 25 36 23 6
25 17 36 23 6
17 25 24 35 22
25 17 24 35 22
17 25 35 24 22
25 17 35 24 22
17 25 25 34 52
25 17 25 34 52
17 25 34 25 52
25 17 34 25 52
17 25 26 33 103
25 17 26 33 103
17 25 33 26 103
25 17 33 26 103
17 25 27 32 163
25 17 27 32 163
17 25 32 27 163
25 17 32 27 163
17 25 28 31 219
25 17 28 31 219
17 25 31 28 219
25 17 31 28 219
17 25 29 30 254
25 17 29 30 254
17 25 30 29 254
25 17 30 29 254
13 29 19 40 0
29 13 19 40 0
13 29 40 19 0
29 13 40 19 0
13 29 20 39 0
29 13 20 39 0
13 29 39 20 0
29 13 39 20 0
14 28 19 40 0
28 14 19 40 0
14 28 40 19 0
28 14 40 19 0
14 28 20 39 0
28 14 20 39 0
14 28 39 20 0
28 14 39 20 0
15 27 19 40 0
27 15 19 40 0
15 27 40 19 0
27 15 40 19 0
15 27 20 39 0
27 15 20 39 0
15 27 39 20 0
27 15 39 20 0
16 26 19 40 0
26 16 19 40 0
16 26 40 19 0
26 16 40 19 0
16 26 20 39 0
26 16 20 39 0
16 26 39 20 0
26 16 39 20 0
14 28 18 41 0
28 14 18 41 0
14 28 41 18 0
28 14 41 18 0
15 27 18 41 0
27 15 18 41 0
15 27 41 18 0
27 15 41 18 0
16 26 18 41 0
26 16 18 41 0
16 26 41 18 0
26 16 41 18 0
17 25 18 41 0
25 17 18 41 0
17 25 41 18 0
25 17 41 18 0
17 25 19 40 0
25 17 19 40 0
17 25 40 19 0
25 17 40 19 0
17 25 20 39 0
25 17 20 39 0
17 25 39 20 0
25 17 39 20 0
17 25 21 38 0
25 17 21 38 0
17 25 38 21 0
25 17 38 21 0
17 25 22 37 1
25 17 22 37 1
17 25 37 22 1
25 17 37 22 1
18 24 19 40 0
24 18 19 40 0
18 24 40 19 0
24 18 40 19 0
18 24 20 39 0
24 18 20 39 0
18 24 39 20 0
24 18 39 20 0
18 24 21 38 0
24 18 21 38 0
18 24 38 21 0
24 18 38 21 0
18 24 22 37 3
24 18 22 37 3
18 24 37 22 3
24 18 37 22 3
18 24 23 36 16
24 18 23 36 16
18 24 36 23 16
24 18 36 23 16
18 24 24 35 51
24 18 24 35 51
18 24 35 24 51
24 18 35 24 51
18 24 25 34 115
24 18 25 34 115
18 24 34 25 115
24 18 34 25 115
18 24 26 33 214
24 18 26 33 214
18 24 33 26 214
24 18 33 26 214
18 24 27 32 329
24 18 27 32 329
18 24 32 27 329
24 18 32 27 329
18 24 28 31 434
24 18 28 31 434
18 24 31 28 434
24 18 31 28 434
18 24 29 30 498
24 18 29 30 498
18 24 30 29 498
24 18 30 29 498
19 23 22 37 9
23 19 22 37 9
19 23 37 22 9
23 19 37 22 9
19 23 23 36 34
23 19 23 36 34
19 23 36 23 34
23 19 36 23 34
19 23 24 35 95
23 19 24 35 95
19 23 35 24 95
23 19 35 24 95
19 23 25 34 201
23 19 25 34 201
19 23 34 25 201
23 19 34 25 201
19 23 26 33 358
23 19 26 33 358
19 23 33 26 358
23 19 33 26 358
19 23 27 32 537
23 19 27 32 537
19 23 32 27 537
23 19 32 27 537
19 23 28 31 699
23 19 28 31 699
19 23 31 28 699
23 19 31 28 699
19 23 29 30 796
23 19 29 30 796
19 23 30 29 796
23 19 30 29 796
15 27 17 42 0
27 15 17 42 0
15 27 42 17 0
27 15 42 17 0
16 26 17 42 0
26 16 17 42 0
16 26 42 17 0
26 16 42 17 0
17 25 17 42 0
25 17 17 42 0
17 25 42 17 0
25 17 42 17 0
18 24 17 42 0
24 18 17 42 0
18 24 42 17 0
24 18 42 17 0
18 24 18 41 0
24 18 18 41 0
18 24 41 18 0
24 18 41 18 0
19 23 17 42 0
23 19 17 42 0
19 23 42 17 0
23 19 42 17 0
19 23 18 41 0
23 19 18 41 0
19 23 41 18 0
23 19 41 18 0
19 23 19 40 0
23 19 19 40 0
19 23 40 19 0
23 19 40 19 0
19 23 20 39 0
23 19 20 39 0
19 23 39 20 0
23 19 39 20 0
19 23 21 38 1
23 19 21 38 1
19 23 38 21 1
23 19 38 21 1
20 22 19 40 0
22 20 19 40 0
20 22 40 19 0
22 20 40 19 0
20 22 20 39 0
22 20 20 39 0
20 22 39 20 0
22 20 39 20 0
20 22 21 38 2
22 20 21 38 2
20 22 38 21 2
22 20 38 21 2
20 22 22 37 14
22 20 22 37 14
20 22 37 22 14
22 20 37 22 14
20 22 23 36 50
22 20 23 36 50
20 22 36 23 50
22 20 36 23 50
20 22 24 35 133
22 20 24 35 133
20 22 35 24 133
22 20 35 24 133
20 22 25 34 275
22 20 25 34 275
20 22 34 25 275
22 20 34 25 275
20 22 26 33 480
22 20 26 33 480
20 22 33 26 480
22 20 33 26 480
20 22 27 32 712
22 20 27 32 712
20 22 32 27 712
22 20 32 27 712
20 22 28 31 920
22 20 28 31 920
20 22 31 28 920
22 20 31 28 920
20 22 29 30 1044
22 20 29 30 1044
20 22 30 29 1044
22 20 30 29 1044
21 21 23 36 56
21 21 36 23 56
21 21 24 35 148
21 21 35 24 148
21 21 25 34 304
21 21 34 25 304
21 21 26 33 528
21 21 33 26 528
21 21 27 32 780
21 21 32 27 780
21 21 28 31 1006
21 21 31 28 1006
21 21 29 30 1140
21 21 30 29 1140
20 22 17 42 0
22 20 17 42 0
20 22 42 17 0
22 20 42 17 0
20 22 18 41 0
22 20 18 41 0
20 22 41 18 0
22 20 41 18 0
21 21 18 41 0
21 21 41 18 0
21 21 19 40 0
21 21 40 19 0
21 21 20 39 0
21 21 39 20 0
21 21 21 38 2
21 21 38 21 2
21 21 22 37 16
21 21 37 22 16
16 26 16 43 0
26 16 16 43 0
16 26 43 16 0
26 16 43 16 0
17 25 16 43 0
25 17 16 43 0
17 25 43 16 0
25 17 43 16 0
18 24 16 43 0
24 18 16 43 0
18 24 43 16 0
24 18 43 16 0
19 23 16 43 0
23 19 16 43 0
19 23 43 16 0
23 19 43 16 0
20 22 16 43 0
22 20 16 43 0
20 22 43 16 0
22 20 43 16 0
18 24 15 44 0
24 18 15 44 0
18 24 44 15 0
24 18 44 15 0
19 23 15 44 0
23 19 15 44 0
19 23 44 15 0
23 19 44 15 0
20 22 15 44 0
22 20 15 44 0
20 22 44 15 0
22 20 44 15 0
21 21 15 44 0
21 21 44 15 0
21 21 16 43 0
21 21 43 16 0
21 21 17 42 0
21 21 42 17 0
