2 22 11 24 0
22 2 11 24 0
2 22 24 11 0
22 2 24 11 0
2 22 12 23 0
22 2 12 23 0
2 22 23 12 0
22 2 23 12 0
2 22 13 22 0
22 2 13 22 0
2 22 22 13 0
22 2 22 13 0
2 22 14 21 0
22 2 14 21 0
2 22 21 14 0
22 2 21 14 0
2 22 15 20 0
22 2 15 20 0
2 22 20 15 0
22 2 20 15 0
2 22 16 19 0
22 2 16 19 0
2 22 19 16 0
22 2 19 16 0
2 22 17 18 0
22 2 17 18 0
2 22 18 17 0
22 2 18 17 0
3 21 11 24 0
21 3 11 24 0
3 21 24 11 0
21 3 24 11 0
3 21 12 23 0
21 3 12 23 0
3 21 23 12 0
21 3 23 12 0
3 21 13 22 0
21 3 13 22 0
3 21 22 13 0
21 3 22 13 0
3 21 14 21 0
21 3 14 21 0
3 21 21 14 0
21 3 21 14 0
3 21 15 20 0
21 3 15 20 0
3 21 20 15 0
21 3 20 15 0
3 21 16 19 0
21 3 16 19 0
3 21 19 16 0
21 3 19 16 0
3 21 17 18 0
21 3 17 18 0
3 21 18 17 0
21 3 18 17 0
4 20 11 24 0
20 4 11 24 0
4 20 24 11 0
20 4 24 11 0
4 20 12 23 0
20 4 12 23 0
4 20 23 12 0
20 4 23 12 0
4 20 13 22 1
20 4 13 22 1
4 20 22 13 1
20 4 22 13 1
4 20 14 21 2
20 4 14 21 2
4 20 21 14 2
20 4 21 14 2
4 20 15 20 4
20 4 15 20 4
4 20 20 15 4
20 4 20 15 4
4 20 16 19 6
20 4 16 19 6
4 20 19 16 6
20 4 19 16 6
4 20 17 18 7
20 4 17 18 7
4 20 18 17 7
20 4 18 17 7
5 19 11 24 1
19 5 11 24 1
5 19 24 11 1
19 5 24 11 1
5 19 12 23 4
19 5 12 23 4
5 19 23 12 4
19 5 23 12 4
5 19 13 22 11
19 5 13 22 11
5 19 22 13 11
19 5 22 13 11
5 19 14 21 21
19 5 14 21 21
5 19 21 14 21
19 5 21 14 21
5 19 15 20 34
19 5 15 20 34
5 19 20 15 34
19 5 20 15 34
5 19 16 19 45
19 5 16 19 45
5 19 19 16 45
19 5 19 16 45
5 19 17 18 52
19 5 17 18 52
5 19 18 17 52
19 5 18 17 52
3 21 10 25 0
21 3 10 25 0
3 21 25 10 0
21 3 25 10 0
4 20 10 25 0
20 4 10 25 0
4 20 25 10 0
20 4 25 10 0
5 19 10 25 0
19 5 10 25 0
5 19 25 10 0
19 5 25 10 0
6 18 10 25 4
18 6 10 25 4
6 18 25 10 4
18 6 25 10 4
6 18 11 24 13
18 6 11 24 13
6 18 24 11 13
18 6 24 11 13
6 18 12 23 31
18 6 12 23 31
6 18 23 12 31
18 6 23 12 31
6 18 13 22 63
18 6 13 22 63
6 18 22 13 63
18 6 22 13 63
6 18 14 21 106
18 6 14 21 106
6 18 21 14 106
18 6 21 14 106
6 18 15 20 156
18 6 15 20 156
6 18 20 15 156
18 6 20 15 156
6 18 16 19 199
18 6 16 19 199
6 18 19 16 199
18 6 19 16 199
6 18 17 18 225
18 6 17 18 225
6 18 18 17 225
18 6 18 17 225
7 17 10 25 20
17 7 10 25 20
7 17 25 10 20
17 7 25 10 20
7 17 11 24 54
17 7 11 24 54
7 17 24 11 54
17 7 24 11 54
7 17 12 23 116
17 7 12 23 116
7 17 23 12 116
17 7 23 12 116
7 17 13 22 214
17 7 13 22 214
7 17 22 13 214
17 7 22 13 214
7 17 14 21 340
17 7 14 21 340
7 17 21 14 340
17 7 21 14 340
7 17 15 20 478
17 7 15 20 478
7 17 20 15 478
17 7 20 15 478
7 17 16 19 595
17 7 16 19 595
7 17 19 16 595
17 7 19 16 595
7 17 17 18 664
17 7 17 18 664
7 17 18 17 664
17 7 18 17 664
8 16 10 25 67
16 8 10 25 67
8 16 25 10 67
16 8 25 10 67
8 16 11 24 158
16 8 11 24 158
8 16 24 11 158
16 8 24 11 158
8 16 12 23 312
16 8 12 23 312
8 16 23 12 312
16 8 23 12 312
8 16 13 22 540
16 8 13 22 540
8 16 22 13 540
16 8 22 13 540
8 16 14 21 823
16 8 14 21 823
8 16 21 14 823
16 8 21 14 823
8 16 15 20 1123
16 8 15 20 1123
8 16 20 15 1123
16 8 20 15 1123
8 16 16 19 1374
16 8 16 19 1374
8 16 19 16 1374
16 8 19 16 1374
8 16 17 18 1520
16 8 17 18 1520
8 16 18 17 1520
16 8 18 17 1520
9 15 11 24 333
15 9 11 24 333
9 15 24 11 333
15 9 24 11 333
9 15 12 23 630
15 9 12 23 630
9 15 23 12 630
15 9 23 12 630
9 15 13 22 1053
15 9 13 22 1053
9 15 22 13 1053
15 9 22 13 1053
9 15 14 21 1565
15 9 14 21 1565
9 15 21 14 1565
15 9 21 14 1565
9 15 15 20 2096
15 9 15 20 2096
9 15 20 15 2096
15 9 20 15 2096
9 15 16 19 2536
15 9 16 19 2536
9 15 19 16 2536
15 9 19 16 2536
9 15 17 18 2789
15 9 17 18 2789
9 15 18 17 2789
15 9 18 17 2789
3 21 9 26 0
21 3 9 26 0
3 21 26 9 0
21 3 26 9 0
4 20 9 26 0
20 4 9 26 0
4 20 26 9 0
20 4 26 9 0
5 19 9 26 0
19 5 9 26 0
5 19 26 9 0
19 5 26 9 0
6 18 9 26 1
18 6 9 26 1
6 18 26 9 1
18 6 26 9 1
4 20 7 28 0
20 4 7 28 0
4 20 28 7 0
20 4 28 7 0
4 20 8 27 0
20 4 8 27 0
4 20 27 8 0
20 4 27 8 0
5 19 7 28 0
19 5 7 28 0
5 19 28 7 0
19 5 28 7 0
5 19 8 27 0
19 5 8 27 0
5 19 27 8 0
19 5 27 8 0
6 18 7 28 0
18 6 7 28 0
6 18 28 7 0
18 6 28 7 0
6 18 8 27 0
18 6 8 27 0
6 18 27 8 0
18 6 27 8 0
7 17 7 28 0
17 7 7 28 0
7 17 28 7 0
17 7 28 7 0
7 17 8 27 1
17 7 8 27 1
7 17 27 8 1
17 7 27 8 1
7 17 9 26 6
17 7 9 26 6
7 17 26 9 6
17 7 26 9 6
8 16 7 28 1
16 8 7 28 1
8 16 28 7 1
16 8 28 7 1
8 16 8 27 6
16 8 8 27 6
8 16 27 8 6
16 8 27 8 6
8 16 9 26 24
16 8 9 26 24
8 16 26 9 24
16 8 26 9 24
6 18 6 29 0
18 6 6 29 0
6 18 29 6 0
18 6 29 6 0
7 17 6 29 0
17 7 6 29 0
7 17 29 6 0
17 7 29 6 0
8 16 6 29 0
16 8 6 29 0
8 16 29 6 0
16 8 29 6 0
9 15 6 29 0
15 9 6 29 0
9 15 29 6 0
15 9 29 6 0
9 15 7 28 3
15 9 7 28 3
9 15 28 7 3
15 9 28 7 3
9 15 8 27 16
15 9 8 27 16
9 15 27 8 16
15 9 27 8 16
9 15 9 26 57
15 9 9 26 57
9 15 26 9 57
15 9 26 9 57
9 15 10 25 150
15 9 10 25 150
9 15 25 10 150
15 9 25 10 150
10 14 7 28 8
14 10 7 28 8
10 14 28 7 8
14 10 28 7 8
10 14 8 27 33
14 10 8 27 33
10 14 27 8 33
14 10 27 8 33
10 14 9 26 105
14 10 9 26 105
10 14 26 9 105
14 10 26 9 105
10 14 10 25 261
14 10 10 25 261
10 14 25 10 261
14 10 25 10 261
10 14 11 24 555
14 10 11 24 555
10 14 24 11 555
14 10 24 11 555
10 14 12 23 1020
14 10 12 23 1020
10 14 23 12 1020
14 10 23 12 1020
10 14 13 22 1667
14 10 13 22 1667
10 14 22 13 1667
14 10 22 13 1667
10 14 14 21 2437
14 10 14 21 2437
10 14 21 14 2437
14 10 21 14 2437
10 14 15 20 3225
14 10 15 20 3225
10 14 20 15 3225
14 10 20 15 3225
10 14 16 19 3873
14 10 16 19 3873
10 14 19 16 3873
14 10 19 16 3873
10 14 17 18 4243
14 10 17 18 4243
10 14 18 17 4243
14 10 18 17 4243
11 13 7 28 13
13 11 7 28 13
11 13 28 7 13
13 11 28 7 13
11 13 8 27 50
13 11 8 27 50
11 13 27 8 50
13 11 27 8 50
11 13 9 26 150
13 11 9 26 150
11 13 26 9 150
13 11 26 9 150
11 13 10 25 361
13 11 10 25 361
11 13 25 10 361
13 11 25 10 361
11 13 11 24 749
13 11 11 24 749
11 13 24 11 749
13 11 24 11 749
11 13 12 23 1354
13 11 12 23 1354
11 13 23 12 1354
13 11 23 12 1354
11 13 13 22 2184
13 11 13 22 2184
11 13 22 13 2184
13 11 22 13 2184
11 13 14 21 3163
13 11 14 21 3163
11 13 21 14 3163
13 11 21 14 3163
11 13 15 20 4157
13 11 15 20 4157
11 13 20 15 4157
13 11 20 15 4157
11 13 16 19 4971
13 11 16 19 4971
11 13 19 16 4971
13 11 19 16 4971
11 13 17 18 5434
13 11 17 18 5434
11 13 18 17 5434
13 11 18 17 5434
12 12 9 26 165
12 12 26 9 165
12 12 10 25 397
12 12 25 10 397
12 12 11 24 821
12 12 24 11 821
12 12 12 23 1479
12 12 23 12 1479
12 12 13 22 2379
12 12 22 13 2379
12 12 14 21 3437
12 12 21 14 3437
12 12 15 20 4509
12 12 20 15 4509
12 12 16 19 5386
12 12 19 16 5386
12 12 17 18 5884
12 12 18 17 5884
5 19 6 29 0
19 5 6 29 0
5 19 29 6 0
19 5 29 6 0
6 18 5 30 0
18 6 5 30 0
6 18 30 5 0
18 6 30 5 0
7 17 5 30 0
17 7 5 30 0
7 17 30 5 0
17 7 30 5 0
8 16 5 30 0
16 8 5 30 0
8 16 30 5 0
16 8 30 5 0
9 15 5 30 0
15 9 5 30 0
9 15 30 5 0
15 9 30 5 0
7 17 4 31 0
17 7 4 31 0
7 17 31 4 0
17 7 31 4 0
8 16 4 31 0
16 8 4 31 0
8 16 31 4 0
16 8 31 4 0
9 15 4 31 0
15 9 4 31 0
9 15 31 4 0
15 9 31 4 0
10 14 4 31 0
14 10 4 31 0
10 14 31 4 0
14 10 31 4 0
10 14 5 30 0
14 10 5 30 0
10 14 30 5 0
14 10 30 5 0
10 14 6 29 1
14 10 6 29 1
10 14 29 6 1
14 10 29 6 1
11 13 5 30 0
13 11 5 30 0
11 13 30 5 0
13 11 30 5 0
11 13 6 29 2
13 11 6 29 2
11 13 29 6 2
13 11 29 6 2
11 13 4 31 0
13 11 4 31 0
11 13 31 4 0
13 11 31 4 0
12 12 4 31 0
12 12 31 4 0
12 12 5 30 0
12 12 30 5 0
12 12 6 29 2
12 12 29 6 2
12 12 7 28 14
12 12 28 7 14
12 12 8 27 55
12 12 27 8 55
9 15 3 32 0
15 9 3 32 0
9 15 32 3 0
15 9 32 3 0
10 14 3 32 0
14 10 3 32 0
10 14 32 3 0
14 10 32 3 0
11 13 3 32 0
13 11 3 32 0
11 13 32 3 0
13 11 32 3 0
12 12 3 32 0
12 12 32 3 0
