0 18 10 17 0
18 0 10 17 0
0 18 17 10 0
18 0 17 10 0
0 18 11 16 0
18 0 11 16 0
0 18 16 11 0
18 0 16 11 0
0 18 12 15 0
18 0 12 15 0
0 18 15 12 0
18 0 15 12 0
0 18 13 14 0
18 0 13 14 0
0 18 14 13 0
18 0 14 13 0
1 17 10 17 0
17 1 10 17 0
1 17 17 10 0
17 1 17 10 0
1 17 11 16 0
17 1 11 16 0
1 17 16 11 0
17 1 16 11 0
1 17 12 15 0
17 1 12 15 0
1 17 15 12 0
17 1 15 12 0
1 17 13 14 0
17 1 13 14 0
1 17 14 13 0
17 1 14 13 0
2 16 10 17 1
16 2 10 17 1
2 16 17 10 1
16 2 17 10 1
2 16 11 16 2
16 2 11 16 2
2 16 16 11 2
16 2 16 11 2
2 16 12 15 3
16 2 12 15 3
2 16 15 12 3
16 2 15 12 3
2 16 13 14 4
16 2 13 14 4
2 16 14 13 4
16 2 14 13 4
3 15 10 17 13
15 3 10 17 13
3 15 17 10 13
15 3 17 10 13
3 15 11 16 20
15 3 11 16 20
3 15 16 11 20
15 3 16 11 20
3 15 12 15 26
15 3 12 15 26
3 15 15 12 26
15 3 15 12 26
3 15 13 14 31
15 3 13 14 31
3 15 14 13 31
15 3 14 13 31
1 17 6 21 0
17 1 6 21 0
1 17 21 6 0
17 1 21 6 0
1 17 7 20 0
17 1 7 20 0
1 17 20 7 0
17 1 20 7 0
1 17 8 19 0
17 1 8 19 0
1 17 19 8 0
17 1 19 8 0
1 17 9 18 0
17 1 9 18 0
1 17 18 9 0
17 1 18 9 0
2 16 6 21 0
16 2 6 21 0
2 16 21 6 0
16 2 21 6 0
2 16 7 20 0
16 2 7 20 0
2 16 20 7 0
16 2 20 7 0
2 16 8 19 0
16 2 8 19 0
2 16 19 8 0
16 2 19 8 0
2 16 9 18 0
16 2 9 18 0
2 16 18 9 0
16 2 18 9 0
3 15 6 21 0
15 3 6 21 0
3 15 21 6 0
15 3 21 6 0
3 15 7 20 1
15 3 7 20 1
3 15 20 7 1
15 3 20 7 1
3 15 8 19 3
15 3 8 19 3
3 15 19 8 3
15 3 19 8 3
3 15 9 18 6
15 3 9 18 6
3 15 18 9 6
15 3 18 9 6
4 14 6 21 2
14 4 6 21 2
4 14 21 6 2
14 4 21 6 2
4 14 7 20 7
14 4 7 20 7
4 14 20 7 7
14 4 20 7 7
4 14 8 19 18
14 4 8 19 18
4 14 19 8 18
14 4 19 8 18
4 14 9 18 34
14 4 9 18 34
4 14 18 9 34
14 4 18 9 34
4 14 10 17 58
14 4 10 17 58
4 14 17 10 58
14 4 17 10 58
4 14 11 16 83
14 4 11 16 83
4 14 16 11 83
14 4 16 11 83
4 14 12 15 105
14 4 12 15 105
4 14 15 12 105
14 4 15 12 105
4 14 13 14 119
14 4 13 14 119
4 14 14 13 119
14 4 14 13 119
5 13 6 21 13
13 5 6 21 13
5 13 21 6 13
13 5 21 6 13
5 13 7 20 32
13 5 7 20 32
5 13 20 7 32
13 5 20 7 32
5 13 8 19 66
13 5 8 19 66
5 13 19 8 66
13 5 19 8 66
5 13 9 18 114
13 5 9 18 114
5 13 18 9 114
13 5 18 9 114
5 13 10 17 177
13 5 10 17 177
5 13 17 10 177
13 5 17 10 177
5 13 11 16 241
13 5 11 16 241
5 13 16 11 241
13 5 16 11 241
5 13 12 15 295
13 5 12 15 295
5 13 15 12 295
13 5 15 12 295
5 13 13 14 327
13 5 13 14 327
5 13 14 13 327
13 5 14 13 327
6 12 6 21 35
12 6 6 21 35
6 12 21 6 35
12 6 21 6 35
6 12 7 20 80
12 6 7 20 80
6 12 20 7 80
12 6 20 7 80
6 12 8 19 155
12 6 8 19 155
6 12 19 8 155
12 6 19 8 155
6 12 9 18 256
12 6 9 18 256
6 12 18 9 256
12 6 18 9 256
6 12 10 17 382
12 6 10 17 382
6 12 17 10 382
12 6 17 10 382
6 12 11 16 507
12 6 11 16 507
6 12 16 11 507
12 6 16 11 507
6 12 12 15 610
12 6 12 15 610
6 12 15 12 610
12 6 15 12 610
6 12 13 14 670
12 6 13 14 670
6 12 14 13 670
12 6 14 13 670
2 16 4 23 0
16 2 4 23 0
2 16 23 4 0
16 2 23 4 0
2 16 5 22 0
16 2 5 22 0
2 16 22 5 0
16 2 22 5 0
3 15 4 23 0
15 3 4 23 0
3 15 23 4 0
15 3 23 4 0
3 15 5 22 0
15 3 5 22 0
3 15 22 5 0
15 3 22 5 0
4 14 4 23 0
14 4 4 23 0
4 14 23 4 0
14 4 23 4 0
4 14 5 22 0
14 4 5 22 0
4 14 22 5 0
14 4 22 5 0
5 13 4 23 1
13 5 4 23 1
5 13 23 4 1
13 5 23 4 1
5 13 5 22 4
13 5 5 22 4
5 13 22 5 4
13 5 22 5 4
3 15 3 24 0
15 3 3 24 0
3 15 24 3 0
15 3 24 3 0
4 14 3 24 0
14 4 3 24 0
4 14 24 3 0
14 4 24 3 0
5 13 3 24 0
13 5 3 24 0
5 13 24 3 0
13 5 24 3 0
6 12 3 24 0
12 6 3 24 0
6 12 24 3 0
12 6 24 3 0
6 12 4 23 3
12 6 4 23 3
6 12 23 4 3
12 6 23 4 3
6 12 5 22 12
12 6 5 22 12
6 12 22 5 12
12 6 22 5 12
7 11 3 24 1
11 7 3 24 1
7 11 24 3 1
11 7 24 3 1
7 11 4 23 7
11 7 4 23 7
7 11 23 4 7
11 7 23 4 7
7 11 5 22 25
11 7 5 22 25
7 11 22 5 25
11 7 22 5 25
7 11 6 21 68
11 7 6 21 68
7 11 21 6 68
11 7 21 6 68
7 11 7 20 147
11 7 7 20 147
7 11 20 7 147
11 7 20 7 147
7 11 8 19 273
11 7 8 19 273
7 11 19 8 273
11 7 19 8 273
7 11 9 18 441
11 7 9 18 441
7 11 18 9 441
11 7 18 9 441
7 11 10 17 641
11 7 10 17 641
7 11 17 10 641
11 7 17 10 641
7 11 11 16 838
11 7 11 16 838
7 11 16 11 838
11 7 16 11 838
7 11 12 15 999
11 7 12 15 999
7 11 15 12 999
11 7 15 12 999
7 11 13 14 1090
11 7 13 14 1090
7 11 14 13 1090
11 7 14 13 1090
8 10 3 24 2
10 8 3 24 2
8 10 24 3 2
10 8 24 3 2
8 10 4 23 12
10 8 4 23 12
8 10 23 4 12
10 8 23 4 12
8 10 5 22 39
10 8 5 22 39
8 10 22 5 39
10 8 22 5 39
8 10 6 21 101
10 8 6 21 101
8 10 21 6 101
10 8 21 6 101
8 10 7 20 211
10 8 7 20 211
8 10 20 7 211
10 8 20 7 211
8 10 8 19 383
10 8 8 19 383
8 10 19 8 383
10 8 19 8 383
8 10 9 18 608
10 8 9 18 608
8 10 18 9 608
10 8 18 9 608
8 10 10 17 872
10 8 10 17 872
8 10 17 10 872
10 8 17 10 872
8 10 11 16 1129
10 8 11 16 1129
8 10 16 11 1129
10 8 16 11 1129
8 10 12 15 1338
10 8 12 15 1338
8 10 15 12 1338
10 8 15 12 1338
8 10 13 14 1455
10 8 13 14 1455
8 10 14 13 1455
10 8 14 13 1455
9 9 4 23 13
9 9 23 4 13
9 9 5 22 43
9 9 22 5 43
9 9 6 21 111
9 9 21 6 111
9 9 7 20 233
9 9 20 7 233
9 9 8 19 422
9 9 19 8 422
9 9 9 18 668
9 9 18 9 668
9 9 10 17 956
9 9 17 10 956
9 9 11 16 1236
9 9 16 11 1236
9 9 12 15 1462
9 9 15 12 1462
9 9 13 14 1590
9 9 14 13 1590
4 14 2 25 0
14 4 2 25 0
4 14 25 2 0
14 4 25 2 0
5 13 2 25 0
13 5 2 25 0
5 13 25 2 0
13 5 25 2 0
6 12 2 25 0
12 6 2 25 0
6 12 25 2 0
12 6 25 2 0
7 11 2 25 0
11 7 2 25 0
7 11 25 2 0
11 7 25 2 0
8 10 2 25 0
10 8 2 25 0
8 10 25 2 0
10 8 25 2 0
6 12 1 26 0
12 6 1 26 0
6 12 26 1 0
12 6 26 1 0
7 11 1 26 0
11 7 1 26 0
7 11 26 1 0
11 7 26 1 0
8 10 1 26 0
10 8 1 26 0
8 10 26 1 0
10 8 26 1 0
9 9 1 26 0
9 9 26 1 0
9 9 2 25 0
9 9 25 2 0
9 9 3 24 2
9 9 24 3 2
