9 30 21 34 0
30 9 21 34 0
9 30 34 21 0
30 9 34 21 0
9 30 22 33 0
30 9 22 33 0
9 30 33 22 0
30 9 33 22 0
9 30 23 32 0
30 9 23 32 0
9 30 32 23 0
30 9 32 23 0
9 30 24 31 0
30 9 24 31 0
9 30 31 24 0
30 9 31 24 0
9 30 25 30 0
30 9 25 30 0
9 30 30 25 0
30 9 30 25 0
9 30 26 29 0
30 9 26 29 0
9 30 29 26 0
30 9 29 26 0
9 30 27 28 0
30 9 27 28 0
9 30 28 27 0
30 9 28 27 0
10 29 21 34 0
29 10 21 34 0
10 29 34 21 0
29 10 34 21 0
10 29 22 33 0
29 10 22 33 0
10 29 33 22 0
29 10 33 22 0
10 29 23 32 0
29 10 23 32 0
10 29 32 23 0
29 10 32 23 0
10 29 24 31 0
29 10 24 31 0
10 29 31 24 0
29 10 31 24 0
10 29 25 30 0
29 10 25 30 0
10 29 30 25 0
29 10 30 25 0
10 29 26 29 0
29 10 26 29 0
10 29 29 26 0
29 10 29 26 0
10 29 27 28 0
29 10 27 28 0
10 29 28 27 0
29 10 28 27 0
11 28 21 34 0
28 11 21 34 0
11 28 34 21 0
28 11 34 21 0
11 28 22 33 0
28 11 22 33 0
11 28 33 22 0
28 11 33 22 0
11 28 23 32 0
28 11 23 32 0
11 28 32 23 0
28 11 32 23 0
11 28 24 31 0
28 11 24 31 0
11 28 31 24 0
28 11 31 24 0
11 28 25 30 0
28 11 25 30 0
11 28 30 25 0
28 11 30 25 0
11 28 26 29 0
28 11 26 29 0
11 28 29 26 0
28 11 29 26 0
11 28 27 28 0
28 11 27 28 0
11 28 28 27 0
28 11 28 27 0
12 27 21 34 0
27 12 21 34 0
12 27 34 21 0
27 12 34 21 0
12 27 22 33 0
27 12 22 33 0
12 27 33 22 0
27 12 33 22 0
12 27 23 32 1
27 12 23 32 1
12 27 32 23 1
27 12 32 23 1
12 27 24 31 2
27 12 24 31 2
12 27 31 24 2
27 12 31 24 2
12 27 25 30 4
27 12 25 30 4
12 27 30 25 4
27 12 30 25 4
12 27 26 29 6
27 12 26 29 6
12 27 29 26 6
27 12 29 26 6
12 27 27 28 7
27 12 27 28 7
12 27 28 27 7
27 12 28 27 7
10 29 20 35 0
29 10 20 35 0
10 29 35 20 0
29 10 35 20 0
11 28 20 35 0
28 11 20 35 0
11 28 35 20 0
28 11 35 20 0
12 27 20 35 0
27 12 20 35 0
12 27 35 20 0
27 12 35 20 0
13 26 20 35 0
26 13 20 35 0
13 26 35 20 0
26 13 35 20 0
13 26 21 34 0
26 13 21 34 0
13 26 34 21 0
26 13 34 21 0
13 26 22 33 2
26 13 22 33 2
13 26 33 22 2
26 13 33 22 2
13 26 23 32 7
26 13 23 32 7
13 26 32 23 7
26 13 32 23 7
13 26 24 31 15
26 13 24 31 15
13 26 31 24 15
26 13 31 24 15
13 26 25 30 26
26 13 25 30 26
13 26 30 25 26
26 13 30 25 26
13 26 26 29 37
26 13 26 29 37
13 26 29 26 37
26 13 29 26 37
13 26 27 28 43
26 13 27 28 43
13 26 28 27 43
26 13 28 27 43
14 25 21 34 4
25 14 21 34 4
14 25 34 21 4
25 14 34 21 4
14 25 22 33 14
25 14 22 33 14
14 25 33 22 14
25 14 33 22 14
14 25 23 32 35
25 14 23 32 35
14 25 32 23 35
25 14 32 23 35
14 25 24 31 66
25 14 24 31 66
14 25 31 24 66
25 14 31 24 66
14 25 25 30 105
25 14 25 30 105
14 25 30 25 105
25 14 30 25 105
14 25 26 29 142
25 14 26 29 142
14 25 29 26 142
25 14 29 26 142
14 25 27 28 163
25 14 27 28 163
14 25 28 27 163
25 14 28 27 163
10 29 19 36 0
29 10 19 36 0
10 29 36 19 0
29 10 36 19 0
11 28 19 36 0
28 11 19 36 0
11 28 36 19 0
28 11 36 19 0
12 27 19 36 0
27 12 19 36 0
12 27 36 19 0
27 12 36 19 0
13 26 19 36 0
26 13 19 36 0
13 26 36 19 0
26 13 36 19 0
11 28 17 38 0
28 11 17 38 0
11 28 38 17 0
28 11 38 17 0
11 28 18 37 0
28 11 18 37 0
11 28 37 18 0
28 11 37 18 0
12 27 17 38 0
27 12 17 38 0
12 27 38 17 0
27 12 38 17 0
12 27 18 37 0
27 12 18 37 0
12 27 37 18 0
27 12 37 18 0
13 26 17 38 0
26 13 17 38 0
13 26 38 17 0
26 13 38 17 0
13 26 18 37 0
26 13 18 37 0
13 26 37 18 0
26 13 37 18 0
14 25 17 38 0
25 14 17 38 0
14 25 38 17 0
25 14 38 17 0
14 25 18 37 0
25 14 18 37 0
14 25 37 18 0
25 14 37 18 0
14 25 19 36 0
25 14 19 36 0
14 25 36 19 0
25 14 36 19 0
14 25 20 35 1
25 14 20 35 1
14 25 35 20 1
25 14 35 20 1
15 24 17 38 0
24 15 17 38 0
15 24 38 17 0
24 15 38 17 0
15 24 18 37 0
24 15 18 37 0
15 24 37 18 0
24 15 37 18 0
15 24 19 36 0
24 15 19 36 0
15 24 36 19 0
24 15 36 19 0
15 24 20 35 4
24 15 20 35 4
15 24 35 20 4
24 15 35 20 4
15 24 21 34 16
24 15 21 34 16
15 24 34 21 16
24 15 34 21 16
15 24 22 33 48
24 15 22 33 48
15 24 33 22 48
24 15 33 22 48
15 24 23 32 107
24 15 23 32 107
15 24 32 23 107
24 15 32 23 107
15 24 24 31 192
24 15 24 31 192
15 24 31 24 192
24 15 31 24 192
15 24 25 30 292
24 15 25 30 292
15 24 30 25 292
24 15 30 25 292
15 24 26 29 384
24 15 26 29 384
15 24 29 26 384
24 15 29 26 384
15 24 27 28 437
24 15 27 28 437
15 24 28 27 437
24 15 28 27 437
16 23 19 36 2
23 16 19 36 2
16 23 36 19 2
23 16 36 19 2
16 23 20 35 14
23 16 20 35 14
16 23 35 20 14
23 16 35 20 14
16 23 21 34 47
23 16 21 34 47
16 23 34 21 47
23 16 34 21 47
16 23 22 33 121
23 16 22 33 121
16 23 33 22 121
23 16 33 22 121
16 23 23 32 249
23 16 23 32 249
16 23 32 23 249
23 16 32 23 249
16 23 24 31 426
23 16 24 31 426
16 23 31 24 426
23 16 31 24 426
16 23 25 30 628
23 16 25 30 628
16 23 30 25 628
23 16 30 25 628
16 23 26 29 809
23 16 26 29 809
16 23 29 26 809
23 16 29 26 809
16 23 27 28 914
23 16 27 28 914
16 23 28 27 914
23 16 28 27 914
12 27 16 39 0
27 12 16 39 0
12 27 39 16 0
27 12 39 16 0
13 26 16 39 0
26 13 16 39 0
13 26 39 16 0
26 13 39 16 0
14 25 16 39 0
25 14 16 39 0
14 25 39 16 0
25 14 39 16 0
15 24 16 39 0
24 15 16 39 0
15 24 39 16 0
24 15 39 16 0
13 26 15 40 0
26 13 15 40 0
13 26 40 15 0
26 13 40 15 0
14 25 15 40 0
25 14 15 40 0
14 25 40 15 0
25 14 40 15 0
15 24 15 40 0
24 15 15 40 0
15 24 40 15 0
24 15 40 15 0
16 23 15 40 0
23 16 15 40 0
16 23 40 15 0
23 16 40 15 0
16 23 16 39 0
23 16 16 39 0
16 23 39 16 0
23 16 39 16 0
16 23 17 38 0
23 16 17 38 0
16 23 38 17 0
23 16 38 17 0
16 23 18 37 0
23 16 18 37 0
16 23 37 18 0
23 16 37 18 0
17 22 16 39 0
22 17 16 39 0
17 22 39 16 0
22 17 39 16 0
17 22 17 38 0
22 17 17 38 0
17 22 38 17 0
22 17 38 17 0
17 22 18 37 1
22 17 18 37 1
17 22 37 18 1
22 17 37 18 1
17 22 19 36 7
22 17 19 36 7
17 22 36 19 7
22 17 36 19 7
17 22 20 35 33
22 17 20 35 33
17 22 35 20 33
22 17 35 20 33
17 22 21 34 98
22 17 21 34 98
17 22 34 21 98
22 17 34 21 98
17 22 22 33 233
22 17 22 33 233
17 22 33 22 233
22 17 33 22 233
17 22 23 32 455
22 17 23 32 455
17 22 32 23 455
22 17 32 23 455
17 22 24 31 755
22 17 24 31 755
17 22 31 24 755
22 17 31 24 755
17 22 25 30 1089
22 17 25 30 1089
17 22 30 25 1089
22 17 30 25 1089
17 22 26 29 1384
22 17 26 29 1384
17 22 29 26 1384
22 17 29 26 1384
17 22 27 28 1555
22 17 27 28 1555
17 22 28 27 1555
22 17 28 27 1555
18 21 19 36 13
21 18 19 36 13
18 21 36 19 13
21 18 36 19 13
18 21 20 35 54
21 18 20 35 54
18 21 35 20 54
21 18 35 20 54
18 21 21 34 153
21 18 21 34 153
18 21 34 21 153
21 18 34 21 153
18 21 22 33 350
21 18 22 33 350
18 21 33 22 350
21 18 33 22 350
18 21 23 32 666
21 18 23 32 666
18 21 32 23 666
21 18 32 23 666
18 21 24 31 1086
21 18 24 31 1086
18 21 31 24 1086
21 18 31 24 1086
18 21 25 30 1548
21 18 25 30 1548
18 21 30 25 1548
21 18 30 25 1548
18 21 26 29 1952
21 18 26 29 1952
18 21 29 26 1952
21 18 29 26 1952
18 21 27 28 2186
21 18 27 28 2186
18 21 28 27 2186
21 18 28 27 2186
17 22 15 40 0
22 17 15 40 0
17 22 40 15 0
22 17 40 15 0
18 21 15 40 0
21 18 15 40 0
18 21 40 15 0
21 18 40 15 0
18 21 16 39 0
21 18 16 39 0
18 21 39 16 0
21 18 39 16 0
18 21 17 38 0
21 18 17 38 0
18 21 38 17 0
21 18 38 17 0
18 21 18 37 2
21 18 18 37 2
18 21 37 18 2
21 18 37 18 2
19 20 17 38 0
20 19 17 38 0
19 20 38 17 0
20 19 38 17 0
19 20 18 37 3
20 19 18 37 3
19 20 37 18 3
20 19 37 18 3
19 20 19 36 18
20 19 19 36 18
19 20 36 19 18
20 19 36 19 18
19 20 20 35 70
20 19 20 35 70
19 20 35 20 70
20 19 35 20 70
19 20 21 34 192
20 19 21 34 192
19 20 34 21 192
20 19 34 21 192
19 20 22 33 430
20 19 22 33 430
19 20 33 22 430
20 19 33 22 430
19 20 23 32 806
20 19 23 32 806
19 20 32 23 806
20 19 32 23 806
19 20 24 31 1302
20 19 24 31 1302
19 20 31 24 1302
20 19 31 24 1302
19 20 25 30 1844
20 19 25 30 1844
19 20 30 25 1844
20 19 30 25 1844
19 20 26 29 2316
20 19 26 29 2316
19 20 29 26 2316
20 19 29 26 2316
19 20 27 28 2589
20 19 27 28 2589
19 20 28 27 2589
20 19 28 27 2589
19 20 16 39 0
20 19 16 39 0
19 20 39 16 0
20 19 39 16 0
14 25 14 41 0
25 14 14 41 0
14 25 41 14 0
25 14 41 14 0
15 24 14 41 0
24 15 14 41 0
15 24 41 14 0
24 15 41 14 0
16 23 14 41 0
23 16 14 41 0
16 23 41 14 0
23 16 41 14 0
17 22 14 41 0
22 17 14 41 0
17 22 41 14 0
22 17 41 14 0
15 24 13 42 0
24 15 13 42 0
15 24 42 13 0
24 15 42 13 0
16 23 13 42 0
23 16 13 42 0
16 23 42 13 0
23 16 42 13 0
17 22 13 42 0
22 17 13 42 0
17 22 42 13 0
22 17 42 13 0
18 21 13 42 0
21 18 13 42 0
18 21 42 13 0
21 18 42 13 0
18 21 14 41 0
21 18 14 41 0
18 21 41 14 0
21 18 41 14 0
19 20 13 42 0
20 19 13 42 0
19 20 42 13 0
20 19 42 13 0
19 20 14 41 0
20 19 14 41 0
19 20 41 14 0
20 19 41 14 0
19 20 15 40 0
20 19 15 40 0
19 20 40 15 0
20 19 40 15 0
18 21 12 43 0
21 18 12 43 0
18 21 43 12 0
21 18 43 12 0
19 20 12 43 0
20 19 12 43 0
19 20 43 12 0
20 19 43 12 0
