3 24 13 26 0
24 3 13 26 0
3 24 26 13 0
24 3 26 13 0
3 24 14 25 0
24 3 14 25 0
3 24 25 14 0
24 3 25 14 0
3 24 15 24 0
24 3 15 24 0
3 24 24 15 0
24 3 24 15 0
3 24 16 23 0
24 3 16 23 0
3 24 23 16 0
24 3 23 16 0
3 24 17 22 0
24 3 17 22 0
3 24 22 17 0
24 3 22 17 0
3 24 18 21 0
24 3 18 21 0
3 24 21 18 0
24 3 21 18 0
3 24 19 20 0
24 3 19 20 0
3 24 20 19 0
24 3 20 19 0
4 23 13 26 0
23 4 13 26 0
4 23 26 13 0
23 4 26 13 0
4 23 14 25 0
23 4 14 25 0
4 23 25 14 0
23 4 25 14 0
4 23 15 24 0
23 4 15 24 0
4 23 24 15 0
23 4 24 15 0
4 23 16 23 0
23 4 16 23 0
4 23 23 16 0
23 4 23 16 0
4 23 17 22 0
23 4 17 22 0
4 23 22 17 0
23 4 22 17 0
4 23 18 21 0
23 4 18 21 0
4 23 21 18 0
23 4 21 18 0
4 23 19 20 0
23 4 19 20 0
4 23 20 19 0
23 4 20 19 0
5 22 13 26 0
22 5 13 26 0
5 22 26 13 0
22 5 26 13 0
5 22 14 25 0
22 5 14 25 0
5 22 25 14 0
22 5 25 14 0
5 22 15 24 0
22 5 15 24 0
5 22 24 15 0
22 5 24 15 0
5 22 16 23 1
22 5 16 23 1
5 22 23 16 1
22 5 23 16 1
5 22 17 22 2
22 5 17 22 2
5 22 22 17 2
22 5 22 17 2
5 22 18 21 3
22 5 18 21 3
5 22 21 18 3
22 5 21 18 3
5 22 19 20 4
22 5 19 20 4
5 22 20 19 4
22 5 20 19 4
6 21 13 26 1
21 6 13 26 1
6 21 26 13 1
21 6 26 13 1
6 21 14 25 3
21 6 14 25 3
6 21 25 14 3
21 6 25 14 3
6 21 15 24 7
21 6 15 24 7
6 21 24 15 7
21 6 24 15 7
6 21 16 23 15
21 6 16 23 15
6 21 23 16 15
21 6 23 16 15
6 21 17 22 24
21 6 17 22 24
6 21 22 17 24
21 6 22 17 24
6 21 18 21 32
21 6 18 21 32
6 21 21 18 32
21 6 21 18 32
6 21 19 20 38
21 6 19 20 38
6 21 20 19 38
21 6 20 19 38
4 23 11 28 0
23 4 11 28 0
4 23 28 11 0
23 4 28 11 0
4 23 12 27 0
23 4 12 27 0
4 23 27 12 0
23 4 27 12 0
5 22 11 28 0
22 5 11 28 0
5 22 28 11 0
22 5 28 11 0
5 22 12 27 0
22 5 12 27 0
5 22 27 12 0
22 5 27 12 0
6 21 11 28 0
21 6 11 28 0
6 21 28 11 0
21 6 28 11 0
6 21 12 27 0
21 6 12 27 0
6 21 27 12 0
21 6 27 12 0
7 20 11 28 0
20 7 11 28 0
7 20 28 11 0
20 7 28 11 0
7 20 12 27 2
20 7 12 27 2
7 20 27 12 2
20 7 27 12 2
7 20 13 26 8
20 7 13 26 8
7 20 26 13 8
20 7 26 13 8
7 20 14 25 22
20 7 14 25 22
7 20 25 14 22
20 7 25 14 22
7 20 15 24 46
20 7 15 24 46
7 20 24 15 46
20 7 24 15 46
7 20 16 23 82
20 7 16 23 82
7 20 23 16 82
20 7 23 16 82
7 20 17 22 122
20 7 17 22 122
7 20 22 17 122
20 7 22 17 122
7 20 18 21 158
20 7 18 21 158
7 20 21 18 158
20 7 21 18 158
7 20 19 20 180
20 7 19 20 180
7 20 20 19 180
20 7 20 19 180
8 19 11 28 4
19 8 11 28 4
8 19 28 11 4
19 8 28 11 4
8 19 12 27 15
19 8 12 27 15
8 19 27 12 15
19 8 27 12 15
8 19 13 26 42
19 8 13 26 42
8 19 26 13 42
19 8 26 13 42
8 19 14 25 95
19 8 14 25 95
8 19 25 14 95
19 8 25 14 95
8 19 15 24 179
19 8 15 24 179
8 19 24 15 179
19 8 24 15 179
8 19 16 23 293
19 8 16 23 293
8 19 23 16 293
19 8 23 16 293
8 19 17 22 417
19 8 17 22 417
8 19 22 17 417
19 8 22 17 417
8 19 18 21 525
19 8 18 21 525
8 19 21 18 525
19 8 21 18 525
8 19 19 20 589
19 8 19 20 589
8 19 20 19 589
19 8 20 19 589
6 21 10 29 0
21 6 10 29 0
6 21 29 10 0
21 6 29 10 0
7 20 10 29 0
20 7 10 29 0
7 20 29 10 0
20 7 29 10 0
8 19 10 29 1
19 8 10 29 1
8 19 29 10 1
19 8 29 10 1
9 18 10 29 4
18 9 10 29 4
9 18 29 10 4
18 9 29 10 4
9 18 11 28 17
18 9 11 28 17
9 18 28 11 17
18 9 28 11 17
9 18 12 27 54
18 9 12 27 54
9 18 27 12 54
18 9 27 12 54
9 18 13 26 134
18 9 13 26 134
9 18 26 13 134
18 9 26 13 134
9 18 14 25 278
18 9 14 25 278
9 18 25 14 278
18 9 25 14 278
9 18 15 24 492
18 9 15 24 492
9 18 24 15 492
18 9 24 15 492
9 18 16 23 769
18 9 16 23 769
9 18 23 16 769
18 9 23 16 769
9 18 17 22 1062
18 9 17 22 1062
9 18 22 17 1062
18 9 22 17 1062
9 18 18 21 1312
18 9 18 21 1312
9 18 21 18 1312
18 9 21 18 1312
9 18 19 20 1458
18 9 19 20 1458
9 18 20 19 1458
18 9 20 19 1458
10 17 11 28 48
17 10 11 28 48
10 17 28 11 48
17 10 28 11 48
10 17 12 27 136
17 10 12 27 136
10 17 27 12 136
17 10 27 12 136
10 17 13 26 312
17 10 13 26 312
10 17 26 13 312
17 10 26 13 312
10 17 14 25 612
17 10 14 25 612
10 17 25 14 612
17 10 25 14 612
10 17 15 24 1044
17 10 15 24 1044
10 17 24 15 1044
17 10 24 15 1044
10 17 16 23 1582
17 10 16 23 1582
10 17 23 16 1582
17 10 23 16 1582
10 17 17 22 2142
17 10 17 22 2142
10 17 22 17 2142
17 10 22 17 2142
10 17 18 21 2614
17 10 18 21 2614
10 17 21 18 2614
17 10 21 18 2614
10 17 19 20 2885
17 10 19 20 2885
10 17 20 19 2885
17 10 20 19 2885
11 16 11 28 102
16 11 11 28 102
11 16 28 11 102
16 11 28 11 102
11 16 12 27 265
16 11 12 27 265
11 16 27 12 265
16 11 27 12 265
11 16 13 26 575
16 11 13 26 575
11 16 26 13 575
16 11 26 13 575
11 16 14 25 1084
16 11 14 25 1084
11 16 25 14 1084
16 11 25 14 1084
11 16 15 24 1798
16 11 15 24 1798
11 16 24 15 1798
16 11 24 15 1798
11 16 16 23 2669
16 11 16 23 2669
11 16 23 16 2669
16 11 23 16 2669
11 16 17 22 3563
16 11 17 22 3563
11 16 22 17 3563
16 11 22 17 3563
11 16 18 21 4309
16 11 18 21 4309
11 16 21 18 4309
16 11 21 18 4309
11 16 19 20 4735
16 11 19 20 4735
11 16 20 19 4735
16 11 20 19 4735
12 15 13 26 843
15 12 13 26 843
12 15 26 13 843
15 12 26 13 843
12 15 14 25 1557
15 12 14 25 1557
12 15 25 14 1557
15 12 25 14 1557
12 15 15 24 2543
15 12 15 24 2543
12 15 24 15 2543
15 12 24 15 2543
12 15 16 23 3732
15 12 16 23 3732
12 15 23 16 3732
15 12 23 16 3732
12 15 17 22 4942
15 12 17 22 4942
12 15 22 17 4942
15 12 22 17 4942
12 15 18 21 5944
15 12 18 21 5944
12 15 21 18 5944
15 12 21 18 5944
12 15 19 20 6516
15 12 19 20 6516
12 15 20 19 6516
15 12 20 19 6516
5 22 9 30 0
22 5 9 30 0
5 22 30 9 0
22 5 30 9 0
5 22 10 29 0
22 5 10 29 0
5 22 29 10 0
22 5 29 10 0
6 21 9 30 0
21 6 9 30 0
6 21 30 9 0
21 6 30 9 0
7 20 9 30 0
20 7 9 30 0
7 20 30 9 0
20 7 30 9 0
8 19 9 30 0
19 8 9 30 0
8 19 30 9 0
19 8 30 9 0
9 18 9 30 0
18 9 9 30 0
9 18 30 9 0
18 9 30 9 0
6 21 8 31 0
21 6 8 31 0
6 21 31 8 0
21 6 31 8 0
7 20 8 31 0
20 7 8 31 0
7 20 31 8 0
20 7 31 8 0
8 19 8 31 0
19 8 8 31 0
8 19 31 8 0
19 8 31 8 0
9 18 8 31 0
18 9 8 31 0
9 18 31 8 0
18 9 31 8 0
7 20 7 32 0
20 7 7 32 0
7 20 32 7 0
20 7 32 7 0
8 19 7 32 0
19 8 7 32 0
8 19 32 7 0
19 8 32 7 0
9 18 7 32 0
18 9 7 32 0
9 18 32 7 0
18 9 32 7 0
10 17 7 32 0
17 10 7 32 0
10 17 32 7 0
17 10 32 7 0
10 17 8 31 0
17 10 8 31 0
10 17 31 8 0
17 10 31 8 0
10 17 9 30 2
17 10 9 30 2
10 17 30 9 2
17 10 30 9 2
10 17 10 29 13
17 10 10 29 13
10 17 29 10 13
17 10 29 10 13
11 16 8 31 1
16 11 8 31 1
11 16 31 8 1
16 11 31 8 1
11 16 9 30 7
16 11 9 30 7
11 16 30 9 7
16 11 30 9 7
11 16 10 29 32
16 11 10 29 32
11 16 29 10 32
16 11 29 10 32
11 16 7 32 0
16 11 7 32 0
11 16 32 7 0
16 11 32 7 0
12 15 7 32 0
15 12 7 32 0
12 15 32 7 0
15 12 32 7 0
12 15 8 31 2
15 12 8 31 2
12 15 31 8 2
15 12 31 8 2
12 15 9 30 12
15 12 9 30 12
12 15 30 9 12
15 12 30 9 12
12 15 10 29 52
15 12 10 29 52
12 15 29 10 52
15 12 29 10 52
12 15 11 28 159
15 12 11 28 159
12 15 28 11 159
15 12 28 11 159
12 15 12 27 398
15 12 12 27 398
12 15 27 12 398
15 12 27 12 398
13 14 9 30 17
14 13 9 30 17
13 14 30 9 17
14 13 30 9 17
13 14 10 29 68
14 13 10 29 68
13 14 29 10 68
14 13 29 10 68
13 14 11 28 200
14 13 11 28 200
13 14 28 11 200
14 13 28 11 200
13 14 12 27 490
14 13 12 27 490
13 14 27 12 490
14 13 27 12 490
13 14 13 26 1021
14 13 13 26 1021
13 14 26 13 1021
14 13 26 13 1021
13 14 14 25 1865
14 13 14 25 1865
13 14 25 14 1865
14 13 25 14 1865
13 14 15 24 3023
14 13 15 24 3023
13 14 24 15 3023
14 13 24 15 3023
13 14 16 23 4409
14 13 16 23 4409
13 14 23 16 4409
14 13 23 16 4409
13 14 17 22 5814
14 13 17 22 5814
13 14 22 17 5814
14 13 22 17 5814
13 14 18 21 6975
14 13 18 21 6975
13 14 21 18 6975
14 13 21 18 6975
13 14 19 20 7635
14 13 19 20 7635
13 14 20 19 7635
14 13 20 19 7635
13 14 8 31 3
14 13 8 31 3
13 14 31 8 3
14 13 31 8 3
8 19 6 33 0
19 8 6 33 0
8 19 33 6 0
19 8 33 6 0
9 18 6 33 0
18 9 6 33 0
9 18 33 6 0
18 9 33 6 0
10 17 6 33 0
17 10 6 33 0
10 17 33 6 0
17 10 33 6 0
11 16 6 33 0
16 11 6 33 0
11 16 33 6 0
16 11 33 6 0
9 18 5 34 0
18 9 5 34 0
9 18 34 5 0
18 9 34 5 0
10 17 5 34 0
17 10 5 34 0
10 17 34 5 0
17 10 34 5 0
11 16 5 34 0
16 11 5 34 0
11 16 34 5 0
16 11 34 5 0
12 15 5 34 0
15 12 5 34 0
12 15 34 5 0
15 12 34 5 0
12 15 6 33 0
15 12 6 33 0
12 15 33 6 0
15 12 33 6 0
13 14 5 34 0
14 13 5 34 0
13 14 34 5 0
14 13 34 5 0
13 14 6 33 0
14 13 6 33 0
13 14 33 6 0
14 13 33 6 0
13 14 7 32 0
14 13 7 32 0
13 14 32 7 0
14 13 32 7 0
12 15 4 35 0
15 12 4 35 0
12 15 35 4 0
15 12 35 4 0
13 14 4 35 0
14 13 4 35 0
13 14 35 4 0
14 13 35 4 0
