1 20 10 21 0
20 1 10 21 0
1 20 21 10 0
20 1 21 10 0
1 20 11 20 0
20 1 11 20 0
1 20 20 11 0
20 1 20 11 0
1 20 12 19 0
20 1 12 19 0
1 20 19 12 0
20 1 19 12 0
1 20 13 18 0
20 1 13 18 0
1 20 18 13 0
20 1 18 13 0
1 20 14 17 0
20 1 14 17 0
1 20 17 14 0
20 1 17 14 0
1 20 15 16 0
20 1 15 16 0
1 20 16 15 0
20 1 16 15 0
2 19 10 21 0
19 2 10 21 0
2 19 21 10 0
19 2 21 10 0
2 19 11 20 0
19 2 11 20 0
2 19 20 11 0
19 2 20 11 0
2 19 12 19 0
19 2 12 19 0
2 19 19 12 0
19 2 19 12 0
2 19 13 18 0
19 2 13 18 0
2 19 18 13 0
19 2 18 13 0
2 19 14 17 0
19 2 14 17 0
2 19 17 14 0
19 2 17 14 0
2 19 15 16 0
19 2 15 16 0
2 19 16 15 0
19 2 16 15 0
3 18 10 21 0
18 3 10 21 0
3 18 21 10 0
18 3 21 10 0
3 18 11 20 1
18 3 11 20 1
3 18 20 11 1
18 3 20 11 1
3 18 12 19 2
18 3 12 19 2
3 18 19 12 2
18 3 19 12 2
3 18 13 18 4
18 3 13 18 4
3 18 18 13 4
18 3 18 13 4
3 18 14 17 6
18 3 14 17 6
3 18 17 14 6
18 3 17 14 6
3 18 15 16 7
18 3 15 16 7
3 18 16 15 7
18 3 16 15 7
4 17 10 21 4
17 4 10 21 4
4 17 21 10 4
17 4 21 10 4
4 17 11 20 11
17 4 11 20 11
4 17 20 11 11
17 4 20 11 11
4 17 12 19 20
17 4 12 19 20
4 17 19 12 20
17 4 19 12 20
4 17 13 18 32
17 4 13 18 32
4 17 18 13 32
17 4 18 13 32
4 17 14 17 43
17 4 14 17 43
4 17 17 14 43
17 4 17 14 43
4 17 15 16 49
17 4 15 16 49
4 17 16 15 49
17 4 16 15 49
5 16 10 21 28
16 5 10 21 28
5 16 21 10 28
16 5 21 10 28
5 16 11 20 57
16 5 11 20 57
5 16 20 11 57
16 5 20 11 57
5 16 12 19 94
16 5 12 19 94
5 16 19 12 94
16 5 19 12 94
5 16 13 18 137
16 5 13 18 137
5 16 18 13 137
16 5 18 13 137
5 16 14 17 175
16 5 14 17 175
5 16 17 14 175
16 5 17 14 175
5 16 15 16 196
16 5 15 16 196
5 16 16 15 196
16 5 16 15 196
6 15 10 21 103
15 6 10 21 103
6 15 21 10 103
15 6 21 10 103
6 15 11 20 186
15 6 11 20 186
6 15 20 11 186
15 6 20 11 186
6 15 12 19 289
15 6 12 19 289
6 15 19 12 289
15 6 19 12 289
6 15 13 18 401
15 6 13 18 401
6 15 18 13 401
15 6 18 13 401
6 15 14 17 497
15 6 14 17 497
6 15 17 14 497
15 6 17 14 497
6 15 15 16 551
15 6 15 16 551
6 15 16 15 551
15 6 16 15 551
2 19 7 24 0
19 2 7 24 0
2 19 24 7 0
19 2 24 7 0
2 19 8 23 0
19 2 8 23 0
2 19 23 8 0
19 2 23 8 0
2 19 9 22 0
19 2 9 22 0
2 19 22 9 0
19 2 22 9 0
3 18 7 24 0
18 3 7 24 0
3 18 24 7 0
18 3 24 7 0
3 18 8 23 0
18 3 8 23 0
3 18 23 8 0
18 3 23 8 0
3 18 9 22 0
18 3 9 22 0
3 18 22 9 0
18 3 22 9 0
4 17 7 24 0
17 4 7 24 0
4 17 24 7 0
17 4 24 7 0
4 17 8 23 0
17 4 8 23 0
4 17 23 8 0
17 4 23 8 0
4 17 9 22 1
17 4 9 22 1
4 17 22 9 1
17 4 22 9 1
5 16 7 24 1
16 5 7 24 1
5 16 24 7 1
16 5 24 7 1
5 16 8 23 4
16 5 8 23 4
5 16 23 8 4
16 5 23 8 4
5 16 9 22 12
16 5 9 22 12
5 16 22 9 12
16 5 22 9 12
3 18 6 25 0
18 3 6 25 0
3 18 25 6 0
18 3 25 6 0
4 17 6 25 0
17 4 6 25 0
4 17 25 6 0
17 4 25 6 0
5 16 6 25 0
16 5 6 25 0
5 16 25 6 0
16 5 25 6 0
6 15 6 25 1
15 6 6 25 1
6 15 25 6 1
15 6 25 6 1
6 15 7 24 6
15 6 7 24 6
6 15 24 7 6
15 6 24 7 6
6 15 8 23 20
15 6 8 23 20
6 15 23 8 20
15 6 23 8 20
6 15 9 22 50
15 6 9 22 50
6 15 22 9 50
15 6 22 9 50
7 14 6 25 5
14 7 6 25 5
7 14 25 6 5
14 7 25 6 5
7 14 7 24 20
14 7 7 24 20
7 14 24 7 20
14 7 24 7 20
7 14 8 23 57
14 7 8 23 57
7 14 23 8 57
14 7 23 8 57
7 14 9 22 131
14 7 9 22 131
7 14 22 9 131
14 7 22 9 131
7 14 10 21 254
14 7 10 21 254
7 14 21 10 254
14 7 21 10 254
7 14 11 20 434
14 7 11 20 434
7 14 20 11 434
14 7 20 11 434
7 14 12 19 651
14 7 12 19 651
7 14 19 12 651
14 7 19 12 651
7 14 13 18 879
14 7 13 18 879
7 14 18 13 879
14 7 18 13 879
7 14 14 17 1070
14 7 14 17 1070
7 14 17 14 1070
14 7 17 14 1070
7 14 15 16 1178
14 7 15 16 1178
7 14 16 15 1178
14 7 16 15 1178
8 13 6 25 14
13 8 6 25 14
8 13 25 6 14
13 8 25 6 14
8 13 7 24 47
13 8 7 24 47
8 13 24 7 47
13 8 24 7 47
8 13 8 23 121
13 8 8 23 121
8 13 23 8 121
13 8 23 8 121
8 13 9 22 261
13 8 9 22 261
8 13 22 9 261
13 8 22 9 261
8 13 10 21 484
13 8 10 21 484
8 13 21 10 484
13 8 21 10 484
8 13 11 20 797
13 8 11 20 797
8 13 20 11 797
13 8 20 11 797
8 13 12 19 1167
13 8 12 19 1167
8 13 19 12 1167
13 8 19 12 1167
8 13 13 18 1547
13 8 13 18 1547
8 13 18 13 1547
13 8 18 13 1547
8 13 14 17 1861
13 8 14 17 1861
8 13 17 14 1861
13 8 17 14 1861
8 13 15 16 2038
13 8 15 16 2038
8 13 16 15 2038
13 8 16 15 2038
9 12 7 24 75
12 9 7 24 75
9 12 24 7 75
12 9 24 7 75
9 12 8 23 188
12 9 8 23 188
9 12 23 8 188
12 9 23 8 188
9 12 9 22 396
12 9 9 22 396
9 12 22 9 396
12 9 22 9 396
9 12 10 21 720
12 9 10 21 720
9 12 21 10 720
12 9 21 10 720
9 12 11 20 1165
12 9 11 20 1165
9 12 20 11 1165
12 9 20 11 1165
9 12 12 19 1685
12 9 12 19 1685
9 12 19 12 1685
12 9 19 12 1685
9 12 13 18 2212
12 9 13 18 2212
9 12 18 13 2212
12 9 18 13 2212
9 12 14 17 2644
12 9 14 17 2644
9 12 17 14 2644
12 9 17 14 2644
9 12 15 16 2887
12 9 15 16 2887
9 12 16 15 2887
12 9 16 15 2887
4 17 4 27 0
17 4 4 27 0
4 17 27 4 0
17 4 27 4 0
4 17 5 26 0
17 4 5 26 0
4 17 26 5 0
17 4 26 5 0
5 16 4 27 0
16 5 4 27 0
5 16 27 4 0
16 5 27 4 0
5 16 5 26 0
16 5 5 26 0
5 16 26 5 0
16 5 26 5 0
6 15 4 27 0
15 6 4 27 0
6 15 27 4 0
15 6 27 4 0
6 15 5 26 0
15 6 5 26 0
6 15 26 5 0
15 6 26 5 0
7 14 4 27 0
14 7 4 27 0
7 14 27 4 0
14 7 27 4 0
7 14 5 26 1
14 7 5 26 1
7 14 26 5 1
14 7 26 5 1
8 13 4 27 0
13 8 4 27 0
8 13 27 4 0
13 8 27 4 0
8 13 5 26 3
13 8 5 26 3
8 13 26 5 3
13 8 26 5 3
6 15 3 28 0
15 6 3 28 0
6 15 28 3 0
15 6 28 3 0
7 14 3 28 0
14 7 3 28 0
7 14 28 3 0
14 7 28 3 0
8 13 3 28 0
13 8 3 28 0
8 13 28 3 0
13 8 28 3 0
9 12 3 28 0
12 9 3 28 0
9 12 28 3 0
12 9 28 3 0
9 12 4 27 0
12 9 4 27 0
9 12 27 4 0
12 9 27 4 0
9 12 5 26 5
12 9 5 26 5
9 12 26 5 5
12 9 26 5 5
9 12 6 25 23
12 9 6 25 23
9 12 25 6 23
12 9 25 6 23
10 11 4 27 1
11 10 4 27 1
10 11 27 4 1
11 10 27 4 1
10 11 5 26 8
11 10 5 26 8
10 11 26 5 8
11 10 26 5 8
10 11 6 25 32
11 10 6 25 32
10 11 25 6 32
11 10 25 6 32
10 11 7 24 98
11 10 7 24 98
10 11 24 7 98
11 10 24 7 98
10 11 8 23 238
11 10 8 23 238
10 11 23 8 238
11 10 23 8 238
10 11 9 22 491
11 10 9 22 491
10 11 22 9 491
11 10 22 9 491
10 11 10 21 881
11 10 10 21 881
10 11 21 10 881
11 10 21 10 881
10 11 11 20 1411
11 10 11 20 1411
10 11 20 11 1411
11 10 20 11 1411
10 11 12 19 2027
11 10 12 19 2027
10 11 19 12 2027
11 10 19 12 2027
10 11 13 18 2647
11 10 13 18 2647
10 11 18 13 2647
11 10 18 13 2647
10 11 14 17 3153
11 10 14 17 3153
10 11 17 14 3153
11 10 17 14 3153
10 11 15 16 3437
11 10 15 16 3437
10 11 16 15 3437
11 10 16 15 3437
7 14 2 29 0
14 7 2 29 0
7 14 29 2 0
14 7 29 2 0
8 13 2 29 0
13 8 2 29 0
8 13 29 2 0
13 8 29 2 0
9 12 2 29 0
12 9 2 29 0
9 12 29 2 0
12 9 29 2 0
10 11 2 29 0
11 10 2 29 0
10 11 29 2 0
11 10 29 2 0
10 11 3 28 0
11 10 3 28 0
10 11 28 3 0
11 10 28 3 0
