0 6 1 10 0
6 0 1 10 0
0 6 10 1 0
6 0 10 1 0
0 6 2 9 0
6 0 2 9 0
0 6 9 2 0
6 0 9 2 0
0 6 3 8 1
6 0 3 8 1
0 6 8 3 1
6 0 8 3 1
0 6 4 7 2
6 0 4 7 2
0 6 7 4 2
6 0 7 4 2
0 6 5 6 3
6 0 5 6 3
0 6 6 5 3
6 0 6 5 3
1 5 0 11 0
5 1 0 11 0
1 5 11 0 0
5 1 11 0 0
1 5 1 10 0
5 1 1 10 0
1 5 10 1 0
5 1 10 1 0
1 5 2 9 1
5 1 2 9 1
1 5 9 2 1
5 1 9 2 1
1 5 3 8 3
5 1 3 8 3
1 5 8 3 3
5 1 8 3 3
1 5 4 7 5
5 1 4 7 5
1 5 7 4 5
5 1 7 4 5
1 5 5 6 7
5 1 5 6 7
1 5 6 5 7
5 1 6 5 7
2 4 0 11 0
4 2 0 11 0
2 4 11 0 0
4 2 11 0 0
2 4 1 10 0
4 2 1 10 0
2 4 10 1 0
4 2 10 1 0
2 4 2 9 1
4 2 2 9 1
2 4 9 2 1
4 2 9 2 1
2 4 3 8 4
4 2 3 8 4
2 4 8 3 4
4 2 8 3 4
2 4 4 7 7
4 2 4 7 7
2 4 7 4 7
4 2 7 4 7
2 4 5 6 10
4 2 5 6 10
2 4 6 5 10
4 2 6 5 10
3 3 0 11 0
3 3 11 0 0
3 3 1 10 0
3 3 10 1 0
3 3 2 9 2
3 3 9 2 2
3 3 3 8 6
3 3 8 3 6
3 3 4 7 10
3 3 7 4 10
3 3 5 6 14
3 3 6 5 14
