21 33 31 44 0
33 21 31 44 0
21 33 44 31 0
33 21 44 31 0
21 33 32 43 0
33 21 32 43 0
21 33 43 32 0
33 21 43 32 0
21 33 33 42 0
33 21 33 42 0
21 33 42 33 0
33 21 42 33 0
21 33 34 41 0
33 21 34 41 0
21 33 41 34 0
33 21 41 34 0
21 33 35 40 0
33 21 35 40 0
21 33 40 35 0
33 21 40 35 0
21 33 36 39 0
33 21 36 39 0
21 33 39 36 0
33 21 39 36 0
21 33 37 38 0
33 21 37 38 0
21 33 38 37 0
33 21 38 37 0
22 32 31 44 0
32 22 31 44 0
22 32 44 31 0
32 22 44 31 0
22 32 32 43 0
32 22 32 43 0
22 32 43 32 0
32 22 43 32 0
22 32 33 42 0
32 22 33 42 0
22 32 42 33 0
32 22 42 33 0
22 32 34 41 0
32 22 34 41 0
22 32 41 34 0
32 22 41 34 0
22 32 35 40 0
32 22 35 40 0
22 32 40 35 0
32 22 40 35 0
22 32 36 39 0
32 22 36 39 0
22 32 39 36 0
32 22 39 36 0
22 32 37 38 0
32 22 37 38 0
22 32 38 37 0
32 22 38 37 0
23 31 31 44 0
31 23 31 44 0
23 31 44 31 0
31 23 44 31 0
23 31 32 43 0
31 23 32 43 0
23 31 43 32 0
31 23 43 32 0
23 31 33 42 0
31 23 33 42 0
23 31 42 33 0
31 23 42 33 0
23 31 34 41 0
31 23 34 41 0
23 31 41 34 0
31 23 41 34 0
23 31 35 40 0
31 23 35 40 0
23 31 40 35 0
31 23 40 35 0
23 31 36 39 0
31 23 36 39 0
23 31 39 36 0
31 23 39 36 0
23 31 37 38 0
31 23 37 38 0
23 31 38 37 0
31 23 38 37 0
24 30 31 44 0
30 24 31 44 0
24 30 44 31 0
30 24 44 31 0
24 30 32 43 0
30 24 32 43 0
24 30 43 32 0
30 24 43 32 0
24 30 33 42 0
30 24 33 42 0
24 30 42 33 0
30 24 42 33 0
24 30 34 41 0
30 24 34 41 0
24 30 41 34 0
30 24 41 34 0
24 30 35 40 0
30 24 35 40 0
24 30 40 35 0
30 24 40 35 0
24 30 36 39 0
30 24 36 39 0
24 30 39 36 0
30 24 39 36 0
24 30 37 38 0
30 24 37 38 0
24 30 38 37 0
30 24 38 37 0
22 32 29 46 0
32 22 29 46 0
22 32 46 29 0
32 22 46 29 0
22 32 30 45 0
32 22 30 45 0
22 32 45 30 0
32 22 45 30 0
23 31 29 46 0
31 23 29 46 0
23 31 46 29 0
31 23 46 29 0
23 31 30 45 0
31 23 30 45 0
23 31 45 30 0
31 23 45 30 0
24 30 29 46 0
30 24 29 46 0
24 30 46 29 0
30 24 46 29 0
24 30 30 45 0
30 24 30 45 0
24 30 45 30 0
30 24 45 30 0
25 29 29 46 0
29 25 29 46 0
25 29 46 29 0
29 25 46 29 0
25 29 30 45 0
29 25 30 45 0
25 29 45 30 0
29 25 45 30 0
25 29 31 44 0
29 25 31 44 0
25 29 44 31 0
29 25 44 31 0
25 29 32 43 0
29 25 32 43 0
25 29 43 32 0
29 25 43 32 0
25 29 33 42 0
29 25 33 42 0
25 29 42 33 0
29 25 42 33 0
25 29 34 41 0
29 25 34 41 0
25 29 41 34 0
29 25 41 34 0
25 29 35 40 0
29 25 35 40 0
25 29 40 35 0
29 25 40 35 0
25 29 36 39 1
29 25 36 39 1
25 29 39 36 1
29 25 39 36 1
25 29 37 38 1
29 25 37 38 1
25 29 38 37 1
29 25 38 37 1
26 28 29 46 0
28 26 29 46 0
26 28 46 29 0
28 26 46 29 0
26 28 30 45 0
28 26 30 45 0
26 28 45 30 0
28 26 45 30 0
26 28 31 44 0
28 26 31 44 0
26 28 44 31 0
28 26 44 31 0
26 28 32 43 0
28 26 32 43 0
26 28 43 32 0
28 26 43 32 0
26 28 33 42 0
28 26 33 42 0
26 28 42 33 0
28 26 42 33 0
26 28 34 41 0
28 26 34 41 0
26 28 41 34 0
28 26 41 34 0
26 28 35 40 0
28 26 35 40 0
26 28 40 35 0
28 26 40 35 0
26 28 36 39 1
28 26 36 39 1
26 28 39 36 1
28 26 39 36 1
26 28 37 38 1
28 26 37 38 1
26 28 38 37 1
28 26 38 37 1
27 27 31 44 0
27 27 44 31 0
27 27 32 43 0
27 27 43 32 0
27 27 33 42 0
27 27 42 33 0
27 27 34 41 0
27 27 41 34 0
27 27 35 40 0
27 27 40 35 0
27 27 36 39 1
27 27 39 36 1
27 27 37 38 1
27 27 38 37 1
24 30 28 47 0
30 24 28 47 0
24 30 47 28 0
30 24 47 28 0
25 29 28 47 0
29 25 28 47 0
25 29 47 28 0
29 25 47 28 0
26 28 28 47 0
28 26 28 47 0
26 28 47 28 0
28 26 47 28 0
27 27 28 47 0
27 27 47 28 0
27 27 29 46 0
27 27 46 29 0
27 27 30 45 0
27 27 45 30 0
