0 12 6 13 0
12 0 6 13 0
0 12 13 6 0
12 0 13 6 0
0 12 7 12 0
12 0 7 12 0
0 12 12 7 0
12 0 12 7 0
0 12 8 11 0
12 0 8 11 0
0 12 11 8 0
12 0 11 8 0
0 12 9 10 0
12 0 9 10 0
0 12 10 9 0
12 0 10 9 0
1 11 3 16 0
11 1 3 16 0
1 11 16 3 0
11 1 16 3 0
1 11 4 15 0
11 1 4 15 0
1 11 15 4 0
11 1 15 4 0
1 11 5 14 0
11 1 5 14 0
1 11 14 5 0
11 1 14 5 0
1 11 6 13 0
11 1 6 13 0
1 11 13 6 0
11 1 13 6 0
1 11 7 12 0
11 1 7 12 0
1 11 12 7 0
11 1 12 7 0
1 11 8 11 0
11 1 8 11 0
1 11 11 8 0
11 1 11 8 0
1 11 9 10 0
11 1 9 10 0
1 11 10 9 0
11 1 10 9 0
2 10 3 16 0
10 2 3 16 0
2 10 16 3 0
10 2 16 3 0
2 10 4 15 0
10 2 4 15 0
2 10 15 4 0
10 2 15 4 0
2 10 5 14 0
10 2 5 14 0
2 10 14 5 0
10 2 14 5 0
2 10 6 13 0
10 2 6 13 0
2 10 13 6 0
10 2 13 6 0
2 10 7 12 0
10 2 7 12 0
2 10 12 7 0
10 2 12 7 0
2 10 8 11 0
10 2 8 11 0
2 10 11 8 0
10 2 11 8 0
2 10 9 10 0
10 2 9 10 0
2 10 10 9 0
10 2 10 9 0
3 9 3 16 0
9 3 3 16 0
3 9 16 3 0
9 3 16 3 0
3 9 4 15 0
9 3 4 15 0
3 9 15 4 0
9 3 15 4 0
3 9 5 14 0
9 3 5 14 0
3 9 14 5 0
9 3 14 5 0
3 9 6 13 0
9 3 6 13 0
3 9 13 6 0
9 3 13 6 0
3 9 7 12 0
9 3 7 12 0
3 9 12 7 0
9 3 12 7 0
3 9 8 11 0
9 3 8 11 0
3 9 11 8 0
9 3 11 8 0
3 9 9 10 0
9 3 9 10 0
3 9 10 9 0
9 3 10 9 0
2 10 2 17 0
10 2 2 17 0
2 10 17 2 0
10 2 17 2 0
3 9 1 18 0
9 3 1 18 0
3 9 18 1 0
9 3 18 1 0
3 9 2 17 0
9 3 2 17 0
3 9 17 2 0
9 3 17 2 0
4 8 1 18 0
8 4 1 18 0
4 8 18 1 0
8 4 18 1 0
4 8 2 17 0
8 4 2 17 0
4 8 17 2 0
8 4 17 2 0
4 8 3 16 0
8 4 3 16 0
4 8 16 3 0
8 4 16 3 0
4 8 4 15 0
8 4 4 15 0
4 8 15 4 0
8 4 15 4 0
4 8 5 14 0
8 4 5 14 0
4 8 14 5 0
8 4 14 5 0
4 8 6 13 0
8 4 6 13 0
4 8 13 6 0
8 4 13 6 0
4 8 7 12 0
8 4 7 12 0
4 8 12 7 0
8 4 12 7 0
4 8 8 11 0
8 4 8 11 0
4 8 11 8 0
8 4 11 8 0
4 8 9 10 0
8 4 9 10 0
4 8 10 9 0
8 4 10 9 0
5 7 1 18 0
7 5 1 18 0
5 7 18 1 0
7 5 18 1 0
5 7 2 17 0
7 5 2 17 0
5 7 17 2 0
7 5 17 2 0
5 7 3 16 0
7 5 3 16 0
5 7 16 3 0
7 5 16 3 0
5 7 4 15 0
7 5 4 15 0
5 7 15 4 0
7 5 15 4 0
5 7 5 14 0
7 5 5 14 0
5 7 14 5 0
7 5 14 5 0
5 7 6 13 0
7 5 6 13 0
5 7 13 6 0
7 5 13 6 0
5 7 7 12 0
7 5 7 12 0
5 7 12 7 0
7 5 12 7 0
5 7 8 11 0
7 5 8 11 0
5 7 11 8 0
7 5 11 8 0
5 7 9 10 0
7 5 9 10 0
5 7 10 9 0
7 5 10 9 0
6 6 2 17 0
6 6 17 2 0
6 6 3 16 0
6 6 16 3 0
6 6 4 15 0
6 6 15 4 0
6 6 5 14 0
6 6 14 5 0
6 6 6 13 0
6 6 13 6 0
6 6 7 12 0
6 6 12 7 0
6 6 8 11 0
6 6 11 8 0
6 6 9 10 0
6 6 10 9 0
6 6 0 19 0
6 6 19 0 0
6 6 1 18 0
6 6 18 1 0
