0 9 3 12 0
9 0 3 12 0
0 9 12 3 0
9 0 12 3 0
0 9 4 11 0
9 0 4 11 0
0 9 11 4 0
9 0 11 4 0
0 9 5 10 0
9 0 5 10 0
0 9 10 5 0
9 0 10 5 0
0 9 6 9 1
9 0 6 9 1
0 9 9 6 1
9 0 9 6 1
0 9 7 8 1
9 0 7 8 1
0 9 8 7 1
9 0 8 7 1
1 8 1 14 0
8 1 1 14 0
1 8 14 1 0
8 1 14 1 0
1 8 2 13 0
8 1 2 13 0
1 8 13 2 0
8 1 13 2 0
1 8 3 12 0
8 1 3 12 0
1 8 12 3 0
8 1 12 3 0
1 8 4 11 1
8 1 4 11 1
1 8 11 4 1
8 1 11 4 1
1 8 5 10 2
8 1 5 10 2
1 8 10 5 2
8 1 10 5 2
1 8 6 9 4
8 1 6 9 4
1 8 9 6 4
8 1 9 6 4
1 8 7 8 5
8 1 7 8 5
1 8 8 7 5
8 1 8 7 5
2 7 1 14 0
7 2 1 14 0
2 7 14 1 0
7 2 14 1 0
2 7 2 13 0
7 2 2 13 0
2 7 13 2 0
7 2 13 2 0
2 7 3 12 0
7 2 3 12 0
2 7 12 3 0
7 2 12 3 0
2 7 4 11 2
7 2 4 11 2
2 7 11 4 2
7 2 11 4 2
2 7 5 10 4
7 2 5 10 4
2 7 10 5 4
7 2 10 5 4
2 7 6 9 8
7 2 6 9 8
2 7 9 6 8
7 2 9 6 8
2 7 7 8 10
7 2 7 8 10
2 7 8 7 10
7 2 8 7 10
3 6 1 14 0
6 3 1 14 0
3 6 14 1 0
6 3 14 1 0
3 6 2 13 0
6 3 2 13 0
3 6 13 2 0
6 3 13 2 0
3 6 3 12 1
6 3 3 12 1
3 6 12 3 1
6 3 12 3 1
3 6 4 11 4
6 3 4 11 4
3 6 11 4 4
6 3 11 4 4
3 6 5 10 8
6 3 5 10 8
3 6 10 5 8
6 3 10 5 8
3 6 6 9 15
6 3 6 9 15
3 6 9 6 15
6 3 9 6 15
3 6 7 8 18
6 3 7 8 18
3 6 8 7 18
6 3 8 7 18
3 6 0 15 0
6 3 0 15 0
3 6 15 0 0
6 3 15 0 0
4 5 0 15 0
5 4 0 15 0
4 5 15 0 0
5 4 15 0 0
4 5 1 14 0
5 4 1 14 0
4 5 14 1 0
5 4 14 1 0
4 5 2 13 0
5 4 2 13 0
4 5 13 2 0
5 4 13 2 0
4 5 3 12 1
5 4 3 12 1
4 5 12 3 1
5 4 12 3 1
4 5 4 11 5
5 4 4 11 5
4 5 11 4 5
5 4 11 4 5
4 5 5 10 10
5 4 5 10 10
4 5 10 5 10
5 4 10 5 10
4 5 6 9 18
5 4 6 9 18
4 5 9 6 18
5 4 9 6 18
4 5 7 8 22
5 4 7 8 22
4 5 8 7 22
5 4 8 7 22
