13 32 26 37 0
32 13 26 37 0
13 32 37 26 0
32 13 37 26 0
13 32 27 36 0
32 13 27 36 0
13 32 36 27 0
32 13 36 27 0
13 32 28 35 0
32 13 28 35 0
13 32 35 28 0
32 13 35 28 0
13 32 29 34 0
32 13 29 34 0
13 32 34 29 0
32 13 34 29 0
13 32 30 33 0
32 13 30 33 0
13 32 33 30 0
32 13 33 30 0
13 32 31 32 0
32 13 31 32 0
13 32 32 31 0
32 13 32 31 0
14 31 26 37 0
31 14 26 37 0
14 31 37 26 0
31 14 37 26 0
14 31 27 36 0
31 14 27 36 0
14 31 36 27 0
31 14 36 27 0
14 31 28 35 0
31 14 28 35 0
14 31 35 28 0
31 14 35 28 0
14 31 29 34 0
31 14 29 34 0
14 31 34 29 0
31 14 34 29 0
14 31 30 33 0
31 14 30 33 0
14 31 33 30 0
31 14 33 30 0
14 31 31 32 0
31 14 31 32 0
14 31 32 31 0
31 14 32 31 0
15 30 26 37 0
30 15 26 37 0
15 30 37 26 0
30 15 37 26 0
15 30 27 36 0
30 15 27 36 0
15 30 36 27 0
30 15 36 27 0
15 30 28 35 0
30 15 28 35 0
15 30 35 28 0
30 15 35 28 0
15 30 29 34 0
30 15 29 34 0
15 30 34 29 0
30 15 34 29 0
15 30 30 33 0
30 15 30 33 0
15 30 33 30 0
30 15 33 30 0
15 30 31 32 0
30 15 31 32 0
15 30 32 31 0
30 15 32 31 0
16 29 26 37 0
29 16 26 37 0
16 29 37 26 0
29 16 37 26 0
16 29 27 36 0
29 16 27 36 0
16 29 36 27 0
29 16 36 27 0
16 29 28 35 0
29 16 28 35 0
16 29 35 28 0
29 16 35 28 0
16 29 29 34 0
29 16 29 34 0
16 29 34 29 0
29 16 34 29 0
16 29 30 33 1
29 16 30 33 1
16 29 33 30 1
29 16 33 30 1
16 29 31 32 1
29 16 31 32 1
16 29 32 31 1
29 16 32 31 1
14 31 23 40 0
31 14 23 40 0
14 31 40 23 0
31 14 40 23 0
14 31 24 39 0
31 14 24 39 0
14 31 39 24 0
31 14 39 24 0
14 31 25 38 0
31 14 25 38 0
14 31 38 25 0
31 14 38 25 0
15 30 23 40 0
30 15 23 40 0
15 30 40 23 0
30 15 40 23 0
15 30 24 39 0
30 15 24 39 0
15 30 39 24 0
30 15 39 24 0
15 30 25 38 0
30 15 25 38 0
15 30 38 25 0
30 15 38 25 0
16 29 23 40 0
29 16 23 40 0
16 29 40 23 0
29 16 40 23 0
16 29 24 39 0
29 16 24 39 0
16 29 39 24 0
29 16 39 24 0
16 29 25 38 0
29 16 25 38 0
16 29 38 25 0
29 16 38 25 0
17 28 23 40 0
28 17 23 40 0
17 28 40 23 0
28 17 40 23 0
17 28 24 39 0
28 17 24 39 0
17 28 39 24 0
28 17 39 24 0
17 28 25 38 0
28 17 25 38 0
17 28 38 25 0
28 17 38 25 0
17 28 26 37 0
28 17 26 37 0
17 28 37 26 0
28 17 37 26 0
17 28 27 36 1
28 17 27 36 1
17 28 36 27 1
28 17 36 27 1
17 28 28 35 3
28 17 28 35 3
17 28 35 28 3
28 17 35 28 3
17 28 29 34 6
28 17 29 34 6
17 28 34 29 6
28 17 34 29 6
17 28 30 33 10
28 17 30 33 10
17 28 33 30 10
28 17 33 30 10
17 28 31 32 12
28 17 31 32 12
17 28 32 31 12
28 17 32 31 12
15 30 22 41 0
30 15 22 41 0
15 30 41 22 0
30 15 41 22 0
16 29 22 41 0
29 16 22 41 0
16 29 41 22 0
29 16 41 22 0
17 28 22 41 0
28 17 22 41 0
17 28 41 22 0
28 17 41 22 0
18 27 22 41 0
27 18 22 41 0
18 27 41 22 0
27 18 41 22 0
18 27 23 40 0
27 18 23 40 0
18 27 40 23 0
27 18 40 23 0
18 27 24 39 0
27 18 24 39 0
18 27 39 24 0
27 18 39 24 0
18 27 25 38 0
27 18 25 38 0
18 27 38 25 0
27 18 38 25 0
18 27 26 37 1
27 18 26 37 1
18 27 37 26 1
27 18 37 26 1
18 27 27 36 5
27 18 27 36 5
18 27 36 27 5
27 18 36 27 5
18 27 28 35 13
27 18 28 35 13
18 27 35 28 13
27 18 35 28 13
18 27 29 34 24
27 18 29 34 24
18 27 34 29 24
27 18 34 29 24
18 27 30 33 36
27 18 30 33 36
18 27 33 30 36
27 18 33 30 36
18 27 31 32 43
27 18 31 32 43
18 27 32 31 43
27 18 32 31 43
19 26 23 40 0
26 19 23 40 0
19 26 40 23 0
26 19 40 23 0
19 26 24 39 0
26 19 24 39 0
19 26 39 24 0
26 19 39 24 0
19 26 25 38 1
26 19 25 38 1
19 26 38 25 1
26 19 38 25 1
19 26 26 37 5
26 19 26 37 5
19 26 37 26 5
26 19 37 26 5
19 26 27 36 17
26 19 27 36 17
19 26 36 27 17
26 19 36 27 17
19 26 28 35 37
26 19 28 35 37
19 26 35 28 37
26 19 35 28 37
19 26 29 34 64
26 19 29 34 64
19 26 34 29 64
26 19 34 29 64
19 26 30 33 91
26 19 30 33 91
19 26 33 30 91
26 19 33 30 91
19 26 31 32 107
26 19 31 32 107
19 26 32 31 107
26 19 32 31 107
20 25 26 37 13
25 20 26 37 13
20 25 37 26 13
25 20 37 26 13
20 25 27 36 37
25 20 27 36 37
20 25 36 27 37
25 20 36 27 37
20 25 28 35 76
25 20 28 35 76
20 25 35 28 76
25 20 35 28 76
20 25 29 34 126
25 20 29 34 126
20 25 34 29 126
25 20 34 29 126
20 25 30 33 174
25 20 30 33 174
20 25 33 30 174
25 20 33 30 174
20 25 31 32 203
25 20 31 32 203
20 25 32 31 203
25 20 32 31 203
16 29 20 43 0
29 16 20 43 0
16 29 43 20 0
29 16 43 20 0
16 29 21 42 0
29 16 21 42 0
16 29 42 21 0
29 16 42 21 0
17 28 20 43 0
28 17 20 43 0
17 28 43 20 0
28 17 43 20 0
17 28 21 42 0
28 17 21 42 0
17 28 42 21 0
28 17 42 21 0
18 27 20 43 0
27 18 20 43 0
18 27 43 20 0
27 18 43 20 0
18 27 21 42 0
27 18 21 42 0
18 27 42 21 0
27 18 42 21 0
19 26 20 43 0
26 19 20 43 0
19 26 43 20 0
26 19 43 20 0
19 26 21 42 0
26 19 21 42 0
19 26 42 21 0
26 19 42 21 0
19 26 22 41 0
26 19 22 41 0
19 26 41 22 0
26 19 41 22 0
20 25 20 43 0
25 20 20 43 0
20 25 43 20 0
25 20 43 20 0
20 25 21 42 0
25 20 21 42 0
20 25 42 21 0
25 20 42 21 0
20 25 22 41 0
25 20 22 41 0
20 25 41 22 0
25 20 41 22 0
20 25 23 40 0
25 20 23 40 0
20 25 40 23 0
25 20 40 23 0
20 25 24 39 0
25 20 24 39 0
20 25 39 24 0
25 20 39 24 0
20 25 25 38 3
25 20 25 38 3
20 25 38 25 3
25 20 38 25 3
21 24 22 41 0
24 21 22 41 0
21 24 41 22 0
24 21 41 22 0
21 24 23 40 0
24 21 23 40 0
21 24 40 23 0
24 21 40 23 0
21 24 24 39 0
24 21 24 39 0
21 24 39 24 0
24 21 39 24 0
21 24 25 38 6
24 21 25 38 6
21 24 38 25 6
24 21 38 25 6
21 24 26 37 23
24 21 26 37 23
21 24 37 26 23
24 21 37 26 23
21 24 27 36 60
24 21 27 36 60
21 24 36 27 60
24 21 36 27 60
21 24 28 35 119
24 21 28 35 119
21 24 35 28 119
24 21 35 28 119
21 24 29 34 192
24 21 29 34 192
21 24 34 29 192
24 21 34 29 192
21 24 30 33 260
24 21 30 33 260
21 24 33 30 260
24 21 33 30 260
21 24 31 32 302
24 21 31 32 302
21 24 32 31 302
24 21 32 31 302
22 23 26 37 31
23 22 26 37 31
22 23 37 26 31
23 22 37 26 31
22 23 27 36 77
23 22 27 36 77
22 23 36 27 77
23 22 36 27 77
22 23 28 35 149
23 22 28 35 149
22 23 35 28 149
23 22 35 28 149
22 23 29 34 237
23 22 29 34 237
22 23 34 29 237
23 22 34 29 237
22 23 30 33 319
23 22 30 33 319
22 23 33 30 319
23 22 33 30 319
22 23 31 32 369
23 22 31 32 369
22 23 32 31 369
23 22 32 31 369
18 27 19 44 0
27 18 19 44 0
18 27 44 19 0
27 18 44 19 0
19 26 19 44 0
26 19 19 44 0
19 26 44 19 0
26 19 44 19 0
20 25 19 44 0
25 20 19 44 0
20 25 44 19 0
25 20 44 19 0
21 24 19 44 0
24 21 19 44 0
21 24 44 19 0
24 21 44 19 0
21 24 20 43 0
24 21 20 43 0
21 24 43 20 0
24 21 43 20 0
21 24 21 42 0
24 21 21 42 0
21 24 42 21 0
24 21 42 21 0
22 23 20 43 0
23 22 20 43 0
22 23 43 20 0
23 22 43 20 0
22 23 21 42 0
23 22 21 42 0
22 23 42 21 0
23 22 42 21 0
22 23 22 41 0
23 22 22 41 0
22 23 41 22 0
23 22 41 22 0
22 23 23 40 0
23 22 23 40 0
22 23 40 23 0
23 22 40 23 0
22 23 24 39 1
23 22 24 39 1
22 23 39 24 1
23 22 39 24 1
22 23 25 38 9
23 22 25 38 9
22 23 38 25 9
23 22 38 25 9
19 26 18 45 0
26 19 18 45 0
19 26 45 18 0
26 19 45 18 0
20 25 18 45 0
25 20 18 45 0
20 25 45 18 0
25 20 45 18 0
21 24 18 45 0
24 21 18 45 0
21 24 45 18 0
24 21 45 18 0
22 23 18 45 0
23 22 18 45 0
22 23 45 18 0
23 22 45 18 0
22 23 19 44 0
23 22 19 44 0
22 23 44 19 0
23 22 44 19 0
