15 23 48 66 0
23 15 48 66 0
15 23 66 48 0
23 15 66 48 0
15 23 49 65 0
23 15 49 65 0
15 23 65 49 0
23 15 65 49 0
15 23 50 64 0
23 15 50 64 0
15 23 64 50 0
23 15 64 50 0
15 23 51 63 0
23 15 51 63 0
15 23 63 51 0
23 15 63 51 0
15 23 52 62 0
23 15 52 62 0
15 23 62 52 0
23 15 62 52 0
15 23 53 61 0
23 15 53 61 0
15 23 61 53 0
23 15 61 53 0
15 23 54 60 0
23 15 54 60 0
15 23 60 54 0
23 15 60 54 0
16 22 48 66 0
22 16 48 66 0
16 22 66 48 0
22 16 66 48 0
16 22 49 65 0
22 16 49 65 0
16 22 65 49 0
22 16 65 49 0
16 22 50 64 0
22 16 50 64 0
16 22 64 50 0
22 16 64 50 0
16 22 51 63 0
22 16 51 63 0
16 22 63 51 0
22 16 63 51 0
16 22 52 62 0
22 16 52 62 0
16 22 62 52 0
22 16 62 52 0
16 22 53 61 0
22 16 53 61 0
16 22 61 53 0
22 16 61 53 0
16 22 54 60 0
22 16 54 60 0
16 22 60 54 0
22 16 60 54 0
17 21 48 66 0
21 17 48 66 0
17 21 66 48 0
21 17 66 48 0
17 21 49 65 0
21 17 49 65 0
17 21 65 49 0
21 17 65 49 0
17 21 50 64 0
21 17 50 64 0
17 21 64 50 0
21 17 64 50 0
17 21 51 63 0
21 17 51 63 0
17 21 63 51 0
21 17 63 51 0
17 21 52 62 0
21 17 52 62 0
17 21 62 52 0
21 17 62 52 0
17 21 53 61 0
21 17 53 61 0
17 21 61 53 0
21 17 61 53 0
17 21 54 60 0
21 17 54 60 0
17 21 60 54 0
21 17 60 54 0
15 23 55 59 0
23 15 55 59 0
15 23 59 55 0
23 15 59 55 0
16 22 55 59 0
22 16 55 59 0
16 22 59 55 0
22 16 59 55 0
17 21 55 59 0
21 17 55 59 0
17 21 59 55 0
21 17 59 55 0
15 23 56 58 0
23 15 56 58 0
15 23 58 56 0
23 15 58 56 0
16 22 56 58 0
22 16 56 58 0
16 22 58 56 0
22 16 58 56 0
17 21 56 58 0
21 17 56 58 0
17 21 58 56 0
21 17 58 56 0
15 23 57 57 0
23 15 57 57 0
16 22 57 57 0
22 16 57 57 0
17 21 57 57 0
21 17 57 57 0
16 22 46 68 0
22 16 46 68 0
16 22 68 46 0
22 16 68 46 0
16 22 47 67 0
22 16 47 67 0
16 22 67 47 0
22 16 67 47 0
17 21 46 68 0
21 17 46 68 0
17 21 68 46 0
21 17 68 46 0
17 21 47 67 0
21 17 47 67 0
17 21 67 47 0
21 17 67 47 0
18 20 46 68 0
20 18 46 68 0
18 20 68 46 0
20 18 68 46 0
18 20 47 67 0
20 18 47 67 0
18 20 67 47 0
20 18 67 47 0
18 20 48 66 0
20 18 48 66 0
18 20 66 48 0
20 18 66 48 0
18 20 49 65 0
20 18 49 65 0
18 20 65 49 0
20 18 65 49 0
18 20 50 64 0
20 18 50 64 0
18 20 64 50 0
20 18 64 50 0
18 20 51 63 0
20 18 51 63 0
18 20 63 51 0
20 18 63 51 0
18 20 52 62 0
20 18 52 62 0
18 20 62 52 0
20 18 62 52 0
18 20 53 61 0
20 18 53 61 0
18 20 61 53 0
20 18 61 53 0
18 20 54 60 0
20 18 54 60 0
18 20 60 54 0
20 18 60 54 0
18 20 55 59 0
20 18 55 59 0
18 20 59 55 0
20 18 59 55 0
18 20 56 58 0
20 18 56 58 0
18 20 58 56 0
20 18 58 56 0
18 20 57 57 0
20 18 57 57 0
19 19 46 68 0
19 19 68 46 0
19 19 47 67 0
19 19 67 47 0
19 19 48 66 0
19 19 66 48 0
19 19 49 65 0
19 19 65 49 0
19 19 50 64 0
19 19 64 50 0
19 19 51 63 0
19 19 63 51 0
19 19 52 62 0
19 19 62 52 0
19 19 53 61 0
19 19 61 53 0
19 19 54 60 0
19 19 60 54 0
19 19 55 59 0
19 19 59 55 0
19 19 56 58 0
19 19 58 56 0
19 19 57 57 0
18 20 45 69 0
20 18 45 69 0
18 20 69 45 0
20 18 69 45 0
19 19 45 69 0
19 19 69 45 0
