9 23 42 54 0
23 9 42 54 0
9 23 54 42 0
23 9 54 42 0
9 23 43 53 0
23 9 43 53 0
9 23 53 43 0
23 9 53 43 0
9 23 44 52 0
23 9 44 52 0
9 23 52 44 0
23 9 52 44 0
9 23 45 51 0
23 9 45 51 0
9 23 51 45 0
23 9 51 45 0
9 23 46 50 0
23 9 46 50 0
9 23 50 46 0
23 9 50 46 0
9 23 47 49 0
23 9 47 49 0
9 23 49 47 0
23 9 49 47 0
9 23 48 48 0
23 9 48 48 0
10 22 42 54 0
22 10 42 54 0
10 22 54 42 0
22 10 54 42 0
10 22 43 53 0
22 10 43 53 0
10 22 53 43 0
22 10 53 43 0
10 22 44 52 0
22 10 44 52 0
10 22 52 44 0
22 10 52 44 0
10 22 45 51 0
22 10 45 51 0
10 22 51 45 0
22 10 51 45 0
10 22 46 50 0
22 10 46 50 0
10 22 50 46 0
22 10 50 46 0
10 22 47 49 0
22 10 47 49 0
10 22 49 47 0
22 10 49 47 0
10 22 48 48 0
22 10 48 48 0
11 21 42 54 0
21 11 42 54 0
11 21 54 42 0
21 11 54 42 0
11 21 43 53 0
21 11 43 53 0
11 21 53 43 0
21 11 53 43 0
11 21 44 52 0
21 11 44 52 0
11 21 52 44 0
21 11 52 44 0
11 21 45 51 0
21 11 45 51 0
11 21 51 45 0
21 11 51 45 0
11 21 46 50 0
21 11 46 50 0
11 21 50 46 0
21 11 50 46 0
11 21 47 49 0
21 11 47 49 0
11 21 49 47 0
21 11 49 47 0
11 21 48 48 0
21 11 48 48 0
10 22 37 59 0
22 10 37 59 0
10 22 59 37 0
22 10 59 37 0
10 22 38 58 0
22 10 38 58 0
10 22 58 38 0
22 10 58 38 0
10 22 39 57 0
22 10 39 57 0
10 22 57 39 0
22 10 57 39 0
10 22 40 56 0
22 10 40 56 0
10 22 56 40 0
22 10 56 40 0
10 22 41 55 0
22 10 41 55 0
10 22 55 41 0
22 10 55 41 0
11 21 37 59 0
21 11 37 59 0
11 21 59 37 0
21 11 59 37 0
11 21 38 58 0
21 11 38 58 0
11 21 58 38 0
21 11 58 38 0
11 21 39 57 0
21 11 39 57 0
11 21 57 39 0
21 11 57 39 0
11 21 40 56 0
21 11 40 56 0
11 21 56 40 0
21 11 56 40 0
11 21 41 55 0
21 11 41 55 0
11 21 55 41 0
21 11 55 41 0
12 20 37 59 0
20 12 37 59 0
12 20 59 37 0
20 12 59 37 0
12 20 38 58 0
20 12 38 58 0
12 20 58 38 0
20 12 58 38 0
12 20 39 57 0
20 12 39 57 0
12 20 57 39 0
20 12 57 39 0
12 20 40 56 0
20 12 40 56 0
12 20 56 40 0
20 12 56 40 0
12 20 41 55 0
20 12 41 55 0
12 20 55 41 0
20 12 55 41 0
12 20 42 54 0
20 12 42 54 0
12 20 54 42 0
20 12 54 42 0
12 20 43 53 0
20 12 43 53 0
12 20 53 43 0
20 12 53 43 0
12 20 44 52 0
20 12 44 52 0
12 20 52 44 0
20 12 52 44 0
12 20 45 51 0
20 12 45 51 0
12 20 51 45 0
20 12 51 45 0
12 20 46 50 0
20 12 46 50 0
12 20 50 46 0
20 12 50 46 0
12 20 47 49 0
20 12 47 49 0
12 20 49 47 0
20 12 49 47 0
12 20 48 48 0
20 12 48 48 0
11 21 34 62 0
21 11 34 62 0
11 21 62 34 0
21 11 62 34 0
11 21 35 61 0
21 11 35 61 0
11 21 61 35 0
21 11 61 35 0
11 21 36 60 0
21 11 36 60 0
11 21 60 36 0
21 11 60 36 0
12 20 34 62 0
20 12 34 62 0
12 20 62 34 0
20 12 62 34 0
12 20 35 61 0
20 12 35 61 0
12 20 61 35 0
20 12 61 35 0
12 20 36 60 0
20 12 36 60 0
12 20 60 36 0
20 12 60 36 0
13 19 34 62 0
19 13 34 62 0
13 19 62 34 0
19 13 62 34 0
13 19 35 61 0
19 13 35 61 0
13 19 61 35 0
19 13 61 35 0
13 19 36 60 0
19 13 36 60 0
13 19 60 36 0
19 13 60 36 0
13 19 37 59 0
19 13 37 59 0
13 19 59 37 0
19 13 59 37 0
13 19 38 58 0
19 13 38 58 0
13 19 58 38 0
19 13 58 38 0
13 19 39 57 0
19 13 39 57 0
13 19 57 39 0
19 13 57 39 0
13 19 40 56 0
19 13 40 56 0
13 19 56 40 0
19 13 56 40 0
13 19 41 55 0
19 13 41 55 0
13 19 55 41 0
19 13 55 41 0
13 19 42 54 0
19 13 42 54 0
13 19 54 42 0
19 13 54 42 0
13 19 43 53 0
19 13 43 53 0
13 19 53 43 0
19 13 53 43 0
13 19 44 52 0
19 13 44 52 0
13 19 52 44 0
19 13 52 44 0
13 19 45 51 0
19 13 45 51 0
13 19 51 45 0
19 13 51 45 0
13 19 46 50 0
19 13 46 50 0
13 19 50 46 0
19 13 50 46 0
13 19 47 49 0
19 13 47 49 0
13 19 49 47 0
19 13 49 47 0
13 19 48 48 0
19 13 48 48 0
12 20 33 63 0
20 12 33 63 0
12 20 63 33 0
20 12 63 33 0
13 19 33 63 0
19 13 33 63 0
13 19 63 33 0
19 13 63 33 0
14 18 33 63 0
18 14 33 63 0
14 18 63 33 0
18 14 63 33 0
14 18 34 62 0
18 14 34 62 0
14 18 62 34 0
18 14 62 34 0
14 18 35 61 0
18 14 35 61 0
14 18 61 35 0
18 14 61 35 0
14 18 36 60 0
18 14 36 60 0
14 18 60 36 0
18 14 60 36 0
14 18 37 59 1
18 14 37 59 1
14 18 59 37 1
18 14 59 37 1
14 18 38 58 2
18 14 38 58 2
14 18 58 38 2
18 14 58 38 2
14 18 39 57 4
18 14 39 57 4
14 18 57 39 4
18 14 57 39 4
14 18 40 56 6
18 14 40 56 6
14 18 56 40 6
18 14 56 40 6
14 18 41 55 9
18 14 41 55 9
14 18 55 41 9
18 14 55 41 9
14 18 42 54 11
18 14 42 54 11
14 18 54 42 11
18 14 54 42 11
14 18 43 53 13
18 14 43 53 13
14 18 53 43 13
18 14 53 43 13
14 18 44 52 14
18 14 44 52 14
14 18 52 44 14
18 14 52 44 14
14 18 45 51 15
18 14 45 51 15
14 18 51 45 15
18 14 51 45 15
14 18 46 50 15
18 14 46 50 15
14 18 50 46 15
18 14 50 46 15
14 18 47 49 15
18 14 47 49 15
14 18 49 47 15
18 14 49 47 15
14 18 48 48 15
18 14 48 48 15
15 17 34 62 0
17 15 34 62 0
15 17 62 34 0
17 15 62 34 0
15 17 35 61 0
17 15 35 61 0
15 17 61 35 0
17 15 61 35 0
15 17 36 60 1
17 15 36 60 1
15 17 60 36 1
17 15 60 36 1
15 17 37 59 3
17 15 37 59 3
15 17 59 37 3
17 15 59 37 3
15 17 38 58 6
17 15 38 58 6
15 17 58 38 6
17 15 58 38 6
15 17 39 57 10
17 15 39 57 10
15 17 57 39 10
17 15 57 39 10
15 17 40 56 15
17 15 40 56 15
15 17 56 40 15
17 15 56 40 15
15 17 41 55 21
17 15 41 55 21
15 17 55 41 21
17 15 55 41 21
15 17 42 54 26
17 15 42 54 26
15 17 54 42 26
17 15 54 42 26
15 17 43 53 30
17 15 43 53 30
15 17 53 43 30
17 15 53 43 30
15 17 44 52 33
17 15 44 52 33
15 17 52 44 33
17 15 52 44 33
15 17 45 51 35
17 15 45 51 35
15 17 51 45 35
17 15 51 45 35
15 17 46 50 36
17 15 46 50 36
15 17 50 46 36
17 15 50 46 36
15 17 47 49 36
17 15 47 49 36
15 17 49 47 36
17 15 49 47 36
15 17 48 48 36
17 15 48 48 36
16 16 37 59 4
16 16 59 37 4
16 16 38 58 8
16 16 58 38 8
16 16 39 57 14
16 16 57 39 14
16 16 40 56 21
16 16 56 40 21
16 16 41 55 30
16 16 55 41 30
16 16 42 54 37
16 16 54 42 37
16 16 43 53 43
16 16 53 43 43
16 16 44 52 47
16 16 52 44 47
16 16 45 51 50
16 16 51 45 50
16 16 46 50 51
16 16 50 46 51
16 16 47 49 51
16 16 49 47 51
16 16 48 48 51
13 19 31 65 0
19 13 31 65 0
13 19 65 31 0
19 13 65 31 0
13 19 32 64 0
19 13 32 64 0
13 19 64 32 0
19 13 64 32 0
14 18 31 65 0
18 14 31 65 0
14 18 65 31 0
18 14 65 31 0
14 18 32 64 0
18 14 32 64 0
14 18 64 32 0
18 14 64 32 0
15 17 31 65 0
17 15 31 65 0
15 17 65 31 0
17 15 65 31 0
15 17 32 64 0
17 15 32 64 0
15 17 64 32 0
17 15 64 32 0
15 17 33 63 0
17 15 33 63 0
15 17 63 33 0
17 15 63 33 0
16 16 31 65 0
16 16 65 31 0
16 16 32 64 0
16 16 64 32 0
16 16 33 63 0
16 16 63 33 0
16 16 34 62 0
16 16 62 34 0
16 16 35 61 0
16 16 61 35 0
16 16 36 60 1
16 16 60 36 1
15 17 30 66 0
17 15 30 66 0
15 17 66 30 0
17 15 66 30 0
16 16 30 66 0
16 16 66 30 0
