11 17 23 34 0
17 11 23 34 0
11 17 34 23 0
17 11 34 23 0
11 17 24 33 0
17 11 24 33 0
11 17 33 24 0
17 11 33 24 0
11 17 25 32 0
17 11 25 32 0
11 17 32 25 0
17 11 32 25 0
11 17 26 31 0
17 11 26 31 0
11 17 31 26 0
17 11 31 26 0
11 17 27 30 0
17 11 27 30 0
11 17 30 27 0
17 11 30 27 0
11 17 28 29 0
17 11 28 29 0
11 17 29 28 0
17 11 29 28 0
12 16 23 34 0
16 12 23 34 0
12 16 34 23 0
16 12 34 23 0
12 16 24 33 0
16 12 24 33 0
12 16 33 24 0
16 12 33 24 0
12 16 25 32 0
16 12 25 32 0
12 16 32 25 0
16 12 32 25 0
12 16 26 31 0
16 12 26 31 0
12 16 31 26 0
16 12 31 26 0
12 16 27 30 0
16 12 27 30 0
12 16 30 27 0
16 12 30 27 0
12 16 28 29 0
16 12 28 29 0
12 16 29 28 0
16 12 29 28 0
13 15 23 34 0
15 13 23 34 0
13 15 34 23 0
15 13 34 23 0
13 15 24 33 0
15 13 24 33 0
13 15 33 24 0
15 13 33 24 0
13 15 25 32 0
15 13 25 32 0
13 15 32 25 0
15 13 32 25 0
13 15 26 31 0
15 13 26 31 0
13 15 31 26 0
15 13 31 26 0
13 15 27 30 0
15 13 27 30 0
13 15 30 27 0
15 13 30 27 0
13 15 28 29 0
15 13 28 29 0
13 15 29 28 0
15 13 29 28 0
12 16 22 35 0
16 12 22 35 0
12 16 35 22 0
16 12 35 22 0
13 15 22 35 0
15 13 22 35 0
13 15 35 22 0
15 13 35 22 0
14 14 22 35 0
14 14 35 22 0
14 14 23 34 0
14 14 34 23 0
14 14 24 33 0
14 14 33 24 0
14 14 25 32 0
14 14 32 25 0
14 14 26 31 0
14 14 31 26 0
14 14 27 30 0
14 14 30 27 0
14 14 28 29 0
14 14 29 28 0
