9 17 21 32 0
17 9 21 32 0
9 17 32 21 0
17 9 32 21 0
9 17 22 31 0
17 9 22 31 0
9 17 31 22 0
17 9 31 22 0
9 17 23 30 0
17 9 23 30 0
9 17 30 23 0
17 9 30 23 0
9 17 24 29 0
17 9 24 29 0
9 17 29 24 0
17 9 29 24 0
9 17 25 28 0
17 9 25 28 0
9 17 28 25 0
17 9 28 25 0
9 17 26 27 0
17 9 26 27 0
9 17 27 26 0
17 9 27 26 0
10 16 21 32 0
16 10 21 32 0
10 16 32 21 0
16 10 32 21 0
10 16 22 31 0
16 10 22 31 0
10 16 31 22 0
16 10 31 22 0
10 16 23 30 0
16 10 23 30 0
10 16 30 23 0
16 10 30 23 0
10 16 24 29 0
16 10 24 29 0
10 16 29 24 0
16 10 29 24 0
10 16 25 28 0
16 10 25 28 0
10 16 28 25 0
16 10 28 25 0
10 16 26 27 0
16 10 26 27 0
10 16 27 26 0
16 10 27 26 0
11 15 21 32 0
15 11 21 32 0
11 15 32 21 0
15 11 32 21 0
11 15 22 31 0
15 11 22 31 0
11 15 31 22 0
15 11 31 22 0
11 15 23 30 0
15 11 23 30 0
11 15 30 23 0
15 11 30 23 0
11 15 24 29 0
15 11 24 29 0
11 15 29 24 0
15 11 29 24 0
11 15 25 28 0
15 11 25 28 0
11 15 28 25 0
15 11 28 25 0
11 15 26 27 0
15 11 26 27 0
11 15 27 26 0
15 11 27 26 0
10 16 19 34 0
16 10 19 34 0
10 16 34 19 0
16 10 34 19 0
10 16 20 33 0
16 10 20 33 0
10 16 33 20 0
16 10 33 20 0
11 15 19 34 0
15 11 19 34 0
11 15 34 19 0
15 11 34 19 0
11 15 20 33 0
15 11 20 33 0
11 15 33 20 0
15 11 33 20 0
12 14 19 34 0
14 12 19 34 0
12 14 34 19 0
14 12 34 19 0
12 14 20 33 0
14 12 20 33 0
12 14 33 20 0
14 12 33 20 0
12 14 21 32 0
14 12 21 32 0
12 14 32 21 0
14 12 32 21 0
12 14 22 31 0
14 12 22 31 0
12 14 31 22 0
14 12 31 22 0
12 14 23 30 0
14 12 23 30 0
12 14 30 23 0
14 12 30 23 0
12 14 24 29 0
14 12 24 29 0
12 14 29 24 0
14 12 29 24 0
12 14 25 28 0
14 12 25 28 0
12 14 28 25 0
14 12 28 25 0
12 14 26 27 0
14 12 26 27 0
12 14 27 26 0
14 12 27 26 0
13 13 19 34 0
13 13 34 19 0
13 13 20 33 0
13 13 33 20 0
13 13 21 32 0
13 13 32 21 0
13 13 22 31 0
13 13 31 22 0
13 13 23 30 0
13 13 30 23 0
13 13 24 29 0
13 13 29 24 0
13 13 25 28 0
13 13 28 25 0
13 13 26 27 0
13 13 27 26 0
12 14 18 35 0
14 12 18 35 0
12 14 35 18 0
14 12 35 18 0
13 13 18 35 0
13 13 35 18 0
