3 15 13 24 0
15 3 13 24 0
3 15 24 13 0
15 3 24 13 0
3 15 14 23 0
15 3 14 23 0
3 15 23 14 0
15 3 23 14 0
3 15 15 22 0
15 3 15 22 0
3 15 22 15 0
15 3 22 15 0
3 15 16 21 0
15 3 16 21 0
3 15 21 16 0
15 3 21 16 0
3 15 17 20 0
15 3 17 20 0
3 15 20 17 0
15 3 20 17 0
3 15 18 19 0
15 3 18 19 0
3 15 19 18 0
15 3 19 18 0
4 14 13 24 0
14 4 13 24 0
4 14 24 13 0
14 4 24 13 0
4 14 14 23 0
14 4 14 23 0
4 14 23 14 0
14 4 23 14 0
4 14 15 22 0
14 4 15 22 0
4 14 22 15 0
14 4 22 15 0
4 14 16 21 0
14 4 16 21 0
4 14 21 16 0
14 4 21 16 0
4 14 17 20 0
14 4 17 20 0
4 14 20 17 0
14 4 20 17 0
4 14 18 19 0
14 4 18 19 0
4 14 19 18 0
14 4 19 18 0
5 13 13 24 0
13 5 13 24 0
5 13 24 13 0
13 5 24 13 0
5 13 14 23 0
13 5 14 23 0
5 13 23 14 0
13 5 23 14 0
5 13 15 22 0
13 5 15 22 0
5 13 22 15 0
13 5 22 15 0
5 13 16 21 1
13 5 16 21 1
5 13 21 16 1
13 5 21 16 1
5 13 17 20 2
13 5 17 20 2
5 13 20 17 2
13 5 20 17 2
5 13 18 19 3
13 5 18 19 3
5 13 19 18 3
13 5 19 18 3
4 14 11 26 0
14 4 11 26 0
4 14 26 11 0
14 4 26 11 0
4 14 12 25 0
14 4 12 25 0
4 14 25 12 0
14 4 25 12 0
5 13 11 26 0
13 5 11 26 0
5 13 26 11 0
13 5 26 11 0
5 13 12 25 0
13 5 12 25 0
5 13 25 12 0
13 5 25 12 0
6 12 11 26 0
12 6 11 26 0
6 12 26 11 0
12 6 26 11 0
6 12 12 25 0
12 6 12 25 0
6 12 25 12 0
12 6 25 12 0
6 12 13 24 0
12 6 13 24 0
6 12 24 13 0
12 6 24 13 0
6 12 14 23 2
12 6 14 23 2
6 12 23 14 2
12 6 23 14 2
6 12 15 22 5
12 6 15 22 5
6 12 22 15 5
12 6 22 15 5
6 12 16 21 11
12 6 16 21 11
6 12 21 16 11
12 6 21 16 11
6 12 17 20 17
12 6 17 20 17
6 12 20 17 17
12 6 20 17 17
6 12 18 19 21
12 6 18 19 21
6 12 19 18 21
12 6 19 18 21
7 11 11 26 0
11 7 11 26 0
7 11 26 11 0
11 7 26 11 0
7 11 12 25 1
11 7 12 25 1
7 11 25 12 1
11 7 25 12 1
7 11 13 24 4
11 7 13 24 4
7 11 24 13 4
11 7 24 13 4
7 11 14 23 12
11 7 14 23 12
7 11 23 14 12
11 7 23 14 12
7 11 15 22 25
11 7 15 22 25
7 11 22 15 25
11 7 22 15 25
7 11 16 21 43
11 7 16 21 43
7 11 21 16 43
11 7 21 16 43
7 11 17 20 60
11 7 17 20 60
7 11 20 17 60
11 7 20 17 60
7 11 18 19 71
11 7 18 19 71
7 11 19 18 71
11 7 19 18 71
8 10 13 24 10
10 8 13 24 10
8 10 24 13 10
10 8 24 13 10
8 10 14 23 27
10 8 14 23 27
8 10 23 14 27
10 8 23 14 27
8 10 15 22 52
10 8 15 22 52
8 10 22 15 52
10 8 22 15 52
8 10 16 21 85
10 8 16 21 85
8 10 21 16 85
10 8 21 16 85
8 10 17 20 115
10 8 17 20 115
8 10 20 17 115
10 8 20 17 115
8 10 18 19 134
10 8 18 19 134
8 10 19 18 134
10 8 19 18 134
5 13 9 28 0
13 5 9 28 0
5 13 28 9 0
13 5 28 9 0
5 13 10 27 0
13 5 10 27 0
5 13 27 10 0
13 5 27 10 0
6 12 9 28 0
12 6 9 28 0
6 12 28 9 0
12 6 28 9 0
6 12 10 27 0
12 6 10 27 0
6 12 27 10 0
12 6 27 10 0
7 11 9 28 0
11 7 9 28 0
7 11 28 9 0
11 7 28 9 0
7 11 10 27 0
11 7 10 27 0
7 11 27 10 0
11 7 27 10 0
6 12 8 29 0
12 6 8 29 0
6 12 29 8 0
12 6 29 8 0
7 11 8 29 0
11 7 8 29 0
7 11 29 8 0
11 7 29 8 0
8 10 8 29 0
10 8 8 29 0
8 10 29 8 0
10 8 29 8 0
8 10 9 28 0
10 8 9 28 0
8 10 28 9 0
10 8 28 9 0
8 10 10 27 0
10 8 10 27 0
8 10 27 10 0
10 8 27 10 0
8 10 11 26 0
10 8 11 26 0
8 10 26 11 0
10 8 26 11 0
8 10 12 25 3
10 8 12 25 3
8 10 25 12 3
10 8 25 12 3
9 9 9 28 0
9 9 28 9 0
9 9 10 27 0
9 9 27 10 0
9 9 11 26 1
9 9 26 11 1
9 9 12 25 5
9 9 25 12 5
9 9 13 24 15
9 9 24 13 15
9 9 14 23 37
9 9 23 14 37
9 9 15 22 69
9 9 22 15 69
9 9 16 21 109
9 9 21 16 109
9 9 17 20 146
9 9 20 17 146
9 9 18 19 168
9 9 19 18 168
7 11 7 30 0
11 7 7 30 0
7 11 30 7 0
11 7 30 7 0
8 10 7 30 0
10 8 7 30 0
8 10 30 7 0
10 8 30 7 0
9 9 7 30 0
9 9 30 7 0
9 9 8 29 0
9 9 29 8 0
