2 14 11 22 0
14 2 11 22 0
2 14 22 11 0
14 2 22 11 0
2 14 12 21 0
14 2 12 21 0
2 14 21 12 0
14 2 21 12 0
2 14 13 20 0
14 2 13 20 0
2 14 20 13 0
14 2 20 13 0
2 14 14 19 0
14 2 14 19 0
2 14 19 14 0
14 2 19 14 0
2 14 15 18 0
14 2 15 18 0
2 14 18 15 0
14 2 18 15 0
2 14 16 17 0
14 2 16 17 0
2 14 17 16 0
14 2 17 16 0
3 13 11 22 0
13 3 11 22 0
3 13 22 11 0
13 3 22 11 0
3 13 12 21 0
13 3 12 21 0
3 13 21 12 0
13 3 21 12 0
3 13 13 20 0
13 3 13 20 0
3 13 20 13 0
13 3 20 13 0
3 13 14 19 0
13 3 14 19 0
3 13 19 14 0
13 3 19 14 0
3 13 15 18 0
13 3 15 18 0
3 13 18 15 0
13 3 18 15 0
3 13 16 17 0
13 3 16 17 0
3 13 17 16 0
13 3 17 16 0
4 12 11 22 0
12 4 11 22 0
4 12 22 11 0
12 4 22 11 0
4 12 12 21 0
12 4 12 21 0
4 12 21 12 0
12 4 21 12 0
4 12 13 20 1
12 4 13 20 1
4 12 20 13 1
12 4 20 13 1
4 12 14 19 3
12 4 14 19 3
4 12 19 14 3
12 4 19 14 3
4 12 15 18 5
12 4 15 18 5
4 12 18 15 5
12 4 18 15 5
4 12 16 17 6
12 4 16 17 6
4 12 17 16 6
12 4 17 16 6
3 13 10 23 0
13 3 10 23 0
3 13 23 10 0
13 3 23 10 0
4 12 10 23 0
12 4 10 23 0
4 12 23 10 0
12 4 23 10 0
5 11 10 23 0
11 5 10 23 0
5 11 23 10 0
11 5 23 10 0
5 11 11 22 1
11 5 11 22 1
5 11 22 11 1
11 5 22 11 1
5 11 12 21 5
11 5 12 21 5
5 11 21 12 5
11 5 21 12 5
5 11 13 20 12
11 5 13 20 12
5 11 20 13 12
11 5 20 13 12
5 11 14 19 22
11 5 14 19 22
5 11 19 14 22
11 5 19 14 22
5 11 15 18 33
11 5 15 18 33
5 11 18 15 33
11 5 18 15 33
5 11 16 17 39
11 5 16 17 39
5 11 17 16 39
11 5 17 16 39
6 10 11 22 8
10 6 11 22 8
6 10 22 11 8
10 6 22 11 8
6 10 12 21 22
10 6 12 21 22
6 10 21 12 22
10 6 21 12 22
6 10 13 20 45
10 6 13 20 45
6 10 20 13 45
10 6 20 13 45
6 10 14 19 74
10 6 14 19 74
6 10 19 14 74
10 6 19 14 74
6 10 15 18 102
10 6 15 18 102
6 10 18 15 102
10 6 18 15 102
6 10 16 17 119
10 6 16 17 119
6 10 17 16 119
10 6 17 16 119
3 13 9 24 0
13 3 9 24 0
3 13 24 9 0
13 3 24 9 0
4 12 9 24 0
12 4 9 24 0
4 12 24 9 0
12 4 24 9 0
5 11 9 24 0
11 5 9 24 0
5 11 24 9 0
11 5 24 9 0
4 12 7 26 0
12 4 7 26 0
4 12 26 7 0
12 4 26 7 0
4 12 8 25 0
12 4 8 25 0
4 12 25 8 0
12 4 25 8 0
5 11 7 26 0
11 5 7 26 0
5 11 26 7 0
11 5 26 7 0
5 11 8 25 0
11 5 8 25 0
5 11 25 8 0
11 5 25 8 0
6 10 7 26 0
10 6 7 26 0
6 10 26 7 0
10 6 26 7 0
6 10 8 25 0
10 6 8 25 0
6 10 25 8 0
10 6 25 8 0
6 10 9 24 0
10 6 9 24 0
6 10 24 9 0
10 6 24 9 0
6 10 10 23 2
10 6 10 23 2
6 10 23 10 2
10 6 23 10 2
7 9 7 26 0
9 7 7 26 0
7 9 26 7 0
9 7 26 7 0
7 9 8 25 0
9 7 8 25 0
7 9 25 8 0
9 7 25 8 0
7 9 9 24 1
9 7 9 24 1
7 9 24 9 1
9 7 24 9 1
7 9 10 23 6
9 7 10 23 6
7 9 23 10 6
9 7 23 10 6
7 9 11 22 20
9 7 11 22 20
7 9 22 11 20
9 7 22 11 20
7 9 12 21 48
9 7 12 21 48
7 9 21 12 48
9 7 21 12 48
7 9 13 20 91
9 7 13 20 91
7 9 20 13 91
9 7 20 13 91
7 9 14 19 143
9 7 14 19 143
7 9 19 14 143
9 7 19 14 143
7 9 15 18 191
9 7 15 18 191
7 9 18 15 191
9 7 18 15 191
7 9 16 17 220
9 7 16 17 220
7 9 17 16 220
9 7 17 16 220
8 8 9 24 2
8 8 24 9 2
8 8 10 23 9
8 8 23 10 9
8 8 11 22 27
8 8 22 11 27
8 8 12 21 62
8 8 21 12 62
8 8 13 20 114
8 8 20 13 114
8 8 14 19 177
8 8 19 14 177
8 8 15 18 235
8 8 18 15 235
8 8 16 17 269
8 8 17 16 269
5 11 6 27 0
11 5 6 27 0
5 11 27 6 0
11 5 27 6 0
6 10 6 27 0
10 6 6 27 0
6 10 27 6 0
10 6 27 6 0
7 9 6 27 0
9 7 6 27 0
7 9 27 6 0
9 7 27 6 0
6 10 5 28 0
10 6 5 28 0
6 10 28 5 0
10 6 28 5 0
7 9 5 28 0
9 7 5 28 0
7 9 28 5 0
9 7 28 5 0
8 8 5 28 0
8 8 28 5 0
8 8 6 27 0
8 8 27 6 0
8 8 7 26 0
8 8 26 7 0
8 8 8 25 0
8 8 25 8 0
