5 17 20 25 0
17 5 20 25 0
5 17 25 20 0
17 5 25 20 0
5 17 21 24 0
17 5 21 24 0
5 17 24 21 0
17 5 24 21 0
5 17 22 23 0
17 5 22 23 0
5 17 23 22 0
17 5 23 22 0
6 16 20 25 0
16 6 20 25 0
6 16 25 20 0
16 6 25 20 0
6 16 21 24 0
16 6 21 24 0
6 16 24 21 0
16 6 24 21 0
6 16 22 23 0
16 6 22 23 0
6 16 23 22 0
16 6 23 22 0
7 15 20 25 0
15 7 20 25 0
7 15 25 20 0
15 7 25 20 0
7 15 21 24 0
15 7 21 24 0
7 15 24 21 0
15 7 24 21 0
7 15 22 23 0
15 7 22 23 0
7 15 23 22 0
15 7 23 22 0
6 16 16 29 0
16 6 16 29 0
6 16 29 16 0
16 6 29 16 0
6 16 17 28 0
16 6 17 28 0
6 16 28 17 0
16 6 28 17 0
6 16 18 27 0
16 6 18 27 0
6 16 27 18 0
16 6 27 18 0
6 16 19 26 0
16 6 19 26 0
6 16 26 19 0
16 6 26 19 0
7 15 16 29 0
15 7 16 29 0
7 15 29 16 0
15 7 29 16 0
7 15 17 28 0
15 7 17 28 0
7 15 28 17 0
15 7 28 17 0
7 15 18 27 0
15 7 18 27 0
7 15 27 18 0
15 7 27 18 0
7 15 19 26 0
15 7 19 26 0
7 15 26 19 0
15 7 26 19 0
8 14 16 29 0
14 8 16 29 0
8 14 29 16 0
14 8 29 16 0
8 14 17 28 0
14 8 17 28 0
8 14 28 17 0
14 8 28 17 0
8 14 18 27 0
14 8 18 27 0
8 14 27 18 0
14 8 27 18 0
8 14 19 26 0
14 8 19 26 0
8 14 26 19 0
14 8 26 19 0
8 14 20 25 0
14 8 20 25 0
8 14 25 20 0
14 8 25 20 0
8 14 21 24 1
14 8 21 24 1
8 14 24 21 1
14 8 24 21 1
8 14 22 23 1
14 8 22 23 1
8 14 23 22 1
14 8 23 22 1
7 15 14 31 0
15 7 14 31 0
7 15 31 14 0
15 7 31 14 0
7 15 15 30 0
15 7 15 30 0
7 15 30 15 0
15 7 30 15 0
8 14 14 31 0
14 8 14 31 0
8 14 31 14 0
14 8 31 14 0
8 14 15 30 0
14 8 15 30 0
8 14 30 15 0
14 8 30 15 0
9 13 14 31 0
13 9 14 31 0
9 13 31 14 0
13 9 31 14 0
9 13 15 30 0
13 9 15 30 0
9 13 30 15 0
13 9 30 15 0
9 13 16 29 0
13 9 16 29 0
9 13 29 16 0
13 9 29 16 0
9 13 17 28 0
13 9 17 28 0
9 13 28 17 0
13 9 28 17 0
9 13 18 27 0
13 9 18 27 0
9 13 27 18 0
13 9 27 18 0
9 13 19 26 1
13 9 19 26 1
9 13 26 19 1
13 9 26 19 1
9 13 20 25 2
13 9 20 25 2
9 13 25 20 2
13 9 25 20 2
9 13 21 24 4
13 9 21 24 4
9 13 24 21 4
13 9 24 21 4
9 13 22 23 5
13 9 22 23 5
9 13 23 22 5
13 9 23 22 5
10 12 14 31 0
12 10 14 31 0
10 12 31 14 0
12 10 31 14 0
10 12 15 30 0
12 10 15 30 0
10 12 30 15 0
12 10 30 15 0
10 12 16 29 0
12 10 16 29 0
10 12 29 16 0
12 10 29 16 0
10 12 17 28 1
12 10 17 28 1
10 12 28 17 1
12 10 28 17 1
10 12 18 27 2
12 10 18 27 2
10 12 27 18 2
12 10 27 18 2
10 12 19 26 5
12 10 19 26 5
10 12 26 19 5
12 10 26 19 5
10 12 20 25 8
12 10 20 25 8
10 12 25 20 8
12 10 25 20 8
10 12 21 24 12
12 10 21 24 12
10 12 24 21 12
12 10 24 21 12
10 12 22 23 14
12 10 22 23 14
10 12 23 22 14
12 10 23 22 14
11 11 16 29 0
11 11 29 16 0
11 11 17 28 1
11 11 28 17 1
11 11 18 27 3
11 11 27 18 3
11 11 19 26 6
11 11 26 19 6
11 11 20 25 10
11 11 25 20 10
11 11 21 24 15
11 11 24 21 15
11 11 22 23 17
11 11 23 22 17
8 14 13 32 0
14 8 13 32 0
8 14 32 13 0
14 8 32 13 0
9 13 13 32 0
13 9 13 32 0
9 13 32 13 0
13 9 32 13 0
10 12 13 32 0
12 10 13 32 0
10 12 32 13 0
12 10 32 13 0
9 13 12 33 0
13 9 12 33 0
9 13 33 12 0
13 9 33 12 0
10 12 12 33 0
12 10 12 33 0
10 12 33 12 0
12 10 33 12 0
11 11 12 33 0
11 11 33 12 0
11 11 13 32 0
11 11 32 13 0
11 11 14 31 0
11 11 31 14 0
11 11 15 30 0
11 11 30 15 0
