4 16 16 25 0
16 4 16 25 0
4 16 25 16 0
16 4 25 16 0
4 16 17 24 0
16 4 17 24 0
4 16 24 17 0
16 4 24 17 0
4 16 18 23 0
16 4 18 23 0
4 16 23 18 0
16 4 23 18 0
4 16 19 22 0
16 4 19 22 0
4 16 22 19 0
16 4 22 19 0
4 16 20 21 0
16 4 20 21 0
4 16 21 20 0
16 4 21 20 0
5 15 16 25 0
15 5 16 25 0
5 15 25 16 0
15 5 25 16 0
5 15 17 24 0
15 5 17 24 0
5 15 24 17 0
15 5 24 17 0
5 15 18 23 0
15 5 18 23 0
5 15 23 18 0
15 5 23 18 0
5 15 19 22 0
15 5 19 22 0
5 15 22 19 0
15 5 22 19 0
5 15 20 21 0
15 5 20 21 0
5 15 21 20 0
15 5 21 20 0
6 14 16 25 0
14 6 16 25 0
6 14 25 16 0
14 6 25 16 0
6 14 17 24 0
14 6 17 24 0
6 14 24 17 0
14 6 24 17 0
6 14 18 23 0
14 6 18 23 0
6 14 23 18 0
14 6 23 18 0
6 14 19 22 0
14 6 19 22 0
6 14 22 19 0
14 6 22 19 0
6 14 20 21 1
14 6 20 21 1
6 14 21 20 1
14 6 21 20 1
5 15 13 28 0
15 5 13 28 0
5 15 28 13 0
15 5 28 13 0
5 15 14 27 0
15 5 14 27 0
5 15 27 14 0
15 5 27 14 0
5 15 15 26 0
15 5 15 26 0
5 15 26 15 0
15 5 26 15 0
6 14 13 28 0
14 6 13 28 0
6 14 28 13 0
14 6 28 13 0
6 14 14 27 0
14 6 14 27 0
6 14 27 14 0
14 6 27 14 0
6 14 15 26 0
14 6 15 26 0
6 14 26 15 0
14 6 26 15 0
7 13 13 28 0
13 7 13 28 0
7 13 28 13 0
13 7 28 13 0
7 13 14 27 0
13 7 14 27 0
7 13 27 14 0
13 7 27 14 0
7 13 15 26 0
13 7 15 26 0
7 13 26 15 0
13 7 26 15 0
7 13 16 25 0
13 7 16 25 0
7 13 25 16 0
13 7 25 16 0
7 13 17 24 1
13 7 17 24 1
7 13 24 17 1
13 7 24 17 1
7 13 18 23 3
13 7 18 23 3
7 13 23 18 3
13 7 23 18 3
7 13 19 22 5
13 7 19 22 5
7 13 22 19 5
13 7 22 19 5
7 13 20 21 7
13 7 20 21 7
7 13 21 20 7
13 7 21 20 7
6 14 12 29 0
14 6 12 29 0
6 14 29 12 0
14 6 29 12 0
7 13 12 29 0
13 7 12 29 0
7 13 29 12 0
13 7 29 12 0
8 12 12 29 0
12 8 12 29 0
8 12 29 12 0
12 8 29 12 0
8 12 13 28 0
12 8 13 28 0
8 12 28 13 0
12 8 28 13 0
8 12 14 27 0
12 8 14 27 0
8 12 27 14 0
12 8 27 14 0
8 12 15 26 1
12 8 15 26 1
8 12 26 15 1
12 8 26 15 1
8 12 16 25 3
12 8 16 25 3
8 12 25 16 3
12 8 25 16 3
8 12 17 24 8
12 8 17 24 8
8 12 24 17 8
12 8 24 17 8
8 12 18 23 15
12 8 18 23 15
8 12 23 18 15
12 8 23 18 15
8 12 19 22 22
12 8 19 22 22
8 12 22 19 22
12 8 22 19 22
8 12 20 21 27
12 8 20 21 27
8 12 21 20 27
12 8 21 20 27
9 11 13 28 0
11 9 13 28 0
9 11 28 13 0
11 9 28 13 0
9 11 14 27 1
11 9 14 27 1
9 11 27 14 1
11 9 27 14 1
9 11 15 26 4
11 9 15 26 4
9 11 26 15 4
11 9 26 15 4
9 11 16 25 10
11 9 16 25 10
9 11 25 16 10
11 9 25 16 10
9 11 17 24 21
11 9 17 24 21
9 11 24 17 21
11 9 24 17 21
9 11 18 23 35
11 9 18 23 35
9 11 23 18 35
11 9 23 18 35
9 11 19 22 48
11 9 19 22 48
9 11 22 19 48
11 9 22 19 48
9 11 20 21 57
11 9 20 21 57
9 11 21 20 57
11 9 21 20 57
10 10 16 25 13
10 10 25 16 13
10 10 17 24 27
10 10 24 17 27
10 10 18 23 44
10 10 23 18 44
10 10 19 22 60
10 10 22 19 60
10 10 20 21 71
10 10 21 20 71
7 13 10 31 0
13 7 10 31 0
7 13 31 10 0
13 7 31 10 0
7 13 11 30 0
13 7 11 30 0
7 13 30 11 0
13 7 30 11 0
8 12 10 31 0
12 8 10 31 0
8 12 31 10 0
12 8 31 10 0
8 12 11 30 0
12 8 11 30 0
8 12 30 11 0
12 8 30 11 0
9 11 10 31 0
11 9 10 31 0
9 11 31 10 0
11 9 31 10 0
9 11 11 30 0
11 9 11 30 0
9 11 30 11 0
11 9 30 11 0
9 11 12 29 0
11 9 12 29 0
9 11 29 12 0
11 9 29 12 0
10 10 10 31 0
10 10 31 10 0
10 10 11 30 0
10 10 30 11 0
10 10 12 29 0
10 10 29 12 0
10 10 13 28 0
10 10 28 13 0
10 10 14 27 1
10 10 27 14 1
10 10 15 26 5
10 10 26 15 5
9 11 9 32 0
11 9 9 32 0
9 11 32 9 0
11 9 32 9 0
10 10 9 32 0
10 10 32 9 0
