7 17 20 29 0
17 7 20 29 0
7 17 29 20 0
17 7 29 20 0
7 17 21 28 0
17 7 21 28 0
7 17 28 21 0
17 7 28 21 0
7 17 22 27 0
17 7 22 27 0
7 17 27 22 0
17 7 27 22 0
7 17 23 26 0
17 7 23 26 0
7 17 26 23 0
17 7 26 23 0
7 17 24 25 0
17 7 24 25 0
7 17 25 24 0
17 7 25 24 0
8 16 20 29 0
16 8 20 29 0
8 16 29 20 0
16 8 29 20 0
8 16 21 28 0
16 8 21 28 0
8 16 28 21 0
16 8 28 21 0
8 16 22 27 0
16 8 22 27 0
8 16 27 22 0
16 8 27 22 0
8 16 23 26 0
16 8 23 26 0
8 16 26 23 0
16 8 26 23 0
8 16 24 25 0
16 8 24 25 0
8 16 25 24 0
16 8 25 24 0
9 15 20 29 0
15 9 20 29 0
9 15 29 20 0
15 9 29 20 0
9 15 21 28 0
15 9 21 28 0
9 15 28 21 0
15 9 28 21 0
9 15 22 27 0
15 9 22 27 0
9 15 27 22 0
15 9 27 22 0
9 15 23 26 0
15 9 23 26 0
9 15 26 23 0
15 9 26 23 0
9 15 24 25 0
15 9 24 25 0
9 15 25 24 0
15 9 25 24 0
8 16 17 32 0
16 8 17 32 0
8 16 32 17 0
16 8 32 17 0
8 16 18 31 0
16 8 18 31 0
8 16 31 18 0
16 8 31 18 0
8 16 19 30 0
16 8 19 30 0
8 16 30 19 0
16 8 30 19 0
9 15 17 32 0
15 9 17 32 0
9 15 32 17 0
15 9 32 17 0
9 15 18 31 0
15 9 18 31 0
9 15 31 18 0
15 9 31 18 0
9 15 19 30 0
15 9 19 30 0
9 15 30 19 0
15 9 30 19 0
10 14 17 32 0
14 10 17 32 0
10 14 32 17 0
14 10 32 17 0
10 14 18 31 0
14 10 18 31 0
10 14 31 18 0
14 10 31 18 0
10 14 19 30 0
14 10 19 30 0
10 14 30 19 0
14 10 30 19 0
10 14 20 29 0
14 10 20 29 0
10 14 29 20 0
14 10 29 20 0
10 14 21 28 0
14 10 21 28 0
10 14 28 21 0
14 10 28 21 0
10 14 22 27 0
14 10 22 27 0
10 14 27 22 0
14 10 27 22 0
10 14 23 26 0
14 10 23 26 0
10 14 26 23 0
14 10 26 23 0
10 14 24 25 0
14 10 24 25 0
10 14 25 24 0
14 10 25 24 0
9 15 16 33 0
15 9 16 33 0
9 15 33 16 0
15 9 33 16 0
10 14 16 33 0
14 10 16 33 0
10 14 33 16 0
14 10 33 16 0
11 13 16 33 0
13 11 16 33 0
11 13 33 16 0
13 11 33 16 0
11 13 17 32 0
13 11 17 32 0
11 13 32 17 0
13 11 32 17 0
11 13 18 31 0
13 11 18 31 0
11 13 31 18 0
13 11 31 18 0
11 13 19 30 0
13 11 19 30 0
11 13 30 19 0
13 11 30 19 0
11 13 20 29 0
13 11 20 29 0
11 13 29 20 0
13 11 29 20 0
11 13 21 28 0
13 11 21 28 0
11 13 28 21 0
13 11 28 21 0
11 13 22 27 0
13 11 22 27 0
11 13 27 22 0
13 11 27 22 0
11 13 23 26 0
13 11 23 26 0
11 13 26 23 0
13 11 26 23 0
11 13 24 25 0
13 11 24 25 0
11 13 25 24 0
13 11 25 24 0
12 12 17 32 0
12 12 32 17 0
12 12 18 31 0
12 12 31 18 0
12 12 19 30 0
12 12 30 19 0
12 12 20 29 1
12 12 29 20 1
12 12 21 28 1
12 12 28 21 1
12 12 22 27 1
12 12 27 22 1
12 12 23 26 1
12 12 26 23 1
12 12 24 25 1
12 12 25 24 1
10 14 15 34 0
14 10 15 34 0
10 14 34 15 0
14 10 34 15 0
11 13 15 34 0
13 11 15 34 0
11 13 34 15 0
13 11 34 15 0
12 12 15 34 0
12 12 34 15 0
12 12 16 33 0
12 12 33 16 0
