13 17 26 35 0
17 13 26 35 0
13 17 35 26 0
17 13 35 26 0
13 17 27 34 0
17 13 27 34 0
13 17 34 27 0
17 13 34 27 0
13 17 28 33 0
17 13 28 33 0
13 17 33 28 0
17 13 33 28 0
13 17 29 32 0
17 13 29 32 0
13 17 32 29 0
17 13 32 29 0
13 17 30 31 0
17 13 30 31 0
13 17 31 30 0
17 13 31 30 0
14 16 26 35 0
16 14 26 35 0
14 16 35 26 0
16 14 35 26 0
14 16 27 34 0
16 14 27 34 0
14 16 34 27 0
16 14 34 27 0
14 16 28 33 0
16 14 28 33 0
14 16 33 28 0
16 14 33 28 0
14 16 29 32 0
16 14 29 32 0
14 16 32 29 0
16 14 32 29 0
14 16 30 31 0
16 14 30 31 0
14 16 31 30 0
16 14 31 30 0
15 15 26 35 0
15 15 35 26 0
15 15 27 34 0
15 15 34 27 0
15 15 28 33 0
15 15 33 28 0
15 15 29 32 0
15 15 32 29 0
15 15 30 31 0
15 15 31 30 0
