0 8 3 14 0
8 0 3 14 0
0 8 14 3 0
8 0 14 3 0
0 8 4 13 0
8 0 4 13 0
0 8 13 4 0
8 0 13 4 0
0 8 5 12 0
8 0 5 12 0
0 8 12 5 0
8 0 12 5 0
0 8 6 11 0
8 0 6 11 0
0 8 11 6 0
8 0 11 6 0
0 8 7 10 0
8 0 7 10 0
0 8 10 7 0
8 0 10 7 0
0 8 8 9 1
8 0 8 9 1
0 8 9 8 1
8 0 9 8 1
1 7 3 14 0
7 1 3 14 0
1 7 14 3 0
7 1 14 3 0
1 7 4 13 0
7 1 4 13 0
1 7 13 4 0
7 1 13 4 0
1 7 5 12 1
7 1 5 12 1
1 7 12 5 1
7 1 12 5 1
1 7 6 11 3
7 1 6 11 3
1 7 11 6 3
7 1 11 6 3
1 7 7 10 5
7 1 7 10 5
1 7 10 7 5
7 1 10 7 5
1 7 8 9 7
7 1 8 9 7
1 7 9 8 7
7 1 9 8 7
2 6 3 14 1
6 2 3 14 1
2 6 14 3 1
6 2 14 3 1
2 6 4 13 3
6 2 4 13 3
2 6 13 4 3
6 2 13 4 3
2 6 5 12 8
6 2 5 12 8
2 6 12 5 8
6 2 12 5 8
2 6 6 11 15
6 2 6 11 15
2 6 11 6 15
6 2 11 6 15
2 6 7 10 22
6 2 7 10 22
2 6 10 7 22
6 2 10 7 22
2 6 8 9 27
6 2 8 9 27
2 6 9 8 27
6 2 9 8 27
1 7 1 16 0
7 1 1 16 0
1 7 16 1 0
7 1 16 1 0
1 7 2 15 0
7 1 2 15 0
1 7 15 2 0
7 1 15 2 0
2 6 1 16 0
6 2 1 16 0
2 6 16 1 0
6 2 16 1 0
2 6 2 15 0
6 2 2 15 0
2 6 15 2 0
6 2 15 2 0
3 5 1 16 0
5 3 1 16 0
3 5 16 1 0
5 3 16 1 0
3 5 2 15 1
5 3 2 15 1
3 5 15 2 1
5 3 15 2 1
3 5 3 14 4
5 3 3 14 4
3 5 14 3 4
5 3 14 3 4
3 5 4 13 10
5 3 4 13 10
3 5 13 4 10
5 3 13 4 10
3 5 5 12 21
5 3 5 12 21
3 5 12 5 21
5 3 12 5 21
3 5 6 11 35
5 3 6 11 35
3 5 11 6 35
5 3 11 6 35
3 5 7 10 48
5 3 7 10 48
3 5 10 7 48
5 3 10 7 48
3 5 8 9 57
5 3 8 9 57
3 5 9 8 57
5 3 9 8 57
4 4 1 16 0
4 4 16 1 0
4 4 2 15 1
4 4 15 2 1
4 4 3 14 5
4 4 14 3 5
4 4 4 13 13
4 4 13 4 13
4 4 5 12 27
4 4 12 5 27
4 4 6 11 44
4 4 11 6 44
4 4 7 10 60
4 4 10 7 60
4 4 8 9 71
4 4 9 8 71
3 5 0 17 0
5 3 0 17 0
3 5 17 0 0
5 3 17 0 0
4 4 0 17 0
4 4 17 0 0
