1 13 10 19 0
13 1 10 19 0
1 13 19 10 0
13 1 19 10 0
1 13 11 18 0
13 1 11 18 0
1 13 18 11 0
13 1 18 11 0
1 13 12 17 0
13 1 12 17 0
1 13 17 12 0
13 1 17 12 0
1 13 13 16 0
13 1 13 16 0
1 13 16 13 0
13 1 16 13 0
1 13 14 15 0
13 1 14 15 0
1 13 15 14 0
13 1 15 14 0
2 12 10 19 0
12 2 10 19 0
2 12 19 10 0
12 2 19 10 0
2 12 11 18 0
12 2 11 18 0
2 12 18 11 0
12 2 18 11 0
2 12 12 17 0
12 2 12 17 0
2 12 17 12 0
12 2 17 12 0
2 12 13 16 0
12 2 13 16 0
2 12 16 13 0
12 2 16 13 0
2 12 14 15 0
12 2 14 15 0
2 12 15 14 0
12 2 15 14 0
3 11 10 19 0
11 3 10 19 0
3 11 19 10 0
11 3 19 10 0
3 11 11 18 2
11 3 11 18 2
3 11 18 11 2
11 3 18 11 2
3 11 12 17 4
11 3 12 17 4
3 11 17 12 4
11 3 17 12 4
3 11 13 16 6
11 3 13 16 6
3 11 16 13 6
11 3 16 13 6
3 11 14 15 8
11 3 14 15 8
3 11 15 14 8
11 3 15 14 8
4 10 10 19 6
10 4 10 19 6
4 10 19 10 6
10 4 19 10 6
4 10 11 18 16
10 4 11 18 16
4 10 18 11 16
10 4 18 11 16
4 10 12 17 28
10 4 12 17 28
4 10 17 12 28
10 4 17 12 28
4 10 13 16 40
10 4 13 16 40
4 10 16 13 40
10 4 16 13 40
4 10 14 15 48
10 4 14 15 48
4 10 15 14 48
10 4 15 14 48
2 12 7 22 0
12 2 7 22 0
2 12 22 7 0
12 2 22 7 0
2 12 8 21 0
12 2 8 21 0
2 12 21 8 0
12 2 21 8 0
2 12 9 20 0
12 2 9 20 0
2 12 20 9 0
12 2 20 9 0
3 11 7 22 0
11 3 7 22 0
3 11 22 7 0
11 3 22 7 0
3 11 8 21 0
11 3 8 21 0
3 11 21 8 0
11 3 21 8 0
3 11 9 20 0
11 3 9 20 0
3 11 20 9 0
11 3 20 9 0
4 10 7 22 0
10 4 7 22 0
4 10 22 7 0
10 4 22 7 0
4 10 8 21 0
10 4 8 21 0
4 10 21 8 0
10 4 21 8 0
4 10 9 20 2
10 4 9 20 2
4 10 20 9 2
10 4 20 9 2
3 11 6 23 0
11 3 6 23 0
3 11 23 6 0
11 3 23 6 0
4 10 6 23 0
10 4 6 23 0
4 10 23 6 0
10 4 23 6 0
5 9 6 23 0
9 5 6 23 0
5 9 23 6 0
9 5 23 6 0
5 9 7 22 0
9 5 7 22 0
5 9 22 7 0
9 5 22 7 0
5 9 8 21 2
9 5 8 21 2
5 9 21 8 2
9 5 21 8 2
5 9 9 20 10
9 5 9 20 10
5 9 20 9 10
9 5 20 9 10
5 9 10 19 26
9 5 10 19 26
5 9 19 10 26
9 5 19 10 26
5 9 11 18 54
9 5 11 18 54
5 9 18 11 54
9 5 18 11 54
5 9 12 17 88
9 5 12 17 88
5 9 17 12 88
9 5 17 12 88
5 9 13 16 120
9 5 13 16 120
5 9 16 13 120
9 5 16 13 120
5 9 14 15 140
9 5 14 15 140
5 9 15 14 140
9 5 15 14 140
6 8 7 22 2
8 6 7 22 2
6 8 22 7 2
8 6 22 7 2
6 8 8 21 8
8 6 8 21 8
6 8 21 8 8
8 6 21 8 8
6 8 9 20 26
8 6 9 20 26
6 8 20 9 26
8 6 20 9 26
6 8 10 19 58
8 6 10 19 58
6 8 19 10 58
8 6 19 10 58
6 8 11 18 110
8 6 11 18 110
6 8 18 11 110
8 6 18 11 110
6 8 12 17 170
8 6 12 17 170
6 8 17 12 170
8 6 17 12 170
6 8 13 16 226
8 6 13 16 226
6 8 16 13 226
8 6 16 13 226
6 8 14 15 260
8 6 14 15 260
6 8 15 14 260
8 6 15 14 260
4 10 4 25 0
10 4 4 25 0
4 10 25 4 0
10 4 25 4 0
4 10 5 24 0
10 4 5 24 0
4 10 24 5 0
10 4 24 5 0
5 9 4 25 0
9 5 4 25 0
5 9 25 4 0
9 5 25 4 0
5 9 5 24 0
9 5 5 24 0
5 9 24 5 0
9 5 24 5 0
6 8 4 25 0
8 6 4 25 0
6 8 25 4 0
8 6 25 4 0
6 8 5 24 0
8 6 5 24 0
6 8 24 5 0
8 6 24 5 0
6 8 6 23 0
8 6 6 23 0
6 8 23 6 0
8 6 23 6 0
7 7 4 25 0
7 7 25 4 0
7 7 5 24 0
7 7 24 5 0
7 7 6 23 0
7 7 23 6 0
7 7 7 22 2
7 7 22 7 2
7 7 8 21 10
7 7 21 8 10
7 7 9 20 32
7 7 20 9 32
7 7 10 19 72
7 7 19 10 72
7 7 11 18 134
7 7 18 11 134
7 7 12 17 206
7 7 17 12 206
7 7 13 16 272
7 7 16 13 272
7 7 14 15 312
7 7 15 14 312
6 8 3 26 0
8 6 3 26 0
6 8 26 3 0
8 6 26 3 0
7 7 3 26 0
7 7 26 3 0
