0 10 6 15 0
10 0 6 15 0
0 10 15 6 0
10 0 15 6 0
0 10 7 14 0
10 0 7 14 0
0 10 14 7 0
10 0 14 7 0
0 10 8 13 0
10 0 8 13 0
0 10 13 8 0
10 0 13 8 0
0 10 9 12 0
10 0 9 12 0
0 10 12 9 0
10 0 12 9 0
0 10 10 11 0
10 0 10 11 0
0 10 11 10 0
10 0 11 10 0
1 9 6 15 0
9 1 6 15 0
1 9 15 6 0
9 1 15 6 0
1 9 7 14 0
9 1 7 14 0
1 9 14 7 0
9 1 14 7 0
1 9 8 13 1
9 1 8 13 1
1 9 13 8 1
9 1 13 8 1
1 9 9 12 2
9 1 9 12 2
1 9 12 9 2
9 1 12 9 2
1 9 10 11 3
9 1 10 11 3
1 9 11 10 3
9 1 11 10 3
2 8 6 15 2
8 2 6 15 2
2 8 15 6 2
8 2 15 6 2
2 8 7 14 5
8 2 7 14 5
2 8 14 7 5
8 2 14 7 5
2 8 8 13 11
8 2 8 13 11
2 8 13 8 11
8 2 13 8 11
2 8 9 12 17
8 2 9 12 17
2 8 12 9 17
8 2 12 9 17
2 8 10 11 21
8 2 10 11 21
2 8 11 10 21
8 2 11 10 21
1 9 3 18 0
9 1 3 18 0
1 9 18 3 0
9 1 18 3 0
1 9 4 17 0
9 1 4 17 0
1 9 17 4 0
9 1 17 4 0
1 9 5 16 0
9 1 5 16 0
1 9 16 5 0
9 1 16 5 0
2 8 3 18 0
8 2 3 18 0
2 8 18 3 0
8 2 18 3 0
2 8 4 17 0
8 2 4 17 0
2 8 17 4 0
8 2 17 4 0
2 8 5 16 0
8 2 5 16 0
2 8 16 5 0
8 2 16 5 0
3 7 3 18 0
7 3 3 18 0
3 7 18 3 0
7 3 18 3 0
3 7 4 17 1
7 3 4 17 1
3 7 17 4 1
7 3 17 4 1
3 7 5 16 4
7 3 5 16 4
3 7 16 5 4
7 3 16 5 4
3 7 6 15 12
7 3 6 15 12
3 7 15 6 12
7 3 15 6 12
3 7 7 14 25
7 3 7 14 25
3 7 14 7 25
7 3 14 7 25
3 7 8 13 43
7 3 8 13 43
3 7 13 8 43
7 3 13 8 43
3 7 9 12 60
7 3 9 12 60
3 7 12 9 60
7 3 12 9 60
3 7 10 11 71
7 3 10 11 71
3 7 11 10 71
7 3 11 10 71
4 6 3 18 0
6 4 3 18 0
4 6 18 3 0
6 4 18 3 0
4 6 4 17 3
6 4 4 17 3
4 6 17 4 3
6 4 17 4 3
4 6 5 16 10
6 4 5 16 10
4 6 16 5 10
6 4 16 5 10
4 6 6 15 27
6 4 6 15 27
4 6 15 6 27
6 4 15 6 27
4 6 7 14 52
6 4 7 14 52
4 6 14 7 52
6 4 14 7 52
4 6 8 13 85
6 4 8 13 85
4 6 13 8 85
6 4 13 8 85
4 6 9 12 115
6 4 9 12 115
4 6 12 9 115
6 4 12 9 115
4 6 10 11 134
6 4 10 11 134
4 6 11 10 134
6 4 11 10 134
2 8 2 19 0
8 2 2 19 0
2 8 19 2 0
8 2 19 2 0
3 7 2 19 0
7 3 2 19 0
3 7 19 2 0
7 3 19 2 0
4 6 2 19 0
6 4 2 19 0
4 6 19 2 0
6 4 19 2 0
3 7 1 20 0
7 3 1 20 0
3 7 20 1 0
7 3 20 1 0
4 6 1 20 0
6 4 1 20 0
4 6 20 1 0
6 4 20 1 0
5 5 1 20 0
5 5 20 1 0
5 5 2 19 0
5 5 19 2 0
5 5 3 18 1
5 5 18 3 1
5 5 4 17 5
5 5 17 4 5
5 5 5 16 15
5 5 16 5 15
5 5 6 15 37
5 5 15 6 37
5 5 7 14 69
5 5 14 7 69
5 5 8 13 109
5 5 13 8 109
5 5 9 12 146
5 5 12 9 146
5 5 10 11 168
5 5 11 10 168
