(12, 20, 20) 208677
(12, 18, 22) 186711
(5, 23, 24) 4375
(5, 15, 32) 424
(4, 22, 26) 1331
(6, 16, 30) 2389
(3, 14, 35) 3
(15, 15, 22) 256612
(3, 19, 30) 129
(14, 16, 22) 247777
(10, 17, 25) 68410
(4, 20, 28) 895
(14, 19, 19) 320654
(2, 16, 34) 1
(4, 15, 33) 85
(9, 9, 34) 428
(10, 19, 23) 95688
(6, 20, 26) 8116
(13, 13, 26) 77490
(10, 18, 24) 83273
(4, 16, 32) 165
(7, 22, 23) 21848
(1, 23, 28) 3
(13, 19, 20) 264122
(8, 22, 22) 40807
(12, 13, 27) 50233
(9, 13, 30) 8199
(15, 18, 19) 364397
(8, 13, 31) 3605
(7, 11, 34) 307
(4, 11, 37) 1
(1, 24, 27) 4
(5, 18, 29) 1726
(6, 9, 37) 7
(5, 21, 26) 3648
(5, 10, 37) 4
(5, 16, 31) 735
(5, 11, 36) 15
(3, 17, 32) 45
(15, 16, 21) 306109
(16, 18, 18) 399864
(4, 12, 36) 5
(1, 22, 29) 2
(14, 18, 20) 311641
(14, 15, 23) 202125
(13, 17, 22) 223043
(6, 17, 29) 3593
(14, 17, 21) 286102
(7, 15, 30) 4142
(4, 13, 35) 16
(6, 19, 27) 6598
(8, 19, 25) 31726
(6, 15, 31) 1469
(10, 21, 21) 106844
(8, 20, 24) 36499
(2, 19, 31) 13
(8, 12, 32) 1914
(2, 25, 25) 70
(9, 11, 32) 2332
(13, 14, 25) 111153
(8, 18, 26) 26009
(4, 19, 29) 662
(9, 20, 23) 64679
(3, 15, 34) 9
(12, 15, 25) 102642
(8, 14, 30) 6193
(13, 16, 23) 187966
(2, 20, 30) 22
(9, 19, 24) 57899
(11, 11, 30) 10170
(9, 21, 22) 68358
(2, 23, 27) 58
(6, 10, 36) 26
(13, 18, 21) 249705
(6, 8, 38) 1
(4, 17, 31) 286
(6, 11, 35) 78
(3, 16, 33) 22
(11, 18, 23) 129772
(16, 17, 19) 388284
(8, 16, 28) 14537
(2, 21, 29) 34
(8, 8, 36) 43
(6, 18, 28) 5035
(7, 8, 37) 10
(3, 20, 29) 188
(10, 11, 31) 5142
(8, 15, 29) 9839
(3, 18, 31) 80
(11, 14, 27) 45974
(11, 19, 22) 145017
(2, 17, 33) 3
(5, 19, 28) 2368
(9, 18, 25) 48950
(7, 19, 26) 15522
(7, 21, 24) 20649
(9, 14, 29) 13469
(12, 12, 28) 31528
(4, 21, 27) 1129
(5, 9, 38) 1
(4, 23, 25) 1466
(9, 16, 27) 29251
(5, 22, 25) 4120
(3, 23, 26) 368
(16, 16, 20) 355290
(11, 15, 26) 65504
(6, 21, 25) 9400
(7, 7, 38) 2
(6, 13, 33) 429
(3, 24, 25) 396
(11, 20, 21) 153235
(10, 10, 32) 2478
(15, 17, 20) 343902
(6, 14, 32) 831
(11, 17, 24) 109705
(5, 13, 34) 106
(8, 9, 35) 144
(7, 14, 31) 2486
(7, 13, 32) 1376
(17, 17, 18) 412419
(10, 20, 22) 103937
(8, 11, 33) 918
(3, 13, 36) 1
(4, 14, 34) 39
(9, 17, 26) 39023
(11, 13, 28) 30109
(9, 15, 28) 20555
(8, 17, 27) 20072
(2, 18, 32) 7
(4, 24, 24) 1515
(2, 22, 28) 47
(7, 17, 28) 9164
(9, 12, 31) 4579
(10, 16, 26) 52920
(2, 24, 26) 67
(7, 20, 25) 18428
(7, 9, 36) 40
(8, 10, 34) 390
(12, 17, 23) 162272
(10, 15, 27) 38442
(3, 21, 28) 255
(11, 12, 29) 18246
(7, 10, 35) 119
(8, 21, 23) 39686
(6, 12, 34) 196
(14, 14, 24) 154890
(5, 17, 30) 1172
(7, 12, 33) 686
(10, 14, 28) 26112
(10, 12, 30) 9630
(13, 15, 24) 149179
(9, 10, 33) 1062
(7, 18, 27) 12305
(12, 19, 21) 202993
(6, 22, 24) 10258
(12, 14, 26) 74278
(1, 25, 26) 5
(5, 12, 35) 43
(3, 22, 27) 318
(5, 14, 33) 222
(6, 23, 23) 10556
(4, 18, 30) 454
(1, 21, 30) 1
(7, 16, 29) 6382
(11, 16, 25) 87421
(10, 13, 29) 16510
(5, 20, 27) 3032
(12, 16, 24) 133029
