(8, 24, 38) 1082
(11, 28, 31) 67240
(21, 22, 27) 1906414
(9, 25, 36) 5854
(18, 20, 32) 532699
(19, 19, 32) 550185
(6, 28, 36) 270
(13, 18, 39) 8671
(12, 16, 42) 554
(16, 26, 28) 778539
(8, 20, 42) 58
(11, 17, 42) 404
(20, 22, 28) 1580053
(22, 24, 24) 2419449
(9, 20, 41) 328
(7, 26, 37) 633
(13, 24, 33) 131828
(10, 15, 45) 6
(11, 18, 41) 1007
(16, 22, 32) 410657
(9, 23, 38) 2429
(10, 16, 44) 26
(15, 23, 32) 325817
(13, 26, 31) 194451
(13, 13, 44) 54
(9, 24, 37) 3922
(4, 27, 39) 1
(6, 31, 33) 504
(9, 18, 43) 45
(6, 25, 39) 62
(9, 17, 44) 12
(18, 25, 27) 1353968
(10, 27, 33) 26834
(9, 29, 32) 14413
(11, 29, 30) 71217
(11, 25, 34) 39750
(12, 26, 32) 103918
(8, 28, 34) 4435
(7, 25, 38) 394
(14, 21, 35) 95339
(14, 18, 38) 20545
(17, 18, 35) 148365
(4, 28, 38) 2
(17, 24, 29) 917705
(4, 30, 36) 6
(10, 28, 32) 31178
(7, 29, 34) 1568
(16, 17, 37) 47214
(7, 24, 39) 221
(7, 20, 43) 5
(16, 19, 35) 137971
(12, 25, 33) 85218
(16, 27, 27) 799255
(8, 19, 43) 20
(10, 23, 37) 7695
(16, 20, 34) 211558
(6, 21, 43) 1
(7, 30, 33) 1815
(10, 29, 31) 34126
(23, 23, 24) 2485448
(18, 19, 33) 371859
(9, 22, 39) 1381
(5, 24, 41) 1
(5, 30, 35) 73
(20, 21, 29) 1312769
(11, 26, 33) 50293
(4, 33, 33) 11
(13, 22, 35) 70399
(8, 21, 41) 147
(7, 31, 32) 1952
(16, 21, 33) 303973
(10, 20, 40) 1356
(18, 21, 31) 718071
(7, 27, 36) 931
(12, 22, 36) 32435
(13, 17, 40) 4142
(15, 24, 31) 404469
(15, 18, 37) 43545
(5, 29, 36) 54
(21, 23, 26) 2117683
(12, 24, 34) 65788
(14, 27, 29) 361339
(15, 20, 35) 119134
(4, 29, 37) 4
(18, 24, 28) 1252235
(11, 19, 40) 2221
(8, 22, 40) 319
(20, 23, 27) 1801606
(14, 23, 33) 187841
(13, 16, 41) 1775
(17, 21, 32) 483439
(13, 19, 38) 16500
(15, 22, 33) 247775
(11, 13, 46) 1
(7, 21, 42) 18
(22, 22, 26) 2177164
(4, 31, 35) 9
(14, 17, 39) 10464
(9, 26, 35) 8116
(20, 25, 25) 1999543
(7, 28, 35) 1257
(13, 23, 34) 99380
(19, 25, 26) 1693738
(17, 20, 33) 347785
(17, 23, 30) 783511
(10, 22, 38) 4704
(9, 27, 34) 10502
(10, 18, 42) 255
(6, 29, 35) 363
(20, 24, 26) 1948127
(8, 23, 39) 619
(18, 23, 29) 1098704
(5, 28, 37) 36
(12, 14, 44) 51
(15, 16, 39) 11476
(12, 29, 29) 133808
(6, 30, 34) 444
(10, 24, 36) 11646
(16, 24, 30) 630600
(10, 17, 43) 90
(8, 25, 37) 1738
(18, 22, 30) 913263
(17, 26, 27) 1073423
(11, 14, 45) 9
(6, 32, 32) 521
(14, 16, 40) 4826
(16, 16, 38) 24415
(18, 26, 26) 1389461
(7, 19, 44) 1
(17, 19, 34) 234928
(8, 17, 45) 1
(19, 24, 27) 1608030
(15, 19, 36) 74738
(14, 19, 37) 37003
(8, 18, 44) 5
(12, 12, 46) 1
(6, 26, 38) 112
(11, 24, 35) 29497
(11, 16, 43) 140
(7, 23, 40) 111
(8, 26, 36) 2557
(5, 25, 40) 4
(10, 21, 39) 2649
(11, 20, 39) 4404
(14, 26, 30) 333330
(12, 15, 43) 186
(10, 30, 30) 35145
(15, 25, 30) 474890
(10, 26, 34) 21678
(18, 18, 34) 243212
(15, 17, 38) 23387
(6, 24, 40) 29
(9, 28, 33) 12708
(14, 15, 41) 1987
(12, 23, 35) 47748
(8, 29, 33) 5253
(9, 21, 40) 712
(14, 28, 28) 371108
(5, 26, 39) 10
(8, 31, 31) 6009
(14, 14, 42) 713
(15, 21, 34) 177373
(15, 26, 29) 528117
(19, 20, 31) 764381
(14, 25, 31) 291274
(17, 22, 31) 633234
(7, 22, 41) 49
(11, 23, 36) 20492
(14, 20, 36) 61553
(14, 24, 32) 240669
(17, 25, 28) 1018942
(15, 27, 28) 556822
(9, 16, 45) 2
(16, 18, 36) 83844
(19, 23, 28) 1448721
(19, 22, 29) 1237423
(13, 15, 42) 667
(12, 13, 45) 10
(6, 22, 42) 4
(8, 30, 32) 5801
(4, 32, 34) 10
(5, 27, 38) 21
(11, 15, 44) 40
(10, 25, 35) 16443
(13, 21, 36) 46677
(13, 27, 30) 216982
(6, 27, 37) 185
(11, 21, 38) 7969
(5, 32, 33) 97
(9, 30, 31) 15353
(21, 24, 25) 2231437
(12, 21, 37) 20553
(11, 22, 37) 13275
(12, 20, 38) 12061
(14, 22, 34) 138075
(12, 28, 30) 130107
(13, 14, 43) 214
(5, 31, 34) 89
(12, 27, 31) 119660
(16, 23, 31) 523409
(13, 20, 37) 28839
(12, 19, 39) 6522
(9, 19, 42) 133
(10, 14, 46) 1
(21, 21, 28) 1626311
(8, 27, 35) 3499
(11, 27, 32) 59893
(13, 28, 29) 229150
(20, 20, 30) 1031303
(22, 23, 25) 2356692
(16, 25, 29) 719636
(15, 15, 40) 5072
(19, 21, 30) 1000562
(12, 17, 41) 1420
(17, 17, 36) 87104
(6, 23, 41) 12
(12, 18, 40) 3206
(10, 19, 41) 628
(13, 25, 32) 164767
