0 21 25 1
0 22 24 1
0 23 23 1
10 10 26 9598
10 11 25 15435
10 12 24 22933
10 13 23 31751
10 14 22 41151
10 15 21 50187
10 16 20 57696
10 17 19 62697
10 18 18 64438
11 11 24 23994
11 12 23 34557
11 13 22 46435
11 14 21 58502
11 15 20 69370
11 16 19 77610
11 17 18 82054
1 15 30 1
1 16 29 3
1 17 28 6
1 18 27 10
1 19 26 15
1 20 25 20
12 12 22 48315
1 21 24 25
12 13 21 63115
12 14 20 77331
12 15 19 89242
1 22 23 27
13 13 20 80181
13 14 19 95618
13 15 18 107371
2 11 33 1
2 12 32 3
2 13 31 8
2 14 30 16
2 15 29 32
2 16 28 54
2 17 27 84
2 18 26 117
2 19 25 153
2 20 24 182
2 21 23 205
2 22 22 211
3 10 33 4
3 11 32 13
3 12 31 32
3 13 30 66
3 14 29 120
3 15 28 202
3 16 27 308
3 17 26 433
3 18 25 566
3 19 24 689
3 20 23 783
3 21 22 837
3 9 34 1
4 10 32 37
4 11 31 87
4 12 30 175
4 13 29 319
4 14 28 526
4 15 27 808
4 16 26 1144
4 17 25 1517
4 18 24 1877
4 19 23 2185
4 20 22 2387
4 21 21 2465
4 7 35 1
4 8 34 4
4 9 33 14
5 10 31 158
5 11 30 329
5 12 29 611
5 13 28 1035
5 14 27 1612
5 15 26 2337
5 16 25 3161
5 17 24 4007
5 18 23 4773
5 19 22 5358
5 20 21 5675
5 6 35 1
5 7 34 7
5 8 33 24
5 9 32 67
6 10 30 497
6 11 29 961
6 12 28 1677
6 13 27 2694
6 14 26 3999
6 15 25 5556
6 16 24 7219
6 17 23 8827
6 18 22 10165
6 19 21 11065
6 20 20 11370
6 6 34 7
6 7 33 31
6 8 32 92
6 9 31 231
7 10 29 1281
7 11 28 2331
7 12 27 3873
7 13 26 5944
7 14 25 8488
7 15 24 11352
7 16 23 14257
7 17 22 16873
7 18 21 18858
7 19 20 19926
7 7 32 105
7 8 31 279
7 9 30 636
8 10 28 2812
8 11 27 4886
8 12 26 7784
8 13 25 11511
8 14 24 15869
8 15 23 20537
8 16 22 24998
8 17 21 28728
8 18 20 31190
8 19 19 32064
8 8 30 686
8 9 29 1472
9 10 27 5470
9 11 26 9117
9 12 25 14011
9 13 24 20016
9 14 23 26732
9 15 22 33549
9 16 21 39674
9 17 20 44306
9 18 19 46806
9 9 28 2994
