10 10 32 2362
10 11 31 4844
10 12 30 8962
10 13 29 15207
10 14 28 23829
10 15 27 34824
10 16 26 47627
10 17 25 61268
10 18 24 74280
10 19 23 85131
10 20 22 92306
10 21 21 94851
11 11 30 9453
11 12 29 16756
11 13 28 27343
11 14 27 41360
11 15 26 58457
11 16 25 77500
11 17 24 96743
11 18 23 113989
11 19 22 127043
11 20 21 134069
12 12 28 28583
1 21 30 1
12 13 27 45035
12 14 26 65931
12 15 25 90366
12 16 24 116306
12 17 23 141136
1 22 29 2
1 23 28 3
1 24 27 4
1 25 26 5
13 13 26 68662
13 14 25 97506
13 15 24 129757
14 14 24 134476
2 16 34 1
2 17 33 3
2 18 32 7
2 19 31 13
2 20 30 22
2 21 29 34
2 22 28 47
2 23 27 58
2 24 26 67
2 25 25 70
3 13 36 1
3 14 35 3
3 15 34 9
3 16 33 22
3 17 32 45
3 18 31 80
3 19 30 129
3 20 29 188
3 21 28 255
3 22 27 318
3 23 26 368
3 24 25 396
4 11 37 1
4 12 36 5
4 13 35 16
4 14 34 39
4 15 33 85
4 16 32 164
4 17 31 285
4 18 30 451
4 19 29 658
4 20 28 888
4 21 27 1121
4 22 26 1320
4 23 25 1455
4 24 24 1502
5 10 37 4
5 11 36 15
5 12 35 43
5 13 34 105
5 14 33 219
5 15 32 417
5 16 31 721
5 17 30 1147
5 18 29 1687
5 19 28 2312
5 20 27 2958
5 21 26 3557
5 22 25 4016
5 23 24 4264
5 9 38 1
6 10 36 26
6 11 35 78
6 12 34 194
6 13 33 421
6 14 32 809
6 15 31 1425
6 16 30 2305
6 17 29 3459
6 18 28 4833
6 19 27 6326
6 20 26 7768
6 21 25 8994
6 22 24 9806
6 23 23 10094
6 8 38 1
6 9 37 7
7 10 35 118
7 11 34 302
7 12 33 669
7 13 32 1328
7 14 31 2383
7 15 30 3946
7 16 29 6051
7 17 28 8656
7 18 27 11590
7 19 26 14588
7 20 25 17293
7 21 24 19359
7 22 23 20473
7 7 38 2
7 8 37 10
7 9 36 40
8 10 34 382
8 11 33 891
8 12 32 1836
8 13 31 3426
8 14 30 5835
8 15 29 9214
8 16 28 13534
8 17 27 18614
8 18 26 24033
8 19 25 29250
8 20 24 33585
8 21 23 36490
8 22 22 37499
8 8 36 43
8 9 35 143
9 10 33 1027
9 11 32 2228
9 12 31 4327
9 13 30 7666
9 14 29 12488
9 15 28 18921
9 16 27 26768
9 17 26 35541
9 18 25 44420
9 19 24 52399
9 20 23 58432
9 21 22 61702
9 9 34 419
