10 10 44 1
10 11 43 5
10 12 42 25
10 13 41 94
10 14 40 287
10 15 39 734
10 16 38 1670
10 17 37 3400
10 18 36 6320
10 19 35 10785
10 20 34 17066
10 21 33 25147
10 22 32 34705
10 23 31 44969
10 24 30 54901
10 25 29 63208
10 26 28 68772
10 27 27 70715
11 11 42 26
11 12 41 108
11 13 40 348
11 14 39 945
11 15 38 2216
11 16 37 4671
11 17 36 8915
11 18 35 15644
11 19 34 25384
11 20 33 38368
11 21 32 54237
11 22 31 72048
11 23 30 90119
11 24 29 106400
11 25 28 118793
11 26 27 125475
12 12 40 374
12 13 39 1067
12 14 38 2635
12 15 37 5746
12 16 36 11359
12 17 35 20522
12 18 34 34287
12 19 33 53232
12 20 32 77281
12 21 31 105281
12 22 30 135027
12 23 29 163429
12 24 28 187355
12 25 27 203052
12 26 26 208562
13 13 38 2779
13 14 37 6374
13 15 36 13084
13 16 35 24517
13 17 34 42264
13 18 33 67645
13 19 32 101008
13 20 31 141382
13 21 30 186101
13 22 29 231023
13 23 28 271080
13 24 27 302100
14 14 36 13741
14 15 35 26770
14 16 34 47879
14 17 33 79150
14 18 32 121907
14 19 31 175575
14 20 30 237334
15 15 34 49844
15 16 33 85534
15 17 32 136183
15 18 31 202345
16 16 32 141342
16 17 31 217040
3 24 37 1
3 25 36 2
3 26 35 4
3 27 34 7
3 28 33 10
3 29 32 12
3 30 31 14
4 21 39 1
4 22 38 4
4 23 37 10
4 24 36 21
4 25 35 37
4 26 34 58
4 27 33 81
4 28 32 101
4 29 31 116
4 30 30 122
5 18 41 1
5 19 40 4
5 20 39 12
5 21 38 29
5 22 37 62
5 23 36 113
5 24 35 188
5 25 34 282
5 26 33 388
5 27 32 489
5 28 31 571
5 29 30 616
6 16 42 1
6 17 41 5
6 18 40 18
6 19 39 48
6 20 38 109
6 21 37 218
6 22 36 391
6 23 35 634
6 24 34 948
6 25 33 1306
6 26 32 1668
6 27 31 1985
6 28 30 2201
6 29 29 2275
7 14 43 1
7 15 42 4
7 16 41 17
7 17 40 51
7 18 39 132
7 19 38 291
7 20 37 574
7 21 36 1019
7 22 35 1661
7 23 34 2490
7 24 33 3472
7 25 32 4503
7 26 31 5467
7 27 30 6213
7 28 29 6619
8 13 43 2
8 14 42 11
8 15 41 38
8 16 40 113
8 17 39 281
8 18 38 620
8 19 37 1220
8 20 36 2184
8 21 35 3585
8 22 34 5455
8 23 33 7711
8 24 32 10194
8 25 31 12629
8 26 30 14702
8 27 29 16088
8 28 28 16582
9 12 43 3
9 13 42 17
9 14 41 66
9 15 40 193
9 16 39 491
9 17 38 1089
9 18 37 2182
9 19 36 3964
9 20 35 6628
9 21 34 10257
9 22 33 14800
9 23 32 19958
9 24 31 25288
9 25 30 30134
9 26 29 33842
9 27 28 35856
