0 15 25 1
0 16 24 2
0 17 23 3
0 18 22 4
0 19 21 5
0 20 20 5
10 10 20 14247
10 11 19 18819
10 12 18 23256
10 13 17 26952
10 14 16 29431
10 15 15 30288
1 10 29 1
11 11 18 24179
11 12 17 29058
1 11 28 3
11 13 16 32774
11 14 15 34782
1 12 27 7
1 13 26 13
1 14 25 22
1 15 24 34
1 16 23 47
1 17 22 59
1 18 21 69
1 19 20 74
12 12 16 33984
12 13 15 37253
12 14 14 38416
13 13 14 39681
2 10 28 19
2 11 27 38
2 12 26 67
2 13 25 107
2 14 24 158
2 15 23 215
2 16 22 272
2 17 21 320
2 18 20 353
2 19 19 364
2 7 31 1
2 8 30 3
2 9 29 8
3 10 27 101
3 11 26 179
3 12 25 289
3 13 24 429
3 14 23 591
3 15 22 759
3 16 21 913
3 17 20 1030
3 18 19 1094
3 6 31 2
3 7 30 8
3 8 29 22
3 9 28 50
4 10 26 354
4 11 25 581
4 12 24 881
4 13 23 1236
4 14 22 1622
4 15 21 1994
4 16 20 2309
4 17 19 2515
4 18 18 2590
4 4 32 1
4 5 31 4
4 6 30 15
4 7 29 42
4 8 28 97
4 9 27 195
5 10 25 915
5 11 24 1433
5 12 23 2078
5 13 22 2804
5 14 21 3546
5 15 20 4216
5 16 19 4725
5 17 18 4998
5 5 30 16
5 6 29 52
5 7 28 131
5 8 27 282
5 9 26 533
6 10 24 2005
6 11 23 3009
6 12 22 4200
6 13 21 5470
6 14 20 6696
6 15 19 7713
6 16 18 8395
6 17 17 8627
6 6 28 147
6 7 27 340
6 8 26 684
6 9 25 1225
7 10 23 3807
7 11 22 5514
7 12 21 7441
7 13 20 9396
7 14 19 11156
7 15 18 12489
7 16 17 13209
7 7 26 738
7 8 25 1411
7 9 24 2422
8 10 22 6475
8 11 21 9075
8 12 20 11878
8 13 19 14557
8 14 18 16801
8 15 17 18283
8 16 16 18815
8 8 24 2585
8 9 23 4268
9 10 21 10000
9 11 20 13603
9 12 19 17287
9 13 18 20603
9 14 17 23120
9 15 16 24483
9 9 22 6810
