0 6 6 14 6
6 0 6 14 6
0 6 14 6 6
6 0 14 6 6
0 6 1 19 0
6 0 1 19 0
0 6 19 1 0
6 0 19 1 0
0 6 10 10 13
6 0 10 10 13
0 6 8 12 11
6 0 8 12 11
0 6 12 8 11
6 0 12 8 11
3 3 8 12 50
3 3 12 8 50
3 3 6 14 30
3 3 14 6 30
1 5 6 14 15
5 1 6 14 15
1 5 14 6 15
5 1 14 6 15
1 5 4 16 6
5 1 4 16 6
1 5 16 4 6
5 1 16 4 6
2 4 10 10 42
4 2 10 10 42
2 4 7 13 29
4 2 7 13 29
2 4 13 7 29
4 2 13 7 29
0 6 5 15 4
6 0 5 15 4
0 6 15 5 4
6 0 15 5 4
2 4 2 18 1
4 2 2 18 1
2 4 18 2 1
4 2 18 2 1
2 4 8 12 36
4 2 8 12 36
2 4 12 8 36
4 2 12 8 36
3 3 0 20 0
3 3 20 0 0
1 5 5 15 10
5 1 5 15 10
1 5 15 5 10
5 1 15 5 10
1 5 9 11 28
5 1 9 11 28
1 5 11 9 28
5 1 11 9 28
0 6 9 11 13
6 0 9 11 13
0 6 11 9 13
6 0 11 9 13
1 5 8 12 25
5 1 8 12 25
1 5 12 8 25
5 1 12 8 25
3 3 2 18 2
3 3 18 2 2
1 5 3 17 3
5 1 3 17 3
1 5 17 3 3
5 1 17 3 3
2 4 1 19 0
4 2 1 19 0
2 4 19 1 0
4 2 19 1 0
2 4 5 15 14
4 2 5 15 14
2 4 15 5 14
4 2 15 5 14
3 3 10 10 58
0 6 2 18 0
6 0 2 18 0
0 6 18 2 0
6 0 18 2 0
3 3 5 15 20
3 3 15 5 20
3 3 1 19 0
3 3 19 1 0
3 3 3 17 6
3 3 17 3 6
3 3 4 16 12
3 3 16 4 12
2 4 9 11 41
4 2 9 11 41
2 4 11 9 41
4 2 11 9 41
3 3 7 13 40
3 3 13 7 40
2 4 6 14 21
4 2 6 14 21
2 4 14 6 21
4 2 14 6 21
3 3 9 11 56
3 3 11 9 56
2 4 4 16 8
4 2 4 16 8
2 4 16 4 8
4 2 16 4 8
1 5 7 13 20
5 1 7 13 20
1 5 13 7 20
5 1 13 7 20
0 6 7 13 9
6 0 7 13 9
0 6 13 7 9
6 0 13 7 9
0 6 4 16 2
6 0 4 16 2
0 6 16 4 2
6 0 16 4 2
1 5 0 20 0
5 1 0 20 0
1 5 20 0 0
5 1 20 0 0
1 5 1 19 0
5 1 1 19 0
1 5 19 1 0
5 1 19 1 0
2 4 3 17 4
4 2 3 17 4
2 4 17 3 4
4 2 17 3 4
1 5 10 10 29
5 1 10 10 29
0 6 3 17 1
6 0 3 17 1
0 6 17 3 1
6 0 17 3 1
1 5 2 18 1
5 1 2 18 1
1 5 18 2 1
5 1 18 2 1
2 4 0 20 0
4 2 0 20 0
2 4 20 0 0
4 2 20 0 0
