2 7 6 21 14
7 2 6 21 14
2 7 21 6 14
7 2 21 6 14
3 6 4 23 5
6 3 4 23 5
3 6 23 4 5
6 3 23 4 5
2 7 11 16 104
7 2 11 16 104
2 7 16 11 104
7 2 16 11 104
4 5 1 26 0
5 4 1 26 0
4 5 26 1 0
5 4 26 1 0
4 5 2 25 0
5 4 2 25 0
4 5 25 2 0
5 4 25 2 0
0 9 6 21 1
9 0 6 21 1
0 9 21 6 1
9 0 21 6 1
1 8 6 21 7
8 1 6 21 7
1 8 21 6 7
8 1 21 6 7
0 9 11 16 13
9 0 11 16 13
0 9 16 11 13
9 0 16 11 13
2 7 3 24 0
7 2 3 24 0
2 7 24 3 0
7 2 24 3 0
4 5 0 27 0
5 4 0 27 0
4 5 27 0 0
5 4 27 0 0
2 7 9 18 62
7 2 9 18 62
2 7 18 9 62
7 2 18 9 62
4 5 5 22 16
5 4 5 22 16
4 5 22 5 16
5 4 22 5 16
4 5 7 20 60
5 4 7 20 60
4 5 20 7 60
5 4 20 7 60
2 7 4 23 2
7 2 4 23 2
2 7 23 4 2
7 2 23 4 2
3 6 12 15 210
6 3 12 15 210
3 6 15 12 210
6 3 15 12 210
0 9 5 22 0
9 0 5 22 0
0 9 22 5 0
9 0 22 5 0
2 7 10 17 84
7 2 10 17 84
2 7 17 10 84
7 2 17 10 84
1 8 8 19 21
8 1 8 19 21
1 8 19 8 21
8 1 19 8 21
3 6 1 26 0
6 3 1 26 0
3 6 26 1 0
6 3 26 1 0
0 9 10 17 10
9 0 10 17 10
0 9 17 10 10
9 0 17 10 10
0 9 4 23 0
9 0 4 23 0
0 9 23 4 0
9 0 23 4 0
1 8 9 18 31
8 1 9 18 31
1 8 18 9 31
8 1 18 9 31
0 9 9 18 7
9 0 9 18 7
0 9 18 9 7
9 0 18 9 7
3 6 7 20 49
6 3 7 20 49
3 6 20 7 49
6 3 20 7 49
3 6 8 19 77
6 3 8 19 77
3 6 19 8 77
6 3 19 8 77
4 5 12 15 254
5 4 12 15 254
4 5 15 12 254
5 4 15 12 254
1 8 11 16 52
8 1 11 16 52
1 8 16 11 52
8 1 16 11 52
4 5 4 23 6
5 4 4 23 6
4 5 23 4 6
5 4 23 4 6
3 6 2 25 0
6 3 2 25 0
3 6 25 2 0
6 3 25 2 0
4 5 10 17 181
5 4 10 17 181
4 5 17 10 181
5 4 17 10 181
4 5 13 14 270
5 4 13 14 270
4 5 14 13 270
5 4 14 13 270
0 9 13 14 17
9 0 13 14 17
0 9 14 13 17
9 0 14 13 17
1 8 5 22 3
8 1 5 22 3
1 8 22 5 3
8 1 22 5 3
3 6 6 21 28
6 3 6 21 28
3 6 21 6 28
6 3 21 6 28
0 9 7 20 2
9 0 7 20 2
0 9 20 7 2
9 0 20 7 2
0 9 3 24 0
9 0 3 24 0
0 9 24 3 0
9 0 24 3 0
4 5 8 19 94
5 4 8 19 94
4 5 19 8 94
5 4 19 8 94
1 8 12 15 60
8 1 12 15 60
1 8 15 12 60
8 1 15 12 60
3 6 3 24 1
6 3 3 24 1
3 6 24 3 1
6 3 24 3 1
1 8 10 17 42
8 1 10 17 42
1 8 17 10 42
8 1 17 10 42
2 7 5 22 6
7 2 5 22 6
2 7 22 5 6
7 2 22 5 6
1 8 4 23 1
8 1 4 23 1
1 8 23 4 1
8 1 23 4 1
4 5 3 24 1
5 4 3 24 1
4 5 24 3 1
5 4 24 3 1
4 5 11 16 222
5 4 11 16 222
4 5 16 11 222
5 4 16 11 222
2 7 8 19 42
7 2 8 19 42
2 7 19 8 42
7 2 19 8 42
4 5 6 21 34
5 4 6 21 34
4 5 21 6 34
5 4 21 6 34
2 7 12 15 120
7 2 12 15 120
2 7 15 12 120
7 2 15 12 120
1 8 1 26 0
8 1 1 26 0
1 8 26 1 0
8 1 26 1 0
3 6 9 18 112
6 3 9 18 112
3 6 18 9 112
6 3 18 9 112
1 8 2 25 0
8 1 2 25 0
1 8 25 2 0
8 1 25 2 0
2 7 13 14 128
7 2 13 14 128
2 7 14 13 128
7 2 14 13 128
3 6 0 27 0
6 3 0 27 0
3 6 27 0 0
6 3 27 0 0
1 8 7 20 13
8 1 7 20 13
1 8 20 7 13
8 1 20 7 13
0 9 8 19 4
9 0 8 19 4
0 9 19 8 4
9 0 19 8 4
1 8 3 24 0
8 1 3 24 0
1 8 24 3 0
8 1 24 3 0
2 7 1 26 0
7 2 1 26 0
2 7 26 1 0
7 2 26 1 0
3 6 10 17 149
6 3 10 17 149
3 6 17 10 149
6 3 17 10 149
2 7 2 25 0
7 2 2 25 0
2 7 25 2 0
7 2 25 2 0
4 5 9 18 136
5 4 9 18 136
4 5 18 9 136
5 4 18 9 136
1 8 13 14 64
8 1 13 14 64
1 8 14 13 64
8 1 14 13 64
3 6 5 22 13
6 3 5 22 13
3 6 22 5 13
6 3 22 5 13
3 6 11 16 183
6 3 11 16 183
3 6 16 11 183
6 3 16 11 183
2 7 7 20 26
7 2 7 20 26
2 7 20 7 26
7 2 20 7 26
0 9 12 15 16
9 0 12 15 16
0 9 15 12 16
9 0 15 12 16
3 6 13 14 223
6 3 13 14 223
3 6 14 13 223
6 3 14 13 223
