5 10 13 28 386
10 5 13 28 386
5 10 28 13 386
10 5 28 13 386
3 12 11 30 29
12 3 11 30 29
3 12 30 11 29
12 3 30 11 29
1 14 11 30 1
14 1 11 30 1
1 14 30 11 1
14 1 30 11 1
7 8 17 24 2165
8 7 17 24 2165
7 8 24 17 2165
8 7 24 17 2165
6 9 2 39 0
9 6 2 39 0
6 9 39 2 0
9 6 39 2 0
3 12 3 38 0
12 3 3 38 0
3 12 38 3 0
12 3 38 3 0
7 8 19 22 2782
8 7 19 22 2782
7 8 22 19 2782
8 7 22 19 2782
0 15 17 24 3
15 0 17 24 3
0 15 24 17 3
15 0 24 17 3
0 15 19 22 5
15 0 19 22 5
0 15 22 19 5
15 0 22 19 5
2 13 16 25 106
13 2 16 25 106
2 13 25 16 106
13 2 25 16 106
3 12 12 29 56
12 3 12 29 56
3 12 29 12 56
12 3 29 12 56
2 13 17 24 137
13 2 17 24 137
2 13 24 17 137
13 2 24 17 137
4 11 6 35 0
11 4 6 35 0
4 11 35 6 0
11 4 35 6 0
4 11 8 33 5
11 4 8 33 5
4 11 33 8 5
11 4 33 8 5
3 12 15 26 219
12 3 15 26 219
3 12 26 15 219
12 3 26 15 219
6 9 1 40 0
9 6 1 40 0
6 9 40 1 0
9 6 40 1 0
6 9 8 33 20
9 6 8 33 20
6 9 33 8 20
9 6 33 8 20
7 8 11 30 247
8 7 11 30 247
7 8 30 11 247
8 7 30 11 247
5 10 5 36 0
10 5 5 36 0
5 10 36 5 0
10 5 36 5 0
0 15 15 26 1
15 0 15 26 1
0 15 26 15 1
15 0 26 15 1
2 13 8 33 0
13 2 8 33 0
2 13 33 8 0
13 2 33 8 0
1 14 16 25 26
14 1 16 25 26
1 14 25 16 26
14 1 25 16 26
5 10 9 32 30
10 5 9 32 30
5 10 32 9 30
10 5 32 9 30
7 8 6 35 1
8 7 6 35 1
7 8 35 6 1
8 7 35 6 1
7 8 20 21 2922
8 7 20 21 2922
7 8 21 20 2922
8 7 21 20 2922
7 8 2 39 0
8 7 2 39 0
7 8 39 2 0
8 7 39 2 0
7 8 12 29 425
8 7 12 29 425
7 8 29 12 425
8 7 29 12 425
2 13 20 21 198
13 2 20 21 198
2 13 21 20 198
13 2 21 20 198
2 13 15 26 77
13 2 15 26 77
2 13 26 15 77
13 2 26 15 77
6 9 20 21 2503
9 6 20 21 2503
6 9 21 20 2503
9 6 21 20 2503
4 11 19 22 1031
11 4 19 22 1031
4 11 22 19 1031
11 4 22 19 1031
1 14 20 21 53
14 1 20 21 53
1 14 21 20 53
14 1 21 20 53
0 15 13 28 0
15 0 13 28 0
0 15 28 13 0
15 0 28 13 0
3 12 18 23 442
12 3 18 23 442
3 12 23 18 442
12 3 23 18 442
7 8 15 26 1361
8 7 15 26 1361
7 8 26 15 1361
8 7 26 15 1361
4 11 20 21 1087
11 4 20 21 1087
4 11 21 20 1087
11 4 21 20 1087
4 11 11 30 75
11 4 11 30 75
4 11 30 11 75
11 4 30 11 75
2 13 11 30 8
13 2 11 30 8
2 13 30 11 8
13 2 30 11 8
6 9 16 25 1504
9 6 16 25 1504
6 9 25 16 1504
9 6 25 16 1504
5 10 15 26 807
10 5 15 26 807
5 10 26 15 807
10 5 26 15 807
7 8 4 37 0
8 7 4 37 0
7 8 37 4 0
8 7 37 4 0
1 14 13 28 6
14 1 13 28 6
1 14 28 13 6
14 1 28 13 6
5 10 7 34 2
10 5 7 34 2
5 10 34 7 2
10 5 34 7 2
0 15 12 29 0
15 0 12 29 0
0 15 29 12 0
15 0 29 12 0
7 8 18 23 2520
8 7 18 23 2520
7 8 23 18 2520
8 7 23 18 2520
1 14 14 27 11
14 1 14 27 11
1 14 27 14 11
14 1 27 14 11
1 14 9 32 0
14 1 9 32 0
1 14 32 9 0
14 1 32 9 0
0 15 16 25 2
15 0 16 25 2
0 15 25 16 2
15 0 25 16 2
4 11 10 31 37
11 4 10 31 37
4 11 31 10 37
11 4 31 10 37
7 8 8 33 24
8 7 8 33 24
7 8 33 8 24
8 7 33 8 24
2 13 7 34 0
13 2 7 34 0
2 13 34 7 0
13 2 34 7 0
1 14 6 35 0
14 1 6 35 0
1 14 35 6 0
14 1 35 6 0
3 12 9 32 5
12 3 9 32 5
3 12 32 9 5
12 3 32 9 5
1 14 17 24 35
14 1 17 24 35
1 14 24 17 35
14 1 24 17 35
3 12 5 36 0
12 3 5 36 0
3 12 36 5 0
12 3 36 5 0
6 9 17 24 1850
9 6 17 24 1850
6 9 24 17 1850
9 6 24 17 1850
2 13 10 31 3
13 2 10 31 3
2 13 31 10 3
13 2 31 10 3
1 14 18 23 43
14 1 18 23 43
1 14 23 18 43
14 1 23 18 43
5 10 6 35 0
10 5 6 35 0
5 10 35 6 0
10 5 35 6 0
3 12 14 27 151
12 3 14 27 151
3 12 27 14 151
12 3 27 14 151
6 9 9 32 52
9 6 9 32 52
6 9 32 9 52
9 6 32 9 52
6 9 19 22 2382
9 6 19 22 2382
6 9 22 19 2382
9 6 22 19 2382
5 10 2 39 0
10 5 2 39 0
5 10 39 2 0
10 5 39 2 0
4 11 14 27 340
11 4 14 27 340
4 11 27 14 340
11 4 27 14 340
7 8 10 31 131
8 7 10 31 131
7 8 31 10 131
8 7 31 10 131
3 12 4 37 0
12 3 4 37 0
3 12 37 4 0
12 3 37 4 0
1 14 19 22 49
14 1 19 22 49
1 14 22 19 49
14 1 22 19 49
5 10 18 23 1530
10 5 18 23 1530
5 10 23 18 1530
10 5 23 18 1530
1 14 10 31 0
14 1 10 31 0
1 14 31 10 0
14 1 31 10 0
6 9 18 23 2156
9 6 18 23 2156
6 9 23 18 2156
9 6 23 18 2156
3 12 19 22 494
12 3 19 22 494
3 12 22 19 494
12 3 22 19 494
5 10 3 38 0
10 5 3 38 0
5 10 38 3 0
10 5 38 3 0
7 8 1 40 0
8 7 1 40 0
7 8 40 1 0
8 7 40 1 0
1 14 7 34 0
14 1 7 34 0
1 14 34 7 0
14 1 34 7 0
2 13 13 28 31
13 2 13 28 31
2 13 28 13 31
13 2 28 13 31
6 9 10 31 110
9 6 10 31 110
6 9 31 10 110
9 6 31 10 110
6 9 3 38 0
9 6 3 38 0
6 9 38 3 0
9 6 38 3 0
7 8 13 28 673
8 7 13 28 673
7 8 28 13 673
8 7 28 13 673
5 10 14 27 578
10 5 14 27 578
5 10 27 14 578
10 5 27 14 578
4 11 2 39 0
11 4 2 39 0
4 11 39 2 0
11 4 39 2 0
5 10 19 22 1695
10 5 19 22 1695
5 10 22 19 1695
10 5 22 19 1695
7 8 5 36 0
8 7 5 36 0
7 8 36 5 0
8 7 36 5 0
2 13 12 29 17
13 2 12 29 17
2 13 29 12 17
13 2 29 12 17
4 11 17 24 789
11 4 17 24 789
4 11 24 17 789
11 4 24 17 789
2 13 4 37 0
13 2 4 37 0
2 13 37 4 0
13 2 37 4 0
2 13 9 32 1
13 2 9 32 1
2 13 32 9 1
13 2 32 9 1
3 12 17 24 372
12 3 17 24 372
3 12 24 17 372
12 3 24 17 372
5 10 12 29 238
10 5 12 29 238
5 10 29 12 238
10 5 29 12 238
4 11 12 29 136
11 4 12 29 136
4 11 29 12 136
11 4 29 12 136
6 9 13 28 570
9 6 13 28 570
6 9 28 13 570
9 6 28 13 570
0 15 11 30 0
15 0 11 30 0
0 15 30 11 0
15 0 30 11 0
0 15 10 31 0
15 0 10 31 0
0 15 31 10 0
15 0 31 10 0
2 13 6 35 0
13 2 6 35 0
2 13 35 6 0
13 2 35 6 0
1 14 8 33 0
14 1 8 33 0
1 14 33 8 0
14 1 33 8 0
6 9 6 35 1
9 6 6 35 1
6 9 35 6 1
9 6 35 6 1
3 12 13 28 96
12 3 13 28 96
3 12 28 13 96
12 3 28 13 96
6 9 12 29 359
9 6 12 29 359
6 9 29 12 359
9 6 29 12 359
3 12 6 35 0
12 3 6 35 0
3 12 35 6 0
12 3 35 6 0
6 9 7 34 6
9 6 7 34 6
6 9 34 7 6
9 6 34 7 6
4 11 9 32 16
11 4 9 32 16
4 11 32 9 16
11 4 32 9 16
6 9 11 30 208
9 6 11 30 208
6 9 30 11 208
9 6 30 11 208
5 10 16 25 1056
10 5 16 25 1056
5 10 25 16 1056
10 5 25 16 1056
6 9 4 37 0
9 6 4 37 0
6 9 37 4 0
9 6 37 4 0
5 10 10 31 68
10 5 10 31 68
5 10 31 10 68
10 5 31 10 68
3 12 10 31 13
12 3 10 31 13
3 12 31 10 13
12 3 31 10 13
6 9 15 26 1159
9 6 15 26 1159
6 9 26 15 1159
9 6 26 15 1159
3 12 20 21 523
12 3 20 21 523
3 12 21 20 523
12 3 21 20 523
4 11 18 23 928
11 4 18 23 928
4 11 23 18 928
11 4 23 18 928
3 12 16 25 294
12 3 16 25 294
3 12 25 16 294
12 3 25 16 294
4 11 13 28 224
11 4 13 28 224
4 11 28 13 224
11 4 28 13 224
7 8 9 32 62
8 7 9 32 62
7 8 32 9 62
8 7 32 9 62
5 10 4 37 0
10 5 4 37 0
5 10 37 4 0
10 5 37 4 0
7 8 7 34 7
8 7 7 34 7
7 8 34 7 7
8 7 34 7 7
6 9 5 36 0
9 6 5 36 0
6 9 36 5 0
9 6 36 5 0
6 9 14 27 840
9 6 14 27 840
6 9 27 14 840
9 6 27 14 840
2 13 19 22 186
13 2 19 22 186
2 13 22 19 186
13 2 22 19 186
4 11 16 25 633
11 4 16 25 633
4 11 25 16 633
11 4 25 16 633
7 8 3 38 0
8 7 3 38 0
7 8 38 3 0
8 7 38 3 0
5 10 8 33 10
10 5 8 33 10
5 10 33 8 10
10 5 33 8 10
2 13 14 27 51
13 2 14 27 51
2 13 27 14 51
13 2 27 14 51
5 10 17 24 1307
10 5 17 24 1307
5 10 24 17 1307
10 5 24 17 1307
4 11 15 26 480
11 4 15 26 480
4 11 26 15 480
11 4 26 15 480
4 11 4 37 0
11 4 4 37 0
4 11 37 4 0
11 4 37 4 0
2 13 18 23 165
13 2 18 23 165
2 13 23 18 165
13 2 23 18 165
7 8 16 25 1763
8 7 16 25 1763
7 8 25 16 1763
8 7 25 16 1763
4 11 3 38 0
11 4 3 38 0
4 11 38 3 0
11 4 38 3 0
1 14 15 26 18
14 1 15 26 18
1 14 26 15 18
14 1 26 15 18
3 12 7 34 0
12 3 7 34 0
3 12 34 7 0
12 3 34 7 0
0 15 18 23 4
15 0 18 23 4
0 15 23 18 4
15 0 23 18 4
1 14 12 29 3
14 1 12 29 3
1 14 29 12 3
14 1 29 12 3
5 10 20 21 1784
10 5 20 21 1784
5 10 21 20 1784
10 5 21 20 1784
4 11 7 34 1
11 4 7 34 1
4 11 34 7 1
11 4 34 7 1
0 15 14 27 0
15 0 14 27 0
0 15 27 14 0
15 0 27 14 0
2 13 5 36 0
13 2 5 36 0
2 13 36 5 0
13 2 36 5 0
5 10 11 30 134
10 5 11 30 134
5 10 30 11 134
10 5 30 11 134
3 12 8 33 1
12 3 8 33 1
3 12 33 8 1
12 3 33 8 1
0 15 20 21 6
15 0 20 21 6
0 15 21 20 6
15 0 21 20 6
7 8 14 27 989
8 7 14 27 989
7 8 27 14 989
8 7 27 14 989
4 11 5 36 0
11 4 5 36 0
4 11 36 5 0
11 4 36 5 0
