4 14 24 24 772
14 4 24 24 772
9 9 8 40 2
9 9 40 8 2
7 11 19 29 2156
11 7 19 29 2156
7 11 29 19 2156
11 7 29 19 2156
4 14 19 29 403
14 4 19 29 403
4 14 29 19 403
14 4 29 19 403
8 10 15 33 686
10 8 15 33 686
8 10 33 15 686
10 8 33 15 686
2 16 18 30 28
16 2 18 30 28
2 16 30 18 28
16 2 30 18 28
6 12 19 29 1472
12 6 19 29 1472
6 12 29 19 1472
12 6 29 19 1472
8 10 18 30 2076
10 8 18 30 2076
8 10 30 18 2076
10 8 30 18 2076
7 11 7 41 0
11 7 7 41 0
7 11 41 7 0
11 7 41 7 0
2 16 22 26 80
16 2 22 26 80
2 16 26 22 80
16 2 26 22 80
2 16 9 39 0
16 2 9 39 0
2 16 39 9 0
16 2 39 9 0
5 13 7 41 0
13 5 7 41 0
5 13 41 7 0
13 5 41 7 0
7 11 20 28 2664
11 7 20 28 2664
7 11 28 20 2664
11 7 28 20 2664
8 10 24 24 4740
10 8 24 24 4740
7 11 13 35 179
11 7 13 35 179
7 11 35 13 179
11 7 35 13 179
7 11 5 43 0
11 7 5 43 0
7 11 43 5 0
11 7 43 5 0
6 12 4 44 0
12 6 4 44 0
6 12 44 4 0
12 6 44 4 0
0 18 23 25 1
18 0 23 25 1
0 18 25 23 1
18 0 25 23 1
5 13 8 40 0
13 5 8 40 0
5 13 40 8 0
13 5 40 8 0
3 15 21 27 233
15 3 21 27 233
3 15 27 21 233
15 3 27 21 233
0 18 17 31 0
18 0 17 31 0
0 18 31 17 0
18 0 31 17 0
3 15 16 32 44
15 3 16 32 44
3 15 32 16 44
15 3 32 16 44
9 9 9 39 8
9 9 39 9 8
6 12 15 33 352
12 6 15 33 352
6 12 33 15 352
12 6 33 15 352
6 12 13 35 112
12 6 13 35 112
6 12 35 13 112
12 6 35 13 112
3 15 20 28 191
15 3 20 28 191
3 15 28 20 191
15 3 28 20 191
8 10 6 42 0
10 8 6 42 0
8 10 42 6 0
10 8 42 6 0
8 10 13 35 233
10 8 13 35 233
8 10 35 13 233
10 8 35 13 233
7 11 11 37 40
11 7 11 37 40
7 11 37 11 40
11 7 37 11 40
8 10 16 32 1054
10 8 16 32 1054
8 10 32 16 1054
10 8 32 16 1054
4 14 16 32 135
14 4 16 32 135
4 14 32 16 135
14 4 32 16 135
7 11 16 32 837
11 7 16 32 837
7 11 32 16 837
11 7 32 16 837
6 12 23 25 2598
12 6 23 25 2598
6 12 25 23 2598
12 6 25 23 2598
2 16 14 34 2
16 2 14 34 2
2 16 34 14 2
16 2 34 14 2
3 15 7 41 0
15 3 7 41 0
3 15 41 7 0
15 3 41 7 0
6 12 24 24 2659
12 6 24 24 2659
3 15 17 31 70
15 3 17 31 70
3 15 31 17 70
15 3 31 17 70
1 17 12 36 0
17 1 12 36 0
1 17 36 12 0
17 1 36 12 0
8 10 23 25 4636
10 8 23 25 4636
8 10 25 23 4636
10 8 25 23 4636
2 16 10 38 0
16 2 10 38 0
2 16 38 10 0
16 2 38 10 0
8 10 8 40 1
10 8 8 40 1
8 10 40 8 1
10 8 40 8 1
5 13 14 34 106
13 5 14 34 106
5 13 34 14 106
13 5 34 14 106
9 9 22 26 4682
9 9 26 22 4682
5 13 17 31 450
13 5 17 31 450
5 13 31 17 450
13 5 31 17 450
1 17 13 35 0
17 1 13 35 0
1 17 35 13 0
17 1 35 13 0
9 9 4 44 0
9 9 44 4 0
9 9 18 30 2260
9 9 30 18 2260
5 13 10 38 3
13 5 10 38 3
5 13 38 10 3
13 5 38 10 3
3 15 11 37 0
15 3 11 37 0
3 15 37 11 0
15 3 37 11 0
5 13 24 24 1565
13 5 24 24 1565
5 13 20 28 1057
13 5 20 28 1057
5 13 28 20 1057
13 5 28 20 1057
8 10 20 28 3303
10 8 20 28 3303
8 10 28 20 3303
10 8 28 20 3303
4 14 20 28 510
14 4 20 28 510
4 14 28 20 510
14 4 28 20 510
2 16 12 36 0
16 2 12 36 0
2 16 36 12 0
16 2 36 12 0
9 9 19 29 2910
9 9 29 19 2910
9 9 11 37 62
9 9 37 11 62
3 15 14 34 12
15 3 14 34 12
3 15 34 14 12
15 3 34 14 12
2 16 11 37 0
16 2 11 37 0
2 16 37 11 0
16 2 37 11 0
3 15 6 42 0
15 3 6 42 0
3 15 42 6 0
15 3 42 6 0
1 17 10 38 0
17 1 10 38 0
1 17 38 10 0
17 1 38 10 0
3 15 15 33 24
15 3 15 33 24
3 15 33 15 24
15 3 33 15 24
3 15 18 30 107
15 3 18 30 107
3 15 30 18 107
15 3 30 18 107
7 11 4 44 0
11 7 4 44 0
7 11 44 4 0
11 7 44 4 0
0 18 16 32 0
18 0 16 32 0
0 18 32 16 0
18 0 32 16 0
4 14 10 38 1
14 4 10 38 1
4 14 38 10 1
14 4 38 10 1
8 10 17 31 1522
10 8 17 31 1522
8 10 31 17 1522
10 8 31 17 1522
8 10 14 34 415
10 8 14 34 415
8 10 34 14 415
10 8 34 14 415
4 14 8 40 0
14 4 8 40 0
4 14 40 8 0
14 4 40 8 0
5 13 12 36 25
13 5 12 36 25
5 13 36 12 25
13 5 36 12 25
1 17 18 30 4
17 1 18 30 4
1 17 30 18 4
17 1 30 18 4
0 18 24 24 1
18 0 24 24 1
6 12 21 27 2157
12 6 21 27 2157
6 12 27 21 2157
12 6 27 21 2157
8 10 12 36 118
10 8 12 36 118
8 10 36 12 118
10 8 36 12 118
7 11 23 25 3748
11 7 23 25 3748
7 11 25 23 3748
11 7 25 23 3748
1 17 16 32 1
17 1 16 32 1
1 17 32 16 1
17 1 32 16 1
2 16 23 25 88
16 2 23 25 88
2 16 25 23 88
16 2 25 23 88
1 17 15 33 0
17 1 15 33 0
1 17 33 15 0
17 1 33 15 0
5 13 19 29 841
13 5 19 29 841
5 13 29 19 841
13 5 29 19 841
7 11 12 36 91
11 7 12 36 91
7 11 36 12 91
11 7 36 12 91
1 17 11 37 0
17 1 11 37 0
1 17 37 11 0
17 1 37 11 0
2 16 7 41 0
16 2 7 41 0
2 16 41 7 0
16 2 41 7 0
4 14 21 27 614
14 4 21 27 614
4 14 27 21 614
14 4 27 21 614
6 12 12 36 54
12 6 12 36 54
6 12 36 12 54
12 6 36 12 54
1 17 14 34 0
17 1 14 34 0
1 17 34 14 0
17 1 34 14 0
8 10 7 41 0
10 8 7 41 0
8 10 41 7 0
10 8 41 7 0
3 15 22 26 269
15 3 22 26 269
3 15 26 22 269
15 3 26 22 269
1 17 19 29 6
17 1 19 29 6
1 17 29 19 6
17 1 29 19 6
7 11 22 26 3507
11 7 22 26 3507
7 11 26 22 3507
11 7 26 22 3507
0 18 20 28 0
18 0 20 28 0
0 18 28 20 0
18 0 28 20 0
0 18 15 33 0
18 0 15 33 0
0 18 33 15 0
18 0 33 15 0
8 10 21 27 3875
10 8 21 27 3875
8 10 27 21 3875
10 8 27 21 3875
3 15 8 40 0
15 3 8 40 0
3 15 40 8 0
15 3 40 8 0
7 11 15 33 538
11 7 15 33 538
7 11 33 15 538
11 7 33 15 538
6 12 9 39 2
12 6 9 39 2
6 12 39 9 2
12 6 39 9 2
9 9 23 25 4998
9 9 25 23 4998
9 9 10 38 26
9 9 38 10 26
4 14 23 25 753
14 4 23 25 753
4 14 25 23 753
14 4 25 23 753
7 11 18 30 1664
11 7 18 30 1664
7 11 30 18 1664
11 7 30 18 1664
5 13 9 39 0
13 5 9 39 0
5 13 39 9 0
13 5 39 9 0
5 13 23 25 1523
13 5 23 25 1523
5 13 25 23 1523
13 5 25 23 1523
0 18 22 26 1
18 0 22 26 1
0 18 26 22 1
18 0 26 22 1
9 9 5 43 0
9 9 43 5 0
4 14 17 31 208
14 4 17 31 208
4 14 31 17 208
14 4 31 17 208
6 12 22 26 2421
12 6 22 26 2421
6 12 26 22 2421
12 6 26 22 2421
3 15 13 35 5
15 3 13 35 5
3 15 35 13 5
15 3 35 13 5
3 15 12 36 2
15 3 12 36 2
3 15 36 12 2
15 3 36 12 2
1 17 22 26 15
17 1 22 26 15
1 17 26 22 15
17 1 26 22 15
9 9 2 46 0
9 9 46 2 0
6 12 6 42 0
12 6 6 42 0
6 12 42 6 0
12 6 42 6 0
7 11 2 46 0
11 7 2 46 0
7 11 46 2 0
11 7 46 2 0
4 14 5 43 0
14 4 5 43 0
4 14 43 5 0
14 4 43 5 0
5 13 22 26 1420
13 5 22 26 1420
5 13 26 22 1420
13 5 26 22 1420
9 9 7 41 0
9 9 41 7 0
7 11 10 38 16
11 7 10 38 16
7 11 38 10 16
11 7 38 10 16
1 17 17 31 2
17 1 17 31 2
1 17 31 17 2
17 1 31 17 2
5 13 4 44 0
13 5 4 44 0
5 13 44 4 0
13 5 44 4 0
9 9 17 31 1656
9 9 31 17 1656
8 10 5 43 0
10 8 5 43 0
8 10 43 5 0
10 8 43 5 0
9 9 16 32 1156
9 9 32 16 1156
3 15 19 29 146
15 3 19 29 146
3 15 29 19 146
15 3 29 19 146
3 15 24 24 301
15 3 24 24 301
8 10 3 45 0
10 8 3 45 0
8 10 45 3 0
10 8 45 3 0
1 17 23 25 16
17 1 23 25 16
1 17 25 23 16
17 1 25 23 16
2 16 17 31 18
16 2 17 31 18
2 16 31 17 18
16 2 31 17 18
9 9 13 35 260
9 9 35 13 260
4 14 7 41 0
14 4 7 41 0
4 14 41 7 0
14 4 41 7 0
9 9 24 24 5120
8 10 9 39 6
10 8 9 39 6
8 10 39 9 6
10 8 39 9 6
8 10 10 38 21
10 8 10 38 21
8 10 38 10 21
10 8 38 10 21
5 13 16 32 302
13 5 16 32 302
5 13 32 16 302
13 5 32 16 302
6 12 17 31 812
12 6 17 31 812
6 12 31 17 812
12 6 31 17 812
8 10 22 26 4333
10 8 22 26 4333
8 10 26 22 4333
10 8 26 22 4333
8 10 2 46 0
10 8 2 46 0
8 10 46 2 0
10 8 46 2 0
9 9 21 27 4184
9 9 27 21 4184
7 11 8 40 1
11 7 8 40 1
7 11 40 8 1
11 7 40 8 1
2 16 20 28 54
16 2 20 28 54
2 16 28 20 54
16 2 28 20 54
1 17 24 24 17
17 1 24 24 17
4 14 14 34 44
14 4 14 34 44
4 14 34 14 44
14 4 34 14 44
0 18 18 30 0
18 0 18 30 0
0 18 30 18 0
18 0 30 18 0
0 18 19 29 0
18 0 19 29 0
0 18 29 19 0
18 0 29 19 0
6 12 14 34 206
12 6 14 34 206
6 12 34 14 206
12 6 34 14 206
3 15 23 25 290
15 3 23 25 290
3 15 25 23 290
15 3 25 23 290
2 16 19 29 41
16 2 19 29 41
2 16 29 19 41
16 2 29 19 41
8 10 4 44 0
10 8 4 44 0
8 10 44 4 0
10 8 44 4 0
5 13 21 27 1254
13 5 21 27 1254
5 13 27 21 1254
13 5 27 21 1254
6 12 5 43 0
12 6 5 43 0
6 12 43 5 0
12 6 43 5 0
0 18 21 27 1
18 0 21 27 1
0 18 27 21 1
18 0 27 21 1
9 9 3 45 0
9 9 45 3 0
7 11 14 34 325
11 7 14 34 325
7 11 34 14 325
11 7 34 14 325
7 11 24 24 3841
11 7 24 24 3841
4 14 6 42 0
14 4 6 42 0
4 14 42 6 0
14 4 42 6 0
4 14 9 39 0
14 4 9 39 0
4 14 39 9 0
14 4 39 9 0
5 13 18 30 637
13 5 18 30 637
5 13 30 18 637
13 5 30 18 637
7 11 6 42 0
11 7 6 42 0
7 11 42 6 0
11 7 42 6 0
7 11 9 39 4
11 7 9 39 4
7 11 39 9 4
11 7 39 9 4
5 13 15 33 185
13 5 15 33 185
5 13 33 15 185
13 5 33 15 185
9 9 14 34 462
9 9 34 14 462
9 9 6 42 0
9 9 42 6 0
6 12 16 32 552
12 6 16 32 552
6 12 32 16 552
12 6 32 16 552
2 16 16 32 10
16 2 16 32 10
2 16 32 16 10
16 2 32 16 10
8 10 11 37 54
10 8 11 37 54
8 10 37 11 54
10 8 37 11 54
6 12 18 30 1124
12 6 18 30 1124
6 12 30 18 1124
12 6 30 18 1124
9 9 15 33 754
9 9 33 15 754
6 12 3 45 0
12 6 3 45 0
6 12 45 3 0
12 6 45 3 0
6 12 20 28 1824
12 6 20 28 1824
6 12 28 20 1824
12 6 28 20 1824
5 13 5 43 0
13 5 5 43 0
5 13 43 5 0
13 5 43 5 0
1 17 20 28 9
17 1 20 28 9
1 17 28 20 9
17 1 28 20 9
7 11 17 31 1210
11 7 17 31 1210
7 11 31 17 1210
11 7 31 17 1210
7 11 3 45 0
11 7 3 45 0
7 11 45 3 0
11 7 45 3 0
2 16 21 27 69
16 2 21 27 69
2 16 27 21 69
16 2 27 21 69
3 15 10 38 0
15 3 10 38 0
3 15 38 10 0
15 3 38 10 0
4 14 22 26 697
14 4 22 26 697
4 14 26 22 697
14 4 26 22 697
8 10 19 29 2688
10 8 19 29 2688
8 10 29 19 2688
10 8 29 19 2688
2 16 15 33 5
16 2 15 33 5
2 16 33 15 5
16 2 33 15 5
4 14 4 44 0
14 4 4 44 0
4 14 44 4 0
14 4 44 4 0
4 14 13 35 22
14 4 13 35 22
4 14 35 13 22
14 4 35 13 22
6 12 11 37 23
12 6 11 37 23
6 12 37 11 23
12 6 37 11 23
9 9 20 28 3578
9 9 28 20 3578
5 13 6 42 0
13 5 6 42 0
5 13 42 6 0
13 5 42 6 0
4 14 15 33 81
14 4 15 33 81
4 14 33 15 81
14 4 33 15 81
4 14 11 37 3
14 4 11 37 3
4 14 37 11 3
14 4 37 11 3
6 12 7 41 0
12 6 7 41 0
6 12 41 7 0
12 6 41 7 0
6 12 8 40 0
12 6 8 40 0
6 12 40 8 0
12 6 40 8 0
5 13 11 37 9
13 5 11 37 9
5 13 37 11 9
13 5 37 11 9
6 12 10 38 8
12 6 10 38 8
6 12 38 10 8
12 6 38 10 8
1 17 21 27 12
17 1 21 27 12
1 17 27 21 12
17 1 27 21 12
9 9 12 36 136
9 9 36 12 136
3 15 9 39 0
15 3 9 39 0
3 15 39 9 0
15 3 39 9 0
5 13 13 35 54
13 5 13 35 54
5 13 35 13 54
13 5 35 13 54
2 16 13 35 1
16 2 13 35 1
2 16 35 13 1
16 2 35 13 1
7 11 21 27 3125
11 7 21 27 3125
7 11 27 21 3125
11 7 27 21 3125
2 16 8 40 0
16 2 8 40 0
2 16 40 8 0
16 2 40 8 0
4 14 12 36 9
14 4 12 36 9
4 14 36 12 9
14 4 36 12 9
2 16 24 24 90
16 2 24 24 90
4 14 18 30 299
14 4 18 30 299
4 14 30 18 299
14 4 30 18 299
