1 11 3 31 0
11 1 3 31 0
1 11 31 3 0
11 1 31 3 0
6 6 13 21 701
6 6 21 13 701
2 10 14 20 161
10 2 14 20 161
2 10 20 14 161
10 2 20 14 161
4 8 14 20 580
8 4 14 20 580
4 8 20 14 580
8 4 20 14 580
2 10 9 25 22
10 2 9 25 22
2 10 25 9 22
10 2 25 9 22
6 6 3 31 0
6 6 31 3 0
3 9 11 23 149
9 3 11 23 149
3 9 23 11 149
9 3 23 11 149
0 12 7 27 0
12 0 7 27 0
0 12 27 7 0
12 0 27 7 0
6 6 0 34 0
6 6 34 0 0
2 10 2 32 0
10 2 2 32 0
2 10 32 2 0
10 2 32 2 0
2 10 5 29 0
10 2 5 29 0
2 10 29 5 0
10 2 29 5 0
4 8 13 21 472
8 4 13 21 472
4 8 21 13 472
8 4 21 13 472
2 10 12 22 95
10 2 12 22 95
2 10 22 12 95
10 2 22 12 95
3 9 4 30 0
9 3 4 30 0
3 9 30 4 0
9 3 30 4 0
5 7 13 21 622
7 5 13 21 622
5 7 21 13 622
7 5 21 13 622
3 9 17 17 461
9 3 17 17 461
5 7 9 25 133
7 5 9 25 133
5 7 25 9 133
7 5 25 9 133
5 7 10 24 220
7 5 10 24 220
5 7 24 10 220
7 5 24 10 220
3 9 14 20 350
9 3 14 20 350
3 9 20 14 350
9 3 20 14 350
4 8 4 30 0
8 4 4 30 0
4 8 30 4 0
8 4 30 4 0
1 11 16 18 76
11 1 16 18 76
1 11 18 16 76
11 1 18 16 76
5 7 7 27 34
7 5 7 27 34
5 7 27 7 34
7 5 27 7 34
1 11 14 20 58
11 1 14 20 58
1 11 20 14 58
11 1 20 14 58
6 6 2 32 0
6 6 32 2 0
3 9 8 26 29
9 3 8 26 29
3 9 26 8 29
9 3 26 8 29
0 12 11 23 2
12 0 11 23 2
0 12 23 11 2
12 0 23 11 2
4 8 1 33 0
8 4 1 33 0
4 8 33 1 0
8 4 33 1 0
6 6 8 26 87
6 6 26 8 87
0 12 12 22 4
12 0 12 22 4
0 12 22 12 4
12 0 22 12 4
1 11 11 23 22
11 1 11 23 22
1 11 23 11 22
11 1 23 11 22
1 11 6 28 0
11 1 6 28 0
1 11 28 6 0
11 1 28 6 0
6 6 9 25 155
6 6 25 9 155
5 7 15 19 879
7 5 15 19 879
5 7 19 15 879
7 5 19 15 879
3 9 9 25 56
9 3 9 25 56
3 9 25 9 56
9 3 25 9 56
6 6 4 30 1
6 6 30 4 1
4 8 3 31 0
8 4 3 31 0
4 8 31 3 0
8 4 31 3 0
4 8 6 28 9
8 4 6 28 9
4 8 28 6 9
8 4 28 6 9
4 8 8 26 54
8 4 8 26 54
4 8 26 8 54
8 4 26 8 54
1 11 10 24 13
11 1 10 24 13
1 11 24 10 13
11 1 24 10 13
0 12 16 18 13
12 0 16 18 13
0 12 18 16 13
12 0 18 16 13
2 10 4 30 0
10 2 4 30 0
2 10 30 4 0
10 2 30 4 0
4 8 12 22 360
8 4 12 22 360
4 8 22 12 360
8 4 22 12 360
0 12 17 17 13
12 0 17 17 13
2 10 10 24 40
10 2 10 24 40
2 10 24 10 40
10 2 24 10 40
4 8 15 19 670
8 4 15 19 670
4 8 19 15 670
8 4 19 15 670
1 11 4 30 0
11 1 4 30 0
1 11 30 4 0
11 1 30 4 0
3 9 6 28 4
9 3 6 28 4
3 9 28 6 4
9 3 28 6 4
5 7 4 30 0
7 5 4 30 0
5 7 30 4 0
7 5 30 4 0
1 11 17 17 79
11 1 17 17 79
1 11 15 19 69
11 1 15 19 69
1 11 19 15 69
11 1 19 15 69
5 7 6 28 12
7 5 6 28 12
5 7 28 6 12
7 5 28 6 12
2 10 15 19 188
10 2 15 19 188
2 10 19 15 188
10 2 19 15 188
1 11 8 26 3
11 1 8 26 3
1 11 26 8 3
11 1 26 8 3
6 6 7 27 42
6 6 27 7 42
4 8 10 24 166
8 4 10 24 166
4 8 24 10 166
8 4 24 10 166
0 12 15 19 11
12 0 15 19 11
0 12 19 15 11
12 0 19 15 11
1 11 5 29 0
11 1 5 29 0
1 11 29 5 0
11 1 29 5 0
3 9 2 32 0
9 3 2 32 0
3 9 32 2 0
9 3 32 2 0
6 6 17 17 1107
3 9 7 27 13
9 3 7 27 13
3 9 27 7 13
9 3 27 7 13
3 9 5 29 1
9 3 5 29 1
3 9 29 5 1
9 3 29 5 1
5 7 11 23 337
7 5 11 23 337
5 7 23 11 337
7 5 23 11 337
6 6 15 19 986
6 6 19 15 986
5 7 2 32 0
7 5 2 32 0
5 7 32 2 0
7 5 32 2 0
3 9 3 31 0
9 3 3 31 0
3 9 31 3 0
9 3 31 3 0
2 10 8 26 11
10 2 8 26 11
2 10 26 8 11
10 2 26 8 11
0 12 14 20 9
12 0 14 20 9
0 12 20 14 9
12 0 20 14 9
5 7 14 20 760
7 5 14 20 760
5 7 20 14 760
7 5 20 14 760
5 7 3 31 0
7 5 3 31 0
5 7 31 3 0
7 5 31 3 0
6 6 10 24 255
6 6 24 10 255
0 12 13 21 6
12 0 13 21 6
0 12 21 13 6
12 0 21 13 6
3 9 13 21 284
9 3 13 21 284
3 9 21 13 284
9 3 21 13 284
6 6 14 20 857
6 6 20 14 857
4 8 16 18 733
8 4 16 18 733
4 8 18 16 733
8 4 18 16 733
5 7 12 22 474
7 5 12 22 474
5 7 22 12 474
7 5 22 12 474
6 6 6 28 17
6 6 28 6 17
2 10 11 23 64
10 2 11 23 64
2 10 23 11 64
10 2 23 11 64
6 6 12 22 539
6 6 22 12 539
0 12 8 26 0
12 0 8 26 0
0 12 26 8 0
12 0 26 8 0
2 10 3 31 0
10 2 3 31 0
2 10 31 3 0
10 2 31 3 0
0 12 6 28 0
12 0 6 28 0
0 12 28 6 0
12 0 28 6 0
1 11 13 21 46
11 1 13 21 46
1 11 21 13 46
11 1 21 13 46
3 9 12 22 213
9 3 12 22 213
3 9 22 12 213
9 3 22 12 213
2 10 7 27 4
10 2 7 27 4
2 10 27 7 4
10 2 27 7 4
3 9 10 24 95
9 3 10 24 95
3 9 24 10 95
9 3 24 10 95
4 8 5 29 2
8 4 5 29 2
4 8 29 5 2
8 4 29 5 2
2 10 16 18 208
10 2 16 18 208
2 10 18 16 208
10 2 18 16 208
5 7 5 29 3
7 5 5 29 3
5 7 29 5 3
7 5 29 5 3
5 7 1 33 0
7 5 1 33 0
5 7 33 1 0
7 5 33 1 0
3 9 16 18 446
9 3 16 18 446
3 9 18 16 446
9 3 18 16 446
6 6 5 29 5
6 6 29 5 5
6 6 16 18 1077
6 6 18 16 1077
3 9 1 33 0
9 3 1 33 0
3 9 33 1 0
9 3 33 1 0
3 9 15 19 408
9 3 15 19 408
3 9 19 15 408
9 3 19 15 408
5 7 16 18 958
7 5 16 18 958
5 7 18 16 958
7 5 18 16 958
6 6 1 33 0
6 6 33 1 0
4 8 9 25 99
8 4 9 25 99
4 8 25 9 99
8 4 25 9 99
2 10 6 28 1
10 2 6 28 1
2 10 28 6 1
10 2 28 6 1
5 7 17 17 988
7 5 17 17 988
5 7 8 26 72
7 5 8 26 72
5 7 26 8 72
7 5 26 8 72
1 11 9 25 7
11 1 9 25 7
1 11 25 9 7
11 1 25 9 7
4 8 11 23 254
8 4 11 23 254
4 8 23 11 254
8 4 23 11 254
2 10 17 17 214
10 2 17 17 214
2 10 13 21 128
10 2 13 21 128
2 10 21 13 128
10 2 21 13 128
0 12 10 24 1
12 0 10 24 1
0 12 24 10 1
12 0 24 10 1
0 12 9 25 0
12 0 9 25 0
0 12 25 9 0
12 0 25 9 0
1 11 7 27 1
11 1 7 27 1
1 11 27 7 1
11 1 27 7 1
4 8 2 32 0
8 4 2 32 0
4 8 32 2 0
8 4 32 2 0
6 6 11 23 384
6 6 23 11 384
4 8 7 27 25
8 4 7 27 25
4 8 27 7 25
8 4 27 7 25
1 11 12 22 33
11 1 12 22 33
1 11 22 12 33
11 1 22 12 33
4 8 17 17 754
8 4 17 17 754
