11 11 3 23 3
11 11 23 3 3
9 13 6 20 23
13 9 6 20 23
9 13 20 6 23
13 9 20 6 23
3 19 11 15 0
19 3 11 15 0
3 19 15 11 0
19 3 15 11 0
6 16 2 24 0
16 6 2 24 0
6 16 24 2 0
16 6 24 2 0
2 20 12 14 0
20 2 12 14 0
2 20 14 12 0
20 2 14 12 0
5 17 3 23 0
17 5 3 23 0
5 17 23 3 0
17 5 23 3 0
10 12 13 13 222
12 10 13 13 222
10 12 8 18 86
12 10 8 18 86
10 12 18 8 86
12 10 18 8 86
1 21 6 20 0
21 1 6 20 0
1 21 20 6 0
21 1 20 6 0
2 20 11 15 0
20 2 11 15 0
2 20 15 11 0
20 2 15 11 0
9 13 11 15 134
13 9 11 15 134
9 13 15 11 134
13 9 15 11 134
6 16 5 21 2
16 6 5 21 2
6 16 21 5 2
16 6 21 5 2
11 11 0 26 0
11 11 26 0 0
11 11 8 18 91
11 11 18 8 91
2 20 6 20 0
20 2 6 20 0
2 20 20 6 0
20 2 20 6 0
4 18 6 20 0
18 4 6 20 0
4 18 20 6 0
18 4 20 6 0
8 14 4 22 4
14 8 4 22 4
8 14 22 4 4
14 8 22 4 4
11 11 11 15 206
11 11 15 11 206
4 18 4 22 0
18 4 4 22 0
4 18 22 4 0
18 4 22 4 0
9 13 9 17 87
13 9 9 17 87
9 13 17 9 87
13 9 17 9 87
7 15 12 14 34
15 7 12 14 34
7 15 14 12 34
15 7 14 12 34
4 18 13 13 0
18 4 13 13 0
10 12 3 23 3
12 10 3 23 3
10 12 23 3 3
12 10 23 3 3
3 19 5 21 0
19 3 5 21 0
3 19 21 5 0
19 3 21 5 0
5 17 9 17 0
17 5 9 17 0
5 17 17 9 0
17 5 17 9 0
11 11 1 25 0
11 11 25 1 0
7 15 2 24 0
15 7 2 24 0
7 15 24 2 0
15 7 24 2 0
5 17 8 18 0
17 5 8 18 0
5 17 18 8 0
17 5 18 8 0
6 16 9 17 8
16 6 9 17 8
6 16 17 9 8
16 6 17 9 8
3 19 9 17 0
19 3 9 17 0
3 19 17 9 0
19 3 17 9 0
4 18 12 14 0
18 4 12 14 0
4 18 14 12 0
18 4 14 12 0
5 17 13 13 0
17 5 13 13 0
11 11 10 16 169
11 11 16 10 169
7 15 5 21 4
15 7 5 21 4
7 15 21 5 4
15 7 21 5 4
3 19 4 22 0
19 3 4 22 0
3 19 22 4 0
19 3 22 4 0
9 13 8 18 61
13 9 8 18 61
9 13 18 8 61
13 9 18 8 61
10 12 4 22 7
12 10 4 22 7
10 12 22 4 7
12 10 22 4 7
6 16 6 20 3
16 6 6 20 3
6 16 20 6 3
16 6 20 6 3
6 16 7 19 5
16 6 7 19 5
6 16 19 7 5
16 6 19 7 5
3 19 3 23 0
19 3 3 23 0
3 19 23 3 0
19 3 23 3 0
5 17 11 15 0
17 5 11 15 0
5 17 15 11 0
17 5 15 11 0
2 20 4 22 0
20 2 4 22 0
2 20 22 4 0
20 2 22 4 0
10 12 6 20 32
12 10 6 20 32
10 12 20 6 32
12 10 20 6 32
8 14 12 14 88
14 8 12 14 88
8 14 14 12 88
14 8 14 12 88
3 19 6 20 0
19 3 6 20 0
3 19 20 6 0
19 3 20 6 0
8 14 3 23 2
14 8 3 23 2
8 14 23 3 2
14 8 23 3 2
8 14 10 16 68
14 8 10 16 68
8 14 16 10 68
14 8 16 10 68
9 13 4 22 5
13 9 4 22 5
9 13 22 4 5
13 9 22 4 5
7 15 4 22 2
15 7 4 22 2
7 15 22 4 2
15 7 22 4 2
9 13 1 25 0
13 9 1 25 0
9 13 25 1 0
13 9 25 1 0
7 15 10 16 27
15 7 10 16 27
7 15 16 10 27
15 7 16 10 27
5 17 6 20 0
17 5 6 20 0
5 17 20 6 0
17 5 20 6 0
8 14 8 18 39
14 8 8 18 39
8 14 18 8 39
14 8 18 8 39
1 21 12 14 0
21 1 12 14 0
1 21 14 12 0
21 1 14 12 0
1 21 13 13 0
21 1 13 13 0
7 15 9 17 22
15 7 9 17 22
7 15 17 9 22
15 7 17 9 22
3 19 8 18 0
19 3 8 18 0
3 19 18 8 0
19 3 18 8 0
7 15 1 25 0
15 7 1 25 0
7 15 25 1 0
15 7 25 1 0
11 11 12 14 227
11 11 14 12 227
1 21 8 18 0
21 1 8 18 0
1 21 18 8 0
21 1 18 8 0
0 22 12 14 0
22 0 12 14 0
0 22 14 12 0
22 0 14 12 0
8 14 9 17 55
14 8 9 17 55
8 14 17 9 55
14 8 17 9 55
7 15 13 13 36
15 7 13 13 36
8 14 2 24 0
14 8 2 24 0
8 14 24 2 0
14 8 24 2 0
9 13 13 13 154
13 9 13 13 154
7 15 11 15 32
15 7 11 15 32
7 15 15 11 32
15 7 15 11 32
5 17 7 19 0
17 5 7 19 0
5 17 19 7 0
17 5 19 7 0
5 17 5 21 0
17 5 5 21 0
5 17 21 5 0
17 5 21 5 0
2 20 8 18 0
20 2 8 18 0
2 20 18 8 0
20 2 18 8 0
10 12 11 15 193
12 10 11 15 193
10 12 15 11 193
12 10 15 11 193
2 20 9 17 0
20 2 9 17 0
2 20 17 9 0
20 2 17 9 0
6 16 4 22 1
16 6 4 22 1
6 16 22 4 1
16 6 22 4 1
7 15 6 20 7
15 7 6 20 7
7 15 20 6 7
15 7 20 6 7
8 14 11 15 82
14 8 11 15 82
8 14 15 11 82
14 8 15 11 82
8 14 7 19 28
14 8 7 19 28
8 14 19 7 28
14 8 19 7 28
4 18 5 21 0
18 4 5 21 0
4 18 21 5 0
18 4 21 5 0
0 22 10 16 0
22 0 10 16 0
0 22 16 10 0
22 0 16 10 0
7 15 7 19 12
15 7 7 19 12
7 15 19 7 12
15 7 19 7 12
1 21 7 19 0
21 1 7 19 0
1 21 19 7 0
21 1 19 7 0
8 14 1 25 0
14 8 1 25 0
8 14 25 1 0
14 8 25 1 0
2 20 10 16 0
20 2 10 16 0
2 20 16 10 0
20 2 16 10 0
11 11 6 20 33
11 11 20 6 33
6 16 8 18 6
16 6 8 18 6
6 16 18 8 6
16 6 18 8 6
10 12 10 16 158
12 10 10 16 158
10 12 16 10 158
12 10 16 10 158
8 14 5 21 9
14 8 5 21 9
8 14 21 5 9
14 8 21 5 9
2 20 13 13 0
20 2 13 13 0
3 19 10 16 0
19 3 10 16 0
3 19 16 10 0
19 3 16 10 0
9 13 12 14 147
13 9 12 14 147
9 13 14 12 147
13 9 14 12 147
11 11 5 21 17
11 11 21 5 17
8 14 13 13 93
14 8 13 13 93
6 16 11 15 11
16 6 11 15 11
6 16 15 11 11
16 6 15 11 11
3 19 12 14 0
19 3 12 14 0
3 19 14 12 0
19 3 14 12 0
10 12 12 14 211
12 10 12 14 211
10 12 14 12 211
12 10 14 12 211
9 13 5 21 12
13 9 5 21 12
9 13 21 5 12
13 9 21 5 12
10 12 9 17 124
12 10 9 17 124
10 12 17 9 124
12 10 17 9 124
2 20 5 21 0
20 2 5 21 0
2 20 21 5 0
20 2 21 5 0
4 18 2 24 0
18 4 2 24 0
4 18 24 2 0
18 4 24 2 0
7 15 8 18 16
15 7 8 18 16
7 15 18 8 16
15 7 18 8 16
11 11 7 19 60
11 11 19 7 60
4 18 3 23 0
18 4 3 23 0
4 18 23 3 0
18 4 23 3 0
3 19 13 13 0
19 3 13 13 0
9 13 2 24 0
13 9 2 24 0
9 13 24 2 0
13 9 24 2 0
3 19 7 19 0
19 3 7 19 0
3 19 19 7 0
19 3 19 7 0
11 11 2 24 0
11 11 24 2 0
10 12 2 24 0
12 10 2 24 0
10 12 24 2 0
12 10 24 2 0
4 18 11 15 0
18 4 11 15 0
4 18 15 11 0
18 4 15 11 0
0 22 11 15 0
22 0 11 15 0
0 22 15 11 0
22 0 15 11 0
11 11 9 17 131
11 11 17 9 131
9 13 7 19 41
13 9 7 19 41
9 13 19 7 41
13 9 19 7 41
6 16 13 13 12
16 6 13 13 12
9 13 3 23 2
13 9 3 23 2
9 13 23 3 2
13 9 23 3 2
8 14 6 20 16
14 8 6 20 16
8 14 20 6 16
14 8 20 6 16
7 15 3 23 1
15 7 3 23 1
7 15 23 3 1
15 7 23 3 1
10 12 7 19 58
12 10 7 19 58
10 12 19 7 58
12 10 19 7 58
4 18 10 16 0
18 4 10 16 0
4 18 16 10 0
18 4 16 10 0
6 16 12 14 11
16 6 12 14 11
6 16 14 12 11
16 6 14 12 11
10 12 1 25 0
12 10 1 25 0
10 12 25 1 0
12 10 25 1 0
1 21 9 17 0
21 1 9 17 0
1 21 17 9 0
21 1 17 9 0
6 16 10 16 9
16 6 10 16 9
6 16 16 10 9
16 6 16 10 9
5 17 4 22 0
17 5 4 22 0
5 17 22 4 0
17 5 22 4 0
1 21 11 15 0
21 1 11 15 0
1 21 15 11 0
21 1 15 11 0
10 12 5 21 17
12 10 5 21 17
10 12 21 5 17
12 10 21 5 17
11 11 4 22 7
11 11 22 4 7
5 17 12 14 0
17 5 12 14 0
5 17 14 12 0
17 5 14 12 0
6 16 3 23 1
16 6 3 23 1
6 16 23 3 1
16 6 23 3 1
4 18 8 18 0
18 4 8 18 0
4 18 18 8 0
18 4 18 8 0
1 21 10 16 0
21 1 10 16 0
1 21 16 10 0
21 1 16 10 0
5 17 2 24 0
17 5 2 24 0
5 17 24 2 0
17 5 24 2 0
4 18 9 17 0
18 4 9 17 0
4 18 17 9 0
18 4 17 9 0
6 16 1 25 0
16 6 1 25 0
6 16 25 1 0
16 6 25 1 0
9 13 10 16 111
13 9 10 16 111
9 13 16 10 111
13 9 16 10 111
10 12 0 26 0
12 10 0 26 0
10 12 26 0 0
12 10 26 0 0
5 17 10 16 0
17 5 10 16 0
5 17 16 10 0
17 5 16 10 0
2 20 7 19 0
20 2 7 19 0
2 20 19 7 0
20 2 19 7 0
4 18 7 19 0
18 4 7 19 0
4 18 19 7 0
18 4 19 7 0
0 22 13 13 0
22 0 13 13 0
11 11 13 13 238
