1 13 8 8 0
13 1 8 8 0
1 13 1 15 0
13 1 1 15 0
1 13 15 1 0
13 1 15 1 0
7 7 2 14 20
7 7 14 2 20
0 14 4 12 0
14 0 4 12 0
0 14 12 4 0
14 0 12 4 0
6 8 0 16 0
8 6 0 16 0
6 8 16 0 0
8 6 16 0 0
0 14 5 11 0
14 0 5 11 0
0 14 11 5 0
14 0 11 5 0
5 9 8 8 118
9 5 8 8 118
6 8 5 11 93
8 6 5 11 93
6 8 11 5 93
8 6 11 5 93
7 7 8 8 166
4 10 6 10 58
10 4 6 10 58
4 10 10 6 58
10 4 10 6 58
3 11 7 9 33
11 3 7 9 33
3 11 9 7 33
11 3 9 7 33
4 10 3 13 16
10 4 3 13 16
4 10 13 3 16
10 4 13 3 16
5 9 5 11 72
9 5 5 11 72
5 9 11 5 72
9 5 11 5 72
4 10 1 15 2
10 4 1 15 2
4 10 15 1 2
10 4 15 1 2
7 7 1 15 6
7 7 15 1 6
3 11 6 10 29
11 3 6 10 29
3 11 10 6 29
11 3 10 6 29
7 7 5 11 102
7 7 11 5 102
2 12 4 12 4
12 2 4 12 4
2 12 12 4 4
12 2 12 4 4
3 11 5 11 21
11 3 5 11 21
3 11 11 5 21
11 3 11 5 21
7 7 3 13 40
7 7 13 3 40
7 7 7 9 158
7 7 9 7 158
4 10 8 8 70
10 4 8 8 70
2 12 3 13 2
12 2 3 13 2
2 12 13 3 2
12 2 13 3 2
4 10 4 12 28
10 4 4 12 28
4 10 12 4 28
10 4 12 4 28
3 11 3 13 8
11 3 3 13 8
3 11 13 3 8
11 3 13 3 8
7 7 4 12 68
7 7 12 4 68
1 13 6 10 0
13 1 6 10 0
1 13 10 6 0
13 1 10 6 0
3 11 0 16 0
11 3 0 16 0
3 11 16 0 0
11 3 16 0 0
2 12 5 11 6
12 2 5 11 6
2 12 11 5 6
12 2 11 5 6
0 14 8 8 0
14 0 8 8 0
1 13 5 11 0
13 1 5 11 0
1 13 11 5 0
13 1 11 5 0
0 14 6 10 0
14 0 6 10 0
0 14 10 6 0
14 0 10 6 0
2 12 7 9 10
12 2 7 9 10
2 12 9 7 10
12 2 9 7 10
2 12 6 10 9
12 2 6 10 9
2 12 10 6 9
12 2 10 6 9
5 9 6 10 98
9 5 6 10 98
5 9 10 6 98
9 5 10 6 98
5 9 0 16 0
9 5 0 16 0
5 9 16 0 0
9 5 16 0 0
5 9 3 13 28
9 5 3 13 28
5 9 13 3 28
9 5 13 3 28
3 11 1 15 1
11 3 1 15 1
3 11 15 1 1
11 3 15 1 1
6 8 2 14 18
8 6 2 14 18
6 8 14 2 18
8 6 14 2 18
1 13 2 14 0
13 1 2 14 0
1 13 14 2 0
13 1 14 2 0
7 7 0 16 0
7 7 16 0 0
5 9 7 9 112
9 5 7 9 112
5 9 9 7 112
9 5 9 7 112
2 12 2 14 1
12 2 2 14 1
2 12 14 2 1
12 2 14 2 1
3 11 2 14 4
11 3 2 14 4
3 11 14 2 4
11 3 14 2 4
4 10 5 11 42
10 4 5 11 42
4 10 11 5 42
10 4 11 5 42
5 9 2 14 14
9 5 2 14 14
5 9 14 2 14
9 5 14 2 14
0 14 7 9 0
14 0 7 9 0
0 14 9 7 0
14 0 9 7 0
6 8 3 13 36
8 6 3 13 36
6 8 13 3 36
8 6 13 3 36
6 8 8 8 153
8 6 8 8 153
3 11 4 12 14
11 3 4 12 14
3 11 12 4 14
11 3 12 4 14
5 9 1 15 4
9 5 1 15 4
5 9 15 1 4
9 5 15 1 4
6 8 7 9 145
8 6 7 9 145
6 8 9 7 145
8 6 9 7 145
4 10 7 9 66
10 4 7 9 66
4 10 9 7 66
10 4 9 7 66
2 12 8 8 11
12 2 8 8 11
4 10 2 14 8
10 4 2 14 8
4 10 14 2 8
10 4 14 2 8
7 7 6 10 138
7 7 10 6 138
6 8 4 12 62
8 6 4 12 62
6 8 12 4 62
8 6 12 4 62
1 13 7 9 0
13 1 7 9 0
1 13 9 7 0
13 1 9 7 0
6 8 1 15 5
8 6 1 15 5
6 8 15 1 5
8 6 15 1 5
6 8 6 10 127
8 6 6 10 127
6 8 10 6 127
8 6 10 6 127
0 14 3 13 0
14 0 3 13 0
0 14 13 3 0
14 0 13 3 0
4 10 0 16 0
10 4 0 16 0
4 10 16 0 0
10 4 16 0 0
2 12 1 15 0
12 2 1 15 0
2 12 15 1 0
12 2 15 1 0
1 13 4 12 0
13 1 4 12 0
1 13 12 4 0
13 1 12 4 0
3 11 8 8 35
11 3 8 8 35
5 9 4 12 48
9 5 4 12 48
5 9 12 4 48
9 5 12 4 48
1 13 3 13 0
13 1 3 13 0
1 13 13 3 0
13 1 13 3 0
