5 13 9 12 84
13 5 9 12 84
5 13 12 9 84
13 5 12 9 84
9 9 10 11 401
9 9 11 10 401
3 15 7 14 5
15 3 7 14 5
3 15 14 7 5
15 3 14 7 5
7 11 5 16 67
11 7 5 16 67
7 11 16 5 67
11 7 16 5 67
4 14 9 12 34
14 4 9 12 34
4 14 12 9 34
14 4 12 9 34
6 12 0 21 0
12 6 0 21 0
6 12 21 0 0
12 6 21 0 0
8 10 10 11 368
10 8 10 11 368
8 10 11 10 368
10 8 11 10 368
5 13 7 14 54
13 5 7 14 54
5 13 14 7 54
13 5 14 7 54
4 14 6 15 15
14 4 6 15 15
4 14 15 6 15
14 4 15 6 15
6 12 8 13 142
12 6 8 13 142
6 12 13 8 142
12 6 13 8 142
7 11 6 15 113
11 7 6 15 113
7 11 15 6 113
11 7 15 6 113
5 13 4 17 12
13 5 4 17 12
5 13 17 4 12
13 5 17 4 12
7 11 10 11 284
11 7 10 11 284
7 11 11 10 284
11 7 11 10 284
1 17 4 17 0
17 1 4 17 0
1 17 17 4 0
17 1 17 4 0
9 9 2 19 7
9 9 19 2 7
6 12 2 19 4
12 6 2 19 4
6 12 19 2 4
12 6 19 2 4
3 15 3 18 0
15 3 3 18 0
3 15 18 3 0
15 3 18 3 0
3 15 9 12 8
15 3 9 12 8
3 15 12 9 8
15 3 12 9 8
9 9 0 21 0
9 9 21 0 0
8 10 5 16 87
10 8 5 16 87
8 10 16 5 87
10 8 16 5 87
3 15 10 11 9
15 3 10 11 9
3 15 11 10 9
15 3 11 10 9
8 10 7 14 214
10 8 7 14 214
8 10 14 7 214
10 8 14 7 214
9 9 4 17 50
9 9 17 4 50
9 9 7 14 233
9 9 14 7 233
4 14 10 11 38
14 4 10 11 38
4 14 11 10 38
14 4 11 10 38
2 16 9 12 0
16 2 9 12 0
2 16 12 9 0
16 2 12 9 0
0 18 6 15 0
18 0 6 15 0
0 18 15 6 0
18 0 15 6 0
5 13 2 19 2
13 5 2 19 2
5 13 19 2 2
13 5 19 2 2
8 10 3 18 20
10 8 3 18 20
8 10 18 3 20
10 8 18 3 20
5 13 8 13 71
13 5 8 13 71
5 13 13 8 71
13 5 13 8 71
6 12 1 20 0
12 6 1 20 0
6 12 20 1 0
12 6 20 1 0
4 14 3 18 2
14 4 3 18 2
4 14 18 3 2
14 4 18 3 2
0 18 9 12 0
18 0 9 12 0
0 18 12 9 0
18 0 12 9 0
7 11 0 21 0
11 7 0 21 0
7 11 21 0 0
11 7 21 0 0
4 14 1 20 0
14 4 1 20 0
4 14 20 1 0
14 4 20 1 0
6 12 4 17 24
12 6 4 17 24
6 12 17 4 24
12 6 17 4 24
4 14 7 14 22
14 4 7 14 22
4 14 14 7 22
14 4 14 7 22
2 16 10 11 0
16 2 10 11 0
2 16 11 10 0
16 2 11 10 0
8 10 6 15 147
10 8 6 15 147
8 10 15 6 147
10 8 15 6 147
9 9 6 15 159
9 9 15 6 159
7 11 1 20 0
11 7 1 20 0
7 11 20 1 0
11 7 20 1 0
3 15 6 15 3
15 3 6 15 3
3 15 15 6 3
15 3 15 6 3
5 13 6 15 37
13 5 6 15 37
5 13 15 6 37
13 5 15 6 37
0 18 8 13 0
18 0 8 13 0
0 18 13 8 0
18 0 13 8 0
5 13 3 18 5
13 5 3 18 5
5 13 18 3 5
13 5 18 3 5
0 18 7 14 0
18 0 7 14 0
0 18 14 7 0
18 0 14 7 0
0 18 10 11 0
18 0 10 11 0
0 18 11 10 0
18 0 11 10 0
7 11 8 13 217
11 7 8 13 217
7 11 13 8 217
11 7 13 8 217
8 10 8 13 281
10 8 8 13 281
8 10 13 8 281
10 8 13 8 281
1 17 3 18 0
17 1 3 18 0
1 17 18 3 0
17 1 18 3 0
6 12 10 11 186
12 6 10 11 186
6 12 11 10 186
12 6 11 10 186
7 11 9 12 258
11 7 9 12 258
7 11 12 9 258
11 7 12 9 258
6 12 7 14 108
12 6 7 14 108
6 12 14 7 108
12 6 14 7 108
9 9 3 18 21
9 9 18 3 21
6 12 6 15 74
12 6 6 15 74
6 12 15 6 74
12 6 15 6 74
1 17 9 12 0
17 1 9 12 0
1 17 12 9 0
17 1 12 9 0
1 17 8 13 0
17 1 8 13 0
1 17 13 8 0
17 1 13 8 0
3 15 8 13 7
15 3 8 13 7
3 15 13 8 7
15 3 13 8 7
4 14 2 19 1
14 4 2 19 1
4 14 19 2 1
14 4 19 2 1
9 9 9 12 364
9 9 12 9 364
8 10 1 20 0
10 8 1 20 0
8 10 20 1 0
10 8 20 1 0
5 13 5 16 22
13 5 5 16 22
5 13 16 5 22
13 5 16 5 22
7 11 7 14 165
11 7 7 14 165
7 11 14 7 165
11 7 14 7 165
1 17 7 14 0
17 1 7 14 0
1 17 14 7 0
17 1 14 7 0
7 11 2 19 5
11 7 2 19 5
7 11 19 2 5
11 7 19 2 5
1 17 6 15 0
17 1 6 15 0
1 17 15 6 0
17 1 15 6 0
5 13 10 11 93
13 5 10 11 93
5 13 11 10 93
13 5 11 10 93
7 11 4 17 36
11 7 4 17 36
7 11 17 4 36
11 7 17 4 36
1 17 10 11 0
17 1 10 11 0
1 17 11 10 0
17 1 11 10 0
4 14 4 17 5
14 4 4 17 5
4 14 17 4 5
14 4 17 4 5
2 16 5 16 0
16 2 5 16 0
2 16 16 5 0
16 2 16 5 0
6 12 5 16 44
12 6 5 16 44
6 12 16 5 44
12 6 16 5 44
1 17 5 16 0
17 1 5 16 0
1 17 16 5 0
17 1 16 5 0
9 9 8 13 306
9 9 13 8 306
8 10 4 17 47
10 8 4 17 47
8 10 17 4 47
10 8 17 4 47
9 9 1 20 0
9 9 20 1 0
3 15 4 17 1
15 3 4 17 1
3 15 17 4 1
15 3 17 4 1
8 10 9 12 334
10 8 9 12 334
8 10 12 9 334
10 8 12 9 334
6 12 3 18 10
12 6 3 18 10
6 12 18 3 10
12 6 18 3 10
3 15 5 16 2
15 3 5 16 2
3 15 16 5 2
15 3 16 5 2
6 12 9 12 168
12 6 9 12 168
6 12 12 9 168
12 6 12 9 168
4 14 5 16 9
14 4 5 16 9
4 14 16 5 9
14 4 16 5 9
2 16 8 13 0
16 2 8 13 0
2 16 13 8 0
16 2 13 8 0
7 11 3 18 15
11 7 3 18 15
7 11 18 3 15
11 7 18 3 15
2 16 3 18 0
16 2 3 18 0
2 16 18 3 0
16 2 18 3 0
9 9 5 16 94
9 9 16 5 94
3 15 1 20 0
15 3 1 20 0
3 15 20 1 0
15 3 20 1 0
8 10 2 19 7
10 8 2 19 7
8 10 19 2 7
10 8 19 2 7
2 16 4 17 0
16 2 4 17 0
2 16 17 4 0
16 2 17 4 0
8 10 0 21 0
10 8 0 21 0
8 10 21 0 0
10 8 21 0 0
4 14 8 13 29
14 4 8 13 29
4 14 13 8 29
14 4 13 8 29
2 16 6 15 0
16 2 6 15 0
2 16 15 6 0
16 2 15 6 0
2 16 7 14 0
16 2 7 14 0
2 16 14 7 0
16 2 14 7 0
5 13 1 20 0
13 5 1 20 0
5 13 20 1 0
13 5 20 1 0
2 16 2 19 0
16 2 2 19 0
2 16 19 2 0
16 2 19 2 0
3 15 2 19 0
15 3 2 19 0
3 15 19 2 0
15 3 19 2 0
