51 59 58 78 0
59 51 58 78 0
51 59 78 58 0
59 51 78 58 0
46 64 67 69 0
64 46 67 69 0
46 64 69 67 0
64 46 69 67 0
55 55 63 73 2
55 55 73 63 2
53 57 66 70 1
57 53 66 70 1
53 57 70 66 1
57 53 70 66 1
54 56 66 70 1
56 54 66 70 1
54 56 70 66 1
56 54 70 66 1
49 61 57 79 0
61 49 57 79 0
49 61 79 57 0
61 49 79 57 0
44 66 63 73 0
66 44 63 73 0
44 66 73 63 0
66 44 73 63 0
44 66 68 68 0
66 44 68 68 0
48 62 64 72 0
62 48 64 72 0
48 62 72 64 0
62 48 72 64 0
49 61 61 75 0
61 49 61 75 0
49 61 75 61 0
61 49 75 61 0
50 60 62 74 0
60 50 62 74 0
50 60 74 62 0
60 50 74 62 0
47 63 64 72 0
63 47 64 72 0
47 63 72 64 0
63 47 72 64 0
46 64 65 71 0
64 46 65 71 0
46 64 71 65 0
64 46 71 65 0
54 56 67 69 1
56 54 67 69 1
54 56 69 67 1
56 54 69 67 1
55 55 61 75 0
55 55 75 61 0
51 59 62 74 0
59 51 62 74 0
51 59 74 62 0
59 51 74 62 0
49 61 56 80 0
61 49 56 80 0
49 61 80 56 0
61 49 80 56 0
48 62 68 68 0
62 48 68 68 0
50 60 68 68 0
60 50 68 68 0
54 56 59 77 0
56 54 59 77 0
54 56 77 59 0
56 54 77 59 0
55 55 56 80 0
55 55 80 56 0
54 56 68 68 1
56 54 68 68 1
54 56 65 71 1
56 54 65 71 1
54 56 71 65 1
56 54 71 65 1
55 55 65 71 2
55 55 71 65 2
53 57 64 72 1
57 53 64 72 1
53 57 72 64 1
57 53 72 64 1
49 61 64 72 0
61 49 64 72 0
49 61 72 64 0
61 49 72 64 0
46 64 63 73 0
64 46 63 73 0
46 64 73 63 0
64 46 73 63 0
47 63 57 79 0
63 47 57 79 0
47 63 79 57 0
63 47 79 57 0
49 61 62 74 0
61 49 62 74 0
49 61 74 62 0
61 49 74 62 0
48 62 65 71 0
62 48 65 71 0
48 62 71 65 0
62 48 71 65 0
51 59 56 80 0
59 51 56 80 0
51 59 80 56 0
59 51 80 56 0
47 63 66 70 0
63 47 66 70 0
47 63 70 66 0
63 47 70 66 0
45 65 64 72 0
65 45 64 72 0
45 65 72 64 0
65 45 72 64 0
48 62 66 70 0
62 48 66 70 0
48 62 70 66 0
62 48 70 66 0
51 59 64 72 0
59 51 64 72 0
51 59 72 64 0
59 51 72 64 0
44 66 67 69 0
66 44 67 69 0
44 66 69 67 0
66 44 69 67 0
55 55 64 72 2
55 55 72 64 2
48 62 63 73 0
62 48 63 73 0
48 62 73 63 0
62 48 73 63 0
50 60 55 81 0
60 50 55 81 0
50 60 81 55 0
60 50 81 55 0
49 61 59 77 0
61 49 59 77 0
49 61 77 59 0
61 49 77 59 0
52 58 58 78 0
58 52 58 78 0
52 58 78 58 0
58 52 78 58 0
45 65 68 68 0
65 45 68 68 0
50 60 56 80 0
60 50 56 80 0
50 60 80 56 0
60 50 80 56 0
48 62 58 78 0
62 48 58 78 0
48 62 78 58 0
62 48 78 58 0
50 60 57 79 0
60 50 57 79 0
50 60 79 57 0
60 50 79 57 0
44 66 66 70 0
66 44 66 70 0
44 66 70 66 0
66 44 70 66 0
45 65 63 73 0
65 45 63 73 0
45 65 73 63 0
65 45 73 63 0
46 64 64 72 0
64 46 64 72 0
46 64 72 64 0
64 46 72 64 0
46 64 60 76 0
64 46 60 76 0
46 64 76 60 0
64 46 76 60 0
47 63 67 69 0
63 47 67 69 0
47 63 69 67 0
63 47 69 67 0
52 58 67 69 0
58 52 67 69 0
52 58 69 67 0
58 52 69 67 0
50 60 63 73 0
60 50 63 73 0
50 60 73 63 0
60 50 73 63 0
49 61 60 76 0
61 49 60 76 0
49 61 76 60 0
61 49 76 60 0
53 57 61 75 0
57 53 61 75 0
53 57 75 61 0
57 53 75 61 0
48 62 57 79 0
62 48 57 79 0
48 62 79 57 0
62 48 79 57 0
54 56 64 72 1
56 54 64 72 1
54 56 72 64 1
56 54 72 64 1
49 61 58 78 0
61 49 58 78 0
49 61 78 58 0
61 49 78 58 0
53 57 59 77 0
57 53 59 77 0
53 57 77 59 0
57 53 77 59 0
52 58 64 72 0
58 52 64 72 0
52 58 72 64 0
58 52 72 64 0
50 60 60 76 0
60 50 60 76 0
50 60 76 60 0
60 50 76 60 0
47 63 60 76 0
63 47 60 76 0
47 63 76 60 0
63 47 76 60 0
51 59 68 68 0
59 51 68 68 0
46 64 68 68 0
64 46 68 68 0
47 63 62 74 0
63 47 62 74 0
47 63 74 62 0
63 47 74 62 0
47 63 56 80 0
63 47 56 80 0
47 63 80 56 0
63 47 80 56 0
46 64 59 77 0
64 46 59 77 0
46 64 77 59 0
64 46 77 59 0
45 65 66 70 0
65 45 66 70 0
45 65 70 66 0
65 45 70 66 0
53 57 58 78 0
57 53 58 78 0
53 57 78 58 0
57 53 78 58 0
52 58 65 71 0
58 52 65 71 0
52 58 71 65 0
58 52 71 65 0
47 63 68 68 0
63 47 68 68 0
54 56 61 75 0
56 54 61 75 0
54 56 75 61 0
56 54 75 61 0
50 60 66 70 0
60 50 66 70 0
50 60 70 66 0
60 50 70 66 0
45 65 62 74 0
65 45 62 74 0
45 65 74 62 0
65 45 74 62 0
46 64 62 74 0
64 46 62 74 0
46 64 74 62 0
64 46 74 62 0
54 56 58 78 0
56 54 58 78 0
54 56 78 58 0
56 54 78 58 0
48 62 56 80 0
62 48 56 80 0
48 62 80 56 0
62 48 80 56 0
53 57 57 79 0
57 53 57 79 0
53 57 79 57 0
57 53 79 57 0
47 63 61 75 0
63 47 61 75 0
47 63 75 61 0
63 47 75 61 0
45 65 67 69 0
65 45 67 69 0
45 65 69 67 0
65 45 69 67 0
52 58 62 74 0
58 52 62 74 0
52 58 74 62 0
58 52 74 62 0
45 65 58 78 0
65 45 58 78 0
45 65 78 58 0
65 45 78 58 0
45 65 60 76 0
65 45 60 76 0
45 65 76 60 0
65 45 76 60 0
55 55 55 81 0
55 55 81 55 0
52 58 61 75 0
58 52 61 75 0
52 58 75 61 0
58 52 75 61 0
50 60 67 69 0
60 50 67 69 0
50 60 69 67 0
60 50 69 67 0
47 63 58 78 0
63 47 58 78 0
47 63 78 58 0
63 47 78 58 0
48 62 62 74 0
62 48 62 74 0
48 62 74 62 0
62 48 74 62 0
51 59 61 75 0
59 51 61 75 0
51 59 75 61 0
59 51 75 61 0
55 55 60 76 0
55 55 76 60 0
46 64 61 75 0
64 46 61 75 0
46 64 75 61 0
64 46 75 61 0
51 59 66 70 0
59 51 66 70 0
51 59 70 66 0
59 51 70 66 0
54 56 56 80 0
56 54 56 80 0
54 56 80 56 0
56 54 80 56 0
51 59 59 77 0
59 51 59 77 0
51 59 77 59 0
59 51 77 59 0
46 64 57 79 0
64 46 57 79 0
46 64 79 57 0
64 46 79 57 0
53 57 63 73 1
57 53 63 73 1
53 57 73 63 1
57 53 73 63 1
54 56 57 79 0
56 54 57 79 0
54 56 79 57 0
56 54 79 57 0
49 61 63 73 0
61 49 63 73 0
49 61 73 63 0
61 49 73 63 0
51 59 55 81 0
59 51 55 81 0
51 59 81 55 0
59 51 81 55 0
52 58 60 76 0
58 52 60 76 0
52 58 76 60 0
58 52 76 60 0
50 60 65 71 0
60 50 65 71 0
50 60 71 65 0
60 50 71 65 0
52 58 57 79 0
58 52 57 79 0
52 58 79 57 0
58 52 79 57 0
53 57 56 80 0
57 53 56 80 0
53 57 80 56 0
57 53 80 56 0
45 65 65 71 0
65 45 65 71 0
45 65 71 65 0
65 45 71 65 0
50 60 64 72 0
60 50 64 72 0
50 60 72 64 0
60 50 72 64 0
53 57 55 81 0
57 53 55 81 0
53 57 81 55 0
57 53 81 55 0
48 62 60 76 0
62 48 60 76 0
48 62 76 60 0
62 48 76 60 0
55 55 57 79 0
55 55 79 57 0
45 65 59 77 0
65 45 59 77 0
45 65 77 59 0
65 45 77 59 0
55 55 67 69 2
55 55 69 67 2
51 59 65 71 0
59 51 65 71 0
51 59 71 65 0
59 51 71 65 0
54 56 63 73 1
56 54 63 73 1
54 56 73 63 1
56 54 73 63 1
54 56 62 74 1
56 54 62 74 1
54 56 74 62 1
56 54 74 62 1
48 62 67 69 0
62 48 67 69 0
48 62 69 67 0
62 48 69 67 0
51 59 67 69 0
59 51 67 69 0
51 59 69 67 0
59 51 69 67 0
54 56 55 81 0
56 54 55 81 0
54 56 81 55 0
56 54 81 55 0
50 60 58 78 0
60 50 58 78 0
50 60 78 58 0
60 50 78 58 0
46 64 58 78 0
64 46 58 78 0
46 64 78 58 0
64 46 78 58 0
53 57 60 76 0
57 53 60 76 0
53 57 76 60 0
57 53 76 60 0
53 57 65 71 1
57 53 65 71 1
53 57 71 65 1
57 53 71 65 1
48 62 61 75 0
62 48 61 75 0
48 62 75 61 0
62 48 75 61 0
55 55 62 74 2
55 55 74 62 2
48 62 59 77 0
62 48 59 77 0
48 62 77 59 0
62 48 77 59 0
49 61 68 68 0
61 49 68 68 0
52 58 56 80 0
58 52 56 80 0
52 58 80 56 0
58 52 80 56 0
55 55 66 70 2
55 55 70 66 2
50 60 61 75 0
60 50 61 75 0
50 60 75 61 0
60 50 75 61 0
44 66 64 72 0
66 44 64 72 0
44 66 72 64 0
66 44 72 64 0
50 60 59 77 0
60 50 59 77 0
50 60 77 59 0
60 50 77 59 0
54 56 60 76 0
56 54 60 76 0
54 56 76 60 0
56 54 76 60 0
52 58 59 77 0
58 52 59 77 0
52 58 77 59 0
58 52 77 59 0
44 66 65 71 0
66 44 65 71 0
44 66 71 65 0
66 44 71 65 0
52 58 63 73 0
58 52 63 73 0
52 58 73 63 0
58 52 73 63 0
52 58 55 81 0
58 52 55 81 0
52 58 81 55 0
58 52 81 55 0
51 59 60 76 0
59 51 60 76 0
51 59 76 60 0
59 51 76 60 0
47 63 59 77 0
63 47 59 77 0
47 63 77 59 0
63 47 77 59 0
44 66 62 74 0
66 44 62 74 0
44 66 74 62 0
66 44 74 62 0
55 55 58 78 0
55 55 78 58 0
44 66 61 75 0
66 44 61 75 0
44 66 75 61 0
66 44 75 61 0
46 64 66 70 0
64 46 66 70 0
46 64 70 66 0
64 46 70 66 0
47 63 63 73 0
63 47 63 73 0
47 63 73 63 0
63 47 73 63 0
55 55 59 77 0
55 55 77 59 0
52 58 68 68 0
58 52 68 68 0
49 61 66 70 0
61 49 66 70 0
49 61 70 66 0
61 49 70 66 0
49 61 65 71 0
61 49 65 71 0
49 61 71 65 0
61 49 71 65 0
45 65 61 75 0
65 45 61 75 0
45 65 75 61 0
65 45 75 61 0
53 57 67 69 1
57 53 67 69 1
53 57 69 67 1
57 53 69 67 1
52 58 66 70 0
58 52 66 70 0
52 58 70 66 0
58 52 70 66 0
53 57 62 74 1
57 53 62 74 1
53 57 74 62 1
57 53 74 62 1
49 61 67 69 0
61 49 67 69 0
49 61 69 67 0
61 49 69 67 0
55 55 68 68 2
53 57 68 68 1
57 53 68 68 1
51 59 57 79 0
59 51 57 79 0
51 59 79 57 0
59 51 79 57 0
47 63 65 71 0
63 47 65 71 0
47 63 71 65 0
63 47 71 65 0
51 59 63 73 0
59 51 63 73 0
51 59 73 63 0
59 51 73 63 0
