3 25 13 23 0
25 3 13 23 0
3 25 23 13 0
25 3 23 13 0
3 25 14 22 0
25 3 14 22 0
3 25 22 14 0
25 3 22 14 0
3 25 15 21 0
25 3 15 21 0
3 25 21 15 0
25 3 21 15 0
3 25 16 20 0
25 3 16 20 0
3 25 20 16 0
25 3 20 16 0
3 25 17 19 0
25 3 17 19 0
3 25 19 17 0
25 3 19 17 0
4 24 13 23 0
24 4 13 23 0
4 24 23 13 0
24 4 23 13 0
4 24 14 22 0
24 4 14 22 0
4 24 22 14 0
24 4 22 14 0
4 24 15 21 0
24 4 15 21 0
4 24 21 15 0
24 4 21 15 0
4 24 16 20 0
24 4 16 20 0
4 24 20 16 0
24 4 20 16 0
4 24 17 19 0
24 4 17 19 0
4 24 19 17 0
24 4 19 17 0
5 23 13 23 0
23 5 13 23 0
5 23 23 13 0
23 5 23 13 0
5 23 14 22 0
23 5 14 22 0
5 23 22 14 0
23 5 22 14 0
5 23 15 21 0
23 5 15 21 0
5 23 21 15 0
23 5 21 15 0
5 23 16 20 0
23 5 16 20 0
5 23 20 16 0
23 5 20 16 0
5 23 17 19 1
23 5 17 19 1
5 23 19 17 1
23 5 19 17 1
6 22 13 23 1
22 6 13 23 1
6 22 23 13 1
22 6 23 13 1
6 22 14 22 3
22 6 14 22 3
6 22 22 14 3
22 6 22 14 3
6 22 15 21 6
22 6 15 21 6
6 22 21 15 6
22 6 21 15 6
6 22 16 20 10
22 6 16 20 10
6 22 20 16 10
22 6 20 16 10
6 22 17 19 14
22 6 17 19 14
6 22 19 17 14
22 6 19 17 14
7 21 13 23 11
21 7 13 23 11
7 21 23 13 11
21 7 23 13 11
7 21 14 22 24
21 7 14 22 24
7 21 22 14 24
21 7 22 14 24
7 21 15 21 44
21 7 15 21 44
7 21 21 15 44
21 7 21 15 44
7 21 16 20 65
21 7 16 20 65
7 21 20 16 65
21 7 20 16 65
7 21 17 19 84
21 7 17 19 84
7 21 19 17 84
21 7 19 17 84
3 25 18 18 0
25 3 18 18 0
4 24 18 18 0
24 4 18 18 0
5 23 18 18 1
23 5 18 18 1
6 22 18 18 15
22 6 18 18 15
7 21 18 18 89
21 7 18 18 89
4 24 11 25 0
24 4 11 25 0
4 24 25 11 0
24 4 25 11 0
4 24 12 24 0
24 4 12 24 0
4 24 24 12 0
24 4 24 12 0
5 23 11 25 0
23 5 11 25 0
5 23 25 11 0
23 5 25 11 0
5 23 12 24 0
23 5 12 24 0
5 23 24 12 0
23 5 24 12 0
6 22 11 25 0
22 6 11 25 0
6 22 25 11 0
22 6 25 11 0
6 22 12 24 0
22 6 12 24 0
6 22 24 12 0
22 6 24 12 0
7 21 11 25 1
21 7 11 25 1
7 21 25 11 1
21 7 25 11 1
7 21 12 24 3
21 7 12 24 3
7 21 24 12 3
21 7 24 12 3
8 20 11 25 7
20 8 11 25 7
8 20 25 11 7
20 8 25 11 7
8 20 12 24 23
20 8 12 24 23
8 20 24 12 23
20 8 24 12 23
8 20 13 23 57
20 8 13 23 57
8 20 23 13 57
20 8 23 13 57
8 20 14 22 112
20 8 14 22 112
8 20 22 14 112
20 8 22 14 112
8 20 15 21 185
20 8 15 21 185
8 20 21 15 185
20 8 21 15 185
8 20 16 20 260
20 8 16 20 260
8 20 20 16 260
20 8 20 16 260
8 20 17 19 319
20 8 17 19 319
8 20 19 17 319
20 8 19 17 319
8 20 18 18 340
20 8 18 18 340
9 19 11 25 32
19 9 11 25 32
9 19 25 11 32
19 9 25 11 32
9 19 12 24 86
19 9 12 24 86
9 19 24 12 86
19 9 24 12 86
9 19 13 23 191
19 9 13 23 191
9 19 23 13 191
19 9 23 13 191
9 19 14 22 346
19 9 14 22 346
9 19 22 14 346
19 9 22 14 346
9 19 15 21 543
19 9 15 21 543
9 19 21 15 543
19 9 21 15 543
9 19 16 20 737
19 9 16 20 737
9 19 20 16 737
19 9 20 16 737
9 19 17 19 888
19 9 17 19 888
9 19 19 17 888
19 9 19 17 888
9 19 18 18 939
19 9 18 18 939
6 22 10 26 0
22 6 10 26 0
6 22 26 10 0
22 6 26 10 0
7 21 10 26 0
21 7 10 26 0
7 21 26 10 0
21 7 26 10 0
8 20 10 26 1
20 8 10 26 1
8 20 26 10 1
20 8 26 10 1
9 19 10 26 8
19 9 10 26 8
9 19 26 10 8
19 9 26 10 8
10 18 10 26 31
18 10 10 26 31
10 18 26 10 31
18 10 26 10 31
10 18 11 25 97
18 10 11 25 97
10 18 25 11 97
18 10 25 11 97
10 18 12 24 235
18 10 12 24 235
10 18 24 12 235
18 10 24 12 235
10 18 13 23 476
18 10 13 23 476
10 18 23 13 476
18 10 23 13 476
10 18 14 22 821
18 10 14 22 821
10 18 22 14 821
18 10 22 14 821
10 18 15 21 1237
18 10 15 21 1237
10 18 21 15 1237
18 10 21 15 1237
10 18 16 20 1644
18 10 16 20 1644
10 18 20 16 1644
18 10 20 16 1644
10 18 17 19 1948
18 10 17 19 1948
10 18 19 17 1948
18 10 19 17 1948
10 18 18 18 2057
18 10 18 18 2057
11 17 11 25 211
17 11 11 25 211
11 17 25 11 211
17 11 25 11 211
11 17 12 24 478
17 11 12 24 478
11 17 24 12 478
17 11 24 12 478
11 17 13 23 924
17 11 13 23 924
11 17 23 13 924
17 11 23 13 924
11 17 14 22 1539
17 11 14 22 1539
11 17 22 14 1539
17 11 22 14 1539
11 17 15 21 2269
17 11 15 21 2269
11 17 21 15 2269
17 11 21 15 2269
11 17 16 20 2965
17 11 16 20 2965
11 17 20 16 2965
17 11 20 16 2965
11 17 17 19 3484
17 11 17 19 3484
11 17 19 17 3484
17 11 19 17 3484
11 17 18 18 3667
17 11 18 18 3667
12 16 11 25 360
16 12 11 25 360
12 16 25 11 360
16 12 25 11 360
12 16 12 24 782
16 12 12 24 782
12 16 24 12 782
16 12 24 12 782
12 16 13 23 1461
16 12 13 23 1461
12 16 23 13 1461
16 12 23 13 1461
12 16 14 22 2384
16 12 14 22 2384
12 16 22 14 2384
16 12 22 14 2384
12 16 15 21 3453
16 12 15 21 3453
12 16 21 15 3453
16 12 21 15 3453
12 16 16 20 4472
16 12 16 20 4472
12 16 20 16 4472
16 12 20 16 4472
12 16 17 19 5216
16 12 17 19 5216
12 16 19 17 5216
16 12 19 17 5216
12 16 18 18 5484
16 12 18 18 5484
13 15 13 23 1909
15 13 13 23 1909
13 15 23 13 1909
15 13 23 13 1909
13 15 14 22 3074
15 13 14 22 3074
13 15 22 14 3074
15 13 22 14 3074
13 15 15 21 4418
15 13 15 21 4418
13 15 21 15 4418
15 13 21 15 4418
13 15 16 20 5684
15 13 16 20 5684
13 15 20 16 5684
15 13 20 16 5684
13 15 17 19 6612
15 13 17 19 6612
13 15 19 17 6612
15 13 19 17 6612
13 15 18 18 6940
15 13 18 18 6940
5 23 9 27 0
23 5 9 27 0
5 23 27 9 0
23 5 27 9 0
5 23 10 26 0
23 5 10 26 0
5 23 26 10 0
23 5 26 10 0
6 22 9 27 0
22 6 9 27 0
6 22 27 9 0
22 6 27 9 0
7 21 9 27 0
21 7 9 27 0
7 21 27 9 0
21 7 27 9 0
8 20 9 27 0
20 8 9 27 0
8 20 27 9 0
20 8 27 9 0
9 19 9 27 1
19 9 9 27 1
9 19 27 9 1
19 9 27 9 1
10 18 9 27 7
18 10 9 27 7
10 18 27 9 7
18 10 27 9 7
6 22 8 28 0
22 6 8 28 0
6 22 28 8 0
22 6 28 8 0
7 21 8 28 0
21 7 8 28 0
7 21 28 8 0
21 7 28 8 0
8 20 8 28 0
20 8 8 28 0
8 20 28 8 0
20 8 28 8 0
9 19 8 28 0
19 9 8 28 0
9 19 28 8 0
19 9 28 8 0
10 18 8 28 1
18 10 8 28 1
10 18 28 8 1
18 10 28 8 1
7 21 7 29 0
21 7 7 29 0
7 21 29 7 0
21 7 29 7 0
8 20 7 29 0
20 8 7 29 0
8 20 29 7 0
20 8 29 7 0
9 19 7 29 0
19 9 7 29 0
9 19 29 7 0
19 9 29 7 0
10 18 7 29 0
18 10 7 29 0
10 18 29 7 0
18 10 29 7 0
11 17 7 29 0
17 11 7 29 0
11 17 29 7 0
17 11 29 7 0
11 17 8 28 3
17 11 8 28 3
11 17 28 8 3
17 11 28 8 3
11 17 9 27 20
17 11 9 27 20
11 17 27 9 20
17 11 27 9 20
11 17 10 26 74
17 11 10 26 74
11 17 26 10 74
17 11 26 10 74
12 16 8 28 9
16 12 8 28 9
12 16 28 8 9
16 12 28 8 9
12 16 9 27 41
16 12 9 27 41
12 16 27 9 41
16 12 27 9 41
12 16 10 26 137
16 12 10 26 137
12 16 26 10 137
16 12 26 10 137
12 16 7 29 1
16 12 7 29 1
12 16 29 7 1
16 12 29 7 1
13 15 7 29 2
15 13 7 29 2
13 15 29 7 2
15 13 29 7 2
13 15 8 28 14
15 13 8 28 14
13 15 28 8 14
15 13 28 8 14
13 15 9 27 61
15 13 9 27 61
13 15 27 9 61
15 13 27 9 61
13 15 10 26 192
15 13 10 26 192
13 15 26 10 192
15 13 26 10 192
13 15 11 25 490
15 13 11 25 490
13 15 25 11 490
15 13 25 11 490
13 15 12 24 1037
15 13 12 24 1037
13 15 24 12 1037
15 13 24 12 1037
14 14 9 27 69
14 14 27 9 69
14 14 10 26 215
14 14 26 10 215
14 14 11 25 541
14 14 25 11 541
14 14 12 24 1140
14 14 24 12 1140
14 14 13 23 2083
14 14 23 13 2083
14 14 14 22 3345
14 14 22 14 3345
14 14 15 21 4791
14 14 21 15 4791
14 14 16 20 6156
14 14 20 16 6156
14 14 17 19 7148
14 14 19 17 7148
14 14 18 18 7506
14 14 8 28 16
14 14 28 8 16
8 20 6 30 0
20 8 6 30 0
8 20 30 6 0
20 8 30 6 0
9 19 6 30 0
19 9 6 30 0
9 19 30 6 0
19 9 30 6 0
10 18 6 30 0
18 10 6 30 0
10 18 30 6 0
18 10 30 6 0
11 17 6 30 0
17 11 6 30 0
11 17 30 6 0
17 11 30 6 0
12 16 6 30 0
16 12 6 30 0
12 16 30 6 0
16 12 30 6 0
9 19 5 31 0
19 9 5 31 0
9 19 31 5 0
19 9 31 5 0
10 18 5 31 0
18 10 5 31 0
10 18 31 5 0
18 10 31 5 0
11 17 5 31 0
17 11 5 31 0
11 17 31 5 0
17 11 31 5 0
12 16 5 31 0
16 12 5 31 0
12 16 31 5 0
16 12 31 5 0
13 15 5 31 0
15 13 5 31 0
13 15 31 5 0
15 13 31 5 0
13 15 6 30 0
15 13 6 30 0
13 15 30 6 0
15 13 30 6 0
14 14 5 31 0
14 14 31 5 0
14 14 6 30 0
14 14 30 6 0
14 14 7 29 2
14 14 29 7 2
12 16 4 32 0
16 12 4 32 0
12 16 32 4 0
16 12 32 4 0
13 15 4 32 0
15 13 4 32 0
13 15 32 4 0
15 13 32 4 0
14 14 4 32 0
14 14 32 4 0
