11 32 23 33 0
32 11 23 33 0
11 32 33 23 0
32 11 33 23 0
11 32 24 32 0
32 11 24 32 0
11 32 32 24 0
32 11 32 24 0
11 32 25 31 0
32 11 25 31 0
11 32 31 25 0
32 11 31 25 0
11 32 26 30 0
32 11 26 30 0
11 32 30 26 0
32 11 30 26 0
11 32 27 29 0
32 11 27 29 0
11 32 29 27 0
32 11 29 27 0
12 31 23 33 0
31 12 23 33 0
12 31 33 23 0
31 12 33 23 0
12 31 24 32 0
31 12 24 32 0
12 31 32 24 0
31 12 32 24 0
12 31 25 31 0
31 12 25 31 0
12 31 31 25 0
31 12 31 25 0
12 31 26 30 0
31 12 26 30 0
12 31 30 26 0
31 12 30 26 0
12 31 27 29 0
31 12 27 29 0
12 31 29 27 0
31 12 29 27 0
13 30 23 33 0
30 13 23 33 0
13 30 33 23 0
30 13 33 23 0
13 30 24 32 0
30 13 24 32 0
13 30 32 24 0
30 13 32 24 0
13 30 25 31 0
30 13 25 31 0
13 30 31 25 0
30 13 31 25 0
13 30 26 30 0
30 13 26 30 0
13 30 30 26 0
30 13 30 26 0
13 30 27 29 0
30 13 27 29 0
13 30 29 27 0
30 13 29 27 0
14 29 23 33 0
29 14 23 33 0
14 29 33 23 0
29 14 33 23 0
14 29 24 32 0
29 14 24 32 0
14 29 32 24 0
29 14 32 24 0
14 29 25 31 0
29 14 25 31 0
14 29 31 25 0
29 14 31 25 0
14 29 26 30 0
29 14 26 30 0
14 29 30 26 0
29 14 30 26 0
14 29 27 29 0
29 14 27 29 0
14 29 29 27 0
29 14 29 27 0
15 28 23 33 0
28 15 23 33 0
15 28 33 23 0
28 15 33 23 0
15 28 24 32 0
28 15 24 32 0
15 28 32 24 0
28 15 32 24 0
15 28 25 31 0
28 15 25 31 0
15 28 31 25 0
28 15 31 25 0
15 28 26 30 1
28 15 26 30 1
15 28 30 26 1
28 15 30 26 1
15 28 27 29 2
28 15 27 29 2
15 28 29 27 2
28 15 29 27 2
11 32 28 28 0
32 11 28 28 0
12 31 28 28 0
31 12 28 28 0
13 30 28 28 0
30 13 28 28 0
14 29 28 28 0
29 14 28 28 0
15 28 28 28 2
28 15 28 28 2
12 31 21 35 0
31 12 21 35 0
12 31 35 21 0
31 12 35 21 0
12 31 22 34 0
31 12 22 34 0
12 31 34 22 0
31 12 34 22 0
13 30 21 35 0
30 13 21 35 0
13 30 35 21 0
30 13 35 21 0
13 30 22 34 0
30 13 22 34 0
13 30 34 22 0
30 13 34 22 0
14 29 21 35 0
29 14 21 35 0
14 29 35 21 0
29 14 35 21 0
14 29 22 34 0
29 14 22 34 0
14 29 34 22 0
29 14 34 22 0
15 28 21 35 0
28 15 21 35 0
15 28 35 21 0
28 15 35 21 0
15 28 22 34 0
28 15 22 34 0
15 28 34 22 0
28 15 34 22 0
16 27 21 35 0
27 16 21 35 0
16 27 35 21 0
27 16 35 21 0
16 27 22 34 0
27 16 22 34 0
16 27 34 22 0
27 16 34 22 0
16 27 23 33 1
27 16 23 33 1
16 27 33 23 1
27 16 33 23 1
16 27 24 32 3
27 16 24 32 3
16 27 32 24 3
27 16 32 24 3
16 27 25 31 6
27 16 25 31 6
16 27 31 25 6
27 16 31 25 6
16 27 26 30 11
27 16 26 30 11
16 27 30 26 11
27 16 30 26 11
16 27 27 29 15
27 16 27 29 15
16 27 29 27 15
27 16 29 27 15
16 27 28 28 16
27 16 28 28 16
17 26 21 35 1
26 17 21 35 1
17 26 35 21 1
26 17 35 21 1
17 26 22 34 3
26 17 22 34 3
17 26 34 22 3
26 17 34 22 3
17 26 23 33 9
26 17 23 33 9
17 26 33 23 9
26 17 33 23 9
17 26 24 32 19
26 17 24 32 19
17 26 32 24 19
26 17 32 24 19
17 26 25 31 32
26 17 25 31 32
17 26 31 25 32
26 17 31 25 32
17 26 26 30 48
26 17 26 30 48
17 26 30 26 48
26 17 30 26 48
17 26 27 29 60
26 17 27 29 60
17 26 29 27 60
26 17 29 27 60
17 26 28 28 64
26 17 28 28 64
18 25 23 33 32
25 18 23 33 32
18 25 33 23 32
25 18 33 23 32
18 25 24 32 60
25 18 24 32 60
18 25 32 24 60
25 18 32 24 60
18 25 25 31 94
25 18 25 31 94
18 25 31 25 94
25 18 31 25 94
18 25 26 30 131
25 18 26 30 131
18 25 30 26 131
25 18 30 26 131
18 25 27 29 158
25 18 27 29 158
18 25 29 27 158
25 18 29 27 158
18 25 28 28 168
25 18 28 28 168
13 30 19 37 0
30 13 19 37 0
13 30 37 19 0
30 13 37 19 0
13 30 20 36 0
30 13 20 36 0
13 30 36 20 0
30 13 36 20 0
14 29 19 37 0
29 14 19 37 0
14 29 37 19 0
29 14 37 19 0
14 29 20 36 0
29 14 20 36 0
14 29 36 20 0
29 14 36 20 0
15 28 19 37 0
28 15 19 37 0
15 28 37 19 0
28 15 37 19 0
15 28 20 36 0
28 15 20 36 0
15 28 36 20 0
28 15 36 20 0
16 27 19 37 0
27 16 19 37 0
16 27 37 19 0
27 16 37 19 0
16 27 20 36 0
27 16 20 36 0
16 27 36 20 0
27 16 36 20 0
17 26 19 37 0
26 17 19 37 0
17 26 37 19 0
26 17 37 19 0
17 26 20 36 0
26 17 20 36 0
17 26 36 20 0
26 17 36 20 0
14 29 18 38 0
29 14 18 38 0
14 29 38 18 0
29 14 38 18 0
15 28 18 38 0
28 15 18 38 0
15 28 38 18 0
28 15 38 18 0
16 27 18 38 0
27 16 18 38 0
16 27 38 18 0
27 16 38 18 0
17 26 18 38 0
26 17 18 38 0
17 26 38 18 0
26 17 38 18 0
18 25 18 38 0
25 18 18 38 0
18 25 38 18 0
25 18 38 18 0
18 25 19 37 0
25 18 19 37 0
18 25 37 19 0
25 18 37 19 0
18 25 20 36 1
25 18 20 36 1
18 25 36 20 1
25 18 36 20 1
18 25 21 35 5
25 18 21 35 5
18 25 35 21 5
25 18 35 21 5
18 25 22 34 14
25 18 22 34 14
18 25 34 22 14
25 18 34 22 14
19 24 19 37 1
24 19 19 37 1
19 24 37 19 1
24 19 37 19 1
19 24 20 36 5
24 19 20 36 5
19 24 36 20 5
24 19 36 20 5
19 24 21 35 16
24 19 21 35 16
19 24 35 21 16
24 19 35 21 16
19 24 22 34 38
24 19 22 34 38
19 24 34 22 38
24 19 34 22 38
19 24 23 33 77
24 19 23 33 77
19 24 33 23 77
24 19 33 23 77
19 24 24 32 133
24 19 24 32 133
19 24 32 24 133
24 19 32 24 133
19 24 25 31 199
24 19 25 31 199
19 24 31 25 199
24 19 31 25 199
19 24 26 30 266
24 19 26 30 266
19 24 30 26 266
24 19 30 26 266
19 24 27 29 314
24 19 27 29 314
19 24 29 27 314
24 19 29 27 314
19 24 28 28 332
24 19 28 28 332
20 23 22 34 65
23 20 22 34 65
20 23 34 22 65
23 20 34 22 65
20 23 23 33 127
23 20 23 33 127
20 23 33 23 127
23 20 33 23 127
20 23 24 32 213
23 20 24 32 213
20 23 32 24 213
23 20 32 24 213
20 23 25 31 312
23 20 25 31 312
20 23 31 25 312
23 20 31 25 312
20 23 26 30 410
23 20 26 30 410
20 23 30 26 410
23 20 30 26 410
20 23 27 29 480
23 20 27 29 480
20 23 29 27 480
23 20 29 27 480
20 23 28 28 506
23 20 28 28 506
15 28 17 39 0
28 15 17 39 0
15 28 39 17 0
28 15 39 17 0
16 27 17 39 0
27 16 17 39 0
16 27 39 17 0
27 16 39 17 0
17 26 17 39 0
26 17 17 39 0
17 26 39 17 0
26 17 39 17 0
18 25 17 39 0
25 18 17 39 0
18 25 39 17 0
25 18 39 17 0
19 24 17 39 0
24 19 17 39 0
19 24 39 17 0
24 19 39 17 0
19 24 18 38 0
24 19 18 38 0
19 24 38 18 0
24 19 38 18 0
20 23 17 39 0
23 20 17 39 0
20 23 39 17 0
23 20 39 17 0
20 23 18 38 0
23 20 18 38 0
20 23 38 18 0
23 20 38 18 0
20 23 19 37 2
23 20 19 37 2
20 23 37 19 2
23 20 37 19 2
20 23 20 36 9
23 20 20 36 9
20 23 36 20 9
23 20 36 20 9
20 23 21 35 28
23 20 21 35 28
20 23 35 21 28
23 20 35 21 28
21 22 19 37 3
22 21 19 37 3
21 22 37 19 3
22 21 37 19 3
21 22 20 36 13
22 21 20 36 13
21 22 36 20 13
22 21 36 20 13
21 22 21 35 38
22 21 21 35 38
21 22 35 21 38
22 21 35 21 38
21 22 22 34 86
22 21 22 34 86
21 22 34 22 86
22 21 34 22 86
21 22 23 33 164
22 21 23 33 164
21 22 33 23 164
22 21 33 23 164
21 22 24 32 270
22 21 24 32 270
21 22 32 24 270
22 21 32 24 270
21 22 25 31 391
22 21 25 31 391
21 22 31 25 391
22 21 31 25 391
21 22 26 30 509
22 21 26 30 509
21 22 30 26 509
22 21 30 26 509
21 22 27 29 593
22 21 27 29 593
21 22 29 27 593
22 21 29 27 593
21 22 28 28 624
22 21 28 28 624
21 22 17 39 0
22 21 17 39 0
21 22 39 17 0
22 21 39 17 0
21 22 18 38 0
22 21 18 38 0
21 22 38 18 0
22 21 38 18 0
16 27 16 40 0
27 16 16 40 0
16 27 40 16 0
27 16 40 16 0
17 26 16 40 0
26 17 16 40 0
17 26 40 16 0
26 17 40 16 0
18 25 16 40 0
25 18 16 40 0
18 25 40 16 0
25 18 40 16 0
19 24 16 40 0
24 19 16 40 0
19 24 40 16 0
24 19 40 16 0
20 23 16 40 0
23 20 16 40 0
20 23 40 16 0
23 20 40 16 0
21 22 16 40 0
22 21 16 40 0
21 22 40 16 0
22 21 40 16 0
18 25 15 41 0
25 18 15 41 0
18 25 41 15 0
25 18 41 15 0
19 24 15 41 0
24 19 15 41 0
19 24 41 15 0
24 19 41 15 0
20 23 15 41 0
23 20 15 41 0
20 23 41 15 0
23 20 41 15 0
21 22 15 41 0
22 21 15 41 0
21 22 41 15 0
22 21 41 15 0
