13 33 26 34 0
33 13 26 34 0
13 33 34 26 0
33 13 34 26 0
13 33 27 33 0
33 13 27 33 0
13 33 33 27 0
33 13 33 27 0
13 33 28 32 0
33 13 28 32 0
13 33 32 28 0
33 13 32 28 0
13 33 29 31 0
33 13 29 31 0
13 33 31 29 0
33 13 31 29 0
13 33 30 30 0
33 13 30 30 0
14 32 26 34 0
32 14 26 34 0
14 32 34 26 0
32 14 34 26 0
14 32 27 33 0
32 14 27 33 0
14 32 33 27 0
32 14 33 27 0
14 32 28 32 0
32 14 28 32 0
14 32 32 28 0
32 14 32 28 0
14 32 29 31 0
32 14 29 31 0
14 32 31 29 0
32 14 31 29 0
14 32 30 30 0
32 14 30 30 0
15 31 26 34 0
31 15 26 34 0
15 31 34 26 0
31 15 34 26 0
15 31 27 33 0
31 15 27 33 0
15 31 33 27 0
31 15 33 27 0
15 31 28 32 0
31 15 28 32 0
15 31 32 28 0
31 15 32 28 0
15 31 29 31 0
31 15 29 31 0
15 31 31 29 0
31 15 31 29 0
15 31 30 30 0
31 15 30 30 0
16 30 26 34 0
30 16 26 34 0
16 30 34 26 0
30 16 34 26 0
16 30 27 33 0
30 16 27 33 0
16 30 33 27 0
30 16 33 27 0
16 30 28 32 0
30 16 28 32 0
16 30 32 28 0
30 16 32 28 0
16 30 29 31 0
30 16 29 31 0
16 30 31 29 0
30 16 31 29 0
16 30 30 30 0
30 16 30 30 0
17 29 26 34 0
29 17 26 34 0
17 29 34 26 0
29 17 34 26 0
17 29 27 33 0
29 17 27 33 0
17 29 33 27 0
29 17 33 27 0
17 29 28 32 0
29 17 28 32 0
17 29 32 28 0
29 17 32 28 0
17 29 29 31 0
29 17 29 31 0
17 29 31 29 0
29 17 31 29 0
17 29 30 30 1
29 17 30 30 1
14 32 23 37 0
32 14 23 37 0
14 32 37 23 0
32 14 37 23 0
14 32 24 36 0
32 14 24 36 0
14 32 36 24 0
32 14 36 24 0
14 32 25 35 0
32 14 25 35 0
14 32 35 25 0
32 14 35 25 0
15 31 23 37 0
31 15 23 37 0
15 31 37 23 0
31 15 37 23 0
15 31 24 36 0
31 15 24 36 0
15 31 36 24 0
31 15 36 24 0
15 31 25 35 0
31 15 25 35 0
15 31 35 25 0
31 15 35 25 0
16 30 23 37 0
30 16 23 37 0
16 30 37 23 0
30 16 37 23 0
16 30 24 36 0
30 16 24 36 0
16 30 36 24 0
30 16 36 24 0
16 30 25 35 0
30 16 25 35 0
16 30 35 25 0
30 16 35 25 0
17 29 23 37 0
29 17 23 37 0
17 29 37 23 0
29 17 37 23 0
17 29 24 36 0
29 17 24 36 0
17 29 36 24 0
29 17 36 24 0
17 29 25 35 0
29 17 25 35 0
17 29 35 25 0
29 17 35 25 0
18 28 23 37 0
28 18 23 37 0
18 28 37 23 0
28 18 37 23 0
18 28 24 36 0
28 18 24 36 0
18 28 36 24 0
28 18 36 24 0
18 28 25 35 0
28 18 25 35 0
18 28 35 25 0
28 18 35 25 0
18 28 26 34 0
28 18 26 34 0
18 28 34 26 0
28 18 34 26 0
18 28 27 33 1
28 18 27 33 1
18 28 33 27 1
28 18 33 27 1
18 28 28 32 2
28 18 28 32 2
18 28 32 28 2
28 18 32 28 2
18 28 29 31 3
28 18 29 31 3
18 28 31 29 3
28 18 31 29 3
18 28 30 30 4
28 18 30 30 4
15 31 22 38 0
31 15 22 38 0
15 31 38 22 0
31 15 38 22 0
16 30 22 38 0
30 16 22 38 0
16 30 38 22 0
30 16 38 22 0
17 29 22 38 0
29 17 22 38 0
17 29 38 22 0
29 17 38 22 0
18 28 22 38 0
28 18 22 38 0
18 28 38 22 0
28 18 38 22 0
19 27 22 38 0
27 19 22 38 0
19 27 38 22 0
27 19 38 22 0
19 27 23 37 0
27 19 23 37 0
19 27 37 23 0
27 19 37 23 0
19 27 24 36 1
27 19 24 36 1
19 27 36 24 1
27 19 36 24 1
19 27 25 35 2
27 19 25 35 2
19 27 35 25 2
27 19 35 25 2
19 27 26 34 5
27 19 26 34 5
19 27 34 26 5
27 19 34 26 5
19 27 27 33 8
27 19 27 33 8
19 27 33 27 8
27 19 33 27 8
19 27 28 32 13
27 19 28 32 13
19 27 32 28 13
27 19 32 28 13
19 27 29 31 15
27 19 29 31 15
19 27 31 29 15
27 19 31 29 15
19 27 30 30 18
27 19 30 30 18
20 26 23 37 1
26 20 23 37 1
20 26 37 23 1
26 20 37 23 1
20 26 24 36 4
26 20 24 36 4
20 26 36 24 4
26 20 36 24 4
20 26 25 35 9
26 20 25 35 9
20 26 35 25 9
26 20 35 25 9
20 26 26 34 17
26 20 26 34 17
20 26 34 26 17
26 20 34 26 17
20 26 27 33 27
26 20 27 33 27
20 26 33 27 27
26 20 33 27 27
20 26 28 32 37
26 20 28 32 37
20 26 32 28 37
26 20 32 28 37
20 26 29 31 44
26 20 29 31 44
20 26 31 29 44
26 20 31 29 44
20 26 30 30 48
26 20 30 30 48
21 25 26 34 39
25 21 26 34 39
21 25 34 26 39
25 21 34 26 39
21 25 27 33 56
25 21 27 33 56
21 25 33 27 56
25 21 33 27 56
21 25 28 32 75
25 21 28 32 75
21 25 32 28 75
25 21 32 28 75
21 25 29 31 86
25 21 29 31 86
21 25 31 29 86
25 21 31 29 86
21 25 30 30 93
25 21 30 30 93
16 30 20 40 0
30 16 20 40 0
16 30 40 20 0
30 16 40 20 0
16 30 21 39 0
30 16 21 39 0
16 30 39 21 0
30 16 39 21 0
17 29 20 40 0
29 17 20 40 0
17 29 40 20 0
29 17 40 20 0
17 29 21 39 0
29 17 21 39 0
17 29 39 21 0
29 17 39 21 0
18 28 20 40 0
28 18 20 40 0
18 28 40 20 0
28 18 40 20 0
18 28 21 39 0
28 18 21 39 0
18 28 39 21 0
28 18 39 21 0
19 27 20 40 0
27 19 20 40 0
19 27 40 20 0
27 19 40 20 0
19 27 21 39 0
27 19 21 39 0
19 27 39 21 0
27 19 39 21 0
20 26 20 40 0
26 20 20 40 0
20 26 40 20 0
26 20 40 20 0
20 26 21 39 0
26 20 21 39 0
20 26 39 21 0
26 20 39 21 0
20 26 22 38 0
26 20 22 38 0
20 26 38 22 0
26 20 38 22 0
21 25 20 40 0
25 21 20 40 0
21 25 40 20 0
25 21 40 20 0
21 25 21 39 0
25 21 21 39 0
21 25 39 21 0
25 21 39 21 0
21 25 22 38 1
25 21 22 38 1
21 25 38 22 1
25 21 38 22 1
21 25 23 37 4
25 21 23 37 4
21 25 37 23 4
25 21 37 23 4
21 25 24 36 11
25 21 24 36 11
21 25 36 24 11
25 21 36 24 11
21 25 25 35 22
25 21 25 35 22
21 25 35 25 22
25 21 35 25 22
22 24 22 38 2
24 22 22 38 2
22 24 38 22 2
24 22 38 22 2
22 24 23 37 8
24 22 23 37 8
22 24 37 23 8
24 22 37 23 8
22 24 24 36 19
24 22 24 36 19
22 24 36 24 19
24 22 36 24 19
22 24 25 35 37
24 22 25 35 37
22 24 35 25 37
24 22 35 25 37
22 24 26 34 61
24 22 26 34 61
22 24 34 26 61
24 22 34 26 61
22 24 27 33 87
24 22 27 33 87
22 24 33 27 87
24 22 33 27 87
22 24 28 32 112
24 22 28 32 112
22 24 32 28 112
24 22 32 28 112
22 24 29 31 129
24 22 29 31 129
22 24 31 29 129
24 22 31 29 129
22 24 30 30 136
24 22 30 30 136
23 23 26 34 68
23 23 34 26 68
23 23 27 33 96
23 23 33 27 96
23 23 28 32 125
23 23 32 28 125
23 23 29 31 142
23 23 31 29 142
23 23 30 30 152
18 28 19 41 0
28 18 19 41 0
18 28 41 19 0
28 18 41 19 0
19 27 19 41 0
27 19 19 41 0
19 27 41 19 0
27 19 41 19 0
20 26 19 41 0
26 20 19 41 0
20 26 41 19 0
26 20 41 19 0
21 25 19 41 0
25 21 19 41 0
21 25 41 19 0
25 21 41 19 0
22 24 19 41 0
24 22 19 41 0
22 24 41 19 0
24 22 41 19 0
22 24 20 40 0
24 22 20 40 0
22 24 40 20 0
24 22 40 20 0
22 24 21 39 0
24 22 21 39 0
22 24 39 21 0
24 22 39 21 0
23 23 20 40 0
23 23 40 20 0
23 23 21 39 0
23 23 39 21 0
23 23 22 38 2
23 23 38 22 2
23 23 23 37 8
23 23 37 23 8
23 23 24 36 21
23 23 36 24 21
23 23 25 35 40
23 23 35 25 40
19 27 18 42 0
27 19 18 42 0
19 27 42 18 0
27 19 42 18 0
20 26 18 42 0
26 20 18 42 0
20 26 42 18 0
26 20 42 18 0
21 25 18 42 0
25 21 18 42 0
21 25 42 18 0
25 21 42 18 0
22 24 18 42 0
24 22 18 42 0
22 24 42 18 0
24 22 42 18 0
23 23 18 42 0
23 23 42 18 0
23 23 19 41 0
23 23 41 19 0
