15 34 30 34 0
34 15 30 34 0
15 34 34 30 0
34 15 34 30 0
15 34 31 33 0
34 15 31 33 0
15 34 33 31 0
34 15 33 31 0
15 34 32 32 0
34 15 32 32 0
16 33 30 34 0
33 16 30 34 0
16 33 34 30 0
33 16 34 30 0
16 33 31 33 0
33 16 31 33 0
16 33 33 31 0
33 16 33 31 0
16 33 32 32 0
33 16 32 32 0
17 32 30 34 0
32 17 30 34 0
17 32 34 30 0
32 17 34 30 0
17 32 31 33 0
32 17 31 33 0
17 32 33 31 0
32 17 33 31 0
17 32 32 32 0
32 17 32 32 0
18 31 30 34 0
31 18 30 34 0
18 31 34 30 0
31 18 34 30 0
18 31 31 33 0
31 18 31 33 0
18 31 33 31 0
31 18 33 31 0
18 31 32 32 0
31 18 32 32 0
19 30 30 34 0
30 19 30 34 0
19 30 34 30 0
30 19 34 30 0
19 30 31 33 0
30 19 31 33 0
19 30 33 31 0
30 19 33 31 0
19 30 32 32 0
30 19 32 32 0
16 33 26 38 0
33 16 26 38 0
16 33 38 26 0
33 16 38 26 0
16 33 27 37 0
33 16 27 37 0
16 33 37 27 0
33 16 37 27 0
16 33 28 36 0
33 16 28 36 0
16 33 36 28 0
33 16 36 28 0
16 33 29 35 0
33 16 29 35 0
16 33 35 29 0
33 16 35 29 0
17 32 26 38 0
32 17 26 38 0
17 32 38 26 0
32 17 38 26 0
17 32 27 37 0
32 17 27 37 0
17 32 37 27 0
32 17 37 27 0
17 32 28 36 0
32 17 28 36 0
17 32 36 28 0
32 17 36 28 0
17 32 29 35 0
32 17 29 35 0
17 32 35 29 0
32 17 35 29 0
18 31 26 38 0
31 18 26 38 0
18 31 38 26 0
31 18 38 26 0
18 31 27 37 0
31 18 27 37 0
18 31 37 27 0
31 18 37 27 0
18 31 28 36 0
31 18 28 36 0
18 31 36 28 0
31 18 36 28 0
18 31 29 35 0
31 18 29 35 0
18 31 35 29 0
31 18 35 29 0
19 30 26 38 0
30 19 26 38 0
19 30 38 26 0
30 19 38 26 0
19 30 27 37 0
30 19 27 37 0
19 30 37 27 0
30 19 37 27 0
19 30 28 36 0
30 19 28 36 0
19 30 36 28 0
30 19 36 28 0
19 30 29 35 0
30 19 29 35 0
19 30 35 29 0
30 19 35 29 0
20 29 26 38 0
29 20 26 38 0
20 29 38 26 0
29 20 38 26 0
20 29 27 37 0
29 20 27 37 0
20 29 37 27 0
29 20 37 27 0
20 29 28 36 0
29 20 28 36 0
20 29 36 28 0
29 20 36 28 0
20 29 29 35 0
29 20 29 35 0
20 29 35 29 0
29 20 35 29 0
20 29 30 34 0
29 20 30 34 0
20 29 34 30 0
29 20 34 30 0
20 29 31 33 0
29 20 31 33 0
20 29 33 31 0
29 20 33 31 0
20 29 32 32 0
29 20 32 32 0
17 32 24 40 0
32 17 24 40 0
17 32 40 24 0
32 17 40 24 0
17 32 25 39 0
32 17 25 39 0
17 32 39 25 0
32 17 39 25 0
18 31 24 40 0
31 18 24 40 0
18 31 40 24 0
31 18 40 24 0
18 31 25 39 0
31 18 25 39 0
18 31 39 25 0
31 18 39 25 0
19 30 24 40 0
30 19 24 40 0
19 30 40 24 0
30 19 40 24 0
19 30 25 39 0
30 19 25 39 0
19 30 39 25 0
30 19 39 25 0
20 29 24 40 0
29 20 24 40 0
20 29 40 24 0
29 20 40 24 0
20 29 25 39 0
29 20 25 39 0
20 29 39 25 0
29 20 39 25 0
21 28 24 40 0
28 21 24 40 0
21 28 40 24 0
28 21 40 24 0
21 28 25 39 0
28 21 25 39 0
21 28 39 25 0
28 21 39 25 0
21 28 26 38 0
28 21 26 38 0
21 28 38 26 0
28 21 38 26 0
21 28 27 37 0
28 21 27 37 0
21 28 37 27 0
28 21 37 27 0
21 28 28 36 0
28 21 28 36 0
21 28 36 28 0
28 21 36 28 0
21 28 29 35 0
28 21 29 35 0
21 28 35 29 0
28 21 35 29 0
21 28 30 34 0
28 21 30 34 0
21 28 34 30 0
28 21 34 30 0
21 28 31 33 0
28 21 31 33 0
21 28 33 31 0
28 21 33 31 0
21 28 32 32 0
28 21 32 32 0
22 27 24 40 0
27 22 24 40 0
22 27 40 24 0
27 22 40 24 0
22 27 25 39 0
27 22 25 39 0
22 27 39 25 0
27 22 39 25 0
22 27 26 38 1
27 22 26 38 1
22 27 38 26 1
27 22 38 26 1
22 27 27 37 2
27 22 27 37 2
22 27 37 27 2
27 22 37 27 2
22 27 28 36 3
27 22 28 36 3
22 27 36 28 3
27 22 36 28 3
22 27 29 35 4
27 22 29 35 4
22 27 35 29 4
27 22 35 29 4
22 27 30 34 4
27 22 30 34 4
22 27 34 30 4
27 22 34 30 4
22 27 31 33 4
27 22 31 33 4
22 27 33 31 4
27 22 33 31 4
22 27 32 32 4
27 22 32 32 4
23 26 26 38 2
26 23 26 38 2
23 26 38 26 2
26 23 38 26 2
23 26 27 37 4
26 23 27 37 4
23 26 37 27 4
26 23 37 27 4
23 26 28 36 6
26 23 28 36 6
23 26 36 28 6
26 23 36 28 6
23 26 29 35 8
26 23 29 35 8
23 26 35 29 8
26 23 35 29 8
23 26 30 34 8
26 23 30 34 8
23 26 34 30 8
26 23 34 30 8
23 26 31 33 8
26 23 31 33 8
23 26 33 31 8
26 23 33 31 8
23 26 32 32 8
26 23 32 32 8
24 25 30 34 13
25 24 30 34 13
24 25 34 30 13
25 24 34 30 13
24 25 31 33 13
25 24 31 33 13
24 25 33 31 13
25 24 33 31 13
24 25 32 32 13
25 24 32 32 13
18 31 23 41 0
31 18 23 41 0
18 31 41 23 0
31 18 41 23 0
19 30 23 41 0
30 19 23 41 0
19 30 41 23 0
30 19 41 23 0
20 29 23 41 0
29 20 23 41 0
20 29 41 23 0
29 20 41 23 0
21 28 23 41 0
28 21 23 41 0
21 28 41 23 0
28 21 41 23 0
22 27 23 41 0
27 22 23 41 0
22 27 41 23 0
27 22 41 23 0
19 30 22 42 0
30 19 22 42 0
19 30 42 22 0
30 19 42 22 0
20 29 22 42 0
29 20 22 42 0
20 29 42 22 0
29 20 42 22 0
21 28 22 42 0
28 21 22 42 0
21 28 42 22 0
28 21 42 22 0
22 27 22 42 0
27 22 22 42 0
22 27 42 22 0
27 22 42 22 0
23 26 22 42 0
26 23 22 42 0
23 26 42 22 0
26 23 42 22 0
23 26 23 41 0
26 23 23 41 0
23 26 41 23 0
26 23 41 23 0
23 26 24 40 0
26 23 24 40 0
23 26 40 24 0
26 23 40 24 0
23 26 25 39 0
26 23 25 39 0
23 26 39 25 0
26 23 39 25 0
24 25 23 41 0
25 24 23 41 0
24 25 41 23 0
25 24 41 23 0
24 25 24 40 0
25 24 24 40 0
24 25 40 24 0
25 24 40 24 0
24 25 25 39 1
25 24 25 39 1
24 25 39 25 1
25 24 39 25 1
24 25 26 38 4
25 24 26 38 4
24 25 38 26 4
25 24 38 26 4
24 25 27 37 7
25 24 27 37 7
24 25 37 27 7
25 24 37 27 7
24 25 28 36 10
25 24 28 36 10
24 25 36 28 10
25 24 36 28 10
24 25 29 35 13
25 24 29 35 13
24 25 35 29 13
25 24 35 29 13
24 25 22 42 0
25 24 22 42 0
24 25 42 22 0
25 24 42 22 0
21 28 21 43 0
28 21 21 43 0
21 28 43 21 0
28 21 43 21 0
22 27 21 43 0
27 22 21 43 0
22 27 43 21 0
27 22 43 21 0
23 26 21 43 0
26 23 21 43 0
23 26 43 21 0
26 23 43 21 0
24 25 21 43 0
25 24 21 43 0
24 25 43 21 0
25 24 43 21 0
