24 34 33 43 0
34 24 33 43 0
24 34 43 33 0
34 24 43 33 0
24 34 34 42 0
34 24 34 42 0
24 34 42 34 0
34 24 42 34 0
24 34 35 41 0
34 24 35 41 0
24 34 41 35 0
34 24 41 35 0
24 34 36 40 0
34 24 36 40 0
24 34 40 36 0
34 24 40 36 0
24 34 37 39 0
34 24 37 39 0
24 34 39 37 0
34 24 39 37 0
25 33 33 43 0
33 25 33 43 0
25 33 43 33 0
33 25 43 33 0
25 33 34 42 0
33 25 34 42 0
25 33 42 34 0
33 25 42 34 0
25 33 35 41 0
33 25 35 41 0
25 33 41 35 0
33 25 41 35 0
25 33 36 40 0
33 25 36 40 0
25 33 40 36 0
33 25 40 36 0
25 33 37 39 0
33 25 37 39 0
25 33 39 37 0
33 25 39 37 0
26 32 33 43 0
32 26 33 43 0
26 32 43 33 0
32 26 43 33 0
26 32 34 42 0
32 26 34 42 0
26 32 42 34 0
32 26 42 34 0
26 32 35 41 0
32 26 35 41 0
26 32 41 35 0
32 26 41 35 0
26 32 36 40 0
32 26 36 40 0
26 32 40 36 0
32 26 40 36 0
26 32 37 39 0
32 26 37 39 0
26 32 39 37 0
32 26 39 37 0
27 31 33 43 0
31 27 33 43 0
27 31 43 33 0
31 27 43 33 0
27 31 34 42 0
31 27 34 42 0
27 31 42 34 0
31 27 42 34 0
27 31 35 41 0
31 27 35 41 0
27 31 41 35 0
31 27 41 35 0
27 31 36 40 0
31 27 36 40 0
27 31 40 36 0
31 27 40 36 0
27 31 37 39 0
31 27 37 39 0
27 31 39 37 0
31 27 39 37 0
28 30 33 43 0
30 28 33 43 0
28 30 43 33 0
30 28 43 33 0
28 30 34 42 0
30 28 34 42 0
28 30 42 34 0
30 28 42 34 0
28 30 35 41 0
30 28 35 41 0
28 30 41 35 0
30 28 41 35 0
28 30 36 40 0
30 28 36 40 0
28 30 40 36 0
30 28 40 36 0
28 30 37 39 0
30 28 37 39 0
28 30 39 37 0
30 28 39 37 0
24 34 38 38 0
34 24 38 38 0
25 33 38 38 0
33 25 38 38 0
26 32 38 38 0
32 26 38 38 0
27 31 38 38 0
31 27 38 38 0
28 30 38 38 0
30 28 38 38 0
25 33 32 44 0
33 25 32 44 0
25 33 44 32 0
33 25 44 32 0
26 32 32 44 0
32 26 32 44 0
26 32 44 32 0
32 26 44 32 0
27 31 32 44 0
31 27 32 44 0
27 31 44 32 0
31 27 44 32 0
28 30 32 44 0
30 28 32 44 0
28 30 44 32 0
30 28 44 32 0
29 29 32 44 0
29 29 44 32 0
29 29 33 43 0
29 29 43 33 0
29 29 34 42 0
29 29 42 34 0
29 29 35 41 0
29 29 41 35 0
29 29 36 40 0
29 29 40 36 0
29 29 37 39 0
29 29 39 37 0
29 29 38 38 0
