21 34 31 41 0
34 21 31 41 0
21 34 41 31 0
34 21 41 31 0
21 34 32 40 0
34 21 32 40 0
21 34 40 32 0
34 21 40 32 0
21 34 33 39 0
34 21 33 39 0
21 34 39 33 0
34 21 39 33 0
21 34 34 38 0
34 21 34 38 0
21 34 38 34 0
34 21 38 34 0
21 34 35 37 0
34 21 35 37 0
21 34 37 35 0
34 21 37 35 0
22 33 31 41 0
33 22 31 41 0
22 33 41 31 0
33 22 41 31 0
22 33 32 40 0
33 22 32 40 0
22 33 40 32 0
33 22 40 32 0
22 33 33 39 0
33 22 33 39 0
22 33 39 33 0
33 22 39 33 0
22 33 34 38 0
33 22 34 38 0
22 33 38 34 0
33 22 38 34 0
22 33 35 37 0
33 22 35 37 0
22 33 37 35 0
33 22 37 35 0
23 32 31 41 0
32 23 31 41 0
23 32 41 31 0
32 23 41 31 0
23 32 32 40 0
32 23 32 40 0
23 32 40 32 0
32 23 40 32 0
23 32 33 39 0
32 23 33 39 0
23 32 39 33 0
32 23 39 33 0
23 32 34 38 0
32 23 34 38 0
23 32 38 34 0
32 23 38 34 0
23 32 35 37 0
32 23 35 37 0
23 32 37 35 0
32 23 37 35 0
24 31 31 41 0
31 24 31 41 0
24 31 41 31 0
31 24 41 31 0
24 31 32 40 0
31 24 32 40 0
24 31 40 32 0
31 24 40 32 0
24 31 33 39 0
31 24 33 39 0
24 31 39 33 0
31 24 39 33 0
24 31 34 38 0
31 24 34 38 0
24 31 38 34 0
31 24 38 34 0
24 31 35 37 0
31 24 35 37 0
24 31 37 35 0
31 24 37 35 0
25 30 31 41 0
30 25 31 41 0
25 30 41 31 0
30 25 41 31 0
25 30 32 40 0
30 25 32 40 0
25 30 40 32 0
30 25 40 32 0
25 30 33 39 0
30 25 33 39 0
25 30 39 33 0
30 25 39 33 0
25 30 34 38 0
30 25 34 38 0
25 30 38 34 0
30 25 38 34 0
25 30 35 37 0
30 25 35 37 0
25 30 37 35 0
30 25 37 35 0
21 34 36 36 0
34 21 36 36 0
22 33 36 36 0
33 22 36 36 0
23 32 36 36 0
32 23 36 36 0
24 31 36 36 0
31 24 36 36 0
25 30 36 36 0
30 25 36 36 0
22 33 29 43 0
33 22 29 43 0
22 33 43 29 0
33 22 43 29 0
22 33 30 42 0
33 22 30 42 0
22 33 42 30 0
33 22 42 30 0
23 32 29 43 0
32 23 29 43 0
23 32 43 29 0
32 23 43 29 0
23 32 30 42 0
32 23 30 42 0
23 32 42 30 0
32 23 42 30 0
24 31 29 43 0
31 24 29 43 0
24 31 43 29 0
31 24 43 29 0
24 31 30 42 0
31 24 30 42 0
24 31 42 30 0
31 24 42 30 0
25 30 29 43 0
30 25 29 43 0
25 30 43 29 0
30 25 43 29 0
25 30 30 42 0
30 25 30 42 0
25 30 42 30 0
30 25 42 30 0
26 29 29 43 0
29 26 29 43 0
26 29 43 29 0
29 26 43 29 0
26 29 30 42 0
29 26 30 42 0
26 29 42 30 0
29 26 42 30 0
26 29 31 41 0
29 26 31 41 0
26 29 41 31 0
29 26 41 31 0
26 29 32 40 0
29 26 32 40 0
26 29 40 32 0
29 26 40 32 0
26 29 33 39 0
29 26 33 39 0
26 29 39 33 0
29 26 39 33 0
26 29 34 38 0
29 26 34 38 0
26 29 38 34 0
29 26 38 34 0
26 29 35 37 0
29 26 35 37 0
26 29 37 35 0
29 26 37 35 0
26 29 36 36 0
29 26 36 36 0
27 28 29 43 0
28 27 29 43 0
27 28 43 29 0
28 27 43 29 0
27 28 30 42 0
28 27 30 42 0
27 28 42 30 0
28 27 42 30 0
27 28 31 41 0
28 27 31 41 0
27 28 41 31 0
28 27 41 31 0
27 28 32 40 0
28 27 32 40 0
27 28 40 32 0
28 27 40 32 0
27 28 33 39 0
28 27 33 39 0
27 28 39 33 0
28 27 39 33 0
27 28 34 38 0
28 27 34 38 0
27 28 38 34 0
28 27 38 34 0
27 28 35 37 0
28 27 35 37 0
27 28 37 35 0
28 27 37 35 0
27 28 36 36 0
28 27 36 36 0
24 31 28 44 0
31 24 28 44 0
24 31 44 28 0
31 24 44 28 0
25 30 28 44 0
30 25 28 44 0
25 30 44 28 0
30 25 44 28 0
26 29 28 44 0
29 26 28 44 0
26 29 44 28 0
29 26 44 28 0
27 28 28 44 0
28 27 28 44 0
27 28 44 28 0
28 27 44 28 0
