0 16 6 14 0
16 0 6 14 0
0 16 14 6 0
16 0 14 6 0
0 16 7 13 0
16 0 7 13 0
0 16 13 7 0
16 0 13 7 0
0 16 8 12 0
16 0 8 12 0
0 16 12 8 0
16 0 12 8 0
0 16 9 11 0
16 0 9 11 0
0 16 11 9 0
16 0 11 9 0
0 16 10 10 0
16 0 10 10 0
1 15 6 14 0
15 1 6 14 0
1 15 14 6 0
15 1 14 6 0
1 15 7 13 1
15 1 7 13 1
1 15 13 7 1
15 1 13 7 1
1 15 8 12 2
15 1 8 12 2
1 15 12 8 2
15 1 12 8 2
1 15 9 11 3
15 1 9 11 3
1 15 11 9 3
15 1 11 9 3
1 15 10 10 3
15 1 10 10 3
2 14 6 14 3
14 2 6 14 3
2 14 14 6 3
14 2 14 6 3
2 14 7 13 8
14 2 7 13 8
2 14 13 7 8
14 2 13 7 8
2 14 8 12 14
14 2 8 12 14
2 14 12 8 14
14 2 12 8 14
2 14 9 11 19
14 2 9 11 19
2 14 11 9 19
14 2 11 9 19
2 14 10 10 21
14 2 10 10 21
3 13 6 14 15
13 3 6 14 15
3 13 14 6 15
13 3 14 6 15
3 13 7 13 32
13 3 7 13 32
3 13 13 7 32
13 3 13 7 32
3 13 8 12 50
13 3 8 12 50
3 13 12 8 50
13 3 12 8 50
3 13 9 11 66
13 3 9 11 66
3 13 11 9 66
13 3 11 9 66
3 13 10 10 71
13 3 10 10 71
4 12 6 14 48
12 4 6 14 48
4 12 14 6 48
12 4 14 6 48
4 12 7 13 89
12 4 7 13 89
4 12 13 7 89
12 4 13 7 89
4 12 8 12 133
12 4 8 12 133
4 12 12 8 133
12 4 12 8 133
4 12 9 11 169
12 4 9 11 169
4 12 11 9 169
12 4 11 9 169
4 12 10 10 182
12 4 10 10 182
1 15 3 17 0
15 1 3 17 0
1 15 17 3 0
15 1 17 3 0
1 15 4 16 0
15 1 4 16 0
1 15 16 4 0
15 1 16 4 0
1 15 5 15 0
15 1 5 15 0
1 15 15 5 0
15 1 15 5 0
2 14 3 17 0
14 2 3 17 0
2 14 17 3 0
14 2 17 3 0
2 14 4 16 0
14 2 4 16 0
2 14 16 4 0
14 2 16 4 0
2 14 5 15 1
14 2 5 15 1
2 14 15 5 1
14 2 15 5 1
3 13 3 17 0
13 3 3 17 0
3 13 17 3 0
13 3 17 3 0
3 13 4 16 1
13 3 4 16 1
3 13 16 4 1
13 3 16 4 1
3 13 5 15 6
13 3 5 15 6
3 13 15 5 6
13 3 15 5 6
4 12 3 17 1
12 4 3 17 1
4 12 17 3 1
12 4 17 3 1
4 12 4 16 6
12 4 4 16 6
4 12 16 4 6
12 4 16 4 6
4 12 5 15 21
12 4 5 15 21
4 12 15 5 21
12 4 15 5 21
5 11 3 17 4
11 5 3 17 4
5 11 17 3 4
11 5 17 3 4
5 11 4 16 17
11 5 4 16 17
5 11 16 4 17
11 5 16 4 17
5 11 5 15 50
11 5 5 15 50
5 11 15 5 50
11 5 15 5 50
5 11 6 14 105
11 5 6 14 105
5 11 14 6 105
11 5 14 6 105
5 11 7 13 184
11 5 7 13 184
5 11 13 7 184
11 5 13 7 184
5 11 8 12 265
11 5 8 12 265
5 11 12 8 265
11 5 12 8 265
5 11 9 11 331
11 5 9 11 331
5 11 11 9 331
11 5 11 9 331
5 11 10 10 353
11 5 10 10 353
6 10 3 17 11
10 6 3 17 11
6 10 17 3 11
10 6 17 3 11
6 10 4 16 37
10 6 4 16 37
6 10 16 4 37
10 6 16 4 37
6 10 5 15 93
10 6 5 15 93
6 10 15 5 93
10 6 15 5 93
6 10 6 14 184
10 6 6 14 184
6 10 14 6 184
10 6 14 6 184
6 10 7 13 306
10 6 7 13 306
6 10 13 7 306
10 6 13 7 306
6 10 8 12 432
10 6 8 12 432
6 10 12 8 432
10 6 12 8 432
6 10 9 11 530
10 6 9 11 530
6 10 11 9 530
10 6 11 9 530
6 10 10 10 565
10 6 10 10 565
7 9 3 17 17
9 7 3 17 17
7 9 17 3 17
9 7 17 3 17
7 9 4 16 53
9 7 4 16 53
7 9 16 4 53
9 7 16 4 53
7 9 5 15 130
9 7 5 15 130
7 9 15 5 130
9 7 15 5 130
7 9 6 14 249
9 7 6 14 249
7 9 14 6 249
9 7 14 6 249
7 9 7 13 408
9 7 7 13 408
7 9 13 7 408
9 7 13 7 408
7 9 8 12 568
9 7 8 12 568
7 9 12 8 568
9 7 12 8 568
7 9 9 11 694
9 7 9 11 694
7 9 11 9 694
9 7 11 9 694
7 9 10 10 737
9 7 10 10 737
2 14 2 18 0
14 2 2 18 0
2 14 18 2 0
14 2 18 2 0
3 13 2 18 0
13 3 2 18 0
3 13 18 2 0
13 3 18 2 0
4 12 2 18 0
12 4 2 18 0
4 12 18 2 0
12 4 18 2 0
5 11 2 18 0
11 5 2 18 0
5 11 18 2 0
11 5 18 2 0
6 10 2 18 2
10 6 2 18 2
6 10 18 2 2
10 6 18 2 2
3 13 1 19 0
13 3 1 19 0
3 13 19 1 0
13 3 19 1 0
4 12 1 19 0
12 4 1 19 0
4 12 19 1 0
12 4 19 1 0
5 11 1 19 0
11 5 1 19 0
5 11 19 1 0
11 5 19 1 0
6 10 1 19 0
10 6 1 19 0
6 10 19 1 0
10 6 19 1 0
7 9 1 19 0
9 7 1 19 0
7 9 19 1 0
9 7 19 1 0
7 9 2 18 3
9 7 2 18 3
7 9 18 2 3
9 7 18 2 3
8 8 1 19 0
8 8 19 1 0
8 8 2 18 4
8 8 18 2 4
8 8 3 17 20
8 8 17 3 20
8 8 4 16 61
8 8 16 4 61
8 8 5 15 146
8 8 15 5 146
8 8 6 14 278
8 8 14 6 278
8 8 7 13 450
8 8 13 7 450
8 8 8 12 625
8 8 12 8 625
8 8 9 11 760
8 8 11 9 760
8 8 10 10 808
6 10 0 20 0
10 6 0 20 0
6 10 20 0 0
10 6 20 0 0
7 9 0 20 0
9 7 0 20 0
7 9 20 0 0
9 7 20 0 0
8 8 0 20 0
8 8 20 0 0
