27 34 36 44 0
34 27 36 44 0
27 34 44 36 0
34 27 44 36 0
27 34 37 43 0
34 27 37 43 0
27 34 43 37 0
34 27 43 37 0
27 34 38 42 0
34 27 38 42 0
27 34 42 38 0
34 27 42 38 0
27 34 39 41 0
34 27 39 41 0
27 34 41 39 0
34 27 41 39 0
27 34 40 40 0
34 27 40 40 0
28 33 36 44 0
33 28 36 44 0
28 33 44 36 0
33 28 44 36 0
28 33 37 43 0
33 28 37 43 0
28 33 43 37 0
33 28 43 37 0
28 33 38 42 0
33 28 38 42 0
28 33 42 38 0
33 28 42 38 0
28 33 39 41 0
33 28 39 41 0
28 33 41 39 0
33 28 41 39 0
28 33 40 40 0
33 28 40 40 0
29 32 36 44 0
32 29 36 44 0
29 32 44 36 0
32 29 44 36 0
29 32 37 43 0
32 29 37 43 0
29 32 43 37 0
32 29 43 37 0
29 32 38 42 0
32 29 38 42 0
29 32 42 38 0
32 29 42 38 0
29 32 39 41 0
32 29 39 41 0
29 32 41 39 0
32 29 41 39 0
29 32 40 40 0
32 29 40 40 0
30 31 36 44 0
31 30 36 44 0
30 31 44 36 0
31 30 44 36 0
30 31 37 43 0
31 30 37 43 0
30 31 43 37 0
31 30 43 37 0
30 31 38 42 0
31 30 38 42 0
30 31 42 38 0
31 30 42 38 0
30 31 39 41 0
31 30 39 41 0
30 31 41 39 0
31 30 41 39 0
30 31 40 40 0
31 30 40 40 0
