4 27 16 24 0
27 4 16 24 0
4 27 24 16 0
27 4 24 16 0
4 27 17 23 0
27 4 17 23 0
4 27 23 17 0
27 4 23 17 0
4 27 18 22 0
27 4 18 22 0
4 27 22 18 0
27 4 22 18 0
4 27 19 21 0
27 4 19 21 0
4 27 21 19 0
27 4 21 19 0
4 27 20 20 0
27 4 20 20 0
5 26 16 24 0
26 5 16 24 0
5 26 24 16 0
26 5 24 16 0
5 26 17 23 0
26 5 17 23 0
5 26 23 17 0
26 5 23 17 0
5 26 18 22 0
26 5 18 22 0
5 26 22 18 0
26 5 22 18 0
5 26 19 21 0
26 5 19 21 0
5 26 21 19 0
26 5 21 19 0
5 26 20 20 0
26 5 20 20 0
6 25 16 24 0
25 6 16 24 0
6 25 24 16 0
25 6 24 16 0
6 25 17 23 0
25 6 17 23 0
6 25 23 17 0
25 6 23 17 0
6 25 18 22 0
25 6 18 22 0
6 25 22 18 0
25 6 22 18 0
6 25 19 21 0
25 6 19 21 0
6 25 21 19 0
25 6 21 19 0
6 25 20 20 0
25 6 20 20 0
7 24 16 24 0
24 7 16 24 0
7 24 24 16 0
24 7 24 16 0
7 24 17 23 1
24 7 17 23 1
7 24 23 17 1
24 7 23 17 1
7 24 18 22 2
24 7 18 22 2
7 24 22 18 2
24 7 22 18 2
7 24 19 21 3
24 7 19 21 3
7 24 21 19 3
24 7 21 19 3
7 24 20 20 4
24 7 20 20 4
8 23 16 24 8
23 8 16 24 8
8 23 24 16 8
23 8 24 16 8
8 23 17 23 16
23 8 17 23 16
8 23 23 17 16
23 8 23 17 16
8 23 18 22 25
23 8 18 22 25
8 23 22 18 25
23 8 22 18 25
8 23 19 21 32
23 8 19 21 32
8 23 21 19 32
23 8 21 19 32
8 23 20 20 36
23 8 20 20 36
5 26 13 27 0
26 5 13 27 0
5 26 27 13 0
26 5 27 13 0
5 26 14 26 0
26 5 14 26 0
5 26 26 14 0
26 5 26 14 0
5 26 15 25 0
26 5 15 25 0
5 26 25 15 0
26 5 25 15 0
6 25 13 27 0
25 6 13 27 0
6 25 27 13 0
25 6 27 13 0
6 25 14 26 0
25 6 14 26 0
6 25 26 14 0
25 6 26 14 0
6 25 15 25 0
25 6 15 25 0
6 25 25 15 0
25 6 25 15 0
7 24 13 27 0
24 7 13 27 0
7 24 27 13 0
24 7 27 13 0
7 24 14 26 0
24 7 14 26 0
7 24 26 14 0
24 7 26 14 0
7 24 15 25 0
24 7 15 25 0
7 24 25 15 0
24 7 25 15 0
8 23 13 27 0
23 8 13 27 0
8 23 27 13 0
23 8 27 13 0
8 23 14 26 1
23 8 14 26 1
8 23 26 14 1
23 8 26 14 1
8 23 15 25 3
23 8 15 25 3
8 23 25 15 3
23 8 25 15 3
9 22 13 27 2
22 9 13 27 2
9 22 27 13 2
22 9 27 13 2
9 22 14 26 9
22 9 14 26 9
9 22 26 14 9
22 9 26 14 9
9 22 15 25 24
22 9 15 25 24
9 22 25 15 24
22 9 25 15 24
9 22 16 24 51
22 9 16 24 51
9 22 24 16 51
22 9 24 16 51
9 22 17 23 88
22 9 17 23 88
9 22 23 17 88
22 9 23 17 88
9 22 18 22 127
22 9 18 22 127
9 22 22 18 127
22 9 22 18 127
9 22 19 21 157
22 9 19 21 157
9 22 21 19 157
22 9 21 19 157
9 22 20 20 170
22 9 20 20 170
10 21 13 27 16
21 10 13 27 16
10 21 27 13 16
21 10 27 13 16
10 21 14 26 47
21 10 14 26 47
10 21 26 14 47
21 10 26 14 47
10 21 15 25 105
21 10 15 25 105
10 21 25 15 105
21 10 25 15 105
10 21 16 24 197
21 10 16 24 197
10 21 24 16 197
21 10 24 16 197
10 21 17 23 314
21 10 17 23 314
10 21 23 17 314
21 10 23 17 314
10 21 18 22 433
21 10 18 22 433
10 21 22 18 433
21 10 22 18 433
10 21 19 21 522
21 10 19 21 522
10 21 21 19 522
21 10 21 19 522
10 21 20 20 558
21 10 20 20 558
6 25 12 28 0
25 6 12 28 0
6 25 28 12 0
25 6 28 12 0
7 24 12 28 0
24 7 12 28 0
7 24 28 12 0
24 7 28 12 0
8 23 12 28 0
23 8 12 28 0
8 23 28 12 0
23 8 28 12 0
9 22 12 28 0
22 9 12 28 0
9 22 28 12 0
22 9 28 12 0
10 21 12 28 4
21 10 12 28 4
10 21 28 12 4
21 10 28 12 4
7 24 11 29 0
24 7 11 29 0
7 24 29 11 0
24 7 29 11 0
8 23 11 29 0
23 8 11 29 0
8 23 29 11 0
23 8 29 11 0
9 22 11 29 0
22 9 11 29 0
9 22 29 11 0
22 9 29 11 0
10 21 11 29 1
21 10 11 29 1
10 21 29 11 1
21 10 29 11 1
11 20 11 29 4
20 11 11 29 4
11 20 29 11 4
20 11 29 11 4
11 20 12 28 18
20 11 12 28 18
11 20 28 12 18
20 11 28 12 18
11 20 13 27 59
20 11 13 27 59
11 20 27 13 59
20 11 27 13 59
11 20 14 26 149
20 11 14 26 149
11 20 26 14 149
20 11 26 14 149
11 20 15 25 306
20 11 15 25 306
11 20 25 15 306
20 11 25 15 306
11 20 16 24 537
20 11 16 24 537
11 20 24 16 537
20 11 24 16 537
11 20 17 23 818
20 11 17 23 818
11 20 23 17 818
20 11 23 17 818
11 20 18 22 1096
20 11 18 22 1096
11 20 22 18 1096
20 11 22 18 1096
11 20 19 21 1301
20 11 19 21 1301
11 20 21 19 1301
20 11 21 19 1301
11 20 20 20 1380
20 11 20 20 1380
12 19 12 28 53
19 12 12 28 53
12 19 28 12 53
19 12 28 12 53
12 19 13 27 151
19 12 13 27 151
12 19 27 13 151
19 12 27 13 151
12 19 14 26 349
19 12 14 26 349
12 19 26 14 349
19 12 26 14 349
12 19 15 25 676
19 12 15 25 676
12 19 25 15 676
19 12 25 15 676
12 19 16 24 1137
19 12 16 24 1137
12 19 24 16 1137
19 12 24 16 1137
12 19 17 23 1680
19 12 17 23 1680
12 19 23 17 1680
19 12 23 17 1680
12 19 18 22 2208
19 12 18 22 2208
12 19 22 18 2208
19 12 22 18 2208
12 19 19 21 2592
19 12 19 21 2592
12 19 21 19 2592
19 12 21 19 2592
12 19 20 20 2738
19 12 20 20 2738
12 19 11 29 14
19 12 11 29 14
12 19 29 11 14
19 12 29 11 14
13 18 11 29 34
18 13 11 29 34
13 18 29 11 34
18 13 29 11 34
13 18 12 28 112
18 13 12 28 112
13 18 28 12 112
18 13 28 12 112
13 18 13 27 293
18 13 13 27 293
13 18 27 13 293
18 13 27 13 293
13 18 14 26 639
18 13 14 26 639
13 18 26 14 639
18 13 26 14 639
13 18 15 25 1191
18 13 15 25 1191
13 18 25 15 1191
18 13 25 15 1191
13 18 16 24 1947
18 13 16 24 1947
13 18 24 16 1947
18 13 24 16 1947
13 18 17 23 2821
18 13 17 23 2821
13 18 23 17 2821
18 13 23 17 2821
13 18 18 22 3658
18 13 18 22 3658
13 18 22 18 3658
18 13 22 18 3658
13 18 19 21 4263
18 13 19 21 4263
13 18 21 19 4263
18 13 21 19 4263
13 18 20 20 4490
18 13 20 20 4490
14 17 13 27 444
17 14 13 27 444
14 17 27 13 444
17 14 27 13 444
14 17 14 26 939
17 14 14 26 939
14 17 26 14 939
17 14 26 14 939
14 17 15 25 1712
17 14 15 25 1712
14 17 25 15 1712
17 14 25 15 1712
14 17 16 24 2753
17 14 16 24 2753
14 17 24 16 2753
17 14 24 16 2753
14 17 17 23 3942
17 14 17 23 3942
14 17 23 17 3942
17 14 23 17 3942
14 17 18 22 5071
17 14 18 22 5071
14 17 22 18 5071
17 14 22 18 5071
14 17 19 21 5883
17 14 19 21 5883
14 17 21 19 5883
17 14 21 19 5883
14 17 20 20 6186
17 14 20 20 6186
14 17 12 28 177
17 14 12 28 177
14 17 28 12 177
17 14 28 12 177
15 16 13 27 545
16 15 13 27 545
15 16 27 13 545
16 15 27 13 545
15 16 14 26 1135
16 15 14 26 1135
15 16 26 14 1135
16 15 26 14 1135
15 16 15 25 2047
16 15 15 25 2047
15 16 25 15 2047
16 15 25 15 2047
15 16 16 24 3266
16 15 16 24 3266
15 16 24 16 3266
16 15 24 16 3266
15 16 17 23 4650
16 15 17 23 4650
15 16 23 17 4650
16 15 23 17 4650
15 16 18 22 5958
16 15 18 22 5958
15 16 22 18 5958
16 15 22 18 5958
15 16 19 21 6897
16 15 19 21 6897
15 16 21 19 6897
16 15 21 19 6897
15 16 20 20 7246
16 15 20 20 7246
7 24 10 30 0
24 7 10 30 0
7 24 30 10 0
24 7 30 10 0
8 23 10 30 0
23 8 10 30 0
8 23 30 10 0
23 8 30 10 0
9 22 10 30 0
22 9 10 30 0
9 22 30 10 0
22 9 30 10 0
10 21 10 30 0
21 10 10 30 0
10 21 30 10 0
21 10 30 10 0
11 20 10 30 0
20 11 10 30 0
11 20 30 10 0
20 11 30 10 0
8 23 9 31 0
23 8 9 31 0
8 23 31 9 0
23 8 31 9 0
9 22 9 31 0
22 9 9 31 0
9 22 31 9 0
22 9 31 9 0
10 21 9 31 0
21 10 9 31 0
10 21 31 9 0
21 10 31 9 0
11 20 9 31 0
20 11 9 31 0
11 20 31 9 0
20 11 31 9 0
12 19 9 31 0
19 12 9 31 0
12 19 31 9 0
19 12 31 9 0
12 19 10 30 2
19 12 10 30 2
12 19 30 10 2
19 12 30 10 2
13 18 10 30 7
18 13 10 30 7
13 18 30 10 7
18 13 30 10 7
9 22 8 32 0
22 9 8 32 0
9 22 32 8 0
22 9 32 8 0
10 21 8 32 0
21 10 8 32 0
10 21 32 8 0
21 10 32 8 0
11 20 8 32 0
20 11 8 32 0
11 20 32 8 0
20 11 32 8 0
12 19 8 32 0
19 12 8 32 0
12 19 32 8 0
19 12 32 8 0
13 18 8 32 0
18 13 8 32 0
13 18 32 8 0
18 13 32 8 0
13 18 9 31 1
18 13 9 31 1
13 18 31 9 1
18 13 31 9 1
14 17 8 32 0
17 14 8 32 0
14 17 32 8 0
17 14 32 8 0
14 17 9 31 2
17 14 9 31 2
14 17 31 9 2
17 14 31 9 2
14 17 10 30 13
17 14 10 30 13
14 17 30 10 13
17 14 30 10 13
14 17 11 29 57
17 14 11 29 57
14 17 29 11 57
17 14 29 11 57
15 16 10 30 18
16 15 10 30 18
15 16 30 10 18
16 15 30 10 18
15 16 11 29 74
16 15 11 29 74
15 16 29 11 74
16 15 29 11 74
15 16 12 28 222
16 15 12 28 222
15 16 28 12 222
16 15 28 12 222
15 16 8 32 0
16 15 8 32 0
15 16 32 8 0
16 15 32 8 0
15 16 9 31 3
16 15 9 31 3
15 16 31 9 3
16 15 31 9 3
10 21 7 33 0
21 10 7 33 0
10 21 33 7 0
21 10 33 7 0
11 20 7 33 0
20 11 7 33 0
11 20 33 7 0
20 11 33 7 0
12 19 7 33 0
19 12 7 33 0
12 19 33 7 0
19 12 33 7 0
13 18 7 33 0
18 13 7 33 0
13 18 33 7 0
18 13 33 7 0
14 17 7 33 0
17 14 7 33 0
14 17 33 7 0
17 14 33 7 0
15 16 7 33 0
16 15 7 33 0
15 16 33 7 0
16 15 33 7 0
12 19 6 34 0
19 12 6 34 0
12 19 34 6 0
19 12 34 6 0
13 18 6 34 0
18 13 6 34 0
13 18 34 6 0
18 13 34 6 0
14 17 6 34 0
17 14 6 34 0
14 17 34 6 0
17 14 34 6 0
15 16 6 34 0
16 15 6 34 0
15 16 34 6 0
16 15 34 6 0
