5 29 20 24 0
29 5 20 24 0
5 29 24 20 0
29 5 24 20 0
5 29 21 23 0
29 5 21 23 0
5 29 23 21 0
29 5 23 21 0
5 29 22 22 0
29 5 22 22 0
6 28 20 24 0
28 6 20 24 0
6 28 24 20 0
28 6 24 20 0
6 28 21 23 0
28 6 21 23 0
6 28 23 21 0
28 6 23 21 0
6 28 22 22 0
28 6 22 22 0
7 27 20 24 0
27 7 20 24 0
7 27 24 20 0
27 7 24 20 0
7 27 21 23 0
27 7 21 23 0
7 27 23 21 0
27 7 23 21 0
7 27 22 22 0
27 7 22 22 0
8 26 20 24 0
26 8 20 24 0
8 26 24 20 0
26 8 24 20 0
8 26 21 23 0
26 8 21 23 0
8 26 23 21 0
26 8 23 21 0
8 26 22 22 0
26 8 22 22 0
9 25 20 24 5
25 9 20 24 5
9 25 24 20 5
25 9 24 20 5
9 25 21 23 6
25 9 21 23 6
9 25 23 21 6
25 9 23 21 6
9 25 22 22 7
25 9 22 22 7
6 28 16 28 0
28 6 16 28 0
6 28 28 16 0
28 6 28 16 0
6 28 17 27 0
28 6 17 27 0
6 28 27 17 0
28 6 27 17 0
6 28 18 26 0
28 6 18 26 0
6 28 26 18 0
28 6 26 18 0
6 28 19 25 0
28 6 19 25 0
6 28 25 19 0
28 6 25 19 0
7 27 16 28 0
27 7 16 28 0
7 27 28 16 0
27 7 28 16 0
7 27 17 27 0
27 7 17 27 0
7 27 27 17 0
27 7 27 17 0
7 27 18 26 0
27 7 18 26 0
7 27 26 18 0
27 7 26 18 0
7 27 19 25 0
27 7 19 25 0
7 27 25 19 0
27 7 25 19 0
8 26 16 28 0
26 8 16 28 0
8 26 28 16 0
26 8 28 16 0
8 26 17 27 0
26 8 17 27 0
8 26 27 17 0
26 8 27 17 0
8 26 18 26 0
26 8 18 26 0
8 26 26 18 0
26 8 26 18 0
8 26 19 25 0
26 8 19 25 0
8 26 25 19 0
26 8 25 19 0
9 25 16 28 0
25 9 16 28 0
9 25 28 16 0
25 9 28 16 0
9 25 17 27 0
25 9 17 27 0
9 25 27 17 0
25 9 27 17 0
9 25 18 26 1
25 9 18 26 1
9 25 26 18 1
25 9 26 18 1
9 25 19 25 2
25 9 19 25 2
9 25 25 19 2
25 9 25 19 2
10 24 16 28 1
24 10 16 28 1
10 24 28 16 1
24 10 28 16 1
10 24 17 27 5
24 10 17 27 5
10 24 27 17 5
24 10 27 17 5
10 24 18 26 13
24 10 18 26 13
10 24 26 18 13
24 10 26 18 13
10 24 19 25 24
24 10 19 25 24
10 24 25 19 24
24 10 25 19 24
10 24 20 24 38
24 10 20 24 38
10 24 24 20 38
24 10 24 20 38
10 24 21 23 48
24 10 21 23 48
10 24 23 21 48
24 10 23 21 48
10 24 22 22 52
24 10 22 22 52
11 23 16 28 14
23 11 16 28 14
11 23 28 16 14
23 11 28 16 14
11 23 17 27 35
23 11 17 27 35
11 23 27 17 35
23 11 27 17 35
11 23 18 26 72
23 11 18 26 72
11 23 26 18 72
23 11 26 18 72
11 23 19 25 118
23 11 19 25 118
11 23 25 19 118
23 11 25 19 118
11 23 20 24 171
23 11 20 24 171
11 23 24 20 171
23 11 24 20 171
11 23 21 23 208
23 11 21 23 208
11 23 23 21 208
23 11 23 21 208
11 23 22 22 224
23 11 22 22 224
7 27 14 30 0
27 7 14 30 0
7 27 30 14 0
27 7 30 14 0
7 27 15 29 0
27 7 15 29 0
7 27 29 15 0
27 7 29 15 0
8 26 14 30 0
26 8 14 30 0
8 26 30 14 0
26 8 30 14 0
8 26 15 29 0
26 8 15 29 0
8 26 29 15 0
26 8 29 15 0
9 25 14 30 0
25 9 14 30 0
9 25 30 14 0
25 9 30 14 0
9 25 15 29 0
25 9 15 29 0
9 25 29 15 0
25 9 29 15 0
10 24 14 30 0
24 10 14 30 0
10 24 30 14 0
24 10 30 14 0
10 24 15 29 0
24 10 15 29 0
10 24 29 15 0
24 10 29 15 0
11 23 14 30 1
23 11 14 30 1
11 23 30 14 1
23 11 30 14 1
11 23 15 29 4
23 11 15 29 4
11 23 29 15 4
23 11 29 15 4
8 26 13 31 0
26 8 13 31 0
8 26 31 13 0
26 8 31 13 0
9 25 13 31 0
25 9 13 31 0
9 25 31 13 0
25 9 31 13 0
10 24 13 31 0
24 10 13 31 0
10 24 31 13 0
24 10 31 13 0
11 23 13 31 0
23 11 13 31 0
11 23 31 13 0
23 11 31 13 0
12 22 13 31 1
22 12 13 31 1
12 22 31 13 1
22 12 31 13 1
12 22 14 30 6
22 12 14 30 6
12 22 30 14 6
22 12 30 14 6
12 22 15 29 22
22 12 15 29 22
12 22 29 15 22
22 12 29 15 22
12 22 16 28 60
22 12 16 28 60
12 22 28 16 60
22 12 28 16 60
12 22 17 27 132
22 12 17 27 132
12 22 27 17 132
22 12 27 17 132
12 22 18 26 242
22 12 18 26 242
12 22 26 18 242
22 12 26 18 242
12 22 19 25 378
22 12 19 25 378
12 22 25 19 378
22 12 25 19 378
12 22 20 24 518
22 12 20 24 518
12 22 24 20 518
22 12 24 20 518
12 22 21 23 621
22 12 21 23 621
12 22 23 21 621
22 12 23 21 621
12 22 22 22 660
22 12 22 22 660
13 21 14 30 25
21 13 14 30 25
13 21 30 14 25
21 13 30 14 25
13 21 15 29 73
21 13 15 29 73
13 21 29 15 73
21 13 29 15 73
13 21 16 28 176
21 13 16 28 176
13 21 28 16 176
21 13 28 16 176
13 21 17 27 350
21 13 17 27 350
13 21 27 17 350
21 13 27 17 350
13 21 18 26 605
21 13 18 26 605
13 21 26 18 605
21 13 26 18 605
13 21 19 25 905
21 13 19 25 905
13 21 25 19 905
21 13 25 19 905
13 21 20 24 1208
21 13 20 24 1208
13 21 24 20 1208
21 13 24 20 1208
13 21 21 23 1424
21 13 21 23 1424
13 21 23 21 1424
21 13 23 21 1424
13 21 22 22 1509
21 13 22 22 1509
9 25 12 32 0
25 9 12 32 0
9 25 32 12 0
25 9 32 12 0
10 24 12 32 0
24 10 12 32 0
10 24 32 12 0
24 10 32 12 0
11 23 12 32 0
23 11 12 32 0
11 23 32 12 0
23 11 32 12 0
12 22 12 32 0
22 12 12 32 0
12 22 32 12 0
22 12 32 12 0
13 21 12 32 1
21 13 12 32 1
13 21 32 12 1
21 13 32 12 1
13 21 13 31 6
21 13 13 31 6
13 21 31 13 6
21 13 31 13 6
14 20 12 32 3
20 14 12 32 3
14 20 32 12 3
20 14 32 12 3
14 20 13 31 17
20 14 13 31 17
14 20 31 13 17
20 14 31 13 17
14 20 14 30 61
20 14 14 30 61
14 20 30 14 61
20 14 30 14 61
14 20 15 29 166
20 14 15 29 166
14 20 29 15 166
20 14 29 15 166
14 20 16 28 371
20 14 16 28 371
14 20 28 16 371
20 14 28 16 371
14 20 17 27 706
20 14 17 27 706
14 20 27 17 706
20 14 27 17 706
14 20 18 26 1172
20 14 18 26 1172
14 20 26 18 1172
20 14 26 18 1172
14 20 19 25 1714
20 14 19 25 1714
14 20 25 19 1714
20 14 25 19 1714
14 20 20 24 2241
20 14 20 24 2241
14 20 24 20 2241
20 14 24 20 2241
14 20 21 23 2622
20 14 21 23 2622
14 20 23 21 2622
20 14 23 21 2622
14 20 22 22 2764
20 14 22 22 2764
15 19 14 30 114
19 15 14 30 114
15 19 30 14 114
19 15 30 14 114
15 19 15 29 289
19 15 15 29 289
15 19 29 15 289
19 15 29 15 289
15 19 16 28 620
19 15 16 28 620
15 19 28 16 620
19 15 28 16 620
15 19 17 27 1140
19 15 17 27 1140
15 19 27 17 1140
19 15 27 17 1140
15 19 18 26 1851
19 15 18 26 1851
15 19 26 18 1851
19 15 26 18 1851
15 19 19 25 2659
19 15 19 25 2659
15 19 25 19 2659
19 15 25 19 2659
15 19 20 24 3440
19 15 20 24 3440
15 19 24 20 3440
19 15 24 20 3440
15 19 21 23 3995
19 15 21 23 3995
15 19 23 21 3995
19 15 23 21 3995
15 19 22 22 4206
19 15 22 22 4206
15 19 12 32 8
19 15 12 32 8
15 19 32 12 8
19 15 32 12 8
15 19 13 31 35
19 15 13 31 35
15 19 31 13 35
19 15 31 13 35
16 18 13 31 53
18 16 13 31 53
16 18 31 13 53
18 16 31 13 53
16 18 14 30 162
18 16 14 30 162
16 18 30 14 162
18 16 30 14 162
16 18 15 29 399
18 16 15 29 399
16 18 29 15 399
18 16 29 15 399
16 18 16 28 833
18 16 16 28 833
16 18 28 16 833
18 16 28 16 833
16 18 17 27 1509
18 16 17 27 1509
16 18 27 17 1509
18 16 27 17 1509
16 18 18 26 2414
18 16 18 26 2414
16 18 26 18 2414
18 16 26 18 2414
16 18 19 25 3441
18 16 19 25 3441
16 18 25 19 3441
18 16 25 19 3441
16 18 20 24 4418
18 16 20 24 4418
16 18 24 20 4418
18 16 24 20 4418
16 18 21 23 5118
18 16 21 23 5118
16 18 23 21 5118
18 16 23 21 5118
16 18 22 22 5376
18 16 22 22 5376
17 17 16 28 918
17 17 28 16 918
17 17 17 27 1651
17 17 27 17 1651
17 17 18 26 2635
17 17 26 18 2635
17 17 19 25 3741
17 17 25 19 3741
17 17 20 24 4799
17 17 24 20 4799
17 17 21 23 5548
17 17 23 21 5548
17 17 22 22 5830
17 17 14 30 181
17 17 30 14 181
17 17 15 29 441
17 17 29 15 441
10 24 10 34 0
24 10 10 34 0
10 24 34 10 0
24 10 34 10 0
10 24 11 33 0
24 10 11 33 0
10 24 33 11 0
24 10 33 11 0
11 23 10 34 0
23 11 10 34 0
11 23 34 10 0
23 11 34 10 0
11 23 11 33 0
23 11 11 33 0
11 23 33 11 0
23 11 33 11 0
12 22 10 34 0
22 12 10 34 0
12 22 34 10 0
22 12 34 10 0
12 22 11 33 0
22 12 11 33 0
12 22 33 11 0
22 12 33 11 0
13 21 10 34 0
21 13 10 34 0
13 21 34 10 0
21 13 34 10 0
13 21 11 33 0
21 13 11 33 0
13 21 33 11 0
21 13 33 11 0
14 20 10 34 0
20 14 10 34 0
14 20 34 10 0
20 14 34 10 0
14 20 11 33 0
20 14 11 33 0
14 20 33 11 0
20 14 33 11 0
15 19 10 34 0
19 15 10 34 0
15 19 34 10 0
19 15 34 10 0
15 19 11 33 1
19 15 11 33 1
15 19 33 11 1
19 15 33 11 1
16 18 12 32 13
18 16 12 32 13
16 18 32 12 13
18 16 32 12 13
12 22 9 35 0
22 12 9 35 0
12 22 35 9 0
22 12 35 9 0
13 21 9 35 0
21 13 9 35 0
13 21 35 9 0
21 13 35 9 0
14 20 9 35 0
20 14 9 35 0
14 20 35 9 0
20 14 35 9 0
15 19 9 35 0
19 15 9 35 0
15 19 35 9 0
19 15 35 9 0
16 18 9 35 0
18 16 9 35 0
16 18 35 9 0
18 16 35 9 0
16 18 10 34 0
18 16 10 34 0
16 18 34 10 0
18 16 34 10 0
16 18 11 33 2
18 16 11 33 2
16 18 33 11 2
18 16 33 11 2
17 17 10 34 0
17 17 34 10 0
17 17 11 33 2
17 17 33 11 2
17 17 12 32 15
17 17 32 12 15
17 17 13 31 59
17 17 31 13 59
13 21 8 36 0
21 13 8 36 0
13 21 36 8 0
21 13 36 8 0
14 20 8 36 0
20 14 8 36 0
14 20 36 8 0
20 14 36 8 0
15 19 8 36 0
19 15 8 36 0
15 19 36 8 0
19 15 36 8 0
16 18 8 36 0
18 16 8 36 0
16 18 36 8 0
18 16 36 8 0
17 17 8 36 0
17 17 36 8 0
17 17 9 35 0
17 17 35 9 0
