1 21 10 18 0
21 1 10 18 0
1 21 18 10 0
21 1 18 10 0
1 21 11 17 0
21 1 11 17 0
1 21 17 11 0
21 1 17 11 0
1 21 12 16 0
21 1 12 16 0
1 21 16 12 0
21 1 16 12 0
1 21 13 15 0
21 1 13 15 0
1 21 15 13 0
21 1 15 13 0
1 21 14 14 0
21 1 14 14 0
2 20 10 18 0
20 2 10 18 0
2 20 18 10 0
20 2 18 10 0
2 20 11 17 0
20 2 11 17 0
2 20 17 11 0
20 2 17 11 0
2 20 12 16 0
20 2 12 16 0
2 20 16 12 0
20 2 16 12 0
2 20 13 15 0
20 2 13 15 0
2 20 15 13 0
20 2 15 13 0
2 20 14 14 0
20 2 14 14 0
3 19 10 18 1
19 3 10 18 1
3 19 18 10 1
19 3 18 10 1
3 19 11 17 2
19 3 11 17 2
3 19 17 11 2
19 3 17 11 2
3 19 12 16 4
19 3 12 16 4
3 19 16 12 4
19 3 16 12 4
3 19 13 15 5
19 3 13 15 5
3 19 15 13 5
19 3 15 13 5
3 19 14 14 6
19 3 14 14 6
4 18 10 18 9
18 4 10 18 9
4 18 18 10 9
18 4 18 10 9
4 18 11 17 18
18 4 11 17 18
4 18 17 11 18
18 4 17 11 18
4 18 12 16 28
18 4 12 16 28
4 18 16 12 28
18 4 16 12 28
4 18 13 15 36
18 4 13 15 36
4 18 15 13 36
18 4 15 13 36
4 18 14 14 40
18 4 14 14 40
5 17 10 18 46
17 5 10 18 46
5 17 18 10 46
17 5 18 10 46
5 17 11 17 81
17 5 11 17 81
5 17 17 11 81
17 5 17 11 81
5 17 12 16 120
17 5 12 16 120
5 17 16 12 120
17 5 16 12 120
5 17 13 15 149
17 5 13 15 149
5 17 15 13 149
17 5 15 13 149
5 17 14 14 163
17 5 14 14 163
6 16 10 18 151
16 6 10 18 151
6 16 18 10 151
16 6 18 10 151
6 16 11 17 251
16 6 11 17 251
6 16 17 11 251
16 6 17 11 251
6 16 12 16 355
16 6 12 16 355
6 16 16 12 355
16 6 16 12 355
6 16 13 15 434
16 6 13 15 434
6 16 15 13 434
16 6 15 13 434
6 16 14 14 466
16 6 14 14 466
7 15 10 18 379
15 7 10 18 379
7 15 18 10 379
15 7 18 10 379
7 15 11 17 597
15 7 11 17 597
7 15 17 11 597
15 7 17 11 597
7 15 12 16 821
15 7 12 16 821
7 15 16 12 821
15 7 16 12 821
7 15 13 15 985
15 7 13 15 985
7 15 15 13 985
15 7 15 13 985
7 15 14 14 1052
15 7 14 14 1052
2 20 7 21 0
20 2 7 21 0
2 20 21 7 0
20 2 21 7 0
2 20 8 20 0
20 2 8 20 0
2 20 20 8 0
20 2 20 8 0
2 20 9 19 0
20 2 9 19 0
2 20 19 9 0
20 2 19 9 0
3 19 7 21 0
19 3 7 21 0
3 19 21 7 0
19 3 21 7 0
3 19 8 20 0
19 3 8 20 0
3 19 20 8 0
19 3 20 8 0
3 19 9 19 0
19 3 9 19 0
3 19 19 9 0
19 3 19 9 0
4 18 7 21 0
18 4 7 21 0
4 18 21 7 0
18 4 21 7 0
4 18 8 20 1
18 4 8 20 1
4 18 20 8 1
18 4 20 8 1
4 18 9 19 3
18 4 9 19 3
4 18 19 9 3
18 4 19 9 3
5 17 7 21 1
17 5 7 21 1
5 17 21 7 1
17 5 21 7 1
5 17 8 20 7
17 5 8 20 7
5 17 20 8 7
17 5 20 8 7
5 17 9 19 20
17 5 9 19 20
5 17 19 9 20
17 5 19 9 20
6 16 7 21 8
16 6 7 21 8
6 16 21 7 8
16 6 21 7 8
6 16 8 20 30
16 6 8 20 30
6 16 20 8 30
16 6 20 8 30
6 16 9 19 75
16 6 9 19 75
6 16 19 9 75
16 6 19 9 75
3 19 6 22 0
19 3 6 22 0
3 19 22 6 0
19 3 22 6 0
4 18 6 22 0
18 4 6 22 0
4 18 22 6 0
18 4 22 6 0
5 17 6 22 0
17 5 6 22 0
5 17 22 6 0
17 5 22 6 0
6 16 6 22 1
16 6 6 22 1
6 16 22 6 1
16 6 22 6 1
7 15 6 22 8
15 7 6 22 8
7 15 22 6 8
15 7 22 6 8
7 15 7 21 31
15 7 7 21 31
7 15 21 7 31
15 7 21 7 31
7 15 8 20 92
15 7 8 20 92
7 15 20 8 92
15 7 20 8 92
7 15 9 19 203
15 7 9 19 203
7 15 19 9 203
15 7 19 9 203
8 14 6 22 22
14 8 6 22 22
8 14 22 6 22
14 8 22 6 22
8 14 7 21 75
14 8 7 21 75
8 14 21 7 75
14 8 21 7 75
8 14 8 20 197
14 8 8 20 197
8 14 20 8 197
14 8 20 8 197
8 14 9 19 412
14 8 9 19 412
8 14 19 9 412
14 8 19 9 412
8 14 10 18 733
14 8 10 18 733
8 14 18 10 733
14 8 18 10 733
8 14 11 17 1124
14 8 11 17 1124
8 14 17 11 1124
14 8 17 11 1124
8 14 12 16 1513
14 8 12 16 1513
8 14 16 12 1513
14 8 16 12 1513
8 14 13 15 1800
14 8 13 15 1800
8 14 15 13 1800
14 8 15 13 1800
8 14 14 14 1910
14 8 14 14 1910
9 13 6 22 45
13 9 6 22 45
9 13 22 6 45
13 9 22 6 45
9 13 7 21 137
13 9 7 21 137
9 13 21 7 137
13 9 21 7 137
9 13 8 20 336
13 9 8 20 336
9 13 20 8 336
13 9 20 8 336
9 13 9 19 672
13 9 9 19 672
9 13 19 9 672
13 9 19 9 672
9 13 10 18 1162
13 9 10 18 1162
9 13 18 10 1162
13 9 18 10 1162
9 13 11 17 1743
13 9 11 17 1743
9 13 17 11 1743
13 9 17 11 1743
9 13 12 16 2318
13 9 12 16 2318
9 13 16 12 2318
13 9 16 12 2318
9 13 13 15 2735
13 9 13 15 2735
9 13 15 13 2735
13 9 15 13 2735
9 13 14 14 2897
13 9 14 14 2897
10 12 7 21 192
12 10 7 21 192
10 12 21 7 192
12 10 21 7 192
10 12 8 20 454
12 10 8 20 454
10 12 20 8 454
12 10 20 8 454
10 12 9 19 892
12 10 9 19 892
10 12 19 9 892
12 10 19 9 892
10 12 10 18 1515
12 10 10 18 1515
10 12 18 10 1515
12 10 18 10 1515
10 12 11 17 2252
12 10 11 17 2252
10 12 17 11 2252
12 10 17 11 2252
10 12 12 16 2970
12 10 12 16 2970
10 12 16 12 2970
12 10 16 12 2970
10 12 13 15 3494
12 10 13 15 3494
10 12 15 13 3494
12 10 15 13 3494
10 12 14 14 3692
12 10 14 14 3692
4 18 4 24 0
18 4 4 24 0
4 18 24 4 0
18 4 24 4 0
4 18 5 23 0
18 4 5 23 0
4 18 23 5 0
18 4 23 5 0
5 17 4 24 0
17 5 4 24 0
5 17 24 4 0
17 5 24 4 0
5 17 5 23 0
17 5 5 23 0
5 17 23 5 0
17 5 23 5 0
6 16 4 24 0
16 6 4 24 0
6 16 24 4 0
16 6 24 4 0
6 16 5 23 0
16 6 5 23 0
6 16 23 5 0
16 6 23 5 0
7 15 4 24 0
15 7 4 24 0
7 15 24 4 0
15 7 24 4 0
7 15 5 23 1
15 7 5 23 1
7 15 23 5 1
15 7 23 5 1
8 14 4 24 0
14 8 4 24 0
8 14 24 4 0
14 8 24 4 0
8 14 5 23 4
14 8 5 23 4
8 14 23 5 4
14 8 23 5 4
9 13 4 24 1
13 9 4 24 1
9 13 24 4 1
13 9 24 4 1
9 13 5 23 10
13 9 5 23 10
9 13 23 5 10
13 9 23 5 10
6 16 3 25 0
16 6 3 25 0
6 16 25 3 0
16 6 25 3 0
7 15 3 25 0
15 7 3 25 0
7 15 25 3 0
15 7 25 3 0
8 14 3 25 0
14 8 3 25 0
8 14 25 3 0
14 8 25 3 0
9 13 3 25 0
13 9 3 25 0
9 13 25 3 0
13 9 25 3 0
10 12 3 25 0
12 10 3 25 0
10 12 25 3 0
12 10 25 3 0
10 12 4 24 2
12 10 4 24 2
10 12 24 4 2
12 10 24 4 2
10 12 5 23 16
12 10 5 23 16
10 12 23 5 16
12 10 23 5 16
10 12 6 22 65
12 10 6 22 65
10 12 22 6 65
12 10 22 6 65
11 11 4 24 3
11 11 24 4 3
11 11 5 23 19
11 11 23 5 19
11 11 6 22 75
11 11 22 6 75
11 11 7 21 215
11 11 21 7 215
11 11 8 20 504
11 11 20 8 504
11 11 9 19 980
11 11 19 9 980
11 11 10 18 1658
11 11 18 10 1658
11 11 11 17 2452
11 11 17 11 2452
11 11 12 16 3229
11 11 16 12 3229
11 11 13 15 3790
11 11 15 13 3790
11 11 14 14 4006
7 15 2 26 0
15 7 2 26 0
7 15 26 2 0
15 7 26 2 0
8 14 2 26 0
14 8 2 26 0
8 14 26 2 0
14 8 26 2 0
9 13 2 26 0
13 9 2 26 0
9 13 26 2 0
13 9 26 2 0
10 12 2 26 0
12 10 2 26 0
10 12 26 2 0
12 10 26 2 0
11 11 2 26 0
11 11 26 2 0
11 11 3 25 0
11 11 25 3 0
