7 30 20 28 0
30 7 20 28 0
7 30 28 20 0
30 7 28 20 0
7 30 21 27 0
30 7 21 27 0
7 30 27 21 0
30 7 27 21 0
7 30 22 26 0
30 7 22 26 0
7 30 26 22 0
30 7 26 22 0
7 30 23 25 0
30 7 23 25 0
7 30 25 23 0
30 7 25 23 0
7 30 24 24 0
30 7 24 24 0
8 29 20 28 0
29 8 20 28 0
8 29 28 20 0
29 8 28 20 0
8 29 21 27 0
29 8 21 27 0
8 29 27 21 0
29 8 27 21 0
8 29 22 26 0
29 8 22 26 0
8 29 26 22 0
29 8 26 22 0
8 29 23 25 0
29 8 23 25 0
8 29 25 23 0
29 8 25 23 0
8 29 24 24 0
29 8 24 24 0
9 28 20 28 0
28 9 20 28 0
9 28 28 20 0
28 9 28 20 0
9 28 21 27 0
28 9 21 27 0
9 28 27 21 0
28 9 27 21 0
9 28 22 26 0
28 9 22 26 0
9 28 26 22 0
28 9 26 22 0
9 28 23 25 0
28 9 23 25 0
9 28 25 23 0
28 9 25 23 0
9 28 24 24 0
28 9 24 24 0
10 27 20 28 0
27 10 20 28 0
10 27 28 20 0
27 10 28 20 0
10 27 21 27 0
27 10 21 27 0
10 27 27 21 0
27 10 27 21 0
10 27 22 26 0
27 10 22 26 0
10 27 26 22 0
27 10 26 22 0
10 27 23 25 0
27 10 23 25 0
10 27 25 23 0
27 10 25 23 0
10 27 24 24 0
27 10 24 24 0
11 26 20 28 1
26 11 20 28 1
11 26 28 20 1
26 11 28 20 1
11 26 21 27 3
26 11 21 27 3
11 26 27 21 3
26 11 27 21 3
11 26 22 26 5
26 11 22 26 5
11 26 26 22 5
26 11 26 22 5
11 26 23 25 7
26 11 23 25 7
11 26 25 23 7
26 11 25 23 7
11 26 24 24 8
26 11 24 24 8
12 25 20 28 13
25 12 20 28 13
12 25 28 20 13
25 12 28 20 13
12 25 21 27 25
25 12 21 27 25
12 25 27 21 25
25 12 27 21 25
12 25 22 26 38
25 12 22 26 38
12 25 26 22 38
25 12 26 22 38
12 25 23 25 49
25 12 23 25 49
12 25 25 23 49
25 12 25 23 49
12 25 24 24 53
25 12 24 24 53
8 29 17 31 0
29 8 17 31 0
8 29 31 17 0
29 8 31 17 0
8 29 18 30 0
29 8 18 30 0
8 29 30 18 0
29 8 30 18 0
8 29 19 29 0
29 8 19 29 0
8 29 29 19 0
29 8 29 19 0
9 28 17 31 0
28 9 17 31 0
9 28 31 17 0
28 9 31 17 0
9 28 18 30 0
28 9 18 30 0
9 28 30 18 0
28 9 30 18 0
9 28 19 29 0
28 9 19 29 0
9 28 29 19 0
28 9 29 19 0
10 27 17 31 0
27 10 17 31 0
10 27 31 17 0
27 10 31 17 0
10 27 18 30 0
27 10 18 30 0
10 27 30 18 0
27 10 30 18 0
10 27 19 29 0
27 10 19 29 0
10 27 29 19 0
27 10 29 19 0
11 26 17 31 0
26 11 17 31 0
11 26 31 17 0
26 11 31 17 0
11 26 18 30 0
26 11 18 30 0
11 26 30 18 0
26 11 30 18 0
11 26 19 29 0
26 11 19 29 0
11 26 29 19 0
26 11 29 19 0
12 25 17 31 0
25 12 17 31 0
12 25 31 17 0
25 12 31 17 0
12 25 18 30 1
25 12 18 30 1
12 25 30 18 1
25 12 30 18 1
12 25 19 29 5
25 12 19 29 5
12 25 29 19 5
25 12 29 19 5
9 28 16 32 0
28 9 16 32 0
9 28 32 16 0
28 9 32 16 0
10 27 16 32 0
27 10 16 32 0
10 27 32 16 0
27 10 32 16 0
11 26 16 32 0
26 11 16 32 0
11 26 32 16 0
26 11 32 16 0
12 25 16 32 0
25 12 16 32 0
12 25 32 16 0
25 12 32 16 0
13 24 16 32 1
24 13 16 32 1
13 24 32 16 1
24 13 32 16 1
13 24 17 31 4
24 13 17 31 4
13 24 31 17 4
24 13 31 17 4
13 24 18 30 13
24 13 18 30 13
13 24 30 18 13
24 13 30 18 13
13 24 19 29 33
24 13 19 29 33
13 24 29 19 33
24 13 29 19 33
13 24 20 28 67
24 13 20 28 67
13 24 28 20 67
24 13 28 20 67
13 24 21 27 112
24 13 21 27 112
13 24 27 21 112
24 13 27 21 112
13 24 22 26 159
24 13 22 26 159
13 24 26 22 159
24 13 26 22 159
13 24 23 25 196
24 13 23 25 196
13 24 25 23 196
24 13 25 23 196
13 24 24 24 209
24 13 24 24 209
14 23 17 31 21
23 14 17 31 21
14 23 31 17 21
23 14 31 17 21
14 23 18 30 55
23 14 18 30 55
14 23 30 18 55
23 14 30 18 55
14 23 19 29 118
23 14 19 29 118
14 23 29 19 118
23 14 29 19 118
14 23 20 28 214
23 14 20 28 214
14 23 28 20 214
23 14 28 20 214
14 23 21 27 335
23 14 21 27 335
14 23 27 21 335
23 14 27 21 335
14 23 22 26 455
23 14 22 26 455
14 23 26 22 455
23 14 26 22 455
14 23 23 25 547
23 14 23 25 547
14 23 25 23 547
23 14 25 23 547
14 23 24 24 580
23 14 24 24 580
10 27 14 34 0
27 10 14 34 0
10 27 34 14 0
27 10 34 14 0
10 27 15 33 0
27 10 15 33 0
10 27 33 15 0
27 10 33 15 0
11 26 14 34 0
26 11 14 34 0
11 26 34 14 0
26 11 34 14 0
11 26 15 33 0
26 11 15 33 0
11 26 33 15 0
26 11 33 15 0
12 25 14 34 0
25 12 14 34 0
12 25 34 14 0
25 12 34 14 0
12 25 15 33 0
25 12 15 33 0
12 25 33 15 0
25 12 33 15 0
13 24 14 34 0
24 13 14 34 0
13 24 34 14 0
24 13 34 14 0
13 24 15 33 0
24 13 15 33 0
13 24 33 15 0
24 13 33 15 0
14 23 14 34 0
23 14 14 34 0
14 23 34 14 0
23 14 34 14 0
14 23 15 33 1
23 14 15 33 1
14 23 33 15 1
23 14 33 15 1
14 23 16 32 6
23 14 16 32 6
14 23 32 16 6
23 14 32 16 6
15 22 14 34 1
22 15 14 34 1
15 22 34 14 1
22 15 34 14 1
15 22 15 33 5
22 15 15 33 5
15 22 33 15 5
22 15 33 15 5
15 22 16 32 21
22 15 16 32 21
15 22 32 16 21
22 15 32 16 21
15 22 17 31 62
22 15 17 31 62
15 22 31 17 62
22 15 31 17 62
15 22 18 30 146
22 15 18 30 146
15 22 30 18 146
22 15 30 18 146
15 22 19 29 291
22 15 19 29 291
15 22 29 19 291
22 15 29 19 291
15 22 20 28 498
22 15 20 28 498
15 22 28 20 498
22 15 28 20 498
15 22 21 27 747
22 15 21 27 747
15 22 27 21 747
22 15 27 21 747
15 22 22 26 990
22 15 22 26 990
15 22 26 22 990
22 15 26 22 990
15 22 23 25 1171
22 15 23 25 1171
15 22 25 23 1171
22 15 25 23 1171
15 22 24 24 1236
22 15 24 24 1236
16 21 16 32 49
21 16 16 32 49
16 21 32 16 49
21 16 32 16 49
16 21 17 31 131
21 16 17 31 131
16 21 31 17 131
21 16 31 17 131
16 21 18 30 289
21 16 18 30 289
16 21 30 18 289
21 16 30 18 289
16 21 19 29 548
21 16 19 29 548
16 21 29 19 548
21 16 29 19 548
16 21 20 28 905
21 16 20 28 905
16 21 28 20 905
21 16 28 20 905
16 21 21 27 1323
21 16 21 27 1323
16 21 27 21 1323
21 16 27 21 1323
16 21 22 26 1724
21 16 22 26 1724
16 21 26 22 1724
21 16 26 22 1724
16 21 23 25 2019
21 16 23 25 2019
16 21 25 23 2019
21 16 25 23 2019
16 21 24 24 2125
21 16 24 24 2125
12 25 13 35 0
25 12 13 35 0
12 25 35 13 0
25 12 35 13 0
13 24 13 35 0
24 13 13 35 0
13 24 35 13 0
24 13 35 13 0
14 23 13 35 0
23 14 13 35 0
14 23 35 13 0
23 14 35 13 0
15 22 13 35 0
22 15 13 35 0
15 22 35 13 0
22 15 35 13 0
16 21 13 35 0
21 16 13 35 0
16 21 35 13 0
21 16 35 13 0
16 21 14 34 3
21 16 14 34 3
16 21 34 14 3
21 16 34 14 3
16 21 15 33 14
21 16 15 33 14
16 21 33 15 14
21 16 33 15 14
17 20 14 34 5
20 17 14 34 5
17 20 34 14 5
20 17 34 14 5
17 20 15 33 24
20 17 15 33 24
17 20 33 15 24
20 17 33 15 24
17 20 16 32 80
20 17 16 32 80
17 20 32 16 80
20 17 32 16 80
17 20 17 31 206
20 17 17 31 206
17 20 31 17 206
20 17 31 17 206
17 20 18 30 442
20 17 18 30 442
17 20 30 18 442
20 17 30 18 442
17 20 19 29 816
20 17 19 29 816
17 20 29 19 816
20 17 29 19 816
17 20 20 28 1322
20 17 20 28 1322
17 20 28 20 1322
20 17 28 20 1322
17 20 21 27 1906
20 17 21 27 1906
17 20 27 21 1906
20 17 27 21 1906
17 20 22 26 2459
20 17 22 26 2459
17 20 26 22 2459
20 17 26 22 2459
17 20 23 25 2863
20 17 23 25 2863
17 20 25 23 2863
20 17 25 23 2863
17 20 24 24 3009
20 17 24 24 3009
18 19 17 31 260
19 18 17 31 260
18 19 31 17 260
19 18 31 17 260
18 19 18 30 546
19 18 18 30 546
18 19 30 18 546
19 18 30 18 546
18 19 19 29 995
19 18 19 29 995
18 19 29 19 995
19 18 29 19 995
18 19 20 28 1596
19 18 20 28 1596
18 19 28 20 1596
19 18 28 20 1596
18 19 21 27 2284
19 18 21 27 2284
18 19 27 21 2284
19 18 27 21 2284
18 19 22 26 2933
19 18 22 26 2933
18 19 26 22 2933
19 18 26 22 2933
18 19 23 25 3405
19 18 23 25 3405
18 19 25 23 3405
19 18 25 23 3405
18 19 24 24 3574
19 18 24 24 3574
18 19 14 34 8
19 18 14 34 8
18 19 34 14 8
19 18 34 14 8
18 19 15 33 33
19 18 15 33 33
18 19 33 15 33
19 18 33 15 33
18 19 16 32 104
19 18 16 32 104
18 19 32 16 104
19 18 32 16 104
11 26 13 35 0
26 11 13 35 0
11 26 35 13 0
26 11 35 13 0
12 25 12 36 0
25 12 12 36 0
12 25 36 12 0
25 12 36 12 0
13 24 12 36 0
24 13 12 36 0
13 24 36 12 0
24 13 36 12 0
14 23 12 36 0
23 14 12 36 0
14 23 36 12 0
23 14 36 12 0
15 22 12 36 0
22 15 12 36 0
15 22 36 12 0
22 15 36 12 0
16 21 12 36 0
21 16 12 36 0
16 21 36 12 0
21 16 36 12 0
13 24 11 37 0
24 13 11 37 0
13 24 37 11 0
24 13 37 11 0
14 23 11 37 0
23 14 11 37 0
14 23 37 11 0
23 14 37 11 0
15 22 11 37 0
22 15 11 37 0
15 22 37 11 0
22 15 37 11 0
16 21 11 37 0
21 16 11 37 0
16 21 37 11 0
21 16 37 11 0
17 20 11 37 0
20 17 11 37 0
17 20 37 11 0
20 17 37 11 0
17 20 12 36 0
20 17 12 36 0
17 20 36 12 0
20 17 36 12 0
17 20 13 35 0
20 17 13 35 0
17 20 35 13 0
20 17 35 13 0
18 19 12 36 0
19 18 12 36 0
18 19 36 12 0
19 18 36 12 0
18 19 13 35 1
19 18 13 35 1
18 19 35 13 1
19 18 35 13 1
18 19 11 37 0
19 18 11 37 0
18 19 37 11 0
19 18 37 11 0
15 22 10 38 0
22 15 10 38 0
15 22 38 10 0
22 15 38 10 0
16 21 10 38 0
21 16 10 38 0
16 21 38 10 0
21 16 38 10 0
17 20 10 38 0
20 17 10 38 0
17 20 38 10 0
20 17 38 10 0
18 19 10 38 0
19 18 10 38 0
18 19 38 10 0
19 18 38 10 0
