2 23 11 21 0
23 2 11 21 0
2 23 21 11 0
23 2 21 11 0
2 23 12 20 0
23 2 12 20 0
2 23 20 12 0
23 2 20 12 0
2 23 13 19 0
23 2 13 19 0
2 23 19 13 0
23 2 19 13 0
2 23 14 18 0
23 2 14 18 0
2 23 18 14 0
23 2 18 14 0
2 23 15 17 0
23 2 15 17 0
2 23 17 15 0
23 2 17 15 0
3 22 11 21 0
22 3 11 21 0
3 22 21 11 0
22 3 21 11 0
3 22 12 20 0
22 3 12 20 0
3 22 20 12 0
22 3 20 12 0
3 22 13 19 0
22 3 13 19 0
3 22 19 13 0
22 3 19 13 0
3 22 14 18 0
22 3 14 18 0
3 22 18 14 0
22 3 18 14 0
3 22 15 17 0
22 3 15 17 0
3 22 17 15 0
22 3 17 15 0
4 21 11 21 0
21 4 11 21 0
4 21 21 11 0
21 4 21 11 0
4 21 12 20 0
21 4 12 20 0
4 21 20 12 0
21 4 20 12 0
4 21 13 19 1
21 4 13 19 1
4 21 19 13 1
21 4 19 13 1
4 21 14 18 2
21 4 14 18 2
4 21 18 14 2
21 4 18 14 2
4 21 15 17 3
21 4 15 17 3
4 21 17 15 3
21 4 17 15 3
5 20 11 21 3
20 5 11 21 3
5 20 21 11 3
20 5 21 11 3
5 20 12 20 7
20 5 12 20 7
5 20 20 12 7
20 5 20 12 7
5 20 13 19 14
20 5 13 19 14
5 20 19 13 14
20 5 19 13 14
5 20 14 18 22
20 5 14 18 22
5 20 18 14 22
20 5 18 14 22
5 20 15 17 29
20 5 15 17 29
5 20 17 15 29
20 5 17 15 29
6 19 11 21 19
19 6 11 21 19
6 19 21 11 19
19 6 21 11 19
6 19 12 20 41
19 6 12 20 41
6 19 20 12 41
19 6 20 12 41
6 19 13 19 73
19 6 13 19 73
6 19 19 13 73
19 6 19 13 73
6 19 14 18 107
19 6 14 18 107
6 19 18 14 107
19 6 18 14 107
6 19 15 17 135
19 6 15 17 135
6 19 17 15 135
19 6 17 15 135
2 23 16 16 0
23 2 16 16 0
3 22 16 16 0
22 3 16 16 0
4 21 16 16 3
21 4 16 16 3
5 20 16 16 31
20 5 16 16 31
6 19 16 16 144
19 6 16 16 144
3 22 10 22 0
22 3 10 22 0
3 22 22 10 0
22 3 22 10 0
4 21 10 22 0
21 4 10 22 0
4 21 22 10 0
21 4 22 10 0
5 20 10 22 1
20 5 10 22 1
5 20 22 10 1
20 5 22 10 1
6 19 10 22 6
19 6 10 22 6
6 19 22 10 6
19 6 22 10 6
7 18 10 22 33
18 7 10 22 33
7 18 22 10 33
18 7 22 10 33
7 18 11 21 81
18 7 11 21 81
7 18 21 11 81
18 7 21 11 81
7 18 12 20 157
18 7 12 20 157
7 18 20 12 157
18 7 20 12 157
7 18 13 19 257
18 7 13 19 257
7 18 19 13 257
18 7 19 13 257
7 18 14 18 360
18 7 14 18 360
7 18 18 14 360
18 7 18 14 360
7 18 15 17 440
18 7 15 17 440
7 18 17 15 440
18 7 17 15 440
7 18 16 16 468
18 7 16 16 468
8 17 10 22 107
17 8 10 22 107
8 17 22 10 107
17 8 22 10 107
8 17 11 21 235
17 8 11 21 235
8 17 21 11 235
17 8 21 11 235
8 17 12 20 426
17 8 12 20 426
8 17 20 12 426
17 8 20 12 426
8 17 13 19 666
17 8 13 19 666
8 17 19 13 666
17 8 19 13 666
8 17 14 18 905
17 8 14 18 905
8 17 18 14 905
17 8 18 14 905
8 17 15 17 1087
17 8 15 17 1087
8 17 17 15 1087
17 8 17 15 1087
8 17 16 16 1151
17 8 16 16 1151
9 16 10 22 256
16 9 10 22 256
9 16 22 10 256
16 9 22 10 256
9 16 11 21 522
16 9 11 21 522
9 16 21 11 522
16 9 21 11 522
9 16 12 20 904
16 9 12 20 904
9 16 20 12 904
16 9 20 12 904
9 16 13 19 1367
16 9 13 19 1367
9 16 19 13 1367
16 9 19 13 1367
9 16 14 18 1820
16 9 14 18 1820
9 16 18 14 1820
16 9 18 14 1820
9 16 15 17 2158
16 9 15 17 2158
9 16 17 15 2158
16 9 17 15 2158
9 16 16 16 2279
16 9 16 16 2279
10 15 11 21 921
15 10 11 21 921
10 15 21 11 921
15 10 21 11 921
10 15 12 20 1548
15 10 12 20 1548
10 15 20 12 1548
15 10 20 12 1548
10 15 13 19 2291
15 10 13 19 2291
10 15 19 13 2291
15 10 19 13 2291
10 15 14 18 3008
15 10 14 18 3008
10 15 18 14 3008
15 10 18 14 3008
10 15 15 17 3538
15 10 15 17 3538
10 15 17 15 3538
15 10 17 15 3538
10 15 16 16 3728
15 10 16 16 3728
3 22 9 23 0
22 3 9 23 0
3 22 23 9 0
22 3 23 9 0
4 21 9 23 0
21 4 9 23 0
4 21 23 9 0
21 4 23 9 0
5 20 9 23 0
20 5 9 23 0
5 20 23 9 0
20 5 23 9 0
6 19 9 23 1
19 6 9 23 1
6 19 23 9 1
19 6 23 9 1
7 18 9 23 10
18 7 9 23 10
7 18 23 9 10
18 7 23 9 10
4 21 7 25 0
21 4 7 25 0
4 21 25 7 0
21 4 25 7 0
4 21 8 24 0
21 4 8 24 0
4 21 24 8 0
21 4 24 8 0
5 20 7 25 0
20 5 7 25 0
5 20 25 7 0
20 5 25 7 0
5 20 8 24 0
20 5 8 24 0
5 20 24 8 0
20 5 24 8 0
6 19 7 25 0
19 6 7 25 0
6 19 25 7 0
19 6 25 7 0
6 19 8 24 0
19 6 8 24 0
6 19 24 8 0
19 6 24 8 0
7 18 7 25 0
18 7 7 25 0
7 18 25 7 0
18 7 25 7 0
7 18 8 24 2
18 7 8 24 2
7 18 24 8 2
18 7 24 8 2
8 17 7 25 1
17 8 7 25 1
8 17 25 7 1
17 8 25 7 1
8 17 8 24 10
17 8 8 24 10
8 17 24 8 10
17 8 24 8 10
8 17 9 23 39
17 8 9 23 39
8 17 23 9 39
17 8 23 9 39
9 16 7 25 7
16 9 7 25 7
9 16 25 7 7
16 9 25 7 7
9 16 8 24 33
16 9 8 24 33
9 16 24 8 33
16 9 24 8 33
9 16 9 23 104
16 9 9 23 104
9 16 23 9 104
16 9 23 9 104
6 19 6 26 0
19 6 6 26 0
6 19 26 6 0
19 6 26 6 0
7 18 6 26 0
18 7 6 26 0
7 18 26 6 0
18 7 26 6 0
8 17 6 26 0
17 8 6 26 0
8 17 26 6 0
17 8 26 6 0
9 16 6 26 1
16 9 6 26 1
9 16 26 6 1
16 9 26 6 1
10 15 6 26 3
15 10 6 26 3
10 15 26 6 3
15 10 26 6 3
10 15 7 25 18
15 10 7 25 18
10 15 25 7 18
15 10 25 7 18
10 15 8 24 71
15 10 8 24 71
10 15 24 8 71
15 10 24 8 71
10 15 9 23 204
15 10 9 23 204
10 15 23 9 204
15 10 23 9 204
10 15 10 22 472
15 10 10 22 472
10 15 22 10 472
15 10 22 10 472
11 14 7 25 32
14 11 7 25 32
11 14 25 7 32
14 11 25 7 32
11 14 8 24 115
14 11 8 24 115
11 14 24 8 115
14 11 24 8 115
11 14 9 23 313
14 11 9 23 313
11 14 23 9 313
14 11 23 9 313
11 14 10 22 698
14 11 10 22 698
11 14 22 10 698
14 11 22 10 698
11 14 11 21 1327
14 11 11 21 1327
11 14 21 11 1327
14 11 21 11 1327
11 14 12 20 2191
14 11 12 20 2191
11 14 20 12 2191
14 11 20 12 2191
11 14 13 19 3201
14 11 13 19 3201
11 14 19 13 3201
14 11 19 13 3201
11 14 14 18 4168
14 11 14 18 4168
11 14 18 14 4168
14 11 18 14 4168
11 14 15 17 4877
14 11 15 17 4877
11 14 17 15 4877
14 11 17 15 4877
11 14 16 16 5132
14 11 16 16 5132
12 13 7 25 43
13 12 7 25 43
12 13 25 7 43
13 12 25 7 43
12 13 8 24 146
13 12 8 24 146
12 13 24 8 146
13 12 24 8 146
12 13 9 23 387
13 12 9 23 387
12 13 23 9 387
13 12 23 9 387
12 13 10 22 847
13 12 10 22 847
12 13 22 10 847
13 12 22 10 847
12 13 11 21 1590
13 12 11 21 1590
12 13 21 11 1590
13 12 21 11 1590
12 13 12 20 2601
13 12 12 20 2601
12 13 20 12 2601
13 12 20 12 2601
12 13 13 19 3777
13 12 13 19 3777
12 13 19 13 3777
13 12 19 13 3777
12 13 14 18 4897
13 12 14 18 4897
12 13 18 14 4897
13 12 18 14 4897
12 13 15 17 5716
13 12 15 17 5716
12 13 17 15 5716
13 12 17 15 5716
12 13 16 16 6010
13 12 16 16 6010
5 20 6 26 0
20 5 6 26 0
5 20 26 6 0
20 5 26 6 0
6 19 5 27 0
19 6 5 27 0
6 19 27 5 0
19 6 27 5 0
7 18 5 27 0
18 7 5 27 0
7 18 27 5 0
18 7 27 5 0
8 17 5 27 0
17 8 5 27 0
8 17 27 5 0
17 8 27 5 0
9 16 5 27 0
16 9 5 27 0
9 16 27 5 0
16 9 27 5 0
10 15 5 27 0
15 10 5 27 0
10 15 27 5 0
15 10 27 5 0
7 18 4 28 0
18 7 4 28 0
7 18 28 4 0
18 7 28 4 0
8 17 4 28 0
17 8 4 28 0
8 17 28 4 0
17 8 28 4 0
9 16 4 28 0
16 9 4 28 0
9 16 28 4 0
16 9 28 4 0
10 15 4 28 0
15 10 4 28 0
10 15 28 4 0
15 10 28 4 0
11 14 4 28 0
14 11 4 28 0
11 14 28 4 0
14 11 28 4 0
11 14 5 27 0
14 11 5 27 0
11 14 27 5 0
14 11 27 5 0
11 14 6 26 6
14 11 6 26 6
11 14 26 6 6
14 11 26 6 6
12 13 5 27 1
13 12 5 27 1
12 13 27 5 1
13 12 27 5 1
12 13 6 26 9
13 12 6 26 9
12 13 26 6 9
13 12 26 6 9
12 13 4 28 0
13 12 4 28 0
12 13 28 4 0
13 12 28 4 0
9 16 3 29 0
16 9 3 29 0
9 16 29 3 0
16 9 29 3 0
10 15 3 29 0
15 10 3 29 0
10 15 29 3 0
15 10 29 3 0
11 14 3 29 0
14 11 3 29 0
11 14 29 3 0
14 11 29 3 0
12 13 3 29 0
13 12 3 29 0
12 13 29 3 0
13 12 29 3 0
