0 14 6 8 0
14 0 6 8 0
0 14 8 6 0
14 0 8 6 0
0 14 7 7 0
14 0 7 7 0
1 13 6 8 0
13 1 6 8 0
1 13 8 6 0
13 1 8 6 0
1 13 7 7 0
13 1 7 7 0
2 12 6 8 4
12 2 6 8 4
2 12 8 6 4
12 2 8 6 4
2 12 7 7 4
12 2 7 7 4
1 13 3 11 0
13 1 3 11 0
1 13 11 3 0
13 1 11 3 0
1 13 4 10 0
13 1 4 10 0
1 13 10 4 0
13 1 10 4 0
1 13 5 9 0
13 1 5 9 0
1 13 9 5 0
13 1 9 5 0
2 12 3 11 0
12 2 3 11 0
2 12 11 3 0
12 2 11 3 0
2 12 4 10 1
12 2 4 10 1
2 12 10 4 1
12 2 10 4 1
2 12 5 9 2
12 2 5 9 2
2 12 9 5 2
12 2 9 5 2
3 11 3 11 1
11 3 3 11 1
3 11 11 3 1
11 3 11 3 1
3 11 4 10 5
11 3 4 10 5
3 11 10 4 5
11 3 10 4 5
3 11 5 9 11
11 3 5 9 11
3 11 9 5 11
11 3 9 5 11
3 11 6 8 17
11 3 6 8 17
3 11 8 6 17
11 3 8 6 17
3 11 7 7 19
11 3 7 7 19
4 10 3 11 5
10 4 3 11 5
4 10 11 3 5
10 4 11 3 5
4 10 4 10 16
10 4 4 10 16
4 10 10 4 16
10 4 10 4 16
4 10 5 9 31
10 4 5 9 31
4 10 9 5 31
10 4 9 5 31
4 10 6 8 47
10 4 6 8 47
4 10 8 6 47
10 4 8 6 47
4 10 7 7 52
10 4 7 7 52
5 9 3 11 11
9 5 3 11 11
5 9 11 3 11
9 5 11 3 11
5 9 4 10 31
9 5 4 10 31
5 9 10 4 31
9 5 10 4 31
5 9 5 9 60
9 5 5 9 60
5 9 9 5 60
9 5 9 5 60
5 9 6 8 87
9 5 6 8 87
5 9 8 6 87
9 5 8 6 87
5 9 7 7 98
9 5 7 7 98
2 12 2 12 0
12 2 2 12 0
2 12 12 2 0
12 2 12 2 0
3 11 2 12 0
11 3 2 12 0
3 11 12 2 0
11 3 12 2 0
4 10 2 12 1
10 4 2 12 1
4 10 12 2 1
10 4 12 2 1
3 11 1 13 0
11 3 1 13 0
3 11 13 1 0
11 3 13 1 0
4 10 1 13 0
10 4 1 13 0
4 10 13 1 0
10 4 13 1 0
5 9 1 13 0
9 5 1 13 0
5 9 13 1 0
9 5 13 1 0
5 9 2 12 2
9 5 2 12 2
5 9 12 2 2
9 5 12 2 2
6 8 1 13 0
8 6 1 13 0
6 8 13 1 0
8 6 13 1 0
6 8 2 12 4
8 6 2 12 4
6 8 12 2 4
8 6 12 2 4
6 8 3 11 17
8 6 3 11 17
6 8 11 3 17
8 6 11 3 17
6 8 4 10 47
8 6 4 10 47
6 8 10 4 47
8 6 10 4 47
6 8 5 9 87
8 6 5 9 87
6 8 9 5 87
8 6 9 5 87
6 8 6 8 126
8 6 6 8 126
6 8 8 6 126
8 6 8 6 126
6 8 7 7 140
8 6 7 7 140
7 7 1 13 0
7 7 13 1 0
7 7 2 12 4
7 7 12 2 4
7 7 3 11 19
7 7 11 3 19
7 7 4 10 52
7 7 10 4 52
7 7 5 9 98
7 7 9 5 98
7 7 6 8 140
7 7 8 6 140
7 7 7 7 157
6 8 0 14 0
8 6 0 14 0
6 8 14 0 0
8 6 14 0 0
7 7 0 14 0
7 7 14 0 0
