4 22 12 14 0
22 4 12 14 0
4 22 14 12 0
22 4 14 12 0
4 22 13 13 0
22 4 13 13 0
5 21 12 14 0
21 5 12 14 0
5 21 14 12 0
21 5 14 12 0
5 21 13 13 0
21 5 13 13 0
6 20 12 14 0
20 6 12 14 0
6 20 14 12 0
20 6 14 12 0
6 20 13 13 0
20 6 13 13 0
5 21 9 17 0
21 5 9 17 0
5 21 17 9 0
21 5 17 9 0
5 21 10 16 0
21 5 10 16 0
5 21 16 10 0
21 5 16 10 0
5 21 11 15 0
21 5 11 15 0
5 21 15 11 0
21 5 15 11 0
6 20 9 17 0
20 6 9 17 0
6 20 17 9 0
20 6 17 9 0
6 20 10 16 0
20 6 10 16 0
6 20 16 10 0
20 6 16 10 0
6 20 11 15 0
20 6 11 15 0
6 20 15 11 0
20 6 15 11 0
7 19 9 17 0
19 7 9 17 0
7 19 17 9 0
19 7 17 9 0
7 19 10 16 0
19 7 10 16 0
7 19 16 10 0
19 7 16 10 0
7 19 11 15 0
19 7 11 15 0
7 19 15 11 0
19 7 15 11 0
7 19 12 14 0
19 7 12 14 0
7 19 14 12 0
19 7 14 12 0
7 19 13 13 0
19 7 13 13 0
8 18 9 17 0
18 8 9 17 0
8 18 17 9 0
18 8 17 9 0
8 18 10 16 0
18 8 10 16 0
8 18 16 10 0
18 8 16 10 0
8 18 11 15 0
18 8 11 15 0
8 18 15 11 0
18 8 15 11 0
8 18 12 14 0
18 8 12 14 0
8 18 14 12 0
18 8 14 12 0
8 18 13 13 0
18 8 13 13 0
6 20 8 18 0
20 6 8 18 0
6 20 18 8 0
20 6 18 8 0
7 19 8 18 0
19 7 8 18 0
7 19 18 8 0
19 7 18 8 0
8 18 8 18 0
18 8 8 18 0
8 18 18 8 0
18 8 18 8 0
7 19 7 19 0
19 7 7 19 0
7 19 19 7 0
19 7 19 7 0
8 18 7 19 0
18 8 7 19 0
8 18 19 7 0
18 8 19 7 0
9 17 7 19 0
17 9 7 19 0
9 17 19 7 0
17 9 19 7 0
9 17 8 18 0
17 9 8 18 0
9 17 18 8 0
17 9 18 8 0
9 17 9 17 1
17 9 9 17 1
9 17 17 9 1
17 9 17 9 1
9 17 10 16 1
17 9 10 16 1
9 17 16 10 1
17 9 16 10 1
9 17 11 15 1
17 9 11 15 1
9 17 15 11 1
17 9 15 11 1
9 17 12 14 1
17 9 12 14 1
9 17 14 12 1
17 9 14 12 1
9 17 13 13 1
17 9 13 13 1
10 16 8 18 0
16 10 8 18 0
10 16 18 8 0
16 10 18 8 0
10 16 9 17 1
16 10 9 17 1
10 16 17 9 1
16 10 17 9 1
10 16 10 16 2
16 10 10 16 2
10 16 16 10 2
16 10 16 10 2
10 16 11 15 2
16 10 11 15 2
10 16 15 11 2
16 10 15 11 2
10 16 12 14 2
16 10 12 14 2
10 16 14 12 2
16 10 14 12 2
10 16 13 13 2
16 10 13 13 2
10 16 7 19 0
16 10 7 19 0
10 16 19 7 0
16 10 19 7 0
11 15 7 19 0
15 11 7 19 0
11 15 19 7 0
15 11 19 7 0
11 15 8 18 0
15 11 8 18 0
11 15 18 8 0
15 11 18 8 0
11 15 9 17 1
15 11 9 17 1
11 15 17 9 1
15 11 17 9 1
11 15 10 16 2
15 11 10 16 2
11 15 16 10 2
15 11 16 10 2
11 15 11 15 3
15 11 11 15 3
11 15 15 11 3
15 11 15 11 3
11 15 12 14 3
15 11 12 14 3
11 15 14 12 3
15 11 14 12 3
11 15 13 13 3
15 11 13 13 3
12 14 9 17 1
14 12 9 17 1
12 14 17 9 1
14 12 17 9 1
12 14 10 16 2
14 12 10 16 2
12 14 16 10 2
14 12 16 10 2
12 14 11 15 3
14 12 11 15 3
12 14 15 11 3
14 12 15 11 3
12 14 12 14 4
14 12 12 14 4
12 14 14 12 4
14 12 14 12 4
12 14 13 13 4
14 12 13 13 4
12 14 8 18 0
14 12 8 18 0
12 14 18 8 0
14 12 18 8 0
13 13 9 17 1
13 13 17 9 1
13 13 10 16 2
13 13 16 10 2
13 13 11 15 3
13 13 15 11 3
13 13 12 14 4
13 13 14 12 4
13 13 13 13 5
8 18 6 20 0
18 8 6 20 0
8 18 20 6 0
18 8 20 6 0
9 17 6 20 0
17 9 6 20 0
9 17 20 6 0
17 9 20 6 0
10 16 6 20 0
16 10 6 20 0
10 16 20 6 0
16 10 20 6 0
9 17 5 21 0
17 9 5 21 0
9 17 21 5 0
17 9 21 5 0
10 16 5 21 0
16 10 5 21 0
10 16 21 5 0
16 10 21 5 0
11 15 5 21 0
15 11 5 21 0
11 15 21 5 0
15 11 21 5 0
11 15 6 20 0
15 11 6 20 0
11 15 20 6 0
15 11 20 6 0
12 14 5 21 0
14 12 5 21 0
12 14 21 5 0
14 12 21 5 0
12 14 6 20 0
14 12 6 20 0
12 14 20 6 0
14 12 20 6 0
12 14 7 19 0
14 12 7 19 0
12 14 19 7 0
14 12 19 7 0
13 13 7 19 0
13 13 19 7 0
13 13 8 18 0
13 13 18 8 0
13 13 5 21 0
13 13 21 5 0
13 13 6 20 0
13 13 20 6 0
12 14 4 22 0
14 12 4 22 0
12 14 22 4 0
14 12 22 4 0
13 13 4 22 0
13 13 22 4 0
