18 29 19 28 0
29 18 19 28 0
18 29 28 19 0
29 18 28 19 0
18 29 20 27 0
29 18 20 27 0
18 29 27 20 0
29 18 27 20 0
18 29 21 26 0
29 18 21 26 0
18 29 26 21 0
29 18 26 21 0
18 29 22 25 0
29 18 22 25 0
18 29 25 22 0
29 18 25 22 0
18 29 23 24 0
29 18 23 24 0
18 29 24 23 0
29 18 24 23 0
19 28 19 28 0
28 19 19 28 0
19 28 28 19 0
28 19 28 19 0
19 28 20 27 0
28 19 20 27 0
19 28 27 20 0
28 19 27 20 0
19 28 21 26 0
28 19 21 26 0
19 28 26 21 0
28 19 26 21 0
19 28 22 25 0
28 19 22 25 0
19 28 25 22 0
28 19 25 22 0
19 28 23 24 0
28 19 23 24 0
19 28 24 23 0
28 19 24 23 0
20 27 19 28 0
27 20 19 28 0
20 27 28 19 0
27 20 28 19 0
20 27 20 27 0
27 20 20 27 0
20 27 27 20 0
27 20 27 20 0
20 27 21 26 0
27 20 21 26 0
20 27 26 21 0
27 20 26 21 0
20 27 22 25 0
27 20 22 25 0
20 27 25 22 0
27 20 25 22 0
20 27 23 24 0
27 20 23 24 0
20 27 24 23 0
27 20 24 23 0
21 26 19 28 0
26 21 19 28 0
21 26 28 19 0
26 21 28 19 0
21 26 20 27 0
26 21 20 27 0
21 26 27 20 0
26 21 27 20 0
21 26 21 26 0
26 21 21 26 0
21 26 26 21 0
26 21 26 21 0
21 26 22 25 0
26 21 22 25 0
21 26 25 22 0
26 21 25 22 0
21 26 23 24 0
26 21 23 24 0
21 26 24 23 0
26 21 24 23 0
22 25 19 28 0
25 22 19 28 0
22 25 28 19 0
25 22 28 19 0
22 25 20 27 0
25 22 20 27 0
22 25 27 20 0
25 22 27 20 0
22 25 21 26 0
25 22 21 26 0
22 25 26 21 0
25 22 26 21 0
22 25 22 25 0
25 22 22 25 0
22 25 25 22 0
25 22 25 22 0
22 25 23 24 0
25 22 23 24 0
22 25 24 23 0
25 22 24 23 0
23 24 19 28 0
24 23 19 28 0
23 24 28 19 0
24 23 28 19 0
23 24 20 27 0
24 23 20 27 0
23 24 27 20 0
24 23 27 20 0
23 24 21 26 0
24 23 21 26 0
23 24 26 21 0
24 23 26 21 0
23 24 22 25 0
24 23 22 25 0
23 24 25 22 0
24 23 25 22 0
23 24 23 24 0
24 23 23 24 0
23 24 24 23 0
24 23 24 23 0
19 28 18 29 0
28 19 18 29 0
19 28 29 18 0
28 19 29 18 0
20 27 18 29 0
27 20 18 29 0
20 27 29 18 0
27 20 29 18 0
21 26 18 29 0
26 21 18 29 0
21 26 29 18 0
26 21 29 18 0
22 25 18 29 0
25 22 18 29 0
22 25 29 18 0
25 22 29 18 0
23 24 18 29 0
24 23 18 29 0
23 24 29 18 0
24 23 29 18 0
