0 11 3 8 0
11 0 3 8 0
0 11 8 3 0
11 0 8 3 0
0 11 4 7 0
11 0 4 7 0
0 11 7 4 0
11 0 7 4 0
0 11 5 6 0
11 0 5 6 0
0 11 6 5 0
11 0 6 5 0
1 10 3 8 1
10 1 3 8 1
1 10 8 3 1
10 1 8 3 1
1 10 4 7 2
10 1 4 7 2
1 10 7 4 2
10 1 7 4 2
1 10 5 6 3
10 1 5 6 3
1 10 6 5 3
10 1 6 5 3
2 9 3 8 5
9 2 3 8 5
2 9 8 3 5
9 2 8 3 5
2 9 4 7 10
9 2 4 7 10
2 9 7 4 10
9 2 7 4 10
2 9 5 6 14
9 2 5 6 14
2 9 6 5 14
9 2 6 5 14
1 10 1 10 0
10 1 1 10 0
1 10 10 1 0
10 1 10 1 0
1 10 2 9 0
10 1 2 9 0
1 10 9 2 0
10 1 9 2 0
2 9 1 10 0
9 2 1 10 0
2 9 10 1 0
9 2 10 1 0
2 9 2 9 1
9 2 2 9 1
2 9 9 2 1
9 2 9 2 1
3 8 1 10 1
8 3 1 10 1
3 8 10 1 1
8 3 10 1 1
3 8 2 9 5
8 3 2 9 5
3 8 9 2 5
8 3 9 2 5
3 8 3 8 15
8 3 3 8 15
3 8 8 3 15
8 3 8 3 15
3 8 4 7 27
8 3 4 7 27
3 8 7 4 27
8 3 7 4 27
3 8 5 6 36
8 3 5 6 36
3 8 6 5 36
8 3 6 5 36
4 7 1 10 2
7 4 1 10 2
4 7 10 1 2
7 4 10 1 2
4 7 2 9 10
7 4 2 9 10
4 7 9 2 10
7 4 9 2 10
4 7 3 8 27
7 4 3 8 27
4 7 8 3 27
7 4 8 3 27
4 7 4 7 48
7 4 4 7 48
4 7 7 4 48
7 4 7 4 48
4 7 5 6 63
7 4 5 6 63
4 7 6 5 63
7 4 6 5 63
5 6 1 10 3
6 5 1 10 3
5 6 10 1 3
6 5 10 1 3
5 6 2 9 14
6 5 2 9 14
5 6 9 2 14
6 5 9 2 14
5 6 3 8 36
6 5 3 8 36
5 6 8 3 36
6 5 8 3 36
5 6 4 7 63
6 5 4 7 63
5 6 7 4 63
6 5 7 4 63
5 6 5 6 82
6 5 5 6 82
5 6 6 5 82
6 5 6 5 82
3 8 0 11 0
8 3 0 11 0
3 8 11 0 0
8 3 11 0 0
4 7 0 11 0
7 4 0 11 0
4 7 11 0 0
7 4 11 0 0
5 6 0 11 0
6 5 0 11 0
5 6 11 0 0
6 5 11 0 0
