1 16 6 11 0
16 1 6 11 0
1 16 11 6 0
16 1 11 6 0
1 16 7 10 0
16 1 7 10 0
1 16 10 7 0
16 1 10 7 0
1 16 8 9 0
16 1 8 9 0
1 16 9 8 0
16 1 9 8 0
2 15 6 11 0
15 2 6 11 0
2 15 11 6 0
15 2 11 6 0
2 15 7 10 0
15 2 7 10 0
2 15 10 7 0
15 2 10 7 0
2 15 8 9 0
15 2 8 9 0
2 15 9 8 0
15 2 9 8 0
3 14 6 11 1
14 3 6 11 1
3 14 11 6 1
14 3 11 6 1
3 14 7 10 2
14 3 7 10 2
3 14 10 7 2
14 3 10 7 2
3 14 8 9 3
14 3 8 9 3
3 14 9 8 3
14 3 9 8 3
4 13 6 11 7
13 4 6 11 7
4 13 11 6 7
13 4 11 6 7
4 13 7 10 12
13 4 7 10 12
4 13 10 7 12
13 4 10 7 12
4 13 8 9 16
13 4 8 9 16
4 13 9 8 16
13 4 9 8 16
5 12 6 11 22
12 5 6 11 22
5 12 11 6 22
12 5 11 6 22
5 12 7 10 36
12 5 7 10 36
5 12 10 7 36
12 5 10 7 36
5 12 8 9 46
12 5 8 9 46
5 12 9 8 46
12 5 9 8 46
2 15 4 13 0
15 2 4 13 0
2 15 13 4 0
15 2 13 4 0
2 15 5 12 0
15 2 5 12 0
2 15 12 5 0
15 2 12 5 0
3 14 4 13 0
14 3 4 13 0
3 14 13 4 0
14 3 13 4 0
3 14 5 12 0
14 3 5 12 0
3 14 12 5 0
14 3 12 5 0
4 13 4 13 1
13 4 4 13 1
4 13 13 4 1
13 4 13 4 1
4 13 5 12 3
13 4 5 12 3
4 13 12 5 3
13 4 12 5 3
3 14 3 14 0
14 3 3 14 0
3 14 14 3 0
14 3 14 3 0
4 13 3 14 0
13 4 3 14 0
4 13 14 3 0
13 4 14 3 0
5 12 3 14 0
12 5 3 14 0
5 12 14 3 0
12 5 14 3 0
5 12 4 13 3
12 5 4 13 3
5 12 13 4 3
12 5 13 4 3
5 12 5 12 10
12 5 5 12 10
5 12 12 5 10
12 5 12 5 10
6 11 3 14 1
11 6 3 14 1
6 11 14 3 1
11 6 14 3 1
6 11 4 13 7
11 6 4 13 7
6 11 13 4 7
11 6 13 4 7
6 11 5 12 22
11 6 5 12 22
6 11 12 5 22
11 6 12 5 22
6 11 6 11 47
11 6 6 11 47
6 11 11 6 47
11 6 11 6 47
6 11 7 10 75
11 6 7 10 75
6 11 10 7 75
11 6 10 7 75
6 11 8 9 94
11 6 8 9 94
6 11 9 8 94
11 6 9 8 94
7 10 3 14 2
10 7 3 14 2
7 10 14 3 2
10 7 14 3 2
7 10 4 13 12
10 7 4 13 12
7 10 13 4 12
10 7 13 4 12
7 10 5 12 36
10 7 5 12 36
7 10 12 5 36
10 7 12 5 36
7 10 6 11 75
10 7 6 11 75
7 10 11 6 75
10 7 11 6 75
7 10 7 10 118
10 7 7 10 118
7 10 10 7 118
10 7 10 7 118
7 10 8 9 147
10 7 8 9 147
7 10 9 8 147
10 7 9 8 147
8 9 4 13 16
9 8 4 13 16
8 9 13 4 16
9 8 13 4 16
8 9 5 12 46
9 8 5 12 46
8 9 12 5 46
9 8 12 5 46
8 9 6 11 94
9 8 6 11 94
8 9 11 6 94
9 8 11 6 94
8 9 7 10 147
9 8 7 10 147
8 9 10 7 147
9 8 10 7 147
8 9 8 9 183
9 8 8 9 183
8 9 9 8 183
9 8 9 8 183
4 13 2 15 0
13 4 2 15 0
4 13 15 2 0
13 4 15 2 0
5 12 2 15 0
12 5 2 15 0
5 12 15 2 0
12 5 15 2 0
6 11 2 15 0
11 6 2 15 0
6 11 15 2 0
11 6 15 2 0
7 10 2 15 0
10 7 2 15 0
7 10 15 2 0
10 7 15 2 0
6 11 1 16 0
11 6 1 16 0
6 11 16 1 0
11 6 16 1 0
7 10 1 16 0
10 7 1 16 0
7 10 16 1 0
10 7 16 1 0
8 9 1 16 0
9 8 1 16 0
8 9 16 1 0
9 8 16 1 0
8 9 2 15 0
9 8 2 15 0
8 9 15 2 0
9 8 15 2 0
8 9 3 14 3
9 8 3 14 3
8 9 14 3 3
9 8 14 3 3
