8 27 13 22 0
27 8 13 22 0
8 27 22 13 0
27 8 22 13 0
8 27 14 21 0
27 8 14 21 0
8 27 21 14 0
27 8 21 14 0
8 27 15 20 0
27 8 15 20 0
8 27 20 15 0
27 8 20 15 0
8 27 16 19 0
27 8 16 19 0
8 27 19 16 0
27 8 19 16 0
8 27 17 18 0
27 8 17 18 0
8 27 18 17 0
27 8 18 17 0
9 26 13 22 0
26 9 13 22 0
9 26 22 13 0
26 9 22 13 0
9 26 14 21 0
26 9 14 21 0
9 26 21 14 0
26 9 21 14 0
9 26 15 20 0
26 9 15 20 0
9 26 20 15 0
26 9 20 15 0
9 26 16 19 0
26 9 16 19 0
9 26 19 16 0
26 9 19 16 0
9 26 17 18 0
26 9 17 18 0
9 26 18 17 0
26 9 18 17 0
10 25 13 22 0
25 10 13 22 0
10 25 22 13 0
25 10 22 13 0
10 25 14 21 0
25 10 14 21 0
10 25 21 14 0
25 10 21 14 0
10 25 15 20 0
25 10 15 20 0
10 25 20 15 0
25 10 20 15 0
10 25 16 19 0
25 10 16 19 0
10 25 19 16 0
25 10 19 16 0
10 25 17 18 0
25 10 17 18 0
10 25 18 17 0
25 10 18 17 0
11 24 13 22 0
24 11 13 22 0
11 24 22 13 0
24 11 22 13 0
11 24 14 21 0
24 11 14 21 0
11 24 21 14 0
24 11 21 14 0
11 24 15 20 0
24 11 15 20 0
11 24 20 15 0
24 11 20 15 0
11 24 16 19 0
24 11 16 19 0
11 24 19 16 0
24 11 19 16 0
11 24 17 18 0
24 11 17 18 0
11 24 18 17 0
24 11 18 17 0
12 23 13 22 0
23 12 13 22 0
12 23 22 13 0
23 12 22 13 0
12 23 14 21 0
23 12 14 21 0
12 23 21 14 0
23 12 21 14 0
12 23 15 20 0
23 12 15 20 0
12 23 20 15 0
23 12 20 15 0
12 23 16 19 0
23 12 16 19 0
12 23 19 16 0
23 12 19 16 0
12 23 17 18 0
23 12 17 18 0
12 23 18 17 0
23 12 18 17 0
13 22 13 22 0
22 13 13 22 0
13 22 22 13 0
22 13 22 13 0
13 22 14 21 0
22 13 14 21 0
13 22 21 14 0
22 13 21 14 0
13 22 15 20 1
22 13 15 20 1
13 22 20 15 1
22 13 20 15 1
13 22 16 19 2
22 13 16 19 2
13 22 19 16 2
22 13 19 16 2
13 22 17 18 3
22 13 17 18 3
13 22 18 17 3
22 13 18 17 3
9 26 12 23 0
26 9 12 23 0
9 26 23 12 0
26 9 23 12 0
10 25 12 23 0
25 10 12 23 0
10 25 23 12 0
25 10 23 12 0
11 24 12 23 0
24 11 12 23 0
11 24 23 12 0
24 11 23 12 0
12 23 12 23 0
23 12 12 23 0
12 23 23 12 0
23 12 23 12 0
13 22 12 23 0
22 13 12 23 0
13 22 23 12 0
22 13 23 12 0
14 21 12 23 0
21 14 12 23 0
14 21 23 12 0
21 14 23 12 0
14 21 13 22 0
21 14 13 22 0
14 21 22 13 0
21 14 22 13 0
14 21 14 21 1
21 14 14 21 1
14 21 21 14 1
21 14 21 14 1
14 21 15 20 5
21 14 15 20 5
14 21 20 15 5
21 14 20 15 5
14 21 16 19 10
21 14 16 19 10
14 21 19 16 10
21 14 19 16 10
14 21 17 18 14
21 14 17 18 14
14 21 18 17 14
21 14 18 17 14
15 20 13 22 1
20 15 13 22 1
15 20 22 13 1
20 15 22 13 1
15 20 14 21 5
20 15 14 21 5
15 20 21 14 5
20 15 21 14 5
15 20 15 20 15
20 15 15 20 15
15 20 20 15 15
20 15 20 15 15
15 20 16 19 27
20 15 16 19 27
15 20 19 16 27
20 15 19 16 27
15 20 17 18 36
20 15 17 18 36
15 20 18 17 36
20 15 18 17 36
10 25 10 25 0
25 10 10 25 0
10 25 25 10 0
25 10 25 10 0
10 25 11 24 0
25 10 11 24 0
10 25 24 11 0
25 10 24 11 0
11 24 10 25 0
24 11 10 25 0
11 24 25 10 0
24 11 25 10 0
11 24 11 24 0
24 11 11 24 0
11 24 24 11 0
24 11 24 11 0
12 23 10 25 0
23 12 10 25 0
12 23 25 10 0
23 12 25 10 0
12 23 11 24 0
23 12 11 24 0
12 23 24 11 0
23 12 24 11 0
13 22 10 25 0
22 13 10 25 0
13 22 25 10 0
22 13 25 10 0
13 22 11 24 0
22 13 11 24 0
13 22 24 11 0
22 13 24 11 0
14 21 10 25 0
21 14 10 25 0
14 21 25 10 0
21 14 25 10 0
14 21 11 24 0
21 14 11 24 0
14 21 24 11 0
21 14 24 11 0
15 20 10 25 0
20 15 10 25 0
15 20 25 10 0
20 15 25 10 0
15 20 11 24 0
20 15 11 24 0
15 20 24 11 0
20 15 24 11 0
15 20 12 23 0
20 15 12 23 0
15 20 23 12 0
20 15 23 12 0
16 19 10 25 0
19 16 10 25 0
16 19 25 10 0
19 16 25 10 0
16 19 11 24 0
19 16 11 24 0
16 19 24 11 0
19 16 24 11 0
16 19 12 23 0
19 16 12 23 0
16 19 23 12 0
19 16 23 12 0
16 19 13 22 2
19 16 13 22 2
16 19 22 13 2
19 16 22 13 2
16 19 14 21 10
19 16 14 21 10
16 19 21 14 10
19 16 21 14 10
16 19 15 20 27
19 16 15 20 27
16 19 20 15 27
19 16 20 15 27
16 19 16 19 48
19 16 16 19 48
16 19 19 16 48
19 16 19 16 48
16 19 17 18 63
19 16 17 18 63
16 19 18 17 63
19 16 18 17 63
17 18 12 23 0
18 17 12 23 0
17 18 23 12 0
18 17 23 12 0
17 18 13 22 3
18 17 13 22 3
17 18 22 13 3
18 17 22 13 3
17 18 14 21 14
18 17 14 21 14
17 18 21 14 14
18 17 21 14 14
17 18 15 20 36
18 17 15 20 36
17 18 20 15 36
18 17 20 15 36
17 18 16 19 63
18 17 16 19 63
17 18 19 16 63
18 17 19 16 63
17 18 17 18 82
18 17 17 18 82
17 18 18 17 82
18 17 18 17 82
12 23 9 26 0
23 12 9 26 0
12 23 26 9 0
23 12 26 9 0
13 22 9 26 0
22 13 9 26 0
13 22 26 9 0
22 13 26 9 0
14 21 9 26 0
21 14 9 26 0
14 21 26 9 0
21 14 26 9 0
15 20 9 26 0
20 15 9 26 0
15 20 26 9 0
20 15 26 9 0
16 19 9 26 0
19 16 9 26 0
16 19 26 9 0
19 16 26 9 0
17 18 9 26 0
18 17 9 26 0
17 18 26 9 0
18 17 26 9 0
17 18 10 25 0
18 17 10 25 0
17 18 25 10 0
18 17 25 10 0
17 18 11 24 0
18 17 11 24 0
17 18 24 11 0
18 17 24 11 0
13 22 8 27 0
22 13 8 27 0
13 22 27 8 0
22 13 27 8 0
14 21 8 27 0
21 14 8 27 0
14 21 27 8 0
21 14 27 8 0
15 20 8 27 0
20 15 8 27 0
15 20 27 8 0
20 15 27 8 0
16 19 8 27 0
19 16 8 27 0
16 19 27 8 0
19 16 27 8 0
17 18 8 27 0
18 17 8 27 0
17 18 27 8 0
18 17 27 8 0
