12 29 18 23 0
29 12 18 23 0
12 29 23 18 0
29 12 23 18 0
12 29 19 22 0
29 12 19 22 0
12 29 22 19 0
29 12 22 19 0
12 29 20 21 0
29 12 20 21 0
12 29 21 20 0
29 12 21 20 0
13 28 18 23 0
28 13 18 23 0
13 28 23 18 0
28 13 23 18 0
13 28 19 22 0
28 13 19 22 0
13 28 22 19 0
28 13 22 19 0
13 28 20 21 0
28 13 20 21 0
13 28 21 20 0
28 13 21 20 0
14 27 18 23 0
27 14 18 23 0
14 27 23 18 0
27 14 23 18 0
14 27 19 22 0
27 14 19 22 0
14 27 22 19 0
27 14 22 19 0
14 27 20 21 0
27 14 20 21 0
14 27 21 20 0
27 14 21 20 0
15 26 18 23 0
26 15 18 23 0
15 26 23 18 0
26 15 23 18 0
15 26 19 22 0
26 15 19 22 0
15 26 22 19 0
26 15 22 19 0
15 26 20 21 0
26 15 20 21 0
15 26 21 20 0
26 15 21 20 0
16 25 18 23 0
25 16 18 23 0
16 25 23 18 0
25 16 23 18 0
16 25 19 22 0
25 16 19 22 0
16 25 22 19 0
25 16 22 19 0
16 25 20 21 0
25 16 20 21 0
16 25 21 20 0
25 16 21 20 0
17 24 18 23 0
24 17 18 23 0
17 24 23 18 0
24 17 23 18 0
17 24 19 22 0
24 17 19 22 0
17 24 22 19 0
24 17 22 19 0
17 24 20 21 0
24 17 20 21 0
17 24 21 20 0
24 17 21 20 0
13 28 15 26 0
28 13 15 26 0
13 28 26 15 0
28 13 26 15 0
13 28 16 25 0
28 13 16 25 0
13 28 25 16 0
28 13 25 16 0
13 28 17 24 0
28 13 17 24 0
13 28 24 17 0
28 13 24 17 0
14 27 15 26 0
27 14 15 26 0
14 27 26 15 0
27 14 26 15 0
14 27 16 25 0
27 14 16 25 0
14 27 25 16 0
27 14 25 16 0
14 27 17 24 0
27 14 17 24 0
14 27 24 17 0
27 14 24 17 0
15 26 15 26 0
26 15 15 26 0
15 26 26 15 0
26 15 26 15 0
15 26 16 25 0
26 15 16 25 0
15 26 25 16 0
26 15 25 16 0
15 26 17 24 0
26 15 17 24 0
15 26 24 17 0
26 15 24 17 0
16 25 15 26 0
25 16 15 26 0
16 25 26 15 0
25 16 26 15 0
16 25 16 25 0
25 16 16 25 0
16 25 25 16 0
25 16 25 16 0
16 25 17 24 0
25 16 17 24 0
16 25 24 17 0
25 16 24 17 0
17 24 15 26 0
24 17 15 26 0
17 24 26 15 0
24 17 26 15 0
17 24 16 25 0
24 17 16 25 0
17 24 25 16 0
24 17 25 16 0
17 24 17 24 0
24 17 17 24 0
17 24 24 17 0
24 17 24 17 0
18 23 15 26 0
23 18 15 26 0
18 23 26 15 0
23 18 26 15 0
18 23 16 25 0
23 18 16 25 0
18 23 25 16 0
23 18 25 16 0
18 23 17 24 0
23 18 17 24 0
18 23 24 17 0
23 18 24 17 0
18 23 18 23 0
23 18 18 23 0
18 23 23 18 0
23 18 23 18 0
18 23 19 22 1
23 18 19 22 1
18 23 22 19 1
23 18 22 19 1
18 23 20 21 2
23 18 20 21 2
18 23 21 20 2
23 18 21 20 2
14 27 14 27 0
27 14 14 27 0
14 27 27 14 0
27 14 27 14 0
15 26 14 27 0
26 15 14 27 0
15 26 27 14 0
26 15 27 14 0
16 25 14 27 0
25 16 14 27 0
16 25 27 14 0
25 16 27 14 0
17 24 14 27 0
24 17 14 27 0
17 24 27 14 0
24 17 27 14 0
18 23 14 27 0
23 18 14 27 0
18 23 27 14 0
23 18 27 14 0
19 22 14 27 0
22 19 14 27 0
19 22 27 14 0
22 19 27 14 0
19 22 15 26 0
22 19 15 26 0
19 22 26 15 0
22 19 26 15 0
19 22 16 25 0
22 19 16 25 0
19 22 25 16 0
22 19 25 16 0
19 22 17 24 0
22 19 17 24 0
19 22 24 17 0
22 19 24 17 0
19 22 18 23 1
22 19 18 23 1
19 22 23 18 1
22 19 23 18 1
19 22 19 22 3
22 19 19 22 3
19 22 22 19 3
22 19 22 19 3
19 22 20 21 5
22 19 20 21 5
19 22 21 20 5
22 19 21 20 5
20 21 15 26 0
21 20 15 26 0
20 21 26 15 0
21 20 26 15 0
20 21 16 25 0
21 20 16 25 0
20 21 25 16 0
21 20 25 16 0
20 21 17 24 0
21 20 17 24 0
20 21 24 17 0
21 20 24 17 0
20 21 18 23 2
21 20 18 23 2
20 21 23 18 2
21 20 23 18 2
20 21 19 22 5
21 20 19 22 5
20 21 22 19 5
21 20 22 19 5
20 21 20 21 8
21 20 20 21 8
20 21 21 20 8
21 20 21 20 8
15 26 13 28 0
26 15 13 28 0
15 26 28 13 0
26 15 28 13 0
16 25 13 28 0
25 16 13 28 0
16 25 28 13 0
25 16 28 13 0
17 24 13 28 0
24 17 13 28 0
17 24 28 13 0
24 17 28 13 0
18 23 13 28 0
23 18 13 28 0
18 23 28 13 0
23 18 28 13 0
19 22 13 28 0
22 19 13 28 0
19 22 28 13 0
22 19 28 13 0
20 21 13 28 0
21 20 13 28 0
20 21 28 13 0
21 20 28 13 0
20 21 14 27 0
21 20 14 27 0
20 21 27 14 0
21 20 27 14 0
18 23 12 29 0
23 18 12 29 0
18 23 29 12 0
23 18 29 12 0
19 22 12 29 0
22 19 12 29 0
19 22 29 12 0
22 19 29 12 0
20 21 12 29 0
21 20 12 29 0
20 21 29 12 0
21 20 29 12 0
