4 25 12 17 0
25 4 12 17 0
4 25 17 12 0
25 4 17 12 0
4 25 13 16 0
25 4 13 16 0
4 25 16 13 0
25 4 16 13 0
4 25 14 15 0
25 4 14 15 0
4 25 15 14 0
25 4 15 14 0
5 24 12 17 0
24 5 12 17 0
5 24 17 12 0
24 5 17 12 0
5 24 13 16 0
24 5 13 16 0
5 24 16 13 0
24 5 16 13 0
5 24 14 15 0
24 5 14 15 0
5 24 15 14 0
24 5 15 14 0
6 23 12 17 0
23 6 12 17 0
6 23 17 12 0
23 6 17 12 0
6 23 13 16 0
23 6 13 16 0
6 23 16 13 0
23 6 16 13 0
6 23 14 15 0
23 6 14 15 0
6 23 15 14 0
23 6 15 14 0
7 22 12 17 0
22 7 12 17 0
7 22 17 12 0
22 7 17 12 0
7 22 13 16 0
22 7 13 16 0
7 22 16 13 0
22 7 16 13 0
7 22 14 15 0
22 7 14 15 0
7 22 15 14 0
22 7 15 14 0
8 21 12 17 0
21 8 12 17 0
8 21 17 12 0
21 8 17 12 0
8 21 13 16 0
21 8 13 16 0
8 21 16 13 0
21 8 16 13 0
8 21 14 15 0
21 8 14 15 0
8 21 15 14 0
21 8 15 14 0
9 20 12 17 1
20 9 12 17 1
9 20 17 12 1
20 9 17 12 1
9 20 13 16 2
20 9 13 16 2
9 20 16 13 2
20 9 16 13 2
9 20 14 15 3
20 9 14 15 3
9 20 15 14 3
20 9 15 14 3
5 24 9 20 0
24 5 9 20 0
5 24 20 9 0
24 5 20 9 0
5 24 10 19 0
24 5 10 19 0
5 24 19 10 0
24 5 19 10 0
5 24 11 18 0
24 5 11 18 0
5 24 18 11 0
24 5 18 11 0
6 23 9 20 0
23 6 9 20 0
6 23 20 9 0
23 6 20 9 0
6 23 10 19 0
23 6 10 19 0
6 23 19 10 0
23 6 19 10 0
6 23 11 18 0
23 6 11 18 0
6 23 18 11 0
23 6 18 11 0
7 22 9 20 0
22 7 9 20 0
7 22 20 9 0
22 7 20 9 0
7 22 10 19 0
22 7 10 19 0
7 22 19 10 0
22 7 19 10 0
7 22 11 18 0
22 7 11 18 0
7 22 18 11 0
22 7 18 11 0
8 21 9 20 0
21 8 9 20 0
8 21 20 9 0
21 8 20 9 0
8 21 10 19 0
21 8 10 19 0
8 21 19 10 0
21 8 19 10 0
8 21 11 18 0
21 8 11 18 0
8 21 18 11 0
21 8 18 11 0
9 20 9 20 0
20 9 9 20 0
9 20 20 9 0
20 9 20 9 0
9 20 10 19 0
20 9 10 19 0
9 20 19 10 0
20 9 19 10 0
9 20 11 18 0
20 9 11 18 0
9 20 18 11 0
20 9 18 11 0
10 19 9 20 0
19 10 9 20 0
10 19 20 9 0
19 10 20 9 0
10 19 10 19 1
19 10 10 19 1
10 19 19 10 1
19 10 19 10 1
10 19 11 18 3
19 10 11 18 3
10 19 18 11 3
19 10 18 11 3
10 19 12 17 7
19 10 12 17 7
10 19 17 12 7
19 10 17 12 7
10 19 13 16 12
19 10 13 16 12
10 19 16 13 12
19 10 16 13 12
10 19 14 15 16
19 10 14 15 16
10 19 15 14 16
19 10 15 14 16
11 18 9 20 0
18 11 9 20 0
11 18 20 9 0
18 11 20 9 0
11 18 10 19 3
18 11 10 19 3
11 18 19 10 3
18 11 19 10 3
11 18 11 18 10
18 11 11 18 10
11 18 18 11 10
18 11 18 11 10
11 18 12 17 22
18 11 12 17 22
11 18 17 12 22
18 11 17 12 22
11 18 13 16 36
18 11 13 16 36
11 18 16 13 36
18 11 16 13 36
11 18 14 15 46
18 11 14 15 46
11 18 15 14 46
18 11 15 14 46
6 23 8 21 0
23 6 8 21 0
6 23 21 8 0
23 6 21 8 0
7 22 8 21 0
22 7 8 21 0
7 22 21 8 0
22 7 21 8 0
8 21 8 21 0
21 8 8 21 0
8 21 21 8 0
21 8 21 8 0
9 20 8 21 0
20 9 8 21 0
9 20 21 8 0
20 9 21 8 0
10 19 8 21 0
19 10 8 21 0
10 19 21 8 0
19 10 21 8 0
11 18 8 21 0
18 11 8 21 0
11 18 21 8 0
18 11 21 8 0
7 22 7 22 0
22 7 7 22 0
7 22 22 7 0
22 7 22 7 0
8 21 7 22 0
21 8 7 22 0
8 21 22 7 0
21 8 22 7 0
9 20 7 22 0
20 9 7 22 0
9 20 22 7 0
20 9 22 7 0
10 19 7 22 0
19 10 7 22 0
10 19 22 7 0
19 10 22 7 0
11 18 7 22 0
18 11 7 22 0
11 18 22 7 0
18 11 22 7 0
12 17 7 22 0
17 12 7 22 0
12 17 22 7 0
17 12 22 7 0
12 17 8 21 0
17 12 8 21 0
12 17 21 8 0
17 12 21 8 0
12 17 9 20 1
17 12 9 20 1
12 17 20 9 1
17 12 20 9 1
12 17 10 19 7
17 12 10 19 7
12 17 19 10 7
17 12 19 10 7
12 17 11 18 22
17 12 11 18 22
12 17 18 11 22
17 12 18 11 22
12 17 12 17 47
17 12 12 17 47
12 17 17 12 47
17 12 17 12 47
12 17 13 16 75
17 12 13 16 75
12 17 16 13 75
17 12 16 13 75
12 17 14 15 94
17 12 14 15 94
12 17 15 14 94
17 12 15 14 94
13 16 8 21 0
16 13 8 21 0
13 16 21 8 0
16 13 21 8 0
13 16 9 20 2
16 13 9 20 2
13 16 20 9 2
16 13 20 9 2
13 16 10 19 12
16 13 10 19 12
13 16 19 10 12
16 13 19 10 12
13 16 11 18 36
16 13 11 18 36
13 16 18 11 36
16 13 18 11 36
13 16 12 17 75
16 13 12 17 75
13 16 17 12 75
16 13 17 12 75
13 16 13 16 118
16 13 13 16 118
13 16 16 13 118
16 13 16 13 118
13 16 14 15 147
16 13 14 15 147
13 16 15 14 147
16 13 15 14 147
13 16 7 22 0
16 13 7 22 0
13 16 22 7 0
16 13 22 7 0
14 15 7 22 0
15 14 7 22 0
14 15 22 7 0
15 14 22 7 0
14 15 8 21 0
15 14 8 21 0
14 15 21 8 0
15 14 21 8 0
14 15 9 20 3
15 14 9 20 3
14 15 20 9 3
15 14 20 9 3
14 15 10 19 16
15 14 10 19 16
14 15 19 10 16
15 14 19 10 16
14 15 11 18 46
15 14 11 18 46
14 15 18 11 46
15 14 18 11 46
14 15 12 17 94
15 14 12 17 94
14 15 17 12 94
15 14 17 12 94
14 15 13 16 147
15 14 13 16 147
14 15 16 13 147
15 14 16 13 147
14 15 14 15 183
15 14 14 15 183
14 15 15 14 183
15 14 15 14 183
8 21 6 23 0
21 8 6 23 0
8 21 23 6 0
21 8 23 6 0
9 20 6 23 0
20 9 6 23 0
9 20 23 6 0
20 9 23 6 0
10 19 6 23 0
19 10 6 23 0
10 19 23 6 0
19 10 23 6 0
11 18 6 23 0
18 11 6 23 0
11 18 23 6 0
18 11 23 6 0
12 17 6 23 0
17 12 6 23 0
12 17 23 6 0
17 12 23 6 0
13 16 6 23 0
16 13 6 23 0
13 16 23 6 0
16 13 23 6 0
9 20 5 24 0
20 9 5 24 0
9 20 24 5 0
20 9 24 5 0
10 19 5 24 0
19 10 5 24 0
10 19 24 5 0
19 10 24 5 0
11 18 5 24 0
18 11 5 24 0
11 18 24 5 0
18 11 24 5 0
12 17 5 24 0
17 12 5 24 0
12 17 24 5 0
17 12 24 5 0
13 16 5 24 0
16 13 5 24 0
13 16 24 5 0
16 13 24 5 0
14 15 5 24 0
15 14 5 24 0
14 15 24 5 0
15 14 24 5 0
14 15 6 23 0
15 14 6 23 0
14 15 23 6 0
15 14 23 6 0
12 17 4 25 0
17 12 4 25 0
12 17 25 4 0
17 12 25 4 0
13 16 4 25 0
16 13 4 25 0
13 16 25 4 0
16 13 25 4 0
14 15 4 25 0
15 14 4 25 0
14 15 25 4 0
15 14 25 4 0
