6 26 12 20 0
26 6 12 20 0
6 26 20 12 0
26 6 20 12 0
6 26 13 19 0
26 6 13 19 0
6 26 19 13 0
26 6 19 13 0
6 26 14 18 0
26 6 14 18 0
6 26 18 14 0
26 6 18 14 0
6 26 15 17 0
26 6 15 17 0
6 26 17 15 0
26 6 17 15 0
6 26 16 16 0
26 6 16 16 0
7 25 12 20 0
25 7 12 20 0
7 25 20 12 0
25 7 20 12 0
7 25 13 19 0
25 7 13 19 0
7 25 19 13 0
25 7 19 13 0
7 25 14 18 0
25 7 14 18 0
7 25 18 14 0
25 7 18 14 0
7 25 15 17 0
25 7 15 17 0
7 25 17 15 0
25 7 17 15 0
7 25 16 16 0
25 7 16 16 0
8 24 12 20 0
24 8 12 20 0
8 24 20 12 0
24 8 20 12 0
8 24 13 19 0
24 8 13 19 0
8 24 19 13 0
24 8 19 13 0
8 24 14 18 0
24 8 14 18 0
8 24 18 14 0
24 8 18 14 0
8 24 15 17 0
24 8 15 17 0
8 24 17 15 0
24 8 17 15 0
8 24 16 16 0
24 8 16 16 0
9 23 12 20 0
23 9 12 20 0
9 23 20 12 0
23 9 20 12 0
9 23 13 19 0
23 9 13 19 0
9 23 19 13 0
23 9 19 13 0
9 23 14 18 0
23 9 14 18 0
9 23 18 14 0
23 9 18 14 0
9 23 15 17 0
23 9 15 17 0
9 23 17 15 0
23 9 17 15 0
9 23 16 16 0
23 9 16 16 0
10 22 12 20 0
22 10 12 20 0
10 22 20 12 0
22 10 20 12 0
10 22 13 19 0
22 10 13 19 0
10 22 19 13 0
22 10 19 13 0
10 22 14 18 0
22 10 14 18 0
10 22 18 14 0
22 10 18 14 0
10 22 15 17 0
22 10 15 17 0
10 22 17 15 0
22 10 17 15 0
10 22 16 16 0
22 10 16 16 0
11 21 12 20 0
21 11 12 20 0
11 21 20 12 0
21 11 20 12 0
11 21 13 19 1
21 11 13 19 1
11 21 19 13 1
21 11 19 13 1
11 21 14 18 2
21 11 14 18 2
11 21 18 14 2
21 11 18 14 2
11 21 15 17 4
21 11 15 17 4
11 21 17 15 4
21 11 17 15 4
11 21 16 16 4
21 11 16 16 4
12 20 12 20 1
20 12 12 20 1
12 20 20 12 1
20 12 20 12 1
12 20 13 19 5
20 12 13 19 5
12 20 19 13 5
20 12 19 13 5
12 20 14 18 11
20 12 14 18 11
12 20 18 14 11
20 12 18 14 11
12 20 15 17 17
20 12 15 17 17
12 20 17 15 17
20 12 17 15 17
12 20 16 16 19
20 12 16 16 19
7 25 10 22 0
25 7 10 22 0
7 25 22 10 0
25 7 22 10 0
7 25 11 21 0
25 7 11 21 0
7 25 21 11 0
25 7 21 11 0
8 24 10 22 0
24 8 10 22 0
8 24 22 10 0
24 8 22 10 0
8 24 11 21 0
24 8 11 21 0
8 24 21 11 0
24 8 21 11 0
9 23 10 22 0
23 9 10 22 0
9 23 22 10 0
23 9 22 10 0
9 23 11 21 0
23 9 11 21 0
9 23 21 11 0
23 9 21 11 0
10 22 10 22 0
22 10 10 22 0
10 22 22 10 0
22 10 22 10 0
10 22 11 21 0
22 10 11 21 0
10 22 21 11 0
22 10 21 11 0
11 21 10 22 0
21 11 10 22 0
11 21 22 10 0
21 11 22 10 0
11 21 11 21 0
21 11 11 21 0
11 21 21 11 0
21 11 21 11 0
12 20 10 22 0
20 12 10 22 0
12 20 22 10 0
20 12 22 10 0
12 20 11 21 0
20 12 11 21 0
12 20 21 11 0
20 12 21 11 0
8 24 9 23 0
24 8 9 23 0
8 24 23 9 0
24 8 23 9 0
9 23 9 23 0
23 9 9 23 0
9 23 23 9 0
23 9 23 9 0
10 22 9 23 0
22 10 9 23 0
10 22 23 9 0
22 10 23 9 0
11 21 9 23 0
21 11 9 23 0
11 21 23 9 0
21 11 23 9 0
12 20 9 23 0
20 12 9 23 0
12 20 23 9 0
20 12 23 9 0
13 19 9 23 0
19 13 9 23 0
13 19 23 9 0
19 13 23 9 0
13 19 10 22 0
19 13 10 22 0
13 19 22 10 0
19 13 22 10 0
13 19 11 21 1
19 13 11 21 1
13 19 21 11 1
19 13 21 11 1
13 19 12 20 5
19 13 12 20 5
13 19 20 12 5
19 13 20 12 5
13 19 13 19 16
19 13 13 19 16
13 19 19 13 16
19 13 19 13 16
13 19 14 18 31
19 13 14 18 31
13 19 18 14 31
19 13 18 14 31
13 19 15 17 47
19 13 15 17 47
13 19 17 15 47
19 13 17 15 47
13 19 16 16 52
19 13 16 16 52
14 18 10 22 0
18 14 10 22 0
14 18 22 10 0
18 14 22 10 0
14 18 11 21 2
18 14 11 21 2
14 18 21 11 2
18 14 21 11 2
14 18 12 20 11
18 14 12 20 11
14 18 20 12 11
18 14 20 12 11
14 18 13 19 31
18 14 13 19 31
14 18 19 13 31
18 14 19 13 31
14 18 14 18 60
18 14 14 18 60
14 18 18 14 60
18 14 18 14 60
14 18 15 17 87
18 14 15 17 87
14 18 17 15 87
18 14 17 15 87
14 18 16 16 98
18 14 16 16 98
9 23 8 24 0
23 9 8 24 0
9 23 24 8 0
23 9 24 8 0
10 22 8 24 0
22 10 8 24 0
10 22 24 8 0
22 10 24 8 0
11 21 8 24 0
21 11 8 24 0
11 21 24 8 0
21 11 24 8 0
12 20 8 24 0
20 12 8 24 0
12 20 24 8 0
20 12 24 8 0
13 19 8 24 0
19 13 8 24 0
13 19 24 8 0
19 13 24 8 0
14 18 8 24 0
18 14 8 24 0
14 18 24 8 0
18 14 24 8 0
14 18 9 23 0
18 14 9 23 0
14 18 23 9 0
18 14 23 9 0
15 17 8 24 0
17 15 8 24 0
15 17 24 8 0
17 15 24 8 0
15 17 9 23 0
17 15 9 23 0
15 17 23 9 0
17 15 23 9 0
15 17 10 22 0
17 15 10 22 0
15 17 22 10 0
17 15 22 10 0
15 17 11 21 4
17 15 11 21 4
15 17 21 11 4
17 15 21 11 4
15 17 12 20 17
17 15 12 20 17
15 17 20 12 17
17 15 20 12 17
15 17 13 19 47
17 15 13 19 47
15 17 19 13 47
17 15 19 13 47
15 17 14 18 87
17 15 14 18 87
15 17 18 14 87
17 15 18 14 87
15 17 15 17 126
17 15 15 17 126
15 17 17 15 126
17 15 17 15 126
15 17 16 16 140
17 15 16 16 140
16 16 10 22 0
16 16 22 10 0
16 16 11 21 4
16 16 21 11 4
16 16 12 20 19
16 16 20 12 19
16 16 13 19 52
16 16 19 13 52
16 16 14 18 98
16 16 18 14 98
16 16 15 17 140
16 16 17 15 140
16 16 16 16 157
16 16 8 24 0
16 16 24 8 0
16 16 9 23 0
16 16 23 9 0
10 22 7 25 0
22 10 7 25 0
10 22 25 7 0
22 10 25 7 0
11 21 7 25 0
21 11 7 25 0
11 21 25 7 0
21 11 25 7 0
12 20 7 25 0
20 12 7 25 0
12 20 25 7 0
20 12 25 7 0
13 19 7 25 0
19 13 7 25 0
13 19 25 7 0
19 13 25 7 0
14 18 7 25 0
18 14 7 25 0
14 18 25 7 0
18 14 25 7 0
15 17 7 25 0
17 15 7 25 0
15 17 25 7 0
17 15 25 7 0
16 16 7 25 0
16 16 25 7 0
12 20 6 26 0
20 12 6 26 0
12 20 26 6 0
20 12 26 6 0
13 19 6 26 0
19 13 6 26 0
13 19 26 6 0
19 13 26 6 0
14 18 6 26 0
18 14 6 26 0
14 18 26 6 0
18 14 26 6 0
15 17 6 26 0
17 15 6 26 0
15 17 26 6 0
17 15 26 6 0
16 16 6 26 0
16 16 26 6 0
