3 23 9 17 0
23 3 9 17 0
3 23 17 9 0
23 3 17 9 0
3 23 10 16 0
23 3 10 16 0
3 23 16 10 0
23 3 16 10 0
3 23 11 15 0
23 3 11 15 0
3 23 15 11 0
23 3 15 11 0
3 23 12 14 0
23 3 12 14 0
3 23 14 12 0
23 3 14 12 0
3 23 13 13 0
23 3 13 13 0
4 22 9 17 0
22 4 9 17 0
4 22 17 9 0
22 4 17 9 0
4 22 10 16 0
22 4 10 16 0
4 22 16 10 0
22 4 16 10 0
4 22 11 15 0
22 4 11 15 0
4 22 15 11 0
22 4 15 11 0
4 22 12 14 0
22 4 12 14 0
4 22 14 12 0
22 4 14 12 0
4 22 13 13 0
22 4 13 13 0
5 21 9 17 0
21 5 9 17 0
5 21 17 9 0
21 5 17 9 0
5 21 10 16 0
21 5 10 16 0
5 21 16 10 0
21 5 16 10 0
5 21 11 15 0
21 5 11 15 0
5 21 15 11 0
21 5 15 11 0
5 21 12 14 0
21 5 12 14 0
5 21 14 12 0
21 5 14 12 0
5 21 13 13 0
21 5 13 13 0
6 20 9 17 0
20 6 9 17 0
6 20 17 9 0
20 6 17 9 0
6 20 10 16 0
20 6 10 16 0
6 20 16 10 0
20 6 16 10 0
6 20 11 15 0
20 6 11 15 0
6 20 15 11 0
20 6 15 11 0
6 20 12 14 0
20 6 12 14 0
6 20 14 12 0
20 6 14 12 0
6 20 13 13 0
20 6 13 13 0
7 19 9 17 0
19 7 9 17 0
7 19 17 9 0
19 7 17 9 0
7 19 10 16 0
19 7 10 16 0
7 19 16 10 0
19 7 16 10 0
7 19 11 15 0
19 7 11 15 0
7 19 15 11 0
19 7 15 11 0
7 19 12 14 1
19 7 12 14 1
7 19 14 12 1
19 7 14 12 1
7 19 13 13 1
19 7 13 13 1
8 18 9 17 1
18 8 9 17 1
8 18 17 9 1
18 8 17 9 1
8 18 10 16 2
18 8 10 16 2
8 18 16 10 2
18 8 16 10 2
8 18 11 15 4
18 8 11 15 4
8 18 15 11 4
18 8 15 11 4
8 18 12 14 6
18 8 12 14 6
8 18 14 12 6
18 8 14 12 6
8 18 13 13 7
18 8 13 13 7
4 22 7 19 0
22 4 7 19 0
4 22 19 7 0
22 4 19 7 0
4 22 8 18 0
22 4 8 18 0
4 22 18 8 0
22 4 18 8 0
5 21 7 19 0
21 5 7 19 0
5 21 19 7 0
21 5 19 7 0
5 21 8 18 0
21 5 8 18 0
5 21 18 8 0
21 5 18 8 0
6 20 7 19 0
20 6 7 19 0
6 20 19 7 0
20 6 19 7 0
6 20 8 18 0
20 6 8 18 0
6 20 18 8 0
20 6 18 8 0
7 19 7 19 0
19 7 7 19 0
7 19 19 7 0
19 7 19 7 0
7 19 8 18 0
19 7 8 18 0
7 19 18 8 0
19 7 18 8 0
8 18 7 19 0
18 8 7 19 0
8 18 19 7 0
18 8 19 7 0
8 18 8 18 0
18 8 8 18 0
8 18 18 8 0
18 8 18 8 0
9 17 7 19 0
17 9 7 19 0
9 17 19 7 0
17 9 19 7 0
9 17 8 18 1
17 9 8 18 1
9 17 18 8 1
17 9 18 8 1
9 17 9 17 4
17 9 9 17 4
9 17 17 9 4
17 9 17 9 4
9 17 10 16 9
17 9 10 16 9
9 17 16 10 9
17 9 16 10 9
9 17 11 15 15
17 9 11 15 15
9 17 15 11 15
17 9 15 11 15
9 17 12 14 22
17 9 12 14 22
9 17 14 12 22
17 9 14 12 22
9 17 13 13 24
17 9 13 13 24
10 16 7 19 0
16 10 7 19 0
10 16 19 7 0
16 10 19 7 0
10 16 8 18 2
16 10 8 18 2
10 16 18 8 2
16 10 18 8 2
10 16 9 17 9
16 10 9 17 9
10 16 17 9 9
16 10 17 9 9
10 16 10 16 21
16 10 10 16 21
10 16 16 10 21
16 10 16 10 21
10 16 11 15 36
16 10 11 15 36
10 16 15 11 36
16 10 15 11 36
10 16 12 14 49
16 10 12 14 49
10 16 14 12 49
16 10 14 12 49
10 16 13 13 55
16 10 13 13 55
6 20 6 20 0
20 6 6 20 0
6 20 20 6 0
20 6 20 6 0
7 19 6 20 0
19 7 6 20 0
7 19 20 6 0
19 7 20 6 0
8 18 6 20 0
18 8 6 20 0
8 18 20 6 0
18 8 20 6 0
9 17 6 20 0
17 9 6 20 0
9 17 20 6 0
17 9 20 6 0
10 16 6 20 0
16 10 6 20 0
10 16 20 6 0
16 10 20 6 0
11 15 6 20 0
15 11 6 20 0
11 15 20 6 0
15 11 20 6 0
11 15 7 19 0
15 11 7 19 0
11 15 19 7 0
15 11 19 7 0
11 15 8 18 4
15 11 8 18 4
11 15 18 8 4
15 11 18 8 4
11 15 9 17 15
15 11 9 17 15
11 15 17 9 15
15 11 17 9 15
11 15 10 16 36
15 11 10 16 36
11 15 16 10 36
15 11 16 10 36
11 15 11 15 61
15 11 11 15 61
11 15 15 11 61
15 11 15 11 61
11 15 12 14 85
15 11 12 14 85
11 15 14 12 85
15 11 14 12 85
11 15 13 13 93
15 11 13 13 93
12 14 7 19 1
14 12 7 19 1
12 14 19 7 1
14 12 19 7 1
12 14 8 18 6
14 12 8 18 6
12 14 18 8 6
14 12 18 8 6
12 14 9 17 22
14 12 9 17 22
12 14 17 9 22
14 12 17 9 22
12 14 10 16 49
14 12 10 16 49
12 14 16 10 49
14 12 16 10 49
12 14 11 15 85
14 12 11 15 85
12 14 15 11 85
14 12 15 11 85
12 14 12 14 116
14 12 12 14 116
12 14 14 12 116
14 12 14 12 116
12 14 13 13 129
14 12 13 13 129
13 13 7 19 1
13 13 19 7 1
13 13 8 18 7
13 13 18 8 7
13 13 9 17 24
13 13 17 9 24
13 13 10 16 55
13 13 16 10 55
13 13 11 15 93
13 13 15 11 93
13 13 12 14 129
13 13 14 12 129
13 13 13 13 142
5 21 6 20 0
21 5 6 20 0
5 21 20 6 0
21 5 20 6 0
6 20 5 21 0
20 6 5 21 0
6 20 21 5 0
20 6 21 5 0
7 19 5 21 0
19 7 5 21 0
7 19 21 5 0
19 7 21 5 0
8 18 5 21 0
18 8 5 21 0
8 18 21 5 0
18 8 21 5 0
9 17 5 21 0
17 9 5 21 0
9 17 21 5 0
17 9 21 5 0
10 16 5 21 0
16 10 5 21 0
10 16 21 5 0
16 10 21 5 0
11 15 5 21 0
15 11 5 21 0
11 15 21 5 0
15 11 21 5 0
7 19 4 22 0
19 7 4 22 0
7 19 22 4 0
19 7 22 4 0
8 18 4 22 0
18 8 4 22 0
8 18 22 4 0
18 8 22 4 0
9 17 4 22 0
17 9 4 22 0
9 17 22 4 0
17 9 22 4 0
10 16 4 22 0
16 10 4 22 0
10 16 22 4 0
16 10 22 4 0
11 15 4 22 0
15 11 4 22 0
11 15 22 4 0
15 11 22 4 0
12 14 4 22 0
14 12 4 22 0
12 14 22 4 0
14 12 22 4 0
12 14 5 21 0
14 12 5 21 0
12 14 21 5 0
14 12 21 5 0
12 14 6 20 0
14 12 6 20 0
12 14 20 6 0
14 12 20 6 0
13 13 5 21 0
13 13 21 5 0
13 13 6 20 0
13 13 20 6 0
13 13 4 22 0
13 13 22 4 0
9 17 3 23 0
17 9 3 23 0
9 17 23 3 0
17 9 23 3 0
10 16 3 23 0
16 10 3 23 0
10 16 23 3 0
16 10 23 3 0
11 15 3 23 0
15 11 3 23 0
11 15 23 3 0
15 11 23 3 0
12 14 3 23 0
14 12 3 23 0
12 14 23 3 0
14 12 23 3 0
13 13 3 23 0
13 13 23 3 0
