10 28 15 23 0
28 10 15 23 0
10 28 23 15 0
28 10 23 15 0
10 28 16 22 0
28 10 16 22 0
10 28 22 16 0
28 10 22 16 0
10 28 17 21 0
28 10 17 21 0
10 28 21 17 0
28 10 21 17 0
10 28 18 20 0
28 10 18 20 0
10 28 20 18 0
28 10 20 18 0
10 28 19 19 0
28 10 19 19 0
11 27 15 23 0
27 11 15 23 0
11 27 23 15 0
27 11 23 15 0
11 27 16 22 0
27 11 16 22 0
11 27 22 16 0
27 11 22 16 0
11 27 17 21 0
27 11 17 21 0
11 27 21 17 0
27 11 21 17 0
11 27 18 20 0
27 11 18 20 0
11 27 20 18 0
27 11 20 18 0
11 27 19 19 0
27 11 19 19 0
12 26 15 23 0
26 12 15 23 0
12 26 23 15 0
26 12 23 15 0
12 26 16 22 0
26 12 16 22 0
12 26 22 16 0
26 12 22 16 0
12 26 17 21 0
26 12 17 21 0
12 26 21 17 0
26 12 21 17 0
12 26 18 20 0
26 12 18 20 0
12 26 20 18 0
26 12 20 18 0
12 26 19 19 0
26 12 19 19 0
13 25 15 23 0
25 13 15 23 0
13 25 23 15 0
25 13 23 15 0
13 25 16 22 0
25 13 16 22 0
13 25 22 16 0
25 13 22 16 0
13 25 17 21 0
25 13 17 21 0
13 25 21 17 0
25 13 21 17 0
13 25 18 20 0
25 13 18 20 0
13 25 20 18 0
25 13 20 18 0
13 25 19 19 0
25 13 19 19 0
14 24 15 23 0
24 14 15 23 0
14 24 23 15 0
24 14 23 15 0
14 24 16 22 0
24 14 16 22 0
14 24 22 16 0
24 14 22 16 0
14 24 17 21 0
24 14 17 21 0
14 24 21 17 0
24 14 21 17 0
14 24 18 20 0
24 14 18 20 0
14 24 20 18 0
24 14 20 18 0
14 24 19 19 0
24 14 19 19 0
15 23 15 23 0
23 15 15 23 0
15 23 23 15 0
23 15 23 15 0
15 23 16 22 0
23 15 16 22 0
15 23 22 16 0
23 15 22 16 0
15 23 17 21 0
23 15 17 21 0
15 23 21 17 0
23 15 21 17 0
15 23 18 20 1
23 15 18 20 1
15 23 20 18 1
23 15 20 18 1
15 23 19 19 1
23 15 19 19 1
11 27 13 25 0
27 11 13 25 0
11 27 25 13 0
27 11 25 13 0
11 27 14 24 0
27 11 14 24 0
11 27 24 14 0
27 11 24 14 0
12 26 13 25 0
26 12 13 25 0
12 26 25 13 0
26 12 25 13 0
12 26 14 24 0
26 12 14 24 0
12 26 24 14 0
26 12 24 14 0
13 25 13 25 0
25 13 13 25 0
13 25 25 13 0
25 13 25 13 0
13 25 14 24 0
25 13 14 24 0
13 25 24 14 0
25 13 24 14 0
14 24 13 25 0
24 14 13 25 0
14 24 25 13 0
24 14 25 13 0
14 24 14 24 0
24 14 14 24 0
14 24 24 14 0
24 14 24 14 0
15 23 13 25 0
23 15 13 25 0
15 23 25 13 0
23 15 25 13 0
15 23 14 24 0
23 15 14 24 0
15 23 24 14 0
23 15 24 14 0
16 22 13 25 0
22 16 13 25 0
16 22 25 13 0
22 16 25 13 0
16 22 14 24 0
22 16 14 24 0
16 22 24 14 0
22 16 24 14 0
16 22 15 23 0
22 16 15 23 0
16 22 23 15 0
22 16 23 15 0
16 22 16 22 1
22 16 16 22 1
16 22 22 16 1
22 16 22 16 1
16 22 17 21 3
22 16 17 21 3
16 22 21 17 3
22 16 21 17 3
16 22 18 20 6
22 16 18 20 6
16 22 20 18 6
22 16 20 18 6
16 22 19 19 7
22 16 19 19 7
17 21 13 25 0
21 17 13 25 0
17 21 25 13 0
21 17 25 13 0
17 21 14 24 0
21 17 14 24 0
17 21 24 14 0
21 17 24 14 0
17 21 15 23 0
21 17 15 23 0
17 21 23 15 0
21 17 23 15 0
17 21 16 22 3
21 17 16 22 3
17 21 22 16 3
21 17 22 16 3
17 21 17 21 8
21 17 17 21 8
17 21 21 17 8
21 17 21 17 8
17 21 18 20 15
21 17 18 20 15
17 21 20 18 15
21 17 20 18 15
17 21 19 19 17
21 17 19 19 17
18 20 15 23 1
20 18 15 23 1
18 20 23 15 1
20 18 23 15 1
18 20 16 22 6
20 18 16 22 6
18 20 22 16 6
20 18 22 16 6
18 20 17 21 15
20 18 17 21 15
18 20 21 17 15
20 18 21 17 15
18 20 18 20 25
20 18 18 20 25
18 20 20 18 25
20 18 20 18 25
18 20 19 19 29
20 18 19 19 29
12 26 12 26 0
26 12 12 26 0
12 26 26 12 0
26 12 26 12 0
13 25 12 26 0
25 13 12 26 0
13 25 26 12 0
25 13 26 12 0
14 24 12 26 0
24 14 12 26 0
14 24 26 12 0
24 14 26 12 0
15 23 12 26 0
23 15 12 26 0
15 23 26 12 0
23 15 26 12 0
16 22 12 26 0
22 16 12 26 0
16 22 26 12 0
22 16 26 12 0
17 21 12 26 0
21 17 12 26 0
17 21 26 12 0
21 17 26 12 0
13 25 11 27 0
25 13 11 27 0
13 25 27 11 0
25 13 27 11 0
14 24 11 27 0
24 14 11 27 0
14 24 27 11 0
24 14 27 11 0
15 23 11 27 0
23 15 11 27 0
15 23 27 11 0
23 15 27 11 0
16 22 11 27 0
22 16 11 27 0
16 22 27 11 0
22 16 27 11 0
17 21 11 27 0
21 17 11 27 0
17 21 27 11 0
21 17 27 11 0
18 20 11 27 0
20 18 11 27 0
18 20 27 11 0
20 18 27 11 0
18 20 12 26 0
20 18 12 26 0
18 20 26 12 0
20 18 26 12 0
18 20 13 25 0
20 18 13 25 0
18 20 25 13 0
20 18 25 13 0
18 20 14 24 0
20 18 14 24 0
18 20 24 14 0
20 18 24 14 0
19 19 12 26 0
19 19 26 12 0
19 19 13 25 0
19 19 25 13 0
19 19 14 24 0
19 19 24 14 0
19 19 15 23 1
19 19 23 15 1
19 19 16 22 7
19 19 22 16 7
19 19 17 21 17
19 19 21 17 17
19 19 18 20 29
19 19 20 18 29
19 19 19 19 33
19 19 11 27 0
19 19 27 11 0
15 23 10 28 0
23 15 10 28 0
15 23 28 10 0
23 15 28 10 0
16 22 10 28 0
22 16 10 28 0
16 22 28 10 0
22 16 28 10 0
17 21 10 28 0
21 17 10 28 0
17 21 28 10 0
21 17 28 10 0
18 20 10 28 0
20 18 10 28 0
18 20 28 10 0
20 18 28 10 0
19 19 10 28 0
19 19 28 10 0
