3 20 9 14 0
20 3 9 14 0
3 20 14 9 0
20 3 14 9 0
3 20 10 13 0
20 3 10 13 0
3 20 13 10 0
20 3 13 10 0
3 20 11 12 0
20 3 11 12 0
3 20 12 11 0
20 3 12 11 0
4 19 9 14 0
19 4 9 14 0
4 19 14 9 0
19 4 14 9 0
4 19 10 13 0
19 4 10 13 0
4 19 13 10 0
19 4 13 10 0
4 19 11 12 0
19 4 11 12 0
4 19 12 11 0
19 4 12 11 0
5 18 9 14 0
18 5 9 14 0
5 18 14 9 0
18 5 14 9 0
5 18 10 13 0
18 5 10 13 0
5 18 13 10 0
18 5 13 10 0
5 18 11 12 0
18 5 11 12 0
5 18 12 11 0
18 5 12 11 0
4 19 7 16 0
19 4 7 16 0
4 19 16 7 0
19 4 16 7 0
4 19 8 15 0
19 4 8 15 0
4 19 15 8 0
19 4 15 8 0
5 18 7 16 0
18 5 7 16 0
5 18 16 7 0
18 5 16 7 0
5 18 8 15 0
18 5 8 15 0
5 18 15 8 0
18 5 15 8 0
6 17 7 16 0
17 6 7 16 0
6 17 16 7 0
17 6 16 7 0
6 17 8 15 0
17 6 8 15 0
6 17 15 8 0
17 6 15 8 0
6 17 9 14 0
17 6 9 14 0
6 17 14 9 0
17 6 14 9 0
6 17 10 13 0
17 6 10 13 0
6 17 13 10 0
17 6 13 10 0
6 17 11 12 0
17 6 11 12 0
6 17 12 11 0
17 6 12 11 0
7 16 7 16 1
16 7 7 16 1
7 16 16 7 1
16 7 16 7 1
7 16 8 15 2
16 7 8 15 2
7 16 15 8 2
16 7 15 8 2
7 16 9 14 3
16 7 9 14 3
7 16 14 9 3
16 7 14 9 3
7 16 10 13 3
16 7 10 13 3
7 16 13 10 3
16 7 13 10 3
7 16 11 12 3
16 7 11 12 3
7 16 12 11 3
16 7 12 11 3
6 17 6 17 0
17 6 6 17 0
6 17 17 6 0
17 6 17 6 0
7 16 6 17 0
16 7 6 17 0
7 16 17 6 0
16 7 17 6 0
8 15 6 17 0
15 8 6 17 0
8 15 17 6 0
15 8 17 6 0
8 15 7 16 2
15 8 7 16 2
8 15 16 7 2
15 8 16 7 2
8 15 8 15 5
15 8 8 15 5
8 15 15 8 5
15 8 15 8 5
8 15 9 14 8
15 8 9 14 8
8 15 14 9 8
15 8 14 9 8
8 15 10 13 9
15 8 10 13 9
8 15 13 10 9
15 8 13 10 9
8 15 11 12 9
15 8 11 12 9
8 15 12 11 9
15 8 12 11 9
9 14 7 16 3
14 9 7 16 3
9 14 16 7 3
14 9 16 7 3
9 14 8 15 8
14 9 8 15 8
9 14 15 8 8
14 9 15 8 8
9 14 9 14 14
14 9 9 14 14
9 14 14 9 14
14 9 14 9 14
9 14 10 13 17
14 9 10 13 17
9 14 13 10 17
14 9 13 10 17
9 14 11 12 18
14 9 11 12 18
9 14 12 11 18
14 9 12 11 18
10 13 7 16 3
13 10 7 16 3
10 13 16 7 3
13 10 16 7 3
10 13 8 15 9
13 10 8 15 9
10 13 15 8 9
13 10 15 8 9
10 13 9 14 17
13 10 9 14 17
10 13 14 9 17
13 10 14 9 17
10 13 10 13 23
13 10 10 13 23
10 13 13 10 23
13 10 13 10 23
10 13 11 12 26
13 10 11 12 26
10 13 12 11 26
13 10 12 11 26
11 12 9 14 18
12 11 9 14 18
11 12 14 9 18
12 11 14 9 18
11 12 10 13 26
12 11 10 13 26
11 12 13 10 26
12 11 13 10 26
11 12 11 12 31
12 11 11 12 31
11 12 12 11 31
12 11 12 11 31
5 18 6 17 0
18 5 6 17 0
5 18 17 6 0
18 5 17 6 0
6 17 5 18 0
17 6 5 18 0
6 17 18 5 0
17 6 18 5 0
7 16 5 18 0
16 7 5 18 0
7 16 18 5 0
16 7 18 5 0
8 15 5 18 0
15 8 5 18 0
8 15 18 5 0
15 8 18 5 0
7 16 4 19 0
16 7 4 19 0
7 16 19 4 0
16 7 19 4 0
8 15 4 19 0
15 8 4 19 0
8 15 19 4 0
15 8 19 4 0
9 14 4 19 0
14 9 4 19 0
9 14 19 4 0
14 9 19 4 0
9 14 5 18 0
14 9 5 18 0
9 14 18 5 0
14 9 18 5 0
9 14 6 17 0
14 9 6 17 0
9 14 17 6 0
14 9 17 6 0
10 13 5 18 0
13 10 5 18 0
10 13 18 5 0
13 10 18 5 0
10 13 6 17 0
13 10 6 17 0
10 13 17 6 0
13 10 17 6 0
10 13 4 19 0
13 10 4 19 0
10 13 19 4 0
13 10 19 4 0
11 12 4 19 0
12 11 4 19 0
11 12 19 4 0
12 11 19 4 0
11 12 5 18 0
12 11 5 18 0
11 12 18 5 0
12 11 18 5 0
11 12 6 17 0
12 11 6 17 0
11 12 17 6 0
12 11 17 6 0
11 12 7 16 3
12 11 7 16 3
11 12 16 7 3
12 11 16 7 3
11 12 8 15 9
12 11 8 15 9
11 12 15 8 9
12 11 15 8 9
9 14 3 20 0
14 9 3 20 0
9 14 20 3 0
14 9 20 3 0
10 13 3 20 0
13 10 3 20 0
10 13 20 3 0
13 10 20 3 0
11 12 3 20 0
12 11 3 20 0
11 12 20 3 0
12 11 20 3 0
