2 18 7 13 0
18 2 7 13 0
2 18 13 7 0
18 2 13 7 0
2 18 8 12 0
18 2 8 12 0
2 18 12 8 0
18 2 12 8 0
2 18 9 11 0
18 2 9 11 0
2 18 11 9 0
18 2 11 9 0
3 17 7 13 0
17 3 7 13 0
3 17 13 7 0
17 3 13 7 0
3 17 8 12 0
17 3 8 12 0
3 17 12 8 0
17 3 12 8 0
3 17 9 11 0
17 3 9 11 0
3 17 11 9 0
17 3 11 9 0
4 16 7 13 0
16 4 7 13 0
4 16 13 7 0
16 4 13 7 0
4 16 8 12 0
16 4 8 12 0
4 16 12 8 0
16 4 12 8 0
4 16 9 11 1
16 4 9 11 1
4 16 11 9 1
16 4 11 9 1
2 18 10 10 0
18 2 10 10 0
3 17 10 10 0
17 3 10 10 0
4 16 10 10 1
16 4 10 10 1
3 17 6 14 0
17 3 6 14 0
3 17 14 6 0
17 3 14 6 0
4 16 6 14 0
16 4 6 14 0
4 16 14 6 0
16 4 14 6 0
5 15 6 14 1
15 5 6 14 1
5 15 14 6 1
15 5 14 6 1
5 15 7 13 2
15 5 7 13 2
5 15 13 7 2
15 5 13 7 2
5 15 8 12 4
15 5 8 12 4
5 15 12 8 4
15 5 12 8 4
5 15 9 11 6
15 5 9 11 6
5 15 11 9 6
15 5 11 9 6
5 15 10 10 7
15 5 10 10 7
6 14 6 14 4
14 6 6 14 4
6 14 14 6 4
14 6 14 6 4
6 14 7 13 9
14 6 7 13 9
6 14 13 7 9
14 6 13 7 9
6 14 8 12 15
14 6 8 12 15
6 14 12 8 15
14 6 12 8 15
6 14 9 11 22
14 6 9 11 22
6 14 11 9 22
14 6 11 9 22
6 14 10 10 24
14 6 10 10 24
7 13 6 14 9
13 7 6 14 9
7 13 14 6 9
13 7 14 6 9
7 13 7 13 21
13 7 7 13 21
7 13 13 7 21
13 7 13 7 21
7 13 8 12 36
13 7 8 12 36
7 13 12 8 36
13 7 12 8 36
7 13 9 11 49
13 7 9 11 49
7 13 11 9 49
13 7 11 9 49
7 13 10 10 55
13 7 10 10 55
8 12 7 13 36
12 8 7 13 36
8 12 13 7 36
12 8 13 7 36
8 12 8 12 61
12 8 8 12 61
8 12 12 8 61
12 8 12 8 61
8 12 9 11 85
12 8 9 11 85
8 12 11 9 85
12 8 11 9 85
8 12 10 10 93
12 8 10 10 93
4 16 4 16 0
16 4 4 16 0
4 16 16 4 0
16 4 16 4 0
4 16 5 15 0
16 4 5 15 0
4 16 15 5 0
16 4 15 5 0
5 15 4 16 0
15 5 4 16 0
5 15 16 4 0
15 5 16 4 0
5 15 5 15 0
15 5 5 15 0
5 15 15 5 0
15 5 15 5 0
6 14 4 16 0
14 6 4 16 0
6 14 16 4 0
14 6 16 4 0
6 14 5 15 1
14 6 5 15 1
6 14 15 5 1
14 6 15 5 1
7 13 4 16 0
13 7 4 16 0
7 13 16 4 0
13 7 16 4 0
7 13 5 15 2
13 7 5 15 2
7 13 15 5 2
13 7 15 5 2
6 14 3 17 0
14 6 3 17 0
6 14 17 3 0
14 6 17 3 0
7 13 3 17 0
13 7 3 17 0
7 13 17 3 0
13 7 17 3 0
8 12 3 17 0
12 8 3 17 0
8 12 17 3 0
12 8 17 3 0
8 12 4 16 0
12 8 4 16 0
8 12 16 4 0
12 8 16 4 0
8 12 5 15 4
12 8 5 15 4
8 12 15 5 4
12 8 15 5 4
8 12 6 14 15
12 8 6 14 15
8 12 14 6 15
12 8 14 6 15
9 11 4 16 1
11 9 4 16 1
9 11 16 4 1
11 9 16 4 1
9 11 5 15 6
11 9 5 15 6
9 11 15 5 6
11 9 15 5 6
9 11 6 14 22
11 9 6 14 22
9 11 14 6 22
11 9 14 6 22
9 11 7 13 49
11 9 7 13 49
9 11 13 7 49
11 9 13 7 49
9 11 8 12 85
11 9 8 12 85
9 11 12 8 85
11 9 12 8 85
9 11 9 11 116
11 9 9 11 116
9 11 11 9 116
11 9 11 9 116
9 11 10 10 129
11 9 10 10 129
10 10 4 16 1
10 10 16 4 1
10 10 5 15 7
10 10 15 5 7
10 10 6 14 24
10 10 14 6 24
10 10 7 13 55
10 10 13 7 55
10 10 8 12 93
10 10 12 8 93
10 10 9 11 129
10 10 11 9 129
10 10 10 10 142
7 13 2 18 0
13 7 2 18 0
7 13 18 2 0
13 7 18 2 0
8 12 2 18 0
12 8 2 18 0
8 12 18 2 0
12 8 18 2 0
9 11 2 18 0
11 9 2 18 0
9 11 18 2 0
11 9 18 2 0
9 11 3 17 0
11 9 3 17 0
9 11 17 3 0
11 9 17 3 0
10 10 3 17 0
10 10 17 3 0
10 10 2 18 0
10 10 18 2 0
