24 29 24 29 0
29 24 24 29 0
24 29 29 24 0
29 24 29 24 0
24 29 25 28 0
29 24 25 28 0
24 29 28 25 0
29 24 28 25 0
24 29 26 27 0
29 24 26 27 0
24 29 27 26 0
29 24 27 26 0
25 28 24 29 0
28 25 24 29 0
25 28 29 24 0
28 25 29 24 0
25 28 25 28 0
28 25 25 28 0
25 28 28 25 0
28 25 28 25 0
25 28 26 27 0
28 25 26 27 0
25 28 27 26 0
28 25 27 26 0
26 27 24 29 0
27 26 24 29 0
26 27 29 24 0
27 26 29 24 0
26 27 25 28 0
27 26 25 28 0
26 27 28 25 0
27 26 28 25 0
26 27 26 27 0
27 26 26 27 0
26 27 27 26 0
27 26 27 26 0
