11 24 43 60 0
24 11 43 60 0
11 24 60 43 0
24 11 60 43 0
11 24 44 59 0
24 11 44 59 0
11 24 59 44 0
24 11 59 44 0
11 24 45 58 0
24 11 45 58 0
11 24 58 45 0
24 11 58 45 0
11 24 46 57 0
24 11 46 57 0
11 24 57 46 0
24 11 57 46 0
11 24 47 56 0
24 11 47 56 0
11 24 56 47 0
24 11 56 47 0
11 24 48 55 0
24 11 48 55 0
11 24 55 48 0
24 11 55 48 0
11 24 49 54 0
24 11 49 54 0
11 24 54 49 0
24 11 54 49 0
11 24 50 53 0
24 11 50 53 0
11 24 53 50 0
24 11 53 50 0
12 23 43 60 0
23 12 43 60 0
12 23 60 43 0
23 12 60 43 0
12 23 44 59 0
23 12 44 59 0
12 23 59 44 0
23 12 59 44 0
12 23 45 58 0
23 12 45 58 0
12 23 58 45 0
23 12 58 45 0
12 23 46 57 0
23 12 46 57 0
12 23 57 46 0
23 12 57 46 0
12 23 47 56 0
23 12 47 56 0
12 23 56 47 0
23 12 56 47 0
12 23 48 55 0
23 12 48 55 0
12 23 55 48 0
23 12 55 48 0
12 23 49 54 0
23 12 49 54 0
12 23 54 49 0
23 12 54 49 0
12 23 50 53 0
23 12 50 53 0
12 23 53 50 0
23 12 53 50 0
13 22 43 60 0
22 13 43 60 0
13 22 60 43 0
22 13 60 43 0
13 22 44 59 0
22 13 44 59 0
13 22 59 44 0
22 13 59 44 0
13 22 45 58 0
22 13 45 58 0
13 22 58 45 0
22 13 58 45 0
13 22 46 57 0
22 13 46 57 0
13 22 57 46 0
22 13 57 46 0
13 22 47 56 0
22 13 47 56 0
13 22 56 47 0
22 13 56 47 0
13 22 48 55 0
22 13 48 55 0
13 22 55 48 0
22 13 55 48 0
13 22 49 54 0
22 13 49 54 0
13 22 54 49 0
22 13 54 49 0
13 22 50 53 0
22 13 50 53 0
13 22 53 50 0
22 13 53 50 0
14 21 43 60 0
21 14 43 60 0
14 21 60 43 0
21 14 60 43 0
14 21 44 59 0
21 14 44 59 0
14 21 59 44 0
21 14 59 44 0
14 21 45 58 0
21 14 45 58 0
14 21 58 45 0
21 14 58 45 0
14 21 46 57 0
21 14 46 57 0
14 21 57 46 0
21 14 57 46 0
14 21 47 56 0
21 14 47 56 0
14 21 56 47 0
21 14 56 47 0
14 21 48 55 0
21 14 48 55 0
14 21 55 48 0
21 14 55 48 0
14 21 49 54 0
21 14 49 54 0
14 21 54 49 0
21 14 54 49 0
14 21 50 53 0
21 14 50 53 0
14 21 53 50 0
21 14 53 50 0
11 24 51 52 0
24 11 51 52 0
11 24 52 51 0
24 11 52 51 0
12 23 51 52 0
23 12 51 52 0
12 23 52 51 0
23 12 52 51 0
13 22 51 52 0
22 13 51 52 0
13 22 52 51 0
22 13 52 51 0
14 21 51 52 0
21 14 51 52 0
14 21 52 51 0
21 14 52 51 0
12 23 39 64 0
23 12 39 64 0
12 23 64 39 0
23 12 64 39 0
12 23 40 63 0
23 12 40 63 0
12 23 63 40 0
23 12 63 40 0
12 23 41 62 0
23 12 41 62 0
12 23 62 41 0
23 12 62 41 0
12 23 42 61 0
23 12 42 61 0
12 23 61 42 0
23 12 61 42 0
13 22 39 64 0
22 13 39 64 0
13 22 64 39 0
22 13 64 39 0
13 22 40 63 0
22 13 40 63 0
13 22 63 40 0
22 13 63 40 0
13 22 41 62 0
22 13 41 62 0
13 22 62 41 0
22 13 62 41 0
13 22 42 61 0
22 13 42 61 0
13 22 61 42 0
22 13 61 42 0
14 21 39 64 0
21 14 39 64 0
14 21 64 39 0
21 14 64 39 0
14 21 40 63 0
21 14 40 63 0
14 21 63 40 0
21 14 63 40 0
14 21 41 62 0
21 14 41 62 0
14 21 62 41 0
21 14 62 41 0
14 21 42 61 0
21 14 42 61 0
14 21 61 42 0
21 14 61 42 0
15 20 39 64 0
20 15 39 64 0
15 20 64 39 0
20 15 64 39 0
15 20 40 63 0
20 15 40 63 0
15 20 63 40 0
20 15 63 40 0
15 20 41 62 0
20 15 41 62 0
15 20 62 41 0
20 15 62 41 0
15 20 42 61 0
20 15 42 61 0
15 20 61 42 0
20 15 61 42 0
15 20 43 60 0
20 15 43 60 0
15 20 60 43 0
20 15 60 43 0
15 20 44 59 1
20 15 44 59 1
15 20 59 44 1
20 15 59 44 1
15 20 45 58 2
20 15 45 58 2
15 20 58 45 2
20 15 58 45 2
15 20 46 57 4
20 15 46 57 4
15 20 57 46 4
20 15 57 46 4
15 20 47 56 6
20 15 47 56 6
15 20 56 47 6
20 15 56 47 6
15 20 48 55 9
20 15 48 55 9
15 20 55 48 9
20 15 55 48 9
15 20 49 54 11
20 15 49 54 11
15 20 54 49 11
20 15 54 49 11
15 20 50 53 13
20 15 50 53 13
15 20 53 50 13
20 15 53 50 13
15 20 51 52 14
20 15 51 52 14
15 20 52 51 14
20 15 52 51 14
13 22 37 66 0
22 13 37 66 0
13 22 66 37 0
22 13 66 37 0
13 22 38 65 0
22 13 38 65 0
13 22 65 38 0
22 13 65 38 0
14 21 37 66 0
21 14 37 66 0
14 21 66 37 0
21 14 66 37 0
14 21 38 65 0
21 14 38 65 0
14 21 65 38 0
21 14 65 38 0
15 20 37 66 0
20 15 37 66 0
15 20 66 37 0
20 15 66 37 0
15 20 38 65 0
20 15 38 65 0
15 20 65 38 0
20 15 65 38 0
16 19 37 66 0
19 16 37 66 0
16 19 66 37 0
19 16 66 37 0
16 19 38 65 0
19 16 38 65 0
16 19 65 38 0
19 16 65 38 0
16 19 39 64 0
19 16 39 64 0
16 19 64 39 0
19 16 64 39 0
16 19 40 63 0
19 16 40 63 0
16 19 63 40 0
19 16 63 40 0
16 19 41 62 0
19 16 41 62 0
16 19 62 41 0
19 16 62 41 0
16 19 42 61 1
19 16 42 61 1
16 19 61 42 1
19 16 61 42 1
16 19 43 60 3
19 16 43 60 3
16 19 60 43 3
19 16 60 43 3
16 19 44 59 7
19 16 44 59 7
16 19 59 44 7
19 16 59 44 7
16 19 45 58 12
19 16 45 58 12
16 19 58 45 12
19 16 58 45 12
16 19 46 57 19
19 16 46 57 19
16 19 57 46 19
19 16 57 46 19
16 19 47 56 27
19 16 47 56 27
16 19 56 47 27
19 16 56 47 27
16 19 48 55 36
19 16 48 55 36
16 19 55 48 36
19 16 55 48 36
16 19 49 54 43
19 16 49 54 43
16 19 54 49 43
19 16 54 49 43
16 19 50 53 49
19 16 50 53 49
16 19 53 50 49
19 16 53 50 49
16 19 51 52 52
19 16 51 52 52
16 19 52 51 52
19 16 52 51 52
17 18 37 66 0
18 17 37 66 0
17 18 66 37 0
18 17 66 37 0
17 18 38 65 0
18 17 38 65 0
17 18 65 38 0
18 17 65 38 0
17 18 39 64 0
18 17 39 64 0
17 18 64 39 0
18 17 64 39 0
17 18 40 63 0
18 17 40 63 0
17 18 63 40 0
18 17 63 40 0
17 18 41 62 0
18 17 41 62 0
17 18 62 41 0
18 17 62 41 0
17 18 42 61 2
18 17 42 61 2
17 18 61 42 2
18 17 61 42 2
17 18 43 60 6
18 17 43 60 6
17 18 60 43 6
18 17 60 43 6
17 18 44 59 13
18 17 44 59 13
17 18 59 44 13
18 17 59 44 13
17 18 45 58 22
18 17 45 58 22
17 18 58 45 22
18 17 58 45 22
17 18 46 57 34
18 17 46 57 34
17 18 57 46 34
18 17 57 46 34
17 18 47 56 48
18 17 47 56 48
17 18 56 47 48
18 17 56 47 48
17 18 48 55 63
18 17 48 55 63
17 18 55 48 63
18 17 55 48 63
17 18 49 54 75
18 17 49 54 75
17 18 54 49 75
18 17 54 49 75
17 18 50 53 85
18 17 50 53 85
17 18 53 50 85
18 17 53 50 85
17 18 51 52 90
18 17 51 52 90
17 18 52 51 90
18 17 52 51 90
14 21 36 67 0
21 14 36 67 0
14 21 67 36 0
21 14 67 36 0
15 20 36 67 0
20 15 36 67 0
15 20 67 36 0
20 15 67 36 0
16 19 36 67 0
19 16 36 67 0
16 19 67 36 0
19 16 67 36 0
17 18 36 67 0
18 17 36 67 0
17 18 67 36 0
18 17 67 36 0
15 20 35 68 0
20 15 35 68 0
15 20 68 35 0
20 15 68 35 0
16 19 35 68 0
19 16 35 68 0
16 19 68 35 0
19 16 68 35 0
17 18 35 68 0
18 17 35 68 0
17 18 68 35 0
18 17 68 35 0
