4 21 27 46 0
21 4 27 46 0
4 21 46 27 0
21 4 46 27 0
4 21 28 45 0
21 4 28 45 0
4 21 45 28 0
21 4 45 28 0
4 21 29 44 0
21 4 29 44 0
4 21 44 29 0
21 4 44 29 0
4 21 30 43 0
21 4 30 43 0
4 21 43 30 0
21 4 43 30 0
4 21 31 42 0
21 4 31 42 0
4 21 42 31 0
21 4 42 31 0
4 21 32 41 0
21 4 32 41 0
4 21 41 32 0
21 4 41 32 0
4 21 33 40 0
21 4 33 40 0
4 21 40 33 0
21 4 40 33 0
4 21 34 39 0
21 4 34 39 0
4 21 39 34 0
21 4 39 34 0
5 20 27 46 0
20 5 27 46 0
5 20 46 27 0
20 5 46 27 0
5 20 28 45 0
20 5 28 45 0
5 20 45 28 0
20 5 45 28 0
5 20 29 44 0
20 5 29 44 0
5 20 44 29 0
20 5 44 29 0
5 20 30 43 0
20 5 30 43 0
5 20 43 30 0
20 5 43 30 0
5 20 31 42 0
20 5 31 42 0
5 20 42 31 0
20 5 42 31 0
5 20 32 41 0
20 5 32 41 0
5 20 41 32 0
20 5 41 32 0
5 20 33 40 0
20 5 33 40 0
5 20 40 33 0
20 5 40 33 0
5 20 34 39 0
20 5 34 39 0
5 20 39 34 0
20 5 39 34 0
6 19 27 46 0
19 6 27 46 0
6 19 46 27 0
19 6 46 27 0
6 19 28 45 0
19 6 28 45 0
6 19 45 28 0
19 6 45 28 0
6 19 29 44 0
19 6 29 44 0
6 19 44 29 0
19 6 44 29 0
6 19 30 43 0
19 6 30 43 0
6 19 43 30 0
19 6 43 30 0
6 19 31 42 0
19 6 31 42 0
6 19 42 31 0
19 6 42 31 0
6 19 32 41 1
19 6 32 41 1
6 19 41 32 1
19 6 41 32 1
6 19 33 40 2
19 6 33 40 2
6 19 40 33 2
19 6 40 33 2
6 19 34 39 3
19 6 34 39 3
6 19 39 34 3
19 6 39 34 3
7 18 27 46 1
18 7 27 46 1
7 18 46 27 1
18 7 46 27 1
7 18 28 45 3
18 7 28 45 3
7 18 45 28 3
18 7 45 28 3
7 18 29 44 7
18 7 29 44 7
7 18 44 29 7
18 7 44 29 7
7 18 30 43 13
18 7 30 43 13
7 18 43 30 13
18 7 43 30 13
7 18 31 42 22
18 7 31 42 22
7 18 42 31 22
18 7 42 31 22
7 18 32 41 34
18 7 32 41 34
7 18 41 32 34
18 7 41 32 34
7 18 33 40 48
18 7 33 40 48
7 18 40 33 48
18 7 40 33 48
7 18 34 39 61
18 7 34 39 61
7 18 39 34 61
18 7 39 34 61
4 21 35 38 0
21 4 35 38 0
4 21 38 35 0
21 4 38 35 0
5 20 35 38 0
20 5 35 38 0
5 20 38 35 0
20 5 38 35 0
6 19 35 38 4
19 6 35 38 4
6 19 38 35 4
19 6 38 35 4
7 18 35 38 72
18 7 35 38 72
7 18 38 35 72
18 7 38 35 72
4 21 36 37 0
21 4 36 37 0
4 21 37 36 0
21 4 37 36 0
5 20 36 37 0
20 5 36 37 0
5 20 37 36 0
20 5 37 36 0
6 19 36 37 4
19 6 36 37 4
6 19 37 36 4
19 6 37 36 4
7 18 36 37 77
18 7 36 37 77
7 18 37 36 77
18 7 37 36 77
5 20 24 49 0
20 5 24 49 0
5 20 49 24 0
20 5 49 24 0
5 20 25 48 0
20 5 25 48 0
5 20 48 25 0
20 5 48 25 0
5 20 26 47 0
20 5 26 47 0
5 20 47 26 0
20 5 47 26 0
6 19 24 49 0
19 6 24 49 0
6 19 49 24 0
19 6 49 24 0
6 19 25 48 0
19 6 25 48 0
6 19 48 25 0
19 6 48 25 0
6 19 26 47 0
19 6 26 47 0
6 19 47 26 0
19 6 47 26 0
7 18 24 49 0
18 7 24 49 0
7 18 49 24 0
18 7 49 24 0
7 18 25 48 0
18 7 25 48 0
7 18 48 25 0
18 7 48 25 0
7 18 26 47 0
18 7 26 47 0
7 18 47 26 0
18 7 47 26 0
8 17 24 49 1
17 8 24 49 1
8 17 49 24 1
17 8 49 24 1
8 17 25 48 3
17 8 25 48 3
8 17 48 25 3
17 8 48 25 3
8 17 26 47 8
17 8 26 47 8
8 17 47 26 8
17 8 47 26 8
8 17 27 46 19
17 8 27 46 19
8 17 46 27 19
17 8 46 27 19
8 17 28 45 40
17 8 28 45 40
8 17 45 28 40
17 8 45 28 40
8 17 29 44 73
17 8 29 44 73
8 17 44 29 73
17 8 44 29 73
8 17 30 43 121
17 8 30 43 121
8 17 43 30 121
17 8 43 30 121
8 17 31 42 183
17 8 31 42 183
8 17 42 31 183
17 8 42 31 183
8 17 32 41 257
17 8 32 41 257
8 17 41 32 257
17 8 41 32 257
8 17 33 40 335
17 8 33 40 335
8 17 40 33 335
17 8 40 33 335
8 17 34 39 407
17 8 34 39 407
8 17 39 34 407
17 8 39 34 407
8 17 35 38 463
17 8 35 38 463
8 17 38 35 463
17 8 38 35 463
8 17 36 37 493
17 8 36 37 493
8 17 37 36 493
17 8 37 36 493
6 19 23 50 0
19 6 23 50 0
6 19 50 23 0
19 6 50 23 0
7 18 23 50 0
18 7 23 50 0
7 18 50 23 0
18 7 50 23 0
8 17 23 50 0
17 8 23 50 0
8 17 50 23 0
17 8 50 23 0
9 16 23 50 2
16 9 23 50 2
9 16 50 23 2
16 9 50 23 2
9 16 24 49 8
16 9 24 49 8
9 16 49 24 8
16 9 49 24 8
9 16 25 48 23
16 9 25 48 23
9 16 48 25 23
16 9 48 25 23
9 16 26 47 54
16 9 26 47 54
9 16 47 26 54
16 9 47 26 54
9 16 27 46 111
16 9 27 46 111
9 16 46 27 111
16 9 46 27 111
9 16 28 45 204
16 9 28 45 204
9 16 45 28 204
16 9 45 28 204
9 16 29 44 343
16 9 29 44 343
9 16 44 29 343
16 9 44 29 343
9 16 30 43 529
16 9 30 43 529
9 16 43 30 529
16 9 43 30 529
9 16 31 42 760
16 9 31 42 760
9 16 42 31 760
16 9 42 31 760
9 16 32 41 1021
16 9 32 41 1021
9 16 41 32 1021
16 9 41 32 1021
9 16 33 40 1287
16 9 33 40 1287
9 16 40 33 1287
16 9 40 33 1287
9 16 34 39 1527
16 9 34 39 1527
9 16 39 34 1527
16 9 39 34 1527
9 16 35 38 1711
16 9 35 38 1711
9 16 38 35 1711
16 9 38 35 1711
9 16 36 37 1809
16 9 36 37 1809
9 16 37 36 1809
16 9 37 36 1809
10 15 24 49 39
15 10 24 49 39
10 15 49 24 39
15 10 49 24 39
10 15 25 48 92
15 10 25 48 92
10 15 48 25 92
15 10 48 25 92
10 15 26 47 192
15 10 26 47 192
10 15 47 26 192
15 10 47 26 192
10 15 27 46 360
15 10 27 46 360
10 15 46 27 360
15 10 46 27 360
10 15 28 45 619
15 10 28 45 619
10 15 45 28 619
15 10 45 28 619
10 15 29 44 985
15 10 29 44 985
10 15 44 29 985
15 10 44 29 985
10 15 30 43 1460
15 10 30 43 1460
10 15 43 30 1460
15 10 43 30 1460
10 15 31 42 2029
15 10 31 42 2029
10 15 42 31 2029
15 10 42 31 2029
10 15 32 41 2656
15 10 32 41 2656
10 15 41 32 2656
15 10 41 32 2656
10 15 33 40 3282
15 10 33 40 3282
10 15 40 33 3282
15 10 40 33 3282
10 15 34 39 3840
15 10 34 39 3840
10 15 39 34 3840
15 10 39 34 3840
10 15 35 38 4261
15 10 35 38 4261
10 15 38 35 4261
15 10 38 35 4261
10 15 36 37 4486
15 10 36 37 4486
10 15 37 36 4486
15 10 37 36 4486
11 14 27 46 739
14 11 27 46 739
11 14 46 27 739
14 11 46 27 739
11 14 28 45 1228
14 11 28 45 1228
11 14 45 28 1228
14 11 45 28 1228
11 14 29 44 1901
14 11 29 44 1901
11 14 44 29 1901
14 11 44 29 1901
11 14 30 43 2756
14 11 30 43 2756
11 14 43 30 2756
14 11 43 30 2756
11 14 31 42 3763
14 11 31 42 3763
11 14 42 31 3763
14 11 42 31 3763
11 14 32 41 4855
14 11 32 41 4855
11 14 41 32 4855
14 11 41 32 4855
11 14 33 40 5936
14 11 33 40 5936
11 14 40 33 5936
14 11 40 33 5936
11 14 34 39 6890
14 11 34 39 6890
11 14 39 34 6890
14 11 39 34 6890
11 14 35 38 7605
14 11 35 38 7605
11 14 38 35 7605
14 11 38 35 7605
11 14 36 37 7987
14 11 36 37 7987
11 14 37 36 7987
14 11 37 36 7987
6 19 21 52 0
19 6 21 52 0
6 19 52 21 0
19 6 52 21 0
6 19 22 51 0
19 6 22 51 0
6 19 51 22 0
19 6 51 22 0
7 18 21 52 0
18 7 21 52 0
7 18 52 21 0
18 7 52 21 0
7 18 22 51 0
18 7 22 51 0
7 18 51 22 0
18 7 51 22 0
8 17 21 52 0
17 8 21 52 0
8 17 52 21 0
17 8 52 21 0
8 17 22 51 0
17 8 22 51 0
8 17 51 22 0
17 8 51 22 0
9 16 21 52 0
16 9 21 52 0
9 16 52 21 0
16 9 52 21 0
9 16 22 51 0
16 9 22 51 0
9 16 51 22 0
16 9 51 22 0
7 18 19 54 0
18 7 19 54 0
7 18 54 19 0
18 7 54 19 0
7 18 20 53 0
18 7 20 53 0
7 18 53 20 0
18 7 53 20 0
8 17 19 54 0
17 8 19 54 0
8 17 54 19 0
17 8 54 19 0
8 17 20 53 0
17 8 20 53 0
8 17 53 20 0
17 8 53 20 0
9 16 19 54 0
16 9 19 54 0
9 16 54 19 0
16 9 54 19 0
9 16 20 53 0
16 9 20 53 0
9 16 53 20 0
16 9 53 20 0
10 15 19 54 0
15 10 19 54 0
10 15 54 19 0
15 10 54 19 0
10 15 20 53 0
15 10 20 53 0
10 15 53 20 0
15 10 53 20 0
10 15 21 52 1
15 10 21 52 1
10 15 52 21 1
15 10 52 21 1
10 15 22 51 4
15 10 22 51 4
10 15 51 22 4
15 10 51 22 4
10 15 23 50 14
15 10 23 50 14
10 15 50 23 14
15 10 50 23 14
11 14 19 54 0
14 11 19 54 0
11 14 54 19 0
14 11 54 19 0
11 14 20 53 0
14 11 20 53 0
11 14 53 20 0
14 11 53 20 0
11 14 21 52 3
14 11 21 52 3
11 14 52 21 3
14 11 52 21 3
11 14 22 51 12
14 11 22 51 12
11 14 51 22 12
14 11 51 22 12
11 14 23 50 37
14 11 23 50 37
11 14 50 23 37
14 11 50 23 37
11 14 24 49 94
14 11 24 49 94
11 14 49 24 94
14 11 49 24 94
11 14 25 48 208
14 11 25 48 208
11 14 48 25 208
14 11 48 25 208
11 14 26 47 410
14 11 26 47 410
11 14 47 26 410
14 11 47 26 410
12 13 21 52 6
13 12 21 52 6
12 13 52 21 6
13 12 52 21 6
12 13 22 51 21
13 12 22 51 21
12 13 51 22 21
13 12 51 22 21
12 13 23 50 60
13 12 23 50 60
12 13 50 23 60
13 12 50 23 60
12 13 24 49 145
13 12 24 49 145
12 13 49 24 145
13 12 49 24 145
12 13 25 48 309
13 12 25 48 309
12 13 48 25 309
13 12 48 25 309
12 13 26 47 594
13 12 26 47 594
12 13 47 26 594
13 12 47 26 594
12 13 27 46 1048
13 12 27 46 1048
12 13 46 27 1048
13 12 46 27 1048
12 13 28 45 1714
13 12 28 45 1714
12 13 45 28 1714
13 12 45 28 1714
12 13 29 44 2619
13 12 29 44 2619
12 13 44 29 2619
13 12 44 29 2619
12 13 30 43 3757
13 12 30 43 3757
12 13 43 30 3757
13 12 43 30 3757
12 13 31 42 5086
13 12 31 42 5086
12 13 42 31 5086
13 12 42 31 5086
12 13 32 41 6520
13 12 32 41 6520
12 13 41 32 6520
13 12 41 32 6520
12 13 33 40 7930
13 12 33 40 7930
12 13 40 33 7930
13 12 40 33 7930
12 13 34 39 9170
13 12 34 39 9170
12 13 39 34 9170
13 12 39 34 9170
12 13 35 38 10097
13 12 35 38 10097
12 13 38 35 10097
13 12 38 35 10097
12 13 36 37 10591
13 12 36 37 10591
12 13 37 36 10591
13 12 37 36 10591
8 17 17 56 0
17 8 17 56 0
8 17 56 17 0
17 8 56 17 0
8 17 18 55 0
17 8 18 55 0
8 17 55 18 0
17 8 55 18 0
9 16 17 56 0
16 9 17 56 0
9 16 56 17 0
16 9 56 17 0
9 16 18 55 0
16 9 18 55 0
9 16 55 18 0
16 9 55 18 0
10 15 17 56 0
15 10 17 56 0
10 15 56 17 0
15 10 56 17 0
10 15 18 55 0
15 10 18 55 0
10 15 55 18 0
15 10 55 18 0
11 14 17 56 0
14 11 17 56 0
11 14 56 17 0
14 11 56 17 0
11 14 18 55 0
14 11 18 55 0
11 14 55 18 0
14 11 55 18 0
9 16 16 57 0
16 9 16 57 0
9 16 57 16 0
16 9 57 16 0
10 15 16 57 0
15 10 16 57 0
10 15 57 16 0
15 10 57 16 0
11 14 16 57 0
14 11 16 57 0
11 14 57 16 0
14 11 57 16 0
12 13 16 57 0
13 12 16 57 0
12 13 57 16 0
13 12 57 16 0
12 13 17 56 0
13 12 17 56 0
12 13 56 17 0
13 12 56 17 0
12 13 18 55 0
13 12 18 55 0
12 13 55 18 0
13 12 55 18 0
12 13 19 54 0
13 12 19 54 0
12 13 54 19 0
13 12 54 19 0
12 13 20 53 1
13 12 20 53 1
12 13 53 20 1
13 12 53 20 1
10 15 15 58 0
15 10 15 58 0
10 15 58 15 0
15 10 58 15 0
11 14 15 58 0
14 11 15 58 0
11 14 58 15 0
14 11 58 15 0
12 13 15 58 0
13 12 15 58 0
12 13 58 15 0
13 12 58 15 0
