6 23 36 49 0
23 6 36 49 0
6 23 49 36 0
23 6 49 36 0
6 23 37 48 0
23 6 37 48 0
6 23 48 37 0
23 6 48 37 0
6 23 38 47 0
23 6 38 47 0
6 23 47 38 0
23 6 47 38 0
6 23 39 46 0
23 6 39 46 0
6 23 46 39 0
23 6 46 39 0
6 23 40 45 0
23 6 40 45 0
6 23 45 40 0
23 6 45 40 0
6 23 41 44 0
23 6 41 44 0
6 23 44 41 0
23 6 44 41 0
6 23 42 43 0
23 6 42 43 0
6 23 43 42 0
23 6 43 42 0
7 22 36 49 0
22 7 36 49 0
7 22 49 36 0
22 7 49 36 0
7 22 37 48 0
22 7 37 48 0
7 22 48 37 0
22 7 48 37 0
7 22 38 47 0
22 7 38 47 0
7 22 47 38 0
22 7 47 38 0
7 22 39 46 0
22 7 39 46 0
7 22 46 39 0
22 7 46 39 0
7 22 40 45 0
22 7 40 45 0
7 22 45 40 0
22 7 45 40 0
7 22 41 44 0
22 7 41 44 0
7 22 44 41 0
22 7 44 41 0
7 22 42 43 0
22 7 42 43 0
7 22 43 42 0
22 7 43 42 0
8 21 36 49 0
21 8 36 49 0
8 21 49 36 0
21 8 49 36 0
8 21 37 48 0
21 8 37 48 0
8 21 48 37 0
21 8 48 37 0
8 21 38 47 0
21 8 38 47 0
8 21 47 38 0
21 8 47 38 0
8 21 39 46 0
21 8 39 46 0
8 21 46 39 0
21 8 46 39 0
8 21 40 45 0
21 8 40 45 0
8 21 45 40 0
21 8 45 40 0
8 21 41 44 0
21 8 41 44 0
8 21 44 41 0
21 8 44 41 0
8 21 42 43 0
21 8 42 43 0
8 21 43 42 0
21 8 43 42 0
9 20 36 49 0
20 9 36 49 0
9 20 49 36 0
20 9 49 36 0
9 20 37 48 0
20 9 37 48 0
9 20 48 37 0
20 9 48 37 0
9 20 38 47 1
20 9 38 47 1
9 20 47 38 1
20 9 47 38 1
9 20 39 46 2
20 9 39 46 2
9 20 46 39 2
20 9 46 39 2
9 20 40 45 3
20 9 40 45 3
9 20 45 40 3
20 9 45 40 3
9 20 41 44 4
20 9 41 44 4
9 20 44 41 4
20 9 44 41 4
9 20 42 43 5
20 9 42 43 5
9 20 43 42 5
20 9 43 42 5
7 22 31 54 0
22 7 31 54 0
7 22 54 31 0
22 7 54 31 0
7 22 32 53 0
22 7 32 53 0
7 22 53 32 0
22 7 53 32 0
7 22 33 52 0
22 7 33 52 0
7 22 52 33 0
22 7 52 33 0
7 22 34 51 0
22 7 34 51 0
7 22 51 34 0
22 7 51 34 0
7 22 35 50 0
22 7 35 50 0
7 22 50 35 0
22 7 50 35 0
8 21 31 54 0
21 8 31 54 0
8 21 54 31 0
21 8 54 31 0
8 21 32 53 0
21 8 32 53 0
8 21 53 32 0
21 8 53 32 0
8 21 33 52 0
21 8 33 52 0
8 21 52 33 0
21 8 52 33 0
8 21 34 51 0
21 8 34 51 0
8 21 51 34 0
21 8 51 34 0
8 21 35 50 0
21 8 35 50 0
8 21 50 35 0
21 8 50 35 0
9 20 31 54 0
20 9 31 54 0
9 20 54 31 0
20 9 54 31 0
9 20 32 53 0
20 9 32 53 0
9 20 53 32 0
20 9 53 32 0
9 20 33 52 0
20 9 33 52 0
9 20 52 33 0
20 9 52 33 0
9 20 34 51 0
20 9 34 51 0
9 20 51 34 0
20 9 51 34 0
9 20 35 50 0
20 9 35 50 0
9 20 50 35 0
20 9 50 35 0
10 19 31 54 0
19 10 31 54 0
10 19 54 31 0
19 10 54 31 0
10 19 32 53 0
19 10 32 53 0
10 19 53 32 0
19 10 53 32 0
10 19 33 52 1
19 10 33 52 1
10 19 52 33 1
19 10 52 33 1
10 19 34 51 3
19 10 34 51 3
10 19 51 34 3
19 10 51 34 3
10 19 35 50 7
19 10 35 50 7
10 19 50 35 7
19 10 50 35 7
10 19 36 49 13
19 10 36 49 13
10 19 49 36 13
19 10 49 36 13
10 19 37 48 22
19 10 37 48 22
10 19 48 37 22
19 10 48 37 22
10 19 38 47 34
19 10 38 47 34
10 19 47 38 34
19 10 47 38 34
10 19 39 46 47
19 10 39 46 47
10 19 46 39 47
19 10 46 39 47
10 19 40 45 59
19 10 40 45 59
10 19 45 40 59
19 10 45 40 59
10 19 41 44 69
19 10 41 44 69
10 19 44 41 69
19 10 44 41 69
10 19 42 43 75
19 10 42 43 75
10 19 43 42 75
19 10 43 42 75
8 21 28 57 0
21 8 28 57 0
8 21 57 28 0
21 8 57 28 0
8 21 29 56 0
21 8 29 56 0
8 21 56 29 0
21 8 56 29 0
8 21 30 55 0
21 8 30 55 0
8 21 55 30 0
21 8 55 30 0
9 20 28 57 0
20 9 28 57 0
9 20 57 28 0
20 9 57 28 0
9 20 29 56 0
20 9 29 56 0
9 20 56 29 0
20 9 56 29 0
9 20 30 55 0
20 9 30 55 0
9 20 55 30 0
20 9 55 30 0
10 19 28 57 0
19 10 28 57 0
10 19 57 28 0
19 10 57 28 0
10 19 29 56 0
19 10 29 56 0
10 19 56 29 0
19 10 56 29 0
10 19 30 55 0
19 10 30 55 0
10 19 55 30 0
19 10 55 30 0
11 18 28 57 0
18 11 28 57 0
11 18 57 28 0
18 11 57 28 0
11 18 29 56 0
18 11 29 56 0
11 18 56 29 0
18 11 56 29 0
11 18 30 55 1
18 11 30 55 1
11 18 55 30 1
18 11 55 30 1
11 18 31 54 3
18 11 31 54 3
11 18 54 31 3
18 11 54 31 3
11 18 32 53 8
18 11 32 53 8
11 18 53 32 8
18 11 53 32 8
11 18 33 52 18
18 11 33 52 18
11 18 52 33 18
18 11 52 33 18
11 18 34 51 36
18 11 34 51 36
11 18 51 34 36
18 11 51 34 36
11 18 35 50 64
18 11 35 50 64
11 18 50 35 64
18 11 50 35 64
11 18 36 49 104
18 11 36 49 104
11 18 49 36 104
18 11 49 36 104
11 18 37 48 155
18 11 37 48 155
11 18 48 37 155
18 11 48 37 155
11 18 38 47 216
18 11 38 47 216
11 18 47 38 216
18 11 47 38 216
11 18 39 46 279
18 11 39 46 279
11 18 46 39 279
18 11 46 39 279
11 18 40 45 337
18 11 40 45 337
11 18 45 40 337
18 11 45 40 337
11 18 41 44 382
18 11 41 44 382
11 18 44 41 382
18 11 44 41 382
11 18 42 43 407
18 11 42 43 407
11 18 43 42 407
18 11 43 42 407
9 20 27 58 0
20 9 27 58 0
9 20 58 27 0
20 9 58 27 0
10 19 27 58 0
19 10 27 58 0
10 19 58 27 0
19 10 58 27 0
11 18 27 58 0
18 11 27 58 0
11 18 58 27 0
18 11 58 27 0
12 17 27 58 0
17 12 27 58 0
12 17 58 27 0
17 12 58 27 0
12 17 28 57 0
17 12 28 57 0
12 17 57 28 0
17 12 57 28 0
12 17 29 56 1
17 12 29 56 1
12 17 56 29 1
17 12 56 29 1
12 17 30 55 5
17 12 30 55 5
12 17 55 30 5
17 12 55 30 5
12 17 31 54 15
17 12 31 54 15
12 17 54 31 15
17 12 54 31 15
12 17 32 53 36
17 12 32 53 36
12 17 53 32 36
17 12 53 32 36
12 17 33 52 75
17 12 33 52 75
12 17 52 33 75
17 12 52 33 75
12 17 34 51 138
17 12 34 51 138
12 17 51 34 138
17 12 51 34 138
12 17 35 50 232
17 12 35 50 232
12 17 50 35 232
17 12 50 35 232
12 17 36 49 358
17 12 36 49 358
12 17 49 36 358
17 12 49 36 358
12 17 37 48 513
17 12 37 48 513
12 17 48 37 513
17 12 48 37 513
12 17 38 47 688
17 12 38 47 688
12 17 47 38 688
17 12 47 38 688
12 17 39 46 866
17 12 39 46 866
12 17 46 39 866
17 12 46 39 866
12 17 40 45 1026
17 12 40 45 1026
12 17 45 40 1026
17 12 45 40 1026
12 17 41 44 1148
17 12 41 44 1148
12 17 44 41 1148
17 12 44 41 1148
12 17 42 43 1214
17 12 42 43 1214
12 17 43 42 1214
17 12 43 42 1214
13 16 28 57 1
16 13 28 57 1
13 16 57 28 1
16 13 57 28 1
13 16 29 56 5
16 13 29 56 5
13 16 56 29 5
16 13 56 29 5
13 16 30 55 17
16 13 30 55 17
13 16 55 30 17
16 13 55 30 17
13 16 31 54 43
16 13 31 54 43
13 16 54 31 43
16 13 54 31 43
13 16 32 53 94
16 13 32 53 94
13 16 53 32 94
16 13 53 32 94
13 16 33 52 182
16 13 33 52 182
13 16 52 33 182
16 13 52 33 182
13 16 34 51 319
16 13 34 51 319
13 16 51 34 319
16 13 51 34 319
13 16 35 50 514
16 13 35 50 514
13 16 50 35 514
16 13 50 35 514
13 16 36 49 769
16 13 36 49 769
13 16 49 36 769
16 13 49 36 769
13 16 37 48 1075
16 13 37 48 1075
13 16 48 37 1075
16 13 48 37 1075
13 16 38 47 1414
16 13 38 47 1414
13 16 47 38 1414
16 13 47 38 1414
13 16 39 46 1753
16 13 39 46 1753
13 16 46 39 1753
16 13 46 39 1753
13 16 40 45 2055
16 13 40 45 2055
13 16 45 40 2055
16 13 45 40 2055
13 16 41 44 2283
16 13 41 44 2283
13 16 44 41 2283
16 13 44 41 2283
13 16 42 43 2406
16 13 42 43 2406
13 16 43 42 2406
16 13 43 42 2406
14 15 31 54 68
15 14 31 54 68
14 15 54 31 68
15 14 54 31 68
14 15 32 53 144
15 14 32 53 144
14 15 53 32 144
15 14 53 32 144
14 15 33 52 273
15 14 33 52 273
14 15 52 33 273
15 14 52 33 273
14 15 34 51 470
15 14 34 51 470
14 15 51 34 470
15 14 51 34 470
14 15 35 50 746
15 14 35 50 746
14 15 50 35 746
15 14 50 35 746
14 15 36 49 1102
15 14 36 49 1102
14 15 49 36 1102
15 14 49 36 1102
14 15 37 48 1526
15 14 37 48 1526
14 15 48 37 1526
15 14 48 37 1526
14 15 38 47 1991
15 14 38 47 1991
14 15 47 38 1991
15 14 47 38 1991
14 15 39 46 2453
15 14 39 46 2453
14 15 46 39 2453
15 14 46 39 2453
14 15 40 45 2862
15 14 40 45 2862
14 15 45 40 2862
15 14 45 40 2862
14 15 41 44 3170
15 14 41 44 3170
14 15 44 41 3170
15 14 44 41 3170
14 15 42 43 3336
15 14 42 43 3336
14 15 43 42 3336
15 14 43 42 3336
9 20 26 59 0
20 9 26 59 0
9 20 59 26 0
20 9 59 26 0
10 19 26 59 0
19 10 26 59 0
10 19 59 26 0
19 10 59 26 0
11 18 26 59 0
18 11 26 59 0
11 18 59 26 0
18 11 59 26 0
12 17 26 59 0
17 12 26 59 0
12 17 59 26 0
17 12 59 26 0
10 19 24 61 0
19 10 24 61 0
10 19 61 24 0
19 10 61 24 0
10 19 25 60 0
19 10 25 60 0
10 19 60 25 0
19 10 60 25 0
11 18 24 61 0
18 11 24 61 0
11 18 61 24 0
18 11 61 24 0
11 18 25 60 0
18 11 25 60 0
11 18 60 25 0
18 11 60 25 0
12 17 24 61 0
17 12 24 61 0
12 17 61 24 0
17 12 61 24 0
12 17 25 60 0
17 12 25 60 0
12 17 60 25 0
17 12 60 25 0
13 16 24 61 0
16 13 24 61 0
13 16 61 24 0
16 13 61 24 0
13 16 25 60 0
16 13 25 60 0
13 16 60 25 0
16 13 60 25 0
13 16 26 59 0
16 13 26 59 0
13 16 59 26 0
16 13 59 26 0
13 16 27 58 0
16 13 27 58 0
13 16 58 27 0
16 13 58 27 0
14 15 24 61 0
15 14 24 61 0
14 15 61 24 0
15 14 61 24 0
14 15 25 60 0
15 14 25 60 0
14 15 60 25 0
15 14 60 25 0
14 15 26 59 0
15 14 26 59 0
14 15 59 26 0
15 14 59 26 0
14 15 27 58 0
15 14 27 58 0
14 15 58 27 0
15 14 58 27 0
14 15 28 57 2
15 14 28 57 2
14 15 57 28 2
15 14 57 28 2
14 15 29 56 9
15 14 29 56 9
14 15 56 29 9
15 14 56 29 9
14 15 30 55 28
15 14 30 55 28
14 15 55 30 28
15 14 55 30 28
11 18 23 62 0
18 11 23 62 0
11 18 62 23 0
18 11 62 23 0
12 17 23 62 0
17 12 23 62 0
12 17 62 23 0
17 12 62 23 0
13 16 23 62 0
16 13 23 62 0
13 16 62 23 0
16 13 62 23 0
14 15 23 62 0
15 14 23 62 0
14 15 62 23 0
15 14 62 23 0
12 17 22 63 0
17 12 22 63 0
12 17 63 22 0
17 12 63 22 0
13 16 22 63 0
16 13 22 63 0
13 16 63 22 0
16 13 63 22 0
14 15 22 63 0
15 14 22 63 0
14 15 63 22 0
15 14 63 22 0
