3 20 24 43 0
20 3 24 43 0
3 20 43 24 0
20 3 43 24 0
3 20 25 42 0
20 3 25 42 0
3 20 42 25 0
20 3 42 25 0
3 20 26 41 0
20 3 26 41 0
3 20 41 26 0
20 3 41 26 0
3 20 27 40 0
20 3 27 40 0
3 20 40 27 0
20 3 40 27 0
3 20 28 39 0
20 3 28 39 0
3 20 39 28 0
20 3 39 28 0
3 20 29 38 0
20 3 29 38 0
3 20 38 29 0
20 3 38 29 0
3 20 30 37 0
20 3 30 37 0
3 20 37 30 0
20 3 37 30 0
3 20 31 36 0
20 3 31 36 0
3 20 36 31 0
20 3 36 31 0
4 19 24 43 0
19 4 24 43 0
4 19 43 24 0
19 4 43 24 0
4 19 25 42 0
19 4 25 42 0
4 19 42 25 0
19 4 42 25 0
4 19 26 41 0
19 4 26 41 0
4 19 41 26 0
19 4 41 26 0
4 19 27 40 0
19 4 27 40 0
4 19 40 27 0
19 4 40 27 0
4 19 28 39 0
19 4 28 39 0
4 19 39 28 0
19 4 39 28 0
4 19 29 38 0
19 4 29 38 0
4 19 38 29 0
19 4 38 29 0
4 19 30 37 0
19 4 30 37 0
4 19 37 30 0
19 4 37 30 0
4 19 31 36 0
19 4 31 36 0
4 19 36 31 0
19 4 36 31 0
5 18 24 43 0
18 5 24 43 0
5 18 43 24 0
18 5 43 24 0
5 18 25 42 0
18 5 25 42 0
5 18 42 25 0
18 5 42 25 0
5 18 26 41 0
18 5 26 41 0
5 18 41 26 0
18 5 41 26 0
5 18 27 40 1
18 5 27 40 1
5 18 40 27 1
18 5 40 27 1
5 18 28 39 2
18 5 28 39 2
5 18 39 28 2
18 5 39 28 2
5 18 29 38 4
18 5 29 38 4
5 18 38 29 4
18 5 38 29 4
5 18 30 37 6
18 5 30 37 6
5 18 37 30 6
18 5 37 30 6
5 18 31 36 8
18 5 31 36 8
5 18 36 31 8
18 5 36 31 8
6 17 24 43 3
17 6 24 43 3
6 17 43 24 3
17 6 43 24 3
6 17 25 42 7
17 6 25 42 7
6 17 42 25 7
17 6 42 25 7
6 17 26 41 14
17 6 26 41 14
6 17 41 26 14
17 6 41 26 14
6 17 27 40 27
17 6 27 40 27
6 17 40 27 27
17 6 40 27 27
6 17 28 39 44
17 6 28 39 44
6 17 39 28 44
17 6 39 28 44
6 17 29 38 66
17 6 29 38 66
6 17 38 29 66
17 6 38 29 66
6 17 30 37 89
17 6 30 37 89
6 17 37 30 89
17 6 37 30 89
6 17 31 36 111
17 6 31 36 111
6 17 36 31 111
17 6 36 31 111
3 20 32 35 0
20 3 32 35 0
3 20 35 32 0
20 3 35 32 0
4 19 32 35 0
19 4 32 35 0
4 19 35 32 0
19 4 35 32 0
5 18 32 35 10
18 5 32 35 10
5 18 35 32 10
18 5 35 32 10
6 17 32 35 129
17 6 32 35 129
6 17 35 32 129
17 6 35 32 129
3 20 33 34 0
20 3 33 34 0
3 20 34 33 0
20 3 34 33 0
4 19 33 34 0
19 4 33 34 0
4 19 34 33 0
19 4 34 33 0
5 18 33 34 11
18 5 33 34 11
5 18 34 33 11
18 5 34 33 11
6 17 33 34 139
17 6 33 34 139
6 17 34 33 139
17 6 34 33 139
4 19 22 45 0
19 4 22 45 0
4 19 45 22 0
19 4 45 22 0
4 19 23 44 0
19 4 23 44 0
4 19 44 23 0
19 4 44 23 0
5 18 22 45 0
18 5 22 45 0
5 18 45 22 0
18 5 45 22 0
5 18 23 44 0
18 5 23 44 0
5 18 44 23 0
18 5 44 23 0
6 17 22 45 0
17 6 22 45 0
6 17 45 22 0
17 6 45 22 0
6 17 23 44 1
17 6 23 44 1
6 17 44 23 1
17 6 44 23 1
7 16 22 45 4
16 7 22 45 4
7 16 45 22 4
16 7 45 22 4
7 16 23 44 13
16 7 23 44 13
7 16 44 23 13
16 7 44 23 13
7 16 24 43 31
16 7 24 43 31
7 16 43 24 31
16 7 43 24 31
7 16 25 42 64
16 7 25 42 64
7 16 42 25 64
16 7 42 25 64
7 16 26 41 115
16 7 26 41 115
7 16 41 26 115
16 7 41 26 115
7 16 27 40 190
16 7 27 40 190
7 16 40 27 190
16 7 40 27 190
7 16 28 39 285
16 7 28 39 285
7 16 39 28 285
16 7 39 28 285
7 16 29 38 398
16 7 29 38 398
7 16 38 29 398
16 7 38 29 398
7 16 30 37 514
16 7 30 37 514
7 16 37 30 514
16 7 37 30 514
7 16 31 36 621
16 7 31 36 621
7 16 36 31 621
16 7 36 31 621
7 16 32 35 704
16 7 32 35 704
7 16 35 32 704
16 7 35 32 704
7 16 33 34 750
16 7 33 34 750
7 16 34 33 750
16 7 34 33 750
8 15 22 45 36
15 8 22 45 36
8 15 45 22 36
15 8 45 22 36
8 15 23 44 83
15 8 23 44 83
8 15 44 23 83
15 8 44 23 83
8 15 24 43 166
15 8 24 43 166
8 15 43 24 166
15 8 43 24 166
8 15 25 42 302
15 8 25 42 302
8 15 42 25 302
15 8 42 25 302
8 15 26 41 499
15 8 26 41 499
8 15 41 26 499
15 8 41 26 499
8 15 27 40 766
15 8 27 40 766
8 15 40 27 766
15 8 40 27 766
8 15 28 39 1091
15 8 28 39 1091
8 15 39 28 1091
15 8 39 28 1091
8 15 29 38 1459
15 8 29 38 1459
8 15 38 29 1459
15 8 38 29 1459
8 15 30 37 1830
15 8 30 37 1830
8 15 37 30 1830
15 8 37 30 1830
8 15 31 36 2165
15 8 31 36 2165
8 15 36 31 2165
15 8 36 31 2165
8 15 32 35 2419
15 8 32 35 2419
8 15 35 32 2419
15 8 35 32 2419
8 15 33 34 2557
15 8 33 34 2557
8 15 34 33 2557
15 8 34 33 2557
9 14 24 43 498
14 9 24 43 498
9 14 43 24 498
14 9 43 24 498
9 14 25 42 852
14 9 25 42 852
9 14 42 25 852
14 9 42 25 852
9 14 26 41 1346
14 9 26 41 1346
9 14 41 26 1346
14 9 41 26 1346
9 14 27 40 1989
14 9 27 40 1989
9 14 40 27 1989
14 9 40 27 1989
9 14 28 39 2752
14 9 28 39 2752
9 14 39 28 2752
14 9 39 28 2752
9 14 29 38 3593
14 9 29 38 3593
9 14 38 29 3593
14 9 38 29 3593
9 14 30 37 4429
14 9 30 37 4429
9 14 37 30 4429
14 9 37 30 4429
9 14 31 36 5174
14 9 31 36 5174
9 14 36 31 5174
14 9 36 31 5174
9 14 32 35 5733
14 9 32 35 5733
9 14 35 32 5733
14 9 35 32 5733
9 14 33 34 6034
14 9 33 34 6034
9 14 34 33 6034
14 9 34 33 6034
4 19 21 46 0
19 4 21 46 0
4 19 46 21 0
19 4 46 21 0
5 18 21 46 0
18 5 21 46 0
5 18 46 21 0
18 5 46 21 0
6 17 21 46 0
17 6 21 46 0
6 17 46 21 0
17 6 46 21 0
7 16 21 46 1
16 7 21 46 1
7 16 46 21 1
16 7 46 21 1
5 18 18 49 0
18 5 18 49 0
5 18 49 18 0
18 5 49 18 0
5 18 19 48 0
18 5 19 48 0
5 18 48 19 0
18 5 48 19 0
5 18 20 47 0
18 5 20 47 0
5 18 47 20 0
18 5 47 20 0
6 17 18 49 0
17 6 18 49 0
6 17 49 18 0
17 6 49 18 0
6 17 19 48 0
17 6 19 48 0
6 17 48 19 0
17 6 48 19 0
6 17 20 47 0
17 6 20 47 0
6 17 47 20 0
17 6 47 20 0
7 16 18 49 0
16 7 18 49 0
7 16 49 18 0
16 7 49 18 0
7 16 19 48 0
16 7 19 48 0
7 16 48 19 0
16 7 48 19 0
7 16 20 47 0
16 7 20 47 0
7 16 47 20 0
16 7 47 20 0
8 15 18 49 0
15 8 18 49 0
8 15 49 18 0
15 8 49 18 0
8 15 19 48 1
15 8 19 48 1
8 15 48 19 1
15 8 48 19 1
8 15 20 47 4
15 8 20 47 4
8 15 47 20 4
15 8 47 20 4
8 15 21 46 14
15 8 21 46 14
8 15 46 21 14
15 8 46 21 14
6 17 17 50 0
17 6 17 50 0
6 17 50 17 0
17 6 50 17 0
7 16 17 50 0
16 7 17 50 0
7 16 50 17 0
16 7 50 17 0
8 15 17 50 0
15 8 17 50 0
8 15 50 17 0
15 8 50 17 0
9 14 17 50 0
14 9 17 50 0
9 14 50 17 0
14 9 50 17 0
9 14 18 49 1
14 9 18 49 1
9 14 49 18 1
14 9 49 18 1
9 14 19 48 6
14 9 19 48 6
9 14 48 19 6
14 9 48 19 6
9 14 20 47 20
14 9 20 47 20
9 14 47 20 20
14 9 47 20 20
9 14 21 46 56
14 9 21 46 56
9 14 46 21 56
14 9 46 21 56
9 14 22 45 129
14 9 22 45 129
9 14 45 22 129
14 9 45 22 129
9 14 23 44 268
14 9 23 44 268
9 14 44 23 268
14 9 44 23 268
10 13 18 49 5
13 10 18 49 5
10 13 49 18 5
13 10 49 18 5
10 13 19 48 19
13 10 19 48 19
10 13 48 19 19
13 10 48 19 19
10 13 20 47 54
13 10 20 47 54
10 13 47 20 54
13 10 47 20 54
10 13 21 46 134
13 10 21 46 134
10 13 46 21 134
13 10 46 21 134
10 13 22 45 287
13 10 22 45 287
10 13 45 22 287
13 10 45 22 287
10 13 23 44 561
13 10 23 44 561
10 13 44 23 561
13 10 44 23 561
10 13 24 43 998
13 10 24 43 998
10 13 43 24 998
13 10 43 24 998
10 13 25 42 1648
13 10 25 42 1648
10 13 42 25 1648
13 10 42 25 1648
10 13 26 41 2533
13 10 26 41 2533
10 13 41 26 2533
13 10 41 26 2533
10 13 27 40 3660
13 10 27 40 3660
10 13 40 27 3660
13 10 40 27 3660
10 13 28 39 4977
13 10 28 39 4977
10 13 39 28 4977
13 10 39 28 4977
10 13 29 38 6407
13 10 29 38 6407
10 13 38 29 6407
13 10 38 29 6407
10 13 30 37 7815
13 10 30 37 7815
10 13 37 30 7815
13 10 37 30 7815
10 13 31 36 9059
13 10 31 36 9059
10 13 36 31 9059
13 10 36 31 9059
10 13 32 35 9988
13 10 32 35 9988
10 13 35 32 9988
13 10 35 32 9988
10 13 33 34 10486
13 10 33 34 10486
10 13 34 33 10486
13 10 34 33 10486
11 12 21 46 200
12 11 21 46 200
11 12 46 21 200
12 11 46 21 200
11 12 22 45 417
12 11 22 45 417
11 12 45 22 417
12 11 45 22 417
11 12 23 44 796
12 11 23 44 796
11 12 44 23 796
12 11 44 23 796
11 12 24 43 1391
12 11 24 43 1391
11 12 43 24 1391
12 11 43 24 1391
11 12 25 42 2263
12 11 25 42 2263
11 12 42 25 2263
12 11 42 25 2263
11 12 26 41 3437
12 11 26 41 3437
11 12 41 26 3437
12 11 41 26 3437
11 12 27 40 4917
12 11 27 40 4917
11 12 40 27 4917
12 11 40 27 4917
11 12 28 39 6635
12 11 28 39 6635
11 12 39 28 6635
12 11 39 28 6635
11 12 29 38 8488
12 11 29 38 8488
11 12 38 29 8488
12 11 38 29 8488
11 12 30 37 10304
12 11 30 37 10304
11 12 37 30 10304
12 11 37 30 10304
11 12 31 36 11902
12 11 31 36 11902
11 12 36 31 11902
12 11 36 31 11902
11 12 32 35 13093
12 11 32 35 13093
11 12 35 32 13093
12 11 35 32 13093
11 12 33 34 13731
12 11 33 34 13731
11 12 34 33 13731
12 11 34 33 13731
6 17 16 51 0
17 6 16 51 0
6 17 51 16 0
17 6 51 16 0
7 16 16 51 0
16 7 16 51 0
7 16 51 16 0
16 7 51 16 0
8 15 16 51 0
15 8 16 51 0
8 15 51 16 0
15 8 51 16 0
9 14 16 51 0
14 9 16 51 0
9 14 51 16 0
14 9 51 16 0
7 16 14 53 0
16 7 14 53 0
7 16 53 14 0
16 7 53 14 0
7 16 15 52 0
16 7 15 52 0
7 16 52 15 0
16 7 52 15 0
8 15 14 53 0
15 8 14 53 0
8 15 53 14 0
15 8 53 14 0
8 15 15 52 0
15 8 15 52 0
8 15 52 15 0
15 8 52 15 0
9 14 14 53 0
14 9 14 53 0
9 14 53 14 0
14 9 53 14 0
9 14 15 52 0
14 9 15 52 0
9 14 52 15 0
14 9 52 15 0
10 13 14 53 0
13 10 14 53 0
10 13 53 14 0
13 10 53 14 0
10 13 15 52 0
13 10 15 52 0
10 13 52 15 0
13 10 52 15 0
10 13 16 51 0
13 10 16 51 0
10 13 51 16 0
13 10 51 16 0
10 13 17 50 1
13 10 17 50 1
10 13 50 17 1
13 10 50 17 1
11 12 14 53 0
12 11 14 53 0
11 12 53 14 0
12 11 53 14 0
11 12 15 52 0
12 11 15 52 0
11 12 52 15 0
12 11 52 15 0
11 12 16 51 0
12 11 16 51 0
11 12 51 16 0
12 11 51 16 0
11 12 17 50 2
12 11 17 50 2
11 12 50 17 2
12 11 50 17 2
11 12 18 49 9
12 11 18 49 9
11 12 49 18 9
12 11 49 18 9
11 12 19 48 31
12 11 19 48 31
11 12 48 19 31
12 11 48 19 31
11 12 20 47 84
12 11 20 47 84
11 12 47 20 84
12 11 47 20 84
8 15 13 54 0
15 8 13 54 0
8 15 54 13 0
15 8 54 13 0
9 14 13 54 0
14 9 13 54 0
9 14 54 13 0
14 9 54 13 0
10 13 13 54 0
13 10 13 54 0
10 13 54 13 0
13 10 54 13 0
11 12 13 54 0
12 11 13 54 0
11 12 54 13 0
12 11 54 13 0
9 14 12 55 0
14 9 12 55 0
9 14 55 12 0
14 9 55 12 0
10 13 12 55 0
13 10 12 55 0
10 13 55 12 0
13 10 55 12 0
11 12 12 55 0
12 11 12 55 0
11 12 55 12 0
12 11 55 12 0
