2 19 22 39 0
19 2 22 39 0
2 19 39 22 0
19 2 39 22 0
2 19 23 38 0
19 2 23 38 0
2 19 38 23 0
19 2 38 23 0
2 19 24 37 0
19 2 24 37 0
2 19 37 24 0
19 2 37 24 0
2 19 25 36 0
19 2 25 36 0
2 19 36 25 0
19 2 36 25 0
2 19 26 35 0
19 2 26 35 0
2 19 35 26 0
19 2 35 26 0
2 19 27 34 0
19 2 27 34 0
2 19 34 27 0
19 2 34 27 0
2 19 28 33 0
19 2 28 33 0
2 19 33 28 0
19 2 33 28 0
2 19 29 32 0
19 2 29 32 0
2 19 32 29 0
19 2 32 29 0
3 18 22 39 0
18 3 22 39 0
3 18 39 22 0
18 3 39 22 0
3 18 23 38 0
18 3 23 38 0
3 18 38 23 0
18 3 38 23 0
3 18 24 37 0
18 3 24 37 0
3 18 37 24 0
18 3 37 24 0
3 18 25 36 0
18 3 25 36 0
3 18 36 25 0
18 3 36 25 0
3 18 26 35 0
18 3 26 35 0
3 18 35 26 0
18 3 35 26 0
3 18 27 34 0
18 3 27 34 0
3 18 34 27 0
18 3 34 27 0
3 18 28 33 0
18 3 28 33 0
3 18 33 28 0
18 3 33 28 0
3 18 29 32 0
18 3 29 32 0
3 18 32 29 0
18 3 32 29 0
4 17 22 39 0
17 4 22 39 0
4 17 39 22 0
17 4 39 22 0
4 17 23 38 1
17 4 23 38 1
4 17 38 23 1
17 4 38 23 1
4 17 24 37 2
17 4 24 37 2
4 17 37 24 2
17 4 37 24 2
4 17 25 36 4
17 4 25 36 4
4 17 36 25 4
17 4 36 25 4
4 17 26 35 7
17 4 26 35 7
4 17 35 26 7
17 4 35 26 7
4 17 27 34 10
17 4 27 34 10
4 17 34 27 10
17 4 34 27 10
4 17 28 33 13
17 4 28 33 13
4 17 33 28 13
17 4 33 28 13
4 17 29 32 16
17 4 29 32 16
4 17 32 29 16
17 4 32 29 16
5 16 22 39 8
16 5 22 39 8
5 16 39 22 8
16 5 39 22 8
5 16 23 38 18
16 5 23 38 18
5 16 38 23 18
16 5 38 23 18
5 16 24 37 34
16 5 24 37 34
5 16 37 24 34
16 5 37 24 34
5 16 25 36 55
16 5 25 36 55
5 16 36 25 55
16 5 36 25 55
5 16 26 35 82
16 5 26 35 82
5 16 35 26 82
16 5 35 26 82
5 16 27 34 111
16 5 27 34 111
5 16 34 27 111
16 5 34 27 111
5 16 28 33 139
16 5 28 33 139
5 16 33 28 139
16 5 33 28 139
5 16 29 32 161
16 5 29 32 161
5 16 32 29 161
16 5 32 29 161
2 19 30 31 0
19 2 30 31 0
2 19 31 30 0
19 2 31 30 0
3 18 30 31 0
18 3 30 31 0
3 18 31 30 0
18 3 31 30 0
4 17 30 31 17
17 4 30 31 17
4 17 31 30 17
17 4 31 30 17
5 16 30 31 172
16 5 30 31 172
5 16 31 30 172
16 5 31 30 172
3 18 21 40 0
18 3 21 40 0
3 18 40 21 0
18 3 40 21 0
4 17 21 40 0
17 4 21 40 0
4 17 40 21 0
17 4 40 21 0
5 16 21 40 3
16 5 21 40 3
5 16 40 21 3
16 5 40 21 3
6 15 21 40 36
15 6 21 40 36
6 15 40 21 36
15 6 40 21 36
6 15 22 39 73
15 6 22 39 73
6 15 39 22 73
15 6 39 22 73
6 15 23 38 134
15 6 23 38 134
6 15 38 23 134
15 6 38 23 134
6 15 24 37 221
15 6 24 37 221
6 15 37 24 221
15 6 37 24 221
6 15 25 36 332
15 6 25 36 332
6 15 36 25 332
15 6 36 25 332
6 15 26 35 461
15 6 26 35 461
6 15 35 26 461
15 6 35 26 461
6 15 27 34 597
15 6 27 34 597
6 15 34 27 597
15 6 34 27 597
6 15 28 33 722
15 6 28 33 722
6 15 33 28 722
15 6 33 28 722
6 15 29 32 818
15 6 29 32 818
6 15 32 29 818
15 6 32 29 818
6 15 30 31 869
15 6 30 31 869
6 15 31 30 869
15 6 31 30 869
7 14 22 39 328
14 7 22 39 328
7 14 39 22 328
14 7 39 22 328
7 14 23 38 547
14 7 23 38 547
7 14 38 23 547
14 7 38 23 547
7 14 24 37 842
14 7 24 37 842
7 14 37 24 842
14 7 37 24 842
7 14 25 36 1203
14 7 25 36 1203
7 14 36 25 1203
14 7 36 25 1203
7 14 26 35 1610
14 7 26 35 1610
7 14 35 26 1610
14 7 35 26 1610
7 14 27 34 2022
14 7 27 34 2022
7 14 34 27 2022
14 7 34 27 2022
7 14 28 33 2395
14 7 28 33 2395
7 14 33 28 2395
14 7 33 28 2395
7 14 29 32 2678
14 7 29 32 2678
7 14 32 29 2678
14 7 32 29 2678
7 14 30 31 2829
14 7 30 31 2829
7 14 31 30 2829
14 7 31 30 2829
3 18 18 43 0
18 3 18 43 0
3 18 43 18 0
18 3 43 18 0
3 18 19 42 0
18 3 19 42 0
3 18 42 19 0
18 3 42 19 0
3 18 20 41 0
18 3 20 41 0
3 18 41 20 0
18 3 41 20 0
4 17 18 43 0
17 4 18 43 0
4 17 43 18 0
17 4 43 18 0
4 17 19 42 0
17 4 19 42 0
4 17 42 19 0
17 4 42 19 0
4 17 20 41 0
17 4 20 41 0
4 17 41 20 0
17 4 41 20 0
5 16 18 43 0
16 5 18 43 0
5 16 43 18 0
16 5 43 18 0
5 16 19 42 0
16 5 19 42 0
5 16 42 19 0
16 5 42 19 0
5 16 20 41 1
16 5 20 41 1
5 16 41 20 1
16 5 41 20 1
6 15 18 43 1
15 6 18 43 1
6 15 43 18 1
15 6 43 18 1
6 15 19 42 5
15 6 19 42 5
6 15 42 19 5
15 6 42 19 5
6 15 20 41 15
15 6 20 41 15
6 15 41 20 15
15 6 41 20 15
4 17 16 45 0
17 4 16 45 0
4 17 45 16 0
17 4 45 16 0
4 17 17 44 0
17 4 17 44 0
4 17 44 17 0
17 4 44 17 0
5 16 16 45 0
16 5 16 45 0
5 16 45 16 0
16 5 45 16 0
5 16 17 44 0
16 5 17 44 0
5 16 44 17 0
16 5 44 17 0
6 15 16 45 0
15 6 16 45 0
6 15 45 16 0
15 6 45 16 0
6 15 17 44 0
15 6 17 44 0
6 15 44 17 0
15 6 44 17 0
7 14 16 45 1
14 7 16 45 1
7 14 45 16 1
14 7 45 16 1
7 14 17 44 4
14 7 17 44 4
7 14 44 17 4
14 7 44 17 4
7 14 18 43 14
14 7 18 43 14
7 14 43 18 14
14 7 43 18 14
7 14 19 42 38
14 7 19 42 38
7 14 42 19 38
14 7 42 19 38
7 14 20 41 89
14 7 20 41 89
7 14 41 20 89
14 7 41 20 89
7 14 21 40 180
14 7 21 40 180
7 14 40 21 180
14 7 40 21 180
8 13 16 45 6
13 8 16 45 6
8 13 45 16 6
13 8 45 16 6
8 13 17 44 21
13 8 17 44 21
8 13 44 17 21
13 8 44 17 21
8 13 18 43 58
13 8 18 43 58
8 13 43 18 58
13 8 43 18 58
8 13 19 42 136
13 8 19 42 136
8 13 42 19 136
13 8 42 19 136
8 13 20 41 283
13 8 20 41 283
8 13 41 20 283
13 8 41 20 283
8 13 21 40 530
13 8 21 40 530
8 13 40 21 530
13 8 40 21 530
8 13 22 39 908
13 8 22 39 908
8 13 39 22 908
13 8 39 22 908
8 13 23 38 1442
13 8 23 38 1442
8 13 38 23 1442
13 8 38 23 1442
8 13 24 37 2134
13 8 24 37 2134
8 13 37 24 2134
13 8 37 24 2134
8 13 25 36 2961
13 8 25 36 2961
8 13 36 25 2961
13 8 36 25 2961
8 13 26 35 3870
13 8 26 35 3870
8 13 35 26 3870
13 8 35 26 3870
8 13 27 34 4777
13 8 27 34 4777
8 13 34 27 4777
13 8 34 27 4777
8 13 28 33 5584
13 8 28 33 5584
8 13 33 28 5584
13 8 33 28 5584
8 13 29 32 6192
13 8 29 32 6192
8 13 32 29 6192
13 8 32 29 6192
8 13 30 31 6517
13 8 30 31 6517
8 13 31 30 6517
13 8 31 30 6517
9 12 18 43 137
12 9 18 43 137
9 12 43 18 137
12 9 43 18 137
9 12 19 42 297
12 9 19 42 297
9 12 42 19 297
12 9 42 19 297
9 12 20 41 583
12 9 20 41 583
9 12 41 20 583
12 9 41 20 583
9 12 21 40 1044
12 9 21 40 1044
9 12 40 21 1044
12 9 40 21 1044
9 12 22 39 1729
12 9 22 39 1729
9 12 39 22 1729
12 9 39 22 1729
9 12 23 38 2669
12 9 23 38 2669
9 12 38 23 2669
12 9 38 23 2669
9 12 24 37 3865
12 9 24 37 3865
9 12 37 24 3865
12 9 37 24 3865
9 12 25 36 5269
12 9 25 36 5269
9 12 36 25 5269
12 9 36 25 5269
9 12 26 35 6792
12 9 26 35 6792
9 12 35 26 6792
12 9 35 26 6792
9 12 27 34 8297
12 9 27 34 8297
9 12 34 27 8297
12 9 34 27 8297
9 12 28 33 9626
12 9 28 33 9626
9 12 33 28 9626
12 9 33 28 9626
9 12 29 32 10620
12 9 29 32 10620
9 12 32 29 10620
12 9 32 29 10620
9 12 30 31 11152
12 9 30 31 11152
9 12 31 30 11152
12 9 31 30 11152
5 16 13 48 0
16 5 13 48 0
5 16 48 13 0
16 5 48 13 0
5 16 14 47 0
16 5 14 47 0
5 16 47 14 0
16 5 47 14 0
5 16 15 46 0
16 5 15 46 0
5 16 46 15 0
16 5 46 15 0
6 15 13 48 0
15 6 13 48 0
6 15 48 13 0
15 6 48 13 0
6 15 14 47 0
15 6 14 47 0
6 15 47 14 0
15 6 47 14 0
6 15 15 46 0
15 6 15 46 0
6 15 46 15 0
15 6 46 15 0
7 14 13 48 0
14 7 13 48 0
7 14 48 13 0
14 7 48 13 0
7 14 14 47 0
14 7 14 47 0
7 14 47 14 0
14 7 47 14 0
7 14 15 46 0
14 7 15 46 0
7 14 46 15 0
14 7 46 15 0
8 13 13 48 0
13 8 13 48 0
8 13 48 13 0
13 8 48 13 0
8 13 14 47 0
13 8 14 47 0
8 13 47 14 0
13 8 47 14 0
8 13 15 46 1
13 8 15 46 1
8 13 46 15 1
13 8 46 15 1
6 15 12 49 0
15 6 12 49 0
6 15 49 12 0
15 6 49 12 0
7 14 12 49 0
14 7 12 49 0
7 14 49 12 0
14 7 49 12 0
8 13 12 49 0
13 8 12 49 0
8 13 49 12 0
13 8 49 12 0
9 12 12 49 0
12 9 12 49 0
9 12 49 12 0
12 9 49 12 0
9 12 13 48 0
12 9 13 48 0
9 12 48 13 0
12 9 48 13 0
9 12 14 47 1
12 9 14 47 1
9 12 47 14 1
12 9 47 14 1
9 12 15 46 5
12 9 15 46 5
9 12 46 15 5
12 9 46 15 5
9 12 16 45 19
12 9 16 45 19
9 12 45 16 19
12 9 45 16 19
9 12 17 44 55
12 9 17 44 55
9 12 44 17 55
12 9 44 17 55
10 11 13 48 0
11 10 13 48 0
10 11 48 13 0
11 10 48 13 0
10 11 14 47 2
11 10 14 47 2
10 11 47 14 2
11 10 47 14 2
10 11 15 46 9
11 10 15 46 9
10 11 46 15 9
11 10 46 15 9
10 11 16 45 31
11 10 16 45 31
10 11 45 16 31
11 10 45 16 31
10 11 17 44 86
11 10 17 44 86
10 11 44 17 86
11 10 44 17 86
10 11 18 43 204
11 10 18 43 204
10 11 43 18 204
11 10 43 18 204
10 11 19 42 430
11 10 19 42 430
10 11 42 19 430
11 10 42 19 430
10 11 20 41 824
11 10 20 41 824
10 11 41 20 824
11 10 41 20 824
10 11 21 40 1447
11 10 21 40 1447
10 11 40 21 1447
11 10 40 21 1447
10 11 22 39 2360
11 10 22 39 2360
10 11 39 22 2360
11 10 39 22 2360
10 11 23 38 3600
11 10 23 38 3600
10 11 38 23 3600
11 10 38 23 3600
10 11 24 37 5160
11 10 24 37 5160
10 11 37 24 5160
11 10 37 24 5160
10 11 25 36 6979
11 10 25 36 6979
10 11 36 25 6979
11 10 36 25 6979
10 11 26 35 8940
11 10 26 35 8940
10 11 35 26 8940
11 10 35 26 8940
10 11 27 34 10868
11 10 27 34 10868
10 11 34 27 10868
11 10 34 27 10868
10 11 28 33 12565
11 10 28 33 12565
10 11 33 28 12565
11 10 33 28 12565
10 11 29 32 13832
11 10 29 32 13832
10 11 32 29 13832
11 10 32 29 13832
10 11 30 31 14507
11 10 30 31 14507
10 11 31 30 14507
11 10 31 30 14507
7 14 10 51 0
14 7 10 51 0
7 14 51 10 0
14 7 51 10 0
7 14 11 50 0
14 7 11 50 0
7 14 50 11 0
14 7 50 11 0
8 13 10 51 0
13 8 10 51 0
8 13 51 10 0
13 8 51 10 0
8 13 11 50 0
13 8 11 50 0
8 13 50 11 0
13 8 50 11 0
9 12 10 51 0
12 9 10 51 0
9 12 51 10 0
12 9 51 10 0
9 12 11 50 0
12 9 11 50 0
9 12 50 11 0
12 9 50 11 0
10 11 10 51 0
11 10 10 51 0
10 11 51 10 0
11 10 51 10 0
10 11 11 50 0
11 10 11 50 0
10 11 50 11 0
11 10 50 11 0
10 11 12 49 0
11 10 12 49 0
10 11 49 12 0
11 10 49 12 0
9 12 9 52 0
12 9 9 52 0
9 12 52 9 0
12 9 52 9 0
10 11 9 52 0
11 10 9 52 0
10 11 52 9 0
11 10 52 9 0
