9 24 42 55 0
24 9 42 55 0
9 24 55 42 0
24 9 55 42 0
9 24 43 54 0
24 9 43 54 0
9 24 54 43 0
24 9 54 43 0
9 24 44 53 0
24 9 44 53 0
9 24 53 44 0
24 9 53 44 0
9 24 45 52 0
24 9 45 52 0
9 24 52 45 0
24 9 52 45 0
9 24 46 51 0
24 9 46 51 0
9 24 51 46 0
24 9 51 46 0
9 24 47 50 0
24 9 47 50 0
9 24 50 47 0
24 9 50 47 0
9 24 48 49 0
24 9 48 49 0
9 24 49 48 0
24 9 49 48 0
10 23 42 55 0
23 10 42 55 0
10 23 55 42 0
23 10 55 42 0
10 23 43 54 0
23 10 43 54 0
10 23 54 43 0
23 10 54 43 0
10 23 44 53 0
23 10 44 53 0
10 23 53 44 0
23 10 53 44 0
10 23 45 52 0
23 10 45 52 0
10 23 52 45 0
23 10 52 45 0
10 23 46 51 0
23 10 46 51 0
10 23 51 46 0
23 10 51 46 0
10 23 47 50 0
23 10 47 50 0
10 23 50 47 0
23 10 50 47 0
10 23 48 49 0
23 10 48 49 0
10 23 49 48 0
23 10 49 48 0
11 22 42 55 0
22 11 42 55 0
11 22 55 42 0
22 11 55 42 0
11 22 43 54 0
22 11 43 54 0
11 22 54 43 0
22 11 54 43 0
11 22 44 53 0
22 11 44 53 0
11 22 53 44 0
22 11 53 44 0
11 22 45 52 0
22 11 45 52 0
11 22 52 45 0
22 11 52 45 0
11 22 46 51 0
22 11 46 51 0
11 22 51 46 0
22 11 51 46 0
11 22 47 50 0
22 11 47 50 0
11 22 50 47 0
22 11 50 47 0
11 22 48 49 0
22 11 48 49 0
11 22 49 48 0
22 11 49 48 0
12 21 42 55 0
21 12 42 55 0
12 21 55 42 0
21 12 55 42 0
12 21 43 54 0
21 12 43 54 0
12 21 54 43 0
21 12 54 43 0
12 21 44 53 0
21 12 44 53 0
12 21 53 44 0
21 12 53 44 0
12 21 45 52 0
21 12 45 52 0
12 21 52 45 0
21 12 52 45 0
12 21 46 51 0
21 12 46 51 0
12 21 51 46 0
21 12 51 46 0
12 21 47 50 0
21 12 47 50 0
12 21 50 47 0
21 12 50 47 0
12 21 48 49 0
21 12 48 49 0
12 21 49 48 0
21 12 49 48 0
10 23 37 60 0
23 10 37 60 0
10 23 60 37 0
23 10 60 37 0
10 23 38 59 0
23 10 38 59 0
10 23 59 38 0
23 10 59 38 0
10 23 39 58 0
23 10 39 58 0
10 23 58 39 0
23 10 58 39 0
10 23 40 57 0
23 10 40 57 0
10 23 57 40 0
23 10 57 40 0
10 23 41 56 0
23 10 41 56 0
10 23 56 41 0
23 10 56 41 0
11 22 37 60 0
22 11 37 60 0
11 22 60 37 0
22 11 60 37 0
11 22 38 59 0
22 11 38 59 0
11 22 59 38 0
22 11 59 38 0
11 22 39 58 0
22 11 39 58 0
11 22 58 39 0
22 11 58 39 0
11 22 40 57 0
22 11 40 57 0
11 22 57 40 0
22 11 57 40 0
11 22 41 56 0
22 11 41 56 0
11 22 56 41 0
22 11 56 41 0
12 21 37 60 0
21 12 37 60 0
12 21 60 37 0
21 12 60 37 0
12 21 38 59 0
21 12 38 59 0
12 21 59 38 0
21 12 59 38 0
12 21 39 58 0
21 12 39 58 0
12 21 58 39 0
21 12 58 39 0
12 21 40 57 0
21 12 40 57 0
12 21 57 40 0
21 12 57 40 0
12 21 41 56 0
21 12 41 56 0
12 21 56 41 0
21 12 56 41 0
13 20 37 60 0
20 13 37 60 0
13 20 60 37 0
20 13 60 37 0
13 20 38 59 0
20 13 38 59 0
13 20 59 38 0
20 13 59 38 0
13 20 39 58 0
20 13 39 58 0
13 20 58 39 0
20 13 58 39 0
13 20 40 57 0
20 13 40 57 0
13 20 57 40 0
20 13 57 40 0
13 20 41 56 1
20 13 41 56 1
13 20 56 41 1
20 13 56 41 1
13 20 42 55 2
20 13 42 55 2
13 20 55 42 2
20 13 55 42 2
13 20 43 54 4
20 13 43 54 4
13 20 54 43 4
20 13 54 43 4
13 20 44 53 7
20 13 44 53 7
13 20 53 44 7
20 13 53 44 7
13 20 45 52 10
20 13 45 52 10
13 20 52 45 10
20 13 52 45 10
13 20 46 51 13
20 13 46 51 13
13 20 51 46 13
20 13 51 46 13
13 20 47 50 16
20 13 47 50 16
13 20 50 47 16
20 13 50 47 16
13 20 48 49 17
20 13 48 49 17
13 20 49 48 17
20 13 49 48 17
11 22 34 63 0
22 11 34 63 0
11 22 63 34 0
22 11 63 34 0
11 22 35 62 0
22 11 35 62 0
11 22 62 35 0
22 11 62 35 0
11 22 36 61 0
22 11 36 61 0
11 22 61 36 0
22 11 61 36 0
12 21 34 63 0
21 12 34 63 0
12 21 63 34 0
21 12 63 34 0
12 21 35 62 0
21 12 35 62 0
12 21 62 35 0
21 12 62 35 0
12 21 36 61 0
21 12 36 61 0
12 21 61 36 0
21 12 61 36 0
13 20 34 63 0
20 13 34 63 0
13 20 63 34 0
20 13 63 34 0
13 20 35 62 0
20 13 35 62 0
13 20 62 35 0
20 13 62 35 0
13 20 36 61 0
20 13 36 61 0
13 20 61 36 0
20 13 61 36 0
14 19 34 63 0
19 14 34 63 0
14 19 63 34 0
19 14 63 34 0
14 19 35 62 0
19 14 35 62 0
14 19 62 35 0
19 14 62 35 0
14 19 36 61 0
19 14 36 61 0
14 19 61 36 0
19 14 61 36 0
14 19 37 60 0
19 14 37 60 0
14 19 60 37 0
19 14 60 37 0
14 19 38 59 1
19 14 38 59 1
14 19 59 38 1
19 14 59 38 1
14 19 39 58 3
19 14 39 58 3
14 19 58 39 3
19 14 58 39 3
14 19 40 57 7
19 14 40 57 7
14 19 57 40 7
19 14 57 40 7
14 19 41 56 14
19 14 41 56 14
14 19 56 41 14
19 14 56 41 14
14 19 42 55 24
19 14 42 55 24
14 19 55 42 24
19 14 55 42 24
14 19 43 54 37
19 14 43 54 37
14 19 54 43 37
19 14 54 43 37
14 19 44 53 53
19 14 44 53 53
14 19 53 44 53
19 14 53 44 53
14 19 45 52 69
19 14 45 52 69
14 19 52 45 69
19 14 52 45 69
14 19 46 51 84
19 14 46 51 84
14 19 51 46 84
19 14 51 46 84
14 19 47 50 96
19 14 47 50 96
14 19 50 47 96
19 14 50 47 96
14 19 48 49 102
19 14 48 49 102
14 19 49 48 102
19 14 49 48 102
12 21 33 64 0
21 12 33 64 0
12 21 64 33 0
21 12 64 33 0
13 20 33 64 0
20 13 33 64 0
13 20 64 33 0
20 13 64 33 0
14 19 33 64 0
19 14 33 64 0
14 19 64 33 0
19 14 64 33 0
15 18 33 64 0
18 15 33 64 0
15 18 64 33 0
18 15 64 33 0
15 18 34 63 0
18 15 34 63 0
15 18 63 34 0
18 15 63 34 0
15 18 35 62 0
18 15 35 62 0
15 18 62 35 0
18 15 62 35 0
15 18 36 61 0
18 15 36 61 0
15 18 61 36 0
18 15 61 36 0
15 18 37 60 1
18 15 37 60 1
15 18 60 37 1
18 15 60 37 1
15 18 38 59 4
18 15 38 59 4
15 18 59 38 4
18 15 59 38 4
15 18 39 58 11
18 15 39 58 11
15 18 58 39 11
18 15 58 39 11
15 18 40 57 23
18 15 40 57 23
15 18 57 40 23
18 15 57 40 23
15 18 41 56 42
18 15 41 56 42
15 18 56 41 42
18 15 56 41 42
15 18 42 55 69
18 15 42 55 69
15 18 55 42 69
18 15 55 42 69
15 18 43 54 103
18 15 43 54 103
15 18 54 43 103
18 15 54 43 103
15 18 44 53 142
18 15 44 53 142
15 18 53 44 142
18 15 53 44 142
15 18 45 52 182
18 15 45 52 182
15 18 52 45 182
18 15 52 45 182
15 18 46 51 218
18 15 46 51 218
15 18 51 46 218
18 15 51 46 218
15 18 47 50 246
18 15 47 50 246
15 18 50 47 246
18 15 50 47 246
15 18 48 49 261
18 15 48 49 261
15 18 49 48 261
18 15 49 48 261
16 17 34 63 0
17 16 34 63 0
16 17 63 34 0
17 16 63 34 0
16 17 35 62 0
17 16 35 62 0
16 17 62 35 0
17 16 62 35 0
16 17 36 61 0
17 16 36 61 0
16 17 61 36 0
17 16 61 36 0
16 17 37 60 2
17 16 37 60 2
16 17 60 37 2
17 16 60 37 2
16 17 38 59 8
17 16 38 59 8
16 17 59 38 8
17 16 59 38 8
16 17 39 58 20
17 16 39 58 20
16 17 58 39 20
17 16 58 39 20
16 17 40 57 40
17 16 40 57 40
16 17 57 40 40
17 16 57 40 40
16 17 41 56 71
17 16 41 56 71
16 17 56 41 71
17 16 56 41 71
16 17 42 55 114
17 16 42 55 114
16 17 55 42 114
17 16 55 42 114
16 17 43 54 167
17 16 43 54 167
16 17 54 43 167
17 16 54 43 167
16 17 44 53 227
17 16 44 53 227
16 17 53 44 227
17 16 53 44 227
16 17 45 52 287
17 16 45 52 287
16 17 52 45 287
17 16 52 45 287
16 17 46 51 341
17 16 46 51 341
16 17 51 46 341
17 16 51 46 341
16 17 47 50 383
17 16 47 50 383
16 17 50 47 383
17 16 50 47 383
16 17 48 49 405
17 16 48 49 405
16 17 49 48 405
17 16 49 48 405
13 20 31 66 0
20 13 31 66 0
13 20 66 31 0
20 13 66 31 0
13 20 32 65 0
20 13 32 65 0
13 20 65 32 0
20 13 65 32 0
14 19 31 66 0
19 14 31 66 0
14 19 66 31 0
19 14 66 31 0
14 19 32 65 0
19 14 32 65 0
14 19 65 32 0
19 14 65 32 0
15 18 31 66 0
18 15 31 66 0
15 18 66 31 0
18 15 66 31 0
15 18 32 65 0
18 15 32 65 0
15 18 65 32 0
18 15 65 32 0
16 17 31 66 0
17 16 31 66 0
16 17 66 31 0
17 16 66 31 0
16 17 32 65 0
17 16 32 65 0
16 17 65 32 0
17 16 65 32 0
16 17 33 64 0
17 16 33 64 0
16 17 64 33 0
17 16 64 33 0
15 18 30 67 0
18 15 30 67 0
15 18 67 30 0
18 15 67 30 0
16 17 30 67 0
17 16 30 67 0
16 17 67 30 0
17 16 67 30 0
