5 22 31 48 0
22 5 31 48 0
5 22 48 31 0
22 5 48 31 0
5 22 32 47 0
22 5 32 47 0
5 22 47 32 0
22 5 47 32 0
5 22 33 46 0
22 5 33 46 0
5 22 46 33 0
22 5 46 33 0
5 22 34 45 0
22 5 34 45 0
5 22 45 34 0
22 5 45 34 0
5 22 35 44 0
22 5 35 44 0
5 22 44 35 0
22 5 44 35 0
5 22 36 43 0
22 5 36 43 0
5 22 43 36 0
22 5 43 36 0
5 22 37 42 0
22 5 37 42 0
5 22 42 37 0
22 5 42 37 0
5 22 38 41 0
22 5 38 41 0
5 22 41 38 0
22 5 41 38 0
6 21 31 48 0
21 6 31 48 0
6 21 48 31 0
21 6 48 31 0
6 21 32 47 0
21 6 32 47 0
6 21 47 32 0
21 6 47 32 0
6 21 33 46 0
21 6 33 46 0
6 21 46 33 0
21 6 46 33 0
6 21 34 45 0
21 6 34 45 0
6 21 45 34 0
21 6 45 34 0
6 21 35 44 0
21 6 35 44 0
6 21 44 35 0
21 6 44 35 0
6 21 36 43 0
21 6 36 43 0
6 21 43 36 0
21 6 43 36 0
6 21 37 42 0
21 6 37 42 0
6 21 42 37 0
21 6 42 37 0
6 21 38 41 0
21 6 38 41 0
6 21 41 38 0
21 6 41 38 0
7 20 31 48 0
20 7 31 48 0
7 20 48 31 0
20 7 48 31 0
7 20 32 47 0
20 7 32 47 0
7 20 47 32 0
20 7 47 32 0
7 20 33 46 0
20 7 33 46 0
7 20 46 33 0
20 7 46 33 0
7 20 34 45 0
20 7 34 45 0
7 20 45 34 0
20 7 45 34 0
7 20 35 44 0
20 7 35 44 0
7 20 44 35 0
20 7 44 35 0
7 20 36 43 0
20 7 36 43 0
7 20 43 36 0
20 7 43 36 0
7 20 37 42 0
20 7 37 42 0
7 20 42 37 0
20 7 42 37 0
7 20 38 41 1
20 7 38 41 1
7 20 41 38 1
20 7 41 38 1
8 19 31 48 0
19 8 31 48 0
8 19 48 31 0
19 8 48 31 0
8 19 32 47 1
19 8 32 47 1
8 19 47 32 1
19 8 47 32 1
8 19 33 46 3
19 8 33 46 3
8 19 46 33 3
19 8 46 33 3
8 19 34 45 6
19 8 34 45 6
8 19 45 34 6
19 8 45 34 6
8 19 35 44 10
19 8 35 44 10
8 19 44 35 10
19 8 44 35 10
8 19 36 43 15
19 8 36 43 15
8 19 43 36 15
19 8 43 36 15
8 19 37 42 20
19 8 37 42 20
8 19 42 37 20
19 8 42 37 20
8 19 38 41 25
19 8 38 41 25
8 19 41 38 25
19 8 41 38 25
5 22 39 40 0
22 5 39 40 0
5 22 40 39 0
22 5 40 39 0
6 21 39 40 0
21 6 39 40 0
6 21 40 39 0
21 6 40 39 0
7 20 39 40 1
20 7 39 40 1
7 20 40 39 1
20 7 40 39 1
8 19 39 40 27
19 8 39 40 27
8 19 40 39 27
19 8 40 39 27
6 21 27 52 0
21 6 27 52 0
6 21 52 27 0
21 6 52 27 0
6 21 28 51 0
21 6 28 51 0
6 21 51 28 0
21 6 51 28 0
6 21 29 50 0
21 6 29 50 0
6 21 50 29 0
21 6 50 29 0
6 21 30 49 0
21 6 30 49 0
6 21 49 30 0
21 6 49 30 0
7 20 27 52 0
20 7 27 52 0
7 20 52 27 0
20 7 52 27 0
7 20 28 51 0
20 7 28 51 0
7 20 51 28 0
20 7 51 28 0
7 20 29 50 0
20 7 29 50 0
7 20 50 29 0
20 7 50 29 0
7 20 30 49 0
20 7 30 49 0
7 20 49 30 0
20 7 49 30 0
8 19 27 52 0
19 8 27 52 0
8 19 52 27 0
19 8 52 27 0
8 19 28 51 0
19 8 28 51 0
8 19 51 28 0
19 8 51 28 0
8 19 29 50 0
19 8 29 50 0
8 19 50 29 0
19 8 50 29 0
8 19 30 49 0
19 8 30 49 0
8 19 49 30 0
19 8 49 30 0
9 18 27 52 0
18 9 27 52 0
9 18 52 27 0
18 9 52 27 0
9 18 28 51 1
18 9 28 51 1
9 18 51 28 1
18 9 51 28 1
9 18 29 50 3
18 9 29 50 3
9 18 50 29 3
18 9 50 29 3
9 18 30 49 8
18 9 30 49 8
9 18 49 30 8
18 9 49 30 8
9 18 31 48 16
18 9 31 48 16
9 18 48 31 16
18 9 48 31 16
9 18 32 47 31
18 9 32 47 31
9 18 47 32 31
18 9 47 32 31
9 18 33 46 53
18 9 33 46 53
9 18 46 33 53
18 9 46 33 53
9 18 34 45 83
18 9 34 45 83
9 18 45 34 83
18 9 45 34 83
9 18 35 44 118
18 9 35 44 118
9 18 44 35 118
18 9 44 35 118
9 18 36 43 157
18 9 36 43 157
9 18 43 36 157
18 9 43 36 157
9 18 37 42 193
18 9 37 42 193
9 18 42 37 193
18 9 42 37 193
9 18 38 41 222
18 9 38 41 222
9 18 41 38 222
18 9 41 38 222
9 18 39 40 237
18 9 39 40 237
9 18 40 39 237
18 9 40 39 237
7 20 25 54 0
20 7 25 54 0
7 20 54 25 0
20 7 54 25 0
7 20 26 53 0
20 7 26 53 0
7 20 53 26 0
20 7 53 26 0
8 19 25 54 0
19 8 25 54 0
8 19 54 25 0
19 8 54 25 0
8 19 26 53 0
19 8 26 53 0
8 19 53 26 0
19 8 53 26 0
9 18 25 54 0
18 9 25 54 0
9 18 54 25 0
18 9 54 25 0
9 18 26 53 0
18 9 26 53 0
9 18 53 26 0
18 9 53 26 0
10 17 25 54 0
17 10 25 54 0
10 17 54 25 0
17 10 54 25 0
10 17 26 53 1
17 10 26 53 1
10 17 53 26 1
17 10 53 26 1
10 17 27 52 3
17 10 27 52 3
10 17 52 27 3
17 10 52 27 3
10 17 28 51 10
17 10 28 51 10
10 17 51 28 10
17 10 51 28 10
10 17 29 50 25
17 10 29 50 25
10 17 50 29 25
17 10 50 29 25
10 17 30 49 54
17 10 30 49 54
10 17 49 30 54
17 10 49 30 54
10 17 31 48 101
17 10 31 48 101
10 17 48 31 101
17 10 48 31 101
10 17 32 47 175
17 10 32 47 175
10 17 47 32 175
17 10 47 32 175
10 17 33 46 275
17 10 33 46 275
10 17 46 33 275
17 10 46 33 275
10 17 34 45 402
17 10 34 45 402
10 17 45 34 402
17 10 45 34 402
10 17 35 44 546
17 10 35 44 546
10 17 44 35 546
17 10 44 35 546
10 17 36 43 695
17 10 36 43 695
10 17 43 36 695
17 10 43 36 695
10 17 37 42 830
17 10 37 42 830
10 17 42 37 830
17 10 42 37 830
10 17 38 41 935
17 10 38 41 935
10 17 41 38 935
17 10 41 38 935
10 17 39 40 990
17 10 39 40 990
10 17 40 39 990
17 10 40 39 990
11 16 25 54 1
16 11 25 54 1
11 16 54 25 1
16 11 54 25 1
11 16 26 53 6
16 11 26 53 6
11 16 53 26 6
16 11 53 26 6
11 16 27 52 18
16 11 27 52 18
11 16 52 27 18
16 11 52 27 18
11 16 28 51 46
16 11 28 51 46
11 16 51 28 46
16 11 51 28 46
11 16 29 50 100
16 11 29 50 100
11 16 50 29 100
16 11 50 29 100
11 16 30 49 195
16 11 30 49 195
11 16 49 30 195
16 11 49 30 195
11 16 31 48 341
16 11 31 48 341
11 16 48 31 341
16 11 48 31 341
11 16 32 47 554
16 11 32 47 554
11 16 47 32 554
16 11 47 32 554
11 16 33 46 831
16 11 33 46 831
11 16 46 33 831
16 11 46 33 831
11 16 34 45 1169
16 11 34 45 1169
11 16 45 34 1169
16 11 45 34 1169
11 16 35 44 1542
16 11 35 44 1542
11 16 44 35 1542
16 11 44 35 1542
11 16 36 43 1919
16 11 36 43 1919
11 16 43 36 1919
16 11 43 36 1919
11 16 37 42 2255
16 11 37 42 2255
11 16 42 37 2255
16 11 42 37 2255
11 16 38 41 2511
16 11 38 41 2511
11 16 41 38 2511
16 11 41 38 2511
11 16 39 40 2647
16 11 39 40 2647
11 16 40 39 2647
16 11 40 39 2647
12 15 27 52 48
15 12 27 52 48
12 15 52 27 48
15 12 52 27 48
12 15 28 51 112
15 12 28 51 112
12 15 51 28 112
15 12 51 28 112
12 15 29 50 228
15 12 29 50 228
12 15 50 29 228
15 12 50 29 228
12 15 30 49 423
15 12 30 49 423
12 15 49 30 423
15 12 49 30 423
12 15 31 48 714
15 12 31 48 714
12 15 48 31 714
15 12 48 31 714
12 15 32 47 1123
15 12 32 47 1123
12 15 47 32 1123
15 12 47 32 1123
12 15 33 46 1646
15 12 33 46 1646
12 15 46 33 1646
15 12 46 33 1646
12 15 34 45 2269
15 12 34 45 2269
12 15 45 34 2269
15 12 45 34 2269
12 15 35 44 2946
15 12 35 44 2946
12 15 44 35 2946
15 12 44 35 2946
12 15 36 43 3622
15 12 36 43 3622
12 15 43 36 3622
15 12 43 36 3622
12 15 37 42 4219
15 12 37 42 4219
12 15 42 37 4219
15 12 42 37 4219
12 15 38 41 4669
15 12 38 41 4669
12 15 41 38 4669
15 12 41 38 4669
12 15 39 40 4909
15 12 39 40 4909
12 15 40 39 4909
15 12 40 39 4909
13 14 31 48 1019
14 13 31 48 1019
13 14 48 31 1019
14 13 48 31 1019
13 14 32 47 1581
14 13 32 47 1581
13 14 47 32 1581
14 13 47 32 1581
13 14 33 46 2291
14 13 33 46 2291
13 14 46 33 2291
14 13 46 33 2291
13 14 34 45 3129
14 13 34 45 3129
13 14 45 34 3129
14 13 45 34 3129
13 14 35 44 4034
14 13 35 44 4034
13 14 44 35 4034
14 13 44 35 4034
13 14 36 43 4931
14 13 36 43 4931
13 14 43 36 4931
14 13 43 36 4931
13 14 37 42 5721
14 13 37 42 5721
13 14 42 37 5721
14 13 42 37 5721
13 14 38 41 6315
14 13 38 41 6315
13 14 41 38 6315
14 13 41 38 6315
13 14 39 40 6630
14 13 39 40 6630
13 14 40 39 6630
14 13 40 39 6630
8 19 22 57 0
19 8 22 57 0
8 19 57 22 0
19 8 57 22 0
8 19 23 56 0
19 8 23 56 0
8 19 56 23 0
19 8 56 23 0
8 19 24 55 0
19 8 24 55 0
8 19 55 24 0
19 8 55 24 0
9 18 22 57 0
18 9 22 57 0
9 18 57 22 0
18 9 57 22 0
9 18 23 56 0
18 9 23 56 0
9 18 56 23 0
18 9 56 23 0
9 18 24 55 0
18 9 24 55 0
9 18 55 24 0
18 9 55 24 0
10 17 22 57 0
17 10 22 57 0
10 17 57 22 0
17 10 57 22 0
10 17 23 56 0
17 10 23 56 0
10 17 56 23 0
17 10 56 23 0
10 17 24 55 0
17 10 24 55 0
10 17 55 24 0
17 10 55 24 0
11 16 22 57 0
16 11 22 57 0
11 16 57 22 0
16 11 57 22 0
11 16 23 56 0
16 11 23 56 0
11 16 56 23 0
16 11 56 23 0
11 16 24 55 0
16 11 24 55 0
11 16 55 24 0
16 11 55 24 0
9 18 21 58 0
18 9 21 58 0
9 18 58 21 0
18 9 58 21 0
10 17 21 58 0
17 10 21 58 0
10 17 58 21 0
17 10 58 21 0
11 16 21 58 0
16 11 21 58 0
11 16 58 21 0
16 11 58 21 0
12 15 21 58 0
15 12 21 58 0
12 15 58 21 0
15 12 58 21 0
12 15 22 57 0
15 12 22 57 0
12 15 57 22 0
15 12 57 22 0
12 15 23 56 0
15 12 23 56 0
12 15 56 23 0
15 12 56 23 0
12 15 24 55 1
15 12 24 55 1
12 15 55 24 1
15 12 55 24 1
12 15 25 54 5
15 12 25 54 5
12 15 54 25 5
15 12 54 25 5
12 15 26 53 18
15 12 26 53 18
12 15 53 26 18
15 12 53 26 18
13 14 22 57 0
14 13 22 57 0
13 14 57 22 0
14 13 57 22 0
13 14 23 56 0
14 13 23 56 0
13 14 56 23 0
14 13 56 23 0
13 14 24 55 2
14 13 24 55 2
13 14 55 24 2
14 13 55 24 2
13 14 25 54 9
14 13 25 54 9
13 14 54 25 9
14 13 54 25 9
13 14 26 53 30
14 13 26 53 30
13 14 53 26 30
14 13 53 26 30
13 14 27 52 76
14 13 27 52 76
13 14 52 27 76
14 13 52 27 76
13 14 28 51 171
14 13 28 51 171
13 14 51 28 171
14 13 51 28 171
13 14 29 50 339
14 13 29 50 339
13 14 50 29 339
14 13 50 29 339
13 14 30 49 614
14 13 30 49 614
13 14 49 30 614
14 13 49 30 614
10 17 19 60 0
17 10 19 60 0
10 17 60 19 0
17 10 60 19 0
10 17 20 59 0
17 10 20 59 0
10 17 59 20 0
17 10 59 20 0
11 16 19 60 0
16 11 19 60 0
11 16 60 19 0
16 11 60 19 0
11 16 20 59 0
16 11 20 59 0
11 16 59 20 0
16 11 59 20 0
12 15 19 60 0
15 12 19 60 0
12 15 60 19 0
15 12 60 19 0
12 15 20 59 0
15 12 20 59 0
12 15 59 20 0
15 12 59 20 0
13 14 19 60 0
14 13 19 60 0
13 14 60 19 0
14 13 60 19 0
13 14 20 59 0
14 13 20 59 0
13 14 59 20 0
14 13 59 20 0
13 14 21 58 0
14 13 21 58 0
13 14 58 21 0
14 13 58 21 0
12 15 18 61 0
15 12 18 61 0
12 15 61 18 0
15 12 61 18 0
13 14 18 61 0
14 13 18 61 0
13 14 61 18 0
14 13 61 18 0
