15 24 48 67 0
24 15 48 67 0
15 24 67 48 0
24 15 67 48 0
15 24 49 66 0
24 15 49 66 0
15 24 66 49 0
24 15 66 49 0
15 24 50 65 0
24 15 50 65 0
15 24 65 50 0
24 15 65 50 0
15 24 51 64 0
24 15 51 64 0
15 24 64 51 0
24 15 64 51 0
15 24 52 63 0
24 15 52 63 0
15 24 63 52 0
24 15 63 52 0
15 24 53 62 0
24 15 53 62 0
15 24 62 53 0
24 15 62 53 0
15 24 54 61 0
24 15 54 61 0
15 24 61 54 0
24 15 61 54 0
15 24 55 60 0
24 15 55 60 0
15 24 60 55 0
24 15 60 55 0
16 23 48 67 0
23 16 48 67 0
16 23 67 48 0
23 16 67 48 0
16 23 49 66 0
23 16 49 66 0
16 23 66 49 0
23 16 66 49 0
16 23 50 65 0
23 16 50 65 0
16 23 65 50 0
23 16 65 50 0
16 23 51 64 0
23 16 51 64 0
16 23 64 51 0
23 16 64 51 0
16 23 52 63 0
23 16 52 63 0
16 23 63 52 0
23 16 63 52 0
16 23 53 62 0
23 16 53 62 0
16 23 62 53 0
23 16 62 53 0
16 23 54 61 0
23 16 54 61 0
16 23 61 54 0
23 16 61 54 0
16 23 55 60 0
23 16 55 60 0
16 23 60 55 0
23 16 60 55 0
17 22 48 67 0
22 17 48 67 0
17 22 67 48 0
22 17 67 48 0
17 22 49 66 0
22 17 49 66 0
17 22 66 49 0
22 17 66 49 0
17 22 50 65 0
22 17 50 65 0
17 22 65 50 0
22 17 65 50 0
17 22 51 64 0
22 17 51 64 0
17 22 64 51 0
22 17 64 51 0
17 22 52 63 0
22 17 52 63 0
17 22 63 52 0
22 17 63 52 0
17 22 53 62 0
22 17 53 62 0
17 22 62 53 0
22 17 62 53 0
17 22 54 61 0
22 17 54 61 0
17 22 61 54 0
22 17 61 54 0
17 22 55 60 0
22 17 55 60 0
17 22 60 55 0
22 17 60 55 0
18 21 48 67 0
21 18 48 67 0
18 21 67 48 0
21 18 67 48 0
18 21 49 66 0
21 18 49 66 0
18 21 66 49 0
21 18 66 49 0
18 21 50 65 0
21 18 50 65 0
18 21 65 50 0
21 18 65 50 0
18 21 51 64 0
21 18 51 64 0
18 21 64 51 0
21 18 64 51 0
18 21 52 63 0
21 18 52 63 0
18 21 63 52 0
21 18 63 52 0
18 21 53 62 0
21 18 53 62 0
18 21 62 53 0
21 18 62 53 0
18 21 54 61 0
21 18 54 61 0
18 21 61 54 0
21 18 61 54 0
18 21 55 60 0
21 18 55 60 0
18 21 60 55 0
21 18 60 55 0
15 24 56 59 0
24 15 56 59 0
15 24 59 56 0
24 15 59 56 0
16 23 56 59 0
23 16 56 59 0
16 23 59 56 0
23 16 59 56 0
17 22 56 59 0
22 17 56 59 0
17 22 59 56 0
22 17 59 56 0
18 21 56 59 0
21 18 56 59 0
18 21 59 56 0
21 18 59 56 0
15 24 57 58 0
24 15 57 58 0
15 24 58 57 0
24 15 58 57 0
16 23 57 58 0
23 16 57 58 0
16 23 58 57 0
23 16 58 57 0
17 22 57 58 0
22 17 57 58 0
17 22 58 57 0
22 17 58 57 0
18 21 57 58 0
21 18 57 58 0
18 21 58 57 0
21 18 58 57 0
16 23 46 69 0
23 16 46 69 0
16 23 69 46 0
23 16 69 46 0
16 23 47 68 0
23 16 47 68 0
16 23 68 47 0
23 16 68 47 0
17 22 46 69 0
22 17 46 69 0
17 22 69 46 0
22 17 69 46 0
17 22 47 68 0
22 17 47 68 0
17 22 68 47 0
22 17 68 47 0
18 21 46 69 0
21 18 46 69 0
18 21 69 46 0
21 18 69 46 0
18 21 47 68 0
21 18 47 68 0
18 21 68 47 0
21 18 68 47 0
19 20 46 69 0
20 19 46 69 0
19 20 69 46 0
20 19 69 46 0
19 20 47 68 0
20 19 47 68 0
19 20 68 47 0
20 19 68 47 0
19 20 48 67 0
20 19 48 67 0
19 20 67 48 0
20 19 67 48 0
19 20 49 66 0
20 19 49 66 0
19 20 66 49 0
20 19 66 49 0
19 20 50 65 0
20 19 50 65 0
19 20 65 50 0
20 19 65 50 0
19 20 51 64 0
20 19 51 64 0
19 20 64 51 0
20 19 64 51 0
19 20 52 63 0
20 19 52 63 0
19 20 63 52 0
20 19 63 52 0
19 20 53 62 1
20 19 53 62 1
19 20 62 53 1
20 19 62 53 1
19 20 54 61 1
20 19 54 61 1
19 20 61 54 1
20 19 61 54 1
19 20 55 60 1
20 19 55 60 1
19 20 60 55 1
20 19 60 55 1
19 20 56 59 1
20 19 56 59 1
19 20 59 56 1
20 19 59 56 1
19 20 57 58 1
20 19 57 58 1
19 20 58 57 1
20 19 58 57 1
18 21 45 70 0
21 18 45 70 0
18 21 70 45 0
21 18 70 45 0
19 20 45 70 0
20 19 45 70 0
19 20 70 45 0
20 19 70 45 0
