13 24 45 64 0
24 13 45 64 0
13 24 64 45 0
24 13 64 45 0
13 24 46 63 0
24 13 46 63 0
13 24 63 46 0
24 13 63 46 0
13 24 47 62 0
24 13 47 62 0
13 24 62 47 0
24 13 62 47 0
13 24 48 61 0
24 13 48 61 0
13 24 61 48 0
24 13 61 48 0
13 24 49 60 0
24 13 49 60 0
13 24 60 49 0
24 13 60 49 0
13 24 50 59 0
24 13 50 59 0
13 24 59 50 0
24 13 59 50 0
13 24 51 58 0
24 13 51 58 0
13 24 58 51 0
24 13 58 51 0
13 24 52 57 0
24 13 52 57 0
13 24 57 52 0
24 13 57 52 0
14 23 45 64 0
23 14 45 64 0
14 23 64 45 0
23 14 64 45 0
14 23 46 63 0
23 14 46 63 0
14 23 63 46 0
23 14 63 46 0
14 23 47 62 0
23 14 47 62 0
14 23 62 47 0
23 14 62 47 0
14 23 48 61 0
23 14 48 61 0
14 23 61 48 0
23 14 61 48 0
14 23 49 60 0
23 14 49 60 0
14 23 60 49 0
23 14 60 49 0
14 23 50 59 0
23 14 50 59 0
14 23 59 50 0
23 14 59 50 0
14 23 51 58 0
23 14 51 58 0
14 23 58 51 0
23 14 58 51 0
14 23 52 57 0
23 14 52 57 0
14 23 57 52 0
23 14 57 52 0
15 22 45 64 0
22 15 45 64 0
15 22 64 45 0
22 15 64 45 0
15 22 46 63 0
22 15 46 63 0
15 22 63 46 0
22 15 63 46 0
15 22 47 62 0
22 15 47 62 0
15 22 62 47 0
22 15 62 47 0
15 22 48 61 0
22 15 48 61 0
15 22 61 48 0
22 15 61 48 0
15 22 49 60 0
22 15 49 60 0
15 22 60 49 0
22 15 60 49 0
15 22 50 59 0
22 15 50 59 0
15 22 59 50 0
22 15 59 50 0
15 22 51 58 0
22 15 51 58 0
15 22 58 51 0
22 15 58 51 0
15 22 52 57 0
22 15 52 57 0
15 22 57 52 0
22 15 57 52 0
16 21 45 64 0
21 16 45 64 0
16 21 64 45 0
21 16 64 45 0
16 21 46 63 0
21 16 46 63 0
16 21 63 46 0
21 16 63 46 0
16 21 47 62 0
21 16 47 62 0
16 21 62 47 0
21 16 62 47 0
16 21 48 61 0
21 16 48 61 0
16 21 61 48 0
21 16 61 48 0
16 21 49 60 0
21 16 49 60 0
16 21 60 49 0
21 16 60 49 0
16 21 50 59 0
21 16 50 59 0
16 21 59 50 0
21 16 59 50 0
16 21 51 58 0
21 16 51 58 0
16 21 58 51 0
21 16 58 51 0
16 21 52 57 0
21 16 52 57 0
16 21 57 52 0
21 16 57 52 0
13 24 53 56 0
24 13 53 56 0
13 24 56 53 0
24 13 56 53 0
14 23 53 56 0
23 14 53 56 0
14 23 56 53 0
23 14 56 53 0
15 22 53 56 0
22 15 53 56 0
15 22 56 53 0
22 15 56 53 0
16 21 53 56 0
21 16 53 56 0
16 21 56 53 0
21 16 56 53 0
13 24 54 55 0
24 13 54 55 0
13 24 55 54 0
24 13 55 54 0
14 23 54 55 0
23 14 54 55 0
14 23 55 54 0
23 14 55 54 0
15 22 54 55 0
22 15 54 55 0
15 22 55 54 0
22 15 55 54 0
16 21 54 55 0
21 16 54 55 0
16 21 55 54 0
21 16 55 54 0
14 23 42 67 0
23 14 42 67 0
14 23 67 42 0
23 14 67 42 0
14 23 43 66 0
23 14 43 66 0
14 23 66 43 0
23 14 66 43 0
14 23 44 65 0
23 14 44 65 0
14 23 65 44 0
23 14 65 44 0
15 22 42 67 0
22 15 42 67 0
15 22 67 42 0
22 15 67 42 0
15 22 43 66 0
22 15 43 66 0
15 22 66 43 0
22 15 66 43 0
15 22 44 65 0
22 15 44 65 0
15 22 65 44 0
22 15 65 44 0
16 21 42 67 0
21 16 42 67 0
16 21 67 42 0
21 16 67 42 0
16 21 43 66 0
21 16 43 66 0
16 21 66 43 0
21 16 66 43 0
16 21 44 65 0
21 16 44 65 0
16 21 65 44 0
21 16 65 44 0
17 20 42 67 0
20 17 42 67 0
17 20 67 42 0
20 17 67 42 0
17 20 43 66 0
20 17 43 66 0
17 20 66 43 0
20 17 66 43 0
17 20 44 65 0
20 17 44 65 0
17 20 65 44 0
20 17 65 44 0
17 20 45 64 0
20 17 45 64 0
17 20 64 45 0
20 17 64 45 0
17 20 46 63 0
20 17 46 63 0
17 20 63 46 0
20 17 63 46 0
17 20 47 62 0
20 17 47 62 0
17 20 62 47 0
20 17 62 47 0
17 20 48 61 1
20 17 48 61 1
17 20 61 48 1
20 17 61 48 1
17 20 49 60 2
20 17 49 60 2
17 20 60 49 2
20 17 60 49 2
17 20 50 59 3
20 17 50 59 3
17 20 59 50 3
20 17 59 50 3
17 20 51 58 4
20 17 51 58 4
17 20 58 51 4
20 17 58 51 4
17 20 52 57 5
20 17 52 57 5
17 20 57 52 5
20 17 57 52 5
17 20 53 56 6
20 17 53 56 6
17 20 56 53 6
20 17 56 53 6
17 20 54 55 6
20 17 54 55 6
17 20 55 54 6
20 17 55 54 6
15 22 41 68 0
22 15 41 68 0
15 22 68 41 0
22 15 68 41 0
16 21 41 68 0
21 16 41 68 0
16 21 68 41 0
21 16 68 41 0
17 20 41 68 0
20 17 41 68 0
17 20 68 41 0
20 17 68 41 0
18 19 41 68 0
19 18 41 68 0
18 19 68 41 0
19 18 68 41 0
18 19 42 67 0
19 18 42 67 0
18 19 67 42 0
19 18 67 42 0
18 19 43 66 0
19 18 43 66 0
18 19 66 43 0
19 18 66 43 0
18 19 44 65 0
19 18 44 65 0
18 19 65 44 0
19 18 65 44 0
18 19 45 64 0
19 18 45 64 0
18 19 64 45 0
19 18 64 45 0
18 19 46 63 0
19 18 46 63 0
18 19 63 46 0
19 18 63 46 0
18 19 47 62 1
19 18 47 62 1
18 19 62 47 1
19 18 62 47 1
18 19 48 61 3
19 18 48 61 3
18 19 61 48 3
19 18 61 48 3
18 19 49 60 5
19 18 49 60 5
18 19 60 49 5
19 18 60 49 5
18 19 50 59 7
19 18 50 59 7
18 19 59 50 7
19 18 59 50 7
18 19 51 58 9
19 18 51 58 9
18 19 58 51 9
19 18 58 51 9
18 19 52 57 11
19 18 52 57 11
18 19 57 52 11
19 18 57 52 11
18 19 53 56 13
19 18 53 56 13
18 19 56 53 13
19 18 56 53 13
18 19 54 55 13
19 18 54 55 13
18 19 55 54 13
19 18 55 54 13
16 21 40 69 0
21 16 40 69 0
16 21 69 40 0
21 16 69 40 0
17 20 40 69 0
20 17 40 69 0
17 20 69 40 0
20 17 69 40 0
18 19 40 69 0
19 18 40 69 0
18 19 69 40 0
19 18 69 40 0
