7 24 42 49 0
24 7 42 49 0
7 24 49 42 0
24 7 49 42 0
7 24 43 48 0
24 7 43 48 0
7 24 48 43 0
24 7 48 43 0
7 24 44 47 0
24 7 44 47 0
7 24 47 44 0
24 7 47 44 0
7 24 45 46 0
24 7 45 46 0
7 24 46 45 0
24 7 46 45 0
8 23 42 49 0
23 8 42 49 0
8 23 49 42 0
23 8 49 42 0
8 23 43 48 0
23 8 43 48 0
8 23 48 43 0
23 8 48 43 0
8 23 44 47 0
23 8 44 47 0
8 23 47 44 0
23 8 47 44 0
8 23 45 46 0
23 8 45 46 0
8 23 46 45 0
23 8 46 45 0
9 22 42 49 0
22 9 42 49 0
9 22 49 42 0
22 9 49 42 0
9 22 43 48 0
22 9 43 48 0
9 22 48 43 0
22 9 48 43 0
9 22 44 47 0
22 9 44 47 0
9 22 47 44 0
22 9 47 44 0
9 22 45 46 0
22 9 45 46 0
9 22 46 45 0
22 9 46 45 0
10 21 42 49 0
21 10 42 49 0
10 21 49 42 0
21 10 49 42 0
10 21 43 48 0
21 10 43 48 0
10 21 48 43 0
21 10 48 43 0
10 21 44 47 0
21 10 44 47 0
10 21 47 44 0
21 10 47 44 0
10 21 45 46 0
21 10 45 46 0
10 21 46 45 0
21 10 46 45 0
8 23 36 55 0
23 8 36 55 0
8 23 55 36 0
23 8 55 36 0
8 23 37 54 0
23 8 37 54 0
8 23 54 37 0
23 8 54 37 0
8 23 38 53 0
23 8 38 53 0
8 23 53 38 0
23 8 53 38 0
8 23 39 52 0
23 8 39 52 0
8 23 52 39 0
23 8 52 39 0
8 23 40 51 0
23 8 40 51 0
8 23 51 40 0
23 8 51 40 0
8 23 41 50 0
23 8 41 50 0
8 23 50 41 0
23 8 50 41 0
9 22 36 55 0
22 9 36 55 0
9 22 55 36 0
22 9 55 36 0
9 22 37 54 0
22 9 37 54 0
9 22 54 37 0
22 9 54 37 0
9 22 38 53 0
22 9 38 53 0
9 22 53 38 0
22 9 53 38 0
9 22 39 52 0
22 9 39 52 0
9 22 52 39 0
22 9 52 39 0
9 22 40 51 0
22 9 40 51 0
9 22 51 40 0
22 9 51 40 0
9 22 41 50 0
22 9 41 50 0
9 22 50 41 0
22 9 50 41 0
10 21 36 55 0
21 10 36 55 0
10 21 55 36 0
21 10 55 36 0
10 21 37 54 0
21 10 37 54 0
10 21 54 37 0
21 10 54 37 0
10 21 38 53 0
21 10 38 53 0
10 21 53 38 0
21 10 53 38 0
10 21 39 52 0
21 10 39 52 0
10 21 52 39 0
21 10 52 39 0
10 21 40 51 0
21 10 40 51 0
10 21 51 40 0
21 10 51 40 0
10 21 41 50 0
21 10 41 50 0
10 21 50 41 0
21 10 50 41 0
11 20 36 55 0
20 11 36 55 0
11 20 55 36 0
20 11 55 36 0
11 20 37 54 0
20 11 37 54 0
11 20 54 37 0
20 11 54 37 0
11 20 38 53 0
20 11 38 53 0
11 20 53 38 0
20 11 53 38 0
11 20 39 52 1
20 11 39 52 1
11 20 52 39 1
20 11 52 39 1
11 20 40 51 2
20 11 40 51 2
11 20 51 40 2
20 11 51 40 2
11 20 41 50 4
20 11 41 50 4
11 20 50 41 4
20 11 50 41 4
11 20 42 49 6
20 11 42 49 6
11 20 49 42 6
20 11 49 42 6
11 20 43 48 9
20 11 43 48 9
11 20 48 43 9
20 11 48 43 9
11 20 44 47 11
20 11 44 47 11
11 20 47 44 11
20 11 47 44 11
11 20 45 46 12
20 11 45 46 12
11 20 46 45 12
20 11 46 45 12
9 22 32 59 0
22 9 32 59 0
9 22 59 32 0
22 9 59 32 0
9 22 33 58 0
22 9 33 58 0
9 22 58 33 0
22 9 58 33 0
9 22 34 57 0
22 9 34 57 0
9 22 57 34 0
22 9 57 34 0
9 22 35 56 0
22 9 35 56 0
9 22 56 35 0
22 9 56 35 0
10 21 32 59 0
21 10 32 59 0
10 21 59 32 0
21 10 59 32 0
10 21 33 58 0
21 10 33 58 0
10 21 58 33 0
21 10 58 33 0
10 21 34 57 0
21 10 34 57 0
10 21 57 34 0
21 10 57 34 0
10 21 35 56 0
21 10 35 56 0
10 21 56 35 0
21 10 56 35 0
11 20 32 59 0
20 11 32 59 0
11 20 59 32 0
20 11 59 32 0
11 20 33 58 0
20 11 33 58 0
11 20 58 33 0
20 11 58 33 0
11 20 34 57 0
20 11 34 57 0
11 20 57 34 0
20 11 57 34 0
11 20 35 56 0
20 11 35 56 0
11 20 56 35 0
20 11 56 35 0
12 19 32 59 0
19 12 32 59 0
12 19 59 32 0
19 12 59 32 0
12 19 33 58 0
19 12 33 58 0
12 19 58 33 0
19 12 58 33 0
12 19 34 57 0
19 12 34 57 0
12 19 57 34 0
19 12 57 34 0
12 19 35 56 1
19 12 35 56 1
12 19 56 35 1
19 12 56 35 1
12 19 36 55 3
19 12 36 55 3
12 19 55 36 3
19 12 55 36 3
12 19 37 54 7
19 12 37 54 7
12 19 54 37 7
19 12 54 37 7
12 19 38 53 14
19 12 38 53 14
12 19 53 38 14
19 12 53 38 14
12 19 39 52 25
19 12 39 52 25
12 19 52 39 25
19 12 52 39 25
12 19 40 51 39
19 12 40 51 39
12 19 51 40 39
19 12 51 40 39
12 19 41 50 57
19 12 41 50 57
12 19 50 41 57
19 12 50 41 57
12 19 42 49 75
19 12 42 49 75
12 19 49 42 75
19 12 49 42 75
12 19 43 48 93
19 12 43 48 93
12 19 48 43 93
19 12 48 43 93
12 19 44 47 107
19 12 44 47 107
12 19 47 44 107
19 12 47 44 107
12 19 45 46 114
19 12 45 46 114
12 19 46 45 114
19 12 46 45 114
10 21 30 61 0
21 10 30 61 0
10 21 61 30 0
21 10 61 30 0
10 21 31 60 0
21 10 31 60 0
10 21 60 31 0
21 10 60 31 0
11 20 30 61 0
20 11 30 61 0
11 20 61 30 0
20 11 61 30 0
11 20 31 60 0
20 11 31 60 0
11 20 60 31 0
20 11 60 31 0
12 19 30 61 0
19 12 30 61 0
12 19 61 30 0
19 12 61 30 0
12 19 31 60 0
19 12 31 60 0
12 19 60 31 0
19 12 60 31 0
13 18 30 61 0
18 13 30 61 0
13 18 61 30 0
18 13 61 30 0
13 18 31 60 0
18 13 31 60 0
13 18 60 31 0
18 13 60 31 0
13 18 32 59 0
18 13 32 59 0
13 18 59 32 0
18 13 59 32 0
13 18 33 58 1
18 13 33 58 1
13 18 58 33 1
18 13 58 33 1
13 18 34 57 3
18 13 34 57 3
13 18 57 34 3
18 13 57 34 3
13 18 35 56 9
18 13 35 56 9
13 18 56 35 9
18 13 56 35 9
13 18 36 55 20
18 13 36 55 20
13 18 55 36 20
18 13 55 36 20
13 18 37 54 40
18 13 37 54 40
13 18 54 37 40
18 13 54 37 40
13 18 38 53 70
18 13 38 53 70
13 18 53 38 70
18 13 53 38 70
13 18 39 52 113
18 13 39 52 113
13 18 52 39 113
18 13 52 39 113
13 18 40 51 166
18 13 40 51 166
13 18 51 40 166
18 13 51 40 166
13 18 41 50 229
18 13 41 50 229
13 18 50 41 229
18 13 50 41 229
13 18 42 49 292
18 13 42 49 292
13 18 49 42 292
18 13 49 42 292
13 18 43 48 351
18 13 43 48 351
13 18 48 43 351
18 13 48 43 351
13 18 44 47 396
18 13 44 47 396
13 18 47 44 396
18 13 47 44 396
13 18 45 46 420
18 13 45 46 420
13 18 46 45 420
18 13 46 45 420
14 17 30 61 0
17 14 30 61 0
14 17 61 30 0
17 14 61 30 0
14 17 31 60 0
17 14 31 60 0
14 17 60 31 0
17 14 60 31 0
14 17 32 59 0
17 14 32 59 0
14 17 59 32 0
17 14 59 32 0
14 17 33 58 3
17 14 33 58 3
14 17 58 33 3
17 14 58 33 3
14 17 34 57 10
17 14 34 57 10
14 17 57 34 10
17 14 57 34 10
14 17 35 56 26
17 14 35 56 26
14 17 56 35 26
17 14 56 35 26
14 17 36 55 55
17 14 36 55 55
14 17 55 36 55
17 14 55 36 55
14 17 37 54 104
17 14 37 54 104
14 17 54 37 104
17 14 54 37 104
14 17 38 53 175
17 14 38 53 175
14 17 53 38 175
17 14 53 38 175
14 17 39 52 272
17 14 39 52 272
14 17 52 39 272
17 14 52 39 272
14 17 40 51 389
17 14 40 51 389
14 17 51 40 389
17 14 51 40 389
14 17 41 50 522
17 14 41 50 522
14 17 50 41 522
17 14 50 41 522
14 17 42 49 655
17 14 42 49 655
14 17 49 42 655
17 14 49 42 655
14 17 43 48 776
17 14 43 48 776
14 17 48 43 776
17 14 48 43 776
14 17 44 47 867
17 14 44 47 867
14 17 47 44 867
17 14 47 44 867
14 17 45 46 916
17 14 45 46 916
14 17 46 45 916
17 14 46 45 916
15 16 32 59 1
16 15 32 59 1
15 16 59 32 1
16 15 59 32 1
15 16 33 58 6
16 15 33 58 6
15 16 58 33 6
16 15 58 33 6
15 16 34 57 18
16 15 34 57 18
15 16 57 34 18
16 15 57 34 18
15 16 35 56 44
16 15 35 56 44
15 16 56 35 44
16 15 56 35 44
15 16 36 55 89
16 15 36 55 89
15 16 55 36 89
16 15 55 36 89
15 16 37 54 163
16 15 37 54 163
15 16 54 37 163
16 15 54 37 163
15 16 38 53 269
16 15 38 53 269
15 16 53 38 269
16 15 53 38 269
15 16 39 52 411
16 15 39 52 411
15 16 52 39 411
16 15 52 39 411
15 16 40 51 580
16 15 40 51 580
15 16 51 40 580
16 15 51 40 580
15 16 41 50 770
16 15 41 50 770
15 16 50 41 770
16 15 50 41 770
15 16 42 49 959
16 15 42 49 959
15 16 49 42 959
16 15 49 42 959
15 16 43 48 1130
16 15 43 48 1130
15 16 48 43 1130
16 15 48 43 1130
15 16 44 47 1258
16 15 44 47 1258
15 16 47 44 1258
16 15 47 44 1258
15 16 45 46 1326
16 15 45 46 1326
15 16 46 45 1326
16 15 46 45 1326
11 20 28 63 0
20 11 28 63 0
11 20 63 28 0
20 11 63 28 0
11 20 29 62 0
20 11 29 62 0
11 20 62 29 0
20 11 62 29 0
12 19 28 63 0
19 12 28 63 0
12 19 63 28 0
19 12 63 28 0
12 19 29 62 0
19 12 29 62 0
12 19 62 29 0
19 12 62 29 0
13 18 28 63 0
18 13 28 63 0
13 18 63 28 0
18 13 63 28 0
13 18 29 62 0
18 13 29 62 0
13 18 62 29 0
18 13 62 29 0
14 17 28 63 0
17 14 28 63 0
14 17 63 28 0
17 14 63 28 0
14 17 29 62 0
17 14 29 62 0
14 17 62 29 0
17 14 62 29 0
12 19 27 64 0
19 12 27 64 0
12 19 64 27 0
19 12 64 27 0
13 18 27 64 0
18 13 27 64 0
13 18 64 27 0
18 13 64 27 0
14 17 27 64 0
17 14 27 64 0
14 17 64 27 0
17 14 64 27 0
15 16 27 64 0
16 15 27 64 0
15 16 64 27 0
16 15 64 27 0
15 16 28 63 0
16 15 28 63 0
15 16 63 28 0
16 15 63 28 0
15 16 29 62 0
16 15 29 62 0
15 16 62 29 0
16 15 62 29 0
15 16 30 61 0
16 15 30 61 0
15 16 61 30 0
16 15 61 30 0
15 16 31 60 0
16 15 31 60 0
15 16 60 31 0
16 15 60 31 0
13 18 26 65 0
18 13 26 65 0
13 18 65 26 0
18 13 65 26 0
14 17 26 65 0
17 14 26 65 0
14 17 65 26 0
17 14 65 26 0
15 16 26 65 0
16 15 26 65 0
15 16 65 26 0
16 15 65 26 0
