0 7 3 16 0
7 0 3 16 0
0 7 16 3 0
7 0 16 3 0
0 7 4 15 0
7 0 4 15 0
0 7 15 4 0
7 0 15 4 0
1 6 3 16 0
6 1 3 16 0
1 6 16 3 0
6 1 16 3 0
1 6 4 15 0
6 1 4 15 0
1 6 15 4 0
6 1 15 4 0
0 7 5 14 0
7 0 5 14 0
0 7 14 5 0
7 0 14 5 0
1 6 5 14 0
6 1 5 14 0
1 6 14 5 0
6 1 14 5 0
0 7 6 13 0
7 0 6 13 0
0 7 13 6 0
7 0 13 6 0
1 6 6 13 0
6 1 6 13 0
1 6 13 6 0
6 1 13 6 0
0 7 7 12 0
7 0 7 12 0
0 7 12 7 0
7 0 12 7 0
1 6 7 12 0
6 1 7 12 0
1 6 12 7 0
6 1 12 7 0
0 7 8 11 0
7 0 8 11 0
0 7 11 8 0
7 0 11 8 0
1 6 8 11 0
6 1 8 11 0
1 6 11 8 0
6 1 11 8 0
1 6 1 18 0
6 1 1 18 0
1 6 18 1 0
6 1 18 1 0
1 6 2 17 0
6 1 2 17 0
1 6 17 2 0
6 1 17 2 0
2 5 1 18 0
5 2 1 18 0
2 5 18 1 0
5 2 18 1 0
2 5 2 17 1
5 2 2 17 1
2 5 17 2 1
5 2 17 2 1
2 5 3 16 1
5 2 3 16 1
2 5 16 3 1
5 2 16 3 1
2 5 4 15 2
5 2 4 15 2
2 5 15 4 2
5 2 15 4 2
2 5 5 14 3
5 2 5 14 3
2 5 14 5 3
5 2 14 5 3
2 5 6 13 4
5 2 6 13 4
2 5 13 6 4
5 2 13 6 4
2 5 7 12 5
5 2 7 12 5
2 5 12 7 5
5 2 12 7 5
2 5 8 11 6
5 2 8 11 6
2 5 11 8 6
5 2 11 8 6
3 4 1 18 0
4 3 1 18 0
3 4 18 1 0
4 3 18 1 0
3 4 2 17 1
4 3 2 17 1
3 4 17 2 1
4 3 17 2 1
3 4 3 16 2
4 3 3 16 2
3 4 16 3 2
4 3 16 3 2
3 4 4 15 4
4 3 4 15 4
3 4 15 4 4
4 3 15 4 4
3 4 5 14 6
4 3 5 14 6
3 4 14 5 6
4 3 14 5 6
3 4 6 13 9
4 3 6 13 9
3 4 13 6 9
4 3 13 6 9
3 4 7 12 12
4 3 7 12 12
3 4 12 7 12
4 3 12 7 12
3 4 8 11 14
4 3 8 11 14
3 4 11 8 14
4 3 11 8 14
0 7 9 10 0
7 0 9 10 0
0 7 10 9 0
7 0 10 9 0
1 6 9 10 0
6 1 9 10 0
1 6 10 9 0
6 1 10 9 0
2 5 9 10 6
5 2 9 10 6
2 5 10 9 6
5 2 10 9 6
3 4 9 10 15
4 3 9 10 15
3 4 10 9 15
4 3 10 9 15
3 4 0 19 0
4 3 0 19 0
3 4 19 0 0
4 3 19 0 0
