0 14 3 15 0
14 0 3 15 0
0 14 15 3 0
14 0 15 3 0
0 14 4 14 0
14 0 4 14 0
0 14 14 4 0
14 0 14 4 0
0 14 5 13 0
14 0 5 13 0
0 14 13 5 0
14 0 13 5 0
0 14 6 12 0
14 0 6 12 0
0 14 12 6 0
14 0 12 6 0
0 14 7 11 0
14 0 7 11 0
0 14 11 7 0
14 0 11 7 0
0 14 8 10 0
14 0 8 10 0
0 14 10 8 0
14 0 10 8 0
0 14 9 9 1
14 0 9 9 1
1 13 3 15 0
13 1 3 15 0
1 13 15 3 0
13 1 15 3 0
1 13 4 14 0
13 1 4 14 0
1 13 14 4 0
13 1 14 4 0
1 13 5 13 0
13 1 5 13 0
1 13 13 5 0
13 1 13 5 0
1 13 6 12 0
13 1 6 12 0
1 13 12 6 0
13 1 12 6 0
1 13 7 11 0
13 1 7 11 0
1 13 11 7 0
13 1 11 7 0
1 13 8 10 0
13 1 8 10 0
1 13 10 8 0
13 1 10 8 0
1 13 9 9 1
13 1 9 9 1
2 12 3 15 0
12 2 3 15 0
2 12 15 3 0
12 2 15 3 0
2 12 4 14 0
12 2 4 14 0
2 12 14 4 0
12 2 14 4 0
2 12 5 13 0
12 2 5 13 0
2 12 13 5 0
12 2 13 5 0
2 12 6 12 0
12 2 6 12 0
2 12 12 6 0
12 2 12 6 0
2 12 7 11 0
12 2 7 11 0
2 12 11 7 0
12 2 11 7 0
2 12 8 10 0
12 2 8 10 0
2 12 10 8 0
12 2 10 8 0
2 12 9 9 1
12 2 9 9 1
3 11 3 15 0
11 3 3 15 0
3 11 15 3 0
11 3 15 3 0
3 11 4 14 0
11 3 4 14 0
3 11 14 4 0
11 3 14 4 0
3 11 5 13 0
11 3 5 13 0
3 11 13 5 0
11 3 13 5 0
3 11 6 12 0
11 3 6 12 0
3 11 12 6 0
11 3 12 6 0
3 11 7 11 0
11 3 7 11 0
3 11 11 7 0
11 3 11 7 0
3 11 8 10 0
11 3 8 10 0
3 11 10 8 0
11 3 10 8 0
3 11 9 9 1
11 3 9 9 1
4 10 3 15 0
10 4 3 15 0
4 10 15 3 0
10 4 15 3 0
4 10 4 14 0
10 4 4 14 0
4 10 14 4 0
10 4 14 4 0
4 10 5 13 0
10 4 5 13 0
4 10 13 5 0
10 4 13 5 0
4 10 6 12 0
10 4 6 12 0
4 10 12 6 0
10 4 12 6 0
4 10 7 11 0
10 4 7 11 0
4 10 11 7 0
10 4 11 7 0
4 10 8 10 0
10 4 8 10 0
4 10 10 8 0
10 4 10 8 0
4 10 9 9 1
10 4 9 9 1
5 9 3 15 0
9 5 3 15 0
5 9 15 3 0
9 5 15 3 0
5 9 4 14 0
9 5 4 14 0
5 9 14 4 0
9 5 14 4 0
5 9 5 13 0
9 5 5 13 0
5 9 13 5 0
9 5 13 5 0
5 9 6 12 0
9 5 6 12 0
5 9 12 6 0
9 5 12 6 0
5 9 7 11 0
9 5 7 11 0
5 9 11 7 0
9 5 11 7 0
5 9 8 10 0
9 5 8 10 0
5 9 10 8 0
9 5 10 8 0
5 9 9 9 1
9 5 9 9 1
1 13 1 17 0
13 1 1 17 0
1 13 17 1 0
13 1 17 1 0
1 13 2 16 0
13 1 2 16 0
1 13 16 2 0
13 1 16 2 0
2 12 1 17 0
12 2 1 17 0
2 12 17 1 0
12 2 17 1 0
2 12 2 16 0
12 2 2 16 0
2 12 16 2 0
12 2 16 2 0
3 11 1 17 0
11 3 1 17 0
3 11 17 1 0
11 3 17 1 0
3 11 2 16 0
11 3 2 16 0
3 11 16 2 0
11 3 16 2 0
4 10 1 17 0
10 4 1 17 0
4 10 17 1 0
10 4 17 1 0
4 10 2 16 0
10 4 2 16 0
4 10 16 2 0
10 4 16 2 0
5 9 1 17 0
9 5 1 17 0
5 9 17 1 0
9 5 17 1 0
5 9 2 16 0
9 5 2 16 0
5 9 16 2 0
9 5 16 2 0
6 8 1 17 0
8 6 1 17 0
6 8 17 1 0
8 6 17 1 0
6 8 2 16 0
8 6 2 16 0
6 8 16 2 0
8 6 16 2 0
6 8 3 15 0
8 6 3 15 0
6 8 15 3 0
8 6 15 3 0
6 8 4 14 0
8 6 4 14 0
6 8 14 4 0
8 6 14 4 0
6 8 5 13 0
8 6 5 13 0
6 8 13 5 0
8 6 13 5 0
6 8 6 12 0
8 6 6 12 0
6 8 12 6 0
8 6 12 6 0
6 8 7 11 0
8 6 7 11 0
6 8 11 7 0
8 6 11 7 0
6 8 8 10 0
8 6 8 10 0
6 8 10 8 0
8 6 10 8 0
6 8 9 9 1
8 6 9 9 1
7 7 1 17 0
7 7 17 1 0
7 7 2 16 0
7 7 16 2 0
7 7 3 15 0
7 7 15 3 0
7 7 4 14 0
7 7 14 4 0
7 7 5 13 0
7 7 13 5 0
7 7 6 12 0
7 7 12 6 0
7 7 7 11 0
7 7 11 7 0
7 7 8 10 0
7 7 10 8 0
7 7 9 9 1
3 11 0 18 0
11 3 0 18 0
3 11 18 0 0
11 3 18 0 0
4 10 0 18 0
10 4 0 18 0
4 10 18 0 0
10 4 18 0 0
5 9 0 18 0
9 5 0 18 0
5 9 18 0 0
9 5 18 0 0
6 8 0 18 0
8 6 0 18 0
6 8 18 0 0
8 6 18 0 0
7 7 0 18 0
7 7 18 0 0
