0 11 3 11 0
11 0 3 11 0
0 11 11 3 0
11 0 11 3 0
0 11 4 10 0
11 0 4 10 0
0 11 10 4 0
11 0 10 4 0
0 11 5 9 0
11 0 5 9 0
0 11 9 5 0
11 0 9 5 0
1 10 3 11 1
10 1 3 11 1
1 10 11 3 1
10 1 11 3 1
1 10 4 10 2
10 1 4 10 2
1 10 10 4 2
10 1 10 4 2
1 10 5 9 4
10 1 5 9 4
1 10 9 5 4
10 1 9 5 4
2 9 3 11 5
9 2 3 11 5
2 9 11 3 5
9 2 11 3 5
2 9 4 10 10
9 2 4 10 10
2 9 10 4 10
9 2 10 4 10
2 9 5 9 18
9 2 5 9 18
2 9 9 5 18
9 2 9 5 18
0 11 6 8 0
11 0 6 8 0
0 11 8 6 0
11 0 8 6 0
1 10 6 8 5
10 1 6 8 5
1 10 8 6 5
10 1 8 6 5
2 9 6 8 23
9 2 6 8 23
2 9 8 6 23
9 2 8 6 23
0 11 7 7 0
11 0 7 7 0
1 10 7 7 6
10 1 7 7 6
2 9 7 7 26
9 2 7 7 26
1 10 1 13 0
10 1 1 13 0
1 10 13 1 0
10 1 13 1 0
1 10 2 12 0
10 1 2 12 0
1 10 12 2 0
10 1 12 2 0
2 9 1 13 0
9 2 1 13 0
2 9 13 1 0
9 2 13 1 0
2 9 2 12 1
9 2 2 12 1
2 9 12 2 1
9 2 12 2 1
3 8 1 13 1
8 3 1 13 1
3 8 13 1 1
8 3 13 1 1
3 8 2 12 5
8 3 2 12 5
3 8 12 2 5
8 3 12 2 5
3 8 3 11 15
8 3 3 11 15
3 8 11 3 15
8 3 11 3 15
3 8 4 10 28
8 3 4 10 28
3 8 10 4 28
8 3 10 4 28
3 8 5 9 46
8 3 5 9 46
3 8 9 5 46
8 3 9 5 46
3 8 6 8 58
8 3 6 8 58
3 8 8 6 58
8 3 8 6 58
3 8 7 7 64
8 3 7 7 64
4 7 1 13 2
7 4 1 13 2
4 7 13 1 2
7 4 13 1 2
4 7 2 12 10
7 4 2 12 10
4 7 12 2 10
7 4 12 2 10
4 7 3 11 27
7 4 3 11 27
4 7 11 3 27
7 4 11 3 27
4 7 4 10 50
7 4 4 10 50
4 7 10 4 50
7 4 10 4 50
4 7 5 9 80
7 4 5 9 80
4 7 9 5 80
7 4 9 5 80
4 7 6 8 101
7 4 6 8 101
4 7 8 6 101
7 4 8 6 101
4 7 7 7 110
7 4 7 7 110
5 6 1 13 3
6 5 1 13 3
5 6 13 1 3
6 5 13 1 3
5 6 2 12 14
6 5 2 12 14
5 6 12 2 14
6 5 12 2 14
5 6 3 11 36
6 5 3 11 36
5 6 11 3 36
6 5 11 3 36
5 6 4 10 66
6 5 4 10 66
5 6 10 4 66
6 5 10 4 66
5 6 5 9 104
6 5 5 9 104
5 6 9 5 104
6 5 9 5 104
5 6 6 8 131
6 5 6 8 131
5 6 8 6 131
6 5 8 6 131
5 6 7 7 142
6 5 7 7 142
3 8 0 14 0
8 3 0 14 0
3 8 14 0 0
8 3 14 0 0
4 7 0 14 0
7 4 0 14 0
4 7 14 0 0
7 4 14 0 0
5 6 0 14 0
6 5 0 14 0
5 6 14 0 0
6 5 14 0 0
