7 31 20 30 0
31 7 20 30 0
7 31 30 20 0
31 7 30 20 0
7 31 21 29 0
31 7 21 29 0
7 31 29 21 0
31 7 29 21 0
7 31 22 28 0
31 7 22 28 0
7 31 28 22 0
31 7 28 22 0
7 31 23 27 0
31 7 23 27 0
7 31 27 23 0
31 7 27 23 0
7 31 24 26 0
31 7 24 26 0
7 31 26 24 0
31 7 26 24 0
7 31 25 25 0
31 7 25 25 0
8 30 20 30 0
30 8 20 30 0
8 30 30 20 0
30 8 30 20 0
8 30 21 29 0
30 8 21 29 0
8 30 29 21 0
30 8 29 21 0
8 30 22 28 0
30 8 22 28 0
8 30 28 22 0
30 8 28 22 0
8 30 23 27 0
30 8 23 27 0
8 30 27 23 0
30 8 27 23 0
8 30 24 26 0
30 8 24 26 0
8 30 26 24 0
30 8 26 24 0
8 30 25 25 0
30 8 25 25 0
9 29 20 30 0
29 9 20 30 0
9 29 30 20 0
29 9 30 20 0
9 29 21 29 0
29 9 21 29 0
9 29 29 21 0
29 9 29 21 0
9 29 22 28 0
29 9 22 28 0
9 29 28 22 0
29 9 28 22 0
9 29 23 27 0
29 9 23 27 0
9 29 27 23 0
29 9 27 23 0
9 29 24 26 0
29 9 24 26 0
9 29 26 24 0
29 9 26 24 0
9 29 25 25 0
29 9 25 25 0
10 28 20 30 0
28 10 20 30 0
10 28 30 20 0
28 10 30 20 0
10 28 21 29 0
28 10 21 29 0
10 28 29 21 0
28 10 29 21 0
10 28 22 28 0
28 10 22 28 0
10 28 28 22 0
28 10 28 22 0
10 28 23 27 0
28 10 23 27 0
10 28 27 23 0
28 10 27 23 0
10 28 24 26 0
28 10 24 26 0
10 28 26 24 0
28 10 26 24 0
10 28 25 25 0
28 10 25 25 0
11 27 20 30 0
27 11 20 30 0
11 27 30 20 0
27 11 30 20 0
11 27 21 29 0
27 11 21 29 0
11 27 29 21 0
27 11 29 21 0
11 27 22 28 1
27 11 22 28 1
11 27 28 22 1
27 11 28 22 1
11 27 23 27 1
27 11 23 27 1
11 27 27 23 1
27 11 27 23 1
11 27 24 26 2
27 11 24 26 2
11 27 26 24 2
27 11 26 24 2
11 27 25 25 2
27 11 25 25 2
12 26 20 30 1
26 12 20 30 1
12 26 30 20 1
26 12 30 20 1
12 26 21 29 4
26 12 21 29 4
12 26 29 21 4
26 12 29 21 4
12 26 22 28 9
26 12 22 28 9
12 26 28 22 9
26 12 28 22 9
12 26 23 27 14
26 12 23 27 14
12 26 27 23 14
26 12 27 23 14
12 26 24 26 19
26 12 24 26 19
12 26 26 24 19
26 12 26 24 19
12 26 25 25 21
26 12 25 25 21
13 25 20 30 12
25 13 20 30 12
13 25 30 20 12
25 13 30 20 12
13 25 21 29 27
25 13 21 29 27
13 25 29 21 27
25 13 29 21 27
13 25 22 28 50
25 13 22 28 50
13 25 28 22 50
25 13 28 22 50
13 25 23 27 72
25 13 23 27 72
13 25 27 23 72
25 13 27 23 72
13 25 24 26 92
25 13 24 26 92
13 25 26 24 92
25 13 26 24 92
13 25 25 25 99
25 13 25 25 99
8 30 17 33 0
30 8 17 33 0
8 30 33 17 0
30 8 33 17 0
8 30 18 32 0
30 8 18 32 0
8 30 32 18 0
30 8 32 18 0
8 30 19 31 0
30 8 19 31 0
8 30 31 19 0
30 8 31 19 0
9 29 17 33 0
29 9 17 33 0
9 29 33 17 0
29 9 33 17 0
9 29 18 32 0
29 9 18 32 0
9 29 32 18 0
29 9 32 18 0
9 29 19 31 0
29 9 19 31 0
9 29 31 19 0
29 9 31 19 0
10 28 17 33 0
28 10 17 33 0
10 28 33 17 0
28 10 33 17 0
10 28 18 32 0
28 10 18 32 0
10 28 32 18 0
28 10 32 18 0
10 28 19 31 0
28 10 19 31 0
10 28 31 19 0
28 10 31 19 0
11 27 17 33 0
27 11 17 33 0
11 27 33 17 0
27 11 33 17 0
11 27 18 32 0
27 11 18 32 0
11 27 32 18 0
27 11 32 18 0
11 27 19 31 0
27 11 19 31 0
11 27 31 19 0
27 11 31 19 0
12 26 17 33 0
26 12 17 33 0
12 26 33 17 0
26 12 33 17 0
12 26 18 32 0
26 12 18 32 0
12 26 32 18 0
26 12 32 18 0
12 26 19 31 0
26 12 19 31 0
12 26 31 19 0
26 12 31 19 0
13 25 17 33 0
25 13 17 33 0
13 25 33 17 0
25 13 33 17 0
13 25 18 32 1
25 13 18 32 1
13 25 32 18 1
25 13 32 18 1
13 25 19 31 4
25 13 19 31 4
13 25 31 19 4
25 13 31 19 4
9 29 16 34 0
29 9 16 34 0
9 29 34 16 0
29 9 34 16 0
10 28 16 34 0
28 10 16 34 0
10 28 34 16 0
28 10 34 16 0
11 27 16 34 0
27 11 16 34 0
11 27 34 16 0
27 11 34 16 0
12 26 16 34 0
26 12 16 34 0
12 26 34 16 0
26 12 34 16 0
13 25 16 34 0
25 13 16 34 0
13 25 34 16 0
25 13 34 16 0
14 24 16 34 0
24 14 16 34 0
14 24 34 16 0
24 14 34 16 0
14 24 17 33 1
24 14 17 33 1
14 24 33 17 1
24 14 33 17 1
14 24 18 32 6
24 14 18 32 6
14 24 32 18 6
24 14 32 18 6
14 24 19 31 21
24 14 19 31 21
14 24 31 19 21
24 14 31 19 21
14 24 20 30 51
24 14 20 30 51
14 24 30 20 51
24 14 30 20 51
14 24 21 29 102
24 14 21 29 102
14 24 29 21 102
24 14 29 21 102
14 24 22 28 170
24 14 22 28 170
14 24 28 22 170
24 14 28 22 170
14 24 23 27 239
24 14 23 27 239
14 24 27 23 239
24 14 27 23 239
14 24 24 26 293
24 14 24 26 293
14 24 26 24 293
24 14 26 24 293
14 24 25 25 315
24 14 25 25 315
15 23 17 33 5
23 15 17 33 5
15 23 33 17 5
23 15 33 17 5
15 23 18 32 22
23 15 18 32 22
15 23 32 18 22
23 15 32 18 22
15 23 19 31 63
23 15 19 31 63
15 23 31 19 63
23 15 31 19 63
15 23 20 30 142
23 15 20 30 142
15 23 30 20 142
23 15 30 20 142
15 23 21 29 264
23 15 21 29 264
15 23 29 21 264
23 15 29 21 264
15 23 22 28 422
23 15 22 28 422
15 23 28 22 422
23 15 28 22 422
15 23 23 27 577
23 15 23 27 577
15 23 27 23 577
23 15 27 23 577
15 23 24 26 698
23 15 24 26 698
15 23 26 24 698
23 15 26 24 698
15 23 25 25 742
23 15 25 25 742
10 28 14 36 0
28 10 14 36 0
10 28 36 14 0
28 10 36 14 0
10 28 15 35 0
28 10 15 35 0
10 28 35 15 0
28 10 35 15 0
11 27 14 36 0
27 11 14 36 0
11 27 36 14 0
27 11 36 14 0
11 27 15 35 0
27 11 15 35 0
11 27 35 15 0
27 11 35 15 0
12 26 14 36 0
26 12 14 36 0
12 26 36 14 0
26 12 36 14 0
12 26 15 35 0
26 12 15 35 0
12 26 35 15 0
26 12 35 15 0
13 25 14 36 0
25 13 14 36 0
13 25 36 14 0
25 13 36 14 0
13 25 15 35 0
25 13 15 35 0
13 25 35 15 0
25 13 35 15 0
14 24 14 36 0
24 14 14 36 0
14 24 36 14 0
24 14 36 14 0
14 24 15 35 0
24 14 15 35 0
14 24 35 15 0
24 14 35 15 0
15 23 14 36 0
23 15 14 36 0
15 23 36 14 0
23 15 36 14 0
15 23 15 35 0
23 15 15 35 0
15 23 35 15 0
23 15 35 15 0
15 23 16 34 1
23 15 16 34 1
15 23 34 16 1
23 15 34 16 1
16 22 14 36 0
22 16 14 36 0
16 22 36 14 0
22 16 36 14 0
16 22 15 35 0
22 16 15 35 0
16 22 35 15 0
22 16 35 15 0
16 22 16 34 3
22 16 16 34 3
16 22 34 16 3
22 16 34 16 3
16 22 17 33 15
22 16 17 33 15
16 22 33 17 15
22 16 33 17 15
16 22 18 32 53
22 16 18 32 53
16 22 32 18 53
22 16 32 18 53
16 22 19 31 140
22 16 19 31 140
16 22 31 19 140
22 16 31 19 140
16 22 20 30 296
22 16 20 30 296
16 22 30 20 296
22 16 30 20 296
16 22 21 29 530
22 16 21 29 530
16 22 29 21 530
22 16 29 21 530
16 22 22 28 819
22 16 22 28 819
16 22 28 22 819
22 16 28 22 819
16 22 23 27 1104
22 16 23 27 1104
16 22 27 23 1104
22 16 27 23 1104
16 22 24 26 1318
22 16 24 26 1318
16 22 26 24 1318
22 16 26 24 1318
16 22 25 25 1399
22 16 25 25 1399
17 21 16 34 6
21 17 16 34 6
17 21 34 16 6
21 17 34 16 6
17 21 17 33 28
21 17 17 33 28
17 21 33 17 28
21 17 33 17 28
17 21 18 32 94
21 17 18 32 94
17 21 32 18 94
21 17 32 18 94
17 21 19 31 235
21 17 19 31 235
17 21 31 19 235
21 17 31 19 235
17 21 20 30 484
21 17 20 30 484
17 21 30 20 484
21 17 30 20 484
17 21 21 29 844
21 17 21 29 844
17 21 29 21 844
21 17 29 21 844
17 21 22 28 1285
21 17 22 28 1285
17 21 28 22 1285
21 17 28 22 1285
17 21 23 27 1712
21 17 23 27 1712
17 21 27 23 1712
21 17 27 23 1712
17 21 24 26 2034
21 17 24 26 2034
17 21 26 24 2034
21 17 26 24 2034
17 21 25 25 2151
21 17 25 25 2151
12 26 13 37 0
26 12 13 37 0
12 26 37 13 0
26 12 37 13 0
13 25 13 37 0
25 13 13 37 0
13 25 37 13 0
25 13 37 13 0
14 24 13 37 0
24 14 13 37 0
14 24 37 13 0
24 14 37 13 0
15 23 13 37 0
23 15 13 37 0
15 23 37 13 0
23 15 37 13 0
16 22 13 37 0
22 16 13 37 0
16 22 37 13 0
22 16 37 13 0
17 21 13 37 0
21 17 13 37 0
17 21 37 13 0
21 17 37 13 0
17 21 14 36 0
21 17 14 36 0
17 21 36 14 0
21 17 36 14 0
17 21 15 35 0
21 17 15 35 0
17 21 35 15 0
21 17 35 15 0
18 20 14 36 0
20 18 14 36 0
18 20 36 14 0
20 18 36 14 0
18 20 15 35 1
20 18 15 35 1
18 20 35 15 1
20 18 35 15 1
18 20 16 34 10
20 18 16 34 10
18 20 34 16 10
20 18 34 16 10
18 20 17 33 43
20 18 17 33 43
18 20 33 17 43
20 18 33 17 43
18 20 18 32 133
20 18 18 32 133
18 20 32 18 133
20 18 32 18 133
18 20 19 31 323
20 18 19 31 323
18 20 31 19 323
20 18 31 19 323
18 20 20 30 648
20 18 20 30 648
18 20 30 20 648
20 18 30 20 648
18 20 21 29 1116
20 18 21 29 1116
18 20 29 21 1116
20 18 29 21 1116
18 20 22 28 1677
20 18 22 28 1677
18 20 28 22 1677
20 18 28 22 1677
18 20 23 27 2224
20 18 23 27 2224
18 20 27 23 2224
20 18 27 23 2224
18 20 24 26 2628
20 18 24 26 2628
18 20 26 24 2628
20 18 26 24 2628
18 20 25 25 2779
20 18 25 25 2779
19 19 17 33 47
19 19 33 17 47
19 19 18 32 147
19 19 32 18 147
19 19 19 31 354
19 19 31 19 354
19 19 20 30 710
19 19 30 20 710
19 19 21 29 1216
19 19 29 21 1216
19 19 22 28 1826
19 19 28 22 1826
19 19 23 27 2415
19 19 27 23 2415
19 19 24 26 2854
19 19 26 24 2854
19 19 25 25 3014
19 19 14 36 0
19 19 36 14 0
19 19 15 35 1
19 19 35 15 1
19 19 16 34 11
19 19 34 16 11
11 27 13 37 0
27 11 13 37 0
11 27 37 13 0
27 11 37 13 0
12 26 12 38 0
26 12 12 38 0
12 26 38 12 0
26 12 38 12 0
13 25 12 38 0
25 13 12 38 0
13 25 38 12 0
25 13 38 12 0
14 24 12 38 0
24 14 12 38 0
14 24 38 12 0
24 14 38 12 0
15 23 12 38 0
23 15 12 38 0
15 23 38 12 0
23 15 38 12 0
16 22 12 38 0
22 16 12 38 0
16 22 38 12 0
22 16 38 12 0
17 21 12 38 0
21 17 12 38 0
17 21 38 12 0
21 17 38 12 0
13 25 11 39 0
25 13 11 39 0
13 25 39 11 0
25 13 39 11 0
14 24 11 39 0
24 14 11 39 0
14 24 39 11 0
24 14 39 11 0
15 23 11 39 0
23 15 11 39 0
15 23 39 11 0
23 15 39 11 0
16 22 11 39 0
22 16 11 39 0
16 22 39 11 0
22 16 39 11 0
17 21 11 39 0
21 17 11 39 0
17 21 39 11 0
21 17 39 11 0
18 20 11 39 0
20 18 11 39 0
18 20 39 11 0
20 18 39 11 0
18 20 12 38 0
20 18 12 38 0
18 20 38 12 0
20 18 38 12 0
18 20 13 37 0
20 18 13 37 0
18 20 37 13 0
20 18 37 13 0
19 19 12 38 0
19 19 38 12 0
19 19 13 37 0
19 19 37 13 0
19 19 11 39 0
19 19 39 11 0
15 23 10 40 0
23 15 10 40 0
15 23 40 10 0
23 15 40 10 0
16 22 10 40 0
22 16 10 40 0
16 22 40 10 0
22 16 40 10 0
17 21 10 40 0
21 17 10 40 0
17 21 40 10 0
21 17 40 10 0
18 20 10 40 0
20 18 10 40 0
18 20 40 10 0
20 18 40 10 0
19 19 10 40 0
19 19 40 10 0
