3 23 13 21 0
23 3 13 21 0
3 23 21 13 0
23 3 21 13 0
3 23 14 20 0
23 3 14 20 0
3 23 20 14 0
23 3 20 14 0
3 23 15 19 0
23 3 15 19 0
3 23 19 15 0
23 3 19 15 0
4 22 13 21 0
22 4 13 21 0
4 22 21 13 0
22 4 21 13 0
4 22 14 20 0
22 4 14 20 0
4 22 20 14 0
22 4 20 14 0
4 22 15 19 0
22 4 15 19 0
4 22 19 15 0
22 4 19 15 0
5 21 13 21 0
21 5 13 21 0
5 21 21 13 0
21 5 21 13 0
5 21 14 20 0
21 5 14 20 0
5 21 20 14 0
21 5 20 14 0
5 21 15 19 0
21 5 15 19 0
5 21 19 15 0
21 5 19 15 0
3 23 16 18 0
23 3 16 18 0
3 23 18 16 0
23 3 18 16 0
4 22 16 18 0
22 4 16 18 0
4 22 18 16 0
22 4 18 16 0
5 21 16 18 0
21 5 16 18 0
5 21 18 16 0
21 5 18 16 0
3 23 17 17 0
23 3 17 17 0
4 22 17 17 0
22 4 17 17 0
5 21 17 17 0
21 5 17 17 0
4 22 11 23 0
22 4 11 23 0
4 22 23 11 0
22 4 23 11 0
4 22 12 22 0
22 4 12 22 0
4 22 22 12 0
22 4 22 12 0
5 21 11 23 0
21 5 11 23 0
5 21 23 11 0
21 5 23 11 0
5 21 12 22 0
21 5 12 22 0
5 21 22 12 0
21 5 22 12 0
6 20 11 23 0
20 6 11 23 0
6 20 23 11 0
20 6 23 11 0
6 20 12 22 0
20 6 12 22 0
6 20 22 12 0
20 6 22 12 0
6 20 13 21 0
20 6 13 21 0
6 20 21 13 0
20 6 21 13 0
6 20 14 20 0
20 6 14 20 0
6 20 20 14 0
20 6 20 14 0
6 20 15 19 0
20 6 15 19 0
6 20 19 15 0
20 6 19 15 0
6 20 16 18 0
20 6 16 18 0
6 20 18 16 0
20 6 18 16 0
6 20 17 17 0
20 6 17 17 0
7 19 11 23 0
19 7 11 23 0
7 19 23 11 0
19 7 23 11 0
7 19 12 22 0
19 7 12 22 0
7 19 22 12 0
19 7 22 12 0
7 19 13 21 0
19 7 13 21 0
7 19 21 13 0
19 7 21 13 0
7 19 14 20 0
19 7 14 20 0
7 19 20 14 0
19 7 20 14 0
7 19 15 19 0
19 7 15 19 0
7 19 19 15 0
19 7 19 15 0
7 19 16 18 0
19 7 16 18 0
7 19 18 16 0
19 7 18 16 0
7 19 17 17 0
19 7 17 17 0
6 20 10 24 0
20 6 10 24 0
6 20 24 10 0
20 6 24 10 0
7 19 10 24 0
19 7 10 24 0
7 19 24 10 0
19 7 24 10 0
8 18 10 24 0
18 8 10 24 0
8 18 24 10 0
18 8 24 10 0
8 18 11 23 0
18 8 11 23 0
8 18 23 11 0
18 8 23 11 0
8 18 12 22 0
18 8 12 22 0
8 18 22 12 0
18 8 22 12 0
8 18 13 21 0
18 8 13 21 0
8 18 21 13 0
18 8 21 13 0
8 18 14 20 0
18 8 14 20 0
8 18 20 14 0
18 8 20 14 0
8 18 15 19 0
18 8 15 19 0
8 18 19 15 0
18 8 19 15 0
8 18 16 18 0
18 8 16 18 0
8 18 18 16 0
18 8 18 16 0
8 18 17 17 0
18 8 17 17 0
9 17 11 23 2
17 9 11 23 2
9 17 23 11 2
17 9 23 11 2
9 17 12 22 2
17 9 12 22 2
9 17 22 12 2
17 9 22 12 2
9 17 13 21 3
17 9 13 21 3
9 17 21 13 3
17 9 21 13 3
9 17 14 20 3
17 9 14 20 3
9 17 20 14 3
17 9 20 14 3
9 17 15 19 4
17 9 15 19 4
9 17 19 15 4
17 9 19 15 4
9 17 16 18 4
17 9 16 18 4
9 17 18 16 4
17 9 18 16 4
9 17 17 17 5
17 9 17 17 5
10 16 11 23 4
16 10 11 23 4
10 16 23 11 4
16 10 23 11 4
10 16 12 22 5
16 10 12 22 5
10 16 22 12 5
16 10 22 12 5
10 16 13 21 7
16 10 13 21 7
10 16 21 13 7
16 10 21 13 7
10 16 14 20 8
16 10 14 20 8
10 16 20 14 8
16 10 20 14 8
10 16 15 19 10
16 10 15 19 10
10 16 19 15 10
16 10 19 15 10
10 16 16 18 11
16 10 16 18 11
10 16 18 16 11
16 10 18 16 11
10 16 17 17 12
16 10 17 17 12
11 15 13 21 11
15 11 13 21 11
11 15 21 13 11
15 11 21 13 11
11 15 14 20 13
15 11 14 20 13
11 15 20 14 13
15 11 20 14 13
11 15 15 19 17
15 11 15 19 17
11 15 19 15 17
15 11 19 15 17
11 15 16 18 18
15 11 16 18 18
11 15 18 16 18
15 11 18 16 18
11 15 17 17 20
15 11 17 17 20
5 21 9 25 0
21 5 9 25 0
5 21 25 9 0
21 5 25 9 0
5 21 10 24 0
21 5 10 24 0
5 21 24 10 0
21 5 24 10 0
6 20 9 25 0
20 6 9 25 0
6 20 25 9 0
20 6 25 9 0
7 19 9 25 0
19 7 9 25 0
7 19 25 9 0
19 7 25 9 0
8 18 9 25 0
18 8 9 25 0
8 18 25 9 0
18 8 25 9 0
6 20 8 26 0
20 6 8 26 0
6 20 26 8 0
20 6 26 8 0
7 19 8 26 0
19 7 8 26 0
7 19 26 8 0
19 7 26 8 0
8 18 8 26 0
18 8 8 26 0
8 18 26 8 0
18 8 26 8 0
7 19 7 27 0
19 7 7 27 0
7 19 27 7 0
19 7 27 7 0
8 18 7 27 0
18 8 7 27 0
8 18 27 7 0
18 8 27 7 0
9 17 7 27 0
17 9 7 27 0
9 17 27 7 0
17 9 27 7 0
9 17 8 26 0
17 9 8 26 0
9 17 26 8 0
17 9 26 8 0
9 17 9 25 1
17 9 9 25 1
9 17 25 9 1
17 9 25 9 1
9 17 10 24 1
17 9 10 24 1
9 17 24 10 1
17 9 24 10 1
10 16 8 26 0
16 10 8 26 0
10 16 26 8 0
16 10 26 8 0
10 16 9 25 1
16 10 9 25 1
10 16 25 9 1
16 10 25 9 1
10 16 10 24 2
16 10 10 24 2
10 16 24 10 2
16 10 24 10 2
10 16 7 27 0
16 10 7 27 0
10 16 27 7 0
16 10 27 7 0
11 15 7 27 0
15 11 7 27 0
11 15 27 7 0
15 11 27 7 0
11 15 8 26 0
15 11 8 26 0
11 15 26 8 0
15 11 26 8 0
11 15 9 25 1
15 11 9 25 1
11 15 25 9 1
15 11 25 9 1
11 15 10 24 2
15 11 10 24 2
11 15 24 10 2
15 11 24 10 2
11 15 11 23 5
15 11 11 23 5
11 15 23 11 5
15 11 23 11 5
11 15 12 22 7
15 11 12 22 7
11 15 22 12 7
15 11 22 12 7
12 14 9 25 1
14 12 9 25 1
12 14 25 9 1
14 12 25 9 1
12 14 10 24 2
14 12 10 24 2
12 14 24 10 2
14 12 24 10 2
12 14 11 23 5
14 12 11 23 5
12 14 23 11 5
14 12 23 11 5
12 14 12 22 8
14 12 12 22 8
12 14 22 12 8
14 12 22 12 8
12 14 13 21 13
14 12 13 21 13
12 14 21 13 13
14 12 21 13 13
12 14 14 20 17
14 12 14 20 17
12 14 20 14 17
14 12 20 14 17
12 14 15 19 22
14 12 15 19 22
12 14 19 15 22
14 12 19 15 22
12 14 16 18 24
14 12 16 18 24
12 14 18 16 24
14 12 18 16 24
12 14 17 17 26
14 12 17 17 26
12 14 8 26 0
14 12 8 26 0
12 14 26 8 0
14 12 26 8 0
13 13 9 25 1
13 13 25 9 1
13 13 10 24 2
13 13 24 10 2
13 13 11 23 5
13 13 23 11 5
13 13 12 22 8
13 13 22 12 8
13 13 13 21 14
13 13 21 13 14
13 13 14 20 18
13 13 20 14 18
13 13 15 19 24
13 13 19 15 24
13 13 16 18 26
13 13 18 16 26
13 13 17 17 29
8 18 6 28 0
18 8 6 28 0
8 18 28 6 0
18 8 28 6 0
9 17 6 28 0
17 9 6 28 0
9 17 28 6 0
17 9 28 6 0
10 16 6 28 0
16 10 6 28 0
10 16 28 6 0
16 10 28 6 0
9 17 5 29 0
17 9 5 29 0
9 17 29 5 0
17 9 29 5 0
10 16 5 29 0
16 10 5 29 0
10 16 29 5 0
16 10 29 5 0
11 15 5 29 0
15 11 5 29 0
11 15 29 5 0
15 11 29 5 0
11 15 6 28 0
15 11 6 28 0
11 15 28 6 0
15 11 28 6 0
12 14 5 29 0
14 12 5 29 0
12 14 29 5 0
14 12 29 5 0
12 14 6 28 0
14 12 6 28 0
12 14 28 6 0
14 12 28 6 0
12 14 7 27 0
14 12 7 27 0
12 14 27 7 0
14 12 27 7 0
13 13 7 27 0
13 13 27 7 0
13 13 8 26 0
13 13 26 8 0
13 13 5 29 0
13 13 29 5 0
13 13 6 28 0
13 13 28 6 0
12 14 4 30 0
14 12 4 30 0
12 14 30 4 0
14 12 30 4 0
13 13 4 30 0
13 13 30 4 0
