4 28 16 26 0
28 4 16 26 0
4 28 26 16 0
28 4 26 16 0
4 28 17 25 0
28 4 17 25 0
4 28 25 17 0
28 4 25 17 0
4 28 18 24 0
28 4 18 24 0
4 28 24 18 0
28 4 24 18 0
4 28 19 23 0
28 4 19 23 0
4 28 23 19 0
28 4 23 19 0
4 28 20 22 0
28 4 20 22 0
4 28 22 20 0
28 4 22 20 0
4 28 21 21 0
28 4 21 21 0
5 27 16 26 0
27 5 16 26 0
5 27 26 16 0
27 5 26 16 0
5 27 17 25 0
27 5 17 25 0
5 27 25 17 0
27 5 25 17 0
5 27 18 24 0
27 5 18 24 0
5 27 24 18 0
27 5 24 18 0
5 27 19 23 0
27 5 19 23 0
5 27 23 19 0
27 5 23 19 0
5 27 20 22 0
27 5 20 22 0
5 27 22 20 0
27 5 22 20 0
5 27 21 21 0
27 5 21 21 0
6 26 16 26 0
26 6 16 26 0
6 26 26 16 0
26 6 26 16 0
6 26 17 25 0
26 6 17 25 0
6 26 25 17 0
26 6 25 17 0
6 26 18 24 0
26 6 18 24 0
6 26 24 18 0
26 6 24 18 0
6 26 19 23 0
26 6 19 23 0
6 26 23 19 0
26 6 23 19 0
6 26 20 22 0
26 6 20 22 0
6 26 22 20 0
26 6 22 20 0
6 26 21 21 0
26 6 21 21 0
7 25 16 26 0
25 7 16 26 0
7 25 26 16 0
25 7 26 16 0
7 25 17 25 0
25 7 17 25 0
7 25 25 17 0
25 7 25 17 0
7 25 18 24 0
25 7 18 24 0
7 25 24 18 0
25 7 24 18 0
7 25 19 23 1
25 7 19 23 1
7 25 23 19 1
25 7 23 19 1
7 25 20 22 1
25 7 20 22 1
7 25 22 20 1
25 7 22 20 1
7 25 21 21 1
25 7 21 21 1
8 24 16 26 1
24 8 16 26 1
8 24 26 16 1
24 8 26 16 1
8 24 17 25 2
24 8 17 25 2
8 24 25 17 2
24 8 25 17 2
8 24 18 24 4
24 8 18 24 4
8 24 24 18 4
24 8 24 18 4
8 24 19 23 8
24 8 19 23 8
8 24 23 19 8
24 8 23 19 8
8 24 20 22 11
24 8 20 22 11
8 24 22 20 11
24 8 22 20 11
8 24 21 21 11
24 8 21 21 11
9 23 16 26 7
23 9 16 26 7
9 23 26 16 7
23 9 26 16 7
9 23 17 25 16
23 9 17 25 16
9 23 25 17 16
23 9 25 17 16
9 23 18 24 28
23 9 18 24 28
9 23 24 18 28
23 9 24 18 28
9 23 19 23 44
23 9 19 23 44
9 23 23 19 44
23 9 23 19 44
9 23 20 22 55
23 9 20 22 55
9 23 22 20 55
23 9 22 20 55
9 23 21 21 59
23 9 21 21 59
5 27 13 29 0
27 5 13 29 0
5 27 29 13 0
27 5 29 13 0
5 27 14 28 0
27 5 14 28 0
5 27 28 14 0
27 5 28 14 0
5 27 15 27 0
27 5 15 27 0
5 27 27 15 0
27 5 27 15 0
6 26 13 29 0
26 6 13 29 0
6 26 29 13 0
26 6 29 13 0
6 26 14 28 0
26 6 14 28 0
6 26 28 14 0
26 6 28 14 0
6 26 15 27 0
26 6 15 27 0
6 26 27 15 0
26 6 27 15 0
7 25 13 29 0
25 7 13 29 0
7 25 29 13 0
25 7 29 13 0
7 25 14 28 0
25 7 14 28 0
7 25 28 14 0
25 7 28 14 0
7 25 15 27 0
25 7 15 27 0
7 25 27 15 0
25 7 27 15 0
8 24 13 29 0
24 8 13 29 0
8 24 29 13 0
24 8 29 13 0
8 24 14 28 0
24 8 14 28 0
8 24 28 14 0
24 8 28 14 0
8 24 15 27 0
24 8 15 27 0
8 24 27 15 0
24 8 27 15 0
9 23 13 29 0
23 9 13 29 0
9 23 29 13 0
23 9 29 13 0
9 23 14 28 0
23 9 14 28 0
9 23 28 14 0
23 9 28 14 0
9 23 15 27 2
23 9 15 27 2
9 23 27 15 2
23 9 27 15 2
10 22 13 29 1
22 10 13 29 1
10 22 29 13 1
22 10 29 13 1
10 22 14 28 4
22 10 14 28 4
10 22 28 14 4
22 10 28 14 4
10 22 15 27 13
22 10 15 27 13
10 22 27 15 13
22 10 27 15 13
10 22 16 26 34
22 10 16 26 34
10 22 26 16 34
22 10 26 16 34
10 22 17 25 67
22 10 17 25 67
10 22 25 17 67
22 10 25 17 67
10 22 18 24 111
22 10 18 24 111
10 22 24 18 111
22 10 24 18 111
10 22 19 23 159
22 10 19 23 159
10 22 23 19 159
22 10 23 19 159
10 22 20 22 196
22 10 20 22 196
10 22 22 20 196
22 10 22 20 196
10 22 21 21 208
22 10 21 21 208
11 21 13 29 4
21 11 13 29 4
11 21 29 13 4
21 11 29 13 4
11 21 14 28 16
21 11 14 28 16
11 21 28 14 16
21 11 28 14 16
11 21 15 27 47
21 11 15 27 47
11 21 27 15 47
21 11 27 15 47
11 21 16 26 106
21 11 16 26 106
11 21 26 16 106
21 11 26 16 106
11 21 17 25 198
21 11 17 25 198
11 21 25 17 198
21 11 25 17 198
11 21 18 24 311
21 11 18 24 311
11 21 24 18 311
21 11 24 18 311
11 21 19 23 431
21 11 19 23 431
11 21 23 19 431
21 11 23 19 431
11 21 20 22 518
21 11 20 22 518
11 21 22 20 518
21 11 22 20 518
11 21 21 21 551
21 11 21 21 551
6 26 12 30 0
26 6 12 30 0
6 26 30 12 0
26 6 30 12 0
7 25 12 30 0
25 7 12 30 0
7 25 30 12 0
25 7 30 12 0
8 24 12 30 0
24 8 12 30 0
8 24 30 12 0
24 8 30 12 0
9 23 12 30 0
23 9 12 30 0
9 23 30 12 0
23 9 30 12 0
10 22 12 30 0
22 10 12 30 0
10 22 30 12 0
22 10 30 12 0
11 21 12 30 0
21 11 12 30 0
11 21 30 12 0
21 11 30 12 0
7 25 11 31 0
25 7 11 31 0
7 25 31 11 0
25 7 31 11 0
8 24 11 31 0
24 8 11 31 0
8 24 31 11 0
24 8 31 11 0
9 23 11 31 0
23 9 11 31 0
9 23 31 11 0
23 9 31 11 0
10 22 11 31 0
22 10 11 31 0
10 22 31 11 0
22 10 31 11 0
11 21 11 31 0
21 11 11 31 0
11 21 31 11 0
21 11 31 11 0
12 20 11 31 0
20 12 11 31 0
12 20 31 11 0
20 12 31 11 0
12 20 12 30 2
20 12 12 30 2
12 20 30 12 2
20 12 30 12 2
12 20 13 29 13
20 12 13 29 13
12 20 29 13 13
20 12 29 13 13
12 20 14 28 46
20 12 14 28 46
12 20 28 14 46
20 12 28 14 46
12 20 15 27 119
20 12 15 27 119
12 20 27 15 119
20 12 27 15 119
12 20 16 26 252
20 12 16 26 252
12 20 26 16 252
20 12 26 16 252
12 20 17 25 446
20 12 17 25 446
12 20 25 17 446
20 12 25 17 446
12 20 18 24 684
20 12 18 24 684
12 20 24 18 684
20 12 24 18 684
12 20 19 23 921
20 12 19 23 921
12 20 23 19 921
20 12 23 19 921
12 20 20 22 1098
20 12 20 22 1098
12 20 22 20 1098
20 12 22 20 1098
12 20 21 21 1161
20 12 21 21 1161
13 19 12 30 7
19 13 12 30 7
13 19 30 12 7
19 13 30 12 7
13 19 13 29 32
19 13 13 29 32
13 19 29 13 32
19 13 29 13 32
13 19 14 28 98
19 13 14 28 98
13 19 28 14 98
19 13 28 14 98
13 19 15 27 238
19 13 15 27 238
13 19 27 15 238
19 13 27 15 238
13 19 16 26 477
19 13 16 26 477
13 19 26 16 477
19 13 26 16 477
13 19 17 25 820
19 13 17 25 820
13 19 25 17 820
19 13 25 17 820
13 19 18 24 1226
19 13 18 24 1226
13 19 24 18 1226
19 13 24 18 1226
13 19 19 23 1629
19 13 19 23 1629
13 19 23 19 1629
19 13 23 19 1629
13 19 20 22 1922
19 13 20 22 1922
13 19 22 20 1922
19 13 22 20 1922
13 19 21 21 2031
19 13 21 21 2031
13 19 11 31 1
19 13 11 31 1
13 19 31 11 1
19 13 31 11 1
14 18 11 31 2
18 14 11 31 2
14 18 31 11 2
18 14 31 11 2
14 18 12 30 14
18 14 12 30 14
14 18 30 12 14
18 14 30 12 14
14 18 13 29 56
18 14 13 29 56
14 18 29 13 56
18 14 29 13 56
14 18 14 28 163
18 14 14 28 163
14 18 28 14 163
18 14 28 14 163
14 18 15 27 377
18 14 15 27 377
14 18 27 15 377
18 14 27 15 377
14 18 16 26 738
18 14 16 26 738
14 18 26 16 738
18 14 26 16 738
14 18 17 25 1240
18 14 17 25 1240
14 18 25 17 1240
18 14 25 17 1240
14 18 18 24 1833
18 14 18 24 1833
14 18 24 18 1833
18 14 24 18 1833
14 18 19 23 2408
18 14 19 23 2408
14 18 23 19 2408
18 14 23 19 2408
14 18 20 22 2831
18 14 20 22 2831
14 18 22 20 2831
18 14 22 20 2831
14 18 21 21 2982
18 14 21 21 2982
15 17 13 29 80
17 15 13 29 80
15 17 29 13 80
17 15 29 13 80
15 17 14 28 220
17 15 14 28 220
15 17 28 14 220
17 15 28 14 220
15 17 15 27 499
17 15 15 27 499
15 17 27 15 499
17 15 27 15 499
15 17 16 26 955
17 15 16 26 955
15 17 26 16 955
17 15 26 16 955
15 17 17 25 1589
17 15 17 25 1589
15 17 25 17 1589
17 15 25 17 1589
15 17 18 24 2325
17 15 18 24 2325
15 17 24 18 2325
17 15 24 18 2325
15 17 19 23 3042
17 15 19 23 3042
15 17 23 19 3042
17 15 23 19 3042
15 17 20 22 3559
17 15 20 22 3559
15 17 22 20 3559
17 15 22 20 3559
15 17 21 21 3750
17 15 21 21 3750
15 17 12 30 21
17 15 12 30 21
15 17 30 12 21
17 15 30 12 21
16 16 13 29 87
16 16 29 13 87
16 16 14 28 241
16 16 28 14 241
16 16 15 27 542
16 16 27 15 542
16 16 16 26 1037
16 16 26 16 1037
16 16 17 25 1717
16 16 25 17 1717
16 16 18 24 2511
16 16 24 18 2511
16 16 19 23 3276
16 16 23 19 3276
16 16 20 22 3834
16 16 22 20 3834
16 16 21 21 4034
7 25 10 32 0
25 7 10 32 0
7 25 32 10 0
25 7 32 10 0
8 24 10 32 0
24 8 10 32 0
8 24 32 10 0
24 8 32 10 0
9 23 10 32 0
23 9 10 32 0
9 23 32 10 0
23 9 32 10 0
10 22 10 32 0
22 10 10 32 0
10 22 32 10 0
22 10 32 10 0
11 21 10 32 0
21 11 10 32 0
11 21 32 10 0
21 11 32 10 0
12 20 10 32 0
20 12 10 32 0
12 20 32 10 0
20 12 32 10 0
8 24 9 33 0
24 8 9 33 0
8 24 33 9 0
24 8 33 9 0
9 23 9 33 0
23 9 9 33 0
9 23 33 9 0
23 9 33 9 0
10 22 9 33 0
22 10 9 33 0
10 22 33 9 0
22 10 33 9 0
11 21 9 33 0
21 11 9 33 0
11 21 33 9 0
21 11 33 9 0
12 20 9 33 0
20 12 9 33 0
12 20 33 9 0
20 12 33 9 0
13 19 9 33 0
19 13 9 33 0
13 19 33 9 0
19 13 33 9 0
13 19 10 32 0
19 13 10 32 0
13 19 32 10 0
19 13 32 10 0
14 18 10 32 0
18 14 10 32 0
14 18 32 10 0
18 14 32 10 0
9 23 8 34 0
23 9 8 34 0
9 23 34 8 0
23 9 34 8 0
10 22 8 34 0
22 10 8 34 0
10 22 34 8 0
22 10 34 8 0
11 21 8 34 0
21 11 8 34 0
11 21 34 8 0
21 11 34 8 0
12 20 8 34 0
20 12 8 34 0
12 20 34 8 0
20 12 34 8 0
13 19 8 34 0
19 13 8 34 0
13 19 34 8 0
19 13 34 8 0
14 18 8 34 0
18 14 8 34 0
14 18 34 8 0
18 14 34 8 0
14 18 9 33 0
18 14 9 33 0
14 18 33 9 0
18 14 33 9 0
15 17 8 34 0
17 15 8 34 0
15 17 34 8 0
17 15 34 8 0
15 17 9 33 0
17 15 9 33 0
15 17 33 9 0
17 15 33 9 0
15 17 10 32 0
17 15 10 32 0
15 17 32 10 0
17 15 32 10 0
15 17 11 31 4
17 15 11 31 4
15 17 31 11 4
17 15 31 11 4
16 16 10 32 0
16 16 32 10 0
16 16 11 31 4
16 16 31 11 4
16 16 12 30 23
16 16 30 12 23
16 16 8 34 0
16 16 34 8 0
16 16 9 33 0
16 16 33 9 0
10 22 7 35 0
22 10 7 35 0
10 22 35 7 0
22 10 35 7 0
11 21 7 35 0
21 11 7 35 0
11 21 35 7 0
21 11 35 7 0
12 20 7 35 0
20 12 7 35 0
12 20 35 7 0
20 12 35 7 0
13 19 7 35 0
19 13 7 35 0
13 19 35 7 0
19 13 35 7 0
14 18 7 35 0
18 14 7 35 0
14 18 35 7 0
18 14 35 7 0
15 17 7 35 0
17 15 7 35 0
15 17 35 7 0
17 15 35 7 0
16 16 7 35 0
16 16 35 7 0
12 20 6 36 0
20 12 6 36 0
12 20 36 6 0
20 12 36 6 0
13 19 6 36 0
19 13 6 36 0
13 19 36 6 0
19 13 36 6 0
14 18 6 36 0
18 14 6 36 0
14 18 36 6 0
18 14 36 6 0
15 17 6 36 0
17 15 6 36 0
15 17 36 6 0
17 15 36 6 0
16 16 6 36 0
16 16 36 6 0
