2 21 11 19 0
21 2 11 19 0
2 21 19 11 0
21 2 19 11 0
2 21 12 18 0
21 2 12 18 0
2 21 18 12 0
21 2 18 12 0
2 21 13 17 0
21 2 13 17 0
2 21 17 13 0
21 2 17 13 0
3 20 11 19 0
20 3 11 19 0
3 20 19 11 0
20 3 19 11 0
3 20 12 18 0
20 3 12 18 0
3 20 18 12 0
20 3 18 12 0
3 20 13 17 0
20 3 13 17 0
3 20 17 13 0
20 3 17 13 0
4 19 11 19 0
19 4 11 19 0
4 19 19 11 0
19 4 19 11 0
4 19 12 18 0
19 4 12 18 0
4 19 18 12 0
19 4 18 12 0
4 19 13 17 0
19 4 13 17 0
4 19 17 13 0
19 4 17 13 0
2 21 14 16 0
21 2 14 16 0
2 21 16 14 0
21 2 16 14 0
3 20 14 16 0
20 3 14 16 0
3 20 16 14 0
20 3 16 14 0
4 19 14 16 0
19 4 14 16 0
4 19 16 14 0
19 4 16 14 0
2 21 15 15 0
21 2 15 15 0
3 20 15 15 0
20 3 15 15 0
4 19 15 15 0
19 4 15 15 0
3 20 10 20 0
20 3 10 20 0
3 20 20 10 0
20 3 20 10 0
4 19 10 20 0
19 4 10 20 0
4 19 20 10 0
19 4 20 10 0
5 18 10 20 0
18 5 10 20 0
5 18 20 10 0
18 5 20 10 0
5 18 11 19 0
18 5 11 19 0
5 18 19 11 0
18 5 19 11 0
5 18 12 18 0
18 5 12 18 0
5 18 18 12 0
18 5 18 12 0
5 18 13 17 0
18 5 13 17 0
5 18 17 13 0
18 5 17 13 0
5 18 14 16 0
18 5 14 16 0
5 18 16 14 0
18 5 16 14 0
5 18 15 15 0
18 5 15 15 0
6 17 10 20 0
17 6 10 20 0
6 17 20 10 0
17 6 20 10 0
6 17 11 19 0
17 6 11 19 0
6 17 19 11 0
17 6 19 11 0
6 17 12 18 0
17 6 12 18 0
6 17 18 12 0
17 6 18 12 0
6 17 13 17 0
17 6 13 17 0
6 17 17 13 0
17 6 17 13 0
6 17 14 16 0
17 6 14 16 0
6 17 16 14 0
17 6 16 14 0
6 17 15 15 0
17 6 15 15 0
7 16 10 20 5
16 7 10 20 5
7 16 20 10 5
16 7 20 10 5
7 16 11 19 7
16 7 11 19 7
7 16 19 11 7
16 7 19 11 7
7 16 12 18 8
16 7 12 18 8
7 16 18 12 8
16 7 18 12 8
7 16 13 17 10
16 7 13 17 10
7 16 17 13 10
16 7 17 13 10
7 16 14 16 11
16 7 14 16 11
7 16 16 14 11
16 7 16 14 11
7 16 15 15 12
16 7 15 15 12
8 15 11 19 23
15 8 11 19 23
8 15 19 11 23
15 8 19 11 23
8 15 12 18 28
15 8 12 18 28
8 15 18 12 28
15 8 18 12 28
8 15 13 17 35
15 8 13 17 35
8 15 17 13 35
15 8 17 13 35
8 15 14 16 39
15 8 14 16 39
8 15 16 14 39
15 8 16 14 39
8 15 15 15 42
15 8 15 15 42
3 20 9 21 0
20 3 9 21 0
3 20 21 9 0
20 3 21 9 0
4 19 9 21 0
19 4 9 21 0
4 19 21 9 0
19 4 21 9 0
5 18 9 21 0
18 5 9 21 0
5 18 21 9 0
18 5 21 9 0
4 19 7 23 0
19 4 7 23 0
4 19 23 7 0
19 4 23 7 0
4 19 8 22 0
19 4 8 22 0
4 19 22 8 0
19 4 22 8 0
5 18 7 23 0
18 5 7 23 0
5 18 23 7 0
18 5 23 7 0
5 18 8 22 0
18 5 8 22 0
5 18 22 8 0
18 5 22 8 0
6 17 7 23 0
17 6 7 23 0
6 17 23 7 0
17 6 23 7 0
6 17 8 22 0
17 6 8 22 0
6 17 22 8 0
17 6 22 8 0
6 17 9 21 0
17 6 9 21 0
6 17 21 9 0
17 6 21 9 0
7 16 7 23 1
16 7 7 23 1
7 16 23 7 1
16 7 23 7 1
7 16 8 22 2
16 7 8 22 2
7 16 22 8 2
16 7 22 8 2
7 16 9 21 4
16 7 9 21 4
7 16 21 9 4
16 7 21 9 4
6 17 6 24 0
17 6 6 24 0
6 17 24 6 0
17 6 24 6 0
7 16 6 24 0
16 7 6 24 0
7 16 24 6 0
16 7 24 6 0
8 15 6 24 0
15 8 6 24 0
8 15 24 6 0
15 8 24 6 0
8 15 7 23 2
15 8 7 23 2
8 15 23 7 2
15 8 23 7 2
8 15 8 22 5
15 8 8 22 5
8 15 22 8 5
15 8 22 8 5
8 15 9 21 11
15 8 9 21 11
8 15 21 9 11
15 8 21 9 11
8 15 10 20 16
15 8 10 20 16
8 15 20 10 16
15 8 20 10 16
9 14 7 23 3
14 9 7 23 3
9 14 23 7 3
14 9 23 7 3
9 14 8 22 8
14 9 8 22 8
9 14 22 8 8
14 9 22 8 8
9 14 9 21 19
14 9 9 21 19
9 14 21 9 19
14 9 21 9 19
9 14 10 20 30
14 9 10 20 30
9 14 20 10 30
14 9 20 10 30
9 14 11 19 46
14 9 11 19 46
9 14 19 11 46
14 9 19 11 46
9 14 12 18 59
14 9 12 18 59
9 14 18 12 59
14 9 18 12 59
9 14 13 17 75
14 9 13 17 75
9 14 17 13 75
14 9 17 13 75
9 14 14 16 84
14 9 14 16 84
9 14 16 14 84
14 9 16 14 84
9 14 15 15 90
14 9 15 15 90
10 13 7 23 3
13 10 7 23 3
10 13 23 7 3
13 10 23 7 3
10 13 8 22 9
13 10 8 22 9
10 13 22 8 9
13 10 22 8 9
10 13 9 21 23
13 10 9 21 23
10 13 21 9 23
13 10 21 9 23
10 13 10 20 40
13 10 10 20 40
10 13 20 10 40
13 10 20 10 40
10 13 11 19 65
13 10 11 19 65
10 13 19 11 65
13 10 19 11 65
10 13 12 18 88
13 10 12 18 88
10 13 18 12 88
13 10 18 12 88
10 13 13 17 114
13 10 13 17 114
10 13 17 13 114
13 10 17 13 114
10 13 14 16 129
13 10 14 16 129
10 13 16 14 129
13 10 16 14 129
10 13 15 15 138
13 10 15 15 138
11 12 9 21 24
12 11 9 21 24
11 12 21 9 24
12 11 21 9 24
11 12 10 20 44
12 11 10 20 44
11 12 20 10 44
12 11 20 10 44
11 12 11 19 75
12 11 11 19 75
11 12 19 11 75
12 11 19 11 75
11 12 12 18 105
12 11 12 18 105
11 12 18 12 105
12 11 18 12 105
11 12 13 17 138
12 11 13 17 138
11 12 17 13 138
12 11 17 13 138
11 12 14 16 157
12 11 14 16 157
11 12 16 14 157
12 11 16 14 157
11 12 15 15 168
12 11 15 15 168
5 18 6 24 0
18 5 6 24 0
5 18 24 6 0
18 5 24 6 0
6 17 5 25 0
17 6 5 25 0
6 17 25 5 0
17 6 25 5 0
7 16 5 25 0
16 7 5 25 0
7 16 25 5 0
16 7 25 5 0
8 15 5 25 0
15 8 5 25 0
8 15 25 5 0
15 8 25 5 0
7 16 4 26 0
16 7 4 26 0
7 16 26 4 0
16 7 26 4 0
8 15 4 26 0
15 8 4 26 0
8 15 26 4 0
15 8 26 4 0
9 14 4 26 0
14 9 4 26 0
9 14 26 4 0
14 9 26 4 0
9 14 5 25 0
14 9 5 25 0
9 14 25 5 0
14 9 25 5 0
9 14 6 24 0
14 9 6 24 0
9 14 24 6 0
14 9 24 6 0
10 13 5 25 0
13 10 5 25 0
10 13 25 5 0
13 10 25 5 0
10 13 6 24 0
13 10 6 24 0
10 13 24 6 0
13 10 24 6 0
10 13 4 26 0
13 10 4 26 0
10 13 26 4 0
13 10 26 4 0
11 12 4 26 0
12 11 4 26 0
11 12 26 4 0
12 11 26 4 0
11 12 5 25 0
12 11 5 25 0
11 12 25 5 0
12 11 25 5 0
11 12 6 24 0
12 11 6 24 0
11 12 24 6 0
12 11 24 6 0
11 12 7 23 3
12 11 7 23 3
11 12 23 7 3
12 11 23 7 3
11 12 8 22 9
12 11 8 22 9
11 12 22 8 9
12 11 22 8 9
9 14 3 27 0
14 9 3 27 0
9 14 27 3 0
14 9 27 3 0
10 13 3 27 0
13 10 3 27 0
10 13 27 3 0
13 10 27 3 0
11 12 3 27 0
12 11 3 27 0
11 12 27 3 0
12 11 27 3 0
