9 32 21 33 0
32 9 21 33 0
9 32 33 21 0
32 9 33 21 0
9 32 22 32 0
32 9 22 32 0
9 32 32 22 0
32 9 32 22 0
9 32 23 31 0
32 9 23 31 0
9 32 31 23 0
32 9 31 23 0
9 32 24 30 0
32 9 24 30 0
9 32 30 24 0
32 9 30 24 0
9 32 25 29 0
32 9 25 29 0
9 32 29 25 0
32 9 29 25 0
9 32 26 28 0
32 9 26 28 0
9 32 28 26 0
32 9 28 26 0
9 32 27 27 0
32 9 27 27 0
10 31 21 33 0
31 10 21 33 0
10 31 33 21 0
31 10 33 21 0
10 31 22 32 0
31 10 22 32 0
10 31 32 22 0
31 10 32 22 0
10 31 23 31 0
31 10 23 31 0
10 31 31 23 0
31 10 31 23 0
10 31 24 30 0
31 10 24 30 0
10 31 30 24 0
31 10 30 24 0
10 31 25 29 0
31 10 25 29 0
10 31 29 25 0
31 10 29 25 0
10 31 26 28 0
31 10 26 28 0
10 31 28 26 0
31 10 28 26 0
10 31 27 27 0
31 10 27 27 0
11 30 21 33 0
30 11 21 33 0
11 30 33 21 0
30 11 33 21 0
11 30 22 32 0
30 11 22 32 0
11 30 32 22 0
30 11 32 22 0
11 30 23 31 0
30 11 23 31 0
11 30 31 23 0
30 11 31 23 0
11 30 24 30 0
30 11 24 30 0
11 30 30 24 0
30 11 30 24 0
11 30 25 29 0
30 11 25 29 0
11 30 29 25 0
30 11 29 25 0
11 30 26 28 0
30 11 26 28 0
11 30 28 26 0
30 11 28 26 0
11 30 27 27 0
30 11 27 27 0
12 29 21 33 0
29 12 21 33 0
12 29 33 21 0
29 12 33 21 0
12 29 22 32 0
29 12 22 32 0
12 29 32 22 0
29 12 32 22 0
12 29 23 31 0
29 12 23 31 0
12 29 31 23 0
29 12 31 23 0
12 29 24 30 0
29 12 24 30 0
12 29 30 24 0
29 12 30 24 0
12 29 25 29 0
29 12 25 29 0
12 29 29 25 0
29 12 29 25 0
12 29 26 28 0
29 12 26 28 0
12 29 28 26 0
29 12 28 26 0
12 29 27 27 0
29 12 27 27 0
13 28 21 33 0
28 13 21 33 0
13 28 33 21 0
28 13 33 21 0
13 28 22 32 0
28 13 22 32 0
13 28 32 22 0
28 13 32 22 0
13 28 23 31 0
28 13 23 31 0
13 28 31 23 0
28 13 31 23 0
13 28 24 30 0
28 13 24 30 0
13 28 30 24 0
28 13 30 24 0
13 28 25 29 1
28 13 25 29 1
13 28 29 25 1
28 13 29 25 1
13 28 26 28 1
28 13 26 28 1
13 28 28 26 1
28 13 28 26 1
13 28 27 27 1
28 13 27 27 1
14 27 21 33 0
27 14 21 33 0
14 27 33 21 0
27 14 33 21 0
14 27 22 32 1
27 14 22 32 1
14 27 32 22 1
27 14 32 22 1
14 27 23 31 3
27 14 23 31 3
14 27 31 23 3
27 14 31 23 3
14 27 24 30 6
27 14 24 30 6
14 27 30 24 6
27 14 30 24 6
14 27 25 29 12
27 14 25 29 12
14 27 29 25 12
27 14 29 25 12
14 27 26 28 15
27 14 26 28 15
14 27 28 26 15
27 14 28 26 15
14 27 27 27 16
27 14 27 27 16
10 31 20 34 0
31 10 20 34 0
10 31 34 20 0
31 10 34 20 0
11 30 20 34 0
30 11 20 34 0
11 30 34 20 0
30 11 34 20 0
12 29 20 34 0
29 12 20 34 0
12 29 34 20 0
29 12 34 20 0
13 28 20 34 0
28 13 20 34 0
13 28 34 20 0
28 13 34 20 0
14 27 20 34 0
27 14 20 34 0
14 27 34 20 0
27 14 34 20 0
15 26 20 34 0
26 15 20 34 0
15 26 34 20 0
26 15 34 20 0
15 26 21 33 2
26 15 21 33 2
15 26 33 21 2
26 15 33 21 2
15 26 22 32 8
26 15 22 32 8
15 26 32 22 8
26 15 32 22 8
15 26 23 31 20
26 15 23 31 20
15 26 31 23 20
26 15 31 23 20
15 26 24 30 36
26 15 24 30 36
15 26 30 24 36
26 15 30 24 36
15 26 25 29 58
26 15 25 29 58
15 26 29 25 58
26 15 29 25 58
15 26 26 28 72
26 15 26 28 72
15 26 28 26 72
26 15 28 26 72
15 26 27 27 78
26 15 27 27 78
16 25 21 33 14
25 16 21 33 14
16 25 33 21 14
25 16 33 21 14
16 25 22 32 37
25 16 22 32 37
16 25 32 22 37
25 16 32 22 37
16 25 23 31 77
25 16 23 31 77
16 25 31 23 77
25 16 31 23 77
16 25 24 30 128
25 16 24 30 128
16 25 30 24 128
25 16 30 24 128
16 25 25 29 188
25 16 25 29 188
16 25 29 25 188
25 16 29 25 188
16 25 26 28 230
25 16 26 28 230
16 25 28 26 230
25 16 28 26 230
16 25 27 27 247
25 16 27 27 247
10 31 19 35 0
31 10 19 35 0
10 31 35 19 0
31 10 35 19 0
11 30 19 35 0
30 11 19 35 0
11 30 35 19 0
30 11 35 19 0
12 29 19 35 0
29 12 19 35 0
12 29 35 19 0
29 12 35 19 0
13 28 19 35 0
28 13 19 35 0
13 28 35 19 0
28 13 35 19 0
14 27 19 35 0
27 14 19 35 0
14 27 35 19 0
27 14 35 19 0
15 26 19 35 0
26 15 19 35 0
15 26 35 19 0
26 15 35 19 0
11 30 17 37 0
30 11 17 37 0
11 30 37 17 0
30 11 37 17 0
11 30 18 36 0
30 11 18 36 0
11 30 36 18 0
30 11 36 18 0
12 29 17 37 0
29 12 17 37 0
12 29 37 17 0
29 12 37 17 0
12 29 18 36 0
29 12 18 36 0
12 29 36 18 0
29 12 36 18 0
13 28 17 37 0
28 13 17 37 0
13 28 37 17 0
28 13 37 17 0
13 28 18 36 0
28 13 18 36 0
13 28 36 18 0
28 13 36 18 0
14 27 17 37 0
27 14 17 37 0
14 27 37 17 0
27 14 37 17 0
14 27 18 36 0
27 14 18 36 0
14 27 36 18 0
27 14 36 18 0
15 26 17 37 0
26 15 17 37 0
15 26 37 17 0
26 15 37 17 0
15 26 18 36 0
26 15 18 36 0
15 26 36 18 0
26 15 36 18 0
16 25 17 37 0
25 16 17 37 0
16 25 37 17 0
25 16 37 17 0
16 25 18 36 0
25 16 18 36 0
16 25 36 18 0
25 16 36 18 0
16 25 19 35 1
25 16 19 35 1
16 25 35 19 1
25 16 35 19 1
16 25 20 34 4
25 16 20 34 4
16 25 34 20 4
25 16 34 20 4
17 24 17 37 0
24 17 17 37 0
17 24 37 17 0
24 17 37 17 0
17 24 18 36 0
24 17 18 36 0
17 24 36 18 0
24 17 36 18 0
17 24 19 35 3
24 17 19 35 3
17 24 35 19 3
24 17 35 19 3
17 24 20 34 13
24 17 20 34 13
17 24 34 20 13
24 17 34 20 13
17 24 21 33 41
24 17 21 33 41
17 24 33 21 41
24 17 33 21 41
17 24 22 32 98
24 17 22 32 98
17 24 32 22 98
24 17 32 22 98
17 24 23 31 191
24 17 23 31 191
17 24 31 23 191
24 17 31 23 191
17 24 24 30 307
24 17 24 30 307
17 24 30 24 307
24 17 30 24 307
17 24 25 29 434
24 17 25 29 434
17 24 29 25 434
24 17 29 25 434
17 24 26 28 525
24 17 26 28 525
17 24 28 26 525
24 17 28 26 525
17 24 27 27 561
24 17 27 27 561
18 23 19 35 8
23 18 19 35 8
18 23 35 19 8
23 18 35 19 8
18 23 20 34 31
23 18 20 34 31
18 23 34 20 31
23 18 34 20 31
18 23 21 33 88
23 18 21 33 88
18 23 33 21 88
23 18 33 21 88
18 23 22 32 196
23 18 22 32 196
18 23 32 22 196
23 18 32 22 196
18 23 23 31 364
23 18 23 31 364
18 23 31 23 364
23 18 31 23 364
18 23 24 30 571
23 18 24 30 571
18 23 30 24 571
23 18 30 24 571
18 23 25 29 788
23 18 25 29 788
18 23 29 25 788
23 18 29 25 788
18 23 26 28 945
23 18 26 28 945
18 23 28 26 945
23 18 28 26 945
18 23 27 27 1006
23 18 27 27 1006
12 29 16 38 0
29 12 16 38 0
12 29 38 16 0
29 12 38 16 0
13 28 16 38 0
28 13 16 38 0
13 28 38 16 0
28 13 38 16 0
14 27 16 38 0
27 14 16 38 0
14 27 38 16 0
27 14 38 16 0
15 26 16 38 0
26 15 16 38 0
15 26 38 16 0
26 15 38 16 0
16 25 16 38 0
25 16 16 38 0
16 25 38 16 0
25 16 38 16 0
17 24 16 38 0
24 17 16 38 0
17 24 38 16 0
24 17 38 16 0
13 28 15 39 0
28 13 15 39 0
13 28 39 15 0
28 13 39 15 0
14 27 15 39 0
27 14 15 39 0
14 27 39 15 0
27 14 39 15 0
15 26 15 39 0
26 15 15 39 0
15 26 39 15 0
26 15 39 15 0
16 25 15 39 0
25 16 15 39 0
16 25 39 15 0
25 16 39 15 0
17 24 15 39 0
24 17 15 39 0
17 24 39 15 0
24 17 39 15 0
18 23 15 39 0
23 18 15 39 0
18 23 39 15 0
23 18 39 15 0
18 23 16 38 0
23 18 16 38 0
18 23 38 16 0
23 18 38 16 0
18 23 17 37 0
23 18 17 37 0
18 23 37 17 0
23 18 37 17 0
18 23 18 36 1
23 18 18 36 1
18 23 36 18 1
23 18 36 18 1
19 22 16 38 0
22 19 16 38 0
19 22 38 16 0
22 19 38 16 0
19 22 17 37 0
22 19 17 37 0
19 22 37 17 0
22 19 37 17 0
19 22 18 36 2
22 19 18 36 2
19 22 36 18 2
22 19 36 18 2
19 22 19 35 14
22 19 19 35 14
19 22 35 19 14
22 19 35 19 14
19 22 20 34 51
22 19 20 34 51
19 22 34 20 51
22 19 34 20 51
19 22 21 33 139
22 19 21 33 139
19 22 33 21 139
22 19 33 21 139
19 22 22 32 300
22 19 22 32 300
19 22 32 22 300
22 19 32 22 300
19 22 23 31 545
22 19 23 31 545
19 22 31 23 545
22 19 31 23 545
19 22 24 30 843
22 19 24 30 843
19 22 30 24 843
22 19 30 24 843
19 22 25 29 1150
22 19 25 29 1150
19 22 29 25 1150
22 19 29 25 1150
19 22 26 28 1372
22 19 26 28 1372
19 22 28 26 1372
22 19 28 26 1372
19 22 27 27 1458
22 19 27 27 1458
20 21 19 35 19
21 20 19 35 19
20 21 35 19 19
21 20 35 19 19
20 21 20 34 66
21 20 20 34 66
20 21 34 20 66
21 20 34 20 66
20 21 21 33 175
21 20 21 33 175
20 21 33 21 175
21 20 33 21 175
20 21 22 32 371
21 20 22 32 371
20 21 32 22 371
21 20 32 22 371
20 21 23 31 666
21 20 23 31 666
20 21 31 23 666
21 20 31 23 666
20 21 24 30 1022
21 20 24 30 1022
20 21 30 24 1022
21 20 30 24 1022
20 21 25 29 1386
21 20 25 29 1386
20 21 29 25 1386
21 20 29 25 1386
20 21 26 28 1649
21 20 26 28 1649
20 21 28 26 1649
21 20 28 26 1649
20 21 27 27 1751
21 20 27 27 1751
19 22 15 39 0
22 19 15 39 0
19 22 39 15 0
22 19 39 15 0
20 21 15 39 0
21 20 15 39 0
20 21 39 15 0
21 20 39 15 0
20 21 16 38 0
21 20 16 38 0
20 21 38 16 0
21 20 38 16 0
20 21 17 37 0
21 20 17 37 0
20 21 37 17 0
21 20 37 17 0
20 21 18 36 3
21 20 18 36 3
20 21 36 18 3
21 20 36 18 3
14 27 14 40 0
27 14 14 40 0
14 27 40 14 0
27 14 40 14 0
15 26 14 40 0
26 15 14 40 0
15 26 40 14 0
26 15 40 14 0
16 25 14 40 0
25 16 14 40 0
16 25 40 14 0
25 16 40 14 0
17 24 14 40 0
24 17 14 40 0
17 24 40 14 0
24 17 40 14 0
18 23 14 40 0
23 18 14 40 0
18 23 40 14 0
23 18 40 14 0
19 22 14 40 0
22 19 14 40 0
19 22 40 14 0
22 19 40 14 0
15 26 13 41 0
26 15 13 41 0
15 26 41 13 0
26 15 41 13 0
16 25 13 41 0
25 16 13 41 0
16 25 41 13 0
25 16 41 13 0
17 24 13 41 0
24 17 13 41 0
17 24 41 13 0
24 17 41 13 0
18 23 13 41 0
23 18 13 41 0
18 23 41 13 0
23 18 41 13 0
19 22 13 41 0
22 19 13 41 0
19 22 41 13 0
22 19 41 13 0
20 21 13 41 0
21 20 13 41 0
20 21 41 13 0
21 20 41 13 0
20 21 14 40 0
21 20 14 40 0
20 21 40 14 0
21 20 40 14 0
18 23 12 42 0
23 18 12 42 0
18 23 42 12 0
23 18 42 12 0
19 22 12 42 0
22 19 12 42 0
19 22 42 12 0
22 19 42 12 0
20 21 12 42 0
21 20 12 42 0
20 21 42 12 0
21 20 42 12 0
