1 19 10 16 0
19 1 10 16 0
1 19 16 10 0
19 1 16 10 0
1 19 11 15 0
19 1 11 15 0
1 19 15 11 0
19 1 15 11 0
1 19 12 14 0
19 1 12 14 0
1 19 14 12 0
19 1 14 12 0
2 18 10 16 0
18 2 10 16 0
2 18 16 10 0
18 2 16 10 0
2 18 11 15 0
18 2 11 15 0
2 18 15 11 0
18 2 15 11 0
2 18 12 14 0
18 2 12 14 0
2 18 14 12 0
18 2 14 12 0
3 17 10 16 0
17 3 10 16 0
3 17 16 10 0
17 3 16 10 0
3 17 11 15 0
17 3 11 15 0
3 17 15 11 0
17 3 15 11 0
3 17 12 14 0
17 3 12 14 0
3 17 14 12 0
17 3 14 12 0
1 19 13 13 0
19 1 13 13 0
2 18 13 13 0
18 2 13 13 0
3 17 13 13 0
17 3 13 13 0
4 16 10 16 2
16 4 10 16 2
4 16 16 10 2
16 4 16 10 2
4 16 11 15 3
16 4 11 15 3
4 16 15 11 3
16 4 15 11 3
4 16 12 14 3
16 4 12 14 3
4 16 14 12 3
16 4 14 12 3
4 16 13 13 4
16 4 13 13 4
5 15 10 16 15
15 5 10 16 15
5 15 16 10 15
15 5 16 10 15
5 15 11 15 20
15 5 11 15 20
5 15 15 11 20
15 5 15 11 20
5 15 12 14 24
15 5 12 14 24
5 15 14 12 24
15 5 14 12 24
5 15 13 13 25
15 5 13 13 25
2 18 7 19 0
18 2 7 19 0
2 18 19 7 0
18 2 19 7 0
2 18 8 18 0
18 2 8 18 0
2 18 18 8 0
18 2 18 8 0
2 18 9 17 0
18 2 9 17 0
2 18 17 9 0
18 2 17 9 0
3 17 7 19 0
17 3 7 19 0
3 17 19 7 0
17 3 19 7 0
3 17 8 18 0
17 3 8 18 0
3 17 18 8 0
17 3 18 8 0
3 17 9 17 0
17 3 9 17 0
3 17 17 9 0
17 3 17 9 0
4 16 7 19 0
16 4 7 19 0
4 16 19 7 0
16 4 19 7 0
4 16 8 18 0
16 4 8 18 0
4 16 18 8 0
16 4 18 8 0
4 16 9 17 1
16 4 9 17 1
4 16 17 9 1
16 4 17 9 1
3 17 6 20 0
17 3 6 20 0
3 17 20 6 0
17 3 20 6 0
4 16 6 20 0
16 4 6 20 0
4 16 20 6 0
16 4 20 6 0
5 15 6 20 1
15 5 6 20 1
5 15 20 6 1
15 5 20 6 1
5 15 7 19 2
15 5 7 19 2
5 15 19 7 2
15 5 19 7 2
5 15 8 18 5
15 5 8 18 5
5 15 18 8 5
15 5 18 8 5
5 15 9 17 9
15 5 9 17 9
5 15 17 9 9
15 5 17 9 9
6 14 6 20 4
14 6 6 20 4
6 14 20 6 4
14 6 20 6 4
6 14 7 19 10
14 6 7 19 10
6 14 19 7 10
14 6 19 7 10
6 14 8 18 20
14 6 8 18 20
6 14 18 8 20
14 6 18 8 20
6 14 9 17 36
14 6 9 17 36
6 14 17 9 36
14 6 17 9 36
6 14 10 16 54
14 6 10 16 54
6 14 16 10 54
14 6 16 10 54
6 14 11 15 73
14 6 11 15 73
6 14 15 11 73
14 6 15 11 73
6 14 12 14 85
14 6 12 14 85
6 14 14 12 85
14 6 14 12 85
6 14 13 13 91
14 6 13 13 91
7 13 6 20 9
13 7 6 20 9
7 13 20 6 9
13 7 20 6 9
7 13 7 19 23
13 7 7 19 23
7 13 19 7 23
13 7 19 7 23
7 13 8 18 48
13 7 8 18 48
7 13 18 8 48
13 7 18 8 48
7 13 9 17 83
13 7 9 17 83
7 13 17 9 83
13 7 17 9 83
7 13 10 16 126
13 7 10 16 126
7 13 16 10 126
13 7 16 10 126
7 13 11 15 167
13 7 11 15 167
7 13 15 11 167
13 7 15 11 167
7 13 12 14 198
13 7 12 14 198
7 13 14 12 198
13 7 14 12 198
7 13 13 13 209
13 7 13 13 209
8 12 7 19 40
12 8 7 19 40
8 12 19 7 40
12 8 19 7 40
8 12 8 18 82
12 8 8 18 82
8 12 18 8 82
12 8 18 8 82
8 12 9 17 145
12 8 9 17 145
8 12 17 9 145
12 8 17 9 145
8 12 10 16 217
12 8 10 16 217
8 12 16 10 217
12 8 16 10 217
8 12 11 15 291
12 8 11 15 291
8 12 15 11 291
12 8 15 11 291
8 12 12 14 342
12 8 12 14 342
8 12 14 12 342
12 8 14 12 342
8 12 13 13 364
12 8 13 13 364
4 16 4 22 0
16 4 4 22 0
4 16 22 4 0
16 4 22 4 0
4 16 5 21 0
16 4 5 21 0
4 16 21 5 0
16 4 21 5 0
5 15 4 22 0
15 5 4 22 0
5 15 22 4 0
15 5 22 4 0
5 15 5 21 0
15 5 5 21 0
5 15 21 5 0
15 5 21 5 0
6 14 4 22 0
14 6 4 22 0
6 14 22 4 0
14 6 22 4 0
6 14 5 21 1
14 6 5 21 1
6 14 21 5 1
14 6 21 5 1
7 13 4 22 0
13 7 4 22 0
7 13 22 4 0
13 7 22 4 0
7 13 5 21 2
13 7 5 21 2
7 13 21 5 2
13 7 21 5 2
6 14 3 23 0
14 6 3 23 0
6 14 23 3 0
14 6 23 3 0
7 13 3 23 0
13 7 3 23 0
7 13 23 3 0
13 7 23 3 0
8 12 3 23 0
12 8 3 23 0
8 12 23 3 0
12 8 23 3 0
8 12 4 22 0
12 8 4 22 0
8 12 22 4 0
12 8 22 4 0
8 12 5 21 4
12 8 5 21 4
8 12 21 5 4
12 8 21 5 4
8 12 6 20 15
12 8 6 20 15
8 12 20 6 15
12 8 20 6 15
9 11 4 22 1
11 9 4 22 1
9 11 22 4 1
11 9 22 4 1
9 11 5 21 6
11 9 5 21 6
9 11 21 5 6
11 9 21 5 6
9 11 6 20 22
11 9 6 20 22
9 11 20 6 22
11 9 20 6 22
9 11 7 19 55
11 9 7 19 55
9 11 19 7 55
11 9 19 7 55
9 11 8 18 114
11 9 8 18 114
9 11 18 8 114
11 9 18 8 114
9 11 9 17 198
11 9 9 17 198
9 11 17 9 198
11 9 17 9 198
9 11 10 16 300
11 9 10 16 300
9 11 16 10 300
11 9 16 10 300
9 11 11 15 398
11 9 11 15 398
9 11 15 11 398
11 9 15 11 398
9 11 12 14 471
11 9 12 14 471
9 11 14 12 471
11 9 14 12 471
9 11 13 13 497
11 9 13 13 497
10 10 4 22 1
10 10 22 4 1
10 10 5 21 7
10 10 21 5 7
10 10 6 20 24
10 10 20 6 24
10 10 7 19 62
10 10 19 7 62
10 10 8 18 126
10 10 18 8 126
10 10 9 17 221
10 10 17 9 221
10 10 10 16 332
10 10 16 10 332
10 10 11 15 443
10 10 15 11 443
10 10 12 14 521
10 10 14 12 521
10 10 13 13 553
7 13 2 24 0
13 7 2 24 0
7 13 24 2 0
13 7 24 2 0
8 12 2 24 0
12 8 2 24 0
8 12 24 2 0
12 8 24 2 0
9 11 2 24 0
11 9 2 24 0
9 11 24 2 0
11 9 24 2 0
9 11 3 23 0
11 9 3 23 0
9 11 23 3 0
11 9 23 3 0
10 10 3 23 0
10 10 23 3 0
10 10 2 24 0
10 10 24 2 0
