5 30 20 26 0
30 5 20 26 0
5 30 26 20 0
30 5 26 20 0
5 30 21 25 0
30 5 21 25 0
5 30 25 21 0
30 5 25 21 0
5 30 22 24 0
30 5 22 24 0
5 30 24 22 0
30 5 24 22 0
5 30 23 23 0
30 5 23 23 0
6 29 20 26 0
29 6 20 26 0
6 29 26 20 0
29 6 26 20 0
6 29 21 25 0
29 6 21 25 0
6 29 25 21 0
29 6 25 21 0
6 29 22 24 0
29 6 22 24 0
6 29 24 22 0
29 6 24 22 0
6 29 23 23 0
29 6 23 23 0
7 28 20 26 0
28 7 20 26 0
7 28 26 20 0
28 7 26 20 0
7 28 21 25 0
28 7 21 25 0
7 28 25 21 0
28 7 25 21 0
7 28 22 24 0
28 7 22 24 0
7 28 24 22 0
28 7 24 22 0
7 28 23 23 0
28 7 23 23 0
8 27 20 26 0
27 8 20 26 0
8 27 26 20 0
27 8 26 20 0
8 27 21 25 0
27 8 21 25 0
8 27 25 21 0
27 8 25 21 0
8 27 22 24 0
27 8 22 24 0
8 27 24 22 0
27 8 24 22 0
8 27 23 23 0
27 8 23 23 0
9 26 20 26 1
26 9 20 26 1
9 26 26 20 1
26 9 26 20 1
9 26 21 25 1
26 9 21 25 1
9 26 25 21 1
26 9 25 21 1
9 26 22 24 2
26 9 22 24 2
9 26 24 22 2
26 9 24 22 2
9 26 23 23 2
26 9 23 23 2
10 25 20 26 8
25 10 20 26 8
10 25 26 20 8
25 10 26 20 8
10 25 21 25 12
25 10 21 25 12
10 25 25 21 12
25 10 25 21 12
10 25 22 24 17
25 10 22 24 17
10 25 24 22 17
25 10 24 22 17
10 25 23 23 18
25 10 23 23 18
6 29 16 30 0
29 6 16 30 0
6 29 30 16 0
29 6 30 16 0
6 29 17 29 0
29 6 17 29 0
6 29 29 17 0
29 6 29 17 0
6 29 18 28 0
29 6 18 28 0
6 29 28 18 0
29 6 28 18 0
6 29 19 27 0
29 6 19 27 0
6 29 27 19 0
29 6 27 19 0
7 28 16 30 0
28 7 16 30 0
7 28 30 16 0
28 7 30 16 0
7 28 17 29 0
28 7 17 29 0
7 28 29 17 0
28 7 29 17 0
7 28 18 28 0
28 7 18 28 0
7 28 28 18 0
28 7 28 18 0
7 28 19 27 0
28 7 19 27 0
7 28 27 19 0
28 7 27 19 0
8 27 16 30 0
27 8 16 30 0
8 27 30 16 0
27 8 30 16 0
8 27 17 29 0
27 8 17 29 0
8 27 29 17 0
27 8 29 17 0
8 27 18 28 0
27 8 18 28 0
8 27 28 18 0
27 8 28 18 0
8 27 19 27 0
27 8 19 27 0
8 27 27 19 0
27 8 27 19 0
9 26 16 30 0
26 9 16 30 0
9 26 30 16 0
26 9 30 16 0
9 26 17 29 0
26 9 17 29 0
9 26 29 17 0
26 9 29 17 0
9 26 18 28 0
26 9 18 28 0
9 26 28 18 0
26 9 28 18 0
9 26 19 27 0
26 9 19 27 0
9 26 27 19 0
26 9 27 19 0
10 25 16 30 0
25 10 16 30 0
10 25 30 16 0
25 10 30 16 0
10 25 17 29 0
25 10 17 29 0
10 25 29 17 0
25 10 29 17 0
10 25 18 28 1
25 10 18 28 1
10 25 28 18 1
25 10 28 18 1
10 25 19 27 3
25 10 19 27 3
10 25 27 19 3
25 10 27 19 3
11 24 16 30 1
24 11 16 30 1
11 24 30 16 1
24 11 30 16 1
11 24 17 29 4
24 11 17 29 4
11 24 29 17 4
24 11 29 17 4
11 24 18 28 12
24 11 18 28 12
11 24 28 18 12
24 11 28 18 12
11 24 19 27 25
24 11 19 27 25
11 24 27 19 25
24 11 27 19 25
11 24 20 26 46
24 11 20 26 46
11 24 26 20 46
24 11 26 20 46
11 24 21 25 66
24 11 21 25 66
11 24 25 21 66
24 11 25 21 66
11 24 22 24 85
24 11 22 24 85
11 24 24 22 85
24 11 24 22 85
11 24 23 23 90
24 11 23 23 90
12 23 16 30 6
23 12 16 30 6
12 23 30 16 6
23 12 30 16 6
12 23 17 29 20
23 12 17 29 20
12 23 29 17 20
23 12 29 17 20
12 23 18 28 50
23 12 18 28 50
12 23 28 18 50
23 12 28 18 50
12 23 19 27 97
23 12 19 27 97
12 23 27 19 97
23 12 27 19 97
12 23 20 26 162
23 12 20 26 162
12 23 26 20 162
23 12 26 20 162
12 23 21 25 226
23 12 21 25 226
12 23 25 21 226
23 12 25 21 226
12 23 22 24 279
23 12 22 24 279
12 23 24 22 279
23 12 24 22 279
12 23 23 23 296
23 12 23 23 296
7 28 14 32 0
28 7 14 32 0
7 28 32 14 0
28 7 32 14 0
7 28 15 31 0
28 7 15 31 0
7 28 31 15 0
28 7 31 15 0
8 27 14 32 0
27 8 14 32 0
8 27 32 14 0
27 8 32 14 0
8 27 15 31 0
27 8 15 31 0
8 27 31 15 0
27 8 31 15 0
9 26 14 32 0
26 9 14 32 0
9 26 32 14 0
26 9 32 14 0
9 26 15 31 0
26 9 15 31 0
9 26 31 15 0
26 9 31 15 0
10 25 14 32 0
25 10 14 32 0
10 25 32 14 0
25 10 32 14 0
10 25 15 31 0
25 10 15 31 0
10 25 31 15 0
25 10 31 15 0
11 24 14 32 0
24 11 14 32 0
11 24 32 14 0
24 11 32 14 0
11 24 15 31 0
24 11 15 31 0
11 24 31 15 0
24 11 31 15 0
12 23 14 32 0
23 12 14 32 0
12 23 32 14 0
23 12 32 14 0
12 23 15 31 1
23 12 15 31 1
12 23 31 15 1
23 12 31 15 1
8 27 13 33 0
27 8 13 33 0
8 27 33 13 0
27 8 33 13 0
9 26 13 33 0
26 9 13 33 0
9 26 33 13 0
26 9 33 13 0
10 25 13 33 0
25 10 13 33 0
10 25 33 13 0
25 10 33 13 0
11 24 13 33 0
24 11 13 33 0
11 24 33 13 0
24 11 33 13 0
12 23 13 33 0
23 12 13 33 0
12 23 33 13 0
23 12 33 13 0
13 22 13 33 0
22 13 13 33 0
13 22 33 13 0
22 13 33 13 0
13 22 14 32 1
22 13 14 32 1
13 22 32 14 1
22 13 32 14 1
13 22 15 31 6
22 13 15 31 6
13 22 31 15 6
22 13 31 15 6
13 22 16 30 24
22 13 16 30 24
13 22 30 16 24
22 13 30 16 24
13 22 17 29 66
22 13 17 29 66
13 22 29 17 66
22 13 29 17 66
13 22 18 28 148
22 13 18 28 148
13 22 28 18 148
22 13 28 18 148
13 22 19 27 269
22 13 19 27 269
13 22 27 19 269
22 13 27 19 269
13 22 20 26 426
22 13 20 26 426
13 22 26 20 426
22 13 26 20 426
13 22 21 25 579
22 13 21 25 579
13 22 25 21 579
22 13 25 21 579
13 22 22 24 700
22 13 22 24 700
13 22 24 22 700
22 13 24 22 700
13 22 23 23 740
22 13 23 23 740
14 21 14 32 3
21 14 14 32 3
14 21 32 14 3
21 14 32 14 3
14 21 15 31 17
21 14 15 31 17
14 21 31 15 17
21 14 31 15 17
14 21 16 30 60
21 14 16 30 60
14 21 30 16 60
21 14 30 16 60
14 21 17 29 153
21 14 17 29 153
14 21 29 17 153
21 14 29 17 153
14 21 18 28 323
21 14 18 28 323
14 21 28 18 323
21 14 28 18 323
14 21 19 27 567
21 14 19 27 567
14 21 27 19 567
21 14 27 19 567
14 21 20 26 871
21 14 20 26 871
14 21 26 20 871
21 14 26 20 871
14 21 21 25 1165
21 14 21 25 1165
14 21 25 21 1165
21 14 25 21 1165
14 21 22 24 1391
21 14 22 24 1391
14 21 24 22 1391
21 14 24 22 1391
14 21 23 23 1468
21 14 23 23 1468
9 26 12 34 0
26 9 12 34 0
9 26 34 12 0
26 9 34 12 0
10 25 12 34 0
25 10 12 34 0
10 25 34 12 0
25 10 34 12 0
11 24 12 34 0
24 11 12 34 0
11 24 34 12 0
24 11 34 12 0
12 23 12 34 0
23 12 12 34 0
12 23 34 12 0
23 12 34 12 0
13 22 12 34 0
22 13 12 34 0
13 22 34 12 0
22 13 34 12 0
14 21 12 34 0
21 14 12 34 0
14 21 34 12 0
21 14 34 12 0
14 21 13 33 0
21 14 13 33 0
14 21 33 13 0
21 14 33 13 0
15 20 12 34 0
20 15 12 34 0
15 20 34 12 0
20 15 34 12 0
15 20 13 33 1
20 15 13 33 1
15 20 33 13 1
20 15 33 13 1
15 20 14 32 9
20 15 14 32 9
15 20 32 14 9
20 15 32 14 9
15 20 15 31 38
20 15 15 31 38
15 20 31 15 38
20 15 31 15 38
15 20 16 30 118
20 15 16 30 118
15 20 30 16 118
20 15 30 16 118
15 20 17 29 282
20 15 17 29 282
15 20 29 17 282
20 15 29 17 282
15 20 18 28 569
20 15 18 28 569
15 20 28 18 569
20 15 28 18 569
15 20 19 27 972
20 15 19 27 972
15 20 27 19 972
20 15 27 19 972
15 20 20 26 1463
20 15 20 26 1463
15 20 26 20 1463
20 15 26 20 1463
15 20 21 25 1933
20 15 21 25 1933
15 20 25 21 1933
20 15 25 21 1933
15 20 22 24 2289
20 15 22 24 2289
15 20 24 22 2289
20 15 24 22 2289
15 20 23 23 2412
20 15 23 23 2412
16 19 14 32 15
19 16 14 32 15
16 19 32 14 15
19 16 32 14 15
16 19 15 31 60
19 16 15 31 60
16 19 31 15 60
19 16 31 15 60
16 19 16 30 178
19 16 16 30 178
16 19 30 16 178
19 16 30 16 178
16 19 17 29 414
19 16 17 29 414
16 19 29 17 414
19 16 29 17 414
16 19 18 28 815
19 16 18 28 815
16 19 28 18 815
19 16 28 18 815
16 19 19 27 1372
19 16 19 27 1372
16 19 27 19 1372
19 16 27 19 1372
16 19 20 26 2040
19 16 20 26 2040
16 19 26 20 2040
19 16 26 20 2040
16 19 21 25 2677
19 16 21 25 2677
16 19 25 21 2677
19 16 25 21 2677
16 19 22 24 3155
19 16 22 24 3155
16 19 24 22 3155
19 16 24 22 3155
16 19 23 23 3322
19 16 23 23 3322
16 19 12 34 0
19 16 12 34 0
16 19 34 12 0
19 16 34 12 0
16 19 13 33 2
19 16 13 33 2
16 19 33 13 2
19 16 33 13 2
17 18 13 33 3
18 17 13 33 3
17 18 33 13 3
18 17 33 13 3
17 18 14 32 20
18 17 14 32 20
17 18 32 14 20
18 17 32 14 20
17 18 15 31 76
18 17 15 31 76
17 18 31 15 76
18 17 31 15 76
17 18 16 30 219
18 17 16 30 219
17 18 30 16 219
18 17 30 16 219
17 18 17 29 501
18 17 17 29 501
17 18 29 17 501
18 17 29 17 501
17 18 18 28 974
18 17 18 28 974
17 18 28 18 974
18 17 28 18 974
17 18 19 27 1627
18 17 19 27 1627
17 18 27 19 1627
18 17 27 19 1627
17 18 20 26 2405
18 17 20 26 2405
17 18 26 20 2405
18 17 26 20 2405
17 18 21 25 3145
18 17 21 25 3145
17 18 25 21 3145
18 17 25 21 3145
17 18 22 24 3698
18 17 22 24 3698
17 18 24 22 3698
18 17 24 22 3698
17 18 23 23 3892
18 17 23 23 3892
10 25 10 36 0
25 10 10 36 0
10 25 36 10 0
25 10 36 10 0
10 25 11 35 0
25 10 11 35 0
10 25 35 11 0
25 10 35 11 0
11 24 10 36 0
24 11 10 36 0
11 24 36 10 0
24 11 36 10 0
11 24 11 35 0
24 11 11 35 0
11 24 35 11 0
24 11 35 11 0
12 23 10 36 0
23 12 10 36 0
12 23 36 10 0
23 12 36 10 0
12 23 11 35 0
23 12 11 35 0
12 23 35 11 0
23 12 35 11 0
13 22 10 36 0
22 13 10 36 0
13 22 36 10 0
22 13 36 10 0
13 22 11 35 0
22 13 11 35 0
13 22 35 11 0
22 13 35 11 0
14 21 10 36 0
21 14 10 36 0
14 21 36 10 0
21 14 36 10 0
14 21 11 35 0
21 14 11 35 0
14 21 35 11 0
21 14 35 11 0
15 20 10 36 0
20 15 10 36 0
15 20 36 10 0
20 15 36 10 0
15 20 11 35 0
20 15 11 35 0
15 20 35 11 0
20 15 35 11 0
16 19 10 36 0
19 16 10 36 0
16 19 36 10 0
19 16 36 10 0
16 19 11 35 0
19 16 11 35 0
16 19 35 11 0
19 16 35 11 0
17 18 12 34 0
18 17 12 34 0
17 18 34 12 0
18 17 34 12 0
12 23 9 37 0
23 12 9 37 0
12 23 37 9 0
23 12 37 9 0
13 22 9 37 0
22 13 9 37 0
13 22 37 9 0
22 13 37 9 0
14 21 9 37 0
21 14 9 37 0
14 21 37 9 0
21 14 37 9 0
15 20 9 37 0
20 15 9 37 0
15 20 37 9 0
20 15 37 9 0
16 19 9 37 0
19 16 9 37 0
16 19 37 9 0
19 16 37 9 0
17 18 9 37 0
18 17 9 37 0
17 18 37 9 0
18 17 37 9 0
17 18 10 36 0
18 17 10 36 0
17 18 36 10 0
18 17 36 10 0
17 18 11 35 0
18 17 11 35 0
17 18 35 11 0
18 17 35 11 0
13 22 8 38 0
22 13 8 38 0
13 22 38 8 0
22 13 38 8 0
14 21 8 38 0
21 14 8 38 0
14 21 38 8 0
21 14 38 8 0
15 20 8 38 0
20 15 8 38 0
15 20 38 8 0
20 15 38 8 0
16 19 8 38 0
19 16 8 38 0
16 19 38 8 0
19 16 38 8 0
17 18 8 38 0
18 17 8 38 0
17 18 38 8 0
18 17 38 8 0
