11 33 23 35 0
33 11 23 35 0
11 33 35 23 0
33 11 35 23 0
11 33 24 34 0
33 11 24 34 0
11 33 34 24 0
33 11 34 24 0
11 33 25 33 0
33 11 25 33 0
11 33 33 25 0
33 11 33 25 0
11 33 26 32 0
33 11 26 32 0
11 33 32 26 0
33 11 32 26 0
11 33 27 31 0
33 11 27 31 0
11 33 31 27 0
33 11 31 27 0
11 33 28 30 0
33 11 28 30 0
11 33 30 28 0
33 11 30 28 0
11 33 29 29 0
33 11 29 29 0
12 32 23 35 0
32 12 23 35 0
12 32 35 23 0
32 12 35 23 0
12 32 24 34 0
32 12 24 34 0
12 32 34 24 0
32 12 34 24 0
12 32 25 33 0
32 12 25 33 0
12 32 33 25 0
32 12 33 25 0
12 32 26 32 0
32 12 26 32 0
12 32 32 26 0
32 12 32 26 0
12 32 27 31 0
32 12 27 31 0
12 32 31 27 0
32 12 31 27 0
12 32 28 30 0
32 12 28 30 0
12 32 30 28 0
32 12 30 28 0
12 32 29 29 0
32 12 29 29 0
13 31 23 35 0
31 13 23 35 0
13 31 35 23 0
31 13 35 23 0
13 31 24 34 0
31 13 24 34 0
13 31 34 24 0
31 13 34 24 0
13 31 25 33 0
31 13 25 33 0
13 31 33 25 0
31 13 33 25 0
13 31 26 32 0
31 13 26 32 0
13 31 32 26 0
31 13 32 26 0
13 31 27 31 0
31 13 27 31 0
13 31 31 27 0
31 13 31 27 0
13 31 28 30 0
31 13 28 30 0
13 31 30 28 0
31 13 30 28 0
13 31 29 29 0
31 13 29 29 0
14 30 23 35 0
30 14 23 35 0
14 30 35 23 0
30 14 35 23 0
14 30 24 34 0
30 14 24 34 0
14 30 34 24 0
30 14 34 24 0
14 30 25 33 0
30 14 25 33 0
14 30 33 25 0
30 14 33 25 0
14 30 26 32 0
30 14 26 32 0
14 30 32 26 0
30 14 32 26 0
14 30 27 31 0
30 14 27 31 0
14 30 31 27 0
30 14 31 27 0
14 30 28 30 0
30 14 28 30 0
14 30 30 28 0
30 14 30 28 0
14 30 29 29 0
30 14 29 29 0
15 29 23 35 0
29 15 23 35 0
15 29 35 23 0
29 15 35 23 0
15 29 24 34 0
29 15 24 34 0
15 29 34 24 0
29 15 34 24 0
15 29 25 33 0
29 15 25 33 0
15 29 33 25 0
29 15 33 25 0
15 29 26 32 0
29 15 26 32 0
15 29 32 26 0
29 15 32 26 0
15 29 27 31 0
29 15 27 31 0
15 29 31 27 0
29 15 31 27 0
15 29 28 30 0
29 15 28 30 0
15 29 30 28 0
29 15 30 28 0
15 29 29 29 1
29 15 29 29 1
16 28 23 35 0
28 16 23 35 0
16 28 35 23 0
28 16 35 23 0
16 28 24 34 0
28 16 24 34 0
16 28 34 24 0
28 16 34 24 0
16 28 25 33 1
28 16 25 33 1
16 28 33 25 1
28 16 33 25 1
16 28 26 32 3
28 16 26 32 3
16 28 32 26 3
28 16 32 26 3
16 28 27 31 5
28 16 27 31 5
16 28 31 27 5
28 16 31 27 5
16 28 28 30 7
28 16 28 30 7
16 28 30 28 7
28 16 30 28 7
16 28 29 29 9
28 16 29 29 9
12 32 21 37 0
32 12 21 37 0
12 32 37 21 0
32 12 37 21 0
12 32 22 36 0
32 12 22 36 0
12 32 36 22 0
32 12 36 22 0
13 31 21 37 0
31 13 21 37 0
13 31 37 21 0
31 13 37 21 0
13 31 22 36 0
31 13 22 36 0
13 31 36 22 0
31 13 36 22 0
14 30 21 37 0
30 14 21 37 0
14 30 37 21 0
30 14 37 21 0
14 30 22 36 0
30 14 22 36 0
14 30 36 22 0
30 14 36 22 0
15 29 21 37 0
29 15 21 37 0
15 29 37 21 0
29 15 37 21 0
15 29 22 36 0
29 15 22 36 0
15 29 36 22 0
29 15 36 22 0
16 28 21 37 0
28 16 21 37 0
16 28 37 21 0
28 16 37 21 0
16 28 22 36 0
28 16 22 36 0
16 28 36 22 0
28 16 36 22 0
17 27 21 37 0
27 17 21 37 0
17 27 37 21 0
27 17 37 21 0
17 27 22 36 0
27 17 22 36 0
17 27 36 22 0
27 17 36 22 0
17 27 23 35 1
27 17 23 35 1
17 27 35 23 1
27 17 35 23 1
17 27 24 34 3
27 17 24 34 3
17 27 34 24 3
27 17 34 24 3
17 27 25 33 10
27 17 25 33 10
17 27 33 25 10
27 17 33 25 10
17 27 26 32 20
27 17 26 32 20
17 27 32 26 20
27 17 32 26 20
17 27 27 31 32
27 17 27 31 32
17 27 31 27 32
27 17 31 27 32
17 27 28 30 41
27 17 28 30 41
17 27 30 28 41
27 17 30 28 41
17 27 29 29 47
27 17 29 29 47
18 26 21 37 0
26 18 21 37 0
18 26 37 21 0
26 18 37 21 0
18 26 22 36 1
26 18 22 36 1
18 26 36 22 1
26 18 36 22 1
18 26 23 35 6
26 18 23 35 6
18 26 35 23 6
26 18 35 23 6
18 26 24 34 17
26 18 24 34 17
18 26 34 24 17
26 18 34 24 17
18 26 25 33 39
26 18 25 33 39
18 26 33 25 39
26 18 33 25 39
18 26 26 32 71
26 18 26 32 71
18 26 32 26 71
26 18 32 26 71
18 26 27 31 105
26 18 27 31 105
18 26 31 27 105
26 18 31 27 105
18 26 28 30 132
26 18 28 30 132
18 26 30 28 132
26 18 30 28 132
18 26 29 29 144
26 18 29 29 144
19 25 23 35 19
25 19 23 35 19
19 25 35 23 19
25 19 35 23 19
19 25 24 34 48
25 19 24 34 48
19 25 34 24 48
25 19 34 24 48
19 25 25 33 100
25 19 25 33 100
19 25 33 25 100
25 19 33 25 100
19 25 26 32 169
25 19 26 32 169
19 25 32 26 169
25 19 32 26 169
19 25 27 31 243
25 19 27 31 243
19 25 31 27 243
25 19 31 27 243
19 25 28 30 299
25 19 28 30 299
19 25 30 28 299
25 19 30 28 299
19 25 29 29 323
25 19 29 29 323
13 31 19 39 0
31 13 19 39 0
13 31 39 19 0
31 13 39 19 0
13 31 20 38 0
31 13 20 38 0
13 31 38 20 0
31 13 38 20 0
14 30 19 39 0
30 14 19 39 0
14 30 39 19 0
30 14 39 19 0
14 30 20 38 0
30 14 20 38 0
14 30 38 20 0
30 14 38 20 0
15 29 19 39 0
29 15 19 39 0
15 29 39 19 0
29 15 39 19 0
15 29 20 38 0
29 15 20 38 0
15 29 38 20 0
29 15 38 20 0
16 28 19 39 0
28 16 19 39 0
16 28 39 19 0
28 16 39 19 0
16 28 20 38 0
28 16 20 38 0
16 28 38 20 0
28 16 38 20 0
17 27 19 39 0
27 17 19 39 0
17 27 39 19 0
27 17 39 19 0
17 27 20 38 0
27 17 20 38 0
17 27 38 20 0
27 17 38 20 0
18 26 19 39 0
26 18 19 39 0
18 26 39 19 0
26 18 39 19 0
18 26 20 38 0
26 18 20 38 0
18 26 38 20 0
26 18 38 20 0
14 30 18 40 0
30 14 18 40 0
14 30 40 18 0
30 14 40 18 0
15 29 18 40 0
29 15 18 40 0
15 29 40 18 0
29 15 40 18 0
16 28 18 40 0
28 16 18 40 0
16 28 40 18 0
28 16 40 18 0
17 27 18 40 0
27 17 18 40 0
17 27 40 18 0
27 17 40 18 0
18 26 18 40 0
26 18 18 40 0
18 26 40 18 0
26 18 40 18 0
19 25 18 40 0
25 19 18 40 0
19 25 40 18 0
25 19 40 18 0
19 25 19 39 0
25 19 19 39 0
19 25 39 19 0
25 19 39 19 0
19 25 20 38 0
25 19 20 38 0
19 25 38 20 0
25 19 38 20 0
19 25 21 37 1
25 19 21 37 1
19 25 37 21 1
25 19 37 21 1
19 25 22 36 5
25 19 22 36 5
19 25 36 22 5
25 19 36 22 5
20 24 19 39 0
24 20 19 39 0
20 24 39 19 0
24 20 39 19 0
20 24 20 38 0
24 20 20 38 0
20 24 38 20 0
24 20 38 20 0
20 24 21 37 2
24 20 21 37 2
20 24 37 21 2
24 20 37 21 2
20 24 22 36 11
24 20 22 36 11
20 24 36 22 11
24 20 36 22 11
20 24 23 35 37
24 20 23 35 37
20 24 35 23 37
24 20 35 23 37
20 24 24 34 91
24 20 24 34 91
20 24 34 24 91
24 20 34 24 91
20 24 25 33 180
24 20 25 33 180
20 24 33 25 180
24 20 33 25 180
20 24 26 32 297
24 20 26 32 297
20 24 32 26 297
24 20 32 26 297
20 24 27 31 418
24 20 27 31 418
20 24 31 27 418
24 20 31 27 418
20 24 28 30 511
24 20 28 30 511
20 24 30 28 511
24 20 30 28 511
20 24 29 29 547
24 20 29 29 547
21 23 22 36 18
23 21 22 36 18
21 23 36 22 18
23 21 36 22 18
21 23 23 35 57
23 21 23 35 57
21 23 35 23 57
23 21 35 23 57
21 23 24 34 133
23 21 24 34 133
21 23 34 24 133
23 21 34 24 133
21 23 25 33 257
23 21 25 33 257
21 23 33 25 257
23 21 33 25 257
21 23 26 32 414
23 21 26 32 414
21 23 32 26 414
23 21 32 26 414
21 23 27 31 578
23 21 27 31 578
21 23 31 27 578
23 21 31 27 578
21 23 28 30 700
23 21 28 30 700
21 23 30 28 700
23 21 30 28 700
21 23 29 29 749
23 21 29 29 749
15 29 17 41 0
29 15 17 41 0
15 29 41 17 0
29 15 41 17 0
16 28 17 41 0
28 16 17 41 0
16 28 41 17 0
28 16 41 17 0
17 27 17 41 0
27 17 17 41 0
17 27 41 17 0
27 17 41 17 0
18 26 17 41 0
26 18 17 41 0
18 26 41 17 0
26 18 41 17 0
19 25 17 41 0
25 19 17 41 0
19 25 41 17 0
25 19 41 17 0
20 24 17 41 0
24 20 17 41 0
20 24 41 17 0
24 20 41 17 0
20 24 18 40 0
24 20 18 40 0
20 24 40 18 0
24 20 40 18 0
21 23 17 41 0
23 21 17 41 0
21 23 41 17 0
23 21 41 17 0
21 23 18 40 0
23 21 18 40 0
21 23 40 18 0
23 21 40 18 0
21 23 19 39 0
23 21 19 39 0
21 23 39 19 0
23 21 39 19 0
21 23 20 38 0
23 21 20 38 0
21 23 38 20 0
23 21 38 20 0
21 23 21 37 4
23 21 21 37 4
21 23 37 21 4
23 21 37 21 4
22 22 19 39 0
22 22 39 19 0
22 22 20 38 0
22 22 38 20 0
22 22 21 37 4
22 22 37 21 4
22 22 22 36 20
22 22 36 22 20
22 22 23 35 63
22 22 35 23 63
22 22 24 34 148
22 22 34 24 148
22 22 25 33 284
22 22 33 25 284
22 22 26 32 458
22 22 32 26 458
22 22 27 31 637
22 22 31 27 637
22 22 28 30 772
22 22 30 28 772
22 22 29 29 824
22 22 17 41 0
22 22 41 17 0
22 22 18 40 0
22 22 40 18 0
16 28 16 42 0
28 16 16 42 0
16 28 42 16 0
28 16 42 16 0
17 27 16 42 0
27 17 16 42 0
17 27 42 16 0
27 17 42 16 0
18 26 16 42 0
26 18 16 42 0
18 26 42 16 0
26 18 42 16 0
19 25 16 42 0
25 19 16 42 0
19 25 42 16 0
25 19 42 16 0
20 24 16 42 0
24 20 16 42 0
20 24 42 16 0
24 20 42 16 0
21 23 16 42 0
23 21 16 42 0
21 23 42 16 0
23 21 42 16 0
22 22 16 42 0
22 22 42 16 0
18 26 15 43 0
26 18 15 43 0
18 26 43 15 0
26 18 43 15 0
19 25 15 43 0
25 19 15 43 0
19 25 43 15 0
25 19 43 15 0
20 24 15 43 0
24 20 15 43 0
20 24 43 15 0
24 20 43 15 0
21 23 15 43 0
23 21 15 43 0
21 23 43 15 0
23 21 43 15 0
22 22 15 43 0
22 22 43 15 0
