15 35 30 36 0
35 15 30 36 0
15 35 36 30 0
35 15 36 30 0
15 35 31 35 0
35 15 31 35 0
15 35 35 31 0
35 15 35 31 0
15 35 32 34 0
35 15 32 34 0
15 35 34 32 0
35 15 34 32 0
15 35 33 33 0
35 15 33 33 0
16 34 30 36 0
34 16 30 36 0
16 34 36 30 0
34 16 36 30 0
16 34 31 35 0
34 16 31 35 0
16 34 35 31 0
34 16 35 31 0
16 34 32 34 0
34 16 32 34 0
16 34 34 32 0
34 16 34 32 0
16 34 33 33 0
34 16 33 33 0
17 33 30 36 0
33 17 30 36 0
17 33 36 30 0
33 17 36 30 0
17 33 31 35 0
33 17 31 35 0
17 33 35 31 0
33 17 35 31 0
17 33 32 34 0
33 17 32 34 0
17 33 34 32 0
33 17 34 32 0
17 33 33 33 0
33 17 33 33 0
18 32 30 36 0
32 18 30 36 0
18 32 36 30 0
32 18 36 30 0
18 32 31 35 0
32 18 31 35 0
18 32 35 31 0
32 18 35 31 0
18 32 32 34 0
32 18 32 34 0
18 32 34 32 0
32 18 34 32 0
18 32 33 33 0
32 18 33 33 0
19 31 30 36 0
31 19 30 36 0
19 31 36 30 0
31 19 36 30 0
19 31 31 35 0
31 19 31 35 0
19 31 35 31 0
31 19 35 31 0
19 31 32 34 0
31 19 32 34 0
19 31 34 32 0
31 19 34 32 0
19 31 33 33 0
31 19 33 33 0
20 30 30 36 0
30 20 30 36 0
20 30 36 30 0
30 20 36 30 0
20 30 31 35 0
30 20 31 35 0
20 30 35 31 0
30 20 35 31 0
20 30 32 34 0
30 20 32 34 0
20 30 34 32 0
30 20 34 32 0
20 30 33 33 0
30 20 33 33 0
16 34 26 40 0
34 16 26 40 0
16 34 40 26 0
34 16 40 26 0
16 34 27 39 0
34 16 27 39 0
16 34 39 27 0
34 16 39 27 0
16 34 28 38 0
34 16 28 38 0
16 34 38 28 0
34 16 38 28 0
16 34 29 37 0
34 16 29 37 0
16 34 37 29 0
34 16 37 29 0
17 33 26 40 0
33 17 26 40 0
17 33 40 26 0
33 17 40 26 0
17 33 27 39 0
33 17 27 39 0
17 33 39 27 0
33 17 39 27 0
17 33 28 38 0
33 17 28 38 0
17 33 38 28 0
33 17 38 28 0
17 33 29 37 0
33 17 29 37 0
17 33 37 29 0
33 17 37 29 0
18 32 26 40 0
32 18 26 40 0
18 32 40 26 0
32 18 40 26 0
18 32 27 39 0
32 18 27 39 0
18 32 39 27 0
32 18 39 27 0
18 32 28 38 0
32 18 28 38 0
18 32 38 28 0
32 18 38 28 0
18 32 29 37 0
32 18 29 37 0
18 32 37 29 0
32 18 37 29 0
19 31 26 40 0
31 19 26 40 0
19 31 40 26 0
31 19 40 26 0
19 31 27 39 0
31 19 27 39 0
19 31 39 27 0
31 19 39 27 0
19 31 28 38 0
31 19 28 38 0
19 31 38 28 0
31 19 38 28 0
19 31 29 37 0
31 19 29 37 0
19 31 37 29 0
31 19 37 29 0
20 30 26 40 0
30 20 26 40 0
20 30 40 26 0
30 20 40 26 0
20 30 27 39 0
30 20 27 39 0
20 30 39 27 0
30 20 39 27 0
20 30 28 38 0
30 20 28 38 0
20 30 38 28 0
30 20 38 28 0
20 30 29 37 0
30 20 29 37 0
20 30 37 29 0
30 20 37 29 0
21 29 26 40 0
29 21 26 40 0
21 29 40 26 0
29 21 40 26 0
21 29 27 39 0
29 21 27 39 0
21 29 39 27 0
29 21 39 27 0
21 29 28 38 0
29 21 28 38 0
21 29 38 28 0
29 21 38 28 0
21 29 29 37 0
29 21 29 37 0
21 29 37 29 0
29 21 37 29 0
21 29 30 36 1
29 21 30 36 1
21 29 36 30 1
29 21 36 30 1
21 29 31 35 2
29 21 31 35 2
21 29 35 31 2
29 21 35 31 2
21 29 32 34 4
29 21 32 34 4
21 29 34 32 4
29 21 34 32 4
21 29 33 33 4
29 21 33 33 4
17 33 24 42 0
33 17 24 42 0
17 33 42 24 0
33 17 42 24 0
17 33 25 41 0
33 17 25 41 0
17 33 41 25 0
33 17 41 25 0
18 32 24 42 0
32 18 24 42 0
18 32 42 24 0
32 18 42 24 0
18 32 25 41 0
32 18 25 41 0
18 32 41 25 0
32 18 41 25 0
19 31 24 42 0
31 19 24 42 0
19 31 42 24 0
31 19 42 24 0
19 31 25 41 0
31 19 25 41 0
19 31 41 25 0
31 19 41 25 0
20 30 24 42 0
30 20 24 42 0
20 30 42 24 0
30 20 42 24 0
20 30 25 41 0
30 20 25 41 0
20 30 41 25 0
30 20 41 25 0
21 29 24 42 0
29 21 24 42 0
21 29 42 24 0
29 21 42 24 0
21 29 25 41 0
29 21 25 41 0
21 29 41 25 0
29 21 41 25 0
22 28 24 42 0
28 22 24 42 0
22 28 42 24 0
28 22 42 24 0
22 28 25 41 0
28 22 25 41 0
22 28 41 25 0
28 22 41 25 0
22 28 26 40 0
28 22 26 40 0
22 28 40 26 0
28 22 40 26 0
22 28 27 39 0
28 22 27 39 0
22 28 39 27 0
28 22 39 27 0
22 28 28 38 1
28 22 28 38 1
22 28 38 28 1
28 22 38 28 1
22 28 29 37 3
28 22 29 37 3
22 28 37 29 3
28 22 37 29 3
22 28 30 36 7
28 22 30 36 7
22 28 36 30 7
28 22 36 30 7
22 28 31 35 12
28 22 31 35 12
22 28 35 31 12
28 22 35 31 12
22 28 32 34 17
28 22 32 34 17
22 28 34 32 17
28 22 34 32 17
22 28 33 33 18
28 22 33 33 18
23 27 24 42 0
27 23 24 42 0
23 27 42 24 0
27 23 42 24 0
23 27 25 41 0
27 23 25 41 0
23 27 41 25 0
27 23 41 25 0
23 27 26 40 0
27 23 26 40 0
23 27 40 26 0
27 23 40 26 0
23 27 27 39 0
27 23 27 39 0
23 27 39 27 0
27 23 39 27 0
23 27 28 38 3
27 23 28 38 3
23 27 38 28 3
27 23 38 28 3
23 27 29 37 8
27 23 29 37 8
23 27 37 29 8
27 23 37 29 8
23 27 30 36 17
27 23 30 36 17
23 27 36 30 17
27 23 36 30 17
23 27 31 35 28
27 23 31 35 28
23 27 35 31 28
27 23 35 31 28
23 27 32 34 38
27 23 32 34 38
23 27 34 32 38
27 23 34 32 38
23 27 33 33 40
27 23 33 33 40
24 26 26 40 0
26 24 26 40 0
24 26 40 26 0
26 24 40 26 0
24 26 27 39 1
26 24 27 39 1
24 26 39 27 1
26 24 39 27 1
24 26 28 38 6
26 24 28 38 6
24 26 38 28 6
26 24 38 28 6
24 26 29 37 15
26 24 29 37 15
24 26 37 29 15
26 24 37 29 15
24 26 30 36 29
26 24 30 36 29
24 26 36 30 29
26 24 36 30 29
24 26 31 35 47
26 24 31 35 47
24 26 35 31 47
26 24 35 31 47
24 26 32 34 61
26 24 32 34 61
24 26 34 32 61
26 24 34 32 61
24 26 33 33 65
26 24 33 33 65
25 25 30 36 33
25 25 36 30 33
25 25 31 35 53
25 25 35 31 53
25 25 32 34 69
25 25 34 32 69
25 25 33 33 73
18 32 23 43 0
32 18 23 43 0
18 32 43 23 0
32 18 43 23 0
19 31 23 43 0
31 19 23 43 0
19 31 43 23 0
31 19 43 23 0
20 30 23 43 0
30 20 23 43 0
20 30 43 23 0
30 20 43 23 0
21 29 23 43 0
29 21 23 43 0
21 29 43 23 0
29 21 43 23 0
22 28 23 43 0
28 22 23 43 0
22 28 43 23 0
28 22 43 23 0
23 27 23 43 0
27 23 23 43 0
23 27 43 23 0
27 23 43 23 0
19 31 22 44 0
31 19 22 44 0
19 31 44 22 0
31 19 44 22 0
20 30 22 44 0
30 20 22 44 0
20 30 44 22 0
30 20 44 22 0
21 29 22 44 0
29 21 22 44 0
21 29 44 22 0
29 21 44 22 0
22 28 22 44 0
28 22 22 44 0
22 28 44 22 0
28 22 44 22 0
23 27 22 44 0
27 23 22 44 0
23 27 44 22 0
27 23 44 22 0
24 26 22 44 0
26 24 22 44 0
24 26 44 22 0
26 24 44 22 0
24 26 23 43 0
26 24 23 43 0
24 26 43 23 0
26 24 43 23 0
24 26 24 42 0
26 24 24 42 0
24 26 42 24 0
26 24 42 24 0
24 26 25 41 0
26 24 25 41 0
24 26 41 25 0
26 24 41 25 0
25 25 23 43 0
25 25 43 23 0
25 25 24 42 0
25 25 42 24 0
25 25 25 41 0
25 25 41 25 0
25 25 26 40 0
25 25 40 26 0
25 25 27 39 1
25 25 39 27 1
25 25 28 38 7
25 25 38 28 7
25 25 29 37 17
25 25 37 29 17
25 25 22 44 0
25 25 44 22 0
21 29 21 45 0
29 21 21 45 0
21 29 45 21 0
29 21 45 21 0
22 28 21 45 0
28 22 21 45 0
22 28 45 21 0
28 22 45 21 0
23 27 21 45 0
27 23 21 45 0
23 27 45 21 0
27 23 45 21 0
24 26 21 45 0
26 24 21 45 0
24 26 45 21 0
26 24 45 21 0
25 25 21 45 0
25 25 45 21 0
