0 20 10 16 0
20 0 10 16 0
0 20 16 10 0
20 0 16 10 0
0 20 11 15 0
20 0 11 15 0
0 20 15 11 0
20 0 15 11 0
0 20 12 14 0
20 0 12 14 0
0 20 14 12 0
20 0 14 12 0
0 20 13 13 0
20 0 13 13 0
1 19 10 16 0
19 1 10 16 0
1 19 16 10 0
19 1 16 10 0
1 19 11 15 0
19 1 11 15 0
1 19 15 11 0
19 1 15 11 0
1 19 12 14 0
19 1 12 14 0
1 19 14 12 0
19 1 14 12 0
1 19 13 13 0
19 1 13 13 0
2 18 10 16 1
18 2 10 16 1
2 18 16 10 1
18 2 16 10 1
2 18 11 15 1
18 2 11 15 1
2 18 15 11 1
18 2 15 11 1
2 18 12 14 2
18 2 12 14 2
2 18 14 12 2
18 2 14 12 2
2 18 13 13 2
18 2 13 13 2
3 17 10 16 3
17 3 10 16 3
3 17 16 10 3
17 3 16 10 3
3 17 11 15 4
17 3 11 15 4
3 17 15 11 4
17 3 15 11 4
3 17 12 14 6
17 3 12 14 6
3 17 14 12 6
17 3 14 12 6
3 17 13 13 7
17 3 13 13 7
4 16 10 16 7
16 4 10 16 7
4 16 16 10 7
16 4 16 10 7
4 16 11 15 9
16 4 11 15 9
4 16 15 11 9
16 4 15 11 9
4 16 12 14 13
16 4 12 14 13
4 16 14 12 13
16 4 14 12 13
4 16 13 13 15
16 4 13 13 15
5 15 10 16 10
15 5 10 16 10
5 15 16 10 10
15 5 16 10 10
5 15 11 15 14
15 5 11 15 14
5 15 15 11 14
15 5 15 11 14
5 15 12 14 19
15 5 12 14 19
5 15 14 12 19
15 5 14 12 19
5 15 13 13 22
15 5 13 13 22
1 19 6 20 0
19 1 6 20 0
1 19 20 6 0
19 1 20 6 0
1 19 7 19 0
19 1 7 19 0
1 19 19 7 0
19 1 19 7 0
1 19 8 18 0
19 1 8 18 0
1 19 18 8 0
19 1 18 8 0
1 19 9 17 0
19 1 9 17 0
1 19 17 9 0
19 1 17 9 0
2 18 6 20 0
18 2 6 20 0
2 18 20 6 0
18 2 20 6 0
2 18 7 19 0
18 2 7 19 0
2 18 19 7 0
18 2 19 7 0
2 18 8 18 0
18 2 8 18 0
2 18 18 8 0
18 2 18 8 0
2 18 9 17 0
18 2 9 17 0
2 18 17 9 0
18 2 17 9 0
3 17 6 20 0
17 3 6 20 0
3 17 20 6 0
17 3 20 6 0
3 17 7 19 0
17 3 7 19 0
3 17 19 7 0
17 3 19 7 0
3 17 8 18 0
17 3 8 18 0
3 17 18 8 0
17 3 18 8 0
3 17 9 17 1
17 3 9 17 1
3 17 17 9 1
17 3 17 9 1
4 16 6 20 0
16 4 6 20 0
4 16 20 6 0
16 4 20 6 0
4 16 7 19 0
16 4 7 19 0
4 16 19 7 0
16 4 19 7 0
4 16 8 18 0
16 4 8 18 0
4 16 18 8 0
16 4 18 8 0
4 16 9 17 2
16 4 9 17 2
4 16 17 9 2
16 4 17 9 2
5 15 6 20 0
15 5 6 20 0
5 15 20 6 0
15 5 20 6 0
5 15 7 19 0
15 5 7 19 0
5 15 19 7 0
15 5 19 7 0
5 15 8 18 0
15 5 8 18 0
5 15 18 8 0
15 5 18 8 0
5 15 9 17 3
15 5 9 17 3
5 15 17 9 3
15 5 17 9 3
6 14 6 20 1
14 6 6 20 1
6 14 20 6 1
14 6 20 6 1
6 14 7 19 2
14 6 7 19 2
6 14 19 7 2
14 6 19 7 2
6 14 8 18 3
14 6 8 18 3
6 14 18 8 3
14 6 18 8 3
6 14 9 17 7
14 6 9 17 7
6 14 17 9 7
14 6 17 9 7
6 14 10 16 16
14 6 10 16 16
6 14 16 10 16
14 6 16 10 16
6 14 11 15 21
14 6 11 15 21
6 14 15 11 21
14 6 15 11 21
6 14 12 14 28
14 6 12 14 28
6 14 14 12 28
14 6 14 12 28
6 14 13 13 31
14 6 13 13 31
7 13 6 20 1
13 7 6 20 1
7 13 20 6 1
13 7 20 6 1
7 13 7 19 3
13 7 7 19 3
7 13 19 7 3
13 7 19 7 3
7 13 8 18 5
13 7 8 18 5
7 13 18 8 5
13 7 18 8 5
7 13 9 17 10
13 7 9 17 10
7 13 17 9 10
13 7 17 9 10
7 13 10 16 20
13 7 10 16 20
7 13 16 10 20
13 7 16 10 20
7 13 11 15 26
13 7 11 15 26
7 13 15 11 26
13 7 15 11 26
7 13 12 14 34
13 7 12 14 34
7 13 14 12 34
13 7 14 12 34
7 13 13 13 38
13 7 13 13 38
8 12 6 20 1
12 8 6 20 1
8 12 20 6 1
12 8 20 6 1
8 12 7 19 3
12 8 7 19 3
8 12 19 7 3
12 8 19 7 3
8 12 8 18 6
12 8 8 18 6
8 12 18 8 6
12 8 18 8 6
8 12 9 17 12
12 8 9 17 12
8 12 17 9 12
12 8 17 9 12
8 12 10 16 23
12 8 10 16 23
8 12 16 10 23
12 8 16 10 23
8 12 11 15 30
12 8 11 15 30
8 12 15 11 30
12 8 15 11 30
8 12 12 14 39
12 8 12 14 39
8 12 14 12 39
12 8 14 12 39
8 12 13 13 43
12 8 13 13 43
2 18 4 22 0
18 2 4 22 0
2 18 22 4 0
18 2 22 4 0
2 18 5 21 0
18 2 5 21 0
2 18 21 5 0
18 2 21 5 0
3 17 4 22 0
17 3 4 22 0
3 17 22 4 0
17 3 22 4 0
3 17 5 21 0
17 3 5 21 0
3 17 21 5 0
17 3 21 5 0
4 16 4 22 0
16 4 4 22 0
4 16 22 4 0
16 4 22 4 0
4 16 5 21 0
16 4 5 21 0
4 16 21 5 0
16 4 21 5 0
5 15 4 22 0
15 5 4 22 0
5 15 22 4 0
15 5 22 4 0
5 15 5 21 0
15 5 5 21 0
5 15 21 5 0
15 5 21 5 0
6 14 4 22 0
14 6 4 22 0
6 14 22 4 0
14 6 22 4 0
6 14 5 21 0
14 6 5 21 0
6 14 21 5 0
14 6 21 5 0
7 13 4 22 0
13 7 4 22 0
7 13 22 4 0
13 7 22 4 0
7 13 5 21 0
13 7 5 21 0
7 13 21 5 0
13 7 21 5 0
3 17 3 23 0
17 3 3 23 0
3 17 23 3 0
17 3 23 3 0
4 16 3 23 0
16 4 3 23 0
4 16 23 3 0
16 4 23 3 0
5 15 3 23 0
15 5 3 23 0
5 15 23 3 0
15 5 23 3 0
6 14 3 23 0
14 6 3 23 0
6 14 23 3 0
14 6 23 3 0
7 13 3 23 0
13 7 3 23 0
7 13 23 3 0
13 7 23 3 0
8 12 3 23 0
12 8 3 23 0
8 12 23 3 0
12 8 23 3 0
8 12 4 22 0
12 8 4 22 0
8 12 22 4 0
12 8 22 4 0
8 12 5 21 0
12 8 5 21 0
8 12 21 5 0
12 8 21 5 0
9 11 3 23 0
11 9 3 23 0
9 11 23 3 0
11 9 23 3 0
9 11 4 22 0
11 9 4 22 0
9 11 22 4 0
11 9 22 4 0
9 11 5 21 0
11 9 5 21 0
9 11 21 5 0
11 9 21 5 0
9 11 6 20 1
11 9 6 20 1
9 11 20 6 1
11 9 20 6 1
9 11 7 19 3
11 9 7 19 3
9 11 19 7 3
11 9 19 7 3
9 11 8 18 6
11 9 8 18 6
9 11 18 8 6
11 9 18 8 6
9 11 9 17 13
11 9 9 17 13
9 11 17 9 13
11 9 17 9 13
9 11 10 16 25
11 9 10 16 25
9 11 16 10 25
11 9 16 10 25
9 11 11 15 33
11 9 11 15 33
9 11 15 11 33
11 9 15 11 33
9 11 12 14 42
11 9 12 14 42
9 11 14 12 42
11 9 14 12 42
9 11 13 13 46
11 9 13 13 46
10 10 3 23 0
10 10 23 3 0
10 10 4 22 0
10 10 22 4 0
10 10 5 21 0
10 10 21 5 0
10 10 6 20 1
10 10 20 6 1
10 10 7 19 3
10 10 19 7 3
10 10 8 18 6
10 10 18 8 6
10 10 9 17 13
10 10 17 9 13
10 10 10 16 26
10 10 16 10 26
10 10 11 15 34
10 10 15 11 34
10 10 12 14 43
10 10 14 12 43
10 10 13 13 47
4 16 2 24 0
16 4 2 24 0
4 16 24 2 0
16 4 24 2 0
5 15 2 24 0
15 5 2 24 0
5 15 24 2 0
15 5 24 2 0
6 14 2 24 0
14 6 2 24 0
6 14 24 2 0
14 6 24 2 0
7 13 2 24 0
13 7 2 24 0
7 13 24 2 0
13 7 24 2 0
8 12 2 24 0
12 8 2 24 0
8 12 24 2 0
12 8 24 2 0
9 11 2 24 0
11 9 2 24 0
9 11 24 2 0
11 9 24 2 0
10 10 2 24 0
10 10 24 2 0
6 14 1 25 0
14 6 1 25 0
6 14 25 1 0
14 6 25 1 0
7 13 1 25 0
13 7 1 25 0
7 13 25 1 0
13 7 25 1 0
8 12 1 25 0
12 8 1 25 0
8 12 25 1 0
12 8 25 1 0
9 11 1 25 0
11 9 1 25 0
9 11 25 1 0
11 9 25 1 0
10 10 1 25 0
10 10 25 1 0
