30 35 40 46 0
35 30 40 46 0
30 35 46 40 0
35 30 46 40 0
30 35 41 45 0
35 30 41 45 0
30 35 45 41 0
35 30 45 41 0
30 35 42 44 0
35 30 42 44 0
30 35 44 42 0
35 30 44 42 0
30 35 43 43 0
35 30 43 43 0
31 34 40 46 0
34 31 40 46 0
31 34 46 40 0
34 31 46 40 0
31 34 41 45 0
34 31 41 45 0
31 34 45 41 0
34 31 45 41 0
31 34 42 44 0
34 31 42 44 0
31 34 44 42 0
34 31 44 42 0
31 34 43 43 0
34 31 43 43 0
32 33 40 46 0
33 32 40 46 0
32 33 46 40 0
33 32 46 40 0
32 33 41 45 0
33 32 41 45 0
32 33 45 41 0
33 32 45 41 0
32 33 42 44 0
33 32 42 44 0
32 33 44 42 0
33 32 44 42 0
32 33 43 43 0
33 32 43 43 0
