21 35 31 43 0
35 21 31 43 0
21 35 43 31 0
35 21 43 31 0
21 35 32 42 0
35 21 32 42 0
21 35 42 32 0
35 21 42 32 0
21 35 33 41 0
35 21 33 41 0
21 35 41 33 0
35 21 41 33 0
21 35 34 40 0
35 21 34 40 0
21 35 40 34 0
35 21 40 34 0
21 35 35 39 0
35 21 35 39 0
21 35 39 35 0
35 21 39 35 0
21 35 36 38 0
35 21 36 38 0
21 35 38 36 0
35 21 38 36 0
21 35 37 37 0
35 21 37 37 0
22 34 31 43 0
34 22 31 43 0
22 34 43 31 0
34 22 43 31 0
22 34 32 42 0
34 22 32 42 0
22 34 42 32 0
34 22 42 32 0
22 34 33 41 0
34 22 33 41 0
22 34 41 33 0
34 22 41 33 0
22 34 34 40 0
34 22 34 40 0
22 34 40 34 0
34 22 40 34 0
22 34 35 39 0
34 22 35 39 0
22 34 39 35 0
34 22 39 35 0
22 34 36 38 0
34 22 36 38 0
22 34 38 36 0
34 22 38 36 0
22 34 37 37 0
34 22 37 37 0
23 33 31 43 0
33 23 31 43 0
23 33 43 31 0
33 23 43 31 0
23 33 32 42 0
33 23 32 42 0
23 33 42 32 0
33 23 42 32 0
23 33 33 41 0
33 23 33 41 0
23 33 41 33 0
33 23 41 33 0
23 33 34 40 0
33 23 34 40 0
23 33 40 34 0
33 23 40 34 0
23 33 35 39 0
33 23 35 39 0
23 33 39 35 0
33 23 39 35 0
23 33 36 38 0
33 23 36 38 0
23 33 38 36 0
33 23 38 36 0
23 33 37 37 0
33 23 37 37 0
24 32 31 43 0
32 24 31 43 0
24 32 43 31 0
32 24 43 31 0
24 32 32 42 0
32 24 32 42 0
24 32 42 32 0
32 24 42 32 0
24 32 33 41 0
32 24 33 41 0
24 32 41 33 0
32 24 41 33 0
24 32 34 40 0
32 24 34 40 0
24 32 40 34 0
32 24 40 34 0
24 32 35 39 0
32 24 35 39 0
24 32 39 35 0
32 24 39 35 0
24 32 36 38 0
32 24 36 38 0
24 32 38 36 0
32 24 38 36 0
24 32 37 37 0
32 24 37 37 0
25 31 31 43 0
31 25 31 43 0
25 31 43 31 0
31 25 43 31 0
25 31 32 42 0
31 25 32 42 0
25 31 42 32 0
31 25 42 32 0
25 31 33 41 0
31 25 33 41 0
25 31 41 33 0
31 25 41 33 0
25 31 34 40 0
31 25 34 40 0
25 31 40 34 0
31 25 40 34 0
25 31 35 39 0
31 25 35 39 0
25 31 39 35 0
31 25 39 35 0
25 31 36 38 0
31 25 36 38 0
25 31 38 36 0
31 25 38 36 0
25 31 37 37 0
31 25 37 37 0
26 30 31 43 0
30 26 31 43 0
26 30 43 31 0
30 26 43 31 0
26 30 32 42 0
30 26 32 42 0
26 30 42 32 0
30 26 42 32 0
26 30 33 41 0
30 26 33 41 0
26 30 41 33 0
30 26 41 33 0
26 30 34 40 0
30 26 34 40 0
26 30 40 34 0
30 26 40 34 0
26 30 35 39 0
30 26 35 39 0
26 30 39 35 0
30 26 39 35 0
26 30 36 38 0
30 26 36 38 0
26 30 38 36 0
30 26 38 36 0
26 30 37 37 0
30 26 37 37 0
22 34 29 45 0
34 22 29 45 0
22 34 45 29 0
34 22 45 29 0
22 34 30 44 0
34 22 30 44 0
22 34 44 30 0
34 22 44 30 0
23 33 29 45 0
33 23 29 45 0
23 33 45 29 0
33 23 45 29 0
23 33 30 44 0
33 23 30 44 0
23 33 44 30 0
33 23 44 30 0
24 32 29 45 0
32 24 29 45 0
24 32 45 29 0
32 24 45 29 0
24 32 30 44 0
32 24 30 44 0
24 32 44 30 0
32 24 44 30 0
25 31 29 45 0
31 25 29 45 0
25 31 45 29 0
31 25 45 29 0
25 31 30 44 0
31 25 30 44 0
25 31 44 30 0
31 25 44 30 0
26 30 29 45 0
30 26 29 45 0
26 30 45 29 0
30 26 45 29 0
26 30 30 44 0
30 26 30 44 0
26 30 44 30 0
30 26 44 30 0
27 29 29 45 0
29 27 29 45 0
27 29 45 29 0
29 27 45 29 0
27 29 30 44 0
29 27 30 44 0
27 29 44 30 0
29 27 44 30 0
27 29 31 43 0
29 27 31 43 0
27 29 43 31 0
29 27 43 31 0
27 29 32 42 0
29 27 32 42 0
27 29 42 32 0
29 27 42 32 0
27 29 33 41 0
29 27 33 41 0
27 29 41 33 0
29 27 41 33 0
27 29 34 40 0
29 27 34 40 0
27 29 40 34 0
29 27 40 34 0
27 29 35 39 1
29 27 35 39 1
27 29 39 35 1
29 27 39 35 1
27 29 36 38 1
29 27 36 38 1
27 29 38 36 1
29 27 38 36 1
27 29 37 37 1
29 27 37 37 1
28 28 29 45 0
28 28 45 29 0
28 28 30 44 0
28 28 44 30 0
28 28 31 43 0
28 28 43 31 0
28 28 32 42 0
28 28 42 32 0
28 28 33 41 0
28 28 41 33 0
28 28 34 40 0
28 28 40 34 0
28 28 35 39 1
28 28 39 35 1
28 28 36 38 1
28 28 38 36 1
28 28 37 37 1
24 32 28 46 0
32 24 28 46 0
24 32 46 28 0
32 24 46 28 0
25 31 28 46 0
31 25 28 46 0
25 31 46 28 0
31 25 46 28 0
26 30 28 46 0
30 26 28 46 0
26 30 46 28 0
30 26 46 28 0
27 29 28 46 0
29 27 28 46 0
27 29 46 28 0
29 27 46 28 0
28 28 28 46 0
28 28 46 28 0
