2 24 11 23 0
24 2 11 23 0
2 24 23 11 0
24 2 23 11 0
2 24 12 22 0
24 2 12 22 0
2 24 22 12 0
24 2 22 12 0
2 24 13 21 0
24 2 13 21 0
2 24 21 13 0
24 2 21 13 0
2 24 14 20 0
24 2 14 20 0
2 24 20 14 0
24 2 20 14 0
2 24 15 19 0
24 2 15 19 0
2 24 19 15 0
24 2 19 15 0
2 24 16 18 0
24 2 16 18 0
2 24 18 16 0
24 2 18 16 0
2 24 17 17 0
24 2 17 17 0
3 23 11 23 0
23 3 11 23 0
3 23 23 11 0
23 3 23 11 0
3 23 12 22 0
23 3 12 22 0
3 23 22 12 0
23 3 22 12 0
3 23 13 21 0
23 3 13 21 0
3 23 21 13 0
23 3 21 13 0
3 23 14 20 0
23 3 14 20 0
3 23 20 14 0
23 3 20 14 0
3 23 15 19 0
23 3 15 19 0
3 23 19 15 0
23 3 19 15 0
3 23 16 18 0
23 3 16 18 0
3 23 18 16 0
23 3 18 16 0
3 23 17 17 0
23 3 17 17 0
4 22 11 23 0
22 4 11 23 0
4 22 23 11 0
22 4 23 11 0
4 22 12 22 0
22 4 12 22 0
4 22 22 12 0
22 4 22 12 0
4 22 13 21 0
22 4 13 21 0
4 22 21 13 0
22 4 21 13 0
4 22 14 20 0
22 4 14 20 0
4 22 20 14 0
22 4 20 14 0
4 22 15 19 1
22 4 15 19 1
4 22 19 15 1
22 4 19 15 1
4 22 16 18 1
22 4 16 18 1
4 22 18 16 1
22 4 18 16 1
4 22 17 17 1
22 4 17 17 1
5 21 11 23 0
21 5 11 23 0
5 21 23 11 0
21 5 23 11 0
5 21 12 22 1
21 5 12 22 1
5 21 22 12 1
21 5 22 12 1
5 21 13 21 2
21 5 13 21 2
5 21 21 13 2
21 5 21 13 2
5 21 14 20 4
21 5 14 20 4
5 21 20 14 4
21 5 20 14 4
5 21 15 19 7
21 5 15 19 7
5 21 19 15 7
21 5 19 15 7
5 21 16 18 9
21 5 16 18 9
5 21 18 16 9
21 5 18 16 9
5 21 17 17 9
21 5 17 17 9
6 20 11 23 1
20 6 11 23 1
6 20 23 11 1
20 6 23 11 1
6 20 12 22 4
20 6 12 22 4
6 20 22 12 4
20 6 22 12 4
6 20 13 21 10
20 6 13 21 10
6 20 21 13 10
20 6 21 13 10
6 20 14 20 18
20 6 14 20 18
6 20 20 14 18
20 6 20 14 18
6 20 15 19 29
20 6 15 19 29
6 20 19 15 29
20 6 19 15 29
6 20 16 18 36
20 6 16 18 36
6 20 18 16 36
20 6 18 16 36
6 20 17 17 39
20 6 17 17 39
7 19 11 23 5
19 7 11 23 5
7 19 23 11 5
19 7 23 11 5
7 19 12 22 16
19 7 12 22 16
7 19 22 12 16
19 7 22 12 16
7 19 13 21 34
19 7 13 21 34
7 19 21 13 34
19 7 21 13 34
7 19 14 20 59
19 7 14 20 59
7 19 20 14 59
19 7 20 14 59
7 19 15 19 86
19 7 15 19 86
7 19 19 15 86
19 7 19 15 86
7 19 16 18 107
19 7 16 18 107
7 19 18 16 107
19 7 18 16 107
7 19 17 17 114
19 7 17 17 114
3 23 10 24 0
23 3 10 24 0
3 23 24 10 0
23 3 24 10 0
4 22 10 24 0
22 4 10 24 0
4 22 24 10 0
22 4 24 10 0
5 21 10 24 0
21 5 10 24 0
5 21 24 10 0
21 5 24 10 0
6 20 10 24 0
20 6 10 24 0
6 20 24 10 0
20 6 24 10 0
7 19 10 24 1
19 7 10 24 1
7 19 24 10 1
19 7 24 10 1
8 18 10 24 5
18 8 10 24 5
8 18 24 10 5
18 8 24 10 5
8 18 11 23 18
18 8 11 23 18
8 18 23 11 18
18 8 23 11 18
8 18 12 22 44
18 8 12 22 44
8 18 22 12 44
18 8 22 12 44
8 18 13 21 88
18 8 13 21 88
8 18 21 13 88
18 8 21 13 88
8 18 14 20 143
18 8 14 20 143
8 18 20 14 143
18 8 20 14 143
8 18 15 19 204
18 8 15 19 204
8 18 19 15 204
18 8 19 15 204
8 18 16 18 247
18 8 16 18 247
8 18 18 16 247
18 8 18 16 247
8 18 17 17 265
18 8 17 17 265
9 17 10 24 17
17 9 10 24 17
9 17 24 10 17
17 9 24 10 17
9 17 11 23 46
17 9 11 23 46
9 17 23 11 46
17 9 23 11 46
9 17 12 22 101
17 9 12 22 101
9 17 22 12 101
17 9 22 12 101
9 17 13 21 185
17 9 13 21 185
9 17 21 13 185
17 9 21 13 185
9 17 14 20 291
17 9 14 20 291
9 17 20 14 291
17 9 20 14 291
9 17 15 19 399
17 9 15 19 399
9 17 19 15 399
17 9 19 15 399
9 17 16 18 480
17 9 16 18 480
9 17 18 16 480
17 9 18 16 480
9 17 17 17 510
17 9 17 17 510
10 16 10 24 35
16 10 10 24 35
10 16 24 10 35
16 10 24 10 35
10 16 11 23 89
16 10 11 23 89
10 16 23 11 89
16 10 23 11 89
10 16 12 22 182
16 10 12 22 182
10 16 22 12 182
16 10 22 12 182
10 16 13 21 322
16 10 13 21 322
10 16 21 13 322
16 10 21 13 322
10 16 14 20 489
16 10 14 20 489
10 16 20 14 489
16 10 20 14 489
10 16 15 19 661
16 10 15 19 661
10 16 19 15 661
16 10 19 15 661
10 16 16 18 784
16 10 16 18 784
10 16 18 16 784
16 10 18 16 784
10 16 17 17 833
16 10 17 17 833
11 15 11 23 135
15 11 11 23 135
11 15 23 11 135
15 11 23 11 135
11 15 12 22 272
15 11 12 22 272
11 15 22 12 272
15 11 22 12 272
11 15 13 21 467
15 11 13 21 467
11 15 21 13 467
15 11 21 13 467
11 15 14 20 701
15 11 14 20 701
11 15 20 14 701
15 11 20 14 701
11 15 15 19 932
15 11 15 19 932
11 15 19 15 932
15 11 19 15 932
11 15 16 18 1102
15 11 16 18 1102
11 15 18 16 1102
15 11 18 16 1102
11 15 17 17 1164
15 11 17 17 1164
3 23 9 25 0
23 3 9 25 0
3 23 25 9 0
23 3 25 9 0
4 22 9 25 0
22 4 9 25 0
4 22 25 9 0
22 4 25 9 0
5 21 9 25 0
21 5 9 25 0
5 21 25 9 0
21 5 25 9 0
6 20 9 25 0
20 6 9 25 0
6 20 25 9 0
20 6 25 9 0
7 19 9 25 0
19 7 9 25 0
7 19 25 9 0
19 7 25 9 0
8 18 9 25 1
18 8 9 25 1
8 18 25 9 1
18 8 25 9 1
4 22 7 27 0
22 4 7 27 0
4 22 27 7 0
22 4 27 7 0
4 22 8 26 0
22 4 8 26 0
4 22 26 8 0
22 4 26 8 0
5 21 7 27 0
21 5 7 27 0
5 21 27 7 0
21 5 27 7 0
5 21 8 26 0
21 5 8 26 0
5 21 26 8 0
21 5 26 8 0
6 20 7 27 0
20 6 7 27 0
6 20 27 7 0
20 6 27 7 0
6 20 8 26 0
20 6 8 26 0
6 20 26 8 0
20 6 26 8 0
7 19 7 27 0
19 7 7 27 0
7 19 27 7 0
19 7 27 7 0
7 19 8 26 0
19 7 8 26 0
7 19 26 8 0
19 7 26 8 0
8 18 7 27 0
18 8 7 27 0
8 18 27 7 0
18 8 27 7 0
8 18 8 26 0
18 8 8 26 0
8 18 26 8 0
18 8 26 8 0
9 17 7 27 0
17 9 7 27 0
9 17 27 7 0
17 9 27 7 0
9 17 8 26 1
17 9 8 26 1
9 17 26 8 1
17 9 26 8 1
9 17 9 25 5
17 9 9 25 5
9 17 25 9 5
17 9 25 9 5
10 16 7 27 0
16 10 7 27 0
10 16 27 7 0
16 10 27 7 0
10 16 8 26 2
16 10 8 26 2
10 16 26 8 2
16 10 26 8 2
10 16 9 25 11
16 10 9 25 11
10 16 25 9 11
16 10 25 9 11
6 20 6 28 0
20 6 6 28 0
6 20 28 6 0
20 6 28 6 0
7 19 6 28 0
19 7 6 28 0
7 19 28 6 0
19 7 28 6 0
8 18 6 28 0
18 8 6 28 0
8 18 28 6 0
18 8 28 6 0
9 17 6 28 0
17 9 6 28 0
9 17 28 6 0
17 9 28 6 0
10 16 6 28 0
16 10 6 28 0
10 16 28 6 0
16 10 28 6 0
11 15 6 28 0
15 11 6 28 0
11 15 28 6 0
15 11 28 6 0
11 15 7 27 0
15 11 7 27 0
11 15 27 7 0
15 11 27 7 0
11 15 8 26 4
15 11 8 26 4
11 15 26 8 4
15 11 26 8 4
11 15 9 25 18
15 11 9 25 18
11 15 25 9 18
15 11 25 9 18
11 15 10 24 56
15 11 10 24 56
11 15 24 10 56
15 11 24 10 56
12 14 7 27 1
14 12 7 27 1
12 14 27 7 1
14 12 27 7 1
12 14 8 26 6
14 12 8 26 6
12 14 26 8 6
14 12 26 8 6
12 14 9 25 26
14 12 9 25 26
12 14 25 9 26
14 12 25 9 26
12 14 10 24 74
14 12 10 24 74
12 14 24 10 74
14 12 24 10 74
12 14 11 23 176
14 12 11 23 176
12 14 23 11 176
14 12 23 11 176
12 14 12 22 344
14 12 12 22 344
12 14 22 12 344
14 12 22 12 344
12 14 13 21 586
14 12 13 21 586
12 14 21 13 586
14 12 21 13 586
12 14 14 20 867
14 12 14 20 867
12 14 20 14 867
14 12 20 14 867
12 14 15 19 1149
14 12 15 19 1149
12 14 19 15 1149
14 12 19 15 1149
12 14 16 18 1348
14 12 16 18 1348
12 14 18 16 1348
14 12 18 16 1348
12 14 17 17 1426
14 12 17 17 1426
13 13 7 27 1
13 13 27 7 1
13 13 8 26 7
13 13 26 8 7
13 13 9 25 28
13 13 25 9 28
13 13 10 24 81
13 13 24 10 81
13 13 11 23 189
13 13 23 11 189
13 13 12 22 371
13 13 22 12 371
13 13 13 21 627
13 13 21 13 627
13 13 14 20 929
13 13 20 14 929
13 13 15 19 1225
13 13 19 15 1225
13 13 16 18 1440
13 13 18 16 1440
13 13 17 17 1519
5 21 6 28 0
21 5 6 28 0
5 21 28 6 0
21 5 28 6 0
6 20 5 29 0
20 6 5 29 0
6 20 29 5 0
20 6 29 5 0
7 19 5 29 0
19 7 5 29 0
7 19 29 5 0
19 7 29 5 0
8 18 5 29 0
18 8 5 29 0
8 18 29 5 0
18 8 29 5 0
9 17 5 29 0
17 9 5 29 0
9 17 29 5 0
17 9 29 5 0
10 16 5 29 0
16 10 5 29 0
10 16 29 5 0
16 10 29 5 0
11 15 5 29 0
15 11 5 29 0
11 15 29 5 0
15 11 29 5 0
7 19 4 30 0
19 7 4 30 0
7 19 30 4 0
19 7 30 4 0
8 18 4 30 0
18 8 4 30 0
8 18 30 4 0
18 8 30 4 0
9 17 4 30 0
17 9 4 30 0
9 17 30 4 0
17 9 30 4 0
10 16 4 30 0
16 10 4 30 0
10 16 30 4 0
16 10 30 4 0
11 15 4 30 0
15 11 4 30 0
11 15 30 4 0
15 11 30 4 0
12 14 4 30 0
14 12 4 30 0
12 14 30 4 0
14 12 30 4 0
12 14 5 29 0
14 12 5 29 0
12 14 29 5 0
14 12 29 5 0
12 14 6 28 0
14 12 6 28 0
12 14 28 6 0
14 12 28 6 0
13 13 5 29 0
13 13 29 5 0
13 13 6 28 0
13 13 28 6 0
13 13 4 30 0
13 13 30 4 0
9 17 3 31 0
17 9 3 31 0
9 17 31 3 0
17 9 31 3 0
10 16 3 31 0
16 10 3 31 0
10 16 31 3 0
16 10 31 3 0
11 15 3 31 0
15 11 3 31 0
11 15 31 3 0
15 11 31 3 0
12 14 3 31 0
14 12 3 31 0
12 14 31 3 0
14 12 31 3 0
13 13 3 31 0
13 13 31 3 0
