4 25 16 22 0
25 4 16 22 0
4 25 22 16 0
25 4 22 16 0
4 25 17 21 0
25 4 17 21 0
4 25 21 17 0
25 4 21 17 0
4 25 18 20 0
25 4 18 20 0
4 25 20 18 0
25 4 20 18 0
5 24 16 22 0
24 5 16 22 0
5 24 22 16 0
24 5 22 16 0
5 24 17 21 0
24 5 17 21 0
5 24 21 17 0
24 5 21 17 0
5 24 18 20 0
24 5 18 20 0
5 24 20 18 0
24 5 20 18 0
6 23 16 22 0
23 6 16 22 0
6 23 22 16 0
23 6 22 16 0
6 23 17 21 0
23 6 17 21 0
6 23 21 17 0
23 6 21 17 0
6 23 18 20 0
23 6 18 20 0
6 23 20 18 0
23 6 20 18 0
4 25 19 19 0
25 4 19 19 0
5 24 19 19 0
24 5 19 19 0
6 23 19 19 0
23 6 19 19 0
5 24 13 25 0
24 5 13 25 0
5 24 25 13 0
24 5 25 13 0
5 24 14 24 0
24 5 14 24 0
5 24 24 14 0
24 5 24 14 0
5 24 15 23 0
24 5 15 23 0
5 24 23 15 0
24 5 23 15 0
6 23 13 25 0
23 6 13 25 0
6 23 25 13 0
23 6 25 13 0
6 23 14 24 0
23 6 14 24 0
6 23 24 14 0
23 6 24 14 0
6 23 15 23 0
23 6 15 23 0
6 23 23 15 0
23 6 23 15 0
7 22 13 25 0
22 7 13 25 0
7 22 25 13 0
22 7 25 13 0
7 22 14 24 0
22 7 14 24 0
7 22 24 14 0
22 7 24 14 0
7 22 15 23 0
22 7 15 23 0
7 22 23 15 0
22 7 23 15 0
7 22 16 22 0
22 7 16 22 0
7 22 22 16 0
22 7 22 16 0
7 22 17 21 0
22 7 17 21 0
7 22 21 17 0
22 7 21 17 0
7 22 18 20 0
22 7 18 20 0
7 22 20 18 0
22 7 20 18 0
7 22 19 19 0
22 7 19 19 0
8 21 13 25 0
21 8 13 25 0
8 21 25 13 0
21 8 25 13 0
8 21 14 24 0
21 8 14 24 0
8 21 24 14 0
21 8 24 14 0
8 21 15 23 0
21 8 15 23 0
8 21 23 15 0
21 8 23 15 0
8 21 16 22 0
21 8 16 22 0
8 21 22 16 0
21 8 22 16 0
8 21 17 21 0
21 8 17 21 0
8 21 21 17 0
21 8 21 17 0
8 21 18 20 0
21 8 18 20 0
8 21 20 18 0
21 8 20 18 0
8 21 19 19 0
21 8 19 19 0
6 23 12 26 0
23 6 12 26 0
6 23 26 12 0
23 6 26 12 0
7 22 12 26 0
22 7 12 26 0
7 22 26 12 0
22 7 26 12 0
8 21 12 26 0
21 8 12 26 0
8 21 26 12 0
21 8 26 12 0
7 22 11 27 0
22 7 11 27 0
7 22 27 11 0
22 7 27 11 0
8 21 11 27 0
21 8 11 27 0
8 21 27 11 0
21 8 27 11 0
9 20 11 27 0
20 9 11 27 0
9 20 27 11 0
20 9 27 11 0
9 20 12 26 0
20 9 12 26 0
9 20 26 12 0
20 9 26 12 0
9 20 13 25 0
20 9 13 25 0
9 20 25 13 0
20 9 25 13 0
9 20 14 24 0
20 9 14 24 0
9 20 24 14 0
20 9 24 14 0
9 20 15 23 0
20 9 15 23 0
9 20 23 15 0
20 9 23 15 0
9 20 16 22 0
20 9 16 22 0
9 20 22 16 0
20 9 22 16 0
9 20 17 21 0
20 9 17 21 0
9 20 21 17 0
20 9 21 17 0
9 20 18 20 0
20 9 18 20 0
9 20 20 18 0
20 9 20 18 0
9 20 19 19 0
20 9 19 19 0
10 19 12 26 0
19 10 12 26 0
10 19 26 12 0
19 10 26 12 0
10 19 13 25 0
19 10 13 25 0
10 19 25 13 0
19 10 25 13 0
10 19 14 24 0
19 10 14 24 0
10 19 24 14 0
19 10 24 14 0
10 19 15 23 0
19 10 15 23 0
10 19 23 15 0
19 10 23 15 0
10 19 16 22 0
19 10 16 22 0
10 19 22 16 0
19 10 22 16 0
10 19 17 21 0
19 10 17 21 0
10 19 21 17 0
19 10 21 17 0
10 19 18 20 0
19 10 18 20 0
10 19 20 18 0
19 10 20 18 0
10 19 19 19 0
19 10 19 19 0
10 19 11 27 0
19 10 11 27 0
10 19 27 11 0
19 10 27 11 0
11 18 11 27 0
18 11 11 27 0
11 18 27 11 0
18 11 27 11 0
11 18 12 26 0
18 11 12 26 0
11 18 26 12 0
18 11 26 12 0
11 18 13 25 0
18 11 13 25 0
11 18 25 13 0
18 11 25 13 0
11 18 14 24 0
18 11 14 24 0
11 18 24 14 0
18 11 24 14 0
11 18 15 23 0
18 11 15 23 0
11 18 23 15 0
18 11 23 15 0
11 18 16 22 0
18 11 16 22 0
11 18 22 16 0
18 11 22 16 0
11 18 17 21 0
18 11 17 21 0
11 18 21 17 0
18 11 21 17 0
11 18 18 20 0
18 11 18 20 0
11 18 20 18 0
18 11 20 18 0
11 18 19 19 0
18 11 19 19 0
12 17 13 25 0
17 12 13 25 0
12 17 25 13 0
17 12 25 13 0
12 17 14 24 0
17 12 14 24 0
12 17 24 14 0
17 12 24 14 0
12 17 15 23 0
17 12 15 23 0
12 17 23 15 0
17 12 23 15 0
12 17 16 22 0
17 12 16 22 0
12 17 22 16 0
17 12 22 16 0
12 17 17 21 0
17 12 17 21 0
12 17 21 17 0
17 12 21 17 0
12 17 18 20 0
17 12 18 20 0
12 17 20 18 0
17 12 20 18 0
12 17 19 19 0
17 12 19 19 0
12 17 12 26 0
17 12 12 26 0
12 17 26 12 0
17 12 26 12 0
13 16 13 25 0
16 13 13 25 0
13 16 25 13 0
16 13 25 13 0
13 16 14 24 0
16 13 14 24 0
13 16 24 14 0
16 13 24 14 0
13 16 15 23 0
16 13 15 23 0
13 16 23 15 0
16 13 23 15 0
13 16 16 22 0
16 13 16 22 0
13 16 22 16 0
16 13 22 16 0
13 16 17 21 0
16 13 17 21 0
13 16 21 17 0
16 13 21 17 0
13 16 18 20 0
16 13 18 20 0
13 16 20 18 0
16 13 20 18 0
13 16 19 19 0
16 13 19 19 0
14 15 16 22 0
15 14 16 22 0
14 15 22 16 0
15 14 22 16 0
14 15 17 21 0
15 14 17 21 0
14 15 21 17 0
15 14 21 17 0
14 15 18 20 0
15 14 18 20 0
14 15 20 18 0
15 14 20 18 0
14 15 19 19 0
15 14 19 19 0
7 22 10 28 0
22 7 10 28 0
7 22 28 10 0
22 7 28 10 0
8 21 10 28 0
21 8 10 28 0
8 21 28 10 0
21 8 28 10 0
9 20 10 28 0
20 9 10 28 0
9 20 28 10 0
20 9 28 10 0
8 21 9 29 0
21 8 9 29 0
8 21 29 9 0
21 8 29 9 0
9 20 9 29 0
20 9 9 29 0
9 20 29 9 0
20 9 29 9 0
10 19 9 29 0
19 10 9 29 0
10 19 29 9 0
19 10 29 9 0
10 19 10 28 0
19 10 10 28 0
10 19 28 10 0
19 10 28 10 0
11 18 10 28 0
18 11 10 28 0
11 18 28 10 0
18 11 28 10 0
9 20 8 30 0
20 9 8 30 0
9 20 30 8 0
20 9 30 8 0
10 19 8 30 0
19 10 8 30 0
10 19 30 8 0
19 10 30 8 0
11 18 8 30 0
18 11 8 30 0
11 18 30 8 0
18 11 30 8 0
11 18 9 29 0
18 11 9 29 0
11 18 29 9 0
18 11 29 9 0
12 17 8 30 0
17 12 8 30 0
12 17 30 8 0
17 12 30 8 0
12 17 9 29 0
17 12 9 29 0
12 17 29 9 0
17 12 29 9 0
12 17 10 28 0
17 12 10 28 0
12 17 28 10 0
17 12 28 10 0
12 17 11 27 0
17 12 11 27 0
12 17 27 11 0
17 12 27 11 0
13 16 10 28 0
16 13 10 28 0
13 16 28 10 0
16 13 28 10 0
13 16 11 27 0
16 13 11 27 0
13 16 27 11 0
16 13 27 11 0
13 16 12 26 0
16 13 12 26 0
13 16 26 12 0
16 13 26 12 0
13 16 8 30 0
16 13 8 30 0
13 16 30 8 0
16 13 30 8 0
13 16 9 29 0
16 13 9 29 0
13 16 29 9 0
16 13 29 9 0
14 15 9 29 0
15 14 9 29 0
14 15 29 9 0
15 14 29 9 0
14 15 10 28 0
15 14 10 28 0
14 15 28 10 0
15 14 28 10 0
14 15 11 27 0
15 14 11 27 0
14 15 27 11 0
15 14 27 11 0
14 15 12 26 0
15 14 12 26 0
14 15 26 12 0
15 14 26 12 0
14 15 13 25 0
15 14 13 25 0
14 15 25 13 0
15 14 25 13 0
14 15 14 24 0
15 14 14 24 0
14 15 24 14 0
15 14 24 14 0
14 15 15 23 0
15 14 15 23 0
14 15 23 15 0
15 14 23 15 0
10 19 7 31 0
19 10 7 31 0
10 19 31 7 0
19 10 31 7 0
11 18 7 31 0
18 11 7 31 0
11 18 31 7 0
18 11 31 7 0
12 17 7 31 0
17 12 7 31 0
12 17 31 7 0
17 12 31 7 0
13 16 7 31 0
16 13 7 31 0
13 16 31 7 0
16 13 31 7 0
12 17 6 32 0
17 12 6 32 0
12 17 32 6 0
17 12 32 6 0
13 16 6 32 0
16 13 6 32 0
13 16 32 6 0
16 13 32 6 0
14 15 6 32 0
15 14 6 32 0
14 15 32 6 0
15 14 32 6 0
14 15 7 31 0
15 14 7 31 0
14 15 31 7 0
15 14 31 7 0
14 15 8 30 0
15 14 8 30 0
14 15 30 8 0
15 14 30 8 0
