18 35 30 40 0
35 18 30 40 0
18 35 40 30 0
35 18 40 30 0
18 35 31 39 0
35 18 31 39 0
18 35 39 31 0
35 18 39 31 0
18 35 32 38 0
35 18 32 38 0
18 35 38 32 0
35 18 38 32 0
18 35 33 37 0
35 18 33 37 0
18 35 37 33 0
35 18 37 33 0
18 35 34 36 0
35 18 34 36 0
18 35 36 34 0
35 18 36 34 0
18 35 35 35 0
35 18 35 35 0
19 34 30 40 0
34 19 30 40 0
19 34 40 30 0
34 19 40 30 0
19 34 31 39 0
34 19 31 39 0
19 34 39 31 0
34 19 39 31 0
19 34 32 38 0
34 19 32 38 0
19 34 38 32 0
34 19 38 32 0
19 34 33 37 0
34 19 33 37 0
19 34 37 33 0
34 19 37 33 0
19 34 34 36 0
34 19 34 36 0
19 34 36 34 0
34 19 36 34 0
19 34 35 35 0
34 19 35 35 0
20 33 30 40 0
33 20 30 40 0
20 33 40 30 0
33 20 40 30 0
20 33 31 39 0
33 20 31 39 0
20 33 39 31 0
33 20 39 31 0
20 33 32 38 0
33 20 32 38 0
20 33 38 32 0
33 20 38 32 0
20 33 33 37 0
33 20 33 37 0
20 33 37 33 0
33 20 37 33 0
20 33 34 36 0
33 20 34 36 0
20 33 36 34 0
33 20 36 34 0
20 33 35 35 0
33 20 35 35 0
21 32 30 40 0
32 21 30 40 0
21 32 40 30 0
32 21 40 30 0
21 32 31 39 0
32 21 31 39 0
21 32 39 31 0
32 21 39 31 0
21 32 32 38 0
32 21 32 38 0
21 32 38 32 0
32 21 38 32 0
21 32 33 37 0
32 21 33 37 0
21 32 37 33 0
32 21 37 33 0
21 32 34 36 0
32 21 34 36 0
21 32 36 34 0
32 21 36 34 0
21 32 35 35 0
32 21 35 35 0
22 31 30 40 0
31 22 30 40 0
22 31 40 30 0
31 22 40 30 0
22 31 31 39 0
31 22 31 39 0
22 31 39 31 0
31 22 39 31 0
22 31 32 38 0
31 22 32 38 0
22 31 38 32 0
31 22 38 32 0
22 31 33 37 0
31 22 33 37 0
22 31 37 33 0
31 22 37 33 0
22 31 34 36 0
31 22 34 36 0
22 31 36 34 0
31 22 36 34 0
22 31 35 35 0
31 22 35 35 0
23 30 30 40 0
30 23 30 40 0
23 30 40 30 0
30 23 40 30 0
23 30 31 39 0
30 23 31 39 0
23 30 39 31 0
30 23 39 31 0
23 30 32 38 0
30 23 32 38 0
23 30 38 32 0
30 23 38 32 0
23 30 33 37 0
30 23 33 37 0
23 30 37 33 0
30 23 37 33 0
23 30 34 36 0
30 23 34 36 0
23 30 36 34 0
30 23 36 34 0
23 30 35 35 0
30 23 35 35 0
19 34 27 43 0
34 19 27 43 0
19 34 43 27 0
34 19 43 27 0
19 34 28 42 0
34 19 28 42 0
19 34 42 28 0
34 19 42 28 0
19 34 29 41 0
34 19 29 41 0
19 34 41 29 0
34 19 41 29 0
20 33 27 43 0
33 20 27 43 0
20 33 43 27 0
33 20 43 27 0
20 33 28 42 0
33 20 28 42 0
20 33 42 28 0
33 20 42 28 0
20 33 29 41 0
33 20 29 41 0
20 33 41 29 0
33 20 41 29 0
21 32 27 43 0
32 21 27 43 0
21 32 43 27 0
32 21 43 27 0
21 32 28 42 0
32 21 28 42 0
21 32 42 28 0
32 21 42 28 0
21 32 29 41 0
32 21 29 41 0
21 32 41 29 0
32 21 41 29 0
22 31 27 43 0
31 22 27 43 0
22 31 43 27 0
31 22 43 27 0
22 31 28 42 0
31 22 28 42 0
22 31 42 28 0
31 22 42 28 0
22 31 29 41 0
31 22 29 41 0
22 31 41 29 0
31 22 41 29 0
23 30 27 43 0
30 23 27 43 0
23 30 43 27 0
30 23 43 27 0
23 30 28 42 0
30 23 28 42 0
23 30 42 28 0
30 23 42 28 0
23 30 29 41 0
30 23 29 41 0
23 30 41 29 0
30 23 41 29 0
24 29 27 43 0
29 24 27 43 0
24 29 43 27 0
29 24 43 27 0
24 29 28 42 0
29 24 28 42 0
24 29 42 28 0
29 24 42 28 0
24 29 29 41 0
29 24 29 41 0
24 29 41 29 0
29 24 41 29 0
24 29 30 40 0
29 24 30 40 0
24 29 40 30 0
29 24 40 30 0
24 29 31 39 0
29 24 31 39 0
24 29 39 31 0
29 24 39 31 0
24 29 32 38 1
29 24 32 38 1
24 29 38 32 1
29 24 38 32 1
24 29 33 37 2
29 24 33 37 2
24 29 37 33 2
29 24 37 33 2
24 29 34 36 3
29 24 34 36 3
24 29 36 34 3
29 24 36 34 3
24 29 35 35 4
29 24 35 35 4
20 33 26 44 0
33 20 26 44 0
20 33 44 26 0
33 20 44 26 0
21 32 26 44 0
32 21 26 44 0
21 32 44 26 0
32 21 44 26 0
22 31 26 44 0
31 22 26 44 0
22 31 44 26 0
31 22 44 26 0
23 30 26 44 0
30 23 26 44 0
23 30 44 26 0
30 23 44 26 0
24 29 26 44 0
29 24 26 44 0
24 29 44 26 0
29 24 44 26 0
25 28 26 44 0
28 25 26 44 0
25 28 44 26 0
28 25 44 26 0
25 28 27 43 0
28 25 27 43 0
25 28 43 27 0
28 25 43 27 0
25 28 28 42 0
28 25 28 42 0
25 28 42 28 0
28 25 42 28 0
25 28 29 41 0
28 25 29 41 0
25 28 41 29 0
28 25 41 29 0
25 28 30 40 0
28 25 30 40 0
25 28 40 30 0
28 25 40 30 0
25 28 31 39 1
28 25 31 39 1
25 28 39 31 1
28 25 39 31 1
25 28 32 38 3
28 25 32 38 3
25 28 38 32 3
28 25 38 32 3
25 28 33 37 5
28 25 33 37 5
25 28 37 33 5
28 25 37 33 5
25 28 34 36 7
28 25 34 36 7
25 28 36 34 7
28 25 36 34 7
25 28 35 35 9
28 25 35 35 9
26 27 27 43 0
27 26 27 43 0
26 27 43 27 0
27 26 43 27 0
26 27 28 42 0
27 26 28 42 0
26 27 42 28 0
27 26 42 28 0
26 27 29 41 0
27 26 29 41 0
26 27 41 29 0
27 26 41 29 0
26 27 30 40 0
27 26 30 40 0
26 27 40 30 0
27 26 40 30 0
26 27 31 39 2
27 26 31 39 2
26 27 39 31 2
27 26 39 31 2
26 27 32 38 5
27 26 32 38 5
26 27 38 32 5
27 26 38 32 5
26 27 33 37 8
27 26 33 37 8
26 27 37 33 8
27 26 37 33 8
26 27 34 36 11
27 26 34 36 11
26 27 36 34 11
27 26 36 34 11
26 27 35 35 14
27 26 35 35 14
21 32 25 45 0
32 21 25 45 0
21 32 45 25 0
32 21 45 25 0
22 31 25 45 0
31 22 25 45 0
22 31 45 25 0
31 22 45 25 0
23 30 25 45 0
30 23 25 45 0
23 30 45 25 0
30 23 45 25 0
24 29 25 45 0
29 24 25 45 0
24 29 45 25 0
29 24 45 25 0
25 28 25 45 0
28 25 25 45 0
25 28 45 25 0
28 25 45 25 0
26 27 25 45 0
27 26 25 45 0
26 27 45 25 0
27 26 45 25 0
26 27 26 44 0
27 26 26 44 0
26 27 44 26 0
27 26 44 26 0
24 29 24 46 0
29 24 24 46 0
24 29 46 24 0
29 24 46 24 0
25 28 24 46 0
28 25 24 46 0
25 28 46 24 0
28 25 46 24 0
26 27 24 46 0
27 26 24 46 0
26 27 46 24 0
27 26 46 24 0
