1 22 10 20 0
22 1 10 20 0
1 22 20 10 0
22 1 20 10 0
1 22 11 19 0
22 1 11 19 0
1 22 19 11 0
22 1 19 11 0
1 22 12 18 0
22 1 12 18 0
1 22 18 12 0
22 1 18 12 0
1 22 13 17 0
22 1 13 17 0
1 22 17 13 0
22 1 17 13 0
1 22 14 16 0
22 1 14 16 0
1 22 16 14 0
22 1 16 14 0
1 22 15 15 0
22 1 15 15 0
2 21 10 20 0
21 2 10 20 0
2 21 20 10 0
21 2 20 10 0
2 21 11 19 0
21 2 11 19 0
2 21 19 11 0
21 2 19 11 0
2 21 12 18 0
21 2 12 18 0
2 21 18 12 0
21 2 18 12 0
2 21 13 17 0
21 2 13 17 0
2 21 17 13 0
21 2 17 13 0
2 21 14 16 0
21 2 14 16 0
2 21 16 14 0
21 2 16 14 0
2 21 15 15 0
21 2 15 15 0
3 20 10 20 0
20 3 10 20 0
3 20 20 10 0
20 3 20 10 0
3 20 11 19 0
20 3 11 19 0
3 20 19 11 0
20 3 19 11 0
3 20 12 18 1
20 3 12 18 1
3 20 18 12 1
20 3 18 12 1
3 20 13 17 1
20 3 13 17 1
3 20 17 13 1
20 3 17 13 1
3 20 14 16 2
20 3 14 16 2
3 20 16 14 2
20 3 16 14 2
3 20 15 15 2
20 3 15 15 2
4 19 10 20 1
19 4 10 20 1
4 19 20 10 1
19 4 20 10 1
4 19 11 19 2
19 4 11 19 2
4 19 19 11 2
19 4 19 11 2
4 19 12 18 5
19 4 12 18 5
4 19 18 12 5
19 4 18 12 5
4 19 13 17 7
19 4 13 17 7
4 19 17 13 7
19 4 17 13 7
4 19 14 16 10
19 4 14 16 10
4 19 16 14 10
19 4 16 14 10
4 19 15 15 10
19 4 15 15 10
5 18 10 20 3
18 5 10 20 3
5 18 20 10 3
18 5 20 10 3
5 18 11 19 7
18 5 11 19 7
5 18 19 11 7
18 5 19 11 7
5 18 12 18 15
18 5 12 18 15
5 18 18 12 15
18 5 18 12 15
5 18 13 17 22
18 5 13 17 22
5 18 17 13 22
18 5 17 13 22
5 18 14 16 30
18 5 14 16 30
5 18 16 14 30
18 5 16 14 30
5 18 15 15 30
18 5 15 15 30
6 17 10 20 7
17 6 10 20 7
6 17 20 10 7
17 6 20 10 7
6 17 11 19 16
17 6 11 19 16
6 17 19 11 16
17 6 19 11 16
6 17 12 18 32
17 6 12 18 32
6 17 18 12 32
17 6 18 12 32
6 17 13 17 47
17 6 13 17 47
6 17 17 13 47
17 6 17 13 47
6 17 14 16 62
17 6 14 16 62
6 17 16 14 62
17 6 16 14 62
6 17 15 15 64
17 6 15 15 64
7 16 10 20 19
16 7 10 20 19
7 16 20 10 19
16 7 20 10 19
7 16 11 19 36
16 7 11 19 36
7 16 19 11 36
16 7 19 11 36
7 16 12 18 63
16 7 12 18 63
7 16 18 12 63
16 7 18 12 63
7 16 13 17 89
16 7 13 17 89
7 16 17 13 89
16 7 17 13 89
7 16 14 16 114
16 7 14 16 114
7 16 16 14 114
16 7 16 14 114
7 16 15 15 118
16 7 15 15 118
8 15 10 20 36
15 8 10 20 36
8 15 20 10 36
15 8 20 10 36
8 15 11 19 63
15 8 11 19 63
8 15 19 11 63
15 8 19 11 63
8 15 12 18 102
15 8 12 18 102
8 15 18 12 102
15 8 18 12 102
8 15 13 17 140
15 8 13 17 140
8 15 17 13 140
15 8 17 13 140
8 15 14 16 175
15 8 14 16 175
8 15 16 14 175
15 8 16 14 175
8 15 15 15 182
15 8 15 15 182
2 21 7 23 0
21 2 7 23 0
2 21 23 7 0
21 2 23 7 0
2 21 8 22 0
21 2 8 22 0
2 21 22 8 0
21 2 22 8 0
2 21 9 21 0
21 2 9 21 0
2 21 21 9 0
21 2 21 9 0
3 20 7 23 0
20 3 7 23 0
3 20 23 7 0
20 3 23 7 0
3 20 8 22 0
20 3 8 22 0
3 20 22 8 0
20 3 22 8 0
3 20 9 21 0
20 3 9 21 0
3 20 21 9 0
20 3 21 9 0
4 19 7 23 0
19 4 7 23 0
4 19 23 7 0
19 4 23 7 0
4 19 8 22 0
19 4 8 22 0
4 19 22 8 0
19 4 22 8 0
4 19 9 21 0
19 4 9 21 0
4 19 21 9 0
19 4 21 9 0
5 18 7 23 0
18 5 7 23 0
5 18 23 7 0
18 5 23 7 0
5 18 8 22 0
18 5 8 22 0
5 18 22 8 0
18 5 22 8 0
5 18 9 21 0
18 5 9 21 0
5 18 21 9 0
18 5 21 9 0
6 17 7 23 0
17 6 7 23 0
6 17 23 7 0
17 6 23 7 0
6 17 8 22 0
17 6 8 22 0
6 17 22 8 0
17 6 22 8 0
6 17 9 21 1
17 6 9 21 1
6 17 21 9 1
17 6 21 9 1
7 16 7 23 1
16 7 7 23 1
7 16 23 7 1
16 7 23 7 1
7 16 8 22 3
16 7 8 22 3
7 16 22 8 3
16 7 22 8 3
7 16 9 21 7
16 7 9 21 7
7 16 21 9 7
16 7 21 9 7
3 20 6 24 0
20 3 6 24 0
3 20 24 6 0
20 3 24 6 0
4 19 6 24 0
19 4 6 24 0
4 19 24 6 0
19 4 24 6 0
5 18 6 24 0
18 5 6 24 0
5 18 24 6 0
18 5 24 6 0
6 17 6 24 0
17 6 6 24 0
6 17 24 6 0
17 6 24 6 0
7 16 6 24 0
16 7 6 24 0
7 16 24 6 0
16 7 24 6 0
8 15 6 24 0
15 8 6 24 0
8 15 24 6 0
15 8 24 6 0
8 15 7 23 2
15 8 7 23 2
8 15 23 7 2
15 8 23 7 2
8 15 8 22 7
15 8 8 22 7
8 15 22 8 7
15 8 22 8 7
8 15 9 21 16
15 8 9 21 16
8 15 21 9 16
15 8 21 9 16
9 14 6 24 0
14 9 6 24 0
9 14 24 6 0
14 9 24 6 0
9 14 7 23 3
14 9 7 23 3
9 14 23 7 3
14 9 23 7 3
9 14 8 22 11
14 9 8 22 11
9 14 22 8 11
14 9 22 8 11
9 14 9 21 26
14 9 9 21 26
9 14 21 9 26
14 9 21 9 26
9 14 10 20 55
14 9 10 20 55
9 14 20 10 55
14 9 20 10 55
9 14 11 19 93
14 9 11 19 93
9 14 19 11 93
14 9 19 11 93
9 14 12 18 145
14 9 12 18 145
9 14 18 12 145
14 9 18 12 145
9 14 13 17 194
14 9 13 17 194
9 14 17 13 194
14 9 17 13 194
9 14 14 16 238
14 9 14 16 238
9 14 16 14 238
14 9 16 14 238
9 14 15 15 248
14 9 15 15 248
10 13 6 24 0
13 10 6 24 0
10 13 24 6 0
13 10 24 6 0
10 13 7 23 3
13 10 7 23 3
10 13 23 7 3
13 10 23 7 3
10 13 8 22 12
13 10 8 22 12
10 13 22 8 12
13 10 22 8 12
10 13 9 21 30
13 10 9 21 30
10 13 21 9 30
13 10 21 9 30
10 13 10 20 65
13 10 10 20 65
10 13 20 10 65
13 10 20 10 65
10 13 11 19 112
13 10 11 19 112
10 13 19 11 112
13 10 19 11 112
10 13 12 18 174
13 10 12 18 174
10 13 18 12 174
13 10 18 12 174
10 13 13 17 232
13 10 13 17 232
10 13 17 13 232
13 10 17 13 232
10 13 14 16 282
13 10 14 16 282
10 13 16 14 282
13 10 16 14 282
10 13 15 15 294
13 10 15 15 294
11 12 7 23 3
12 11 7 23 3
11 12 23 7 3
12 11 23 7 3
11 12 8 22 12
12 11 8 22 12
11 12 22 8 12
12 11 22 8 12
11 12 9 21 31
12 11 9 21 31
11 12 21 9 31
12 11 21 9 31
11 12 10 20 69
12 11 10 20 69
11 12 20 10 69
12 11 20 10 69
11 12 11 19 121
12 11 11 19 121
11 12 19 11 121
12 11 19 11 121
11 12 12 18 189
12 11 12 18 189
11 12 18 12 189
12 11 18 12 189
11 12 13 17 252
12 11 13 17 252
11 12 17 13 252
12 11 17 13 252
11 12 14 16 305
12 11 14 16 305
11 12 16 14 305
12 11 16 14 305
11 12 15 15 318
12 11 15 15 318
4 19 4 26 0
19 4 4 26 0
4 19 26 4 0
19 4 26 4 0
4 19 5 25 0
19 4 5 25 0
4 19 25 5 0
19 4 25 5 0
5 18 4 26 0
18 5 4 26 0
5 18 26 4 0
18 5 26 4 0
5 18 5 25 0
18 5 5 25 0
5 18 25 5 0
18 5 25 5 0
6 17 4 26 0
17 6 4 26 0
6 17 26 4 0
17 6 26 4 0
6 17 5 25 0
17 6 5 25 0
6 17 25 5 0
17 6 25 5 0
7 16 4 26 0
16 7 4 26 0
7 16 26 4 0
16 7 26 4 0
7 16 5 25 0
16 7 5 25 0
7 16 25 5 0
16 7 25 5 0
8 15 4 26 0
15 8 4 26 0
8 15 26 4 0
15 8 26 4 0
8 15 5 25 0
15 8 5 25 0
8 15 25 5 0
15 8 25 5 0
9 14 4 26 0
14 9 4 26 0
9 14 26 4 0
14 9 26 4 0
9 14 5 25 0
14 9 5 25 0
9 14 25 5 0
14 9 25 5 0
10 13 4 26 0
13 10 4 26 0
10 13 26 4 0
13 10 26 4 0
10 13 5 25 0
13 10 5 25 0
10 13 25 5 0
13 10 25 5 0
6 17 3 27 0
17 6 3 27 0
6 17 27 3 0
17 6 27 3 0
7 16 3 27 0
16 7 3 27 0
7 16 27 3 0
16 7 27 3 0
8 15 3 27 0
15 8 3 27 0
8 15 27 3 0
15 8 27 3 0
9 14 3 27 0
14 9 3 27 0
9 14 27 3 0
14 9 27 3 0
10 13 3 27 0
13 10 3 27 0
10 13 27 3 0
13 10 27 3 0
11 12 3 27 0
12 11 3 27 0
11 12 27 3 0
12 11 27 3 0
11 12 4 26 0
12 11 4 26 0
11 12 26 4 0
12 11 26 4 0
11 12 5 25 0
12 11 5 25 0
11 12 25 5 0
12 11 25 5 0
11 12 6 24 0
12 11 6 24 0
11 12 24 6 0
12 11 24 6 0
7 16 2 28 0
16 7 2 28 0
7 16 28 2 0
16 7 28 2 0
8 15 2 28 0
15 8 2 28 0
8 15 28 2 0
15 8 28 2 0
9 14 2 28 0
14 9 2 28 0
9 14 28 2 0
14 9 28 2 0
10 13 2 28 0
13 10 2 28 0
10 13 28 2 0
13 10 28 2 0
11 12 2 28 0
12 11 2 28 0
11 12 28 2 0
12 11 28 2 0
