11 23 43 60 0
23 11 43 60 0
11 23 60 43 0
23 11 60 43 0
11 23 44 59 0
23 11 44 59 0
11 23 59 44 0
23 11 59 44 0
11 23 45 58 0
23 11 45 58 0
11 23 58 45 0
23 11 58 45 0
11 23 46 57 0
23 11 46 57 0
11 23 57 46 0
23 11 57 46 0
11 23 47 56 0
23 11 47 56 0
11 23 56 47 0
23 11 56 47 0
11 23 48 55 0
23 11 48 55 0
11 23 55 48 0
23 11 55 48 0
11 23 49 54 0
23 11 49 54 0
11 23 54 49 0
23 11 54 49 0
11 23 50 53 0
23 11 50 53 0
11 23 53 50 0
23 11 53 50 0
12 22 43 60 0
22 12 43 60 0
12 22 60 43 0
22 12 60 43 0
12 22 44 59 0
22 12 44 59 0
12 22 59 44 0
22 12 59 44 0
12 22 45 58 0
22 12 45 58 0
12 22 58 45 0
22 12 58 45 0
12 22 46 57 0
22 12 46 57 0
12 22 57 46 0
22 12 57 46 0
12 22 47 56 0
22 12 47 56 0
12 22 56 47 0
22 12 56 47 0
12 22 48 55 0
22 12 48 55 0
12 22 55 48 0
22 12 55 48 0
12 22 49 54 0
22 12 49 54 0
12 22 54 49 0
22 12 54 49 0
12 22 50 53 0
22 12 50 53 0
12 22 53 50 0
22 12 53 50 0
13 21 43 60 0
21 13 43 60 0
13 21 60 43 0
21 13 60 43 0
13 21 44 59 0
21 13 44 59 0
13 21 59 44 0
21 13 59 44 0
13 21 45 58 0
21 13 45 58 0
13 21 58 45 0
21 13 58 45 0
13 21 46 57 0
21 13 46 57 0
13 21 57 46 0
21 13 57 46 0
13 21 47 56 0
21 13 47 56 0
13 21 56 47 0
21 13 56 47 0
13 21 48 55 0
21 13 48 55 0
13 21 55 48 0
21 13 55 48 0
13 21 49 54 0
21 13 49 54 0
13 21 54 49 0
21 13 54 49 0
13 21 50 53 0
21 13 50 53 0
13 21 53 50 0
21 13 53 50 0
11 23 51 52 0
23 11 51 52 0
11 23 52 51 0
23 11 52 51 0
12 22 51 52 0
22 12 51 52 0
12 22 52 51 0
22 12 52 51 0
13 21 51 52 0
21 13 51 52 0
13 21 52 51 0
21 13 52 51 0
12 22 39 64 0
22 12 39 64 0
12 22 64 39 0
22 12 64 39 0
12 22 40 63 0
22 12 40 63 0
12 22 63 40 0
22 12 63 40 0
12 22 41 62 0
22 12 41 62 0
12 22 62 41 0
22 12 62 41 0
12 22 42 61 0
22 12 42 61 0
12 22 61 42 0
22 12 61 42 0
13 21 39 64 0
21 13 39 64 0
13 21 64 39 0
21 13 64 39 0
13 21 40 63 0
21 13 40 63 0
13 21 63 40 0
21 13 63 40 0
13 21 41 62 0
21 13 41 62 0
13 21 62 41 0
21 13 62 41 0
13 21 42 61 0
21 13 42 61 0
13 21 61 42 0
21 13 61 42 0
14 20 39 64 0
20 14 39 64 0
14 20 64 39 0
20 14 64 39 0
14 20 40 63 0
20 14 40 63 0
14 20 63 40 0
20 14 63 40 0
14 20 41 62 0
20 14 41 62 0
14 20 62 41 0
20 14 62 41 0
14 20 42 61 0
20 14 42 61 0
14 20 61 42 0
20 14 61 42 0
14 20 43 60 0
20 14 43 60 0
14 20 60 43 0
20 14 60 43 0
14 20 44 59 0
20 14 44 59 0
14 20 59 44 0
20 14 59 44 0
14 20 45 58 0
20 14 45 58 0
14 20 58 45 0
20 14 58 45 0
14 20 46 57 0
20 14 46 57 0
14 20 57 46 0
20 14 57 46 0
14 20 47 56 0
20 14 47 56 0
14 20 56 47 0
20 14 56 47 0
14 20 48 55 0
20 14 48 55 0
14 20 55 48 0
20 14 55 48 0
14 20 49 54 0
20 14 49 54 0
14 20 54 49 0
20 14 54 49 0
14 20 50 53 0
20 14 50 53 0
14 20 53 50 0
20 14 53 50 0
14 20 51 52 0
20 14 51 52 0
14 20 52 51 0
20 14 52 51 0
13 21 37 66 0
21 13 37 66 0
13 21 66 37 0
21 13 66 37 0
13 21 38 65 0
21 13 38 65 0
13 21 65 38 0
21 13 65 38 0
14 20 37 66 0
20 14 37 66 0
14 20 66 37 0
20 14 66 37 0
14 20 38 65 0
20 14 38 65 0
14 20 65 38 0
20 14 65 38 0
15 19 37 66 0
19 15 37 66 0
15 19 66 37 0
19 15 66 37 0
15 19 38 65 0
19 15 38 65 0
15 19 65 38 0
19 15 65 38 0
15 19 39 64 0
19 15 39 64 0
15 19 64 39 0
19 15 64 39 0
15 19 40 63 0
19 15 40 63 0
15 19 63 40 0
19 15 63 40 0
15 19 41 62 0
19 15 41 62 0
15 19 62 41 0
19 15 62 41 0
15 19 42 61 0
19 15 42 61 0
15 19 61 42 0
19 15 61 42 0
15 19 43 60 0
19 15 43 60 0
15 19 60 43 0
19 15 60 43 0
15 19 44 59 0
19 15 44 59 0
15 19 59 44 0
19 15 59 44 0
15 19 45 58 0
19 15 45 58 0
15 19 58 45 0
19 15 58 45 0
15 19 46 57 0
19 15 46 57 0
15 19 57 46 0
19 15 57 46 0
15 19 47 56 0
19 15 47 56 0
15 19 56 47 0
19 15 56 47 0
15 19 48 55 0
19 15 48 55 0
15 19 55 48 0
19 15 55 48 0
15 19 49 54 0
19 15 49 54 0
15 19 54 49 0
19 15 54 49 0
15 19 50 53 0
19 15 50 53 0
15 19 53 50 0
19 15 53 50 0
15 19 51 52 0
19 15 51 52 0
15 19 52 51 0
19 15 52 51 0
16 18 37 66 0
18 16 37 66 0
16 18 66 37 0
18 16 66 37 0
16 18 38 65 0
18 16 38 65 0
16 18 65 38 0
18 16 65 38 0
16 18 39 64 0
18 16 39 64 0
16 18 64 39 0
18 16 64 39 0
16 18 40 63 0
18 16 40 63 0
16 18 63 40 0
18 16 63 40 0
16 18 41 62 0
18 16 41 62 0
16 18 62 41 0
18 16 62 41 0
16 18 42 61 1
18 16 42 61 1
16 18 61 42 1
18 16 61 42 1
16 18 43 60 2
18 16 43 60 2
16 18 60 43 2
18 16 60 43 2
16 18 44 59 3
18 16 44 59 3
16 18 59 44 3
18 16 59 44 3
16 18 45 58 4
18 16 45 58 4
16 18 58 45 4
18 16 58 45 4
16 18 46 57 5
18 16 46 57 5
16 18 57 46 5
18 16 57 46 5
16 18 47 56 6
18 16 47 56 6
16 18 56 47 6
18 16 56 47 6
16 18 48 55 6
18 16 48 55 6
16 18 55 48 6
18 16 55 48 6
16 18 49 54 6
18 16 49 54 6
16 18 54 49 6
18 16 54 49 6
16 18 50 53 6
18 16 50 53 6
16 18 53 50 6
18 16 53 50 6
16 18 51 52 6
18 16 51 52 6
16 18 52 51 6
18 16 52 51 6
17 17 39 64 0
17 17 64 39 0
17 17 40 63 0
17 17 63 40 0
17 17 41 62 0
17 17 62 41 0
17 17 42 61 1
17 17 61 42 1
17 17 43 60 2
17 17 60 43 2
17 17 44 59 3
17 17 59 44 3
17 17 45 58 4
17 17 58 45 4
17 17 46 57 5
17 17 57 46 5
17 17 47 56 6
17 17 56 47 6
17 17 48 55 6
17 17 55 48 6
17 17 49 54 6
17 17 54 49 6
17 17 50 53 6
17 17 53 50 6
17 17 51 52 6
17 17 52 51 6
14 20 36 67 0
20 14 36 67 0
14 20 67 36 0
20 14 67 36 0
15 19 36 67 0
19 15 36 67 0
15 19 67 36 0
19 15 67 36 0
16 18 36 67 0
18 16 36 67 0
16 18 67 36 0
18 16 67 36 0
15 19 35 68 0
19 15 35 68 0
15 19 68 35 0
19 15 68 35 0
16 18 35 68 0
18 16 35 68 0
16 18 68 35 0
18 16 68 35 0
17 17 35 68 0
17 17 68 35 0
17 17 36 67 0
17 17 67 36 0
17 17 37 66 0
17 17 66 37 0
17 17 38 65 0
17 17 65 38 0
