17 23 52 69 0
23 17 52 69 0
17 23 69 52 0
23 17 69 52 0
17 23 53 68 0
23 17 53 68 0
17 23 68 53 0
23 17 68 53 0
17 23 54 67 0
23 17 54 67 0
17 23 67 54 0
23 17 67 54 0
17 23 55 66 0
23 17 55 66 0
17 23 66 55 0
23 17 66 55 0
17 23 56 65 0
23 17 56 65 0
17 23 65 56 0
23 17 65 56 0
17 23 57 64 0
23 17 57 64 0
17 23 64 57 0
23 17 64 57 0
17 23 58 63 0
23 17 58 63 0
17 23 63 58 0
23 17 63 58 0
17 23 59 62 0
23 17 59 62 0
17 23 62 59 0
23 17 62 59 0
18 22 52 69 0
22 18 52 69 0
18 22 69 52 0
22 18 69 52 0
18 22 53 68 0
22 18 53 68 0
18 22 68 53 0
22 18 68 53 0
18 22 54 67 0
22 18 54 67 0
18 22 67 54 0
22 18 67 54 0
18 22 55 66 0
22 18 55 66 0
18 22 66 55 0
22 18 66 55 0
18 22 56 65 0
22 18 56 65 0
18 22 65 56 0
22 18 65 56 0
18 22 57 64 0
22 18 57 64 0
18 22 64 57 0
22 18 64 57 0
18 22 58 63 0
22 18 58 63 0
18 22 63 58 0
22 18 63 58 0
18 22 59 62 0
22 18 59 62 0
18 22 62 59 0
22 18 62 59 0
19 21 52 69 0
21 19 52 69 0
19 21 69 52 0
21 19 69 52 0
19 21 53 68 0
21 19 53 68 0
19 21 68 53 0
21 19 68 53 0
19 21 54 67 0
21 19 54 67 0
19 21 67 54 0
21 19 67 54 0
19 21 55 66 0
21 19 55 66 0
19 21 66 55 0
21 19 66 55 0
19 21 56 65 0
21 19 56 65 0
19 21 65 56 0
21 19 65 56 0
19 21 57 64 0
21 19 57 64 0
19 21 64 57 0
21 19 64 57 0
19 21 58 63 0
21 19 58 63 0
19 21 63 58 0
21 19 63 58 0
19 21 59 62 0
21 19 59 62 0
19 21 62 59 0
21 19 62 59 0
17 23 60 61 0
23 17 60 61 0
17 23 61 60 0
23 17 61 60 0
18 22 60 61 0
22 18 60 61 0
18 22 61 60 0
22 18 61 60 0
19 21 60 61 0
21 19 60 61 0
19 21 61 60 0
21 19 61 60 0
18 22 51 70 0
22 18 51 70 0
18 22 70 51 0
22 18 70 51 0
19 21 51 70 0
21 19 51 70 0
19 21 70 51 0
21 19 70 51 0
20 20 51 70 0
20 20 70 51 0
20 20 52 69 0
20 20 69 52 0
20 20 53 68 0
20 20 68 53 0
20 20 54 67 0
20 20 67 54 0
20 20 55 66 0
20 20 66 55 0
20 20 56 65 0
20 20 65 56 0
20 20 57 64 0
20 20 64 57 0
20 20 58 63 0
20 20 63 58 0
20 20 59 62 0
20 20 62 59 0
20 20 60 61 0
20 20 61 60 0
