6 22 36 49 0
22 6 36 49 0
6 22 49 36 0
22 6 49 36 0
6 22 37 48 0
22 6 37 48 0
6 22 48 37 0
22 6 48 37 0
6 22 38 47 0
22 6 38 47 0
6 22 47 38 0
22 6 47 38 0
6 22 39 46 0
22 6 39 46 0
6 22 46 39 0
22 6 46 39 0
6 22 40 45 0
22 6 40 45 0
6 22 45 40 0
22 6 45 40 0
6 22 41 44 0
22 6 41 44 0
6 22 44 41 0
22 6 44 41 0
6 22 42 43 0
22 6 42 43 0
6 22 43 42 0
22 6 43 42 0
7 21 36 49 0
21 7 36 49 0
7 21 49 36 0
21 7 49 36 0
7 21 37 48 0
21 7 37 48 0
7 21 48 37 0
21 7 48 37 0
7 21 38 47 0
21 7 38 47 0
7 21 47 38 0
21 7 47 38 0
7 21 39 46 0
21 7 39 46 0
7 21 46 39 0
21 7 46 39 0
7 21 40 45 0
21 7 40 45 0
7 21 45 40 0
21 7 45 40 0
7 21 41 44 0
21 7 41 44 0
7 21 44 41 0
21 7 44 41 0
7 21 42 43 0
21 7 42 43 0
7 21 43 42 0
21 7 43 42 0
8 20 36 49 0
20 8 36 49 0
8 20 49 36 0
20 8 49 36 0
8 20 37 48 0
20 8 37 48 0
8 20 48 37 0
20 8 48 37 0
8 20 38 47 0
20 8 38 47 0
8 20 47 38 0
20 8 47 38 0
8 20 39 46 0
20 8 39 46 0
8 20 46 39 0
20 8 46 39 0
8 20 40 45 0
20 8 40 45 0
8 20 45 40 0
20 8 45 40 0
8 20 41 44 0
20 8 41 44 0
8 20 44 41 0
20 8 44 41 0
8 20 42 43 1
20 8 42 43 1
8 20 43 42 1
20 8 43 42 1
7 21 31 54 0
21 7 31 54 0
7 21 54 31 0
21 7 54 31 0
7 21 32 53 0
21 7 32 53 0
7 21 53 32 0
21 7 53 32 0
7 21 33 52 0
21 7 33 52 0
7 21 52 33 0
21 7 52 33 0
7 21 34 51 0
21 7 34 51 0
7 21 51 34 0
21 7 51 34 0
7 21 35 50 0
21 7 35 50 0
7 21 50 35 0
21 7 50 35 0
8 20 31 54 0
20 8 31 54 0
8 20 54 31 0
20 8 54 31 0
8 20 32 53 0
20 8 32 53 0
8 20 53 32 0
20 8 53 32 0
8 20 33 52 0
20 8 33 52 0
8 20 52 33 0
20 8 52 33 0
8 20 34 51 0
20 8 34 51 0
8 20 51 34 0
20 8 51 34 0
8 20 35 50 0
20 8 35 50 0
8 20 50 35 0
20 8 50 35 0
9 19 31 54 0
19 9 31 54 0
9 19 54 31 0
19 9 54 31 0
9 19 32 53 0
19 9 32 53 0
9 19 53 32 0
19 9 53 32 0
9 19 33 52 0
19 9 33 52 0
9 19 52 33 0
19 9 52 33 0
9 19 34 51 0
19 9 34 51 0
9 19 51 34 0
19 9 51 34 0
9 19 35 50 0
19 9 35 50 0
9 19 50 35 0
19 9 50 35 0
9 19 36 49 0
19 9 36 49 0
9 19 49 36 0
19 9 49 36 0
9 19 37 48 1
19 9 37 48 1
9 19 48 37 1
19 9 48 37 1
9 19 38 47 3
19 9 38 47 3
9 19 47 38 3
19 9 47 38 3
9 19 39 46 5
19 9 39 46 5
9 19 46 39 5
19 9 46 39 5
9 19 40 45 7
19 9 40 45 7
9 19 45 40 7
19 9 45 40 7
9 19 41 44 9
19 9 41 44 9
9 19 44 41 9
19 9 44 41 9
9 19 42 43 11
19 9 42 43 11
9 19 43 42 11
19 9 43 42 11
8 20 28 57 0
20 8 28 57 0
8 20 57 28 0
20 8 57 28 0
8 20 29 56 0
20 8 29 56 0
8 20 56 29 0
20 8 56 29 0
8 20 30 55 0
20 8 30 55 0
8 20 55 30 0
20 8 55 30 0
9 19 28 57 0
19 9 28 57 0
9 19 57 28 0
19 9 57 28 0
9 19 29 56 0
19 9 29 56 0
9 19 56 29 0
19 9 56 29 0
9 19 30 55 0
19 9 30 55 0
9 19 55 30 0
19 9 55 30 0
10 18 28 57 0
18 10 28 57 0
10 18 57 28 0
18 10 57 28 0
10 18 29 56 0
18 10 29 56 0
10 18 56 29 0
18 10 56 29 0
10 18 30 55 0
18 10 30 55 0
10 18 55 30 0
18 10 55 30 0
10 18 31 54 0
18 10 31 54 0
10 18 54 31 0
18 10 54 31 0
10 18 32 53 0
18 10 32 53 0
10 18 53 32 0
18 10 53 32 0
10 18 33 52 1
18 10 33 52 1
10 18 52 33 1
18 10 52 33 1
10 18 34 51 3
18 10 34 51 3
10 18 51 34 3
18 10 51 34 3
10 18 35 50 7
18 10 35 50 7
10 18 50 35 7
18 10 50 35 7
10 18 36 49 13
18 10 36 49 13
10 18 49 36 13
18 10 49 36 13
10 18 37 48 23
18 10 37 48 23
10 18 48 37 23
18 10 48 37 23
10 18 38 47 36
18 10 38 47 36
10 18 47 38 36
18 10 47 38 36
10 18 39 46 50
18 10 39 46 50
10 18 46 39 50
18 10 46 39 50
10 18 40 45 63
18 10 40 45 63
10 18 45 40 63
18 10 45 40 63
10 18 41 44 74
18 10 41 44 74
10 18 44 41 74
18 10 44 41 74
10 18 42 43 81
18 10 42 43 81
10 18 43 42 81
18 10 43 42 81
9 19 27 58 0
19 9 27 58 0
9 19 58 27 0
19 9 58 27 0
10 18 27 58 0
18 10 27 58 0
10 18 58 27 0
18 10 58 27 0
11 17 27 58 0
17 11 27 58 0
11 17 58 27 0
17 11 58 27 0
11 17 28 57 0
17 11 28 57 0
11 17 57 28 0
17 11 57 28 0
11 17 29 56 0
17 11 29 56 0
11 17 56 29 0
17 11 56 29 0
11 17 30 55 1
17 11 30 55 1
11 17 55 30 1
17 11 55 30 1
11 17 31 54 3
17 11 31 54 3
11 17 54 31 3
17 11 54 31 3
11 17 32 53 7
17 11 32 53 7
11 17 53 32 7
17 11 53 32 7
11 17 33 52 16
17 11 33 52 16
11 17 52 33 16
17 11 52 33 16
11 17 34 51 31
17 11 34 51 31
11 17 51 34 31
17 11 51 34 31
11 17 35 50 54
17 11 35 50 54
11 17 50 35 54
17 11 50 35 54
11 17 36 49 87
17 11 36 49 87
11 17 49 36 87
17 11 49 36 87
11 17 37 48 129
17 11 37 48 129
11 17 48 37 129
17 11 48 37 129
11 17 38 47 178
17 11 38 47 178
11 17 47 38 178
17 11 47 38 178
11 17 39 46 230
17 11 39 46 230
11 17 46 39 230
17 11 46 39 230
11 17 40 45 277
17 11 40 45 277
11 17 45 40 277
17 11 45 40 277
11 17 41 44 313
17 11 41 44 313
11 17 44 41 313
17 11 44 41 313
11 17 42 43 334
17 11 42 43 334
11 17 43 42 334
17 11 43 42 334
12 16 28 57 0
16 12 28 57 0
12 16 57 28 0
16 12 57 28 0
12 16 29 56 1
16 12 29 56 1
12 16 56 29 1
16 12 56 29 1
12 16 30 55 4
16 12 30 55 4
12 16 55 30 4
16 12 55 30 4
12 16 31 54 12
16 12 31 54 12
12 16 54 31 12
16 12 54 31 12
12 16 32 53 27
16 12 32 53 27
12 16 53 32 27
16 12 53 32 27
12 16 33 52 55
16 12 33 52 55
12 16 52 33 55
16 12 52 33 55
12 16 34 51 99
16 12 34 51 99
12 16 51 34 99
16 12 51 34 99
12 16 35 50 164
16 12 35 50 164
12 16 50 35 164
16 12 50 35 164
12 16 36 49 249
16 12 36 49 249
12 16 49 36 249
16 12 49 36 249
12 16 37 48 354
16 12 37 48 354
12 16 48 37 354
16 12 48 37 354
12 16 38 47 471
16 12 38 47 471
12 16 47 38 471
16 12 47 38 471
12 16 39 46 590
16 12 39 46 590
12 16 46 39 590
16 12 46 39 590
12 16 40 45 696
16 12 40 45 696
12 16 45 40 696
16 12 45 40 696
12 16 41 44 777
16 12 41 44 777
12 16 44 41 777
16 12 44 41 777
12 16 42 43 821
16 12 42 43 821
12 16 43 42 821
16 12 43 42 821
13 15 31 54 29
15 13 31 54 29
13 15 54 31 29
15 13 54 31 29
13 15 32 53 61
15 13 32 53 61
13 15 53 32 61
15 13 53 32 61
13 15 33 52 115
15 13 33 52 115
13 15 52 33 115
15 13 52 33 115
13 15 34 51 197
15 13 34 51 197
13 15 51 34 197
15 13 51 34 197
13 15 35 50 312
15 13 35 50 312
13 15 50 35 312
15 13 50 35 312
13 15 36 49 460
15 13 36 49 460
13 15 49 36 460
15 13 49 36 460
13 15 37 48 637
15 13 37 48 637
13 15 48 37 637
15 13 48 37 637
13 15 38 47 831
15 13 38 47 831
13 15 47 38 831
15 13 47 38 831
13 15 39 46 1024
15 13 39 46 1024
13 15 46 39 1024
15 13 46 39 1024
13 15 40 45 1195
15 13 40 45 1195
13 15 45 40 1195
15 13 45 40 1195
13 15 41 44 1324
15 13 41 44 1324
13 15 44 41 1324
15 13 44 41 1324
13 15 42 43 1394
15 13 42 43 1394
13 15 43 42 1394
15 13 43 42 1394
14 14 36 49 550
14 14 49 36 550
14 14 37 48 759
14 14 48 37 759
14 14 38 47 985
14 14 47 38 985
14 14 39 46 1211
14 14 46 39 1211
14 14 40 45 1409
14 14 45 40 1409
14 14 41 44 1558
14 14 44 41 1558
14 14 42 43 1640
14 14 43 42 1640
9 19 26 59 0
19 9 26 59 0
9 19 59 26 0
19 9 59 26 0
10 18 26 59 0
18 10 26 59 0
10 18 59 26 0
18 10 59 26 0
11 17 26 59 0
17 11 26 59 0
11 17 59 26 0
17 11 59 26 0
10 18 24 61 0
18 10 24 61 0
10 18 61 24 0
18 10 61 24 0
10 18 25 60 0
18 10 25 60 0
10 18 60 25 0
18 10 60 25 0
11 17 24 61 0
17 11 24 61 0
11 17 61 24 0
17 11 61 24 0
11 17 25 60 0
17 11 25 60 0
11 17 60 25 0
17 11 60 25 0
12 16 24 61 0
16 12 24 61 0
12 16 61 24 0
16 12 61 24 0
12 16 25 60 0
16 12 25 60 0
12 16 60 25 0
16 12 60 25 0
12 16 26 59 0
16 12 26 59 0
12 16 59 26 0
16 12 59 26 0
12 16 27 58 0
16 12 27 58 0
12 16 58 27 0
16 12 58 27 0
13 15 24 61 0
15 13 24 61 0
13 15 61 24 0
15 13 61 24 0
13 15 25 60 0
15 13 25 60 0
13 15 60 25 0
15 13 60 25 0
13 15 26 59 0
15 13 26 59 0
13 15 59 26 0
15 13 59 26 0
13 15 27 58 0
15 13 27 58 0
13 15 58 27 0
15 13 58 27 0
13 15 28 57 1
15 13 28 57 1
13 15 57 28 1
15 13 57 28 1
13 15 29 56 4
15 13 29 56 4
13 15 56 29 4
15 13 56 29 4
13 15 30 55 12
15 13 30 55 12
13 15 55 30 12
15 13 55 30 12
14 14 26 59 0
14 14 59 26 0
14 14 27 58 0
14 14 58 27 0
14 14 28 57 1
14 14 57 28 1
14 14 29 56 5
14 14 56 29 5
14 14 30 55 15
14 14 55 30 15
14 14 31 54 36
14 14 54 31 36
14 14 32 53 74
14 14 53 32 74
14 14 33 52 140
14 14 52 33 140
14 14 34 51 238
14 14 51 34 238
14 14 35 50 375
14 14 50 35 375
11 17 23 62 0
17 11 23 62 0
11 17 62 23 0
17 11 62 23 0
12 16 23 62 0
16 12 23 62 0
12 16 62 23 0
16 12 62 23 0
13 15 23 62 0
15 13 23 62 0
13 15 62 23 0
15 13 62 23 0
12 16 22 63 0
16 12 22 63 0
12 16 63 22 0
16 12 63 22 0
13 15 22 63 0
15 13 22 63 0
13 15 63 22 0
15 13 63 22 0
14 14 22 63 0
14 14 63 22 0
14 14 23 62 0
14 14 62 23 0
14 14 24 61 0
14 14 61 24 0
14 14 25 60 0
14 14 60 25 0
