0 14 15 28 0
14 0 15 28 0
0 14 28 15 0
14 0 28 15 0
0 14 16 27 0
14 0 16 27 0
0 14 27 16 0
14 0 27 16 0
0 14 17 26 0
14 0 17 26 0
0 14 26 17 0
14 0 26 17 0
0 14 18 25 0
14 0 18 25 0
0 14 25 18 0
14 0 25 18 0
0 14 19 24 0
14 0 19 24 0
0 14 24 19 0
14 0 24 19 0
0 14 20 23 0
14 0 20 23 0
0 14 23 20 0
14 0 23 20 0
0 14 21 22 0
14 0 21 22 0
0 14 22 21 0
14 0 22 21 0
1 13 15 28 0
13 1 15 28 0
1 13 28 15 0
13 1 28 15 0
1 13 16 27 0
13 1 16 27 0
1 13 27 16 0
13 1 27 16 0
1 13 17 26 1
13 1 17 26 1
1 13 26 17 1
13 1 26 17 1
1 13 18 25 2
13 1 18 25 2
1 13 25 18 2
13 1 25 18 2
1 13 19 24 3
13 1 19 24 3
1 13 24 19 3
13 1 24 19 3
1 13 20 23 4
13 1 20 23 4
1 13 23 20 4
13 1 23 20 4
1 13 21 22 5
13 1 21 22 5
1 13 22 21 5
13 1 22 21 5
2 12 15 28 8
12 2 15 28 8
2 12 28 15 8
12 2 28 15 8
2 12 16 27 15
12 2 16 27 15
2 12 27 16 15
12 2 27 16 15
2 12 17 26 26
12 2 17 26 26
2 12 26 17 26
12 2 26 17 26
2 12 18 25 38
12 2 18 25 38
2 12 25 18 38
12 2 25 18 38
2 12 19 24 50
12 2 19 24 50
2 12 24 19 50
12 2 24 19 50
2 12 20 23 60
12 2 20 23 60
2 12 23 20 60
12 2 23 20 60
2 12 21 22 66
12 2 21 22 66
2 12 22 21 66
12 2 22 21 66
1 13 10 33 0
13 1 10 33 0
1 13 33 10 0
13 1 33 10 0
1 13 11 32 0
13 1 11 32 0
1 13 32 11 0
13 1 32 11 0
1 13 12 31 0
13 1 12 31 0
1 13 31 12 0
13 1 31 12 0
1 13 13 30 0
13 1 13 30 0
1 13 30 13 0
13 1 30 13 0
1 13 14 29 0
13 1 14 29 0
1 13 29 14 0
13 1 29 14 0
2 12 10 33 0
12 2 10 33 0
2 12 33 10 0
12 2 33 10 0
2 12 11 32 0
12 2 11 32 0
2 12 32 11 0
12 2 32 11 0
2 12 12 31 0
12 2 12 31 0
2 12 31 12 0
12 2 31 12 0
2 12 13 30 1
12 2 13 30 1
2 12 30 13 1
12 2 30 13 1
2 12 14 29 3
12 2 14 29 3
2 12 29 14 3
12 2 29 14 3
3 11 10 33 0
11 3 10 33 0
3 11 33 10 0
11 3 33 10 0
3 11 11 32 2
11 3 11 32 2
3 11 32 11 2
11 3 32 11 2
3 11 12 31 7
11 3 12 31 7
3 11 31 12 7
11 3 31 12 7
3 11 13 30 19
11 3 13 30 19
3 11 30 13 19
11 3 30 13 19
3 11 14 29 40
11 3 14 29 40
3 11 29 14 40
11 3 29 14 40
3 11 15 28 74
11 3 15 28 74
3 11 28 15 74
11 3 28 15 74
3 11 16 27 120
11 3 16 27 120
3 11 27 16 120
11 3 27 16 120
3 11 17 26 178
11 3 17 26 178
3 11 26 17 178
11 3 26 17 178
3 11 18 25 240
11 3 18 25 240
3 11 25 18 240
11 3 25 18 240
3 11 19 24 299
11 3 19 24 299
3 11 24 19 299
11 3 24 19 299
3 11 20 23 345
11 3 20 23 345
3 11 23 20 345
11 3 23 20 345
3 11 21 22 371
11 3 21 22 371
3 11 22 21 371
11 3 22 21 371
4 10 10 33 7
10 4 10 33 7
4 10 33 10 7
10 4 33 10 7
4 10 11 32 22
10 4 11 32 22
4 10 32 11 22
10 4 32 11 22
4 10 12 31 51
10 4 12 31 51
4 10 31 12 51
10 4 31 12 51
4 10 13 30 106
10 4 13 30 106
4 10 30 13 106
10 4 30 13 106
4 10 14 29 191
10 4 14 29 191
4 10 29 14 191
10 4 29 14 191
4 10 15 28 315
10 4 15 28 315
4 10 28 15 315
10 4 28 15 315
4 10 16 27 472
10 4 16 27 472
4 10 27 16 472
10 4 27 16 472
4 10 17 26 658
10 4 17 26 658
4 10 26 17 658
10 4 26 17 658
4 10 18 25 850
10 4 18 25 850
4 10 25 18 850
10 4 25 18 850
4 10 19 24 1028
10 4 19 24 1028
4 10 24 19 1028
10 4 24 19 1028
4 10 20 23 1164
10 4 20 23 1164
4 10 23 20 1164
10 4 23 20 1164
4 10 21 22 1239
10 4 21 22 1239
4 10 22 21 1239
10 4 22 21 1239
2 12 7 36 0
12 2 7 36 0
2 12 36 7 0
12 2 36 7 0
2 12 8 35 0
12 2 8 35 0
2 12 35 8 0
12 2 35 8 0
2 12 9 34 0
12 2 9 34 0
2 12 34 9 0
12 2 34 9 0
3 11 7 36 0
11 3 7 36 0
3 11 36 7 0
11 3 36 7 0
3 11 8 35 0
11 3 8 35 0
3 11 35 8 0
11 3 35 8 0
3 11 9 34 0
11 3 9 34 0
3 11 34 9 0
11 3 34 9 0
4 10 7 36 0
10 4 7 36 0
4 10 36 7 0
10 4 36 7 0
4 10 8 35 0
10 4 8 35 0
4 10 35 8 0
10 4 35 8 0
4 10 9 34 2
10 4 9 34 2
4 10 34 9 2
10 4 34 9 2
3 11 6 37 0
11 3 6 37 0
3 11 37 6 0
11 3 37 6 0
4 10 6 37 0
10 4 6 37 0
4 10 37 6 0
10 4 37 6 0
5 9 6 37 0
9 5 6 37 0
5 9 37 6 0
9 5 37 6 0
5 9 7 36 0
9 5 7 36 0
5 9 36 7 0
9 5 36 7 0
5 9 8 35 2
9 5 8 35 2
5 9 35 8 2
9 5 35 8 2
5 9 9 34 10
9 5 9 34 10
5 9 34 9 10
9 5 34 9 10
5 9 10 33 30
9 5 10 33 30
5 9 33 10 30
9 5 33 10 30
5 9 11 32 75
9 5 11 32 75
5 9 32 11 75
9 5 32 11 75
5 9 12 31 158
9 5 12 31 158
5 9 31 12 158
9 5 31 12 158
5 9 13 30 298
9 5 13 30 298
5 9 30 13 298
9 5 30 13 298
5 9 14 29 506
9 5 14 29 506
5 9 29 14 506
9 5 29 14 506
5 9 15 28 791
9 5 15 28 791
5 9 28 15 791
9 5 28 15 791
5 9 16 27 1143
9 5 16 27 1143
5 9 27 16 1143
9 5 27 16 1143
5 9 17 26 1544
9 5 17 26 1544
5 9 26 17 1544
9 5 26 17 1544
5 9 18 25 1952
9 5 18 25 1952
5 9 25 18 1952
9 5 25 18 1952
5 9 19 24 2322
9 5 19 24 2322
5 9 24 19 2322
9 5 24 19 2322
5 9 20 23 2603
9 5 20 23 2603
5 9 23 20 2603
9 5 23 20 2603
5 9 21 22 2756
9 5 21 22 2756
5 9 22 21 2756
9 5 22 21 2756
6 8 7 36 2
8 6 7 36 2
6 8 36 7 2
8 6 36 7 2
6 8 8 35 8
8 6 8 35 8
6 8 35 8 8
8 6 35 8 8
6 8 9 34 27
8 6 9 34 27
6 8 34 9 27
8 6 34 9 27
6 8 10 33 68
8 6 10 33 68
6 8 33 10 68
8 6 33 10 68
6 8 11 32 154
8 6 11 32 154
6 8 32 11 154
8 6 32 11 154
6 8 12 31 302
8 6 12 31 302
6 8 31 12 302
8 6 31 12 302
6 8 13 30 542
8 6 13 30 542
6 8 30 13 542
8 6 30 13 542
6 8 14 29 886
8 6 14 29 886
6 8 29 14 886
8 6 29 14 886
6 8 15 28 1348
8 6 15 28 1348
6 8 28 15 1348
8 6 28 15 1348
6 8 16 27 1906
8 6 16 27 1906
6 8 27 16 1906
8 6 27 16 1906
6 8 17 26 2533
8 6 17 26 2533
6 8 26 17 2533
8 6 26 17 2533
6 8 18 25 3163
8 6 18 25 3163
6 8 25 18 3163
8 6 25 18 3163
6 8 19 24 3731
8 6 19 24 3731
6 8 24 19 3731
8 6 24 19 3731
6 8 20 23 4159
8 6 20 23 4159
6 8 23 20 4159
8 6 23 20 4159
6 8 21 22 4391
8 6 21 22 4391
6 8 22 21 4391
8 6 22 21 4391
4 10 4 39 0
10 4 4 39 0
4 10 39 4 0
10 4 39 4 0
4 10 5 38 0
10 4 5 38 0
4 10 38 5 0
10 4 38 5 0
5 9 4 39 0
9 5 4 39 0
5 9 39 4 0
9 5 39 4 0
5 9 5 38 0
9 5 5 38 0
5 9 38 5 0
9 5 38 5 0
6 8 4 39 0
8 6 4 39 0
6 8 39 4 0
8 6 39 4 0
6 8 5 38 0
8 6 5 38 0
6 8 38 5 0
8 6 38 5 0
6 8 6 37 0
8 6 6 37 0
6 8 37 6 0
8 6 37 6 0
7 7 4 39 0
7 7 39 4 0
7 7 5 38 0
7 7 38 5 0
7 7 6 37 0
7 7 37 6 0
7 7 7 36 2
7 7 36 7 2
7 7 8 35 10
7 7 35 8 10
7 7 9 34 33
7 7 34 9 33
7 7 10 33 84
7 7 33 10 84
7 7 11 32 187
7 7 32 11 187
7 7 12 31 365
7 7 31 12 365
7 7 13 30 648
7 7 30 13 648
7 7 14 29 1053
7 7 29 14 1053
7 7 15 28 1591
7 7 28 15 1591
7 7 16 27 2240
7 7 27 16 2240
7 7 17 26 2963
7 7 26 17 2963
7 7 18 25 3689
7 7 25 18 3689
7 7 19 24 4340
7 7 24 19 4340
7 7 20 23 4831
7 7 23 20 4831
7 7 21 22 5096
7 7 22 21 5096
6 8 3 40 0
8 6 3 40 0
6 8 40 3 0
8 6 40 3 0
7 7 3 40 0
7 7 40 3 0
