4 20 27 46 0
20 4 27 46 0
4 20 46 27 0
20 4 46 27 0
4 20 28 45 0
20 4 28 45 0
4 20 45 28 0
20 4 45 28 0
4 20 29 44 0
20 4 29 44 0
4 20 44 29 0
20 4 44 29 0
4 20 30 43 0
20 4 30 43 0
4 20 43 30 0
20 4 43 30 0
4 20 31 42 0
20 4 31 42 0
4 20 42 31 0
20 4 42 31 0
4 20 32 41 0
20 4 32 41 0
4 20 41 32 0
20 4 41 32 0
4 20 33 40 0
20 4 33 40 0
4 20 40 33 0
20 4 40 33 0
4 20 34 39 0
20 4 34 39 0
4 20 39 34 0
20 4 39 34 0
5 19 27 46 0
19 5 27 46 0
5 19 46 27 0
19 5 46 27 0
5 19 28 45 0
19 5 28 45 0
5 19 45 28 0
19 5 45 28 0
5 19 29 44 0
19 5 29 44 0
5 19 44 29 0
19 5 44 29 0
5 19 30 43 0
19 5 30 43 0
5 19 43 30 0
19 5 43 30 0
5 19 31 42 0
19 5 31 42 0
5 19 42 31 0
19 5 42 31 0
5 19 32 41 0
19 5 32 41 0
5 19 41 32 0
19 5 41 32 0
5 19 33 40 0
19 5 33 40 0
5 19 40 33 0
19 5 40 33 0
5 19 34 39 0
19 5 34 39 0
5 19 39 34 0
19 5 39 34 0
6 18 27 46 0
18 6 27 46 0
6 18 46 27 0
18 6 46 27 0
6 18 28 45 0
18 6 28 45 0
6 18 45 28 0
18 6 45 28 0
6 18 29 44 0
18 6 29 44 0
6 18 44 29 0
18 6 44 29 0
6 18 30 43 0
18 6 30 43 0
6 18 43 30 0
18 6 43 30 0
6 18 31 42 1
18 6 31 42 1
6 18 42 31 1
18 6 42 31 1
6 18 32 41 3
18 6 32 41 3
6 18 41 32 3
18 6 41 32 3
6 18 33 40 5
18 6 33 40 5
6 18 40 33 5
18 6 40 33 5
6 18 34 39 7
18 6 34 39 7
6 18 39 34 7
18 6 39 34 7
4 20 35 38 0
20 4 35 38 0
4 20 38 35 0
20 4 38 35 0
5 19 35 38 0
19 5 35 38 0
5 19 38 35 0
19 5 38 35 0
6 18 35 38 9
18 6 35 38 9
6 18 38 35 9
18 6 38 35 9
4 20 36 37 0
20 4 36 37 0
4 20 37 36 0
20 4 37 36 0
5 19 36 37 0
19 5 36 37 0
5 19 37 36 0
19 5 37 36 0
6 18 36 37 10
18 6 36 37 10
6 18 37 36 10
18 6 37 36 10
5 19 24 49 0
19 5 24 49 0
5 19 49 24 0
19 5 49 24 0
5 19 25 48 0
19 5 25 48 0
5 19 48 25 0
19 5 48 25 0
5 19 26 47 0
19 5 26 47 0
5 19 47 26 0
19 5 47 26 0
6 18 24 49 0
18 6 24 49 0
6 18 49 24 0
18 6 49 24 0
6 18 25 48 0
18 6 25 48 0
6 18 48 25 0
18 6 48 25 0
6 18 26 47 0
18 6 26 47 0
6 18 47 26 0
18 6 47 26 0
7 17 24 49 0
17 7 24 49 0
7 17 49 24 0
17 7 49 24 0
7 17 25 48 0
17 7 25 48 0
7 17 48 25 0
17 7 48 25 0
7 17 26 47 0
17 7 26 47 0
7 17 47 26 0
17 7 47 26 0
7 17 27 46 1
17 7 27 46 1
7 17 46 27 1
17 7 46 27 1
7 17 28 45 4
17 7 28 45 4
7 17 45 28 4
17 7 45 28 4
7 17 29 44 9
17 7 29 44 9
7 17 44 29 9
17 7 44 29 9
7 17 30 43 18
17 7 30 43 18
7 17 43 30 18
17 7 43 30 18
7 17 31 42 32
17 7 31 42 32
7 17 42 31 32
17 7 42 31 32
7 17 32 41 50
17 7 32 41 50
7 17 41 32 50
17 7 41 32 50
7 17 33 40 70
17 7 33 40 70
7 17 40 33 70
17 7 40 33 70
7 17 34 39 89
17 7 34 39 89
7 17 39 34 89
17 7 39 34 89
7 17 35 38 105
17 7 35 38 105
7 17 38 35 105
17 7 38 35 105
7 17 36 37 114
17 7 36 37 114
7 17 37 36 114
17 7 37 36 114
6 18 23 50 0
18 6 23 50 0
6 18 50 23 0
18 6 50 23 0
7 17 23 50 0
17 7 23 50 0
7 17 50 23 0
17 7 50 23 0
8 16 23 50 0
16 8 23 50 0
8 16 50 23 0
16 8 50 23 0
8 16 24 49 1
16 8 24 49 1
8 16 49 24 1
16 8 49 24 1
8 16 25 48 3
16 8 25 48 3
8 16 48 25 3
16 8 48 25 3
8 16 26 47 9
16 8 26 47 9
8 16 47 26 9
16 8 47 26 9
8 16 27 46 22
16 8 27 46 22
8 16 46 27 22
16 8 46 27 22
8 16 28 45 47
16 8 28 45 47
8 16 45 28 47
16 8 45 28 47
8 16 29 44 86
16 8 29 44 86
8 16 44 29 86
16 8 44 29 86
8 16 30 43 143
16 8 30 43 143
8 16 43 30 143
16 8 43 30 143
8 16 31 42 218
16 8 31 42 218
8 16 42 31 218
16 8 42 31 218
8 16 32 41 307
16 8 32 41 307
8 16 41 32 307
16 8 41 32 307
8 16 33 40 400
16 8 33 40 400
8 16 40 33 400
16 8 40 33 400
8 16 34 39 486
16 8 34 39 486
8 16 39 34 486
16 8 39 34 486
8 16 35 38 553
16 8 35 38 553
8 16 38 35 553
16 8 38 35 553
8 16 36 37 590
16 8 36 37 590
8 16 37 36 590
16 8 37 36 590
9 15 24 49 8
15 9 24 49 8
9 15 49 24 8
15 9 49 24 8
9 15 25 48 23
15 9 25 48 23
9 15 48 25 23
15 9 48 25 23
9 15 26 47 55
15 9 26 47 55
9 15 47 26 55
15 9 47 26 55
9 15 27 46 113
15 9 27 46 113
9 15 46 27 113
15 9 46 27 113
9 15 28 45 209
15 9 28 45 209
9 15 45 28 209
15 9 45 28 209
9 15 29 44 351
15 9 29 44 351
9 15 44 29 351
15 9 44 29 351
9 15 30 43 542
15 9 30 43 542
9 15 43 30 542
15 9 43 30 542
9 15 31 42 779
15 9 31 42 779
9 15 42 31 779
15 9 42 31 779
9 15 32 41 1047
15 9 32 41 1047
9 15 41 32 1047
15 9 41 32 1047
9 15 33 40 1319
15 9 33 40 1319
9 15 40 33 1319
15 9 40 33 1319
9 15 34 39 1565
15 9 34 39 1565
9 15 39 34 1565
15 9 39 34 1565
9 15 35 38 1753
15 9 35 38 1753
9 15 38 35 1753
15 9 38 35 1753
9 15 36 37 1854
15 9 36 37 1854
9 15 37 36 1854
15 9 37 36 1854
10 14 27 46 325
14 10 27 46 325
10 14 46 27 325
14 10 46 27 325
10 14 28 45 559
14 10 28 45 559
10 14 45 28 559
14 10 45 28 559
10 14 29 44 887
14 10 29 44 887
10 14 44 29 887
14 10 44 29 887
10 14 30 43 1314
14 10 30 43 1314
10 14 43 30 1314
14 10 43 30 1314
10 14 31 42 1825
14 10 31 42 1825
10 14 42 31 1825
14 10 42 31 1825
10 14 32 41 2388
14 10 32 41 2388
10 14 41 32 2388
14 10 41 32 2388
10 14 33 40 2950
14 10 33 40 2950
10 14 40 33 2950
14 10 40 33 2950
10 14 34 39 3451
14 10 34 39 3451
10 14 39 34 3451
14 10 39 34 3451
10 14 35 38 3828
14 10 35 38 3828
10 14 38 35 3828
14 10 38 35 3828
10 14 36 37 4031
14 10 36 37 4031
10 14 37 36 4031
14 10 37 36 4031
6 18 21 52 0
18 6 21 52 0
6 18 52 21 0
18 6 52 21 0
6 18 22 51 0
18 6 22 51 0
6 18 51 22 0
18 6 51 22 0
7 17 21 52 0
17 7 21 52 0
7 17 52 21 0
17 7 52 21 0
7 17 22 51 0
17 7 22 51 0
7 17 51 22 0
17 7 51 22 0
8 16 21 52 0
16 8 21 52 0
8 16 52 21 0
16 8 52 21 0
8 16 22 51 0
16 8 22 51 0
8 16 51 22 0
16 8 51 22 0
7 17 19 54 0
17 7 19 54 0
7 17 54 19 0
17 7 54 19 0
7 17 20 53 0
17 7 20 53 0
7 17 53 20 0
17 7 53 20 0
8 16 19 54 0
16 8 19 54 0
8 16 54 19 0
16 8 54 19 0
8 16 20 53 0
16 8 20 53 0
8 16 53 20 0
16 8 53 20 0
9 15 19 54 0
15 9 19 54 0
9 15 54 19 0
15 9 54 19 0
9 15 20 53 0
15 9 20 53 0
9 15 53 20 0
15 9 53 20 0
9 15 21 52 0
15 9 21 52 0
9 15 52 21 0
15 9 52 21 0
9 15 22 51 0
15 9 22 51 0
9 15 51 22 0
15 9 51 22 0
9 15 23 50 2
15 9 23 50 2
9 15 50 23 2
15 9 50 23 2
10 14 19 54 0
14 10 19 54 0
10 14 54 19 0
14 10 54 19 0
10 14 20 53 0
14 10 20 53 0
10 14 53 20 0
14 10 53 20 0
10 14 21 52 1
14 10 21 52 1
10 14 52 21 1
14 10 52 21 1
10 14 22 51 4
14 10 22 51 4
10 14 51 22 4
14 10 51 22 4
10 14 23 50 13
14 10 23 50 13
10 14 50 23 13
14 10 50 23 13
10 14 24 49 36
14 10 24 49 36
10 14 49 24 36
14 10 49 24 36
10 14 25 48 84
14 10 25 48 84
10 14 48 25 84
14 10 48 25 84
10 14 26 47 174
14 10 26 47 174
10 14 47 26 174
14 10 47 26 174
11 13 21 52 2
13 11 21 52 2
11 13 52 21 2
13 11 52 21 2
11 13 22 51 9
13 11 22 51 9
11 13 51 22 9
13 11 51 22 9
11 13 23 50 28
13 11 23 50 28
11 13 50 23 28
13 11 50 23 28
11 13 24 49 72
13 11 24 49 72
11 13 49 24 72
13 11 49 24 72
11 13 25 48 160
13 11 25 48 160
11 13 48 25 160
13 11 48 25 160
11 13 26 47 317
13 11 26 47 317
11 13 47 26 317
13 11 47 26 317
11 13 27 46 573
13 11 27 46 573
11 13 46 27 573
13 11 46 27 573
11 13 28 45 956
13 11 28 45 956
11 13 45 28 956
13 11 45 28 956
11 13 29 44 1483
13 11 29 44 1483
11 13 44 29 1483
13 11 44 29 1483
11 13 30 43 2155
13 11 30 43 2155
11 13 43 30 2155
13 11 43 30 2155
11 13 31 42 2948
13 11 31 42 2948
11 13 42 31 2948
13 11 42 31 2948
11 13 32 41 3810
13 11 32 41 3810
11 13 41 32 3810
13 11 41 32 3810
11 13 33 40 4663
13 11 33 40 4663
11 13 40 33 4663
13 11 40 33 4663
11 13 34 39 5417
13 11 34 39 5417
11 13 39 34 5417
13 11 39 34 5417
11 13 35 38 5982
13 11 35 38 5982
11 13 38 35 5982
13 11 38 35 5982
11 13 36 37 6285
13 11 36 37 6285
11 13 37 36 6285
13 11 37 36 6285
12 12 25 48 203
12 12 48 25 203
12 12 26 47 394
12 12 47 26 394
12 12 27 46 699
12 12 46 27 699
12 12 28 45 1152
12 12 45 28 1152
12 12 29 44 1769
12 12 44 29 1769
12 12 30 43 2551
12 12 43 30 2551
12 12 31 42 3468
12 12 42 31 3468
12 12 32 41 4463
12 12 41 32 4463
12 12 33 40 5442
12 12 40 33 5442
12 12 34 39 6306
12 12 39 34 6306
12 12 35 38 6953
12 12 38 35 6953
12 12 36 37 7299
12 12 37 36 7299
8 16 17 56 0
16 8 17 56 0
8 16 56 17 0
16 8 56 17 0
8 16 18 55 0
16 8 18 55 0
8 16 55 18 0
16 8 55 18 0
9 15 17 56 0
15 9 17 56 0
9 15 56 17 0
15 9 56 17 0
9 15 18 55 0
15 9 18 55 0
9 15 55 18 0
15 9 55 18 0
10 14 17 56 0
14 10 17 56 0
10 14 56 17 0
14 10 56 17 0
10 14 18 55 0
14 10 18 55 0
10 14 55 18 0
14 10 55 18 0
9 15 16 57 0
15 9 16 57 0
9 15 57 16 0
15 9 57 16 0
10 14 16 57 0
14 10 16 57 0
10 14 57 16 0
14 10 57 16 0
11 13 16 57 0
13 11 16 57 0
11 13 57 16 0
13 11 57 16 0
11 13 17 56 0
13 11 17 56 0
11 13 56 17 0
13 11 56 17 0
11 13 18 55 0
13 11 18 55 0
11 13 55 18 0
13 11 55 18 0
11 13 19 54 0
13 11 19 54 0
11 13 54 19 0
13 11 54 19 0
11 13 20 53 0
13 11 20 53 0
11 13 53 20 0
13 11 53 20 0
12 12 17 56 0
12 12 56 17 0
12 12 18 55 0
12 12 55 18 0
12 12 19 54 0
12 12 54 19 0
12 12 20 53 1
12 12 53 20 1
12 12 21 52 4
12 12 52 21 4
12 12 22 51 14
12 12 51 22 14
12 12 23 50 39
12 12 50 23 39
12 12 24 49 95
12 12 49 24 95
10 14 15 58 0
14 10 15 58 0
10 14 58 15 0
14 10 58 15 0
11 13 15 58 0
13 11 15 58 0
11 13 58 15 0
13 11 58 15 0
12 12 15 58 0
12 12 58 15 0
12 12 16 57 0
12 12 57 16 0
