19 23 57 70 0
23 19 57 70 0
19 23 70 57 0
23 19 70 57 0
19 23 58 69 0
23 19 58 69 0
19 23 69 58 0
23 19 69 58 0
19 23 59 68 0
23 19 59 68 0
19 23 68 59 0
23 19 68 59 0
19 23 60 67 0
23 19 60 67 0
19 23 67 60 0
23 19 67 60 0
19 23 61 66 0
23 19 61 66 0
19 23 66 61 0
23 19 66 61 0
19 23 62 65 0
23 19 62 65 0
19 23 65 62 0
23 19 65 62 0
19 23 63 64 0
23 19 63 64 0
19 23 64 63 0
23 19 64 63 0
20 22 57 70 0
22 20 57 70 0
20 22 70 57 0
22 20 70 57 0
20 22 58 69 0
22 20 58 69 0
20 22 69 58 0
22 20 69 58 0
20 22 59 68 0
22 20 59 68 0
20 22 68 59 0
22 20 68 59 0
20 22 60 67 0
22 20 60 67 0
20 22 67 60 0
22 20 67 60 0
20 22 61 66 0
22 20 61 66 0
20 22 66 61 0
22 20 66 61 0
20 22 62 65 0
22 20 62 65 0
20 22 65 62 0
22 20 65 62 0
20 22 63 64 0
22 20 63 64 0
20 22 64 63 0
22 20 64 63 0
21 21 57 70 0
21 21 70 57 0
21 21 58 69 0
21 21 69 58 0
21 21 59 68 0
21 21 68 59 0
21 21 60 67 0
21 21 67 60 0
21 21 61 66 0
21 21 66 61 0
21 21 62 65 0
21 21 65 62 0
21 21 63 64 0
21 21 64 63 0
