13 23 45 64 0
23 13 45 64 0
13 23 64 45 0
23 13 64 45 0
13 23 46 63 0
23 13 46 63 0
13 23 63 46 0
23 13 63 46 0
13 23 47 62 0
23 13 47 62 0
13 23 62 47 0
23 13 62 47 0
13 23 48 61 0
23 13 48 61 0
13 23 61 48 0
23 13 61 48 0
13 23 49 60 0
23 13 49 60 0
13 23 60 49 0
23 13 60 49 0
13 23 50 59 0
23 13 50 59 0
13 23 59 50 0
23 13 59 50 0
13 23 51 58 0
23 13 51 58 0
13 23 58 51 0
23 13 58 51 0
13 23 52 57 0
23 13 52 57 0
13 23 57 52 0
23 13 57 52 0
14 22 45 64 0
22 14 45 64 0
14 22 64 45 0
22 14 64 45 0
14 22 46 63 0
22 14 46 63 0
14 22 63 46 0
22 14 63 46 0
14 22 47 62 0
22 14 47 62 0
14 22 62 47 0
22 14 62 47 0
14 22 48 61 0
22 14 48 61 0
14 22 61 48 0
22 14 61 48 0
14 22 49 60 0
22 14 49 60 0
14 22 60 49 0
22 14 60 49 0
14 22 50 59 0
22 14 50 59 0
14 22 59 50 0
22 14 59 50 0
14 22 51 58 0
22 14 51 58 0
14 22 58 51 0
22 14 58 51 0
14 22 52 57 0
22 14 52 57 0
14 22 57 52 0
22 14 57 52 0
15 21 45 64 0
21 15 45 64 0
15 21 64 45 0
21 15 64 45 0
15 21 46 63 0
21 15 46 63 0
15 21 63 46 0
21 15 63 46 0
15 21 47 62 0
21 15 47 62 0
15 21 62 47 0
21 15 62 47 0
15 21 48 61 0
21 15 48 61 0
15 21 61 48 0
21 15 61 48 0
15 21 49 60 0
21 15 49 60 0
15 21 60 49 0
21 15 60 49 0
15 21 50 59 0
21 15 50 59 0
15 21 59 50 0
21 15 59 50 0
15 21 51 58 0
21 15 51 58 0
15 21 58 51 0
21 15 58 51 0
15 21 52 57 0
21 15 52 57 0
15 21 57 52 0
21 15 57 52 0
13 23 53 56 0
23 13 53 56 0
13 23 56 53 0
23 13 56 53 0
14 22 53 56 0
22 14 53 56 0
14 22 56 53 0
22 14 56 53 0
15 21 53 56 0
21 15 53 56 0
15 21 56 53 0
21 15 56 53 0
13 23 54 55 0
23 13 54 55 0
13 23 55 54 0
23 13 55 54 0
14 22 54 55 0
22 14 54 55 0
14 22 55 54 0
22 14 55 54 0
15 21 54 55 0
21 15 54 55 0
15 21 55 54 0
21 15 55 54 0
14 22 42 67 0
22 14 42 67 0
14 22 67 42 0
22 14 67 42 0
14 22 43 66 0
22 14 43 66 0
14 22 66 43 0
22 14 66 43 0
14 22 44 65 0
22 14 44 65 0
14 22 65 44 0
22 14 65 44 0
15 21 42 67 0
21 15 42 67 0
15 21 67 42 0
21 15 67 42 0
15 21 43 66 0
21 15 43 66 0
15 21 66 43 0
21 15 66 43 0
15 21 44 65 0
21 15 44 65 0
15 21 65 44 0
21 15 65 44 0
16 20 42 67 0
20 16 42 67 0
16 20 67 42 0
20 16 67 42 0
16 20 43 66 0
20 16 43 66 0
16 20 66 43 0
20 16 66 43 0
16 20 44 65 0
20 16 44 65 0
16 20 65 44 0
20 16 65 44 0
16 20 45 64 0
20 16 45 64 0
16 20 64 45 0
20 16 64 45 0
16 20 46 63 0
20 16 46 63 0
16 20 63 46 0
20 16 63 46 0
16 20 47 62 0
20 16 47 62 0
16 20 62 47 0
20 16 62 47 0
16 20 48 61 0
20 16 48 61 0
16 20 61 48 0
20 16 61 48 0
16 20 49 60 0
20 16 49 60 0
16 20 60 49 0
20 16 60 49 0
16 20 50 59 0
20 16 50 59 0
16 20 59 50 0
20 16 59 50 0
16 20 51 58 0
20 16 51 58 0
16 20 58 51 0
20 16 58 51 0
16 20 52 57 0
20 16 52 57 0
16 20 57 52 0
20 16 57 52 0
16 20 53 56 0
20 16 53 56 0
16 20 56 53 0
20 16 56 53 0
16 20 54 55 0
20 16 54 55 0
16 20 55 54 0
20 16 55 54 0
15 21 41 68 0
21 15 41 68 0
15 21 68 41 0
21 15 68 41 0
16 20 41 68 0
20 16 41 68 0
16 20 68 41 0
20 16 68 41 0
17 19 41 68 0
19 17 41 68 0
17 19 68 41 0
19 17 68 41 0
17 19 42 67 0
19 17 42 67 0
17 19 67 42 0
19 17 67 42 0
17 19 43 66 0
19 17 43 66 0
17 19 66 43 0
19 17 66 43 0
17 19 44 65 0
19 17 44 65 0
17 19 65 44 0
19 17 65 44 0
17 19 45 64 0
19 17 45 64 0
17 19 64 45 0
19 17 64 45 0
17 19 46 63 0
19 17 46 63 0
17 19 63 46 0
19 17 63 46 0
17 19 47 62 0
19 17 47 62 0
17 19 62 47 0
19 17 62 47 0
17 19 48 61 0
19 17 48 61 0
17 19 61 48 0
19 17 61 48 0
17 19 49 60 0
19 17 49 60 0
17 19 60 49 0
19 17 60 49 0
17 19 50 59 0
19 17 50 59 0
17 19 59 50 0
19 17 59 50 0
17 19 51 58 0
19 17 51 58 0
17 19 58 51 0
19 17 58 51 0
17 19 52 57 0
19 17 52 57 0
17 19 57 52 0
19 17 57 52 0
17 19 53 56 0
19 17 53 56 0
17 19 56 53 0
19 17 56 53 0
17 19 54 55 0
19 17 54 55 0
17 19 55 54 0
19 17 55 54 0
18 18 42 67 0
18 18 67 42 0
18 18 43 66 0
18 18 66 43 0
18 18 44 65 0
18 18 65 44 0
18 18 45 64 0
18 18 64 45 0
18 18 46 63 0
18 18 63 46 0
18 18 47 62 1
18 18 62 47 1
18 18 48 61 1
18 18 61 48 1
18 18 49 60 1
18 18 60 49 1
18 18 50 59 1
18 18 59 50 1
18 18 51 58 1
18 18 58 51 1
18 18 52 57 1
18 18 57 52 1
18 18 53 56 1
18 18 56 53 1
18 18 54 55 1
18 18 55 54 1
16 20 40 69 0
20 16 40 69 0
16 20 69 40 0
20 16 69 40 0
17 19 40 69 0
19 17 40 69 0
17 19 69 40 0
19 17 69 40 0
18 18 40 69 0
18 18 69 40 0
18 18 41 68 0
18 18 68 41 0
