3 19 24 43 0
19 3 24 43 0
3 19 43 24 0
19 3 43 24 0
3 19 25 42 0
19 3 25 42 0
3 19 42 25 0
19 3 42 25 0
3 19 26 41 0
19 3 26 41 0
3 19 41 26 0
19 3 41 26 0
3 19 27 40 0
19 3 27 40 0
3 19 40 27 0
19 3 40 27 0
3 19 28 39 0
19 3 28 39 0
3 19 39 28 0
19 3 39 28 0
3 19 29 38 0
19 3 29 38 0
3 19 38 29 0
19 3 38 29 0
3 19 30 37 0
19 3 30 37 0
3 19 37 30 0
19 3 37 30 0
3 19 31 36 0
19 3 31 36 0
3 19 36 31 0
19 3 36 31 0
4 18 24 43 0
18 4 24 43 0
4 18 43 24 0
18 4 43 24 0
4 18 25 42 0
18 4 25 42 0
4 18 42 25 0
18 4 42 25 0
4 18 26 41 0
18 4 26 41 0
4 18 41 26 0
18 4 41 26 0
4 18 27 40 0
18 4 27 40 0
4 18 40 27 0
18 4 40 27 0
4 18 28 39 0
18 4 28 39 0
4 18 39 28 0
18 4 39 28 0
4 18 29 38 0
18 4 29 38 0
4 18 38 29 0
18 4 38 29 0
4 18 30 37 0
18 4 30 37 0
4 18 37 30 0
18 4 37 30 0
4 18 31 36 0
18 4 31 36 0
4 18 36 31 0
18 4 36 31 0
5 17 24 43 0
17 5 24 43 0
5 17 43 24 0
17 5 43 24 0
5 17 25 42 0
17 5 25 42 0
5 17 42 25 0
17 5 42 25 0
5 17 26 41 0
17 5 26 41 0
5 17 41 26 0
17 5 41 26 0
5 17 27 40 2
17 5 27 40 2
5 17 40 27 2
17 5 40 27 2
5 17 28 39 4
17 5 28 39 4
5 17 39 28 4
17 5 39 28 4
5 17 29 38 7
17 5 29 38 7
5 17 38 29 7
17 5 38 29 7
5 17 30 37 11
17 5 30 37 11
5 17 37 30 11
17 5 37 30 11
5 17 31 36 15
17 5 31 36 15
5 17 36 31 15
17 5 36 31 15
3 19 32 35 0
19 3 32 35 0
3 19 35 32 0
19 3 35 32 0
4 18 32 35 0
18 4 32 35 0
4 18 35 32 0
18 4 35 32 0
5 17 32 35 18
17 5 32 35 18
5 17 35 32 18
17 5 35 32 18
3 19 33 34 0
19 3 33 34 0
3 19 34 33 0
19 3 34 33 0
4 18 33 34 0
18 4 33 34 0
4 18 34 33 0
18 4 34 33 0
5 17 33 34 20
17 5 33 34 20
5 17 34 33 20
17 5 34 33 20
4 18 22 45 0
18 4 22 45 0
4 18 45 22 0
18 4 45 22 0
4 18 23 44 0
18 4 23 44 0
4 18 44 23 0
18 4 44 23 0
5 17 22 45 0
17 5 22 45 0
5 17 45 22 0
17 5 45 22 0
5 17 23 44 0
17 5 23 44 0
5 17 44 23 0
17 5 44 23 0
6 16 22 45 0
16 6 22 45 0
6 16 45 22 0
16 6 45 22 0
6 16 23 44 1
16 6 23 44 1
6 16 44 23 1
16 6 44 23 1
6 16 24 43 3
16 6 24 43 3
6 16 43 24 3
16 6 43 24 3
6 16 25 42 9
16 6 25 42 9
6 16 42 25 9
16 6 42 25 9
6 16 26 41 19
16 6 26 41 19
6 16 41 26 19
16 6 41 26 19
6 16 27 40 37
16 6 27 40 37
6 16 40 27 37
16 6 40 27 37
6 16 28 39 61
16 6 28 39 61
6 16 39 28 61
16 6 39 28 61
6 16 29 38 92
16 6 29 38 92
6 16 38 29 92
16 6 38 29 92
6 16 30 37 125
16 6 30 37 125
6 16 37 30 125
16 6 37 30 125
6 16 31 36 157
16 6 31 36 157
6 16 36 31 157
16 6 36 31 157
6 16 32 35 182
16 6 32 35 182
6 16 35 32 182
16 6 35 32 182
6 16 33 34 196
16 6 33 34 196
6 16 34 33 196
16 6 34 33 196
7 15 22 45 5
15 7 22 45 5
7 15 45 22 5
15 7 45 22 5
7 15 23 44 16
15 7 23 44 16
7 15 44 23 16
15 7 44 23 16
7 15 24 43 38
15 7 24 43 38
7 15 43 24 38
15 7 43 24 38
7 15 25 42 79
15 7 25 42 79
7 15 42 25 79
15 7 42 25 79
7 15 26 41 143
15 7 26 41 143
7 15 41 26 143
15 7 41 26 143
7 15 27 40 236
15 7 27 40 236
7 15 40 27 236
15 7 40 27 236
7 15 28 39 354
15 7 28 39 354
7 15 39 28 354
15 7 39 28 354
7 15 29 38 493
15 7 29 38 493
7 15 38 29 493
15 7 38 29 493
7 15 30 37 637
15 7 30 37 637
7 15 37 30 637
15 7 37 30 637
7 15 31 36 770
15 7 31 36 770
7 15 36 31 770
15 7 36 31 770
7 15 32 35 872
15 7 32 35 872
7 15 35 32 872
15 7 35 32 872
7 15 33 34 928
15 7 33 34 928
7 15 34 33 928
15 7 34 33 928
8 14 24 43 182
14 8 24 43 182
8 14 43 24 182
14 8 43 24 182
8 14 25 42 332
14 8 25 42 332
8 14 42 25 332
14 8 42 25 332
8 14 26 41 548
14 8 26 41 548
8 14 41 26 548
14 8 41 26 548
8 14 27 40 842
14 8 27 40 842
8 14 40 27 842
14 8 40 27 842
8 14 28 39 1198
14 8 28 39 1198
8 14 39 28 1198
14 8 39 28 1198
8 14 29 38 1600
14 8 29 38 1600
8 14 38 29 1600
14 8 38 29 1600
8 14 30 37 2006
14 8 30 37 2006
8 14 37 30 2006
14 8 37 30 2006
8 14 31 36 2373
14 8 31 36 2373
8 14 36 31 2373
14 8 36 31 2373
8 14 32 35 2649
14 8 32 35 2649
8 14 35 32 2649
14 8 35 32 2649
8 14 33 34 2800
14 8 33 34 2800
8 14 34 33 2800
14 8 34 33 2800
4 18 21 46 0
18 4 21 46 0
4 18 46 21 0
18 4 46 21 0
5 17 21 46 0
17 5 21 46 0
5 17 46 21 0
17 5 46 21 0
6 16 21 46 0
16 6 21 46 0
6 16 46 21 0
16 6 46 21 0
5 17 18 49 0
17 5 18 49 0
5 17 49 18 0
17 5 49 18 0
5 17 19 48 0
17 5 19 48 0
5 17 48 19 0
17 5 48 19 0
5 17 20 47 0
17 5 20 47 0
5 17 47 20 0
17 5 47 20 0
6 16 18 49 0
16 6 18 49 0
6 16 49 18 0
16 6 49 18 0
6 16 19 48 0
16 6 19 48 0
6 16 48 19 0
16 6 48 19 0
6 16 20 47 0
16 6 20 47 0
6 16 47 20 0
16 6 47 20 0
7 15 18 49 0
15 7 18 49 0
7 15 49 18 0
15 7 49 18 0
7 15 19 48 0
15 7 19 48 0
7 15 48 19 0
15 7 48 19 0
7 15 20 47 0
15 7 20 47 0
7 15 47 20 0
15 7 47 20 0
7 15 21 46 1
15 7 21 46 1
7 15 46 21 1
15 7 46 21 1
6 16 17 50 0
16 6 17 50 0
6 16 50 17 0
16 6 50 17 0
7 15 17 50 0
15 7 17 50 0
7 15 50 17 0
15 7 50 17 0
8 14 17 50 0
14 8 17 50 0
8 14 50 17 0
14 8 50 17 0
8 14 18 49 0
14 8 18 49 0
8 14 49 18 0
14 8 49 18 0
8 14 19 48 1
14 8 19 48 1
8 14 48 19 1
14 8 48 19 1
8 14 20 47 4
14 8 20 47 4
8 14 47 20 4
14 8 47 20 4
8 14 21 46 15
14 8 21 46 15
8 14 46 21 15
14 8 46 21 15
8 14 22 45 39
14 8 22 45 39
8 14 45 22 39
14 8 45 22 39
8 14 23 44 91
14 8 23 44 91
8 14 44 23 91
14 8 44 23 91
9 13 18 49 1
13 9 18 49 1
9 13 49 18 1
13 9 49 18 1
9 13 19 48 6
13 9 19 48 6
9 13 48 19 6
13 9 48 19 6
9 13 20 47 20
13 9 20 47 20
9 13 47 20 20
13 9 47 20 20
9 13 21 46 55
13 9 21 46 55
9 13 46 21 55
13 9 46 21 55
9 13 22 45 127
13 9 22 45 127
9 13 45 22 127
13 9 45 22 127
9 13 23 44 263
13 9 23 44 263
9 13 44 23 263
13 9 44 23 263
9 13 24 43 488
13 9 24 43 488
9 13 43 24 488
13 9 43 24 488
9 13 25 42 834
13 9 25 42 834
9 13 42 25 834
13 9 42 25 834
9 13 26 41 1317
13 9 26 41 1317
9 13 41 26 1317
13 9 41 26 1317
9 13 27 40 1945
13 9 27 40 1945
9 13 40 27 1945
13 9 40 27 1945
9 13 28 39 2691
13 9 28 39 2691
9 13 39 28 2691
13 9 39 28 2691
9 13 29 38 3511
13 9 29 38 3511
9 13 38 29 3511
13 9 38 29 3511
9 13 30 37 4327
13 9 30 37 4327
9 13 37 30 4327
13 9 37 30 4327
9 13 31 36 5054
13 9 31 36 5054
9 13 36 31 5054
13 9 36 31 5054
9 13 32 35 5599
13 9 32 35 5599
9 13 35 32 5599
13 9 35 32 5599
9 13 33 34 5892
13 9 33 34 5892
9 13 34 33 5892
13 9 34 33 5892
10 12 21 46 113
12 10 21 46 113
10 12 46 21 113
12 10 46 21 113
10 12 22 45 243
12 10 22 45 243
10 12 45 22 243
12 10 45 22 243
10 12 23 44 478
12 10 23 44 478
10 12 44 23 478
12 10 44 23 478
10 12 24 43 852
12 10 24 43 852
10 12 43 24 852
12 10 43 24 852
10 12 25 42 1413
12 10 25 42 1413
10 12 42 25 1413
12 10 42 25 1413
10 12 26 41 2176
12 10 26 41 2176
10 12 41 26 2176
12 10 41 26 2176
10 12 27 40 3152
12 10 27 40 3152
10 12 40 27 3152
12 10 40 27 3152
10 12 28 39 4293
12 10 28 39 4293
10 12 39 28 4293
12 10 39 28 4293
10 12 29 38 5535
12 10 29 38 5535
10 12 38 29 5535
12 10 38 29 5535
10 12 30 37 6758
12 10 30 37 6758
10 12 37 30 6758
12 10 37 30 6758
10 12 31 36 7841
12 10 31 36 7841
10 12 36 31 7841
12 10 36 31 7841
10 12 32 35 8649
12 10 32 35 8649
10 12 35 32 8649
12 10 35 32 8649
10 12 33 34 9083
12 10 33 34 9083
10 12 34 33 9083
12 10 34 33 9083
6 16 16 51 0
16 6 16 51 0
6 16 51 16 0
16 6 51 16 0
7 15 16 51 0
15 7 16 51 0
7 15 51 16 0
15 7 51 16 0
8 14 16 51 0
14 8 16 51 0
8 14 51 16 0
14 8 51 16 0
7 15 14 53 0
15 7 14 53 0
7 15 53 14 0
15 7 53 14 0
7 15 15 52 0
15 7 15 52 0
7 15 52 15 0
15 7 52 15 0
8 14 14 53 0
14 8 14 53 0
8 14 53 14 0
14 8 53 14 0
8 14 15 52 0
14 8 15 52 0
8 14 52 15 0
14 8 52 15 0
9 13 14 53 0
13 9 14 53 0
9 13 53 14 0
13 9 53 14 0
9 13 15 52 0
13 9 15 52 0
9 13 52 15 0
13 9 52 15 0
9 13 16 51 0
13 9 16 51 0
9 13 51 16 0
13 9 51 16 0
9 13 17 50 0
13 9 17 50 0
9 13 50 17 0
13 9 50 17 0
10 12 14 53 0
12 10 14 53 0
10 12 53 14 0
12 10 53 14 0
10 12 15 52 0
12 10 15 52 0
10 12 52 15 0
12 10 52 15 0
10 12 16 51 0
12 10 16 51 0
10 12 51 16 0
12 10 51 16 0
10 12 17 50 1
12 10 17 50 1
10 12 50 17 1
12 10 50 17 1
10 12 18 49 4
12 10 18 49 4
10 12 49 18 4
12 10 49 18 4
10 12 19 48 16
12 10 19 48 16
10 12 48 19 16
12 10 48 19 16
10 12 20 47 45
12 10 20 47 45
10 12 47 20 45
12 10 47 20 45
11 11 16 51 0
11 11 51 16 0
11 11 17 50 1
11 11 50 17 1
11 11 18 49 6
11 11 49 18 6
11 11 19 48 21
11 11 48 19 21
11 11 20 47 58
11 11 47 20 58
11 11 21 46 141
11 11 46 21 141
11 11 22 45 299
11 11 45 22 299
11 11 23 44 577
11 11 44 23 577
11 11 24 43 1020
11 11 43 24 1020
11 11 25 42 1674
11 11 42 25 1674
11 11 26 41 2561
11 11 41 26 2561
11 11 27 40 3687
11 11 40 27 3687
11 11 28 39 5000
11 11 39 28 5000
11 11 29 38 6420
11 11 38 29 6420
11 11 30 37 7819
11 11 37 30 7819
11 11 31 36 9052
11 11 36 31 9052
11 11 32 35 9971
11 11 35 32 9971
11 11 33 34 10465
11 11 34 33 10465
8 14 13 54 0
14 8 13 54 0
8 14 54 13 0
14 8 54 13 0
9 13 13 54 0
13 9 13 54 0
9 13 54 13 0
13 9 54 13 0
10 12 13 54 0
12 10 13 54 0
10 12 54 13 0
12 10 54 13 0
9 13 12 55 0
13 9 12 55 0
9 13 55 12 0
13 9 55 12 0
10 12 12 55 0
12 10 12 55 0
10 12 55 12 0
12 10 55 12 0
11 11 12 55 0
11 11 55 12 0
11 11 13 54 0
11 11 54 13 0
11 11 14 53 0
11 11 53 14 0
11 11 15 52 0
11 11 52 15 0
