0 12 10 27 0
12 0 10 27 0
0 12 27 10 0
12 0 27 10 0
0 12 11 26 0
12 0 11 26 0
0 12 26 11 0
12 0 26 11 0
0 12 12 25 0
12 0 12 25 0
0 12 25 12 0
12 0 25 12 0
0 12 13 24 0
12 0 13 24 0
0 12 24 13 0
12 0 24 13 0
0 12 14 23 0
12 0 14 23 0
0 12 23 14 0
12 0 23 14 0
0 12 15 22 0
12 0 15 22 0
0 12 22 15 0
12 0 22 15 0
0 12 16 21 0
12 0 16 21 0
0 12 21 16 0
12 0 21 16 0
0 12 17 20 1
12 0 17 20 1
0 12 20 17 1
12 0 20 17 1
1 11 10 27 0
11 1 10 27 0
1 11 27 10 0
11 1 27 10 0
1 11 11 26 0
11 1 11 26 0
1 11 26 11 0
11 1 26 11 0
1 11 12 25 1
11 1 12 25 1
1 11 25 12 1
11 1 25 12 1
1 11 13 24 3
11 1 13 24 3
1 11 24 13 3
11 1 24 13 3
1 11 14 23 6
11 1 14 23 6
1 11 23 14 6
11 1 23 14 6
1 11 15 22 10
11 1 15 22 10
1 11 22 15 10
11 1 22 15 10
1 11 16 21 14
11 1 16 21 14
1 11 21 16 14
11 1 21 16 14
1 11 17 20 18
11 1 17 20 18
1 11 20 17 18
11 1 20 17 18
2 10 10 27 4
10 2 10 27 4
2 10 27 10 4
10 2 27 10 4
2 10 11 26 10
10 2 11 26 10
2 10 26 11 10
10 2 26 11 10
2 10 12 25 21
10 2 12 25 21
2 10 25 12 21
10 2 25 12 21
2 10 13 24 38
10 2 13 24 38
2 10 24 13 38
10 2 24 13 38
2 10 14 23 60
10 2 14 23 60
2 10 23 14 60
10 2 23 14 60
2 10 15 22 85
10 2 15 22 85
2 10 22 15 85
10 2 22 15 85
2 10 16 21 109
10 2 16 21 109
2 10 21 16 109
10 2 21 16 109
2 10 17 20 129
10 2 17 20 129
2 10 20 17 129
10 2 20 17 129
0 12 18 19 1
12 0 18 19 1
0 12 19 18 1
12 0 19 18 1
1 11 18 19 20
11 1 18 19 20
1 11 19 18 20
11 1 19 18 20
2 10 18 19 140
10 2 18 19 140
2 10 19 18 140
10 2 19 18 140
1 11 6 31 0
11 1 6 31 0
1 11 31 6 0
11 1 31 6 0
1 11 7 30 0
11 1 7 30 0
1 11 30 7 0
11 1 30 7 0
1 11 8 29 0
11 1 8 29 0
1 11 29 8 0
11 1 29 8 0
1 11 9 28 0
11 1 9 28 0
1 11 28 9 0
11 1 28 9 0
2 10 6 31 0
10 2 6 31 0
2 10 31 6 0
10 2 31 6 0
2 10 7 30 0
10 2 7 30 0
2 10 30 7 0
10 2 30 7 0
2 10 8 29 0
10 2 8 29 0
2 10 29 8 0
10 2 29 8 0
2 10 9 28 1
10 2 9 28 1
2 10 28 9 1
10 2 28 9 1
3 9 6 31 0
9 3 6 31 0
3 9 31 6 0
9 3 31 6 0
3 9 7 30 1
9 3 7 30 1
3 9 30 7 1
9 3 30 7 1
3 9 8 29 5
9 3 8 29 5
3 9 29 8 5
9 3 29 8 5
3 9 9 28 14
9 3 9 28 14
3 9 28 9 14
9 3 28 9 14
3 9 10 27 33
9 3 10 27 33
3 9 27 10 33
9 3 27 10 33
3 9 11 26 66
9 3 11 26 66
3 9 26 11 66
9 3 26 11 66
3 9 12 25 115
9 3 12 25 115
3 9 25 12 115
9 3 25 12 115
3 9 13 24 182
9 3 13 24 182
3 9 24 13 182
9 3 24 13 182
3 9 14 23 263
9 3 14 23 263
3 9 23 14 263
9 3 23 14 263
3 9 15 22 349
9 3 15 22 349
3 9 22 15 349
9 3 22 15 349
3 9 16 21 430
9 3 16 21 430
3 9 21 16 430
9 3 21 16 430
3 9 17 20 494
9 3 17 20 494
3 9 20 17 494
9 3 20 17 494
3 9 18 19 528
9 3 18 19 528
3 9 19 18 528
9 3 19 18 528
4 8 6 31 2
8 4 6 31 2
4 8 31 6 2
8 4 31 6 2
4 8 7 30 8
8 4 7 30 8
4 8 30 7 8
8 4 30 7 8
4 8 8 29 23
8 4 8 29 23
4 8 29 8 23
8 4 29 8 23
4 8 9 28 54
8 4 9 28 54
4 8 28 9 54
8 4 28 9 54
4 8 10 27 110
8 4 10 27 110
4 8 27 10 110
8 4 27 10 110
4 8 11 26 198
8 4 11 26 198
4 8 26 11 198
8 4 26 11 198
4 8 12 25 323
8 4 12 25 323
4 8 25 12 323
8 4 25 12 323
4 8 13 24 484
8 4 13 24 484
4 8 24 13 484
8 4 24 13 484
4 8 14 23 671
8 4 14 23 671
4 8 23 14 671
8 4 23 14 671
4 8 15 22 866
8 4 15 22 866
4 8 22 15 866
8 4 22 15 866
4 8 16 21 1045
8 4 16 21 1045
4 8 21 16 1045
8 4 21 16 1045
4 8 17 20 1183
8 4 17 20 1183
4 8 20 17 1183
8 4 20 17 1183
4 8 18 19 1258
8 4 18 19 1258
4 8 19 18 1258
8 4 19 18 1258
2 10 4 33 0
10 2 4 33 0
2 10 33 4 0
10 2 33 4 0
2 10 5 32 0
10 2 5 32 0
2 10 32 5 0
10 2 32 5 0
3 9 4 33 0
9 3 4 33 0
3 9 33 4 0
9 3 33 4 0
3 9 5 32 0
9 3 5 32 0
3 9 32 5 0
9 3 32 5 0
4 8 4 33 0
8 4 4 33 0
4 8 33 4 0
8 4 33 4 0
4 8 5 32 0
8 4 5 32 0
4 8 32 5 0
8 4 32 5 0
3 9 3 34 0
9 3 3 34 0
3 9 34 3 0
9 3 34 3 0
4 8 3 34 0
8 4 3 34 0
4 8 34 3 0
8 4 34 3 0
5 7 3 34 0
7 5 3 34 0
5 7 34 3 0
7 5 34 3 0
5 7 4 33 0
7 5 4 33 0
5 7 33 4 0
7 5 33 4 0
5 7 5 32 1
7 5 5 32 1
5 7 32 5 1
7 5 32 5 1
5 7 6 31 6
7 5 6 31 6
5 7 31 6 6
7 5 31 6 6
5 7 7 30 20
7 5 7 30 20
5 7 30 7 20
7 5 30 7 20
5 7 8 29 51
7 5 8 29 51
5 7 29 8 51
7 5 29 8 51
5 7 9 28 111
7 5 9 28 111
5 7 28 9 111
7 5 28 9 111
5 7 10 27 213
7 5 10 27 213
5 7 27 10 213
7 5 27 10 213
5 7 11 26 367
7 5 11 26 367
5 7 26 11 367
7 5 26 11 367
5 7 12 25 579
7 5 12 25 579
5 7 25 12 579
7 5 25 12 579
5 7 13 24 845
7 5 13 24 845
5 7 24 13 845
7 5 24 13 845
5 7 14 23 1148
7 5 14 23 1148
5 7 23 14 1148
7 5 23 14 1148
5 7 15 22 1459
7 5 15 22 1459
5 7 22 15 1459
7 5 22 15 1459
5 7 16 21 1741
7 5 16 21 1741
5 7 21 16 1741
7 5 21 16 1741
5 7 17 20 1957
7 5 17 20 1957
5 7 20 17 1957
7 5 20 17 1957
5 7 18 19 2074
7 5 18 19 2074
5 7 19 18 2074
7 5 19 18 2074
6 6 4 33 0
6 6 33 4 0
6 6 5 32 2
6 6 32 5 2
6 6 6 31 9
6 6 31 6 9
6 6 7 30 27
6 6 30 7 27
6 6 8 29 66
6 6 29 8 66
6 6 9 28 139
6 6 28 9 139
6 6 10 27 262
6 6 27 10 262
6 6 11 26 446
6 6 26 11 446
6 6 12 25 696
6 6 25 12 696
6 6 13 24 1008
6 6 24 13 1008
6 6 14 23 1363
6 6 23 14 1363
6 6 15 22 1724
6 6 22 15 1724
6 6 16 21 2051
6 6 21 16 2051
6 6 17 20 2302
6 6 20 17 2302
6 6 18 19 2437
6 6 19 18 2437
4 8 2 35 0
8 4 2 35 0
4 8 35 2 0
8 4 35 2 0
5 7 2 35 0
7 5 2 35 0
5 7 35 2 0
7 5 35 2 0
6 6 2 35 0
6 6 35 2 0
6 6 3 34 0
6 6 34 3 0
