5 21 31 48 0
21 5 31 48 0
5 21 48 31 0
21 5 48 31 0
5 21 32 47 0
21 5 32 47 0
5 21 47 32 0
21 5 47 32 0
5 21 33 46 0
21 5 33 46 0
5 21 46 33 0
21 5 46 33 0
5 21 34 45 0
21 5 34 45 0
5 21 45 34 0
21 5 45 34 0
5 21 35 44 0
21 5 35 44 0
5 21 44 35 0
21 5 44 35 0
5 21 36 43 0
21 5 36 43 0
5 21 43 36 0
21 5 43 36 0
5 21 37 42 0
21 5 37 42 0
5 21 42 37 0
21 5 42 37 0
5 21 38 41 0
21 5 38 41 0
5 21 41 38 0
21 5 41 38 0
6 20 31 48 0
20 6 31 48 0
6 20 48 31 0
20 6 48 31 0
6 20 32 47 0
20 6 32 47 0
6 20 47 32 0
20 6 47 32 0
6 20 33 46 0
20 6 33 46 0
6 20 46 33 0
20 6 46 33 0
6 20 34 45 0
20 6 34 45 0
6 20 45 34 0
20 6 45 34 0
6 20 35 44 0
20 6 35 44 0
6 20 44 35 0
20 6 44 35 0
6 20 36 43 0
20 6 36 43 0
6 20 43 36 0
20 6 43 36 0
6 20 37 42 0
20 6 37 42 0
6 20 42 37 0
20 6 42 37 0
6 20 38 41 0
20 6 38 41 0
6 20 41 38 0
20 6 41 38 0
7 19 31 48 0
19 7 31 48 0
7 19 48 31 0
19 7 48 31 0
7 19 32 47 0
19 7 32 47 0
7 19 47 32 0
19 7 47 32 0
7 19 33 46 0
19 7 33 46 0
7 19 46 33 0
19 7 46 33 0
7 19 34 45 0
19 7 34 45 0
7 19 45 34 0
19 7 45 34 0
7 19 35 44 0
19 7 35 44 0
7 19 44 35 0
19 7 44 35 0
7 19 36 43 1
19 7 36 43 1
7 19 43 36 1
19 7 43 36 1
7 19 37 42 2
19 7 37 42 2
7 19 42 37 2
19 7 42 37 2
7 19 38 41 3
19 7 38 41 3
7 19 41 38 3
19 7 41 38 3
5 21 39 40 0
21 5 39 40 0
5 21 40 39 0
21 5 40 39 0
6 20 39 40 0
20 6 39 40 0
6 20 40 39 0
20 6 40 39 0
7 19 39 40 3
19 7 39 40 3
7 19 40 39 3
19 7 40 39 3
6 20 27 52 0
20 6 27 52 0
6 20 52 27 0
20 6 52 27 0
6 20 28 51 0
20 6 28 51 0
6 20 51 28 0
20 6 51 28 0
6 20 29 50 0
20 6 29 50 0
6 20 50 29 0
20 6 50 29 0
6 20 30 49 0
20 6 30 49 0
6 20 49 30 0
20 6 49 30 0
7 19 27 52 0
19 7 27 52 0
7 19 52 27 0
19 7 52 27 0
7 19 28 51 0
19 7 28 51 0
7 19 51 28 0
19 7 51 28 0
7 19 29 50 0
19 7 29 50 0
7 19 50 29 0
19 7 50 29 0
7 19 30 49 0
19 7 30 49 0
7 19 49 30 0
19 7 49 30 0
8 18 27 52 0
18 8 27 52 0
8 18 52 27 0
18 8 52 27 0
8 18 28 51 0
18 8 28 51 0
8 18 51 28 0
18 8 51 28 0
8 18 29 50 0
18 8 29 50 0
8 18 50 29 0
18 8 50 29 0
8 18 30 49 0
18 8 30 49 0
8 18 49 30 0
18 8 49 30 0
8 18 31 48 0
18 8 31 48 0
8 18 48 31 0
18 8 48 31 0
8 18 32 47 2
18 8 32 47 2
8 18 47 32 2
18 8 47 32 2
8 18 33 46 5
18 8 33 46 5
8 18 46 33 5
18 8 46 33 5
8 18 34 45 10
18 8 34 45 10
8 18 45 34 10
18 8 45 34 10
8 18 35 44 16
18 8 35 44 16
8 18 44 35 16
18 8 44 35 16
8 18 36 43 25
18 8 36 43 25
8 18 43 36 25
18 8 43 36 25
8 18 37 42 34
18 8 37 42 34
8 18 42 37 34
18 8 42 37 34
8 18 38 41 41
18 8 38 41 41
8 18 41 38 41
18 8 41 38 41
8 18 39 40 44
18 8 39 40 44
8 18 40 39 44
18 8 40 39 44
7 19 25 54 0
19 7 25 54 0
7 19 54 25 0
19 7 54 25 0
7 19 26 53 0
19 7 26 53 0
7 19 53 26 0
19 7 53 26 0
8 18 25 54 0
18 8 25 54 0
8 18 54 25 0
18 8 54 25 0
8 18 26 53 0
18 8 26 53 0
8 18 53 26 0
18 8 53 26 0
9 17 25 54 0
17 9 25 54 0
9 17 54 25 0
17 9 54 25 0
9 17 26 53 0
17 9 26 53 0
9 17 53 26 0
17 9 53 26 0
9 17 27 52 0
17 9 27 52 0
9 17 52 27 0
17 9 52 27 0
9 17 28 51 1
17 9 28 51 1
9 17 51 28 1
17 9 51 28 1
9 17 29 50 3
17 9 29 50 3
9 17 50 29 3
17 9 50 29 3
9 17 30 49 8
17 9 30 49 8
9 17 49 30 8
17 9 49 30 8
9 17 31 48 17
17 9 31 48 17
9 17 48 31 17
17 9 48 31 17
9 17 32 47 34
17 9 32 47 34
9 17 47 32 34
17 9 47 32 34
9 17 33 46 59
17 9 33 46 59
9 17 46 33 59
17 9 46 33 59
9 17 34 45 93
17 9 34 45 93
9 17 45 34 93
17 9 45 34 93
9 17 35 44 133
17 9 35 44 133
9 17 44 35 133
17 9 44 35 133
9 17 36 43 178
17 9 36 43 178
9 17 43 36 178
17 9 43 36 178
9 17 37 42 220
17 9 37 42 220
9 17 42 37 220
17 9 42 37 220
9 17 38 41 253
17 9 38 41 253
9 17 41 38 253
17 9 41 38 253
9 17 39 40 270
17 9 39 40 270
9 17 40 39 270
17 9 40 39 270
10 16 25 54 0
16 10 25 54 0
10 16 54 25 0
16 10 54 25 0
10 16 26 53 1
16 10 26 53 1
10 16 53 26 1
16 10 53 26 1
10 16 27 52 3
16 10 27 52 3
10 16 52 27 3
16 10 52 27 3
10 16 28 51 10
16 10 28 51 10
10 16 51 28 10
16 10 51 28 10
10 16 29 50 24
16 10 29 50 24
10 16 50 29 24
16 10 50 29 24
10 16 30 49 52
16 10 30 49 52
10 16 49 30 52
16 10 49 30 52
10 16 31 48 96
16 10 31 48 96
10 16 48 31 96
16 10 48 31 96
10 16 32 47 166
16 10 32 47 166
10 16 47 32 166
16 10 47 32 166
10 16 33 46 260
16 10 33 46 260
10 16 46 33 260
16 10 46 33 260
10 16 34 45 380
16 10 34 45 380
10 16 45 34 380
16 10 45 34 380
10 16 35 44 514
16 10 35 44 514
10 16 44 35 514
16 10 44 35 514
10 16 36 43 655
16 10 36 43 655
10 16 43 36 655
16 10 43 36 655
10 16 37 42 782
16 10 37 42 782
10 16 42 37 782
16 10 42 37 782
10 16 38 41 880
16 10 38 41 880
10 16 41 38 880
16 10 41 38 880
10 16 39 40 932
16 10 39 40 932
10 16 40 39 932
16 10 40 39 932
11 15 27 52 15
15 11 27 52 15
11 15 52 27 15
15 11 52 27 15
11 15 28 51 38
15 11 28 51 38
11 15 51 28 38
15 11 51 28 38
11 15 29 50 82
15 11 29 50 82
11 15 50 29 82
15 11 50 29 82
11 15 30 49 159
15 11 30 49 159
11 15 49 30 159
15 11 49 30 159
11 15 31 48 277
15 11 31 48 277
11 15 48 31 277
15 11 48 31 277
11 15 32 47 448
15 11 32 47 448
11 15 47 32 448
15 11 47 32 448
11 15 33 46 671
15 11 33 46 671
11 15 46 33 671
15 11 46 33 671
11 15 34 45 942
15 11 34 45 942
11 15 45 34 942
15 11 45 34 942
11 15 35 44 1240
15 11 35 44 1240
11 15 44 35 1240
15 11 44 35 1240
11 15 36 43 1542
15 11 36 43 1542
11 15 43 36 1542
15 11 43 36 1542
11 15 37 42 1811
15 11 37 42 1811
11 15 42 37 1811
15 11 42 37 1811
11 15 38 41 2015
15 11 38 41 2015
11 15 41 38 2015
15 11 41 38 2015
11 15 39 40 2124
15 11 39 40 2124
11 15 40 39 2124
15 11 40 39 2124
12 14 31 48 501
14 12 31 48 501
12 14 48 31 501
14 12 48 31 501
12 14 32 47 787
14 12 32 47 787
12 14 47 32 787
14 12 47 32 787
12 14 33 46 1150
14 12 33 46 1150
12 14 46 33 1150
14 12 46 33 1150
12 14 34 45 1584
14 12 34 45 1584
12 14 45 34 1584
14 12 45 34 1584
12 14 35 44 2053
14 12 35 44 2053
12 14 44 35 2053
14 12 44 35 2053
12 14 36 43 2524
14 12 36 43 2524
12 14 43 36 2524
14 12 43 36 2524
12 14 37 42 2939
14 12 37 42 2939
12 14 42 37 2939
14 12 42 37 2939
12 14 38 41 3252
14 12 38 41 3252
12 14 41 38 3252
14 12 41 38 3252
12 14 39 40 3418
14 12 39 40 3418
12 14 40 39 3418
14 12 40 39 3418
8 18 22 57 0
18 8 22 57 0
8 18 57 22 0
18 8 57 22 0
8 18 23 56 0
18 8 23 56 0
8 18 56 23 0
18 8 56 23 0
8 18 24 55 0
18 8 24 55 0
8 18 55 24 0
18 8 55 24 0
9 17 22 57 0
17 9 22 57 0
9 17 57 22 0
17 9 57 22 0
9 17 23 56 0
17 9 23 56 0
9 17 56 23 0
17 9 56 23 0
9 17 24 55 0
17 9 24 55 0
9 17 55 24 0
17 9 55 24 0
10 16 22 57 0
16 10 22 57 0
10 16 57 22 0
16 10 57 22 0
10 16 23 56 0
16 10 23 56 0
10 16 56 23 0
16 10 56 23 0
10 16 24 55 0
16 10 24 55 0
10 16 55 24 0
16 10 55 24 0
9 17 21 58 0
17 9 21 58 0
9 17 58 21 0
17 9 58 21 0
10 16 21 58 0
16 10 21 58 0
10 16 58 21 0
16 10 58 21 0
11 15 21 58 0
15 11 21 58 0
11 15 58 21 0
15 11 58 21 0
11 15 22 57 0
15 11 22 57 0
11 15 57 22 0
15 11 57 22 0
11 15 23 56 0
15 11 23 56 0
11 15 56 23 0
15 11 56 23 0
11 15 24 55 0
15 11 24 55 0
11 15 55 24 0
15 11 55 24 0
11 15 25 54 1
15 11 25 54 1
11 15 54 25 1
15 11 54 25 1
11 15 26 53 5
15 11 26 53 5
11 15 53 26 5
15 11 53 26 5
12 14 22 57 0
14 12 22 57 0
12 14 57 22 0
14 12 57 22 0
12 14 23 56 0
14 12 23 56 0
12 14 56 23 0
14 12 56 23 0
12 14 24 55 1
14 12 24 55 1
12 14 55 24 1
14 12 55 24 1
12 14 25 54 4
14 12 25 54 4
12 14 54 25 4
14 12 54 25 4
12 14 26 53 14
14 12 26 53 14
12 14 53 26 14
14 12 53 26 14
12 14 27 52 35
14 12 27 52 35
12 14 52 27 35
14 12 52 27 35
12 14 28 51 81
14 12 28 51 81
12 14 51 28 81
14 12 51 28 81
12 14 29 50 162
14 12 29 50 162
12 14 50 29 162
14 12 50 29 162
12 14 30 49 299
14 12 30 49 299
12 14 49 30 299
14 12 49 30 299
13 13 25 54 5
13 13 54 25 5
13 13 26 53 17
13 13 53 26 17
13 13 27 52 44
13 13 52 27 44
13 13 28 51 100
13 13 51 28 100
13 13 29 50 199
13 13 50 29 199
13 13 30 49 362
13 13 49 30 362
13 13 31 48 603
13 13 48 31 603
13 13 32 47 939
13 13 47 32 939
13 13 33 46 1365
13 13 46 33 1365
13 13 34 45 1869
13 13 45 34 1869
13 13 35 44 2414
13 13 44 35 2414
13 13 36 43 2957
13 13 43 36 2957
13 13 37 42 3436
13 13 42 37 3436
13 13 38 41 3795
13 13 41 38 3795
13 13 39 40 3986
13 13 40 39 3986
10 16 19 60 0
16 10 19 60 0
10 16 60 19 0
16 10 60 19 0
10 16 20 59 0
16 10 20 59 0
10 16 59 20 0
16 10 59 20 0
11 15 19 60 0
15 11 19 60 0
11 15 60 19 0
15 11 60 19 0
11 15 20 59 0
15 11 20 59 0
11 15 59 20 0
15 11 59 20 0
12 14 19 60 0
14 12 19 60 0
12 14 60 19 0
14 12 60 19 0
12 14 20 59 0
14 12 20 59 0
12 14 59 20 0
14 12 59 20 0
12 14 21 58 0
14 12 21 58 0
12 14 58 21 0
14 12 58 21 0
13 13 19 60 0
13 13 60 19 0
13 13 20 59 0
13 13 59 20 0
13 13 21 58 0
13 13 58 21 0
13 13 22 57 0
13 13 57 22 0
13 13 23 56 0
13 13 56 23 0
13 13 24 55 1
13 13 55 24 1
12 14 18 61 0
14 12 18 61 0
12 14 61 18 0
14 12 61 18 0
13 13 18 61 0
13 13 61 18 0
