0 16 21 28 0
16 0 21 28 0
0 16 28 21 0
16 0 28 21 0
0 16 22 27 0
16 0 22 27 0
0 16 27 22 0
16 0 27 22 0
0 16 23 26 0
16 0 23 26 0
0 16 26 23 0
16 0 26 23 0
0 16 24 25 0
16 0 24 25 0
0 16 25 24 0
16 0 25 24 0
1 15 21 28 0
15 1 21 28 0
1 15 28 21 0
15 1 28 21 0
1 15 22 27 0
15 1 22 27 0
1 15 27 22 0
15 1 27 22 0
1 15 23 26 0
15 1 23 26 0
1 15 26 23 0
15 1 26 23 0
1 15 24 25 0
15 1 24 25 0
1 15 25 24 0
15 1 25 24 0
2 14 21 28 7
14 2 21 28 7
2 14 28 21 7
14 2 28 21 7
2 14 22 27 10
14 2 22 27 10
2 14 27 22 10
14 2 27 22 10
2 14 23 26 12
14 2 23 26 12
2 14 26 23 12
14 2 26 23 12
2 14 24 25 13
14 2 24 25 13
2 14 25 24 13
14 2 25 24 13
1 15 15 34 0
15 1 15 34 0
1 15 34 15 0
15 1 34 15 0
1 15 16 33 0
15 1 16 33 0
1 15 33 16 0
15 1 33 16 0
1 15 17 32 0
15 1 17 32 0
1 15 32 17 0
15 1 32 17 0
1 15 18 31 0
15 1 18 31 0
1 15 31 18 0
15 1 31 18 0
1 15 19 30 0
15 1 19 30 0
1 15 30 19 0
15 1 30 19 0
1 15 20 29 0
15 1 20 29 0
1 15 29 20 0
15 1 29 20 0
2 14 15 34 0
14 2 15 34 0
2 14 34 15 0
14 2 34 15 0
2 14 16 33 0
14 2 16 33 0
2 14 33 16 0
14 2 33 16 0
2 14 17 32 0
14 2 17 32 0
2 14 32 17 0
14 2 32 17 0
2 14 18 31 1
14 2 18 31 1
2 14 31 18 1
14 2 31 18 1
2 14 19 30 2
14 2 19 30 2
2 14 30 19 2
14 2 30 19 2
2 14 20 29 4
14 2 20 29 4
2 14 29 20 4
14 2 29 20 4
3 13 15 34 1
13 3 15 34 1
3 13 34 15 1
13 3 34 15 1
3 13 16 33 4
13 3 16 33 4
3 13 33 16 4
13 3 33 16 4
3 13 17 32 11
13 3 17 32 11
3 13 32 17 11
13 3 32 17 11
3 13 18 31 23
13 3 18 31 23
3 13 31 18 23
13 3 31 18 23
3 13 19 30 40
13 3 19 30 40
3 13 30 19 40
13 3 30 19 40
3 13 20 29 62
13 3 20 29 62
3 13 29 20 62
13 3 29 20 62
3 13 21 28 87
13 3 21 28 87
3 13 28 21 87
13 3 28 21 87
3 13 22 27 112
13 3 22 27 112
3 13 27 22 112
13 3 27 22 112
3 13 23 26 131
13 3 23 26 131
3 13 26 23 131
13 3 26 23 131
3 13 24 25 141
13 3 24 25 141
3 13 25 24 141
13 3 25 24 141
4 12 15 34 22
12 4 15 34 22
4 12 34 15 22
12 4 34 15 22
4 12 16 33 49
12 4 16 33 49
4 12 33 16 49
12 4 33 16 49
4 12 17 32 95
12 4 17 32 95
4 12 32 17 95
12 4 32 17 95
4 12 18 31 164
12 4 18 31 164
4 12 31 18 164
12 4 31 18 164
4 12 19 30 254
12 4 19 30 254
4 12 30 19 254
12 4 30 19 254
4 12 20 29 361
12 4 20 29 361
4 12 29 20 361
12 4 29 20 361
4 12 21 28 475
12 4 21 28 475
4 12 28 21 475
12 4 28 21 475
4 12 22 27 582
12 4 22 27 582
4 12 27 22 582
12 4 27 22 582
4 12 23 26 664
12 4 23 26 664
4 12 26 23 664
12 4 26 23 664
4 12 24 25 708
12 4 24 25 708
4 12 25 24 708
12 4 25 24 708
2 14 11 38 0
14 2 11 38 0
2 14 38 11 0
14 2 38 11 0
2 14 12 37 0
14 2 12 37 0
2 14 37 12 0
14 2 37 12 0
2 14 13 36 0
14 2 13 36 0
2 14 36 13 0
14 2 36 13 0
2 14 14 35 0
14 2 14 35 0
2 14 35 14 0
14 2 35 14 0
3 13 11 38 0
13 3 11 38 0
3 13 38 11 0
13 3 38 11 0
3 13 12 37 0
13 3 12 37 0
3 13 37 12 0
13 3 37 12 0
3 13 13 36 0
13 3 13 36 0
3 13 36 13 0
13 3 36 13 0
3 13 14 35 0
13 3 14 35 0
3 13 35 14 0
13 3 35 14 0
4 12 11 38 0
12 4 11 38 0
4 12 38 11 0
12 4 38 11 0
4 12 12 37 0
12 4 12 37 0
4 12 37 12 0
12 4 37 12 0
4 12 13 36 2
12 4 13 36 2
4 12 36 13 2
12 4 36 13 2
4 12 14 35 8
12 4 14 35 8
4 12 35 14 8
12 4 35 14 8
3 13 10 39 0
13 3 10 39 0
3 13 39 10 0
13 3 39 10 0
4 12 10 39 0
12 4 10 39 0
4 12 39 10 0
12 4 39 10 0
5 11 10 39 0
11 5 10 39 0
5 11 39 10 0
11 5 39 10 0
5 11 11 38 1
11 5 11 38 1
5 11 38 11 1
11 5 38 11 1
5 11 12 37 6
11 5 12 37 6
5 11 37 12 6
11 5 37 12 6
5 11 13 36 20
11 5 13 36 20
5 11 36 13 20
11 5 36 13 20
5 11 14 35 52
11 5 14 35 52
5 11 35 14 52
11 5 35 14 52
5 11 15 34 115
11 5 15 34 115
5 11 34 15 115
11 5 34 15 115
5 11 16 33 221
11 5 16 33 221
5 11 33 16 221
11 5 33 16 221
5 11 17 32 383
11 5 17 32 383
5 11 32 17 383
11 5 32 17 383
5 11 18 31 608
11 5 18 31 608
5 11 31 18 608
11 5 31 18 608
5 11 19 30 889
11 5 19 30 889
5 11 30 19 889
11 5 30 19 889
5 11 20 29 1209
11 5 20 29 1209
5 11 29 20 1209
11 5 29 20 1209
5 11 21 28 1539
11 5 21 28 1539
5 11 28 21 1539
11 5 28 21 1539
5 11 22 27 1839
11 5 22 27 1839
5 11 27 22 1839
11 5 27 22 1839
5 11 23 26 2067
11 5 23 26 2067
5 11 26 23 2067
11 5 26 23 2067
5 11 24 25 2191
11 5 24 25 2191
5 11 25 24 2191
11 5 25 24 2191
6 10 11 38 9
10 6 11 38 9
6 10 38 11 9
10 6 38 11 9
6 10 12 37 29
10 6 12 37 29
6 10 37 12 29
10 6 37 12 29
6 10 13 36 75
10 6 13 36 75
6 10 36 13 75
10 6 36 13 75
6 10 14 35 167
10 6 14 35 167
6 10 35 14 167
10 6 35 14 167
6 10 15 34 329
10 6 15 34 329
6 10 34 15 329
10 6 34 15 329
6 10 16 33 586
10 6 16 33 586
6 10 33 16 586
10 6 33 16 586
6 10 17 32 958
10 6 17 32 958
6 10 32 17 958
10 6 32 17 958
6 10 18 31 1452
10 6 18 31 1452
6 10 31 18 1452
10 6 31 18 1452
6 10 19 30 2052
10 6 19 30 2052
6 10 30 19 2052
10 6 30 19 2052
6 10 20 29 2720
10 6 20 29 2720
6 10 29 20 2720
10 6 29 20 2720
6 10 21 28 3394
10 6 21 28 3394
6 10 28 21 3394
10 6 28 21 3394
6 10 22 27 3999
10 6 22 27 3999
6 10 27 22 3999
10 6 27 22 3999
6 10 23 26 4456
10 6 23 26 4456
6 10 26 23 4456
10 6 26 23 4456
6 10 24 25 4702
10 6 24 25 4702
6 10 25 24 4702
10 6 25 24 4702
3 13 9 40 0
13 3 9 40 0
3 13 40 9 0
13 3 40 9 0
4 12 9 40 0
12 4 9 40 0
4 12 40 9 0
12 4 40 9 0
5 11 9 40 0
11 5 9 40 0
5 11 40 9 0
11 5 40 9 0
4 12 7 42 0
12 4 7 42 0
4 12 42 7 0
12 4 42 7 0
4 12 8 41 0
12 4 8 41 0
4 12 41 8 0
12 4 41 8 0
5 11 7 42 0
11 5 7 42 0
5 11 42 7 0
11 5 42 7 0
5 11 8 41 0
11 5 8 41 0
5 11 41 8 0
11 5 41 8 0
6 10 7 42 0
10 6 7 42 0
6 10 42 7 0
10 6 42 7 0
6 10 8 41 0
10 6 8 41 0
6 10 41 8 0
10 6 41 8 0
6 10 9 40 0
10 6 9 40 0
6 10 40 9 0
10 6 40 9 0
6 10 10 39 2
10 6 10 39 2
6 10 39 10 2
10 6 39 10 2
7 9 7 42 0
9 7 7 42 0
7 9 42 7 0
9 7 42 7 0
7 9 8 41 0
9 7 8 41 0
7 9 41 8 0
9 7 41 8 0
7 9 9 40 1
9 7 9 40 1
7 9 40 9 1
9 7 40 9 1
7 9 10 39 6
9 7 10 39 6
7 9 39 10 6
9 7 39 10 6
7 9 11 38 22
9 7 11 38 22
7 9 38 11 22
9 7 38 11 22
7 9 12 37 62
9 7 12 37 62
7 9 37 12 62
9 7 37 12 62
7 9 13 36 148
9 7 13 36 148
7 9 36 13 148
9 7 36 13 148
7 9 14 35 310
9 7 14 35 310
7 9 35 14 310
9 7 35 14 310
7 9 15 34 584
9 7 15 34 584
7 9 34 15 584
9 7 34 15 584
7 9 16 33 1006
9 7 16 33 1006
7 9 33 16 1006
9 7 33 16 1006
7 9 17 32 1602
9 7 17 32 1602
7 9 32 17 1602
9 7 32 17 1602
7 9 18 31 2377
9 7 18 31 2377
7 9 31 18 2377
9 7 31 18 2377
7 9 19 30 3304
9 7 19 30 3304
7 9 30 19 3304
9 7 30 19 3304
7 9 20 29 4323
9 7 20 29 4323
7 9 29 20 4323
9 7 29 20 4323
7 9 21 28 5342
9 7 21 28 5342
7 9 28 21 5342
9 7 28 21 5342
7 9 22 27 6249
9 7 22 27 6249
7 9 27 22 6249
9 7 27 22 6249
7 9 23 26 6931
9 7 23 26 6931
7 9 26 23 6931
9 7 26 23 6931
7 9 24 25 7297
9 7 24 25 7297
7 9 25 24 7297
9 7 25 24 7297
8 8 9 40 2
8 8 40 9 2
8 8 10 39 9
8 8 39 10 9
8 8 11 38 30
8 8 38 11 30
8 8 12 37 81
8 8 37 12 81
8 8 13 36 187
8 8 36 13 187
8 8 14 35 383
8 8 35 14 383
8 8 15 34 710
8 8 34 15 710
8 8 16 33 1207
8 8 33 16 1207
8 8 17 32 1903
8 8 32 17 1903
8 8 18 31 2803
8 8 31 18 2803
8 8 19 30 3873
8 8 30 19 3873
8 8 20 29 5044
8 8 29 20 5044
8 8 21 28 6213
8 8 28 21 6213
8 8 22 27 7251
8 8 27 22 7251
8 8 23 26 8029
8 8 26 23 8029
8 8 24 25 8447
8 8 25 24 8447
5 11 6 43 0
11 5 6 43 0
5 11 43 6 0
11 5 43 6 0
6 10 6 43 0
10 6 6 43 0
6 10 43 6 0
10 6 43 6 0
7 9 6 43 0
9 7 6 43 0
7 9 43 6 0
9 7 43 6 0
6 10 5 44 0
10 6 5 44 0
6 10 44 5 0
10 6 44 5 0
7 9 5 44 0
9 7 5 44 0
7 9 44 5 0
9 7 44 5 0
8 8 5 44 0
8 8 44 5 0
8 8 6 43 0
8 8 43 6 0
8 8 7 42 0
8 8 42 7 0
8 8 8 41 0
8 8 41 8 0
