0 4 1 12 0
4 0 1 12 0
0 4 12 1 0
4 0 12 1 0
0 4 2 11 0
4 0 2 11 0
0 4 11 2 0
4 0 11 2 0
0 4 3 10 0
4 0 3 10 0
0 4 10 3 0
4 0 10 3 0
0 4 4 9 0
4 0 4 9 0
0 4 9 4 0
4 0 9 4 0
0 4 5 8 0
4 0 5 8 0
0 4 8 5 0
4 0 8 5 0
0 4 6 7 0
4 0 6 7 0
0 4 7 6 0
4 0 7 6 0
1 3 0 13 0
3 1 0 13 0
1 3 13 0 0
3 1 13 0 0
1 3 1 12 0
3 1 1 12 0
1 3 12 1 0
3 1 12 1 0
1 3 2 11 0
3 1 2 11 0
1 3 11 2 0
3 1 11 2 0
1 3 3 10 0
3 1 3 10 0
1 3 10 3 0
3 1 10 3 0
1 3 4 9 0
3 1 4 9 0
1 3 9 4 0
3 1 9 4 0
1 3 5 8 0
3 1 5 8 0
1 3 8 5 0
3 1 8 5 0
1 3 6 7 0
3 1 6 7 0
1 3 7 6 0
3 1 7 6 0
2 2 0 13 0
2 2 13 0 0
2 2 1 12 0
2 2 12 1 0
2 2 2 11 0
2 2 11 2 0
2 2 3 10 0
2 2 10 3 0
2 2 4 9 0
2 2 9 4 0
2 2 5 8 0
2 2 8 5 0
2 2 6 7 0
2 2 7 6 0
