2 18 22 39 0
18 2 22 39 0
2 18 39 22 0
18 2 39 22 0
2 18 23 38 0
18 2 23 38 0
2 18 38 23 0
18 2 38 23 0
2 18 24 37 0
18 2 24 37 0
2 18 37 24 0
18 2 37 24 0
2 18 25 36 0
18 2 25 36 0
2 18 36 25 0
18 2 36 25 0
2 18 26 35 0
18 2 26 35 0
2 18 35 26 0
18 2 35 26 0
2 18 27 34 0
18 2 27 34 0
2 18 34 27 0
18 2 34 27 0
2 18 28 33 0
18 2 28 33 0
2 18 33 28 0
18 2 33 28 0
2 18 29 32 0
18 2 29 32 0
2 18 32 29 0
18 2 32 29 0
3 17 22 39 0
17 3 22 39 0
3 17 39 22 0
17 3 39 22 0
3 17 23 38 0
17 3 23 38 0
3 17 38 23 0
17 3 38 23 0
3 17 24 37 0
17 3 24 37 0
3 17 37 24 0
17 3 37 24 0
3 17 25 36 0
17 3 25 36 0
3 17 36 25 0
17 3 36 25 0
3 17 26 35 0
17 3 26 35 0
3 17 35 26 0
17 3 35 26 0
3 17 27 34 0
17 3 27 34 0
3 17 34 27 0
17 3 34 27 0
3 17 28 33 0
17 3 28 33 0
3 17 33 28 0
17 3 33 28 0
3 17 29 32 0
17 3 29 32 0
3 17 32 29 0
17 3 32 29 0
4 16 22 39 0
16 4 22 39 0
4 16 39 22 0
16 4 39 22 0
4 16 23 38 1
16 4 23 38 1
4 16 38 23 1
16 4 38 23 1
4 16 24 37 3
16 4 24 37 3
4 16 37 24 3
16 4 37 24 3
4 16 25 36 6
16 4 25 36 6
4 16 36 25 6
16 4 36 25 6
4 16 26 35 10
16 4 26 35 10
4 16 35 26 10
16 4 35 26 10
4 16 27 34 15
16 4 27 34 15
4 16 34 27 15
16 4 34 27 15
4 16 28 33 20
16 4 28 33 20
4 16 33 28 20
16 4 33 28 20
4 16 29 32 24
16 4 29 32 24
4 16 32 29 24
16 4 32 29 24
2 18 30 31 0
18 2 30 31 0
2 18 31 30 0
18 2 31 30 0
3 17 30 31 0
17 3 30 31 0
3 17 31 30 0
17 3 31 30 0
4 16 30 31 26
16 4 30 31 26
4 16 31 30 26
16 4 31 30 26
3 17 21 40 0
17 3 21 40 0
3 17 40 21 0
17 3 40 21 0
4 16 21 40 0
16 4 21 40 0
4 16 40 21 0
16 4 40 21 0
5 15 21 40 4
15 5 21 40 4
5 15 40 21 4
15 5 40 21 4
5 15 22 39 11
15 5 22 39 11
5 15 39 22 11
15 5 39 22 11
5 15 23 38 25
15 5 23 38 25
5 15 38 23 25
15 5 38 23 25
5 15 24 37 47
15 5 24 37 47
5 15 37 24 47
15 5 37 24 47
5 15 25 36 77
15 5 25 36 77
5 15 36 25 77
15 5 36 25 77
5 15 26 35 114
15 5 26 35 114
5 15 35 26 114
15 5 35 26 114
5 15 27 34 155
15 5 27 34 155
5 15 34 27 155
15 5 34 27 155
5 15 28 33 194
15 5 28 33 194
5 15 33 28 194
15 5 33 28 194
5 15 29 32 224
15 5 29 32 224
5 15 32 29 224
15 5 32 29 224
5 15 30 31 240
15 5 30 31 240
5 15 31 30 240
15 5 31 30 240
6 14 22 39 94
14 6 22 39 94
6 14 39 22 94
14 6 39 22 94
6 14 23 38 172
14 6 23 38 172
6 14 38 23 172
14 6 38 23 172
6 14 24 37 283
14 6 24 37 283
6 14 37 24 283
14 6 37 24 283
6 14 25 36 425
14 6 25 36 425
6 14 36 25 425
14 6 36 25 425
6 14 26 35 589
14 6 26 35 589
6 14 35 26 589
14 6 35 26 589
6 14 27 34 761
14 6 27 34 761
6 14 34 27 761
14 6 34 27 761
6 14 28 33 919
14 6 28 33 919
6 14 33 28 919
14 6 33 28 919
6 14 29 32 1040
14 6 29 32 1040
6 14 32 29 1040
14 6 32 29 1040
6 14 30 31 1105
14 6 30 31 1105
6 14 31 30 1105
14 6 31 30 1105
3 17 18 43 0
17 3 18 43 0
3 17 43 18 0
17 3 43 18 0
3 17 19 42 0
17 3 19 42 0
3 17 42 19 0
17 3 42 19 0
3 17 20 41 0
17 3 20 41 0
3 17 41 20 0
17 3 41 20 0
4 16 18 43 0
16 4 18 43 0
4 16 43 18 0
16 4 43 18 0
4 16 19 42 0
16 4 19 42 0
4 16 42 19 0
16 4 42 19 0
4 16 20 41 0
16 4 20 41 0
4 16 41 20 0
16 4 41 20 0
5 15 18 43 0
15 5 18 43 0
5 15 43 18 0
15 5 43 18 0
5 15 19 42 0
15 5 19 42 0
5 15 42 19 0
15 5 42 19 0
5 15 20 41 1
15 5 20 41 1
5 15 41 20 1
15 5 41 20 1
4 16 16 45 0
16 4 16 45 0
4 16 45 16 0
16 4 45 16 0
4 16 17 44 0
16 4 17 44 0
4 16 44 17 0
16 4 44 17 0
5 15 16 45 0
15 5 16 45 0
5 15 45 16 0
15 5 45 16 0
5 15 17 44 0
15 5 17 44 0
5 15 44 17 0
15 5 44 17 0
6 14 16 45 0
14 6 16 45 0
6 14 45 16 0
14 6 45 16 0
6 14 17 44 0
14 6 17 44 0
6 14 44 17 0
14 6 44 17 0
6 14 18 43 1
14 6 18 43 1
6 14 43 18 1
14 6 43 18 1
6 14 19 42 6
14 6 19 42 6
6 14 42 19 6
14 6 42 19 6
6 14 20 41 19
14 6 20 41 19
6 14 41 20 19
14 6 41 20 19
6 14 21 40 46
14 6 21 40 46
6 14 40 21 46
14 6 40 21 46
7 13 16 45 1
13 7 16 45 1
7 13 45 16 1
13 7 45 16 1
7 13 17 44 5
13 7 17 44 5
7 13 44 17 5
13 7 44 17 5
7 13 18 43 17
13 7 18 43 17
7 13 43 18 17
13 7 43 18 17
7 13 19 42 46
13 7 19 42 46
7 13 42 19 46
13 7 42 19 46
7 13 20 41 106
13 7 20 41 106
7 13 41 20 106
13 7 41 20 106
7 13 21 40 214
13 7 21 40 214
7 13 40 21 214
13 7 40 21 214
7 13 22 39 388
13 7 22 39 388
7 13 39 22 388
13 7 39 22 388
7 13 23 38 644
13 7 23 38 644
7 13 38 23 644
13 7 38 23 644
7 13 24 37 987
13 7 24 37 987
7 13 37 24 987
13 7 37 24 987
7 13 25 36 1407
13 7 25 36 1407
7 13 36 25 1407
13 7 36 25 1407
7 13 26 35 1877
13 7 26 35 1877
7 13 35 26 1877
13 7 35 26 1877
7 13 27 34 2354
13 7 27 34 2354
7 13 34 27 2354
13 7 34 27 2354
7 13 28 33 2783
13 7 28 33 2783
7 13 33 28 2783
13 7 33 28 2783
7 13 29 32 3108
13 7 29 32 3108
7 13 32 29 3108
13 7 32 29 3108
7 13 30 31 3283
13 7 30 31 3283
7 13 31 30 3283
13 7 31 30 3283
8 12 18 43 61
12 8 18 43 61
8 12 43 18 61
12 8 43 18 61
8 12 19 42 144
12 8 19 42 144
8 12 42 19 144
12 8 42 19 144
8 12 20 41 299
12 8 20 41 299
8 12 41 20 299
12 8 41 20 299
8 12 21 40 560
12 8 21 40 560
8 12 40 21 560
12 8 40 21 560
8 12 22 39 958
12 8 22 39 958
8 12 39 22 958
12 8 39 22 958
8 12 23 38 1519
12 8 23 38 1519
8 12 38 23 1519
12 8 38 23 1519
8 12 24 37 2245
12 8 24 37 2245
8 12 37 24 2245
12 8 37 24 2245
8 12 25 36 3112
12 8 25 36 3112
8 12 36 25 3112
12 8 36 25 3112
8 12 26 35 4062
12 8 26 35 4062
8 12 35 26 4062
12 8 35 26 4062
8 12 27 34 5011
12 8 27 34 5011
8 12 34 27 5011
12 8 34 27 5011
8 12 28 33 5854
12 8 28 33 5854
8 12 33 28 5854
12 8 33 28 5854
8 12 29 32 6488
12 8 29 32 6488
8 12 32 29 6488
12 8 32 29 6488
8 12 30 31 6828
12 8 30 31 6828
8 12 31 30 6828
12 8 31 30 6828
5 15 13 48 0
15 5 13 48 0
5 15 48 13 0
15 5 48 13 0
5 15 14 47 0
15 5 14 47 0
5 15 47 14 0
15 5 47 14 0
5 15 15 46 0
15 5 15 46 0
5 15 46 15 0
15 5 46 15 0
6 14 13 48 0
14 6 13 48 0
6 14 48 13 0
14 6 48 13 0
6 14 14 47 0
14 6 14 47 0
6 14 47 14 0
14 6 47 14 0
6 14 15 46 0
14 6 15 46 0
6 14 46 15 0
14 6 46 15 0
7 13 13 48 0
13 7 13 48 0
7 13 48 13 0
13 7 48 13 0
7 13 14 47 0
13 7 14 47 0
7 13 47 14 0
13 7 47 14 0
7 13 15 46 0
13 7 15 46 0
7 13 46 15 0
13 7 46 15 0
6 14 12 49 0
14 6 12 49 0
6 14 49 12 0
14 6 49 12 0
7 13 12 49 0
13 7 12 49 0
7 13 49 12 0
13 7 49 12 0
8 12 12 49 0
12 8 12 49 0
8 12 49 12 0
12 8 49 12 0
8 12 13 48 0
12 8 13 48 0
8 12 48 13 0
12 8 48 13 0
8 12 14 47 0
12 8 14 47 0
8 12 47 14 0
12 8 47 14 0
8 12 15 46 1
12 8 15 46 1
8 12 46 15 1
12 8 46 15 1
8 12 16 45 6
12 8 16 45 6
8 12 45 16 6
12 8 45 16 6
8 12 17 44 22
12 8 17 44 22
8 12 44 17 22
12 8 44 17 22
9 11 13 48 0
11 9 13 48 0
9 11 48 13 0
11 9 48 13 0
9 11 14 47 1
11 9 14 47 1
9 11 47 14 1
11 9 47 14 1
9 11 15 46 5
11 9 15 46 5
9 11 46 15 5
11 9 46 15 5
9 11 16 45 18
11 9 16 45 18
9 11 45 16 18
11 9 45 16 18
9 11 17 44 52
11 9 17 44 52
9 11 44 17 52
11 9 44 17 52
9 11 18 43 128
11 9 18 43 128
9 11 43 18 128
11 9 43 18 128
9 11 19 42 278
11 9 19 42 278
9 11 42 19 278
11 9 42 19 278
9 11 20 41 545
11 9 20 41 545
9 11 41 20 545
11 9 41 20 545
9 11 21 40 977
11 9 21 40 977
9 11 40 21 977
11 9 40 21 977
9 11 22 39 1619
11 9 22 39 1619
9 11 39 22 1619
11 9 39 22 1619
9 11 23 38 2502
11 9 23 38 2502
9 11 38 23 2502
11 9 38 23 2502
9 11 24 37 3625
11 9 24 37 3625
9 11 37 24 3625
11 9 37 24 3625
9 11 25 36 4946
11 9 25 36 4946
9 11 36 25 4946
11 9 36 25 4946
9 11 26 35 6378
11 9 26 35 6378
9 11 35 26 6378
11 9 35 26 6378
9 11 27 34 7795
11 9 27 34 7795
9 11 34 27 7795
11 9 34 27 7795
9 11 28 33 9046
11 9 28 33 9046
9 11 33 28 9046
11 9 33 28 9046
9 11 29 32 9982
11 9 29 32 9982
9 11 32 29 9982
11 9 32 29 9982
9 11 30 31 10483
11 9 30 31 10483
9 11 31 30 10483
11 9 31 30 10483
10 10 16 45 22
10 10 45 16 22
10 10 17 44 64
10 10 44 17 64
10 10 18 43 156
10 10 43 18 156
10 10 19 42 336
10 10 42 19 336
10 10 20 41 652
10 10 41 20 652
10 10 21 40 1159
10 10 40 21 1159
10 10 22 39 1906
10 10 39 22 1906
10 10 23 38 2928
10 10 38 23 2928
10 10 24 37 4220
10 10 37 24 4220
10 10 25 36 5734
10 10 36 25 5734
10 10 26 35 7369
10 10 35 26 7369
10 10 27 34 8984
10 10 34 27 8984
10 10 28 33 10407
10 10 33 28 10407
10 10 29 32 11470
10 10 32 29 11470
10 10 30 31 12038
10 10 31 30 12038
7 13 10 51 0
13 7 10 51 0
7 13 51 10 0
13 7 51 10 0
7 13 11 50 0
13 7 11 50 0
7 13 50 11 0
13 7 50 11 0
8 12 10 51 0
12 8 10 51 0
8 12 51 10 0
12 8 51 10 0
8 12 11 50 0
12 8 11 50 0
8 12 50 11 0
12 8 50 11 0
9 11 10 51 0
11 9 10 51 0
9 11 51 10 0
11 9 51 10 0
9 11 11 50 0
11 9 11 50 0
9 11 50 11 0
11 9 50 11 0
9 11 12 49 0
11 9 12 49 0
9 11 49 12 0
11 9 49 12 0
10 10 10 51 0
10 10 51 10 0
10 10 11 50 0
10 10 50 11 0
10 10 12 49 0
10 10 49 12 0
10 10 13 48 0
10 10 48 13 0
10 10 14 47 1
10 10 47 14 1
10 10 15 46 6
10 10 46 15 6
9 11 9 52 0
11 9 9 52 0
9 11 52 9 0
11 9 52 9 0
10 10 9 52 0
10 10 52 9 0
