1 17 21 34 0
17 1 21 34 0
1 17 34 21 0
17 1 34 21 0
1 17 22 33 0
17 1 22 33 0
1 17 33 22 0
17 1 33 22 0
1 17 23 32 0
17 1 23 32 0
1 17 32 23 0
17 1 32 23 0
1 17 24 31 0
17 1 24 31 0
1 17 31 24 0
17 1 31 24 0
1 17 25 30 0
17 1 25 30 0
1 17 30 25 0
17 1 30 25 0
1 17 26 29 0
17 1 26 29 0
1 17 29 26 0
17 1 29 26 0
1 17 27 28 0
17 1 27 28 0
1 17 28 27 0
17 1 28 27 0
2 16 21 34 0
16 2 21 34 0
2 16 34 21 0
16 2 34 21 0
2 16 22 33 0
16 2 22 33 0
2 16 33 22 0
16 2 33 22 0
2 16 23 32 0
16 2 23 32 0
2 16 32 23 0
16 2 32 23 0
2 16 24 31 0
16 2 24 31 0
2 16 31 24 0
16 2 31 24 0
2 16 25 30 0
16 2 25 30 0
2 16 30 25 0
16 2 30 25 0
2 16 26 29 0
16 2 26 29 0
2 16 29 26 0
16 2 29 26 0
2 16 27 28 0
16 2 27 28 0
2 16 28 27 0
16 2 28 27 0
3 15 21 34 2
15 3 21 34 2
3 15 34 21 2
15 3 34 21 2
3 15 22 33 5
15 3 22 33 5
3 15 33 22 5
15 3 33 22 5
3 15 23 32 9
15 3 23 32 9
3 15 32 23 9
15 3 32 23 9
3 15 24 31 13
15 3 24 31 13
3 15 31 24 13
15 3 31 24 13
3 15 25 30 17
15 3 25 30 17
3 15 30 25 17
15 3 30 25 17
3 15 26 29 21
15 3 26 29 21
3 15 29 26 21
15 3 29 26 21
3 15 27 28 23
15 3 27 28 23
3 15 28 27 23
15 3 28 27 23
4 14 21 34 39
14 4 21 34 39
4 14 34 21 39
14 4 34 21 39
4 14 22 33 67
14 4 22 33 67
4 14 33 22 67
14 4 33 22 67
4 14 23 32 101
14 4 23 32 101
4 14 32 23 101
14 4 32 23 101
4 14 24 31 138
14 4 24 31 138
4 14 31 24 138
14 4 31 24 138
4 14 25 30 172
14 4 25 30 172
4 14 30 25 172
14 4 30 25 172
4 14 26 29 200
14 4 26 29 200
4 14 29 26 200
14 4 29 26 200
4 14 27 28 216
14 4 27 28 216
4 14 28 27 216
14 4 28 27 216
2 16 16 39 0
16 2 16 39 0
2 16 39 16 0
16 2 39 16 0
2 16 17 38 0
16 2 17 38 0
2 16 38 17 0
16 2 38 17 0
2 16 18 37 0
16 2 18 37 0
2 16 37 18 0
16 2 37 18 0
2 16 19 36 0
16 2 19 36 0
2 16 36 19 0
16 2 36 19 0
2 16 20 35 0
16 2 20 35 0
2 16 35 20 0
16 2 35 20 0
3 15 16 39 0
15 3 16 39 0
3 15 39 16 0
15 3 39 16 0
3 15 17 38 0
15 3 17 38 0
3 15 38 17 0
15 3 38 17 0
3 15 18 37 0
15 3 18 37 0
3 15 37 18 0
15 3 37 18 0
3 15 19 36 0
15 3 19 36 0
3 15 36 19 0
15 3 36 19 0
3 15 20 35 1
15 3 20 35 1
3 15 35 20 1
15 3 35 20 1
4 14 16 39 0
14 4 16 39 0
4 14 39 16 0
14 4 39 16 0
4 14 17 38 0
14 4 17 38 0
4 14 38 17 0
14 4 38 17 0
4 14 18 37 3
14 4 18 37 3
4 14 37 18 3
14 4 37 18 3
4 14 19 36 9
14 4 19 36 9
4 14 36 19 9
14 4 36 19 9
4 14 20 35 21
14 4 20 35 21
4 14 35 20 21
14 4 35 20 21
3 15 15 40 0
15 3 15 40 0
3 15 40 15 0
15 3 40 15 0
4 14 15 40 0
14 4 15 40 0
4 14 40 15 0
14 4 40 15 0
5 13 15 40 1
13 5 15 40 1
5 13 40 15 1
13 5 40 15 1
5 13 16 39 5
13 5 16 39 5
5 13 39 16 5
13 5 39 16 5
5 13 17 38 15
13 5 17 38 15
5 13 38 17 15
13 5 38 17 15
5 13 18 37 39
13 5 18 37 39
5 13 37 18 39
13 5 37 18 39
5 13 19 36 82
13 5 19 36 82
5 13 36 19 82
13 5 36 19 82
5 13 20 35 152
13 5 20 35 152
5 13 35 20 152
13 5 35 20 152
5 13 21 34 251
13 5 21 34 251
5 13 34 21 251
13 5 34 21 251
5 13 22 33 382
13 5 22 33 382
5 13 33 22 382
13 5 33 22 382
5 13 23 32 534
13 5 23 32 534
5 13 32 23 534
13 5 32 23 534
5 13 24 31 693
13 5 24 31 693
5 13 31 24 693
13 5 31 24 693
5 13 25 30 838
13 5 25 30 838
5 13 30 25 838
13 5 30 25 838
5 13 26 29 951
13 5 26 29 951
5 13 29 26 951
13 5 29 26 951
5 13 27 28 1013
13 5 27 28 1013
5 13 28 27 1013
13 5 28 27 1013
6 12 16 39 37
12 6 16 39 37
6 12 39 16 37
12 6 39 16 37
6 12 17 38 87
12 6 17 38 87
6 12 38 17 87
12 6 38 17 87
6 12 18 37 183
12 6 18 37 183
6 12 37 18 183
12 6 37 18 183
6 12 19 36 338
12 6 19 36 338
6 12 36 19 338
12 6 36 19 338
6 12 20 35 572
12 6 20 35 572
6 12 35 20 572
12 6 35 20 572
6 12 21 34 883
12 6 21 34 883
6 12 34 21 883
12 6 34 21 883
6 12 22 33 1272
12 6 22 33 1272
6 12 33 22 1272
12 6 33 22 1272
6 12 23 32 1708
12 6 23 32 1708
6 12 32 23 1708
12 6 32 23 1708
6 12 24 31 2153
12 6 24 31 2153
6 12 31 24 2153
12 6 31 24 2153
6 12 25 30 2552
12 6 25 30 2552
6 12 30 25 2552
12 6 30 25 2552
6 12 26 29 2858
12 6 26 29 2858
6 12 29 26 2858
12 6 29 26 2858
6 12 27 28 3022
12 6 27 28 3022
6 12 28 27 3022
12 6 28 27 3022
3 15 13 42 0
15 3 13 42 0
3 15 42 13 0
15 3 42 13 0
3 15 14 41 0
15 3 14 41 0
3 15 41 14 0
15 3 41 14 0
4 14 13 42 0
14 4 13 42 0
4 14 42 13 0
14 4 42 13 0
4 14 14 41 0
14 4 14 41 0
4 14 41 14 0
14 4 41 14 0
5 13 13 42 0
13 5 13 42 0
5 13 42 13 0
13 5 42 13 0
5 13 14 41 0
13 5 14 41 0
5 13 41 14 0
13 5 41 14 0
4 14 11 44 0
14 4 11 44 0
4 14 44 11 0
14 4 44 11 0
4 14 12 43 0
14 4 12 43 0
4 14 43 12 0
14 4 43 12 0
5 13 11 44 0
13 5 11 44 0
5 13 44 11 0
13 5 44 11 0
5 13 12 43 0
13 5 12 43 0
5 13 43 12 0
13 5 43 12 0
6 12 11 44 0
12 6 11 44 0
6 12 44 11 0
12 6 44 11 0
6 12 12 43 0
12 6 12 43 0
6 12 43 12 0
12 6 43 12 0
6 12 13 42 0
12 6 13 42 0
6 12 42 13 0
12 6 42 13 0
6 12 14 41 3
12 6 14 41 3
6 12 41 14 3
12 6 41 14 3
6 12 15 40 12
12 6 15 40 12
6 12 40 15 12
12 6 40 15 12
7 11 11 44 0
11 7 11 44 0
7 11 44 11 0
11 7 44 11 0
7 11 12 43 1
11 7 12 43 1
7 11 43 12 1
11 7 43 12 1
7 11 13 42 5
11 7 13 42 5
7 11 42 13 5
11 7 42 13 5
7 11 14 41 18
11 7 14 41 18
7 11 41 14 18
11 7 41 14 18
7 11 15 40 51
11 7 15 40 51
7 11 40 15 51
11 7 40 15 51
7 11 16 39 124
11 7 16 39 124
7 11 39 16 124
11 7 39 16 124
7 11 17 38 260
11 7 17 38 260
7 11 38 17 260
11 7 38 17 260
7 11 18 37 495
11 7 18 37 495
7 11 37 18 495
11 7 37 18 495
7 11 19 36 857
11 7 19 36 857
7 11 36 19 857
11 7 36 19 857
7 11 20 35 1373
11 7 20 35 1373
7 11 35 20 1373
11 7 35 20 1373
7 11 21 34 2043
11 7 21 34 2043
7 11 34 21 2043
11 7 34 21 2043
7 11 22 33 2851
11 7 22 33 2851
7 11 33 22 2851
11 7 33 22 2851
7 11 23 32 3739
11 7 23 32 3739
7 11 32 23 3739
11 7 32 23 3739
7 11 24 31 4630
11 7 24 31 4630
7 11 31 24 4630
11 7 31 24 4630
7 11 25 30 5422
11 7 25 30 5422
7 11 30 25 5422
11 7 30 25 5422
7 11 26 29 6020
11 7 26 29 6020
7 11 29 26 6020
11 7 29 26 6020
7 11 27 28 6341
11 7 27 28 6341
7 11 28 27 6341
11 7 28 27 6341
8 10 13 42 12
10 8 13 42 12
8 10 42 13 12
10 8 42 13 12
8 10 14 41 40
10 8 14 41 40
8 10 41 14 40
10 8 41 14 40
8 10 15 40 103
10 8 15 40 103
8 10 40 15 103
10 8 40 15 103
8 10 16 39 235
10 8 16 39 235
8 10 39 16 235
10 8 39 16 235
8 10 17 38 469
10 8 17 38 469
8 10 38 17 469
10 8 38 17 469
8 10 18 37 860
10 8 18 37 860
8 10 37 18 860
10 8 37 18 860
8 10 19 36 1443
10 8 19 36 1443
8 10 36 19 1443
10 8 36 19 1443
8 10 20 35 2257
10 8 20 35 2257
8 10 35 20 2257
10 8 35 20 2257
8 10 21 34 3293
10 8 21 34 3293
8 10 34 21 3293
10 8 34 21 3293
8 10 22 33 4527
10 8 22 33 4527
8 10 33 22 4527
10 8 33 22 4527
8 10 23 32 5866
10 8 23 32 5866
8 10 32 23 5866
10 8 32 23 5866
8 10 24 31 7199
10 8 24 31 7199
8 10 31 24 7199
10 8 31 24 7199
8 10 25 30 8375
10 8 25 30 8375
8 10 30 25 8375
10 8 30 25 8375
8 10 26 29 9260
10 8 26 29 9260
8 10 29 26 9260
10 8 29 26 9260
8 10 27 28 9734
10 8 27 28 9734
8 10 28 27 9734
10 8 28 27 9734
5 13 9 46 0
13 5 9 46 0
5 13 46 9 0
13 5 46 9 0
5 13 10 45 0
13 5 10 45 0
5 13 45 10 0
13 5 45 10 0
6 12 9 46 0
12 6 9 46 0
6 12 46 9 0
12 6 46 9 0
6 12 10 45 0
12 6 10 45 0
6 12 45 10 0
12 6 45 10 0
7 11 9 46 0
11 7 9 46 0
7 11 46 9 0
11 7 46 9 0
7 11 10 45 0
11 7 10 45 0
7 11 45 10 0
11 7 45 10 0
6 12 8 47 0
12 6 8 47 0
6 12 47 8 0
12 6 47 8 0
7 11 8 47 0
11 7 8 47 0
7 11 47 8 0
11 7 47 8 0
8 10 8 47 0
10 8 8 47 0
8 10 47 8 0
10 8 47 8 0
8 10 9 46 0
10 8 9 46 0
8 10 46 9 0
10 8 46 9 0
8 10 10 45 0
10 8 10 45 0
8 10 45 10 0
10 8 45 10 0
8 10 11 44 0
10 8 11 44 0
8 10 44 11 0
10 8 44 11 0
8 10 12 43 3
10 8 12 43 3
8 10 43 12 3
10 8 43 12 3
9 9 9 46 0
9 9 46 9 0
9 9 10 45 0
9 9 45 10 0
9 9 11 44 1
9 9 44 11 1
9 9 12 43 5
9 9 43 12 5
9 9 13 42 18
9 9 42 13 18
9 9 14 41 54
9 9 41 14 54
9 9 15 40 133
9 9 40 15 133
9 9 16 39 292
9 9 39 16 292
9 9 17 38 574
9 9 38 17 574
9 9 18 37 1034
9 9 37 18 1034
9 9 19 36 1718
9 9 36 19 1718
9 9 20 35 2663
9 9 35 20 2663
9 9 21 34 3861
9 9 34 21 3861
9 9 22 33 5278
9 9 33 22 5278
9 9 23 32 6814
9 9 32 23 6814
9 9 24 31 8334
9 9 31 24 8334
9 9 25 30 9675
9 9 30 25 9675
9 9 26 29 10682
9 9 29 26 10682
9 9 27 28 11220
9 9 28 27 11220
7 11 7 48 0
11 7 7 48 0
7 11 48 7 0
11 7 48 7 0
8 10 7 48 0
10 8 7 48 0
8 10 48 7 0
10 8 48 7 0
9 9 7 48 0
9 9 48 7 0
9 9 8 47 0
9 9 47 8 0
