7 23 42 49 0
23 7 42 49 0
7 23 49 42 0
23 7 49 42 0
7 23 43 48 0
23 7 43 48 0
7 23 48 43 0
23 7 48 43 0
7 23 44 47 0
23 7 44 47 0
7 23 47 44 0
23 7 47 44 0
7 23 45 46 0
23 7 45 46 0
7 23 46 45 0
23 7 46 45 0
8 22 42 49 0
22 8 42 49 0
8 22 49 42 0
22 8 49 42 0
8 22 43 48 0
22 8 43 48 0
8 22 48 43 0
22 8 48 43 0
8 22 44 47 0
22 8 44 47 0
8 22 47 44 0
22 8 47 44 0
8 22 45 46 0
22 8 45 46 0
8 22 46 45 0
22 8 46 45 0
9 21 42 49 0
21 9 42 49 0
9 21 49 42 0
21 9 49 42 0
9 21 43 48 0
21 9 43 48 0
9 21 48 43 0
21 9 48 43 0
9 21 44 47 0
21 9 44 47 0
9 21 47 44 0
21 9 47 44 0
9 21 45 46 0
21 9 45 46 0
9 21 46 45 0
21 9 46 45 0
8 22 36 55 0
22 8 36 55 0
8 22 55 36 0
22 8 55 36 0
8 22 37 54 0
22 8 37 54 0
8 22 54 37 0
22 8 54 37 0
8 22 38 53 0
22 8 38 53 0
8 22 53 38 0
22 8 53 38 0
8 22 39 52 0
22 8 39 52 0
8 22 52 39 0
22 8 52 39 0
8 22 40 51 0
22 8 40 51 0
8 22 51 40 0
22 8 51 40 0
8 22 41 50 0
22 8 41 50 0
8 22 50 41 0
22 8 50 41 0
9 21 36 55 0
21 9 36 55 0
9 21 55 36 0
21 9 55 36 0
9 21 37 54 0
21 9 37 54 0
9 21 54 37 0
21 9 54 37 0
9 21 38 53 0
21 9 38 53 0
9 21 53 38 0
21 9 53 38 0
9 21 39 52 0
21 9 39 52 0
9 21 52 39 0
21 9 52 39 0
9 21 40 51 0
21 9 40 51 0
9 21 51 40 0
21 9 51 40 0
9 21 41 50 0
21 9 41 50 0
9 21 50 41 0
21 9 50 41 0
10 20 36 55 0
20 10 36 55 0
10 20 55 36 0
20 10 55 36 0
10 20 37 54 0
20 10 37 54 0
10 20 54 37 0
20 10 54 37 0
10 20 38 53 0
20 10 38 53 0
10 20 53 38 0
20 10 53 38 0
10 20 39 52 0
20 10 39 52 0
10 20 52 39 0
20 10 52 39 0
10 20 40 51 0
20 10 40 51 0
10 20 51 40 0
20 10 51 40 0
10 20 41 50 0
20 10 41 50 0
10 20 50 41 0
20 10 50 41 0
10 20 42 49 0
20 10 42 49 0
10 20 49 42 0
20 10 49 42 0
10 20 43 48 1
20 10 43 48 1
10 20 48 43 1
20 10 48 43 1
10 20 44 47 1
20 10 44 47 1
10 20 47 44 1
20 10 47 44 1
10 20 45 46 1
20 10 45 46 1
10 20 46 45 1
20 10 46 45 1
9 21 32 59 0
21 9 32 59 0
9 21 59 32 0
21 9 59 32 0
9 21 33 58 0
21 9 33 58 0
9 21 58 33 0
21 9 58 33 0
9 21 34 57 0
21 9 34 57 0
9 21 57 34 0
21 9 57 34 0
9 21 35 56 0
21 9 35 56 0
9 21 56 35 0
21 9 56 35 0
10 20 32 59 0
20 10 32 59 0
10 20 59 32 0
20 10 59 32 0
10 20 33 58 0
20 10 33 58 0
10 20 58 33 0
20 10 58 33 0
10 20 34 57 0
20 10 34 57 0
10 20 57 34 0
20 10 57 34 0
10 20 35 56 0
20 10 35 56 0
10 20 56 35 0
20 10 56 35 0
11 19 32 59 0
19 11 32 59 0
11 19 59 32 0
19 11 59 32 0
11 19 33 58 0
19 11 33 58 0
11 19 58 33 0
19 11 58 33 0
11 19 34 57 0
19 11 34 57 0
11 19 57 34 0
19 11 57 34 0
11 19 35 56 0
19 11 35 56 0
11 19 56 35 0
19 11 56 35 0
11 19 36 55 0
19 11 36 55 0
11 19 55 36 0
19 11 55 36 0
11 19 37 54 0
19 11 37 54 0
11 19 54 37 0
19 11 54 37 0
11 19 38 53 0
19 11 38 53 0
11 19 53 38 0
19 11 53 38 0
11 19 39 52 1
19 11 39 52 1
11 19 52 39 1
19 11 52 39 1
11 19 40 51 2
19 11 40 51 2
11 19 51 40 2
19 11 51 40 2
11 19 41 50 4
19 11 41 50 4
11 19 50 41 4
19 11 50 41 4
11 19 42 49 6
19 11 42 49 6
11 19 49 42 6
19 11 49 42 6
11 19 43 48 9
19 11 43 48 9
11 19 48 43 9
19 11 48 43 9
11 19 44 47 11
19 11 44 47 11
11 19 47 44 11
19 11 47 44 11
11 19 45 46 12
19 11 45 46 12
11 19 46 45 12
19 11 46 45 12
10 20 30 61 0
20 10 30 61 0
10 20 61 30 0
20 10 61 30 0
10 20 31 60 0
20 10 31 60 0
10 20 60 31 0
20 10 60 31 0
11 19 30 61 0
19 11 30 61 0
11 19 61 30 0
19 11 61 30 0
11 19 31 60 0
19 11 31 60 0
11 19 60 31 0
19 11 60 31 0
12 18 30 61 0
18 12 30 61 0
12 18 61 30 0
18 12 61 30 0
12 18 31 60 0
18 12 31 60 0
12 18 60 31 0
18 12 60 31 0
12 18 32 59 0
18 12 32 59 0
12 18 59 32 0
18 12 59 32 0
12 18 33 58 0
18 12 33 58 0
12 18 58 33 0
18 12 58 33 0
12 18 34 57 0
18 12 34 57 0
12 18 57 34 0
18 12 57 34 0
12 18 35 56 1
18 12 35 56 1
12 18 56 35 1
18 12 56 35 1
12 18 36 55 2
18 12 36 55 2
12 18 55 36 2
18 12 55 36 2
12 18 37 54 5
18 12 37 54 5
12 18 54 37 5
18 12 54 37 5
12 18 38 53 9
18 12 38 53 9
12 18 53 38 9
18 12 53 38 9
12 18 39 52 16
18 12 39 52 16
12 18 52 39 16
18 12 52 39 16
12 18 40 51 24
18 12 40 51 24
12 18 51 40 24
18 12 51 40 24
12 18 41 50 35
18 12 41 50 35
12 18 50 41 35
18 12 50 41 35
12 18 42 49 45
18 12 42 49 45
12 18 49 42 45
18 12 49 42 45
12 18 43 48 56
18 12 43 48 56
12 18 48 43 56
18 12 48 43 56
12 18 44 47 64
18 12 44 47 64
12 18 47 44 64
18 12 47 44 64
12 18 45 46 68
18 12 45 46 68
12 18 46 45 68
18 12 46 45 68
13 17 30 61 0
17 13 30 61 0
13 17 61 30 0
17 13 61 30 0
13 17 31 60 0
17 13 31 60 0
13 17 60 31 0
17 13 60 31 0
13 17 32 59 0
17 13 32 59 0
13 17 59 32 0
17 13 59 32 0
13 17 33 58 1
17 13 33 58 1
13 17 58 33 1
17 13 58 33 1
13 17 34 57 3
17 13 34 57 3
13 17 57 34 3
17 13 57 34 3
13 17 35 56 7
17 13 35 56 7
13 17 56 35 7
17 13 56 35 7
13 17 36 55 14
17 13 36 55 14
13 17 55 36 14
17 13 55 36 14
13 17 37 54 26
17 13 37 54 26
13 17 54 37 26
17 13 54 37 26
13 17 38 53 42
17 13 38 53 42
13 17 53 38 42
17 13 53 38 42
13 17 39 52 64
17 13 39 52 64
13 17 52 39 64
17 13 52 39 64
13 17 40 51 90
17 13 40 51 90
13 17 51 40 90
17 13 51 40 90
13 17 41 50 120
17 13 41 50 120
13 17 50 41 120
17 13 50 41 120
13 17 42 49 149
17 13 42 49 149
13 17 49 42 149
17 13 49 42 149
13 17 43 48 176
17 13 43 48 176
13 17 48 43 176
17 13 48 43 176
13 17 44 47 196
17 13 44 47 196
13 17 47 44 196
17 13 47 44 196
13 17 45 46 207
17 13 45 46 207
13 17 46 45 207
17 13 46 45 207
14 16 32 59 0
16 14 32 59 0
14 16 59 32 0
16 14 59 32 0
14 16 33 58 2
16 14 33 58 2
14 16 58 33 2
16 14 58 33 2
14 16 34 57 6
16 14 34 57 6
14 16 57 34 6
16 14 57 34 6
14 16 35 56 15
16 14 35 56 15
14 16 56 35 15
16 14 56 35 15
14 16 36 55 29
16 14 36 55 29
14 16 55 36 29
16 14 55 36 29
14 16 37 54 53
16 14 37 54 53
14 16 54 37 53
16 14 54 37 53
14 16 38 53 84
16 14 38 53 84
14 16 53 38 84
16 14 53 38 84
14 16 39 52 126
16 14 39 52 126
14 16 52 39 126
16 14 52 39 126
14 16 40 51 173
16 14 40 51 173
14 16 51 40 173
16 14 51 40 173
14 16 41 50 226
16 14 41 50 226
14 16 50 41 226
16 14 50 41 226
14 16 42 49 276
16 14 42 49 276
14 16 49 42 276
16 14 49 42 276
14 16 43 48 322
16 14 43 48 322
14 16 48 43 322
16 14 48 43 322
14 16 44 47 355
16 14 44 47 355
14 16 47 44 355
16 14 47 44 355
14 16 45 46 373
16 14 45 46 373
14 16 46 45 373
16 14 46 45 373
15 15 36 55 41
15 15 55 36 41
15 15 37 54 71
15 15 54 37 71
15 15 38 53 111
15 15 53 38 111
15 15 39 52 162
15 15 52 39 162
15 15 40 51 220
15 15 51 40 220
15 15 41 50 284
15 15 50 41 284
15 15 42 49 345
15 15 49 42 345
15 15 43 48 400
15 15 48 43 400
15 15 44 47 440
15 15 47 44 440
15 15 45 46 461
15 15 46 45 461
11 19 28 63 0
19 11 28 63 0
11 19 63 28 0
19 11 63 28 0
11 19 29 62 0
19 11 29 62 0
11 19 62 29 0
19 11 62 29 0
12 18 28 63 0
18 12 28 63 0
12 18 63 28 0
18 12 63 28 0
12 18 29 62 0
18 12 29 62 0
12 18 62 29 0
18 12 62 29 0
13 17 28 63 0
17 13 28 63 0
13 17 63 28 0
17 13 63 28 0
13 17 29 62 0
17 13 29 62 0
13 17 62 29 0
17 13 62 29 0
12 18 27 64 0
18 12 27 64 0
12 18 64 27 0
18 12 64 27 0
13 17 27 64 0
17 13 27 64 0
13 17 64 27 0
17 13 64 27 0
14 16 27 64 0
16 14 27 64 0
14 16 64 27 0
16 14 64 27 0
14 16 28 63 0
16 14 28 63 0
14 16 63 28 0
16 14 63 28 0
14 16 29 62 0
16 14 29 62 0
14 16 62 29 0
16 14 62 29 0
14 16 30 61 0
16 14 30 61 0
14 16 61 30 0
16 14 61 30 0
14 16 31 60 0
16 14 31 60 0
14 16 60 31 0
16 14 60 31 0
15 15 28 63 0
15 15 63 28 0
15 15 29 62 0
15 15 62 29 0
15 15 30 61 0
15 15 61 30 0
15 15 31 60 0
15 15 60 31 0
15 15 32 59 1
15 15 59 32 1
15 15 33 58 4
15 15 58 33 4
15 15 34 57 10
15 15 57 34 10
15 15 35 56 22
15 15 56 35 22
13 17 26 65 0
17 13 26 65 0
13 17 65 26 0
17 13 65 26 0
14 16 26 65 0
16 14 26 65 0
14 16 65 26 0
16 14 65 26 0
15 15 26 65 0
15 15 65 26 0
15 15 27 64 0
15 15 64 27 0
