3 6 11 19 197
6 3 11 19 197
3 6 19 11 197
6 3 19 11 197
4 5 3 27 1
5 4 3 27 1
4 5 27 3 1
5 4 27 3 1
1 8 6 24 7
8 1 6 24 7
1 8 24 6 7
8 1 24 6 7
3 6 6 24 28
6 3 6 24 28
3 6 24 6 28
6 3 24 6 28
4 5 15 15 360
5 4 15 15 360
1 8 10 20 43
8 1 10 20 43
1 8 20 10 43
8 1 20 10 43
0 9 7 23 2
9 0 7 23 2
0 9 23 7 2
9 0 23 7 2
4 5 7 23 60
5 4 7 23 60
4 5 23 7 60
5 4 23 7 60
0 9 12 18 18
9 0 12 18 18
0 9 18 12 18
9 0 18 12 18
4 5 12 18 288
5 4 12 18 288
4 5 18 12 288
5 4 18 12 288
4 5 10 20 186
5 4 10 20 186
4 5 20 10 186
5 4 20 10 186
0 9 14 16 23
9 0 14 16 23
0 9 16 14 23
9 0 16 14 23
4 5 5 25 16
5 4 5 25 16
4 5 25 5 16
5 4 25 5 16
3 6 5 25 13
6 3 5 25 13
3 6 25 5 13
6 3 25 5 13
4 5 14 16 352
5 4 14 16 352
4 5 16 14 352
5 4 16 14 352
0 9 11 19 14
9 0 11 19 14
0 9 19 11 14
9 0 19 11 14
1 8 3 27 0
8 1 3 27 0
1 8 27 3 0
8 1 27 3 0
4 5 13 17 328
5 4 13 17 328
4 5 17 13 328
5 4 17 13 328
2 7 9 21 62
7 2 9 21 62
2 7 21 9 62
7 2 21 9 62
0 9 10 20 10
9 0 10 20 10
0 9 20 10 10
9 0 20 10 10
4 5 8 22 94
5 4 8 22 94
4 5 22 8 94
5 4 22 8 94
4 5 11 19 239
5 4 11 19 239
4 5 19 11 239
5 4 19 11 239
1 8 9 21 31
8 1 9 21 31
1 8 21 9 31
8 1 21 9 31
3 6 1 29 0
6 3 1 29 0
3 6 29 1 0
6 3 29 1 0
2 7 14 16 168
7 2 14 16 168
2 7 16 14 168
7 2 16 14 168
0 9 15 15 24
9 0 15 15 24
3 6 7 23 49
6 3 7 23 49
3 6 23 7 49
6 3 23 7 49
2 7 13 17 156
7 2 13 17 156
2 7 17 13 156
7 2 17 13 156
3 6 4 26 5
6 3 4 26 5
3 6 26 4 5
6 3 26 4 5
4 5 1 29 0
5 4 1 29 0
4 5 29 1 0
5 4 29 1 0
0 9 8 22 4
9 0 8 22 4
0 9 22 8 4
9 0 22 8 4
2 7 1 29 0
7 2 1 29 0
2 7 29 1 0
7 2 29 1 0
3 6 9 21 112
6 3 9 21 112
3 6 21 9 112
6 3 21 9 112
3 6 14 16 291
6 3 14 16 291
3 6 16 14 291
6 3 16 14 291
2 7 11 19 112
7 2 11 19 112
2 7 19 11 112
7 2 19 11 112
1 8 8 22 21
8 1 8 22 21
1 8 22 8 21
8 1 22 8 21
2 7 15 15 172
7 2 15 15 172
1 8 12 18 68
8 1 12 18 68
1 8 18 12 68
8 1 18 12 68
3 6 8 22 77
6 3 8 22 77
3 6 22 8 77
6 3 22 8 77
1 8 13 17 78
8 1 13 17 78
1 8 17 13 78
8 1 17 13 78
1 8 14 16 84
8 1 14 16 84
1 8 16 14 84
8 1 16 14 84
3 6 0 30 0
6 3 0 30 0
3 6 30 0 0
6 3 30 0 0
3 6 12 18 238
6 3 12 18 238
3 6 18 12 238
6 3 18 12 238
4 5 4 26 6
5 4 4 26 6
4 5 26 4 6
5 4 26 4 6
0 9 13 17 21
9 0 13 17 21
0 9 17 13 21
9 0 17 13 21
4 5 0 30 0
5 4 0 30 0
4 5 30 0 0
5 4 30 0 0
2 7 5 25 6
7 2 5 25 6
2 7 25 5 6
7 2 25 5 6
3 6 10 20 153
6 3 10 20 153
3 6 20 10 153
6 3 20 10 153
1 8 11 19 56
8 1 11 19 56
1 8 19 11 56
8 1 19 11 56
4 5 9 21 136
5 4 9 21 136
4 5 21 9 136
5 4 21 9 136
0 9 4 26 0
9 0 4 26 0
0 9 26 4 0
9 0 26 4 0
1 8 15 15 86
8 1 15 15 86
2 7 8 22 42
7 2 8 22 42
2 7 22 8 42
7 2 22 8 42
2 7 6 24 14
7 2 6 24 14
2 7 24 6 14
7 2 24 6 14
4 5 6 24 34
5 4 6 24 34
4 5 24 6 34
5 4 24 6 34
1 8 7 23 13
8 1 7 23 13
1 8 23 7 13
8 1 23 7 13
3 6 2 28 0
6 3 2 28 0
3 6 28 2 0
6 3 28 2 0
3 6 3 27 1
6 3 3 27 1
3 6 27 3 1
6 3 27 3 1
0 9 9 21 7
9 0 9 21 7
0 9 21 9 7
9 0 21 9 7
2 7 2 28 0
7 2 2 28 0
2 7 28 2 0
7 2 28 2 0
1 8 5 25 3
8 1 5 25 3
1 8 25 5 3
8 1 25 5 3
2 7 10 20 86
7 2 10 20 86
2 7 20 10 86
7 2 20 10 86
2 7 7 23 26
7 2 7 23 26
2 7 23 7 26
7 2 23 7 26
4 5 2 28 0
5 4 2 28 0
4 5 28 2 0
5 4 28 2 0
1 8 1 29 0
8 1 1 29 0
1 8 29 1 0
8 1 29 1 0
2 7 4 26 2
7 2 4 26 2
2 7 26 4 2
7 2 26 4 2
1 8 4 26 1
8 1 4 26 1
1 8 26 4 1
8 1 26 4 1
0 9 3 27 0
9 0 3 27 0
0 9 27 3 0
9 0 27 3 0
0 9 6 24 1
9 0 6 24 1
0 9 24 6 1
9 0 24 6 1
3 6 13 17 271
6 3 13 17 271
3 6 17 13 271
6 3 17 13 271
2 7 3 27 0
7 2 3 27 0
2 7 27 3 0
7 2 27 3 0
0 9 5 25 0
9 0 5 25 0
0 9 25 5 0
9 0 25 5 0
3 6 15 15 298
6 3 15 15 298
2 7 12 18 136
7 2 12 18 136
2 7 18 12 136
7 2 18 12 136
1 8 2 28 0
8 1 2 28 0
1 8 28 2 0
8 1 28 2 0
