3 3 8 14 50
3 3 14 8 50
1 5 3 19 3
5 1 3 19 3
1 5 19 3 3
5 1 19 3 3
3 3 6 16 30
3 3 16 6 30
2 4 8 14 36
4 2 8 14 36
2 4 14 8 36
4 2 14 8 36
2 4 0 22 0
4 2 0 22 0
2 4 22 0 0
4 2 22 0 0
2 4 2 20 1
4 2 2 20 1
2 4 20 2 1
4 2 20 2 1
3 3 7 15 40
3 3 15 7 40
3 3 3 19 6
3 3 19 3 6
2 4 7 15 29
4 2 7 15 29
2 4 15 7 29
4 2 15 7 29
2 4 10 12 48
4 2 10 12 48
2 4 12 10 48
4 2 12 10 48
2 4 1 21 0
4 2 1 21 0
2 4 21 1 0
4 2 21 1 0
3 3 2 20 2
3 3 20 2 2
1 5 11 11 34
5 1 11 11 34
1 5 2 20 1
5 1 2 20 1
1 5 20 2 1
5 1 20 2 1
3 3 0 22 0
3 3 22 0 0
2 4 3 19 4
4 2 3 19 4
2 4 19 3 4
4 2 19 3 4
0 6 11 11 16
6 0 11 11 16
0 6 10 12 15
6 0 10 12 15
0 6 12 10 15
6 0 12 10 15
0 6 9 13 14
6 0 9 13 14
0 6 13 9 14
6 0 13 9 14
3 3 4 18 12
3 3 18 4 12
0 6 1 21 0
6 0 1 21 0
0 6 21 1 0
6 0 21 1 0
0 6 4 18 2
6 0 4 18 2
0 6 18 4 2
6 0 18 4 2
1 5 5 17 10
5 1 5 17 10
1 5 17 5 10
5 1 17 5 10
2 4 4 18 8
4 2 4 18 8
2 4 18 4 8
4 2 18 4 8
1 5 6 16 15
5 1 6 16 15
1 5 16 6 15
5 1 16 6 15
2 4 5 17 14
4 2 5 17 14
2 4 17 5 14
4 2 17 5 14
3 3 11 11 68
2 4 11 11 50
4 2 11 11 50
0 6 5 17 4
6 0 5 17 4
0 6 17 5 4
6 0 17 5 4
1 5 8 14 25
5 1 8 14 25
1 5 14 8 25
5 1 14 8 25
2 4 6 16 21
4 2 6 16 21
2 4 16 6 21
4 2 16 6 21
3 3 10 12 66
3 3 12 10 66
1 5 9 13 30
5 1 9 13 30
1 5 13 9 30
5 1 13 9 30
1 5 0 22 0
5 1 0 22 0
1 5 22 0 0
5 1 22 0 0
0 6 8 14 11
6 0 8 14 11
0 6 14 8 11
6 0 14 8 11
3 3 9 13 60
3 3 13 9 60
0 6 7 15 9
6 0 7 15 9
0 6 15 7 9
6 0 15 7 9
1 5 4 18 6
5 1 4 18 6
1 5 18 4 6
5 1 18 4 6
0 6 3 19 1
6 0 3 19 1
0 6 19 3 1
6 0 19 3 1
2 4 9 13 44
4 2 9 13 44
2 4 13 9 44
4 2 13 9 44
3 3 5 17 20
3 3 17 5 20
0 6 6 16 6
6 0 6 16 6
0 6 16 6 6
6 0 16 6 6
1 5 1 21 0
5 1 1 21 0
1 5 21 1 0
5 1 21 1 0
1 5 7 15 20
5 1 7 15 20
1 5 15 7 20
5 1 15 7 20
0 6 2 20 0
6 0 2 20 0
0 6 20 2 0
6 0 20 2 0
3 3 1 21 0
3 3 21 1 0
1 5 10 12 33
5 1 10 12 33
1 5 12 10 33
5 1 12 10 33
