1 14 11 35 1
14 1 11 35 1
1 14 35 11 1
14 1 35 11 1
2 13 22 24 361
13 2 22 24 361
2 13 24 22 361
13 2 24 22 361
7 8 12 34 426
8 7 12 34 426
7 8 34 12 426
8 7 34 12 426
2 13 23 23 368
13 2 23 23 368
2 13 14 32 52
13 2 14 32 52
2 13 32 14 52
13 2 32 14 52
7 8 7 39 7
8 7 7 39 7
7 8 39 7 7
8 7 39 7 7
2 13 7 39 0
13 2 7 39 0
2 13 39 7 0
13 2 39 7 0
2 13 16 30 119
13 2 16 30 119
2 13 30 16 119
13 2 30 16 119
1 14 18 28 55
14 1 18 28 55
1 14 28 18 55
14 1 28 18 55
6 9 19 27 3278
9 6 19 27 3278
6 9 27 19 3278
9 6 27 19 3278
6 9 10 36 110
9 6 10 36 110
6 9 36 10 110
9 6 36 10 110
3 12 6 40 0
12 3 6 40 0
3 12 40 6 0
12 3 40 6 0
1 14 14 32 11
14 1 14 32 11
1 14 32 14 11
14 1 32 14 11
1 14 12 34 3
14 1 12 34 3
1 14 34 12 3
14 1 34 12 3
3 12 4 42 0
12 3 4 42 0
3 12 42 4 0
12 3 42 4 0
1 14 16 30 29
14 1 16 30 29
1 14 30 16 29
14 1 30 16 29
0 15 18 28 5
15 0 18 28 5
0 15 28 18 5
15 0 28 18 5
2 13 19 27 258
13 2 19 27 258
2 13 27 19 258
13 2 27 19 258
0 15 21 25 11
15 0 21 25 11
0 15 25 21 11
15 0 25 21 11
5 10 22 24 3126
10 5 22 24 3126
5 10 24 22 3126
10 5 24 22 3126
5 10 20 26 2681
10 5 20 26 2681
5 10 26 20 2681
10 5 26 20 2681
5 10 14 32 604
10 5 14 32 604
5 10 32 14 604
10 5 32 14 604
6 9 16 30 1715
9 6 16 30 1715
6 9 30 16 1715
9 6 30 16 1715
5 10 3 43 0
10 5 3 43 0
5 10 43 3 0
10 5 43 3 0
6 9 15 31 1263
9 6 15 31 1263
6 9 31 15 1263
9 6 31 15 1263
5 10 8 38 10
10 5 8 38 10
5 10 38 8 10
10 5 38 8 10
5 10 21 25 2953
10 5 21 25 2953
5 10 25 21 2953
10 5 25 21 2953
5 10 5 41 0
10 5 5 41 0
5 10 41 5 0
10 5 41 5 0
1 14 6 40 0
14 1 6 40 0
1 14 40 6 0
14 1 40 6 0
4 11 15 31 520
11 4 15 31 520
4 11 31 15 520
11 4 31 15 520
1 14 17 29 41
14 1 17 29 41
1 14 29 17 41
14 1 29 17 41
4 11 3 43 0
11 4 3 43 0
4 11 43 3 0
11 4 43 3 0
5 10 18 28 1955
10 5 18 28 1955
5 10 28 18 1955
10 5 28 18 1955
6 9 9 37 52
9 6 9 37 52
6 9 37 9 52
9 6 37 9 52
3 12 3 43 0
12 3 3 43 0
3 12 43 3 0
12 3 43 3 0
4 11 22 24 1918
11 4 22 24 1918
4 11 24 22 1918
11 4 24 22 1918
3 12 15 31 236
12 3 15 31 236
3 12 31 15 236
12 3 31 15 236
2 13 5 41 0
13 2 5 41 0
2 13 41 5 0
13 2 41 5 0
0 15 22 24 12
15 0 22 24 12
0 15 24 22 12
15 0 24 22 12
4 11 18 28 1185
11 4 18 28 1185
4 11 28 18 1185
11 4 28 18 1185
0 15 13 33 0
15 0 13 33 0
0 15 33 13 0
15 0 33 13 0
2 13 18 28 210
13 2 18 28 210
2 13 28 18 210
13 2 28 18 210
3 12 9 37 5
12 3 9 37 5
3 12 37 9 5
12 3 37 9 5
3 12 5 41 0
12 3 5 41 0
3 12 41 5 0
12 3 41 5 0
3 12 19 27 685
12 3 19 27 685
3 12 27 19 685
12 3 27 19 685
3 12 22 24 938
12 3 22 24 938
3 12 24 22 938
12 3 24 22 938
5 10 4 42 0
10 5 4 42 0
5 10 42 4 0
10 5 42 4 0
7 8 15 31 1484
8 7 15 31 1484
7 8 31 15 1484
8 7 31 15 1484
5 10 19 27 2337
10 5 19 27 2337
5 10 27 19 2337
10 5 27 19 2337
4 11 19 27 1423
11 4 19 27 1423
4 11 27 19 1423
11 4 27 19 1423
0 15 12 34 0
15 0 12 34 0
0 15 34 12 0
15 0 34 12 0
1 14 19 27 69
14 1 19 27 69
1 14 27 19 69
14 1 27 19 69
6 9 1 45 0
9 6 1 45 0
6 9 45 1 0
9 6 45 1 0
7 8 17 29 2599
8 7 17 29 2599
7 8 29 17 2599
8 7 29 17 2599
3 12 20 26 794
12 3 20 26 794
3 12 26 20 794
12 3 26 20 794
3 12 16 30 333
12 3 16 30 333
3 12 30 16 333
12 3 30 16 333
6 9 6 40 1
9 6 6 40 1
6 9 40 6 1
9 6 40 6 1
6 9 14 32 881
9 6 14 32 881
6 9 32 14 881
9 6 32 14 881
3 12 18 28 565
12 3 18 28 565
3 12 28 18 565
12 3 28 18 565
0 15 11 35 0
15 0 11 35 0
0 15 35 11 0
15 0 35 11 0
7 8 21 25 4801
8 7 21 25 4801
7 8 25 21 4801
8 7 25 21 4801
3 12 12 34 56
12 3 12 34 56
3 12 34 12 56
12 3 34 12 56
2 13 17 29 162
13 2 17 29 162
2 13 29 17 162
13 2 29 17 162
6 9 11 35 208
9 6 11 35 208
6 9 35 11 208
9 6 35 11 208
1 14 21 25 93
14 1 21 25 93
1 14 25 21 93
14 1 25 21 93
4 11 17 29 944
11 4 17 29 944
4 11 29 17 944
11 4 29 17 944
6 9 17 29 2220
9 6 17 29 2220
6 9 29 17 2220
9 6 29 17 2220
0 15 17 29 3
15 0 17 29 3
0 15 29 17 3
15 0 29 17 3
2 13 11 35 8
13 2 11 35 8
2 13 35 11 8
13 2 35 11 8
6 9 8 38 20
9 6 8 38 20
6 9 38 8 20
9 6 38 8 20
7 8 10 36 131
8 7 10 36 131
7 8 36 10 131
8 7 36 10 131
7 8 4 42 0
8 7 4 42 0
7 8 42 4 0
8 7 42 4 0
1 14 22 24 100
14 1 22 24 100
1 14 24 22 100
14 1 24 22 100
4 11 21 25 1809
11 4 21 25 1809
4 11 25 21 1809
11 4 25 21 1809
4 11 16 30 719
11 4 16 30 719
4 11 30 16 719
11 4 30 16 719
2 13 21 25 338
13 2 21 25 338
2 13 25 21 338
13 2 25 21 338
6 9 2 44 0
9 6 2 44 0
6 9 44 2 0
9 6 44 2 0
5 10 23 23 3184
10 5 23 23 3184
6 9 3 43 0
9 6 3 43 0
6 9 43 3 0
9 6 43 3 0
2 13 13 33 31
13 2 13 33 31
2 13 33 13 31
13 2 33 13 31
3 12 11 35 29
12 3 11 35 29
3 12 35 11 29
12 3 35 11 29
2 13 10 36 3
13 2 10 36 3
2 13 36 10 3
13 2 36 10 3
4 11 7 39 1
11 4 7 39 1
4 11 39 7 1
11 4 39 7 1
4 11 6 40 0
11 4 6 40 0
4 11 40 6 0
11 4 40 6 0
3 12 21 25 882
12 3 21 25 882
3 12 25 21 882
12 3 25 21 882
4 11 23 23 1954
11 4 23 23 1954
7 8 20 26 4372
8 7 20 26 4372
7 8 26 20 4372
8 7 26 20 4372
6 9 18 28 2754
9 6 18 28 2754
6 9 28 18 2754
9 6 28 18 2754
4 11 9 37 16
11 4 9 37 16
4 11 37 9 16
11 4 37 9 16
5 10 9 37 30
10 5 9 37 30
5 10 37 9 30
10 5 37 9 30
5 10 17 29 1567
10 5 17 29 1567
5 10 29 17 1567
10 5 29 17 1567
4 11 8 38 5
11 4 8 38 5
4 11 38 8 5
11 4 38 8 5
5 10 13 33 392
10 5 13 33 392
5 10 33 13 392
10 5 33 13 392
7 8 9 37 62
8 7 9 37 62
7 8 37 9 62
8 7 37 9 62
6 9 13 33 581
9 6 13 33 581
6 9 33 13 581
9 6 33 13 581
1 14 8 38 0
14 1 8 38 0
1 14 38 8 0
14 1 38 8 0
2 13 15 31 82
13 2 15 31 82
2 13 31 15 82
13 2 31 15 82
0 15 15 31 1
15 0 15 31 1
0 15 31 15 1
15 0 31 15 1
6 9 5 41 0
9 6 5 41 0
6 9 41 5 0
9 6 41 5 0
5 10 2 44 0
10 5 2 44 0
5 10 44 2 0
10 5 44 2 0
0 15 16 30 2
15 0 16 30 2
0 15 30 16 2
15 0 30 16 2
0 15 10 36 0
15 0 10 36 0
0 15 36 10 0
15 0 36 10 0
0 15 20 26 9
15 0 20 26 9
0 15 26 20 9
15 0 26 20 9
7 8 8 38 24
8 7 8 38 24
7 8 38 8 24
8 7 38 8 24
3 12 13 33 97
12 3 13 33 97
3 12 33 13 97
12 3 33 13 97
4 11 11 35 75
11 4 11 35 75
4 11 35 11 75
11 4 35 11 75
3 12 14 32 156
12 3 14 32 156
3 12 32 14 156
12 3 32 14 156
5 10 10 36 68
10 5 10 36 68
5 10 36 10 68
10 5 36 10 68
7 8 5 41 0
8 7 5 41 0
7 8 41 5 0
8 7 41 5 0
7 8 6 40 1
8 7 6 40 1
7 8 40 6 1
8 7 40 6 1
1 14 15 31 19
14 1 15 31 19
1 14 31 15 19
14 1 31 15 19
4 11 13 33 227
11 4 13 33 227
4 11 33 13 227
11 4 33 13 227
4 11 20 26 1638
11 4 20 26 1638
4 11 26 20 1638
11 4 26 20 1638
2 13 12 34 17
13 2 12 34 17
2 13 34 12 17
13 2 34 12 17
3 12 10 36 13
12 3 10 36 13
3 12 36 10 13
12 3 36 10 13
1 14 13 33 6
14 1 13 33 6
1 14 33 13 6
14 1 33 13 6
3 12 7 39 0
12 3 7 39 0
3 12 39 7 0
12 3 39 7 0
1 14 10 36 0
14 1 10 36 0
1 14 36 10 0
14 1 36 10 0
5 10 11 35 134
10 5 11 35 134
5 10 35 11 134
10 5 35 11 134
7 8 2 44 0
8 7 2 44 0
7 8 44 2 0
8 7 44 2 0
1 14 7 39 0
14 1 7 39 0
1 14 39 7 0
14 1 39 7 0
6 9 23 23 4434
9 6 23 23 4434
4 11 5 41 0
11 4 5 41 0
4 11 41 5 0
11 4 41 5 0
7 8 19 27 3827
8 7 19 27 3827
7 8 27 19 3827
8 7 27 19 3827
3 12 17 29 444
12 3 17 29 444
3 12 29 17 444
12 3 29 17 444
7 8 22 24 5074
8 7 22 24 5074
7 8 24 22 5074
8 7 24 22 5074
6 9 21 25 4119
9 6 21 25 4119
6 9 25 21 4119
9 6 25 21 4119
4 11 12 34 136
11 4 12 34 136
4 11 34 12 136
11 4 34 12 136
3 12 23 23 956
12 3 23 23 956
0 15 14 32 0
15 0 14 32 0
0 15 32 14 0
15 0 32 14 0
6 9 4 42 0
9 6 4 42 0
6 9 42 4 0
9 6 42 4 0
2 13 9 37 1
13 2 9 37 1
2 13 37 9 1
13 2 37 9 1
0 15 19 27 7
15 0 19 27 7
0 15 27 19 7
15 0 27 19 7
1 14 23 23 102
14 1 23 23 102
2 13 8 38 0
13 2 8 38 0
2 13 38 8 0
13 2 38 8 0
4 11 14 32 354
11 4 14 32 354
4 11 32 14 354
11 4 32 14 354
5 10 7 39 2
10 5 7 39 2
5 10 39 7 2
10 5 39 7 2
6 9 22 24 4355
9 6 22 24 4355
6 9 24 22 4355
9 6 24 22 4355
5 10 15 31 877
10 5 15 31 877
5 10 31 15 877
10 5 31 15 877
0 15 23 23 12
15 0 23 23 12
4 11 10 36 37
11 4 10 36 37
4 11 36 10 37
11 4 36 10 37
6 9 7 39 6
9 6 7 39 6
6 9 39 7 6
9 6 39 7 6
2 13 20 26 302
13 2 20 26 302
2 13 26 20 302
13 2 26 20 302
4 11 2 44 0
11 4 2 44 0
4 11 44 2 0
11 4 44 2 0
3 12 8 38 1
12 3 8 38 1
3 12 38 8 1
12 3 38 8 1
7 8 23 23 5166
8 7 23 23 5166
5 10 16 30 1202
10 5 16 30 1202
5 10 30 16 1202
10 5 30 16 1202
7 8 13 33 686
8 7 13 33 686
7 8 33 13 686
8 7 33 13 686
2 13 4 42 0
13 2 4 42 0
2 13 42 4 0
13 2 42 4 0
7 8 14 32 1038
8 7 14 32 1038
7 8 32 14 1038
8 7 32 14 1038
5 10 12 34 238
10 5 12 34 238
5 10 34 12 238
10 5 34 12 238
7 8 18 28 3219
8 7 18 28 3219
7 8 28 18 3219
8 7 28 18 3219
6 9 20 26 3748
9 6 20 26 3748
6 9 26 20 3748
9 6 26 20 3748
4 11 4 42 0
11 4 4 42 0
4 11 42 4 0
11 4 42 4 0
1 14 9 37 0
14 1 9 37 0
1 14 37 9 0
14 1 37 9 0
5 10 6 40 0
10 5 6 40 0
5 10 40 6 0
10 5 40 6 0
1 14 20 26 82
14 1 20 26 82
1 14 26 20 82
14 1 26 20 82
6 9 12 34 360
9 6 12 34 360
6 9 34 12 360
9 6 34 12 360
7 8 3 43 0
8 7 3 43 0
7 8 43 3 0
8 7 43 3 0
2 13 6 40 0
13 2 6 40 0
2 13 40 6 0
13 2 40 6 0
7 8 16 30 2011
8 7 16 30 2011
7 8 30 16 2011
8 7 30 16 2011
7 8 11 35 247
8 7 11 35 247
7 8 35 11 247
8 7 35 11 247
7 8 1 45 0
8 7 1 45 0
7 8 45 1 0
8 7 45 1 0
