0 18 23 31 2
18 0 23 31 2
0 18 31 23 2
18 0 31 23 2
5 13 6 48 0
13 5 6 48 0
5 13 48 6 0
13 5 48 6 0
1 17 26 28 41
17 1 26 28 41
1 17 28 26 41
17 1 28 26 41
7 11 21 33 4265
11 7 21 33 4265
7 11 33 21 4265
11 7 33 21 4265
2 16 13 41 1
16 2 13 41 1
2 16 41 13 1
16 2 41 13 1
7 11 10 44 16
11 7 10 44 16
7 11 44 10 16
11 7 44 10 16
5 13 14 40 106
13 5 14 40 106
5 13 40 14 106
13 5 40 14 106
2 16 16 38 10
16 2 16 38 10
2 16 38 16 10
16 2 38 16 10
1 17 24 30 33
17 1 24 30 33
1 17 30 24 33
17 1 30 24 33
9 9 6 48 0
9 9 48 6 0
6 12 6 48 0
12 6 6 48 0
6 12 48 6 0
12 6 48 6 0
4 14 24 30 1396
14 4 24 30 1396
4 14 30 24 1396
14 4 30 24 1396
4 14 7 47 0
14 4 7 47 0
4 14 47 7 0
14 4 47 7 0
1 17 23 31 28
17 1 23 31 28
1 17 31 23 28
17 1 31 23 28
2 16 12 42 0
16 2 12 42 0
2 16 42 12 0
16 2 42 12 0
4 14 8 46 0
14 4 8 46 0
4 14 46 8 0
14 4 46 8 0
0 18 19 35 0
18 0 19 35 0
0 18 35 19 0
18 0 35 19 0
5 13 5 49 0
13 5 5 49 0
5 13 49 5 0
13 5 49 5 0
8 10 18 36 2369
10 8 18 36 2369
8 10 36 18 2369
10 8 36 18 2369
1 17 13 41 0
17 1 13 41 0
1 17 41 13 0
17 1 41 13 0
9 9 19 35 3500
9 9 35 19 3500
3 15 15 39 24
15 3 15 39 24
3 15 39 15 24
15 3 39 15 24
4 14 22 32 1032
14 4 22 32 1032
4 14 32 22 1032
14 4 32 22 1032
6 12 8 46 0
12 6 8 46 0
6 12 46 8 0
12 6 46 8 0
4 14 21 33 837
14 4 21 33 837
4 14 33 21 837
14 4 33 21 837
1 17 20 34 11
17 1 20 34 11
1 17 34 20 11
17 1 34 20 11
7 11 15 39 552
11 7 15 39 552
7 11 39 15 552
11 7 39 15 552
5 13 21 33 1711
13 5 21 33 1711
5 13 33 21 1711
13 5 33 21 1711
2 16 25 29 191
16 2 25 29 191
2 16 29 25 191
16 2 29 25 191
4 14 16 38 140
14 4 16 38 140
4 14 38 16 140
14 4 38 16 140
5 13 13 41 54
13 5 13 41 54
5 13 41 13 54
13 5 41 13 54
4 14 26 28 1622
14 4 26 28 1622
4 14 28 26 1622
14 4 28 26 1622
1 17 27 27 42
17 1 27 27 42
3 15 13 41 5
15 3 13 41 5
3 15 41 13 5
15 3 41 13 5
8 10 20 34 4208
10 8 20 34 4208
8 10 34 20 4208
10 8 34 20 4208
2 16 20 34 67
16 2 20 34 67
2 16 34 20 67
16 2 34 20 67
1 17 21 33 16
17 1 21 33 16
1 17 33 21 16
17 1 33 21 16
7 11 9 45 4
11 7 9 45 4
7 11 45 9 4
11 7 45 9 4
0 18 17 37 0
18 0 17 37 0
0 18 37 17 0
18 0 37 17 0
5 13 7 47 0
13 5 7 47 0
5 13 47 7 0
13 5 47 7 0
9 9 27 27 10460
4 14 25 29 1540
14 4 25 29 1540
4 14 29 25 1540
14 4 29 25 1540
8 10 21 33 5289
10 8 21 33 5289
8 10 33 21 5289
10 8 33 21 5289
6 12 25 29 5163
12 6 25 29 5163
6 12 29 25 5163
12 6 29 25 5163
1 17 17 37 2
17 1 17 37 2
1 17 37 17 2
17 1 37 17 2
4 14 9 45 0
14 4 9 45 0
4 14 45 9 0
14 4 45 9 0
2 16 22 32 118
16 2 22 32 118
2 16 32 22 118
16 2 32 22 118
5 13 22 32 2098
13 5 22 32 2098
5 13 32 22 2098
13 5 32 22 2098
1 17 25 29 38
17 1 25 29 38
1 17 29 25 38
17 1 29 25 38
3 15 20 34 240
15 3 20 34 240
3 15 34 20 240
15 3 34 20 240
2 16 14 40 2
16 2 14 40 2
2 16 40 14 2
16 2 40 14 2
9 9 9 45 8
9 9 45 9 8
9 9 20 34 4558
9 9 34 20 4558
6 12 24 30 4725
12 6 24 30 4725
6 12 30 24 4725
12 6 30 24 4725
4 14 15 39 82
14 4 15 39 82
4 14 39 15 82
14 4 39 15 82
5 13 8 46 0
13 5 8 46 0
5 13 46 8 0
13 5 46 8 0
2 16 10 44 0
16 2 10 44 0
2 16 44 10 0
16 2 44 10 0
9 9 18 36 2580
9 9 36 18 2580
3 15 16 38 45
15 3 16 38 45
3 15 38 16 45
15 3 38 16 45
8 10 26 28 9552
10 8 26 28 9552
8 10 28 26 9552
10 8 28 26 9552
7 11 4 50 0
11 7 4 50 0
7 11 50 4 0
11 7 50 4 0
1 17 14 40 0
17 1 14 40 0
1 17 40 14 0
17 1 40 14 0
7 11 23 31 6028
11 7 23 31 6028
7 11 31 23 6028
11 7 31 23 6028
4 14 10 44 1
14 4 10 44 1
4 14 44 10 1
14 4 44 10 1
8 10 6 48 0
10 8 6 48 0
8 10 48 6 0
10 8 48 6 0
5 13 12 42 25
13 5 12 42 25
5 13 42 12 25
13 5 42 12 25
5 13 20 34 1340
13 5 20 34 1340
5 13 34 20 1340
13 5 34 20 1340
8 10 4 50 0
10 8 4 50 0
8 10 50 4 0
10 8 50 4 0
3 15 24 30 552
15 3 24 30 552
3 15 30 24 552
15 3 30 24 552
9 9 12 42 136
9 9 42 12 136
7 11 27 27 7902
11 7 27 27 7902
7 11 2 52 0
11 7 2 52 0
7 11 52 2 0
11 7 52 2 0
4 14 5 49 0
14 4 5 49 0
4 14 49 5 0
14 4 49 5 0
4 14 18 36 335
14 4 18 36 335
4 14 36 18 335
14 4 36 18 335
9 9 4 50 0
9 9 50 4 0
8 10 3 51 0
10 8 3 51 0
8 10 51 3 0
10 8 51 3 0
7 11 12 42 91
11 7 12 42 91
7 11 42 12 91
11 7 42 12 91
8 10 16 38 1113
10 8 16 38 1113
8 10 38 16 1113
10 8 38 16 1113
3 15 10 44 0
15 3 10 44 0
3 15 44 10 0
15 3 44 10 0
5 13 19 35 1005
13 5 19 35 1005
5 13 35 19 1005
13 5 35 19 1005
0 18 21 33 1
18 0 21 33 1
0 18 33 21 1
18 0 33 21 1
3 15 7 47 0
15 3 7 47 0
3 15 47 7 0
15 3 47 7 0
5 13 17 37 489
13 5 17 37 489
5 13 37 17 489
13 5 37 17 489
0 18 24 30 2
18 0 24 30 2
0 18 30 24 2
18 0 30 24 2
9 9 8 46 2
9 9 46 8 2
4 14 14 40 44
14 4 14 40 44
4 14 40 14 44
14 4 40 14 44
5 13 24 30 2801
13 5 24 30 2801
5 13 30 24 2801
13 5 30 24 2801
6 12 10 44 8
12 6 10 44 8
6 12 44 10 8
12 6 44 10 8
6 12 13 41 112
12 6 13 41 112
6 12 41 13 112
12 6 41 13 112
8 10 27 27 9726
10 8 27 27 9726
5 13 25 29 3066
13 5 25 29 3066
5 13 29 25 3066
13 5 29 25 3066
6 12 27 27 5532
12 6 27 27 5532
6 12 3 51 0
12 6 3 51 0
6 12 51 3 0
12 6 51 3 0
1 17 19 35 7
17 1 19 35 7
1 17 35 19 7
17 1 35 19 7
2 16 18 36 30
16 2 18 36 30
2 16 36 18 30
16 2 36 18 30
3 15 17 37 75
15 3 17 37 75
3 15 37 17 75
15 3 37 17 75
7 11 24 30 6785
11 7 24 30 6785
7 11 30 24 6785
11 7 30 24 6785
0 18 25 29 3
18 0 25 29 3
0 18 29 25 3
18 0 29 25 3
9 9 25 29 9788
9 9 29 25 9788
9 9 23 31 8016
9 9 31 23 8016
8 10 8 46 1
10 8 8 46 1
8 10 46 8 1
10 8 46 8 1
2 16 24 30 168
16 2 24 30 168
2 16 30 24 168
16 2 30 24 168
3 15 21 33 317
15 3 21 33 317
3 15 33 21 317
15 3 33 21 317
7 11 18 36 1895
11 7 18 36 1895
7 11 36 18 1895
11 7 36 18 1895
8 10 5 49 0
10 8 5 49 0
8 10 49 5 0
10 8 49 5 0
5 13 16 38 315
13 5 16 38 315
5 13 38 16 315
13 5 38 16 315
0 18 22 32 1
18 0 22 32 1
0 18 32 22 1
18 0 32 22 1
8 10 10 44 21
10 8 10 44 21
8 10 44 10 21
10 8 44 10 21
9 9 3 51 0
9 9 51 3 0
9 9 11 43 62
9 9 43 11 62
8 10 13 41 233
10 8 13 41 233
8 10 41 13 233
10 8 41 13 233
5 13 15 39 188
13 5 15 39 188
5 13 39 15 188
13 5 39 15 188
9 9 13 41 260
9 9 41 13 260
7 11 11 43 40
11 7 11 43 40
7 11 43 11 40
11 7 43 11 40
2 16 19 35 48
16 2 19 35 48
2 16 35 19 48
16 2 35 19 48
3 15 9 45 0
15 3 9 45 0
3 15 45 9 0
15 3 45 9 0
7 11 20 34 3390
11 7 20 34 3390
7 11 34 20 3390
11 7 34 20 3390
6 12 20 34 2320
12 6 20 34 2320
6 12 34 20 2320
12 6 34 20 2320
9 9 21 33 5710
9 9 33 21 5710
0 18 15 39 0
18 0 15 39 0
0 18 39 15 0
18 0 39 15 0
9 9 24 30 9006
9 9 30 24 9006
0 18 16 38 0
18 0 16 38 0
0 18 38 16 0
18 0 38 16 0
8 10 2 52 0
10 8 2 52 0
8 10 52 2 0
10 8 52 2 0
7 11 3 51 0
11 7 3 51 0
7 11 51 3 0
11 7 51 3 0
3 15 6 48 0
15 3 6 48 0
3 15 48 6 0
15 3 48 6 0
5 13 9 45 0
13 5 9 45 0
5 13 45 9 0
13 5 45 9 0
6 12 9 45 2
12 6 9 45 2
6 12 45 9 2
12 6 45 9 2
1 17 16 38 1
17 1 16 38 1
1 17 38 16 1
17 1 38 16 1
9 9 15 39 776
9 9 39 15 776
8 10 9 45 6
10 8 9 45 6
8 10 45 9 6
10 8 45 9 6
9 9 10 44 26
9 9 44 10 26
6 12 19 35 1765
12 6 19 35 1765
6 12 35 19 1765
12 6 35 19 1765
4 14 20 34 645
14 4 20 34 645
4 14 34 20 645
14 4 34 20 645
6 12 4 50 0
12 6 4 50 0
6 12 50 4 0
12 6 50 4 0
8 10 25 29 9099
10 8 25 29 9099
8 10 29 25 9099
10 8 29 25 9099
4 14 6 48 0
14 4 6 48 0
4 14 48 6 0
14 4 48 6 0
8 10 22 32 6380
10 8 22 32 6380
8 10 32 22 6380
10 8 32 22 6380
2 16 8 46 0
16 2 8 46 0
2 16 46 8 0
16 2 46 8 0
4 14 23 31 1230
14 4 23 31 1230
4 14 31 23 1230
14 4 31 23 1230
6 12 17 37 887
12 6 17 37 887
6 12 37 17 887
12 6 37 17 887
5 13 11 43 9
13 5 11 43 9
5 13 43 11 9
13 5 43 11 9
2 16 17 37 19
16 2 17 37 19
2 16 37 17 19
16 2 37 17 19
6 12 14 40 207
12 6 14 40 207
6 12 40 14 207
12 6 40 14 207
2 16 11 43 0
16 2 11 43 0
2 16 43 11 0
16 2 43 11 0
3 15 11 43 0
15 3 11 43 0
3 15 43 11 0
15 3 43 11 0
5 13 4 50 0
13 5 4 50 0
5 13 50 4 0
13 5 50 4 0
3 15 27 27 662
15 3 27 27 662
6 12 21 33 2944
12 6 21 33 2944
6 12 33 21 2944
12 6 33 21 2944
2 16 15 39 5
16 2 15 39 5
2 16 39 15 5
16 2 39 15 5
1 17 10 44 0
17 1 10 44 0
1 17 44 10 0
17 1 44 10 0
6 12 12 42 54
12 6 12 42 54
6 12 42 12 54
12 6 42 12 54
2 16 7 47 0
16 2 7 47 0
2 16 47 7 0
16 2 47 7 0
8 10 19 35 3231
10 8 19 35 3231
8 10 35 19 3231
10 8 35 19 3231
5 13 10 44 3
13 5 10 44 3
5 13 44 10 3
13 5 44 10 3
7 11 14 40 327
11 7 14 40 327
7 11 40 14 327
11 7 40 14 327
1 17 15 39 0
17 1 15 39 0
1 17 39 15 0
17 1 39 15 0
6 12 18 36 1277
12 6 18 36 1277
6 12 36 18 1277
12 6 36 18 1277
4 14 13 41 22
14 4 13 41 22
4 14 41 13 22
14 4 41 13 22
4 14 17 37 225
14 4 17 37 225
4 14 37 17 225
14 4 37 17 225
6 12 26 28 5426
12 6 26 28 5426
6 12 28 26 5426
12 6 28 26 5426
8 10 23 31 7443
10 8 23 31 7443
8 10 31 23 7443
10 8 31 23 7443
5 13 26 28 3233
13 5 26 28 3233
5 13 28 26 3233
13 5 28 26 3233
9 9 5 49 0
9 9 49 5 0
7 11 7 47 0
11 7 7 47 0
7 11 47 7 0
11 7 47 7 0
7 11 13 41 179
11 7 13 41 179
7 11 41 13 179
11 7 41 13 179
6 12 5 49 0
12 6 5 49 0
6 12 49 5 0
12 6 49 5 0
1 17 11 43 0
17 1 11 43 0
1 17 43 11 0
17 1 43 11 0
0 18 26 28 3
18 0 26 28 3
0 18 28 26 3
18 0 28 26 3
9 9 17 37 1818
9 9 37 17 1818
7 11 25 29 7387
11 7 25 29 7387
7 11 29 25 7387
11 7 29 25 7387
6 12 11 43 23
12 6 11 43 23
6 12 43 11 23
12 6 43 11 23
8 10 15 39 705
10 8 15 39 705
8 10 39 15 705
10 8 39 15 705
3 15 14 40 12
15 3 14 40 12
3 15 40 14 12
15 3 40 14 12
1 17 22 32 22
17 1 22 32 22
1 17 32 22 22
17 1 32 22 22
3 15 22 32 399
15 3 22 32 399
3 15 32 22 399
15 3 32 22 399
9 9 22 32 6888
9 9 32 22 6888
8 10 24 30 8356
10 8 24 30 8356
8 10 30 24 8356
10 8 30 24 8356
3 15 25 29 611
15 3 25 29 611
3 15 29 25 611
15 3 29 25 611
7 11 26 28 7768
11 7 26 28 7768
7 11 28 26 7768
11 7 28 26 7768
9 9 2 52 0
9 9 52 2 0
8 10 7 47 0
10 8 7 47 0
8 10 47 7 0
10 8 47 7 0
9 9 26 28 10284
9 9 28 26 10284
0 18 20 34 0
18 0 20 34 0
0 18 34 20 0
18 0 34 20 0
3 15 12 42 2
15 3 12 42 2
3 15 42 12 2
15 3 42 12 2
9 9 16 38 1222
9 9 38 16 1222
4 14 19 35 480
14 4 19 35 480
4 14 35 19 480
14 4 35 19 480
6 12 16 38 580
12 6 16 38 580
6 12 38 16 580
12 6 38 16 580
4 14 27 27 1658
14 4 27 27 1658
8 10 12 42 118
10 8 12 42 118
8 10 42 12 118
10 8 42 12 118
3 15 23 31 480
15 3 23 31 480
3 15 31 23 480
15 3 31 23 480
2 16 23 31 147
16 2 23 31 147
2 16 31 23 147
16 2 31 23 147
7 11 8 46 1
11 7 8 46 1
7 11 46 8 1
11 7 46 8 1
2 16 27 27 208
16 2 27 27 208
7 11 6 48 0
11 7 6 48 0
7 11 48 6 0
11 7 48 6 0
5 13 27 27 3292
13 5 27 27 3292
8 10 14 40 418
10 8 14 40 418
8 10 40 14 418
10 8 40 14 418
0 18 27 27 4
18 0 27 27 4
7 11 16 38 882
11 7 16 38 882
7 11 38 16 882
11 7 38 16 882
3 15 18 36 118
15 3 18 36 118
3 15 36 18 118
15 3 36 18 118
7 11 22 32 5165
11 7 22 32 5165
7 11 32 22 5165
11 7 32 22 5165
6 12 7 47 0
12 6 7 47 0
6 12 47 7 0
12 6 47 7 0
7 11 17 37 1325
11 7 17 37 1325
7 11 37 17 1325
11 7 37 17 1325
7 11 5 49 0
11 7 5 49 0
7 11 49 5 0
11 7 49 5 0
5 13 23 31 2472
13 5 23 31 2472
5 13 31 23 2472
13 5 31 23 2472
6 12 23 31 4194
12 6 23 31 4194
6 12 31 23 4194
12 6 31 23 4194
3 15 8 46 0
15 3 8 46 0
3 15 46 8 0
15 3 46 8 0
3 15 19 35 173
15 3 19 35 173
3 15 35 19 173
15 3 35 19 173
2 16 9 45 0
16 2 9 45 0
2 16 45 9 0
16 2 45 9 0
0 18 18 36 0
18 0 18 36 0
0 18 36 18 0
18 0 36 18 0
7 11 19 35 2589
11 7 19 35 2589
7 11 35 19 2589
11 7 35 19 2589
2 16 26 28 201
16 2 26 28 201
2 16 28 26 201
16 2 28 26 201
9 9 14 40 466
9 9 40 14 466
2 16 21 33 93
16 2 21 33 93
2 16 33 21 93
16 2 33 21 93
4 14 12 42 9
14 4 12 42 9
4 14 42 12 9
14 4 42 12 9
1 17 18 36 4
17 1 18 36 4
1 17 36 18 4
17 1 36 18 4
6 12 15 39 360
12 6 15 39 360
6 12 39 15 360
12 6 39 15 360
9 9 7 47 0
9 9 47 7 0
4 14 11 43 3
14 4 11 43 3
4 14 43 11 3
14 4 43 11 3
4 14 4 50 0
14 4 4 50 0
4 14 50 4 0
14 4 50 4 0
8 10 11 43 54
10 8 11 43 54
8 10 43 11 54
10 8 43 11 54
6 12 22 32 3573
12 6 22 32 3573
6 12 32 22 3573
12 6 32 22 3573
5 13 18 36 719
13 5 18 36 719
5 13 36 18 719
13 5 36 18 719
8 10 17 37 1669
10 8 17 37 1669
8 10 37 17 1669
10 8 37 17 1669
3 15 26 28 648
15 3 26 28 648
3 15 28 26 648
15 3 28 26 648
1 17 12 42 0
17 1 12 42 0
1 17 42 12 0
17 1 42 12 0
