21 24 63 72 0
24 21 63 72 0
21 24 72 63 0
24 21 72 63 0
21 24 64 71 0
24 21 64 71 0
21 24 71 64 0
24 21 71 64 0
21 24 65 70 0
24 21 65 70 0
21 24 70 65 0
24 21 70 65 0
21 24 66 69 0
24 21 66 69 0
21 24 69 66 0
24 21 69 66 0
21 24 67 68 0
24 21 67 68 0
21 24 68 67 0
24 21 68 67 0
22 23 63 72 0
23 22 63 72 0
22 23 72 63 0
23 22 72 63 0
22 23 64 71 0
23 22 64 71 0
22 23 71 64 0
23 22 71 64 0
22 23 65 70 0
23 22 65 70 0
22 23 70 65 0
23 22 70 65 0
22 23 66 69 0
23 22 66 69 0
22 23 69 66 0
23 22 69 66 0
22 23 67 68 0
23 22 67 68 0
22 23 68 67 0
23 22 68 67 0
