19 24 57 72 0
24 19 57 72 0
19 24 72 57 0
24 19 72 57 0
19 24 58 71 0
24 19 58 71 0
19 24 71 58 0
24 19 71 58 0
19 24 59 70 0
24 19 59 70 0
19 24 70 59 0
24 19 70 59 0
19 24 60 69 0
24 19 60 69 0
19 24 69 60 0
24 19 69 60 0
19 24 61 68 0
24 19 61 68 0
19 24 68 61 0
24 19 68 61 0
19 24 62 67 0
24 19 62 67 0
19 24 67 62 0
24 19 67 62 0
19 24 63 66 0
24 19 63 66 0
19 24 66 63 0
24 19 66 63 0
19 24 64 65 0
24 19 64 65 0
19 24 65 64 0
24 19 65 64 0
20 23 57 72 0
23 20 57 72 0
20 23 72 57 0
23 20 72 57 0
20 23 58 71 0
23 20 58 71 0
20 23 71 58 0
23 20 71 58 0
20 23 59 70 0
23 20 59 70 0
20 23 70 59 0
23 20 70 59 0
20 23 60 69 0
23 20 60 69 0
20 23 69 60 0
23 20 69 60 0
20 23 61 68 0
23 20 61 68 0
20 23 68 61 0
23 20 68 61 0
20 23 62 67 0
23 20 62 67 0
20 23 67 62 0
23 20 67 62 0
20 23 63 66 0
23 20 63 66 0
20 23 66 63 0
23 20 66 63 0
20 23 64 65 0
23 20 64 65 0
20 23 65 64 0
23 20 65 64 0
21 22 57 72 0
22 21 57 72 0
21 22 72 57 0
22 21 72 57 0
21 22 58 71 0
22 21 58 71 0
21 22 71 58 0
22 21 71 58 0
21 22 59 70 0
22 21 59 70 0
21 22 70 59 0
22 21 70 59 0
21 22 60 69 0
22 21 60 69 0
21 22 69 60 0
22 21 69 60 0
21 22 61 68 0
22 21 61 68 0
21 22 68 61 0
22 21 68 61 0
21 22 62 67 0
22 21 62 67 0
21 22 67 62 0
22 21 67 62 0
21 22 63 66 0
22 21 63 66 0
21 22 66 63 0
22 21 66 63 0
21 22 64 65 0
22 21 64 65 0
21 22 65 64 0
22 21 65 64 0
