9 24 42 57 0
24 9 42 57 0
9 24 57 42 0
24 9 57 42 0
9 24 43 56 0
24 9 43 56 0
9 24 56 43 0
24 9 56 43 0
9 24 44 55 0
24 9 44 55 0
9 24 55 44 0
24 9 55 44 0
9 24 45 54 0
24 9 45 54 0
9 24 54 45 0
24 9 54 45 0
9 24 46 53 0
24 9 46 53 0
9 24 53 46 0
24 9 53 46 0
9 24 47 52 0
24 9 47 52 0
9 24 52 47 0
24 9 52 47 0
9 24 48 51 0
24 9 48 51 0
9 24 51 48 0
24 9 51 48 0
9 24 49 50 0
24 9 49 50 0
9 24 50 49 0
24 9 50 49 0
10 23 42 57 0
23 10 42 57 0
10 23 57 42 0
23 10 57 42 0
10 23 43 56 0
23 10 43 56 0
10 23 56 43 0
23 10 56 43 0
10 23 44 55 0
23 10 44 55 0
10 23 55 44 0
23 10 55 44 0
10 23 45 54 0
23 10 45 54 0
10 23 54 45 0
23 10 54 45 0
10 23 46 53 0
23 10 46 53 0
10 23 53 46 0
23 10 53 46 0
10 23 47 52 0
23 10 47 52 0
10 23 52 47 0
23 10 52 47 0
10 23 48 51 0
23 10 48 51 0
10 23 51 48 0
23 10 51 48 0
10 23 49 50 0
23 10 49 50 0
10 23 50 49 0
23 10 50 49 0
11 22 42 57 0
22 11 42 57 0
11 22 57 42 0
22 11 57 42 0
11 22 43 56 0
22 11 43 56 0
11 22 56 43 0
22 11 56 43 0
11 22 44 55 0
22 11 44 55 0
11 22 55 44 0
22 11 55 44 0
11 22 45 54 0
22 11 45 54 0
11 22 54 45 0
22 11 54 45 0
11 22 46 53 0
22 11 46 53 0
11 22 53 46 0
22 11 53 46 0
11 22 47 52 0
22 11 47 52 0
11 22 52 47 0
22 11 52 47 0
11 22 48 51 0
22 11 48 51 0
11 22 51 48 0
22 11 51 48 0
11 22 49 50 0
22 11 49 50 0
11 22 50 49 0
22 11 50 49 0
12 21 42 57 0
21 12 42 57 0
12 21 57 42 0
21 12 57 42 0
12 21 43 56 0
21 12 43 56 0
12 21 56 43 0
21 12 56 43 0
12 21 44 55 0
21 12 44 55 0
12 21 55 44 0
21 12 55 44 0
12 21 45 54 0
21 12 45 54 0
12 21 54 45 0
21 12 54 45 0
12 21 46 53 0
21 12 46 53 0
12 21 53 46 0
21 12 53 46 0
12 21 47 52 0
21 12 47 52 0
12 21 52 47 0
21 12 52 47 0
12 21 48 51 0
21 12 48 51 0
12 21 51 48 0
21 12 51 48 0
12 21 49 50 0
21 12 49 50 0
12 21 50 49 0
21 12 50 49 0
10 23 37 62 0
23 10 37 62 0
10 23 62 37 0
23 10 62 37 0
10 23 38 61 0
23 10 38 61 0
10 23 61 38 0
23 10 61 38 0
10 23 39 60 0
23 10 39 60 0
10 23 60 39 0
23 10 60 39 0
10 23 40 59 0
23 10 40 59 0
10 23 59 40 0
23 10 59 40 0
10 23 41 58 0
23 10 41 58 0
10 23 58 41 0
23 10 58 41 0
11 22 37 62 0
22 11 37 62 0
11 22 62 37 0
22 11 62 37 0
11 22 38 61 0
22 11 38 61 0
11 22 61 38 0
22 11 61 38 0
11 22 39 60 0
22 11 39 60 0
11 22 60 39 0
22 11 60 39 0
11 22 40 59 0
22 11 40 59 0
11 22 59 40 0
22 11 59 40 0
11 22 41 58 0
22 11 41 58 0
11 22 58 41 0
22 11 58 41 0
12 21 37 62 0
21 12 37 62 0
12 21 62 37 0
21 12 62 37 0
12 21 38 61 0
21 12 38 61 0
12 21 61 38 0
21 12 61 38 0
12 21 39 60 0
21 12 39 60 0
12 21 60 39 0
21 12 60 39 0
12 21 40 59 0
21 12 40 59 0
12 21 59 40 0
21 12 59 40 0
12 21 41 58 0
21 12 41 58 0
12 21 58 41 0
21 12 58 41 0
13 20 37 62 0
20 13 37 62 0
13 20 62 37 0
20 13 62 37 0
13 20 38 61 0
20 13 38 61 0
13 20 61 38 0
20 13 61 38 0
13 20 39 60 0
20 13 39 60 0
13 20 60 39 0
20 13 60 39 0
13 20 40 59 0
20 13 40 59 0
13 20 59 40 0
20 13 59 40 0
13 20 41 58 0
20 13 41 58 0
13 20 58 41 0
20 13 58 41 0
13 20 42 57 0
20 13 42 57 0
13 20 57 42 0
20 13 57 42 0
13 20 43 56 1
20 13 43 56 1
13 20 56 43 1
20 13 56 43 1
13 20 44 55 2
20 13 44 55 2
13 20 55 44 2
20 13 55 44 2
13 20 45 54 4
20 13 45 54 4
13 20 54 45 4
20 13 54 45 4
13 20 46 53 7
20 13 46 53 7
13 20 53 46 7
20 13 53 46 7
13 20 47 52 10
20 13 47 52 10
13 20 52 47 10
20 13 52 47 10
13 20 48 51 12
20 13 48 51 12
13 20 51 48 12
20 13 51 48 12
13 20 49 50 14
20 13 49 50 14
13 20 50 49 14
20 13 50 49 14
11 22 34 65 0
22 11 34 65 0
11 22 65 34 0
22 11 65 34 0
11 22 35 64 0
22 11 35 64 0
11 22 64 35 0
22 11 64 35 0
11 22 36 63 0
22 11 36 63 0
11 22 63 36 0
22 11 63 36 0
12 21 34 65 0
21 12 34 65 0
12 21 65 34 0
21 12 65 34 0
12 21 35 64 0
21 12 35 64 0
12 21 64 35 0
21 12 64 35 0
12 21 36 63 0
21 12 36 63 0
12 21 63 36 0
21 12 63 36 0
13 20 34 65 0
20 13 34 65 0
13 20 65 34 0
20 13 65 34 0
13 20 35 64 0
20 13 35 64 0
13 20 64 35 0
20 13 64 35 0
13 20 36 63 0
20 13 36 63 0
13 20 63 36 0
20 13 63 36 0
14 19 34 65 0
19 14 34 65 0
14 19 65 34 0
19 14 65 34 0
14 19 35 64 0
19 14 35 64 0
14 19 64 35 0
19 14 64 35 0
14 19 36 63 0
19 14 36 63 0
14 19 63 36 0
19 14 63 36 0
14 19 37 62 0
19 14 37 62 0
14 19 62 37 0
19 14 62 37 0
14 19 38 61 0
19 14 38 61 0
14 19 61 38 0
19 14 61 38 0
14 19 39 60 0
19 14 39 60 0
14 19 60 39 0
19 14 60 39 0
14 19 40 59 1
19 14 40 59 1
14 19 59 40 1
19 14 59 40 1
14 19 41 58 3
19 14 41 58 3
14 19 58 41 3
19 14 58 41 3
14 19 42 57 7
19 14 42 57 7
14 19 57 42 7
19 14 57 42 7
14 19 43 56 14
19 14 43 56 14
14 19 56 43 14
19 14 56 43 14
14 19 44 55 24
19 14 44 55 24
14 19 55 44 24
19 14 55 44 24
14 19 45 54 37
19 14 45 54 37
14 19 54 45 37
19 14 54 45 37
14 19 46 53 52
19 14 46 53 52
14 19 53 46 52
19 14 53 46 52
14 19 47 52 66
19 14 47 52 66
14 19 52 47 66
19 14 52 47 66
14 19 48 51 77
19 14 48 51 77
14 19 51 48 77
19 14 51 48 77
14 19 49 50 84
19 14 49 50 84
14 19 50 49 84
19 14 50 49 84
12 21 33 66 0
21 12 33 66 0
12 21 66 33 0
21 12 66 33 0
13 20 33 66 0
20 13 33 66 0
13 20 66 33 0
20 13 66 33 0
14 19 33 66 0
19 14 33 66 0
14 19 66 33 0
19 14 66 33 0
15 18 33 66 0
18 15 33 66 0
15 18 66 33 0
18 15 66 33 0
15 18 34 65 0
18 15 34 65 0
15 18 65 34 0
18 15 65 34 0
15 18 35 64 0
18 15 35 64 0
15 18 64 35 0
18 15 64 35 0
15 18 36 63 0
18 15 36 63 0
15 18 63 36 0
18 15 63 36 0
15 18 37 62 0
18 15 37 62 0
15 18 62 37 0
18 15 62 37 0
15 18 38 61 0
18 15 38 61 0
15 18 61 38 0
18 15 61 38 0
15 18 39 60 1
18 15 39 60 1
15 18 60 39 1
18 15 60 39 1
15 18 40 59 4
18 15 40 59 4
15 18 59 40 4
18 15 59 40 4
15 18 41 58 11
18 15 41 58 11
15 18 58 41 11
18 15 58 41 11
15 18 42 57 23
18 15 42 57 23
15 18 57 42 23
18 15 57 42 23
15 18 43 56 42
18 15 43 56 42
15 18 56 43 42
18 15 56 43 42
15 18 44 55 69
18 15 44 55 69
15 18 55 44 69
18 15 55 44 69
15 18 45 54 103
18 15 45 54 103
15 18 54 45 103
18 15 54 45 103
15 18 46 53 139
18 15 46 53 139
15 18 53 46 139
18 15 53 46 139
15 18 47 52 173
18 15 47 52 173
15 18 52 47 173
18 15 52 47 173
15 18 48 51 200
18 15 48 51 200
15 18 51 48 200
18 15 51 48 200
15 18 49 50 216
18 15 49 50 216
15 18 50 49 216
18 15 50 49 216
16 17 34 65 0
17 16 34 65 0
16 17 65 34 0
17 16 65 34 0
16 17 35 64 0
17 16 35 64 0
16 17 64 35 0
17 16 64 35 0
16 17 36 63 0
17 16 36 63 0
16 17 63 36 0
17 16 63 36 0
16 17 37 62 0
17 16 37 62 0
16 17 62 37 0
17 16 62 37 0
16 17 38 61 0
17 16 38 61 0
16 17 61 38 0
17 16 61 38 0
16 17 39 60 2
17 16 39 60 2
16 17 60 39 2
17 16 60 39 2
16 17 40 59 8
17 16 40 59 8
16 17 59 40 8
17 16 59 40 8
16 17 41 58 20
17 16 41 58 20
16 17 58 41 20
17 16 58 41 20
16 17 42 57 40
17 16 42 57 40
16 17 57 42 40
17 16 57 42 40
16 17 43 56 71
17 16 43 56 71
16 17 56 43 71
17 16 56 43 71
16 17 44 55 114
17 16 44 55 114
16 17 55 44 114
17 16 55 44 114
16 17 45 54 166
17 16 45 54 166
16 17 54 45 166
17 16 54 45 166
16 17 46 53 221
17 16 46 53 221
16 17 53 46 221
17 16 53 46 221
16 17 47 52 272
17 16 47 52 272
16 17 52 47 272
17 16 52 47 272
16 17 48 51 312
17 16 48 51 312
16 17 51 48 312
17 16 51 48 312
16 17 49 50 336
17 16 49 50 336
16 17 50 49 336
17 16 50 49 336
13 20 31 68 0
20 13 31 68 0
13 20 68 31 0
20 13 68 31 0
13 20 32 67 0
20 13 32 67 0
13 20 67 32 0
20 13 67 32 0
14 19 31 68 0
19 14 31 68 0
14 19 68 31 0
19 14 68 31 0
14 19 32 67 0
19 14 32 67 0
14 19 67 32 0
19 14 67 32 0
15 18 31 68 0
18 15 31 68 0
15 18 68 31 0
18 15 68 31 0
15 18 32 67 0
18 15 32 67 0
15 18 67 32 0
18 15 67 32 0
16 17 31 68 0
17 16 31 68 0
16 17 68 31 0
17 16 68 31 0
16 17 32 67 0
17 16 32 67 0
16 17 67 32 0
17 16 67 32 0
16 17 33 66 0
17 16 33 66 0
16 17 66 33 0
17 16 66 33 0
15 18 30 69 0
18 15 30 69 0
15 18 69 30 0
18 15 69 30 0
16 17 30 69 0
17 16 30 69 0
16 17 69 30 0
17 16 69 30 0
