0 13 10 29 0
13 0 10 29 0
0 13 29 10 0
13 0 29 10 0
0 13 11 28 0
13 0 11 28 0
0 13 28 11 0
13 0 28 11 0
0 13 12 27 0
13 0 12 27 0
0 13 27 12 0
13 0 27 12 0
0 13 13 26 0
13 0 13 26 0
0 13 26 13 0
13 0 26 13 0
0 13 14 25 0
13 0 14 25 0
0 13 25 14 0
13 0 25 14 0
0 13 15 24 0
13 0 15 24 0
0 13 24 15 0
13 0 24 15 0
0 13 16 23 0
13 0 16 23 0
0 13 23 16 0
13 0 23 16 0
0 13 17 22 0
13 0 17 22 0
0 13 22 17 0
13 0 22 17 0
0 13 18 21 0
13 0 18 21 0
0 13 21 18 0
13 0 21 18 0
0 13 19 20 1
13 0 19 20 1
0 13 20 19 1
13 0 20 19 1
1 12 10 29 0
12 1 10 29 0
1 12 29 10 0
12 1 29 10 0
1 12 11 28 0
12 1 11 28 0
1 12 28 11 0
12 1 28 11 0
1 12 12 27 0
12 1 12 27 0
1 12 27 12 0
12 1 27 12 0
1 12 13 26 0
12 1 13 26 0
1 12 26 13 0
12 1 26 13 0
1 12 14 25 1
12 1 14 25 1
1 12 25 14 1
12 1 25 14 1
1 12 15 24 2
12 1 15 24 2
1 12 24 15 2
12 1 24 15 2
1 12 16 23 3
12 1 16 23 3
1 12 23 16 3
12 1 23 16 3
1 12 17 22 4
12 1 17 22 4
1 12 22 17 4
12 1 22 17 4
1 12 18 21 5
12 1 18 21 5
1 12 21 18 5
12 1 21 18 5
1 12 19 20 7
12 1 19 20 7
1 12 20 19 7
12 1 20 19 7
2 11 10 29 0
11 2 10 29 0
2 11 29 10 0
11 2 29 10 0
2 11 11 28 0
11 2 11 28 0
2 11 28 11 0
11 2 28 11 0
2 11 12 27 0
11 2 12 27 0
2 11 27 12 0
11 2 27 12 0
2 11 13 26 0
11 2 13 26 0
2 11 26 13 0
11 2 26 13 0
2 11 14 25 2
11 2 14 25 2
2 11 25 14 2
11 2 25 14 2
2 11 15 24 5
11 2 15 24 5
2 11 24 15 5
11 2 24 15 5
2 11 16 23 8
11 2 16 23 8
2 11 23 16 8
11 2 23 16 8
2 11 17 22 11
11 2 17 22 11
2 11 22 17 11
11 2 22 17 11
2 11 18 21 14
11 2 18 21 14
2 11 21 18 14
11 2 21 18 14
2 11 19 20 17
11 2 19 20 17
2 11 20 19 17
11 2 20 19 17
3 10 10 29 1
10 3 10 29 1
3 10 29 10 1
10 3 29 10 1
3 10 11 28 2
10 3 11 28 2
3 10 28 11 2
10 3 28 11 2
3 10 12 27 4
10 3 12 27 4
3 10 27 12 4
10 3 27 12 4
3 10 13 26 6
10 3 13 26 6
3 10 26 13 6
10 3 26 13 6
3 10 14 25 11
10 3 14 25 11
3 10 25 14 11
10 3 25 14 11
3 10 15 24 17
10 3 15 24 17
3 10 24 15 17
10 3 24 15 17
3 10 16 23 24
10 3 16 23 24
3 10 23 16 24
10 3 23 16 24
3 10 17 22 30
10 3 17 22 30
3 10 22 17 30
10 3 22 17 30
3 10 18 21 35
10 3 18 21 35
3 10 21 18 35
10 3 21 18 35
3 10 19 20 39
10 3 19 20 39
3 10 20 19 39
10 3 20 19 39
1 12 6 33 0
12 1 6 33 0
1 12 33 6 0
12 1 33 6 0
1 12 7 32 0
12 1 7 32 0
1 12 32 7 0
12 1 32 7 0
1 12 8 31 0
12 1 8 31 0
1 12 31 8 0
12 1 31 8 0
1 12 9 30 0
12 1 9 30 0
1 12 30 9 0
12 1 30 9 0
2 11 6 33 0
11 2 6 33 0
2 11 33 6 0
11 2 33 6 0
2 11 7 32 0
11 2 7 32 0
2 11 32 7 0
11 2 32 7 0
2 11 8 31 0
11 2 8 31 0
2 11 31 8 0
11 2 31 8 0
2 11 9 30 0
11 2 9 30 0
2 11 30 9 0
11 2 30 9 0
3 10 6 33 0
10 3 6 33 0
3 10 33 6 0
10 3 33 6 0
3 10 7 32 0
10 3 7 32 0
3 10 32 7 0
10 3 32 7 0
3 10 8 31 0
10 3 8 31 0
3 10 31 8 0
10 3 31 8 0
3 10 9 30 0
10 3 9 30 0
3 10 30 9 0
10 3 30 9 0
4 9 6 33 0
9 4 6 33 0
4 9 33 6 0
9 4 33 6 0
4 9 7 32 0
9 4 7 32 0
4 9 32 7 0
9 4 32 7 0
4 9 8 31 0
9 4 8 31 0
4 9 31 8 0
9 4 31 8 0
4 9 9 30 0
9 4 9 30 0
4 9 30 9 0
9 4 30 9 0
4 9 10 29 1
9 4 10 29 1
4 9 29 10 1
9 4 29 10 1
4 9 11 28 3
9 4 11 28 3
4 9 28 11 3
9 4 28 11 3
4 9 12 27 6
9 4 12 27 6
4 9 27 12 6
9 4 27 12 6
4 9 13 26 10
9 4 13 26 10
4 9 26 13 10
9 4 26 13 10
4 9 14 25 17
9 4 14 25 17
4 9 25 14 17
9 4 25 14 17
4 9 15 24 26
9 4 15 24 26
4 9 24 15 26
9 4 24 15 26
4 9 16 23 36
9 4 16 23 36
4 9 23 16 36
9 4 23 16 36
4 9 17 22 45
9 4 17 22 45
4 9 22 17 45
9 4 22 17 45
4 9 18 21 52
9 4 18 21 52
4 9 21 18 52
9 4 21 18 52
4 9 19 20 57
9 4 19 20 57
4 9 20 19 57
9 4 20 19 57
5 8 6 33 0
8 5 6 33 0
5 8 33 6 0
8 5 33 6 0
5 8 7 32 0
8 5 7 32 0
5 8 32 7 0
8 5 32 7 0
5 8 8 31 0
8 5 8 31 0
5 8 31 8 0
8 5 31 8 0
5 8 9 30 0
8 5 9 30 0
5 8 30 9 0
8 5 30 9 0
5 8 10 29 1
8 5 10 29 1
5 8 29 10 1
8 5 29 10 1
5 8 11 28 3
8 5 11 28 3
5 8 28 11 3
8 5 28 11 3
5 8 12 27 7
8 5 12 27 7
5 8 27 12 7
8 5 27 12 7
5 8 13 26 12
8 5 13 26 12
5 8 26 13 12
8 5 26 13 12
5 8 14 25 21
8 5 14 25 21
5 8 25 14 21
8 5 25 14 21
5 8 15 24 32
8 5 15 24 32
5 8 24 15 32
8 5 24 15 32
5 8 16 23 44
8 5 16 23 44
5 8 23 16 44
8 5 23 16 44
5 8 17 22 55
8 5 17 22 55
5 8 22 17 55
8 5 22 17 55
5 8 18 21 64
8 5 18 21 64
5 8 21 18 64
8 5 21 18 64
5 8 19 20 70
8 5 19 20 70
5 8 20 19 70
8 5 20 19 70
2 11 4 35 0
11 2 4 35 0
2 11 35 4 0
11 2 35 4 0
2 11 5 34 0
11 2 5 34 0
2 11 34 5 0
11 2 34 5 0
3 10 4 35 0
10 3 4 35 0
3 10 35 4 0
10 3 35 4 0
3 10 5 34 0
10 3 5 34 0
3 10 34 5 0
10 3 34 5 0
4 9 4 35 0
9 4 4 35 0
4 9 35 4 0
9 4 35 4 0
4 9 5 34 0
9 4 5 34 0
4 9 34 5 0
9 4 34 5 0
5 8 4 35 0
8 5 4 35 0
5 8 35 4 0
8 5 35 4 0
5 8 5 34 0
8 5 5 34 0
5 8 34 5 0
8 5 34 5 0
3 10 3 36 0
10 3 3 36 0
3 10 36 3 0
10 3 36 3 0
4 9 3 36 0
9 4 3 36 0
4 9 36 3 0
9 4 36 3 0
5 8 3 36 0
8 5 3 36 0
5 8 36 3 0
8 5 36 3 0
6 7 3 36 0
7 6 3 36 0
6 7 36 3 0
7 6 36 3 0
6 7 4 35 0
7 6 4 35 0
6 7 35 4 0
7 6 35 4 0
6 7 5 34 0
7 6 5 34 0
6 7 34 5 0
7 6 34 5 0
6 7 6 33 0
7 6 6 33 0
6 7 33 6 0
7 6 33 6 0
6 7 7 32 0
7 6 7 32 0
6 7 32 7 0
7 6 32 7 0
6 7 8 31 0
7 6 8 31 0
6 7 31 8 0
7 6 31 8 0
6 7 9 30 0
7 6 9 30 0
6 7 30 9 0
7 6 30 9 0
6 7 10 29 1
7 6 10 29 1
6 7 29 10 1
7 6 29 10 1
6 7 11 28 3
7 6 11 28 3
6 7 28 11 3
7 6 28 11 3
6 7 12 27 7
7 6 12 27 7
6 7 27 12 7
7 6 27 12 7
6 7 13 26 13
7 6 13 26 13
6 7 26 13 13
7 6 26 13 13
6 7 14 25 23
7 6 14 25 23
6 7 25 14 23
7 6 25 14 23
6 7 15 24 35
7 6 15 24 35
6 7 24 15 35
7 6 24 15 35
6 7 16 23 48
7 6 16 23 48
6 7 23 16 48
7 6 23 16 48
6 7 17 22 60
7 6 17 22 60
6 7 22 17 60
7 6 22 17 60
6 7 18 21 70
7 6 18 21 70
6 7 21 18 70
7 6 21 18 70
6 7 19 20 77
7 6 19 20 77
6 7 20 19 77
7 6 20 19 77
4 9 2 37 0
9 4 2 37 0
4 9 37 2 0
9 4 37 2 0
5 8 2 37 0
8 5 2 37 0
5 8 37 2 0
8 5 37 2 0
6 7 2 37 0
7 6 2 37 0
6 7 37 2 0
7 6 37 2 0
