13 24 45 66 0
24 13 45 66 0
13 24 66 45 0
24 13 66 45 0
13 24 46 65 0
24 13 46 65 0
13 24 65 46 0
24 13 65 46 0
13 24 47 64 0
24 13 47 64 0
13 24 64 47 0
24 13 64 47 0
13 24 48 63 0
24 13 48 63 0
13 24 63 48 0
24 13 63 48 0
13 24 49 62 0
24 13 49 62 0
13 24 62 49 0
24 13 62 49 0
13 24 50 61 0
24 13 50 61 0
13 24 61 50 0
24 13 61 50 0
13 24 51 60 0
24 13 51 60 0
13 24 60 51 0
24 13 60 51 0
13 24 52 59 0
24 13 52 59 0
13 24 59 52 0
24 13 59 52 0
13 24 53 58 0
24 13 53 58 0
13 24 58 53 0
24 13 58 53 0
13 24 54 57 0
24 13 54 57 0
13 24 57 54 0
24 13 57 54 0
14 23 45 66 0
23 14 45 66 0
14 23 66 45 0
23 14 66 45 0
14 23 46 65 0
23 14 46 65 0
14 23 65 46 0
23 14 65 46 0
14 23 47 64 0
23 14 47 64 0
14 23 64 47 0
23 14 64 47 0
14 23 48 63 0
23 14 48 63 0
14 23 63 48 0
23 14 63 48 0
14 23 49 62 0
23 14 49 62 0
14 23 62 49 0
23 14 62 49 0
14 23 50 61 0
23 14 50 61 0
14 23 61 50 0
23 14 61 50 0
14 23 51 60 0
23 14 51 60 0
14 23 60 51 0
23 14 60 51 0
14 23 52 59 0
23 14 52 59 0
14 23 59 52 0
23 14 59 52 0
14 23 53 58 0
23 14 53 58 0
14 23 58 53 0
23 14 58 53 0
14 23 54 57 0
23 14 54 57 0
14 23 57 54 0
23 14 57 54 0
15 22 45 66 0
22 15 45 66 0
15 22 66 45 0
22 15 66 45 0
15 22 46 65 0
22 15 46 65 0
15 22 65 46 0
22 15 65 46 0
15 22 47 64 0
22 15 47 64 0
15 22 64 47 0
22 15 64 47 0
15 22 48 63 0
22 15 48 63 0
15 22 63 48 0
22 15 63 48 0
15 22 49 62 0
22 15 49 62 0
15 22 62 49 0
22 15 62 49 0
15 22 50 61 0
22 15 50 61 0
15 22 61 50 0
22 15 61 50 0
15 22 51 60 0
22 15 51 60 0
15 22 60 51 0
22 15 60 51 0
15 22 52 59 0
22 15 52 59 0
15 22 59 52 0
22 15 59 52 0
15 22 53 58 0
22 15 53 58 0
15 22 58 53 0
22 15 58 53 0
15 22 54 57 0
22 15 54 57 0
15 22 57 54 0
22 15 57 54 0
16 21 45 66 0
21 16 45 66 0
16 21 66 45 0
21 16 66 45 0
16 21 46 65 0
21 16 46 65 0
16 21 65 46 0
21 16 65 46 0
16 21 47 64 0
21 16 47 64 0
16 21 64 47 0
21 16 64 47 0
16 21 48 63 0
21 16 48 63 0
16 21 63 48 0
21 16 63 48 0
16 21 49 62 0
21 16 49 62 0
16 21 62 49 0
21 16 62 49 0
16 21 50 61 0
21 16 50 61 0
16 21 61 50 0
21 16 61 50 0
16 21 51 60 0
21 16 51 60 0
16 21 60 51 0
21 16 60 51 0
16 21 52 59 0
21 16 52 59 0
16 21 59 52 0
21 16 59 52 0
16 21 53 58 0
21 16 53 58 0
16 21 58 53 0
21 16 58 53 0
16 21 54 57 0
21 16 54 57 0
16 21 57 54 0
21 16 57 54 0
13 24 55 56 0
24 13 55 56 0
13 24 56 55 0
24 13 56 55 0
14 23 55 56 0
23 14 55 56 0
14 23 56 55 0
23 14 56 55 0
15 22 55 56 0
22 15 55 56 0
15 22 56 55 0
22 15 56 55 0
16 21 55 56 0
21 16 55 56 0
16 21 56 55 0
21 16 56 55 0
14 23 42 69 0
23 14 42 69 0
14 23 69 42 0
23 14 69 42 0
14 23 43 68 0
23 14 43 68 0
14 23 68 43 0
23 14 68 43 0
14 23 44 67 0
23 14 44 67 0
14 23 67 44 0
23 14 67 44 0
15 22 42 69 0
22 15 42 69 0
15 22 69 42 0
22 15 69 42 0
15 22 43 68 0
22 15 43 68 0
15 22 68 43 0
22 15 68 43 0
15 22 44 67 0
22 15 44 67 0
15 22 67 44 0
22 15 67 44 0
16 21 42 69 0
21 16 42 69 0
16 21 69 42 0
21 16 69 42 0
16 21 43 68 0
21 16 43 68 0
16 21 68 43 0
21 16 68 43 0
16 21 44 67 0
21 16 44 67 0
16 21 67 44 0
21 16 67 44 0
17 20 42 69 0
20 17 42 69 0
17 20 69 42 0
20 17 69 42 0
17 20 43 68 0
20 17 43 68 0
17 20 68 43 0
20 17 68 43 0
17 20 44 67 0
20 17 44 67 0
17 20 67 44 0
20 17 67 44 0
17 20 45 66 0
20 17 45 66 0
17 20 66 45 0
20 17 66 45 0
17 20 46 65 0
20 17 46 65 0
17 20 65 46 0
20 17 65 46 0
17 20 47 64 0
20 17 47 64 0
17 20 64 47 0
20 17 64 47 0
17 20 48 63 0
20 17 48 63 0
17 20 63 48 0
20 17 63 48 0
17 20 49 62 0
20 17 49 62 0
17 20 62 49 0
20 17 62 49 0
17 20 50 61 1
20 17 50 61 1
17 20 61 50 1
20 17 61 50 1
17 20 51 60 2
20 17 51 60 2
17 20 60 51 2
20 17 60 51 2
17 20 52 59 3
20 17 52 59 3
17 20 59 52 3
20 17 59 52 3
17 20 53 58 4
20 17 53 58 4
17 20 58 53 4
20 17 58 53 4
17 20 54 57 5
20 17 54 57 5
17 20 57 54 5
20 17 57 54 5
17 20 55 56 6
20 17 55 56 6
17 20 56 55 6
20 17 56 55 6
15 22 41 70 0
22 15 41 70 0
15 22 70 41 0
22 15 70 41 0
16 21 41 70 0
21 16 41 70 0
16 21 70 41 0
21 16 70 41 0
17 20 41 70 0
20 17 41 70 0
17 20 70 41 0
20 17 70 41 0
18 19 41 70 0
19 18 41 70 0
18 19 70 41 0
19 18 70 41 0
18 19 42 69 0
19 18 42 69 0
18 19 69 42 0
19 18 69 42 0
18 19 43 68 0
19 18 43 68 0
18 19 68 43 0
19 18 68 43 0
18 19 44 67 0
19 18 44 67 0
18 19 67 44 0
19 18 67 44 0
18 19 45 66 0
19 18 45 66 0
18 19 66 45 0
19 18 66 45 0
18 19 46 65 0
19 18 46 65 0
18 19 65 46 0
19 18 65 46 0
18 19 47 64 0
19 18 47 64 0
18 19 64 47 0
19 18 64 47 0
18 19 48 63 0
19 18 48 63 0
18 19 63 48 0
19 18 63 48 0
18 19 49 62 1
19 18 49 62 1
18 19 62 49 1
19 18 62 49 1
18 19 50 61 3
19 18 50 61 3
18 19 61 50 3
19 18 61 50 3
18 19 51 60 5
19 18 51 60 5
18 19 60 51 5
19 18 60 51 5
18 19 52 59 7
19 18 52 59 7
18 19 59 52 7
19 18 59 52 7
18 19 53 58 9
19 18 53 58 9
18 19 58 53 9
19 18 58 53 9
18 19 54 57 11
19 18 54 57 11
18 19 57 54 11
19 18 57 54 11
18 19 55 56 13
19 18 55 56 13
18 19 56 55 13
19 18 56 55 13
16 21 40 71 0
21 16 40 71 0
16 21 71 40 0
21 16 71 40 0
17 20 40 71 0
20 17 40 71 0
17 20 71 40 0
20 17 71 40 0
18 19 40 71 0
19 18 40 71 0
18 19 71 40 0
19 18 71 40 0
