0 9 6 21 0
9 0 6 21 0
0 9 21 6 0
9 0 21 6 0
0 9 7 20 0
9 0 7 20 0
0 9 20 7 0
9 0 20 7 0
0 9 8 19 0
9 0 8 19 0
0 9 19 8 0
9 0 19 8 0
0 9 9 18 0
9 0 9 18 0
0 9 18 9 0
9 0 18 9 0
1 8 6 21 1
8 1 6 21 1
1 8 21 6 1
8 1 21 6 1
1 8 7 20 2
8 1 7 20 2
1 8 20 7 2
8 1 20 7 2
1 8 8 19 4
8 1 8 19 4
1 8 19 8 4
8 1 19 8 4
1 8 9 18 7
8 1 9 18 7
1 8 18 9 7
8 1 18 9 7
0 9 10 17 0
9 0 10 17 0
0 9 17 10 0
9 0 17 10 0
1 8 10 17 10
8 1 10 17 10
1 8 17 10 10
8 1 17 10 10
0 9 11 16 0
9 0 11 16 0
0 9 16 11 0
9 0 16 11 0
1 8 11 16 13
8 1 11 16 13
1 8 16 11 13
8 1 16 11 13
0 9 12 15 0
9 0 12 15 0
0 9 15 12 0
9 0 15 12 0
1 8 12 15 16
8 1 12 15 16
1 8 15 12 16
8 1 15 12 16
1 8 3 24 0
8 1 3 24 0
1 8 24 3 0
8 1 24 3 0
1 8 4 23 0
8 1 4 23 0
1 8 23 4 0
8 1 23 4 0
1 8 5 22 0
8 1 5 22 0
1 8 22 5 0
8 1 22 5 0
2 7 3 24 0
7 2 3 24 0
2 7 24 3 0
7 2 24 3 0
2 7 4 23 1
7 2 4 23 1
2 7 23 4 1
7 2 23 4 1
2 7 5 22 3
7 2 5 22 3
2 7 22 5 3
7 2 22 5 3
2 7 6 21 8
7 2 6 21 8
2 7 21 6 8
7 2 21 6 8
2 7 7 20 15
7 2 7 20 15
2 7 20 7 15
7 2 20 7 15
2 7 8 19 26
7 2 8 19 26
2 7 19 8 26
7 2 19 8 26
2 7 9 18 40
7 2 9 18 40
2 7 18 9 40
7 2 18 9 40
2 7 10 17 55
7 2 10 17 55
2 7 17 10 55
7 2 17 10 55
2 7 11 16 69
7 2 11 16 69
2 7 16 11 69
7 2 16 11 69
2 7 12 15 81
7 2 12 15 81
2 7 15 12 81
7 2 15 12 81
3 6 3 24 0
6 3 3 24 0
3 6 24 3 0
6 3 24 3 0
3 6 4 23 3
6 3 4 23 3
3 6 23 4 3
6 3 23 4 3
3 6 5 22 9
6 3 5 22 9
3 6 22 5 9
6 3 22 5 9
3 6 6 21 21
6 3 6 21 21
3 6 21 6 21
6 3 21 6 21
3 6 7 20 39
6 3 7 20 39
3 6 20 7 39
6 3 20 7 39
3 6 8 19 66
6 3 8 19 66
3 6 19 8 66
6 3 19 8 66
3 6 9 18 99
6 3 9 18 99
3 6 18 9 99
6 3 18 9 99
3 6 10 17 135
6 3 10 17 135
3 6 17 10 135
6 3 17 10 135
3 6 11 16 168
6 3 11 16 168
3 6 16 11 168
6 3 16 11 168
3 6 12 15 195
6 3 12 15 195
3 6 15 12 195
6 3 15 12 195
0 9 13 14 0
9 0 13 14 0
0 9 14 13 0
9 0 14 13 0
1 8 13 14 17
8 1 13 14 17
1 8 14 13 17
8 1 14 13 17
2 7 13 14 87
7 2 13 14 87
2 7 14 13 87
7 2 14 13 87
3 6 13 14 210
6 3 13 14 210
3 6 14 13 210
6 3 14 13 210
2 7 2 25 0
7 2 2 25 0
2 7 25 2 0
7 2 25 2 0
3 6 2 25 0
6 3 2 25 0
3 6 25 2 0
6 3 25 2 0
3 6 1 26 0
6 3 1 26 0
3 6 26 1 0
6 3 26 1 0
4 5 1 26 0
5 4 1 26 0
4 5 26 1 0
5 4 26 1 0
4 5 2 25 0
5 4 2 25 0
4 5 25 2 0
5 4 25 2 0
4 5 3 24 1
5 4 3 24 1
4 5 24 3 1
5 4 24 3 1
4 5 4 23 6
5 4 4 23 6
4 5 23 4 6
5 4 23 4 6
4 5 5 22 16
5 4 5 22 16
4 5 22 5 16
5 4 22 5 16
4 5 6 21 35
5 4 6 21 35
4 5 21 6 35
5 4 21 6 35
4 5 7 20 63
5 4 7 20 63
4 5 20 7 63
5 4 20 7 63
4 5 8 19 104
5 4 8 19 104
4 5 19 8 104
5 4 19 8 104
4 5 9 18 154
5 4 9 18 154
4 5 18 9 154
5 4 18 9 154
4 5 10 17 207
5 4 10 17 207
4 5 17 10 207
5 4 17 10 207
4 5 11 16 256
5 4 11 16 256
4 5 16 11 256
5 4 16 11 256
4 5 12 15 296
5 4 12 15 296
4 5 15 12 296
5 4 15 12 296
4 5 13 14 318
5 4 13 14 318
4 5 14 13 318
5 4 14 13 318
