0 15 15 30 0
15 0 15 30 0
0 15 30 15 0
15 0 30 15 0
0 15 16 29 0
15 0 16 29 0
0 15 29 16 0
15 0 29 16 0
0 15 17 28 0
15 0 17 28 0
0 15 28 17 0
15 0 28 17 0
0 15 18 27 0
15 0 18 27 0
0 15 27 18 0
15 0 27 18 0
0 15 19 26 0
15 0 19 26 0
0 15 26 19 0
15 0 26 19 0
0 15 20 25 0
15 0 20 25 0
0 15 25 20 0
15 0 25 20 0
0 15 21 24 0
15 0 21 24 0
0 15 24 21 0
15 0 24 21 0
0 15 22 23 0
15 0 22 23 0
0 15 23 22 0
15 0 23 22 0
1 14 15 30 0
14 1 15 30 0
1 14 30 15 0
14 1 30 15 0
1 14 16 29 0
14 1 16 29 0
1 14 29 16 0
14 1 29 16 0
1 14 17 28 0
14 1 17 28 0
1 14 28 17 0
14 1 28 17 0
1 14 18 27 0
14 1 18 27 0
1 14 27 18 0
14 1 27 18 0
1 14 19 26 1
14 1 19 26 1
1 14 26 19 1
14 1 26 19 1
1 14 20 25 2
14 1 20 25 2
1 14 25 20 2
14 1 25 20 2
1 14 21 24 2
14 1 21 24 2
1 14 24 21 2
14 1 24 21 2
1 14 22 23 2
14 1 22 23 2
1 14 23 22 2
14 1 23 22 2
2 13 15 30 1
13 2 15 30 1
2 13 30 15 1
13 2 30 15 1
2 13 16 29 2
13 2 16 29 2
2 13 29 16 2
13 2 29 16 2
2 13 17 28 4
13 2 17 28 4
2 13 28 17 4
13 2 28 17 4
2 13 18 27 6
13 2 18 27 6
2 13 27 18 6
13 2 27 18 6
2 13 19 26 11
13 2 19 26 11
2 13 26 19 11
13 2 26 19 11
2 13 20 25 16
13 2 20 25 16
2 13 25 20 16
13 2 25 20 16
2 13 21 24 19
13 2 21 24 19
2 13 24 21 19
13 2 24 21 19
2 13 22 23 20
13 2 22 23 20
2 13 23 22 20
13 2 23 22 20
3 12 15 30 5
12 3 15 30 5
3 12 30 15 5
12 3 30 15 5
3 12 16 29 11
12 3 16 29 11
3 12 29 16 11
12 3 29 16 11
3 12 17 28 20
12 3 17 28 20
3 12 28 17 20
12 3 28 17 20
3 12 18 27 31
12 3 18 27 31
3 12 27 18 31
12 3 27 18 31
3 12 19 26 46
12 3 19 26 46
3 12 26 19 46
12 3 26 19 46
3 12 20 25 61
12 3 20 25 61
3 12 25 20 61
12 3 25 20 61
3 12 21 24 72
12 3 21 24 72
3 12 24 21 72
12 3 24 21 72
3 12 22 23 77
12 3 22 23 77
3 12 23 22 77
12 3 23 22 77
1 14 10 35 0
14 1 10 35 0
1 14 35 10 0
14 1 35 10 0
1 14 11 34 0
14 1 11 34 0
1 14 34 11 0
14 1 34 11 0
1 14 12 33 0
14 1 12 33 0
1 14 33 12 0
14 1 33 12 0
1 14 13 32 0
14 1 13 32 0
1 14 32 13 0
14 1 32 13 0
1 14 14 31 0
14 1 14 31 0
1 14 31 14 0
14 1 31 14 0
2 13 10 35 0
13 2 10 35 0
2 13 35 10 0
13 2 35 10 0
2 13 11 34 0
13 2 11 34 0
2 13 34 11 0
13 2 34 11 0
2 13 12 33 0
13 2 12 33 0
2 13 33 12 0
13 2 33 12 0
2 13 13 32 0
13 2 13 32 0
2 13 32 13 0
13 2 32 13 0
2 13 14 31 0
13 2 14 31 0
2 13 31 14 0
13 2 31 14 0
3 12 10 35 0
12 3 10 35 0
3 12 35 10 0
12 3 35 10 0
3 12 11 34 0
12 3 11 34 0
3 12 34 11 0
12 3 34 11 0
3 12 12 33 0
12 3 12 33 0
3 12 33 12 0
12 3 33 12 0
3 12 13 32 0
12 3 13 32 0
3 12 32 13 0
12 3 32 13 0
3 12 14 31 1
12 3 14 31 1
3 12 31 14 1
12 3 31 14 1
4 11 10 35 0
11 4 10 35 0
4 11 35 10 0
11 4 35 10 0
4 11 11 34 1
11 4 11 34 1
4 11 34 11 1
11 4 34 11 1
4 11 12 33 3
11 4 12 33 3
4 11 33 12 3
11 4 33 12 3
4 11 13 32 7
11 4 13 32 7
4 11 32 13 7
11 4 32 13 7
4 11 14 31 14
11 4 14 31 14
4 11 31 14 14
11 4 31 14 14
4 11 15 30 28
11 4 15 30 28
4 11 30 15 28
11 4 30 15 28
4 11 16 29 48
11 4 16 29 48
4 11 29 16 48
11 4 29 16 48
4 11 17 28 76
11 4 17 28 76
4 11 28 17 76
11 4 28 17 76
4 11 18 27 108
11 4 18 27 108
4 11 27 18 108
11 4 27 18 108
4 11 19 26 146
11 4 19 26 146
4 11 26 19 146
11 4 26 19 146
4 11 20 25 181
11 4 20 25 181
4 11 25 20 181
11 4 25 20 181
4 11 21 24 208
11 4 21 24 208
4 11 24 21 208
11 4 24 21 208
4 11 22 23 222
11 4 22 23 222
4 11 23 22 222
11 4 23 22 222
5 10 10 35 0
10 5 10 35 0
5 10 35 10 0
10 5 35 10 0
5 10 11 34 2
10 5 11 34 2
5 10 34 11 2
10 5 34 11 2
5 10 12 33 7
10 5 12 33 7
5 10 33 12 7
10 5 33 12 7
5 10 13 32 18
10 5 13 32 18
5 10 32 13 18
10 5 32 13 18
5 10 14 31 36
10 5 14 31 36
5 10 31 14 36
10 5 31 14 36
5 10 15 30 67
10 5 15 30 67
5 10 30 15 67
10 5 30 15 67
5 10 16 29 110
10 5 16 29 110
5 10 29 16 110
10 5 29 16 110
5 10 17 28 167
10 5 17 28 167
5 10 28 17 167
10 5 28 17 167
5 10 18 27 231
10 5 18 27 231
5 10 27 18 231
10 5 27 18 231
5 10 19 26 301
10 5 19 26 301
5 10 26 19 301
10 5 26 19 301
5 10 20 25 365
10 5 20 25 365
5 10 25 20 365
10 5 25 20 365
5 10 21 24 414
10 5 21 24 414
5 10 24 21 414
10 5 24 21 414
5 10 22 23 440
10 5 22 23 440
5 10 23 22 440
10 5 23 22 440
2 13 7 38 0
13 2 7 38 0
2 13 38 7 0
13 2 38 7 0
2 13 8 37 0
13 2 8 37 0
2 13 37 8 0
13 2 37 8 0
2 13 9 36 0
13 2 9 36 0
2 13 36 9 0
13 2 36 9 0
3 12 7 38 0
12 3 7 38 0
3 12 38 7 0
12 3 38 7 0
3 12 8 37 0
12 3 8 37 0
3 12 37 8 0
12 3 37 8 0
3 12 9 36 0
12 3 9 36 0
3 12 36 9 0
12 3 36 9 0
4 11 7 38 0
11 4 7 38 0
4 11 38 7 0
11 4 38 7 0
4 11 8 37 0
11 4 8 37 0
4 11 37 8 0
11 4 37 8 0
4 11 9 36 0
11 4 9 36 0
4 11 36 9 0
11 4 36 9 0
5 10 7 38 0
10 5 7 38 0
5 10 38 7 0
10 5 38 7 0
5 10 8 37 0
10 5 8 37 0
5 10 37 8 0
10 5 37 8 0
5 10 9 36 0
10 5 9 36 0
5 10 36 9 0
10 5 36 9 0
3 12 6 39 0
12 3 6 39 0
3 12 39 6 0
12 3 39 6 0
4 11 6 39 0
11 4 6 39 0
4 11 39 6 0
11 4 39 6 0
5 10 6 39 0
10 5 6 39 0
5 10 39 6 0
10 5 39 6 0
6 9 6 39 0
9 6 6 39 0
6 9 39 6 0
9 6 39 6 0
6 9 7 38 0
9 6 7 38 0
6 9 38 7 0
9 6 38 7 0
6 9 8 37 0
9 6 8 37 0
6 9 37 8 0
9 6 37 8 0
6 9 9 36 1
9 6 9 36 1
6 9 36 9 1
9 6 36 9 1
6 9 10 35 2
9 6 10 35 2
6 9 35 10 2
9 6 35 10 2
6 9 11 34 7
9 6 11 34 7
6 9 34 11 7
9 6 34 11 7
6 9 12 33 17
9 6 12 33 17
6 9 33 12 17
9 6 33 12 17
6 9 13 32 37
9 6 13 32 37
6 9 32 13 37
9 6 32 13 37
6 9 14 31 69
9 6 14 31 69
6 9 31 14 69
9 6 31 14 69
6 9 15 30 121
9 6 15 30 121
6 9 30 15 121
9 6 30 15 121
6 9 16 29 190
9 6 16 29 190
6 9 29 16 190
9 6 29 16 190
6 9 17 28 279
9 6 17 28 279
6 9 28 17 279
9 6 28 17 279
6 9 18 27 378
9 6 18 27 378
6 9 27 18 378
9 6 27 18 378
6 9 19 26 483
9 6 19 26 483
6 9 26 19 483
9 6 26 19 483
6 9 20 25 578
9 6 20 25 578
6 9 25 20 578
9 6 25 20 578
6 9 21 24 651
9 6 21 24 651
6 9 24 21 651
9 6 24 21 651
6 9 22 23 689
9 6 22 23 689
6 9 23 22 689
9 6 23 22 689
7 8 7 38 0
8 7 7 38 0
7 8 38 7 0
8 7 38 7 0
7 8 8 37 0
8 7 8 37 0
7 8 37 8 0
8 7 37 8 0
7 8 9 36 1
8 7 9 36 1
7 8 36 9 1
8 7 36 9 1
7 8 10 35 3
8 7 10 35 3
7 8 35 10 3
8 7 35 10 3
7 8 11 34 10
8 7 11 34 10
7 8 34 11 10
8 7 34 11 10
7 8 12 33 23
8 7 12 33 23
7 8 33 12 23
8 7 33 12 23
7 8 13 32 49
8 7 13 32 49
7 8 32 13 49
8 7 32 13 49
7 8 14 31 90
8 7 14 31 90
7 8 31 14 90
8 7 31 14 90
7 8 15 30 155
8 7 15 30 155
7 8 30 15 155
8 7 30 15 155
7 8 16 29 241
8 7 16 29 241
7 8 29 16 241
8 7 29 16 241
7 8 17 28 350
8 7 17 28 350
7 8 28 17 350
8 7 28 17 350
7 8 18 27 471
8 7 18 27 471
7 8 27 18 471
8 7 27 18 471
7 8 19 26 599
8 7 19 26 599
7 8 26 19 599
8 7 26 19 599
7 8 20 25 714
8 7 20 25 714
7 8 25 20 714
8 7 25 20 714
7 8 21 24 801
8 7 21 24 801
7 8 24 21 801
8 7 24 21 801
7 8 22 23 847
8 7 22 23 847
7 8 23 22 847
8 7 23 22 847
4 11 4 41 0
11 4 4 41 0
4 11 41 4 0
11 4 41 4 0
4 11 5 40 0
11 4 5 40 0
4 11 40 5 0
11 4 40 5 0
5 10 4 41 0
10 5 4 41 0
5 10 41 4 0
10 5 41 4 0
5 10 5 40 0
10 5 5 40 0
5 10 40 5 0
10 5 40 5 0
6 9 4 41 0
9 6 4 41 0
6 9 41 4 0
9 6 41 4 0
6 9 5 40 0
9 6 5 40 0
6 9 40 5 0
9 6 40 5 0
7 8 4 41 0
8 7 4 41 0
7 8 41 4 0
8 7 41 4 0
7 8 5 40 0
8 7 5 40 0
7 8 40 5 0
8 7 40 5 0
7 8 6 39 0
8 7 6 39 0
7 8 39 6 0
8 7 39 6 0
6 9 3 42 0
9 6 3 42 0
6 9 42 3 0
9 6 42 3 0
7 8 3 42 0
8 7 3 42 0
7 8 42 3 0
8 7 42 3 0
