11 24 43 62 0
24 11 43 62 0
11 24 62 43 0
24 11 62 43 0
11 24 44 61 0
24 11 44 61 0
11 24 61 44 0
24 11 61 44 0
11 24 45 60 0
24 11 45 60 0
11 24 60 45 0
24 11 60 45 0
11 24 46 59 0
24 11 46 59 0
11 24 59 46 0
24 11 59 46 0
11 24 47 58 0
24 11 47 58 0
11 24 58 47 0
24 11 58 47 0
11 24 48 57 0
24 11 48 57 0
11 24 57 48 0
24 11 57 48 0
11 24 49 56 0
24 11 49 56 0
11 24 56 49 0
24 11 56 49 0
11 24 50 55 0
24 11 50 55 0
11 24 55 50 0
24 11 55 50 0
11 24 51 54 0
24 11 51 54 0
11 24 54 51 0
24 11 54 51 0
11 24 52 53 0
24 11 52 53 0
11 24 53 52 0
24 11 53 52 0
12 23 43 62 0
23 12 43 62 0
12 23 62 43 0
23 12 62 43 0
12 23 44 61 0
23 12 44 61 0
12 23 61 44 0
23 12 61 44 0
12 23 45 60 0
23 12 45 60 0
12 23 60 45 0
23 12 60 45 0
12 23 46 59 0
23 12 46 59 0
12 23 59 46 0
23 12 59 46 0
12 23 47 58 0
23 12 47 58 0
12 23 58 47 0
23 12 58 47 0
12 23 48 57 0
23 12 48 57 0
12 23 57 48 0
23 12 57 48 0
12 23 49 56 0
23 12 49 56 0
12 23 56 49 0
23 12 56 49 0
12 23 50 55 0
23 12 50 55 0
12 23 55 50 0
23 12 55 50 0
12 23 51 54 0
23 12 51 54 0
12 23 54 51 0
23 12 54 51 0
12 23 52 53 0
23 12 52 53 0
12 23 53 52 0
23 12 53 52 0
13 22 43 62 0
22 13 43 62 0
13 22 62 43 0
22 13 62 43 0
13 22 44 61 0
22 13 44 61 0
13 22 61 44 0
22 13 61 44 0
13 22 45 60 0
22 13 45 60 0
13 22 60 45 0
22 13 60 45 0
13 22 46 59 0
22 13 46 59 0
13 22 59 46 0
22 13 59 46 0
13 22 47 58 0
22 13 47 58 0
13 22 58 47 0
22 13 58 47 0
13 22 48 57 0
22 13 48 57 0
13 22 57 48 0
22 13 57 48 0
13 22 49 56 0
22 13 49 56 0
13 22 56 49 0
22 13 56 49 0
13 22 50 55 0
22 13 50 55 0
13 22 55 50 0
22 13 55 50 0
13 22 51 54 0
22 13 51 54 0
13 22 54 51 0
22 13 54 51 0
13 22 52 53 0
22 13 52 53 0
13 22 53 52 0
22 13 53 52 0
14 21 43 62 0
21 14 43 62 0
14 21 62 43 0
21 14 62 43 0
14 21 44 61 0
21 14 44 61 0
14 21 61 44 0
21 14 61 44 0
14 21 45 60 0
21 14 45 60 0
14 21 60 45 0
21 14 60 45 0
14 21 46 59 0
21 14 46 59 0
14 21 59 46 0
21 14 59 46 0
14 21 47 58 0
21 14 47 58 0
14 21 58 47 0
21 14 58 47 0
14 21 48 57 0
21 14 48 57 0
14 21 57 48 0
21 14 57 48 0
14 21 49 56 0
21 14 49 56 0
14 21 56 49 0
21 14 56 49 0
14 21 50 55 0
21 14 50 55 0
14 21 55 50 0
21 14 55 50 0
14 21 51 54 0
21 14 51 54 0
14 21 54 51 0
21 14 54 51 0
14 21 52 53 0
21 14 52 53 0
14 21 53 52 0
21 14 53 52 0
12 23 39 66 0
23 12 39 66 0
12 23 66 39 0
23 12 66 39 0
12 23 40 65 0
23 12 40 65 0
12 23 65 40 0
23 12 65 40 0
12 23 41 64 0
23 12 41 64 0
12 23 64 41 0
23 12 64 41 0
12 23 42 63 0
23 12 42 63 0
12 23 63 42 0
23 12 63 42 0
13 22 39 66 0
22 13 39 66 0
13 22 66 39 0
22 13 66 39 0
13 22 40 65 0
22 13 40 65 0
13 22 65 40 0
22 13 65 40 0
13 22 41 64 0
22 13 41 64 0
13 22 64 41 0
22 13 64 41 0
13 22 42 63 0
22 13 42 63 0
13 22 63 42 0
22 13 63 42 0
14 21 39 66 0
21 14 39 66 0
14 21 66 39 0
21 14 66 39 0
14 21 40 65 0
21 14 40 65 0
14 21 65 40 0
21 14 65 40 0
14 21 41 64 0
21 14 41 64 0
14 21 64 41 0
21 14 64 41 0
14 21 42 63 0
21 14 42 63 0
14 21 63 42 0
21 14 63 42 0
15 20 39 66 0
20 15 39 66 0
15 20 66 39 0
20 15 66 39 0
15 20 40 65 0
20 15 40 65 0
15 20 65 40 0
20 15 65 40 0
15 20 41 64 0
20 15 41 64 0
15 20 64 41 0
20 15 64 41 0
15 20 42 63 0
20 15 42 63 0
15 20 63 42 0
20 15 63 42 0
15 20 43 62 0
20 15 43 62 0
15 20 62 43 0
20 15 62 43 0
15 20 44 61 0
20 15 44 61 0
15 20 61 44 0
20 15 61 44 0
15 20 45 60 0
20 15 45 60 0
15 20 60 45 0
20 15 60 45 0
15 20 46 59 1
20 15 46 59 1
15 20 59 46 1
20 15 59 46 1
15 20 47 58 2
20 15 47 58 2
15 20 58 47 2
20 15 58 47 2
15 20 48 57 4
20 15 48 57 4
15 20 57 48 4
20 15 57 48 4
15 20 49 56 6
20 15 49 56 6
15 20 56 49 6
20 15 56 49 6
15 20 50 55 9
20 15 50 55 9
15 20 55 50 9
20 15 55 50 9
15 20 51 54 11
20 15 51 54 11
15 20 54 51 11
20 15 54 51 11
15 20 52 53 12
20 15 52 53 12
15 20 53 52 12
20 15 53 52 12
13 22 37 68 0
22 13 37 68 0
13 22 68 37 0
22 13 68 37 0
13 22 38 67 0
22 13 38 67 0
13 22 67 38 0
22 13 67 38 0
14 21 37 68 0
21 14 37 68 0
14 21 68 37 0
21 14 68 37 0
14 21 38 67 0
21 14 38 67 0
14 21 67 38 0
21 14 67 38 0
15 20 37 68 0
20 15 37 68 0
15 20 68 37 0
20 15 68 37 0
15 20 38 67 0
20 15 38 67 0
15 20 67 38 0
20 15 67 38 0
16 19 37 68 0
19 16 37 68 0
16 19 68 37 0
19 16 68 37 0
16 19 38 67 0
19 16 38 67 0
16 19 67 38 0
19 16 67 38 0
16 19 39 66 0
19 16 39 66 0
16 19 66 39 0
19 16 66 39 0
16 19 40 65 0
19 16 40 65 0
16 19 65 40 0
19 16 65 40 0
16 19 41 64 0
19 16 41 64 0
16 19 64 41 0
19 16 64 41 0
16 19 42 63 0
19 16 42 63 0
16 19 63 42 0
19 16 63 42 0
16 19 43 62 0
19 16 43 62 0
16 19 62 43 0
19 16 62 43 0
16 19 44 61 1
19 16 44 61 1
16 19 61 44 1
19 16 61 44 1
16 19 45 60 3
19 16 45 60 3
16 19 60 45 3
19 16 60 45 3
16 19 46 59 7
19 16 46 59 7
16 19 59 46 7
19 16 59 46 7
16 19 47 58 12
19 16 47 58 12
16 19 58 47 12
19 16 58 47 12
16 19 48 57 19
19 16 48 57 19
16 19 57 48 19
19 16 57 48 19
16 19 49 56 27
19 16 49 56 27
16 19 56 49 27
19 16 56 49 27
16 19 50 55 36
19 16 50 55 36
16 19 55 50 36
19 16 55 50 36
16 19 51 54 42
19 16 51 54 42
16 19 54 51 42
19 16 54 51 42
16 19 52 53 45
19 16 52 53 45
16 19 53 52 45
19 16 53 52 45
17 18 37 68 0
18 17 37 68 0
17 18 68 37 0
18 17 68 37 0
17 18 38 67 0
18 17 38 67 0
17 18 67 38 0
18 17 67 38 0
17 18 39 66 0
18 17 39 66 0
17 18 66 39 0
18 17 66 39 0
17 18 40 65 0
18 17 40 65 0
17 18 65 40 0
18 17 65 40 0
17 18 41 64 0
18 17 41 64 0
17 18 64 41 0
18 17 64 41 0
17 18 42 63 0
18 17 42 63 0
17 18 63 42 0
18 17 63 42 0
17 18 43 62 0
18 17 43 62 0
17 18 62 43 0
18 17 62 43 0
17 18 44 61 2
18 17 44 61 2
17 18 61 44 2
18 17 61 44 2
17 18 45 60 6
18 17 45 60 6
17 18 60 45 6
18 17 60 45 6
17 18 46 59 13
18 17 46 59 13
17 18 59 46 13
18 17 59 46 13
17 18 47 58 22
18 17 47 58 22
17 18 58 47 22
18 17 58 47 22
17 18 48 57 34
18 17 48 57 34
17 18 57 48 34
18 17 57 48 34
17 18 49 56 48
18 17 49 56 48
17 18 56 49 48
18 17 56 49 48
17 18 50 55 63
18 17 50 55 63
17 18 55 50 63
18 17 55 50 63
17 18 51 54 73
18 17 51 54 73
17 18 54 51 73
18 17 54 51 73
17 18 52 53 78
18 17 52 53 78
17 18 53 52 78
18 17 53 52 78
14 21 36 69 0
21 14 36 69 0
14 21 69 36 0
21 14 69 36 0
15 20 36 69 0
20 15 36 69 0
15 20 69 36 0
20 15 69 36 0
16 19 36 69 0
19 16 36 69 0
16 19 69 36 0
19 16 69 36 0
17 18 36 69 0
18 17 36 69 0
17 18 69 36 0
18 17 69 36 0
15 20 35 70 0
20 15 35 70 0
15 20 70 35 0
20 15 70 35 0
16 19 35 70 0
19 16 35 70 0
16 19 70 35 0
19 16 70 35 0
17 18 35 70 0
18 17 35 70 0
17 18 70 35 0
18 17 70 35 0
