0 15 21 24 0
15 0 21 24 0
0 15 24 21 0
15 0 24 21 0
0 15 22 23 0
15 0 22 23 0
0 15 23 22 0
15 0 23 22 0
1 14 21 24 0
14 1 21 24 0
1 14 24 21 0
14 1 24 21 0
1 14 22 23 0
14 1 22 23 0
1 14 23 22 0
14 1 23 22 0
1 14 15 30 0
14 1 15 30 0
1 14 30 15 0
14 1 30 15 0
1 14 16 29 0
14 1 16 29 0
1 14 29 16 0
14 1 29 16 0
1 14 17 28 0
14 1 17 28 0
1 14 28 17 0
14 1 28 17 0
1 14 18 27 0
14 1 18 27 0
1 14 27 18 0
14 1 27 18 0
2 13 15 30 0
13 2 15 30 0
2 13 30 15 0
13 2 30 15 0
2 13 16 29 0
13 2 16 29 0
2 13 29 16 0
13 2 29 16 0
2 13 17 28 0
13 2 17 28 0
2 13 28 17 0
13 2 28 17 0
2 13 18 27 0
13 2 18 27 0
2 13 27 18 0
13 2 27 18 0
1 14 19 26 0
14 1 19 26 0
1 14 26 19 0
14 1 26 19 0
2 13 19 26 0
13 2 19 26 0
2 13 26 19 0
13 2 26 19 0
1 14 20 25 0
14 1 20 25 0
1 14 25 20 0
14 1 25 20 0
2 13 20 25 0
13 2 20 25 0
2 13 25 20 0
13 2 25 20 0
2 13 21 24 0
13 2 21 24 0
2 13 24 21 0
13 2 24 21 0
2 13 22 23 0
13 2 22 23 0
2 13 23 22 0
13 2 23 22 0
3 12 15 30 0
12 3 15 30 0
3 12 30 15 0
12 3 30 15 0
3 12 16 29 0
12 3 16 29 0
3 12 29 16 0
12 3 29 16 0
3 12 17 28 0
12 3 17 28 0
3 12 28 17 0
12 3 28 17 0
3 12 18 27 0
12 3 18 27 0
3 12 27 18 0
12 3 27 18 0
3 12 19 26 0
12 3 19 26 0
3 12 26 19 0
12 3 26 19 0
3 12 20 25 0
12 3 20 25 0
3 12 25 20 0
12 3 25 20 0
3 12 21 24 0
12 3 21 24 0
3 12 24 21 0
12 3 24 21 0
3 12 22 23 0
12 3 22 23 0
3 12 23 22 0
12 3 23 22 0
2 13 11 34 0
13 2 11 34 0
2 13 34 11 0
13 2 34 11 0
2 13 12 33 0
13 2 12 33 0
2 13 33 12 0
13 2 33 12 0
2 13 13 32 0
13 2 13 32 0
2 13 32 13 0
13 2 32 13 0
2 13 14 31 0
13 2 14 31 0
2 13 31 14 0
13 2 31 14 0
3 12 11 34 0
12 3 11 34 0
3 12 34 11 0
12 3 34 11 0
3 12 12 33 0
12 3 12 33 0
3 12 33 12 0
12 3 33 12 0
3 12 13 32 0
12 3 13 32 0
3 12 32 13 0
12 3 32 13 0
3 12 14 31 0
12 3 14 31 0
3 12 31 14 0
12 3 31 14 0
3 12 10 35 0
12 3 10 35 0
3 12 35 10 0
12 3 35 10 0
4 11 10 35 0
11 4 10 35 0
4 11 35 10 0
11 4 35 10 0
4 11 11 34 0
11 4 11 34 0
4 11 34 11 0
11 4 34 11 0
4 11 12 33 1
11 4 12 33 1
4 11 33 12 1
11 4 33 12 1
4 11 13 32 1
11 4 13 32 1
4 11 32 13 1
11 4 32 13 1
4 11 14 31 2
11 4 14 31 2
4 11 31 14 2
11 4 31 14 2
4 11 15 30 3
11 4 15 30 3
4 11 30 15 3
11 4 30 15 3
4 11 16 29 4
11 4 16 29 4
4 11 29 16 4
11 4 29 16 4
4 11 17 28 5
11 4 17 28 5
4 11 28 17 5
11 4 28 17 5
4 11 18 27 7
11 4 18 27 7
4 11 27 18 7
11 4 27 18 7
4 11 19 26 8
11 4 19 26 8
4 11 26 19 8
11 4 26 19 8
4 11 20 25 9
11 4 20 25 9
4 11 25 20 9
11 4 25 20 9
4 11 21 24 10
11 4 21 24 10
4 11 24 21 10
11 4 24 21 10
4 11 22 23 10
11 4 22 23 10
4 11 23 22 10
11 4 23 22 10
5 10 11 34 0
10 5 11 34 0
5 10 34 11 0
10 5 34 11 0
5 10 12 33 1
10 5 12 33 1
5 10 33 12 1
10 5 33 12 1
5 10 13 32 2
10 5 13 32 2
5 10 32 13 2
10 5 32 13 2
5 10 14 31 4
10 5 14 31 4
5 10 31 14 4
10 5 31 14 4
5 10 15 30 7
10 5 15 30 7
5 10 30 15 7
10 5 30 15 7
5 10 16 29 10
10 5 16 29 10
5 10 29 16 10
10 5 29 16 10
5 10 17 28 14
10 5 17 28 14
5 10 28 17 14
10 5 28 17 14
5 10 18 27 19
10 5 18 27 19
5 10 27 18 19
10 5 27 18 19
5 10 19 26 23
10 5 19 26 23
5 10 26 19 23
10 5 26 19 23
5 10 20 25 27
10 5 20 25 27
5 10 25 20 27
10 5 25 20 27
5 10 21 24 30
10 5 21 24 30
5 10 24 21 30
10 5 24 21 30
5 10 22 23 31
10 5 22 23 31
5 10 23 22 31
10 5 23 22 31
3 12 9 36 0
12 3 9 36 0
3 12 36 9 0
12 3 36 9 0
4 11 9 36 0
11 4 9 36 0
4 11 36 9 0
11 4 36 9 0
4 11 7 38 0
11 4 7 38 0
4 11 38 7 0
11 4 38 7 0
4 11 8 37 0
11 4 8 37 0
4 11 37 8 0
11 4 37 8 0
5 10 7 38 0
10 5 7 38 0
5 10 38 7 0
10 5 38 7 0
5 10 8 37 0
10 5 8 37 0
5 10 37 8 0
10 5 37 8 0
5 10 9 36 0
10 5 9 36 0
5 10 36 9 0
10 5 36 9 0
5 10 10 35 0
10 5 10 35 0
5 10 35 10 0
10 5 35 10 0
6 9 7 38 0
9 6 7 38 0
6 9 38 7 0
9 6 38 7 0
6 9 8 37 0
9 6 8 37 0
6 9 37 8 0
9 6 37 8 0
6 9 9 36 0
9 6 9 36 0
6 9 36 9 0
9 6 36 9 0
6 9 10 35 0
9 6 10 35 0
6 9 35 10 0
9 6 35 10 0
6 9 11 34 0
9 6 11 34 0
6 9 34 11 0
9 6 34 11 0
6 9 12 33 1
9 6 12 33 1
6 9 33 12 1
9 6 33 12 1
6 9 13 32 2
9 6 13 32 2
6 9 32 13 2
9 6 32 13 2
6 9 14 31 5
9 6 14 31 5
6 9 31 14 5
9 6 31 14 5
6 9 15 30 9
9 6 15 30 9
6 9 30 15 9
9 6 30 15 9
6 9 16 29 15
9 6 16 29 15
6 9 29 16 15
9 6 29 16 15
6 9 17 28 22
9 6 17 28 22
6 9 28 17 22
9 6 28 17 22
6 9 18 27 31
9 6 18 27 31
6 9 27 18 31
9 6 27 18 31
6 9 19 26 39
9 6 19 26 39
6 9 26 19 39
9 6 26 19 39
6 9 20 25 47
9 6 20 25 47
6 9 25 20 47
9 6 25 20 47
6 9 21 24 53
9 6 21 24 53
6 9 24 21 53
9 6 24 21 53
6 9 22 23 56
9 6 22 23 56
6 9 23 22 56
9 6 23 22 56
7 8 9 36 0
8 7 9 36 0
7 8 36 9 0
8 7 36 9 0
7 8 10 35 0
8 7 10 35 0
7 8 35 10 0
8 7 35 10 0
7 8 11 34 0
8 7 11 34 0
7 8 34 11 0
8 7 34 11 0
7 8 12 33 1
8 7 12 33 1
7 8 33 12 1
8 7 33 12 1
7 8 13 32 2
8 7 13 32 2
7 8 32 13 2
8 7 32 13 2
7 8 14 31 5
8 7 14 31 5
7 8 31 14 5
8 7 31 14 5
7 8 15 30 10
8 7 15 30 10
7 8 30 15 10
8 7 30 15 10
7 8 16 29 17
8 7 16 29 17
7 8 29 16 17
8 7 29 16 17
7 8 17 28 26
8 7 17 28 26
7 8 28 17 26
8 7 28 17 26
7 8 18 27 38
8 7 18 27 38
7 8 27 18 38
8 7 27 18 38
7 8 19 26 49
8 7 19 26 49
7 8 26 19 49
8 7 26 19 49
7 8 20 25 60
8 7 20 25 60
7 8 25 20 60
8 7 25 20 60
7 8 21 24 69
8 7 21 24 69
7 8 24 21 69
8 7 24 21 69
7 8 22 23 73
8 7 22 23 73
7 8 23 22 73
8 7 23 22 73
5 10 6 39 0
10 5 6 39 0
5 10 39 6 0
10 5 39 6 0
6 9 6 39 0
9 6 6 39 0
6 9 39 6 0
9 6 39 6 0
6 9 5 40 0
9 6 5 40 0
6 9 40 5 0
9 6 40 5 0
7 8 5 40 0
8 7 5 40 0
7 8 40 5 0
8 7 40 5 0
7 8 6 39 0
8 7 6 39 0
7 8 39 6 0
8 7 39 6 0
7 8 7 38 0
8 7 7 38 0
7 8 38 7 0
8 7 38 7 0
7 8 8 37 0
8 7 8 37 0
7 8 37 8 0
8 7 37 8 0
