15 24 48 69 0
24 15 48 69 0
15 24 69 48 0
24 15 69 48 0
15 24 49 68 0
24 15 49 68 0
15 24 68 49 0
24 15 68 49 0
15 24 50 67 0
24 15 50 67 0
15 24 67 50 0
24 15 67 50 0
15 24 51 66 0
24 15 51 66 0
15 24 66 51 0
24 15 66 51 0
15 24 52 65 0
24 15 52 65 0
15 24 65 52 0
24 15 65 52 0
15 24 53 64 0
24 15 53 64 0
15 24 64 53 0
24 15 64 53 0
15 24 54 63 0
24 15 54 63 0
15 24 63 54 0
24 15 63 54 0
15 24 55 62 0
24 15 55 62 0
15 24 62 55 0
24 15 62 55 0
15 24 56 61 0
24 15 56 61 0
15 24 61 56 0
24 15 61 56 0
15 24 57 60 0
24 15 57 60 0
15 24 60 57 0
24 15 60 57 0
16 23 48 69 0
23 16 48 69 0
16 23 69 48 0
23 16 69 48 0
16 23 49 68 0
23 16 49 68 0
16 23 68 49 0
23 16 68 49 0
16 23 50 67 0
23 16 50 67 0
16 23 67 50 0
23 16 67 50 0
16 23 51 66 0
23 16 51 66 0
16 23 66 51 0
23 16 66 51 0
16 23 52 65 0
23 16 52 65 0
16 23 65 52 0
23 16 65 52 0
16 23 53 64 0
23 16 53 64 0
16 23 64 53 0
23 16 64 53 0
16 23 54 63 0
23 16 54 63 0
16 23 63 54 0
23 16 63 54 0
16 23 55 62 0
23 16 55 62 0
16 23 62 55 0
23 16 62 55 0
16 23 56 61 0
23 16 56 61 0
16 23 61 56 0
23 16 61 56 0
16 23 57 60 0
23 16 57 60 0
16 23 60 57 0
23 16 60 57 0
17 22 48 69 0
22 17 48 69 0
17 22 69 48 0
22 17 69 48 0
17 22 49 68 0
22 17 49 68 0
17 22 68 49 0
22 17 68 49 0
17 22 50 67 0
22 17 50 67 0
17 22 67 50 0
22 17 67 50 0
17 22 51 66 0
22 17 51 66 0
17 22 66 51 0
22 17 66 51 0
17 22 52 65 0
22 17 52 65 0
17 22 65 52 0
22 17 65 52 0
17 22 53 64 0
22 17 53 64 0
17 22 64 53 0
22 17 64 53 0
17 22 54 63 0
22 17 54 63 0
17 22 63 54 0
22 17 63 54 0
17 22 55 62 0
22 17 55 62 0
17 22 62 55 0
22 17 62 55 0
17 22 56 61 0
22 17 56 61 0
17 22 61 56 0
22 17 61 56 0
17 22 57 60 0
22 17 57 60 0
17 22 60 57 0
22 17 60 57 0
18 21 48 69 0
21 18 48 69 0
18 21 69 48 0
21 18 69 48 0
18 21 49 68 0
21 18 49 68 0
18 21 68 49 0
21 18 68 49 0
18 21 50 67 0
21 18 50 67 0
18 21 67 50 0
21 18 67 50 0
18 21 51 66 0
21 18 51 66 0
18 21 66 51 0
21 18 66 51 0
18 21 52 65 0
21 18 52 65 0
18 21 65 52 0
21 18 65 52 0
18 21 53 64 0
21 18 53 64 0
18 21 64 53 0
21 18 64 53 0
18 21 54 63 0
21 18 54 63 0
18 21 63 54 0
21 18 63 54 0
18 21 55 62 0
21 18 55 62 0
18 21 62 55 0
21 18 62 55 0
18 21 56 61 0
21 18 56 61 0
18 21 61 56 0
21 18 61 56 0
18 21 57 60 0
21 18 57 60 0
18 21 60 57 0
21 18 60 57 0
15 24 58 59 0
24 15 58 59 0
15 24 59 58 0
24 15 59 58 0
16 23 58 59 0
23 16 58 59 0
16 23 59 58 0
23 16 59 58 0
17 22 58 59 0
22 17 58 59 0
17 22 59 58 0
22 17 59 58 0
18 21 58 59 0
21 18 58 59 0
18 21 59 58 0
21 18 59 58 0
16 23 46 71 0
23 16 46 71 0
16 23 71 46 0
23 16 71 46 0
16 23 47 70 0
23 16 47 70 0
16 23 70 47 0
23 16 70 47 0
17 22 46 71 0
22 17 46 71 0
17 22 71 46 0
22 17 71 46 0
17 22 47 70 0
22 17 47 70 0
17 22 70 47 0
22 17 70 47 0
18 21 46 71 0
21 18 46 71 0
18 21 71 46 0
21 18 71 46 0
18 21 47 70 0
21 18 47 70 0
18 21 70 47 0
21 18 70 47 0
19 20 46 71 0
20 19 46 71 0
19 20 71 46 0
20 19 71 46 0
19 20 47 70 0
20 19 47 70 0
19 20 70 47 0
20 19 70 47 0
19 20 48 69 0
20 19 48 69 0
19 20 69 48 0
20 19 69 48 0
19 20 49 68 0
20 19 49 68 0
19 20 68 49 0
20 19 68 49 0
19 20 50 67 0
20 19 50 67 0
19 20 67 50 0
20 19 67 50 0
19 20 51 66 0
20 19 51 66 0
19 20 66 51 0
20 19 66 51 0
19 20 52 65 0
20 19 52 65 0
19 20 65 52 0
20 19 65 52 0
19 20 53 64 0
20 19 53 64 0
19 20 64 53 0
20 19 64 53 0
19 20 54 63 0
20 19 54 63 0
19 20 63 54 0
20 19 63 54 0
19 20 55 62 1
20 19 55 62 1
19 20 62 55 1
20 19 62 55 1
19 20 56 61 1
20 19 56 61 1
19 20 61 56 1
20 19 61 56 1
19 20 57 60 1
20 19 57 60 1
19 20 60 57 1
20 19 60 57 1
19 20 58 59 1
20 19 58 59 1
19 20 59 58 1
20 19 59 58 1
18 21 45 72 0
21 18 45 72 0
18 21 72 45 0
21 18 72 45 0
19 20 45 72 0
20 19 45 72 0
19 20 72 45 0
20 19 72 45 0
