0 5 1 14 0
5 0 1 14 0
0 5 14 1 0
5 0 14 1 0
0 5 2 13 0
5 0 2 13 0
0 5 13 2 0
5 0 13 2 0
0 5 3 12 1
5 0 3 12 1
0 5 12 3 1
5 0 12 3 1
0 5 4 11 2
5 0 4 11 2
0 5 11 4 2
5 0 11 4 2
1 4 1 14 1
4 1 1 14 1
1 4 14 1 1
4 1 14 1 1
1 4 2 13 3
4 1 2 13 3
1 4 13 2 3
4 1 13 2 3
1 4 3 12 7
4 1 3 12 7
1 4 12 3 7
4 1 12 3 7
1 4 4 11 11
4 1 4 11 11
1 4 11 4 11
4 1 11 4 11
0 5 5 10 3
5 0 5 10 3
0 5 10 5 3
5 0 10 5 3
1 4 5 10 15
4 1 5 10 15
1 4 10 5 15
4 1 10 5 15
0 5 6 9 4
5 0 6 9 4
0 5 9 6 4
5 0 9 6 4
1 4 6 9 19
4 1 6 9 19
1 4 9 6 19
4 1 9 6 19
0 5 7 8 5
5 0 7 8 5
0 5 8 7 5
5 0 8 7 5
1 4 7 8 22
4 1 7 8 22
1 4 8 7 22
4 1 8 7 22
1 4 0 15 0
4 1 0 15 0
1 4 15 0 0
4 1 15 0 0
2 3 0 15 0
3 2 0 15 0
2 3 15 0 0
3 2 15 0 0
2 3 1 14 2
3 2 1 14 2
2 3 14 1 2
3 2 14 1 2
2 3 2 13 6
3 2 2 13 6
2 3 13 2 6
3 2 13 2 6
2 3 3 12 13
3 2 3 12 13
2 3 12 3 13
3 2 12 3 13
2 3 4 11 20
3 2 4 11 20
2 3 11 4 20
3 2 11 4 20
2 3 5 10 27
3 2 5 10 27
2 3 10 5 27
3 2 10 5 27
2 3 6 9 34
3 2 6 9 34
2 3 9 6 34
3 2 9 6 34
2 3 7 8 39
3 2 7 8 39
2 3 8 7 39
3 2 8 7 39
