0 13 15 24 0
13 0 15 24 0
0 13 24 15 0
13 0 24 15 0
0 13 16 23 0
13 0 16 23 0
0 13 23 16 0
13 0 23 16 0
0 13 17 22 0
13 0 17 22 0
0 13 22 17 0
13 0 22 17 0
0 13 18 21 0
13 0 18 21 0
0 13 21 18 0
13 0 21 18 0
1 12 15 24 0
12 1 15 24 0
1 12 24 15 0
12 1 24 15 0
1 12 16 23 0
12 1 16 23 0
1 12 23 16 0
12 1 23 16 0
1 12 17 22 0
12 1 17 22 0
1 12 22 17 0
12 1 22 17 0
1 12 18 21 0
12 1 18 21 0
1 12 21 18 0
12 1 21 18 0
0 13 19 20 0
13 0 19 20 0
0 13 20 19 0
13 0 20 19 0
1 12 19 20 0
12 1 19 20 0
1 12 20 19 0
12 1 20 19 0
1 12 10 29 0
12 1 10 29 0
1 12 29 10 0
12 1 29 10 0
1 12 11 28 0
12 1 11 28 0
1 12 28 11 0
12 1 28 11 0
1 12 12 27 0
12 1 12 27 0
1 12 27 12 0
12 1 27 12 0
1 12 13 26 0
12 1 13 26 0
1 12 26 13 0
12 1 26 13 0
2 11 10 29 0
11 2 10 29 0
2 11 29 10 0
11 2 29 10 0
2 11 11 28 0
11 2 11 28 0
2 11 28 11 0
11 2 28 11 0
2 11 12 27 0
11 2 12 27 0
2 11 27 12 0
11 2 27 12 0
2 11 13 26 0
11 2 13 26 0
2 11 26 13 0
11 2 26 13 0
1 12 14 25 0
12 1 14 25 0
1 12 25 14 0
12 1 25 14 0
2 11 14 25 0
11 2 14 25 0
2 11 25 14 0
11 2 25 14 0
2 11 15 24 0
11 2 15 24 0
2 11 24 15 0
11 2 24 15 0
2 11 16 23 0
11 2 16 23 0
2 11 23 16 0
11 2 23 16 0
2 11 17 22 0
11 2 17 22 0
2 11 22 17 0
11 2 22 17 0
2 11 18 21 0
11 2 18 21 0
2 11 21 18 0
11 2 21 18 0
2 11 19 20 0
11 2 19 20 0
2 11 20 19 0
11 2 20 19 0
3 10 10 29 2
10 3 10 29 2
3 10 29 10 2
10 3 29 10 2
3 10 11 28 4
10 3 11 28 4
3 10 28 11 4
10 3 28 11 4
3 10 12 27 7
10 3 12 27 7
3 10 27 12 7
10 3 27 12 7
3 10 13 26 10
10 3 13 26 10
3 10 26 13 10
10 3 26 13 10
3 10 14 25 14
10 3 14 25 14
3 10 25 14 14
10 3 25 14 14
3 10 15 24 19
10 3 15 24 19
3 10 24 15 19
10 3 24 15 19
3 10 16 23 23
10 3 16 23 23
3 10 23 16 23
10 3 23 16 23
3 10 17 22 27
10 3 17 22 27
3 10 22 17 27
10 3 22 17 27
3 10 18 21 30
10 3 18 21 30
3 10 21 18 30
10 3 21 18 30
3 10 19 20 31
10 3 19 20 31
3 10 20 19 31
10 3 20 19 31
2 11 7 32 0
11 2 7 32 0
2 11 32 7 0
11 2 32 7 0
2 11 8 31 0
11 2 8 31 0
2 11 31 8 0
11 2 31 8 0
2 11 9 30 0
11 2 9 30 0
2 11 30 9 0
11 2 30 9 0
3 10 7 32 0
10 3 7 32 0
3 10 32 7 0
10 3 32 7 0
3 10 8 31 0
10 3 8 31 0
3 10 31 8 0
10 3 31 8 0
3 10 9 30 1
10 3 9 30 1
3 10 30 9 1
10 3 30 9 1
3 10 6 33 0
10 3 6 33 0
3 10 33 6 0
10 3 33 6 0
4 9 6 33 0
9 4 6 33 0
4 9 33 6 0
9 4 33 6 0
4 9 7 32 0
9 4 7 32 0
4 9 32 7 0
9 4 32 7 0
4 9 8 31 0
9 4 8 31 0
4 9 31 8 0
9 4 31 8 0
4 9 9 30 2
9 4 9 30 2
4 9 30 9 2
9 4 30 9 2
4 9 10 29 5
9 4 10 29 5
4 9 29 10 5
9 4 29 10 5
4 9 11 28 11
9 4 11 28 11
4 9 28 11 11
9 4 28 11 11
4 9 12 27 20
9 4 12 27 20
4 9 27 12 20
9 4 27 12 20
4 9 13 26 32
9 4 13 26 32
4 9 26 13 32
9 4 26 13 32
4 9 14 25 47
9 4 14 25 47
4 9 25 14 47
9 4 25 14 47
4 9 15 24 65
9 4 15 24 65
4 9 24 15 65
9 4 24 15 65
4 9 16 23 82
9 4 16 23 82
4 9 23 16 82
9 4 23 16 82
4 9 17 22 98
9 4 17 22 98
4 9 22 17 98
9 4 22 17 98
4 9 18 21 110
9 4 18 21 110
4 9 21 18 110
9 4 21 18 110
4 9 19 20 116
9 4 19 20 116
4 9 20 19 116
9 4 20 19 116
5 8 7 32 1
8 5 7 32 1
5 8 32 7 1
8 5 32 7 1
5 8 8 31 2
8 5 8 31 2
5 8 31 8 2
8 5 31 8 2
5 8 9 30 6
8 5 9 30 6
5 8 30 9 6
8 5 30 9 6
5 8 10 29 13
8 5 10 29 13
5 8 29 10 13
8 5 29 10 13
5 8 11 28 26
8 5 11 28 26
5 8 28 11 26
8 5 28 11 26
5 8 12 27 45
8 5 12 27 45
5 8 27 12 45
8 5 27 12 45
5 8 13 26 72
8 5 13 26 72
5 8 26 13 72
8 5 26 13 72
5 8 14 25 105
8 5 14 25 105
5 8 25 14 105
8 5 25 14 105
5 8 15 24 144
8 5 15 24 144
5 8 24 15 144
8 5 24 15 144
5 8 16 23 183
8 5 16 23 183
5 8 23 16 183
8 5 23 16 183
5 8 17 22 219
8 5 17 22 219
5 8 22 17 219
8 5 22 17 219
5 8 18 21 246
8 5 18 21 246
5 8 21 18 246
8 5 21 18 246
5 8 19 20 261
8 5 19 20 261
5 8 20 19 261
8 5 20 19 261
4 9 4 35 0
9 4 4 35 0
4 9 35 4 0
9 4 35 4 0
4 9 5 34 0
9 4 5 34 0
4 9 34 5 0
9 4 34 5 0
5 8 4 35 0
8 5 4 35 0
5 8 35 4 0
8 5 35 4 0
5 8 5 34 0
8 5 5 34 0
5 8 34 5 0
8 5 34 5 0
5 8 6 33 0
8 5 6 33 0
5 8 33 6 0
8 5 33 6 0
6 7 4 35 0
7 6 4 35 0
6 7 35 4 0
7 6 35 4 0
6 7 5 34 0
7 6 5 34 0
6 7 34 5 0
7 6 34 5 0
6 7 6 33 0
7 6 6 33 0
6 7 33 6 0
7 6 33 6 0
6 7 7 32 1
7 6 7 32 1
6 7 32 7 1
7 6 32 7 1
6 7 8 31 3
7 6 8 31 3
6 7 31 8 3
7 6 31 8 3
6 7 9 30 9
7 6 9 30 9
6 7 30 9 9
7 6 30 9 9
6 7 10 29 19
7 6 10 29 19
6 7 29 10 19
7 6 29 10 19
6 7 11 28 38
7 6 11 28 38
6 7 28 11 38
7 6 28 11 38
6 7 12 27 66
7 6 12 27 66
6 7 27 12 66
7 6 27 12 66
6 7 13 26 105
7 6 13 26 105
6 7 26 13 105
7 6 26 13 105
6 7 14 25 153
7 6 14 25 153
6 7 25 14 153
7 6 25 14 153
6 7 15 24 210
7 6 15 24 210
6 7 24 15 210
7 6 24 15 210
6 7 16 23 266
7 6 16 23 266
6 7 23 16 266
7 6 23 16 266
6 7 17 22 318
7 6 17 22 318
6 7 22 17 318
7 6 22 17 318
6 7 18 21 358
7 6 18 21 358
6 7 21 18 358
7 6 21 18 358
6 7 19 20 379
7 6 19 20 379
6 7 20 19 379
7 6 20 19 379
6 7 3 36 0
7 6 3 36 0
6 7 36 3 0
7 6 36 3 0
