1 18 21 36 0
18 1 21 36 0
1 18 36 21 0
18 1 36 21 0
1 18 22 35 0
18 1 22 35 0
1 18 35 22 0
18 1 35 22 0
1 18 23 34 0
18 1 23 34 0
1 18 34 23 0
18 1 34 23 0
1 18 24 33 0
18 1 24 33 0
1 18 33 24 0
18 1 33 24 0
1 18 25 32 0
18 1 25 32 0
1 18 32 25 0
18 1 32 25 0
1 18 26 31 0
18 1 26 31 0
1 18 31 26 0
18 1 31 26 0
1 18 27 30 0
18 1 27 30 0
1 18 30 27 0
18 1 30 27 0
1 18 28 29 0
18 1 28 29 0
1 18 29 28 0
18 1 29 28 0
2 17 21 36 0
17 2 21 36 0
2 17 36 21 0
17 2 36 21 0
2 17 22 35 0
17 2 22 35 0
2 17 35 22 0
17 2 35 22 0
2 17 23 34 0
17 2 23 34 0
2 17 34 23 0
17 2 34 23 0
2 17 24 33 0
17 2 24 33 0
2 17 33 24 0
17 2 33 24 0
2 17 25 32 0
17 2 25 32 0
2 17 32 25 0
17 2 32 25 0
2 17 26 31 0
17 2 26 31 0
2 17 31 26 0
17 2 31 26 0
2 17 27 30 0
17 2 27 30 0
2 17 30 27 0
17 2 30 27 0
2 17 28 29 0
17 2 28 29 0
2 17 29 28 0
17 2 29 28 0
3 16 21 36 0
16 3 21 36 0
3 16 36 21 0
16 3 36 21 0
3 16 22 35 1
16 3 22 35 1
3 16 35 22 1
16 3 35 22 1
3 16 23 34 2
16 3 23 34 2
3 16 34 23 2
16 3 34 23 2
3 16 24 33 3
16 3 24 33 3
3 16 33 24 3
16 3 33 24 3
3 16 25 32 5
16 3 25 32 5
3 16 32 25 5
16 3 32 25 5
3 16 26 31 7
16 3 26 31 7
3 16 31 26 7
16 3 31 26 7
3 16 27 30 8
16 3 27 30 8
3 16 30 27 8
16 3 30 27 8
3 16 28 29 9
16 3 28 29 9
3 16 29 28 9
16 3 29 28 9
4 15 21 36 5
15 4 21 36 5
4 15 36 21 5
15 4 36 21 5
4 15 22 35 12
15 4 22 35 12
4 15 35 22 12
15 4 35 22 12
4 15 23 34 21
15 4 23 34 21
4 15 34 23 21
15 4 34 23 21
4 15 24 33 33
15 4 24 33 33
4 15 33 24 33
15 4 33 24 33
4 15 25 32 47
15 4 25 32 47
4 15 32 25 47
15 4 32 25 47
4 15 26 31 61
15 4 26 31 61
4 15 31 26 61
15 4 31 26 61
4 15 27 30 71
15 4 27 30 71
4 15 30 27 71
15 4 30 27 71
4 15 28 29 77
15 4 28 29 77
4 15 29 28 77
15 4 29 28 77
5 14 21 36 47
14 5 21 36 47
5 14 36 21 47
14 5 36 21 47
5 14 22 35 83
14 5 22 35 83
5 14 35 22 83
14 5 35 22 83
5 14 23 34 130
14 5 23 34 130
5 14 34 23 130
14 5 34 23 130
5 14 24 33 187
14 5 24 33 187
5 14 33 24 187
14 5 33 24 187
5 14 25 32 248
14 5 25 32 248
5 14 32 25 248
14 5 32 25 248
5 14 26 31 306
14 5 26 31 306
5 14 31 26 306
14 5 31 26 306
5 14 27 30 350
14 5 27 30 350
5 14 30 27 350
14 5 30 27 350
5 14 28 29 374
14 5 28 29 374
5 14 29 28 374
14 5 29 28 374
2 17 16 41 0
17 2 16 41 0
2 17 41 16 0
17 2 41 16 0
2 17 17 40 0
17 2 17 40 0
2 17 40 17 0
17 2 40 17 0
2 17 18 39 0
17 2 18 39 0
2 17 39 18 0
17 2 39 18 0
2 17 19 38 0
17 2 19 38 0
2 17 38 19 0
17 2 38 19 0
2 17 20 37 0
17 2 20 37 0
2 17 37 20 0
17 2 37 20 0
3 16 16 41 0
16 3 16 41 0
3 16 41 16 0
16 3 41 16 0
3 16 17 40 0
16 3 17 40 0
3 16 40 17 0
16 3 40 17 0
3 16 18 39 0
16 3 18 39 0
3 16 39 18 0
16 3 39 18 0
3 16 19 38 0
16 3 19 38 0
3 16 38 19 0
16 3 38 19 0
3 16 20 37 0
16 3 20 37 0
3 16 37 20 0
16 3 37 20 0
4 15 16 41 0
15 4 16 41 0
4 15 41 16 0
15 4 41 16 0
4 15 17 40 0
15 4 17 40 0
4 15 40 17 0
15 4 40 17 0
4 15 18 39 0
15 4 18 39 0
4 15 39 18 0
15 4 39 18 0
4 15 19 38 0
15 4 19 38 0
4 15 38 19 0
15 4 38 19 0
4 15 20 37 2
15 4 20 37 2
4 15 37 20 2
15 4 37 20 2
5 14 16 41 0
14 5 16 41 0
5 14 41 16 0
14 5 41 16 0
5 14 17 40 1
14 5 17 40 1
5 14 40 17 1
14 5 40 17 1
5 14 18 39 4
14 5 18 39 4
5 14 39 18 4
14 5 39 18 4
5 14 19 38 10
14 5 19 38 10
5 14 38 19 10
14 5 38 19 10
5 14 20 37 24
14 5 20 37 24
5 14 37 20 24
14 5 37 20 24
3 16 15 42 0
16 3 15 42 0
3 16 42 15 0
16 3 42 15 0
4 15 15 42 0
15 4 15 42 0
4 15 42 15 0
15 4 42 15 0
5 14 15 42 0
14 5 15 42 0
5 14 42 15 0
14 5 42 15 0
6 13 15 42 0
13 6 15 42 0
6 13 42 15 0
13 6 42 15 0
6 13 16 41 2
13 6 16 41 2
6 13 41 16 2
13 6 41 16 2
6 13 17 40 8
13 6 17 40 8
6 13 40 17 8
13 6 40 17 8
6 13 18 39 24
13 6 18 39 24
6 13 39 18 24
13 6 39 18 24
6 13 19 38 54
13 6 19 38 54
6 13 38 19 54
13 6 38 19 54
6 13 20 37 109
13 6 20 37 109
6 13 37 20 109
13 6 37 20 109
6 13 21 36 192
13 6 21 36 192
6 13 36 21 192
13 6 36 21 192
6 13 22 35 312
13 6 22 35 312
6 13 35 22 312
13 6 35 22 312
6 13 23 34 461
13 6 23 34 461
6 13 34 23 461
13 6 34 23 461
6 13 24 33 634
13 6 24 33 634
6 13 33 24 634
13 6 33 24 634
6 13 25 32 813
13 6 25 32 813
6 13 32 25 813
13 6 32 25 813
6 13 26 31 978
13 6 26 31 978
6 13 31 26 978
13 6 31 26 978
6 13 27 30 1102
13 6 27 30 1102
6 13 30 27 1102
13 6 30 27 1102
6 13 28 29 1171
13 6 28 29 1171
6 13 29 28 1171
13 6 29 28 1171
7 12 16 41 14
12 7 16 41 14
7 12 41 16 14
12 7 41 16 14
7 12 17 40 37
12 7 17 40 37
7 12 40 17 37
12 7 40 17 37
7 12 18 39 86
12 7 18 39 86
7 12 39 18 86
12 7 39 18 86
7 12 19 38 172
12 7 19 38 172
7 12 38 19 172
12 7 38 19 172
7 12 20 37 314
12 7 20 37 314
7 12 37 20 314
12 7 37 20 314
7 12 21 36 519
12 7 21 36 519
7 12 36 21 519
12 7 36 21 519
7 12 22 35 798
12 7 22 35 798
7 12 35 22 798
12 7 35 22 798
7 12 23 34 1137
12 7 23 34 1137
7 12 34 23 1137
12 7 34 23 1137
7 12 24 33 1518
12 7 24 33 1518
7 12 33 24 1518
12 7 33 24 1518
7 12 25 32 1904
12 7 25 32 1904
7 12 32 25 1904
12 7 32 25 1904
7 12 26 31 2253
12 7 26 31 2253
7 12 31 26 2253
12 7 31 26 2253
7 12 27 30 2515
12 7 27 30 2515
7 12 30 27 2515
12 7 30 27 2515
7 12 28 29 2658
12 7 28 29 2658
7 12 29 28 2658
12 7 29 28 2658
3 16 13 44 0
16 3 13 44 0
3 16 44 13 0
16 3 44 13 0
3 16 14 43 0
16 3 14 43 0
3 16 43 14 0
16 3 43 14 0
4 15 13 44 0
15 4 13 44 0
4 15 44 13 0
15 4 44 13 0
4 15 14 43 0
15 4 14 43 0
4 15 43 14 0
15 4 43 14 0
5 14 13 44 0
14 5 13 44 0
5 14 44 13 0
14 5 44 13 0
5 14 14 43 0
14 5 14 43 0
5 14 43 14 0
14 5 43 14 0
6 13 13 44 0
13 6 13 44 0
6 13 44 13 0
13 6 44 13 0
6 13 14 43 0
13 6 14 43 0
6 13 43 14 0
13 6 43 14 0
4 15 11 46 0
15 4 11 46 0
4 15 46 11 0
15 4 46 11 0
4 15 12 45 0
15 4 12 45 0
4 15 45 12 0
15 4 45 12 0
5 14 11 46 0
14 5 11 46 0
5 14 46 11 0
14 5 46 11 0
5 14 12 45 0
14 5 12 45 0
5 14 45 12 0
14 5 45 12 0
6 13 11 46 0
13 6 11 46 0
6 13 46 11 0
13 6 46 11 0
6 13 12 45 0
13 6 12 45 0
6 13 45 12 0
13 6 45 12 0
7 12 11 46 0
12 7 11 46 0
7 12 46 11 0
12 7 46 11 0
7 12 12 45 0
12 7 12 45 0
7 12 45 12 0
12 7 45 12 0
7 12 13 44 0
12 7 13 44 0
7 12 44 13 0
12 7 44 13 0
7 12 14 43 1
12 7 14 43 1
7 12 43 14 1
12 7 43 14 1
7 12 15 42 4
12 7 15 42 4
7 12 42 15 4
12 7 42 15 4
8 11 11 46 0
11 8 11 46 0
8 11 46 11 0
11 8 46 11 0
8 11 12 45 0
11 8 12 45 0
8 11 45 12 0
11 8 45 12 0
8 11 13 44 0
11 8 13 44 0
8 11 44 13 0
11 8 44 13 0
8 11 14 43 3
11 8 14 43 3
8 11 43 14 3
11 8 43 14 3
8 11 15 42 11
11 8 15 42 11
8 11 42 15 11
11 8 42 15 11
8 11 16 41 34
11 8 16 41 34
8 11 41 16 34
11 8 41 16 34
8 11 17 40 83
11 8 17 40 83
8 11 40 17 83
11 8 40 17 83
8 11 18 39 180
11 8 18 39 180
8 11 39 18 180
11 8 39 18 180
8 11 19 38 342
11 8 19 38 342
8 11 38 19 342
11 8 38 19 342
8 11 20 37 599
11 8 20 37 599
8 11 37 20 599
11 8 37 20 599
8 11 21 36 960
11 8 21 36 960
8 11 36 21 960
11 8 36 21 960
8 11 22 35 1437
11 8 22 35 1437
8 11 35 22 1437
11 8 35 22 1437
8 11 23 34 2007
11 8 23 34 2007
8 11 34 23 2007
11 8 34 23 2007
8 11 24 33 2639
11 8 24 33 2639
8 11 33 24 2639
11 8 33 24 2639
8 11 25 32 3270
11 8 25 32 3270
8 11 32 25 3270
11 8 32 25 3270
8 11 26 31 3836
11 8 26 31 3836
8 11 31 26 3836
11 8 31 26 3836
8 11 27 30 4260
11 8 27 30 4260
8 11 30 27 4260
11 8 30 27 4260
8 11 28 29 4489
11 8 28 29 4489
8 11 29 28 4489
11 8 29 28 4489
9 10 13 44 1
10 9 13 44 1
9 10 44 13 1
10 9 44 13 1
9 10 14 43 6
10 9 14 43 6
9 10 43 14 6
10 9 43 14 6
9 10 15 42 19
10 9 15 42 19
9 10 42 15 19
10 9 42 15 19
9 10 16 41 54
10 9 16 41 54
9 10 41 16 54
10 9 41 16 54
9 10 17 40 125
10 9 17 40 125
9 10 40 17 125
10 9 40 17 125
9 10 18 39 259
10 9 18 39 259
9 10 39 18 259
10 9 39 18 259
9 10 19 38 481
10 9 19 38 481
9 10 38 19 481
10 9 38 19 481
9 10 20 37 824
10 9 20 37 824
9 10 37 20 824
10 9 37 20 824
9 10 21 36 1300
10 9 21 36 1300
9 10 36 21 1300
10 9 36 21 1300
9 10 22 35 1922
10 9 22 35 1922
9 10 35 22 1922
10 9 35 22 1922
9 10 23 34 2658
10 9 23 34 2658
9 10 34 23 2658
10 9 34 23 2658
9 10 24 33 3467
10 9 24 33 3467
9 10 33 24 3467
10 9 33 24 3467
9 10 25 32 4273
10 9 25 32 4273
9 10 32 25 4273
10 9 32 25 4273
9 10 26 31 4991
10 9 26 31 4991
9 10 31 26 4991
10 9 31 26 4991
9 10 27 30 5527
10 9 27 30 5527
9 10 30 27 5527
10 9 30 27 5527
9 10 28 29 5817
10 9 28 29 5817
9 10 29 28 5817
10 9 29 28 5817
5 14 9 48 0
14 5 9 48 0
5 14 48 9 0
14 5 48 9 0
5 14 10 47 0
14 5 10 47 0
5 14 47 10 0
14 5 47 10 0
6 13 9 48 0
13 6 9 48 0
6 13 48 9 0
13 6 48 9 0
6 13 10 47 0
13 6 10 47 0
6 13 47 10 0
13 6 47 10 0
7 12 9 48 0
12 7 9 48 0
7 12 48 9 0
12 7 48 9 0
7 12 10 47 0
12 7 10 47 0
7 12 47 10 0
12 7 47 10 0
8 11 9 48 0
11 8 9 48 0
8 11 48 9 0
11 8 48 9 0
8 11 10 47 0
11 8 10 47 0
8 11 47 10 0
11 8 47 10 0
6 13 8 49 0
13 6 8 49 0
6 13 49 8 0
13 6 49 8 0
7 12 8 49 0
12 7 8 49 0
7 12 49 8 0
12 7 49 8 0
8 11 8 49 0
11 8 8 49 0
8 11 49 8 0
11 8 49 8 0
9 10 8 49 0
10 9 8 49 0
9 10 49 8 0
10 9 49 8 0
9 10 9 48 0
10 9 9 48 0
9 10 48 9 0
10 9 48 9 0
9 10 10 47 0
10 9 10 47 0
9 10 47 10 0
10 9 47 10 0
9 10 11 46 0
10 9 11 46 0
9 10 46 11 0
10 9 46 11 0
9 10 12 45 0
10 9 12 45 0
9 10 45 12 0
10 9 45 12 0
7 12 7 50 0
12 7 7 50 0
7 12 50 7 0
12 7 50 7 0
8 11 7 50 0
11 8 7 50 0
8 11 50 7 0
11 8 50 7 0
9 10 7 50 0
10 9 7 50 0
9 10 50 7 0
10 9 50 7 0
