3 20 24 45 0
20 3 24 45 0
3 20 45 24 0
20 3 45 24 0
3 20 25 44 0
20 3 25 44 0
3 20 44 25 0
20 3 44 25 0
3 20 26 43 0
20 3 26 43 0
3 20 43 26 0
20 3 43 26 0
3 20 27 42 0
20 3 27 42 0
3 20 42 27 0
20 3 42 27 0
3 20 28 41 0
20 3 28 41 0
3 20 41 28 0
20 3 41 28 0
3 20 29 40 0
20 3 29 40 0
3 20 40 29 0
20 3 40 29 0
3 20 30 39 0
20 3 30 39 0
3 20 39 30 0
20 3 39 30 0
3 20 31 38 0
20 3 31 38 0
3 20 38 31 0
20 3 38 31 0
3 20 32 37 0
20 3 32 37 0
3 20 37 32 0
20 3 37 32 0
3 20 33 36 0
20 3 33 36 0
3 20 36 33 0
20 3 36 33 0
4 19 24 45 0
19 4 24 45 0
4 19 45 24 0
19 4 45 24 0
4 19 25 44 0
19 4 25 44 0
4 19 44 25 0
19 4 44 25 0
4 19 26 43 0
19 4 26 43 0
4 19 43 26 0
19 4 43 26 0
4 19 27 42 0
19 4 27 42 0
4 19 42 27 0
19 4 42 27 0
4 19 28 41 0
19 4 28 41 0
4 19 41 28 0
19 4 41 28 0
4 19 29 40 0
19 4 29 40 0
4 19 40 29 0
19 4 40 29 0
4 19 30 39 0
19 4 30 39 0
4 19 39 30 0
19 4 39 30 0
4 19 31 38 0
19 4 31 38 0
4 19 38 31 0
19 4 38 31 0
4 19 32 37 0
19 4 32 37 0
4 19 37 32 0
19 4 37 32 0
4 19 33 36 0
19 4 33 36 0
4 19 36 33 0
19 4 36 33 0
5 18 24 45 0
18 5 24 45 0
5 18 45 24 0
18 5 45 24 0
5 18 25 44 0
18 5 25 44 0
5 18 44 25 0
18 5 44 25 0
5 18 26 43 0
18 5 26 43 0
5 18 43 26 0
18 5 43 26 0
5 18 27 42 0
18 5 27 42 0
5 18 42 27 0
18 5 42 27 0
5 18 28 41 0
18 5 28 41 0
5 18 41 28 0
18 5 41 28 0
5 18 29 40 1
18 5 29 40 1
5 18 40 29 1
18 5 40 29 1
5 18 30 39 2
18 5 30 39 2
5 18 39 30 2
18 5 39 30 2
5 18 31 38 3
18 5 31 38 3
5 18 38 31 3
18 5 38 31 3
5 18 32 37 4
18 5 32 37 4
5 18 37 32 4
18 5 37 32 4
5 18 33 36 5
18 5 33 36 5
5 18 36 33 5
18 5 36 33 5
6 17 24 45 0
17 6 24 45 0
6 17 45 24 0
17 6 45 24 0
6 17 25 44 1
17 6 25 44 1
6 17 44 25 1
17 6 44 25 1
6 17 26 43 3
17 6 26 43 3
6 17 43 26 3
17 6 43 26 3
6 17 27 42 7
17 6 27 42 7
6 17 42 27 7
17 6 42 27 7
6 17 28 41 13
17 6 28 41 13
6 17 41 28 13
17 6 41 28 13
6 17 29 40 24
17 6 29 40 24
6 17 40 29 24
17 6 40 29 24
6 17 30 39 37
17 6 30 39 37
6 17 39 30 37
17 6 39 30 37
6 17 31 38 51
17 6 31 38 51
6 17 38 31 51
17 6 38 31 51
6 17 32 37 64
17 6 32 37 64
6 17 37 32 64
17 6 37 32 64
6 17 33 36 75
17 6 33 36 75
6 17 36 33 75
17 6 36 33 75
3 20 34 35 0
20 3 34 35 0
3 20 35 34 0
20 3 35 34 0
4 19 34 35 0
19 4 34 35 0
4 19 35 34 0
19 4 35 34 0
5 18 34 35 6
18 5 34 35 6
5 18 35 34 6
18 5 35 34 6
6 17 34 35 82
17 6 34 35 82
6 17 35 34 82
17 6 35 34 82
4 19 22 47 0
19 4 22 47 0
4 19 47 22 0
19 4 47 22 0
4 19 23 46 0
19 4 23 46 0
4 19 46 23 0
19 4 46 23 0
5 18 22 47 0
18 5 22 47 0
5 18 47 22 0
18 5 47 22 0
5 18 23 46 0
18 5 23 46 0
5 18 46 23 0
18 5 46 23 0
6 17 22 47 0
17 6 22 47 0
6 17 47 22 0
17 6 47 22 0
6 17 23 46 0
17 6 23 46 0
6 17 46 23 0
17 6 46 23 0
7 16 22 47 0
16 7 22 47 0
7 16 47 22 0
16 7 47 22 0
7 16 23 46 1
16 7 23 46 1
7 16 46 23 1
16 7 46 23 1
7 16 24 45 4
16 7 24 45 4
7 16 45 24 4
16 7 45 24 4
7 16 25 44 13
16 7 25 44 13
7 16 44 25 13
16 7 44 25 13
7 16 26 43 30
16 7 26 43 30
7 16 43 26 30
16 7 43 26 30
7 16 27 42 59
16 7 27 42 59
7 16 42 27 59
16 7 42 27 59
7 16 28 41 101
16 7 28 41 101
7 16 41 28 101
16 7 41 28 101
7 16 29 40 160
16 7 29 40 160
7 16 40 29 160
16 7 40 29 160
7 16 30 39 229
16 7 30 39 229
7 16 39 30 229
16 7 39 30 229
7 16 31 38 302
16 7 31 38 302
7 16 38 31 302
16 7 38 31 302
7 16 32 37 369
16 7 32 37 369
7 16 37 32 369
16 7 37 32 369
7 16 33 36 422
16 7 33 36 422
7 16 36 33 422
16 7 36 33 422
7 16 34 35 452
16 7 34 35 452
7 16 35 34 452
16 7 35 34 452
8 15 22 47 4
15 8 22 47 4
8 15 47 22 4
15 8 47 22 4
8 15 23 46 14
15 8 23 46 14
8 15 46 23 14
15 8 46 23 14
8 15 24 45 35
15 8 24 45 35
8 15 45 24 35
15 8 45 24 35
8 15 25 44 79
15 8 25 44 79
8 15 44 25 79
15 8 44 25 79
8 15 26 43 153
15 8 26 43 153
8 15 43 26 153
15 8 43 26 153
8 15 27 42 268
15 8 27 42 268
8 15 42 27 268
15 8 42 27 268
8 15 28 41 425
15 8 28 41 425
8 15 41 28 425
15 8 41 28 425
8 15 29 40 627
15 8 29 40 627
8 15 40 29 627
15 8 40 29 627
8 15 30 39 856
15 8 30 39 856
8 15 39 30 856
15 8 39 30 856
8 15 31 38 1093
15 8 31 38 1093
8 15 38 31 1093
15 8 38 31 1093
8 15 32 37 1307
15 8 32 37 1307
8 15 37 32 1307
15 8 37 32 1307
8 15 33 36 1472
15 8 33 36 1472
8 15 36 33 1472
15 8 36 33 1472
8 15 34 35 1562
15 8 34 35 1562
8 15 35 34 1562
15 8 35 34 1562
9 14 24 45 123
14 9 24 45 123
9 14 45 24 123
14 9 45 24 123
9 14 25 44 248
14 9 25 44 248
9 14 44 25 248
14 9 44 25 248
9 14 26 43 447
14 9 26 43 447
9 14 43 26 447
14 9 43 26 447
9 14 27 42 739
14 9 27 42 739
9 14 42 27 739
14 9 42 27 739
9 14 28 41 1125
14 9 28 41 1125
9 14 41 28 1125
14 9 41 28 1125
9 14 29 40 1601
14 9 29 40 1601
9 14 40 29 1601
14 9 40 29 1601
9 14 30 39 2130
14 9 30 39 2130
9 14 39 30 2130
14 9 39 30 2130
9 14 31 38 2667
14 9 31 38 2667
9 14 38 31 2667
14 9 38 31 2667
9 14 32 37 3147
14 9 32 37 3147
9 14 37 32 3147
14 9 37 32 3147
9 14 33 36 3512
14 9 33 36 3512
9 14 36 33 3512
14 9 36 33 3512
9 14 34 35 3709
14 9 34 35 3709
9 14 35 34 3709
14 9 35 34 3709
4 19 21 48 0
19 4 21 48 0
4 19 48 21 0
19 4 48 21 0
5 18 21 48 0
18 5 21 48 0
5 18 48 21 0
18 5 48 21 0
6 17 21 48 0
17 6 21 48 0
6 17 48 21 0
17 6 48 21 0
7 16 21 48 0
16 7 21 48 0
7 16 48 21 0
16 7 48 21 0
5 18 18 51 0
18 5 18 51 0
5 18 51 18 0
18 5 51 18 0
5 18 19 50 0
18 5 19 50 0
5 18 50 19 0
18 5 50 19 0
5 18 20 49 0
18 5 20 49 0
5 18 49 20 0
18 5 49 20 0
6 17 18 51 0
17 6 18 51 0
6 17 51 18 0
17 6 51 18 0
6 17 19 50 0
17 6 19 50 0
6 17 50 19 0
17 6 50 19 0
6 17 20 49 0
17 6 20 49 0
6 17 49 20 0
17 6 49 20 0
7 16 18 51 0
16 7 18 51 0
7 16 51 18 0
16 7 51 18 0
7 16 19 50 0
16 7 19 50 0
7 16 50 19 0
16 7 50 19 0
7 16 20 49 0
16 7 20 49 0
7 16 49 20 0
16 7 49 20 0
8 15 18 51 0
15 8 18 51 0
8 15 51 18 0
15 8 51 18 0
8 15 19 50 0
15 8 19 50 0
8 15 50 19 0
15 8 50 19 0
8 15 20 49 0
15 8 20 49 0
8 15 49 20 0
15 8 49 20 0
8 15 21 48 1
15 8 21 48 1
8 15 48 21 1
15 8 48 21 1
6 17 17 52 0
17 6 17 52 0
6 17 52 17 0
17 6 52 17 0
7 16 17 52 0
16 7 17 52 0
7 16 52 17 0
16 7 52 17 0
8 15 17 52 0
15 8 17 52 0
8 15 52 17 0
15 8 52 17 0
9 14 17 52 0
14 9 17 52 0
9 14 52 17 0
14 9 52 17 0
9 14 18 51 0
14 9 18 51 0
9 14 51 18 0
14 9 51 18 0
9 14 19 50 0
14 9 19 50 0
9 14 50 19 0
14 9 50 19 0
9 14 20 49 1
14 9 20 49 1
9 14 49 20 1
14 9 49 20 1
9 14 21 48 6
14 9 21 48 6
9 14 48 21 6
14 9 48 21 6
9 14 22 47 20
14 9 22 47 20
9 14 47 22 20
14 9 47 22 20
9 14 23 46 55
14 9 23 46 55
9 14 46 23 55
14 9 46 23 55
10 13 18 51 0
13 10 18 51 0
10 13 51 18 0
13 10 51 18 0
10 13 19 50 1
13 10 19 50 1
10 13 50 19 1
13 10 50 19 1
10 13 20 49 5
13 10 20 49 5
10 13 49 20 5
13 10 49 20 5
10 13 21 48 19
13 10 21 48 19
10 13 48 21 19
13 10 48 21 19
10 13 22 47 53
13 10 22 47 53
10 13 47 22 53
13 10 47 22 53
10 13 23 46 129
13 10 23 46 129
10 13 46 23 129
13 10 46 23 129
10 13 24 45 269
13 10 24 45 269
10 13 45 24 269
13 10 45 24 269
10 13 25 44 511
13 10 25 44 511
10 13 44 25 511
13 10 44 25 511
10 13 26 43 882
13 10 26 43 882
10 13 43 26 882
13 10 43 26 882
10 13 27 42 1410
13 10 27 42 1410
10 13 42 27 1410
13 10 42 27 1410
10 13 28 41 2093
13 10 28 41 2093
10 13 41 28 2093
13 10 41 28 2093
10 13 29 40 2918
13 10 29 40 2918
10 13 40 29 2918
13 10 40 29 2918
10 13 30 39 3822
13 10 30 39 3822
10 13 39 30 3822
13 10 39 30 3822
10 13 31 38 4729
13 10 31 38 4729
10 13 38 31 4729
13 10 38 31 4729
10 13 32 37 5534
13 10 32 37 5534
10 13 37 32 5534
13 10 37 32 5534
10 13 33 36 6142
13 10 33 36 6142
10 13 36 33 6142
13 10 36 33 6142
10 13 34 35 6469
13 10 34 35 6469
10 13 35 34 6469
13 10 35 34 6469
11 12 21 48 31
12 11 21 48 31
11 12 48 21 31
12 11 48 21 31
11 12 22 47 82
12 11 22 47 82
11 12 47 22 82
12 11 47 22 82
11 12 23 46 191
12 11 23 46 191
11 12 46 23 191
12 11 46 23 191
11 12 24 45 388
12 11 24 45 388
11 12 45 24 388
12 11 45 24 388
11 12 25 44 720
12 11 25 44 720
11 12 44 25 720
12 11 44 25 720
11 12 26 43 1221
12 11 26 43 1221
11 12 43 26 1221
12 11 43 26 1221
11 12 27 42 1924
12 11 27 42 1924
11 12 42 27 1924
12 11 42 27 1924
11 12 28 41 2825
12 11 28 41 2825
11 12 41 28 2825
12 11 41 28 2825
11 12 29 40 3903
12 11 29 40 3903
11 12 40 29 3903
12 11 40 29 3903
11 12 30 39 5077
12 11 30 39 5077
11 12 39 30 5077
12 11 39 30 5077
11 12 31 38 6248
12 11 31 38 6248
11 12 38 31 6248
12 11 38 31 6248
11 12 32 37 7284
12 11 32 37 7284
11 12 37 32 7284
12 11 37 32 7284
11 12 33 36 8064
12 11 33 36 8064
11 12 36 33 8064
12 11 36 33 8064
11 12 34 35 8483
12 11 34 35 8483
11 12 35 34 8483
12 11 35 34 8483
6 17 16 53 0
17 6 16 53 0
6 17 53 16 0
17 6 53 16 0
7 16 16 53 0
16 7 16 53 0
7 16 53 16 0
16 7 53 16 0
8 15 16 53 0
15 8 16 53 0
8 15 53 16 0
15 8 53 16 0
9 14 16 53 0
14 9 16 53 0
9 14 53 16 0
14 9 53 16 0
7 16 14 55 0
16 7 14 55 0
7 16 55 14 0
16 7 55 14 0
7 16 15 54 0
16 7 15 54 0
7 16 54 15 0
16 7 54 15 0
8 15 14 55 0
15 8 14 55 0
8 15 55 14 0
15 8 55 14 0
8 15 15 54 0
15 8 15 54 0
8 15 54 15 0
15 8 54 15 0
9 14 14 55 0
14 9 14 55 0
9 14 55 14 0
14 9 55 14 0
9 14 15 54 0
14 9 15 54 0
9 14 54 15 0
14 9 54 15 0
10 13 14 55 0
13 10 14 55 0
10 13 55 14 0
13 10 55 14 0
10 13 15 54 0
13 10 15 54 0
10 13 54 15 0
13 10 54 15 0
10 13 16 53 0
13 10 16 53 0
10 13 53 16 0
13 10 53 16 0
10 13 17 52 0
13 10 17 52 0
10 13 52 17 0
13 10 52 17 0
11 12 14 55 0
12 11 14 55 0
11 12 55 14 0
12 11 55 14 0
11 12 15 54 0
12 11 15 54 0
11 12 54 15 0
12 11 54 15 0
11 12 16 53 0
12 11 16 53 0
11 12 53 16 0
12 11 53 16 0
11 12 17 52 0
12 11 17 52 0
11 12 52 17 0
12 11 52 17 0
11 12 18 51 0
12 11 18 51 0
11 12 51 18 0
12 11 51 18 0
11 12 19 50 2
12 11 19 50 2
11 12 50 19 2
12 11 50 19 2
11 12 20 49 9
12 11 20 49 9
11 12 49 20 9
12 11 49 20 9
8 15 13 56 0
15 8 13 56 0
8 15 56 13 0
15 8 56 13 0
9 14 13 56 0
14 9 13 56 0
9 14 56 13 0
14 9 56 13 0
10 13 13 56 0
13 10 13 56 0
10 13 56 13 0
13 10 56 13 0
11 12 13 56 0
12 11 13 56 0
11 12 56 13 0
12 11 56 13 0
9 14 12 57 0
14 9 12 57 0
9 14 57 12 0
14 9 57 12 0
10 13 12 57 0
13 10 12 57 0
10 13 57 12 0
13 10 57 12 0
11 12 12 57 0
12 11 12 57 0
11 12 57 12 0
12 11 57 12 0
