0 17 21 30 0
17 0 21 30 0
0 17 30 21 0
17 0 30 21 0
0 17 22 29 0
17 0 22 29 0
0 17 29 22 0
17 0 29 22 0
0 17 23 28 0
17 0 23 28 0
0 17 28 23 0
17 0 28 23 0
0 17 24 27 0
17 0 24 27 0
0 17 27 24 0
17 0 27 24 0
0 17 25 26 0
17 0 25 26 0
0 17 26 25 0
17 0 26 25 0
1 16 21 30 0
16 1 21 30 0
1 16 30 21 0
16 1 30 21 0
1 16 22 29 0
16 1 22 29 0
1 16 29 22 0
16 1 29 22 0
1 16 23 28 0
16 1 23 28 0
1 16 28 23 0
16 1 28 23 0
1 16 24 27 0
16 1 24 27 0
1 16 27 24 0
16 1 27 24 0
1 16 25 26 0
16 1 25 26 0
1 16 26 25 0
16 1 26 25 0
2 15 21 30 2
15 2 21 30 2
2 15 30 21 2
15 2 30 21 2
2 15 22 29 3
15 2 22 29 3
2 15 29 22 3
15 2 29 22 3
2 15 23 28 4
15 2 23 28 4
2 15 28 23 4
15 2 28 23 4
2 15 24 27 5
15 2 24 27 5
2 15 27 24 5
15 2 27 24 5
2 15 25 26 6
15 2 25 26 6
2 15 26 25 6
15 2 26 25 6
3 14 21 30 19
14 3 21 30 19
3 14 30 21 19
14 3 30 21 19
3 14 22 29 27
14 3 22 29 27
3 14 29 22 27
14 3 29 22 27
3 14 23 28 35
14 3 23 28 35
3 14 28 23 35
14 3 28 23 35
3 14 24 27 42
14 3 24 27 42
3 14 27 24 42
14 3 27 24 42
3 14 25 26 47
14 3 25 26 47
3 14 26 25 47
14 3 26 25 47
1 16 15 36 0
16 1 15 36 0
1 16 36 15 0
16 1 36 15 0
1 16 16 35 0
16 1 16 35 0
1 16 35 16 0
16 1 35 16 0
1 16 17 34 0
16 1 17 34 0
1 16 34 17 0
16 1 34 17 0
1 16 18 33 0
16 1 18 33 0
1 16 33 18 0
16 1 33 18 0
1 16 19 32 0
16 1 19 32 0
1 16 32 19 0
16 1 32 19 0
1 16 20 31 0
16 1 20 31 0
1 16 31 20 0
16 1 31 20 0
2 15 15 36 0
15 2 15 36 0
2 15 36 15 0
15 2 36 15 0
2 15 16 35 0
15 2 16 35 0
2 15 35 16 0
15 2 35 16 0
2 15 17 34 0
15 2 17 34 0
2 15 34 17 0
15 2 34 17 0
2 15 18 33 0
15 2 18 33 0
2 15 33 18 0
15 2 33 18 0
2 15 19 32 0
15 2 19 32 0
2 15 32 19 0
15 2 32 19 0
2 15 20 31 1
15 2 20 31 1
2 15 31 20 1
15 2 31 20 1
3 14 15 36 0
14 3 15 36 0
3 14 36 15 0
14 3 36 15 0
3 14 16 35 0
14 3 16 35 0
3 14 35 16 0
14 3 35 16 0
3 14 17 34 1
14 3 17 34 1
3 14 34 17 1
14 3 34 17 1
3 14 18 33 2
14 3 18 33 2
3 14 33 18 2
14 3 33 18 2
3 14 19 32 5
14 3 19 32 5
3 14 32 19 5
14 3 32 19 5
3 14 20 31 11
14 3 20 31 11
3 14 31 20 11
14 3 31 20 11
4 13 15 36 1
13 4 15 36 1
4 13 36 15 1
13 4 36 15 1
4 13 16 35 4
13 4 16 35 4
4 13 35 16 4
13 4 35 16 4
4 13 17 34 11
13 4 17 34 11
4 13 34 17 11
13 4 34 17 11
4 13 18 33 22
13 4 18 33 22
4 13 33 18 22
13 4 33 18 22
4 13 19 32 40
13 4 19 32 40
4 13 32 19 40
13 4 32 19 40
4 13 20 31 67
13 4 20 31 67
4 13 31 20 67
13 4 31 20 67
4 13 21 30 100
13 4 21 30 100
4 13 30 21 100
13 4 30 21 100
4 13 22 29 135
13 4 22 29 135
4 13 29 22 135
13 4 29 22 135
4 13 23 28 168
13 4 23 28 168
4 13 28 23 168
13 4 28 23 168
4 13 24 27 195
13 4 24 27 195
4 13 27 24 195
13 4 27 24 195
4 13 25 26 211
13 4 25 26 211
4 13 26 25 211
13 4 26 25 211
5 12 15 36 10
12 5 15 36 10
5 12 36 15 10
12 5 36 15 10
5 12 16 35 24
12 5 16 35 24
5 12 35 16 24
12 5 35 16 24
5 12 17 34 52
12 5 17 34 52
5 12 34 17 52
12 5 34 17 52
5 12 18 33 94
12 5 18 33 94
5 12 33 18 94
12 5 33 18 94
5 12 19 32 156
12 5 19 32 156
5 12 32 19 156
12 5 32 19 156
5 12 20 31 237
12 5 20 31 237
5 12 31 20 237
12 5 31 20 237
5 12 21 30 333
12 5 21 30 333
5 12 30 21 333
12 5 30 21 333
5 12 22 29 432
12 5 22 29 432
5 12 29 22 432
12 5 29 22 432
5 12 23 28 524
12 5 23 28 524
5 12 28 23 524
12 5 28 23 524
5 12 24 27 595
12 5 24 27 595
5 12 27 24 595
12 5 27 24 595
5 12 25 26 635
12 5 25 26 635
5 12 26 25 635
12 5 26 25 635
2 15 11 40 0
15 2 11 40 0
2 15 40 11 0
15 2 40 11 0
2 15 12 39 0
15 2 12 39 0
2 15 39 12 0
15 2 39 12 0
2 15 13 38 0
15 2 13 38 0
2 15 38 13 0
15 2 38 13 0
2 15 14 37 0
15 2 14 37 0
2 15 37 14 0
15 2 37 14 0
3 14 11 40 0
14 3 11 40 0
3 14 40 11 0
14 3 40 11 0
3 14 12 39 0
14 3 12 39 0
3 14 39 12 0
14 3 39 12 0
3 14 13 38 0
14 3 13 38 0
3 14 38 13 0
14 3 38 13 0
3 14 14 37 0
14 3 14 37 0
3 14 37 14 0
14 3 37 14 0
4 13 11 40 0
13 4 11 40 0
4 13 40 11 0
13 4 40 11 0
4 13 12 39 0
13 4 12 39 0
4 13 39 12 0
13 4 39 12 0
4 13 13 38 0
13 4 13 38 0
4 13 38 13 0
13 4 38 13 0
4 13 14 37 0
13 4 14 37 0
4 13 37 14 0
13 4 37 14 0
5 12 11 40 0
12 5 11 40 0
5 12 40 11 0
12 5 40 11 0
5 12 12 39 0
12 5 12 39 0
5 12 39 12 0
12 5 39 12 0
5 12 13 38 1
12 5 13 38 1
5 12 38 13 1
12 5 38 13 1
5 12 14 37 3
12 5 14 37 3
5 12 37 14 3
12 5 37 14 3
3 14 10 41 0
14 3 10 41 0
3 14 41 10 0
14 3 41 10 0
4 13 10 41 0
13 4 10 41 0
4 13 41 10 0
13 4 41 10 0
5 12 10 41 0
12 5 10 41 0
5 12 41 10 0
12 5 41 10 0
6 11 10 41 0
11 6 10 41 0
6 11 41 10 0
11 6 41 10 0
6 11 11 40 0
11 6 11 40 0
6 11 40 11 0
11 6 40 11 0
6 11 12 39 1
11 6 12 39 1
6 11 39 12 1
11 6 39 12 1
6 11 13 38 5
11 6 13 38 5
6 11 38 13 5
11 6 38 13 5
6 11 14 37 15
11 6 14 37 15
6 11 37 14 15
11 6 37 14 15
6 11 15 36 37
11 6 15 36 37
6 11 36 15 37
11 6 36 15 37
6 11 16 35 78
11 6 16 35 78
6 11 35 16 78
11 6 35 16 78
6 11 17 34 149
11 6 17 34 149
6 11 34 17 149
11 6 34 17 149
6 11 18 33 253
11 6 18 33 253
6 11 33 18 253
11 6 33 18 253
6 11 19 32 396
11 6 19 32 396
6 11 32 19 396
11 6 32 19 396
6 11 20 31 575
11 6 20 31 575
6 11 31 20 575
11 6 31 20 575
6 11 21 30 779
11 6 21 30 779
6 11 30 21 779
11 6 30 21 779
6 11 22 29 987
11 6 22 29 987
6 11 29 22 987
11 6 29 22 987
6 11 23 28 1176
11 6 23 28 1176
6 11 28 23 1176
11 6 28 23 1176
6 11 24 27 1320
11 6 24 27 1320
6 11 27 24 1320
11 6 27 24 1320
6 11 25 26 1399
11 6 25 26 1399
6 11 26 25 1399
11 6 26 25 1399
7 10 11 40 1
10 7 11 40 1
7 10 40 11 1
10 7 40 11 1
7 10 12 39 4
10 7 12 39 4
7 10 39 12 4
10 7 39 12 4
7 10 13 38 14
10 7 13 38 14
7 10 38 13 14
10 7 38 13 14
7 10 14 37 36
10 7 14 37 36
7 10 37 14 36
10 7 37 14 36
7 10 15 36 81
10 7 15 36 81
7 10 36 15 81
10 7 36 15 81
7 10 16 35 159
10 7 16 35 159
7 10 35 16 159
10 7 35 16 159
7 10 17 34 287
10 7 17 34 287
7 10 34 17 287
10 7 34 17 287
7 10 18 33 469
10 7 18 33 469
7 10 33 18 469
10 7 33 18 469
7 10 19 32 713
10 7 19 32 713
7 10 32 19 713
10 7 32 19 713
7 10 20 31 1010
10 7 20 31 1010
7 10 31 20 1010
10 7 31 20 1010
7 10 21 30 1343
10 7 21 30 1343
7 10 30 21 1343
10 7 30 21 1343
7 10 22 29 1677
10 7 22 29 1677
7 10 29 22 1677
10 7 29 22 1677
7 10 23 28 1978
10 7 23 28 1978
7 10 28 23 1978
10 7 28 23 1978
7 10 24 27 2205
10 7 24 27 2205
7 10 27 24 2205
10 7 27 24 2205
7 10 25 26 2329
10 7 25 26 2329
7 10 26 25 2329
10 7 26 25 2329
3 14 9 42 0
14 3 9 42 0
3 14 42 9 0
14 3 42 9 0
4 13 9 42 0
13 4 9 42 0
4 13 42 9 0
13 4 42 9 0
5 12 9 42 0
12 5 9 42 0
5 12 42 9 0
12 5 42 9 0
6 11 9 42 0
11 6 9 42 0
6 11 42 9 0
11 6 42 9 0
4 13 7 44 0
13 4 7 44 0
4 13 44 7 0
13 4 44 7 0
4 13 8 43 0
13 4 8 43 0
4 13 43 8 0
13 4 43 8 0
5 12 7 44 0
12 5 7 44 0
5 12 44 7 0
12 5 44 7 0
5 12 8 43 0
12 5 8 43 0
5 12 43 8 0
12 5 43 8 0
6 11 7 44 0
11 6 7 44 0
6 11 44 7 0
11 6 44 7 0
6 11 8 43 0
11 6 8 43 0
6 11 43 8 0
11 6 43 8 0
7 10 7 44 0
10 7 7 44 0
7 10 44 7 0
10 7 44 7 0
7 10 8 43 0
10 7 8 43 0
7 10 43 8 0
10 7 43 8 0
7 10 9 42 0
10 7 9 42 0
7 10 42 9 0
10 7 42 9 0
7 10 10 41 0
10 7 10 41 0
7 10 41 10 0
10 7 41 10 0
8 9 7 44 0
9 8 7 44 0
8 9 44 7 0
9 8 44 7 0
8 9 8 43 0
9 8 8 43 0
8 9 43 8 0
9 8 43 8 0
8 9 9 42 0
9 8 9 42 0
8 9 42 9 0
9 8 42 9 0
8 9 10 41 0
9 8 10 41 0
8 9 41 10 0
9 8 41 10 0
8 9 11 40 2
9 8 11 40 2
8 9 40 11 2
9 8 40 11 2
8 9 12 39 7
9 8 12 39 7
8 9 39 12 7
9 8 39 12 7
8 9 13 38 22
9 8 13 38 22
8 9 38 13 22
9 8 38 13 22
8 9 14 37 54
9 8 14 37 54
8 9 37 14 54
9 8 37 14 54
8 9 15 36 117
9 8 15 36 117
8 9 36 15 117
9 8 36 15 117
8 9 16 35 224
9 8 16 35 224
8 9 35 16 224
9 8 35 16 224
8 9 17 34 394
9 8 17 34 394
8 9 34 17 394
9 8 34 17 394
8 9 18 33 633
9 8 18 33 633
8 9 33 18 633
9 8 33 18 633
8 9 19 32 949
9 8 19 32 949
8 9 32 19 949
9 8 32 19 949
8 9 20 31 1330
9 8 20 31 1330
8 9 31 20 1330
9 8 31 20 1330
8 9 21 30 1753
9 8 21 30 1753
8 9 30 21 1753
9 8 30 21 1753
8 9 22 29 2175
9 8 22 29 2175
8 9 29 22 2175
9 8 29 22 2175
8 9 23 28 2553
9 8 23 28 2553
8 9 28 23 2553
9 8 28 23 2553
8 9 24 27 2838
9 8 24 27 2838
8 9 27 24 2838
9 8 27 24 2838
8 9 25 26 2993
9 8 25 26 2993
8 9 26 25 2993
9 8 26 25 2993
5 12 6 45 0
12 5 6 45 0
5 12 45 6 0
12 5 45 6 0
6 11 6 45 0
11 6 6 45 0
6 11 45 6 0
11 6 45 6 0
7 10 6 45 0
10 7 6 45 0
7 10 45 6 0
10 7 45 6 0
8 9 6 45 0
9 8 6 45 0
8 9 45 6 0
9 8 45 6 0
6 11 5 46 0
11 6 5 46 0
6 11 46 5 0
11 6 46 5 0
7 10 5 46 0
10 7 5 46 0
7 10 46 5 0
10 7 46 5 0
8 9 5 46 0
9 8 5 46 0
8 9 46 5 0
9 8 46 5 0
