5 22 31 50 0
22 5 31 50 0
5 22 50 31 0
22 5 50 31 0
5 22 32 49 0
22 5 32 49 0
5 22 49 32 0
22 5 49 32 0
5 22 33 48 0
22 5 33 48 0
5 22 48 33 0
22 5 48 33 0
5 22 34 47 0
22 5 34 47 0
5 22 47 34 0
22 5 47 34 0
5 22 35 46 0
22 5 35 46 0
5 22 46 35 0
22 5 46 35 0
5 22 36 45 0
22 5 36 45 0
5 22 45 36 0
22 5 45 36 0
5 22 37 44 0
22 5 37 44 0
5 22 44 37 0
22 5 44 37 0
5 22 38 43 0
22 5 38 43 0
5 22 43 38 0
22 5 43 38 0
5 22 39 42 0
22 5 39 42 0
5 22 42 39 0
22 5 42 39 0
5 22 40 41 0
22 5 40 41 0
5 22 41 40 0
22 5 41 40 0
6 21 31 50 0
21 6 31 50 0
6 21 50 31 0
21 6 50 31 0
6 21 32 49 0
21 6 32 49 0
6 21 49 32 0
21 6 49 32 0
6 21 33 48 0
21 6 33 48 0
6 21 48 33 0
21 6 48 33 0
6 21 34 47 0
21 6 34 47 0
6 21 47 34 0
21 6 47 34 0
6 21 35 46 0
21 6 35 46 0
6 21 46 35 0
21 6 46 35 0
6 21 36 45 0
21 6 36 45 0
6 21 45 36 0
21 6 45 36 0
6 21 37 44 0
21 6 37 44 0
6 21 44 37 0
21 6 44 37 0
6 21 38 43 0
21 6 38 43 0
6 21 43 38 0
21 6 43 38 0
6 21 39 42 0
21 6 39 42 0
6 21 42 39 0
21 6 42 39 0
6 21 40 41 0
21 6 40 41 0
6 21 41 40 0
21 6 41 40 0
7 20 31 50 0
20 7 31 50 0
7 20 50 31 0
20 7 50 31 0
7 20 32 49 0
20 7 32 49 0
7 20 49 32 0
20 7 49 32 0
7 20 33 48 0
20 7 33 48 0
7 20 48 33 0
20 7 48 33 0
7 20 34 47 0
20 7 34 47 0
7 20 47 34 0
20 7 47 34 0
7 20 35 46 0
20 7 35 46 0
7 20 46 35 0
20 7 46 35 0
7 20 36 45 0
20 7 36 45 0
7 20 45 36 0
20 7 45 36 0
7 20 37 44 0
20 7 37 44 0
7 20 44 37 0
20 7 44 37 0
7 20 38 43 0
20 7 38 43 0
7 20 43 38 0
20 7 43 38 0
7 20 39 42 0
20 7 39 42 0
7 20 42 39 0
20 7 42 39 0
7 20 40 41 1
20 7 40 41 1
7 20 41 40 1
20 7 41 40 1
8 19 31 50 0
19 8 31 50 0
8 19 50 31 0
19 8 50 31 0
8 19 32 49 0
19 8 32 49 0
8 19 49 32 0
19 8 49 32 0
8 19 33 48 0
19 8 33 48 0
8 19 48 33 0
19 8 48 33 0
8 19 34 47 1
19 8 34 47 1
8 19 47 34 1
19 8 47 34 1
8 19 35 46 3
19 8 35 46 3
8 19 46 35 3
19 8 46 35 3
8 19 36 45 6
19 8 36 45 6
8 19 45 36 6
19 8 45 36 6
8 19 37 44 9
19 8 37 44 9
8 19 44 37 9
19 8 44 37 9
8 19 38 43 12
19 8 38 43 12
8 19 43 38 12
19 8 43 38 12
8 19 39 42 15
19 8 39 42 15
8 19 42 39 15
19 8 42 39 15
8 19 40 41 18
19 8 40 41 18
8 19 41 40 18
19 8 41 40 18
6 21 27 54 0
21 6 27 54 0
6 21 54 27 0
21 6 54 27 0
6 21 28 53 0
21 6 28 53 0
6 21 53 28 0
21 6 53 28 0
6 21 29 52 0
21 6 29 52 0
6 21 52 29 0
21 6 52 29 0
6 21 30 51 0
21 6 30 51 0
6 21 51 30 0
21 6 51 30 0
7 20 27 54 0
20 7 27 54 0
7 20 54 27 0
20 7 54 27 0
7 20 28 53 0
20 7 28 53 0
7 20 53 28 0
20 7 53 28 0
7 20 29 52 0
20 7 29 52 0
7 20 52 29 0
20 7 52 29 0
7 20 30 51 0
20 7 30 51 0
7 20 51 30 0
20 7 51 30 0
8 19 27 54 0
19 8 27 54 0
8 19 54 27 0
19 8 54 27 0
8 19 28 53 0
19 8 28 53 0
8 19 53 28 0
19 8 53 28 0
8 19 29 52 0
19 8 29 52 0
8 19 52 29 0
19 8 52 29 0
8 19 30 51 0
19 8 30 51 0
8 19 51 30 0
19 8 51 30 0
9 18 27 54 0
18 9 27 54 0
9 18 54 27 0
18 9 54 27 0
9 18 28 53 0
18 9 28 53 0
9 18 53 28 0
18 9 53 28 0
9 18 29 52 0
18 9 29 52 0
9 18 52 29 0
18 9 52 29 0
9 18 30 51 1
18 9 30 51 1
9 18 51 30 1
18 9 51 30 1
9 18 31 50 3
18 9 31 50 3
9 18 50 31 3
18 9 50 31 3
9 18 32 49 8
18 9 32 49 8
9 18 49 32 8
18 9 49 32 8
9 18 33 48 16
18 9 33 48 16
9 18 48 33 16
18 9 48 33 16
9 18 34 47 30
18 9 34 47 30
9 18 47 34 30
18 9 47 34 30
9 18 35 46 50
18 9 35 46 50
9 18 46 35 50
18 9 46 35 50
9 18 36 45 76
18 9 36 45 76
9 18 45 36 76
18 9 45 36 76
9 18 37 44 103
18 9 37 44 103
9 18 44 37 103
18 9 44 37 103
9 18 38 43 129
18 9 38 43 129
9 18 43 38 129
18 9 43 38 129
9 18 39 42 150
18 9 39 42 150
9 18 42 39 150
18 9 42 39 150
9 18 40 41 163
18 9 40 41 163
9 18 41 40 163
18 9 41 40 163
7 20 25 56 0
20 7 25 56 0
7 20 56 25 0
20 7 56 25 0
7 20 26 55 0
20 7 26 55 0
7 20 55 26 0
20 7 55 26 0
8 19 25 56 0
19 8 25 56 0
8 19 56 25 0
19 8 56 25 0
8 19 26 55 0
19 8 26 55 0
8 19 55 26 0
19 8 55 26 0
9 18 25 56 0
18 9 25 56 0
9 18 56 25 0
18 9 56 25 0
9 18 26 55 0
18 9 26 55 0
9 18 55 26 0
18 9 55 26 0
10 17 25 56 0
17 10 25 56 0
10 17 56 25 0
17 10 56 25 0
10 17 26 55 0
17 10 26 55 0
10 17 55 26 0
17 10 55 26 0
10 17 27 54 0
17 10 27 54 0
10 17 54 27 0
17 10 54 27 0
10 17 28 53 1
17 10 28 53 1
10 17 53 28 1
17 10 53 28 1
10 17 29 52 3
17 10 29 52 3
10 17 52 29 3
17 10 52 29 3
10 17 30 51 10
17 10 30 51 10
10 17 51 30 10
17 10 51 30 10
10 17 31 50 25
17 10 31 50 25
10 17 50 31 25
17 10 50 31 25
10 17 32 49 54
17 10 32 49 54
10 17 49 32 54
17 10 49 32 54
10 17 33 48 99
17 10 33 48 99
10 17 48 33 99
17 10 48 33 99
10 17 34 47 167
17 10 34 47 167
10 17 47 34 167
17 10 47 34 167
10 17 35 46 255
17 10 35 46 255
10 17 46 35 255
17 10 46 35 255
10 17 36 45 360
17 10 36 45 360
10 17 45 36 360
17 10 45 36 360
10 17 37 44 470
17 10 37 44 470
10 17 44 37 470
17 10 44 37 470
10 17 38 43 572
17 10 38 43 572
10 17 43 38 572
17 10 43 38 572
10 17 39 42 650
17 10 39 42 650
10 17 42 39 650
17 10 42 39 650
10 17 40 41 695
17 10 40 41 695
10 17 41 40 695
17 10 41 40 695
11 16 25 56 0
16 11 25 56 0
11 16 56 25 0
16 11 56 25 0
11 16 26 55 0
16 11 26 55 0
11 16 55 26 0
16 11 55 26 0
11 16 27 54 1
16 11 27 54 1
11 16 54 27 1
16 11 54 27 1
11 16 28 53 6
16 11 28 53 6
11 16 53 28 6
16 11 53 28 6
11 16 29 52 18
16 11 29 52 18
11 16 52 29 18
16 11 52 29 18
11 16 30 51 46
16 11 30 51 46
11 16 51 30 46
16 11 51 30 46
11 16 31 50 99
16 11 31 50 99
11 16 50 31 99
16 11 50 31 99
11 16 32 49 191
16 11 32 49 191
11 16 49 32 191
16 11 49 32 191
11 16 33 48 328
16 11 33 48 328
11 16 48 33 328
16 11 48 33 328
11 16 34 47 520
16 11 34 47 520
11 16 47 34 520
16 11 47 34 520
11 16 35 46 759
16 11 35 46 759
11 16 46 35 759
16 11 46 35 759
11 16 36 45 1034
16 11 36 45 1034
11 16 45 36 1034
16 11 45 36 1034
11 16 37 44 1316
16 11 37 44 1316
11 16 44 37 1316
16 11 44 37 1316
11 16 38 43 1573
16 11 38 43 1573
11 16 43 38 1573
16 11 43 38 1573
11 16 39 42 1768
16 11 39 42 1768
11 16 42 39 1768
16 11 42 39 1768
11 16 40 41 1876
16 11 40 41 1876
11 16 41 40 1876
16 11 41 40 1876
12 15 27 54 5
15 12 27 54 5
12 15 54 27 5
15 12 54 27 5
12 15 28 53 18
15 12 28 53 18
12 15 53 28 18
15 12 53 28 18
12 15 29 52 48
15 12 29 52 48
12 15 52 29 48
15 12 52 29 48
12 15 30 51 112
15 12 30 51 112
12 15 51 30 112
15 12 51 30 112
12 15 31 50 225
15 12 31 50 225
12 15 50 31 225
15 12 50 31 225
12 15 32 49 411
15 12 32 49 411
12 15 49 32 411
15 12 49 32 411
12 15 33 48 681
15 12 33 48 681
12 15 48 33 681
15 12 48 33 681
12 15 34 47 1046
15 12 34 47 1046
12 15 47 34 1046
15 12 47 34 1046
12 15 35 46 1492
15 12 35 46 1492
12 15 46 35 1492
15 12 46 35 1492
12 15 36 45 1995
15 12 36 45 1995
12 15 45 36 1995
15 12 45 36 1995
12 15 37 44 2503
15 12 37 44 2503
12 15 44 37 2503
15 12 44 37 2503
12 15 38 43 2962
15 12 38 43 2962
12 15 43 38 2962
15 12 43 38 2962
12 15 39 42 3309
15 12 39 42 3309
12 15 42 39 3309
15 12 42 39 3309
12 15 40 41 3498
15 12 40 41 3498
12 15 41 40 3498
15 12 41 40 3498
13 14 31 50 333
14 13 31 50 333
13 14 50 31 333
14 13 50 31 333
13 14 32 49 594
14 13 32 49 594
13 14 49 32 594
14 13 49 32 594
13 14 33 48 967
14 13 33 48 967
13 14 48 33 967
14 13 48 33 967
13 14 34 47 1466
14 13 34 47 1466
13 14 47 34 1466
14 13 47 34 1466
13 14 35 46 2069
14 13 35 46 2069
13 14 46 35 2069
14 13 46 35 2069
13 14 36 45 2742
14 13 36 45 2742
13 14 45 36 2742
14 13 45 36 2742
13 14 37 44 3419
14 13 37 44 3419
13 14 44 37 3419
14 13 44 37 3419
13 14 38 43 4027
14 13 38 43 4027
13 14 43 38 4027
14 13 43 38 4027
13 14 39 42 4485
14 13 39 42 4485
13 14 42 39 4485
14 13 42 39 4485
13 14 40 41 4735
14 13 40 41 4735
13 14 41 40 4735
14 13 41 40 4735
8 19 22 59 0
19 8 22 59 0
8 19 59 22 0
19 8 59 22 0
8 19 23 58 0
19 8 23 58 0
8 19 58 23 0
19 8 58 23 0
8 19 24 57 0
19 8 24 57 0
8 19 57 24 0
19 8 57 24 0
9 18 22 59 0
18 9 22 59 0
9 18 59 22 0
18 9 59 22 0
9 18 23 58 0
18 9 23 58 0
9 18 58 23 0
18 9 58 23 0
9 18 24 57 0
18 9 24 57 0
9 18 57 24 0
18 9 57 24 0
10 17 22 59 0
17 10 22 59 0
10 17 59 22 0
17 10 59 22 0
10 17 23 58 0
17 10 23 58 0
10 17 58 23 0
17 10 58 23 0
10 17 24 57 0
17 10 24 57 0
10 17 57 24 0
17 10 57 24 0
11 16 22 59 0
16 11 22 59 0
11 16 59 22 0
16 11 59 22 0
11 16 23 58 0
16 11 23 58 0
11 16 58 23 0
16 11 58 23 0
11 16 24 57 0
16 11 24 57 0
11 16 57 24 0
16 11 57 24 0
9 18 21 60 0
18 9 21 60 0
9 18 60 21 0
18 9 60 21 0
10 17 21 60 0
17 10 21 60 0
10 17 60 21 0
17 10 60 21 0
11 16 21 60 0
16 11 21 60 0
11 16 60 21 0
16 11 60 21 0
12 15 21 60 0
15 12 21 60 0
12 15 60 21 0
15 12 60 21 0
12 15 22 59 0
15 12 22 59 0
12 15 59 22 0
15 12 59 22 0
12 15 23 58 0
15 12 23 58 0
12 15 58 23 0
15 12 58 23 0
12 15 24 57 0
15 12 24 57 0
12 15 57 24 0
15 12 57 24 0
12 15 25 56 0
15 12 25 56 0
12 15 56 25 0
15 12 56 25 0
12 15 26 55 1
15 12 26 55 1
12 15 55 26 1
15 12 55 26 1
13 14 22 59 0
14 13 22 59 0
13 14 59 22 0
14 13 59 22 0
13 14 23 58 0
14 13 23 58 0
13 14 58 23 0
14 13 58 23 0
13 14 24 57 0
14 13 24 57 0
13 14 57 24 0
14 13 57 24 0
13 14 25 56 0
14 13 25 56 0
13 14 56 25 0
14 13 56 25 0
13 14 26 55 2
14 13 26 55 2
13 14 55 26 2
14 13 55 26 2
13 14 27 54 9
14 13 27 54 9
13 14 54 27 9
14 13 54 27 9
13 14 28 53 30
14 13 28 53 30
13 14 53 28 30
14 13 53 28 30
13 14 29 52 76
14 13 29 52 76
13 14 52 29 76
14 13 52 29 76
13 14 30 51 170
14 13 30 51 170
13 14 51 30 170
14 13 51 30 170
10 17 19 62 0
17 10 19 62 0
10 17 62 19 0
17 10 62 19 0
10 17 20 61 0
17 10 20 61 0
10 17 61 20 0
17 10 61 20 0
11 16 19 62 0
16 11 19 62 0
11 16 62 19 0
16 11 62 19 0
11 16 20 61 0
16 11 20 61 0
11 16 61 20 0
16 11 61 20 0
12 15 19 62 0
15 12 19 62 0
12 15 62 19 0
15 12 62 19 0
12 15 20 61 0
15 12 20 61 0
12 15 61 20 0
15 12 61 20 0
13 14 19 62 0
14 13 19 62 0
13 14 62 19 0
14 13 62 19 0
13 14 20 61 0
14 13 20 61 0
13 14 61 20 0
14 13 61 20 0
13 14 21 60 0
14 13 21 60 0
13 14 60 21 0
14 13 60 21 0
12 15 18 63 0
15 12 18 63 0
12 15 63 18 0
15 12 63 18 0
13 14 18 63 0
14 13 18 63 0
13 14 63 18 0
14 13 63 18 0
