6 23 36 51 0
23 6 36 51 0
6 23 51 36 0
23 6 51 36 0
6 23 37 50 0
23 6 37 50 0
6 23 50 37 0
23 6 50 37 0
6 23 38 49 0
23 6 38 49 0
6 23 49 38 0
23 6 49 38 0
6 23 39 48 0
23 6 39 48 0
6 23 48 39 0
23 6 48 39 0
6 23 40 47 0
23 6 40 47 0
6 23 47 40 0
23 6 47 40 0
6 23 41 46 0
23 6 41 46 0
6 23 46 41 0
23 6 46 41 0
6 23 42 45 0
23 6 42 45 0
6 23 45 42 0
23 6 45 42 0
6 23 43 44 0
23 6 43 44 0
6 23 44 43 0
23 6 44 43 0
7 22 36 51 0
22 7 36 51 0
7 22 51 36 0
22 7 51 36 0
7 22 37 50 0
22 7 37 50 0
7 22 50 37 0
22 7 50 37 0
7 22 38 49 0
22 7 38 49 0
7 22 49 38 0
22 7 49 38 0
7 22 39 48 0
22 7 39 48 0
7 22 48 39 0
22 7 48 39 0
7 22 40 47 0
22 7 40 47 0
7 22 47 40 0
22 7 47 40 0
7 22 41 46 0
22 7 41 46 0
7 22 46 41 0
22 7 46 41 0
7 22 42 45 0
22 7 42 45 0
7 22 45 42 0
22 7 45 42 0
7 22 43 44 0
22 7 43 44 0
7 22 44 43 0
22 7 44 43 0
8 21 36 51 0
21 8 36 51 0
8 21 51 36 0
21 8 51 36 0
8 21 37 50 0
21 8 37 50 0
8 21 50 37 0
21 8 50 37 0
8 21 38 49 0
21 8 38 49 0
8 21 49 38 0
21 8 49 38 0
8 21 39 48 0
21 8 39 48 0
8 21 48 39 0
21 8 48 39 0
8 21 40 47 0
21 8 40 47 0
8 21 47 40 0
21 8 47 40 0
8 21 41 46 0
21 8 41 46 0
8 21 46 41 0
21 8 46 41 0
8 21 42 45 0
21 8 42 45 0
8 21 45 42 0
21 8 45 42 0
8 21 43 44 0
21 8 43 44 0
8 21 44 43 0
21 8 44 43 0
9 20 36 51 0
20 9 36 51 0
9 20 51 36 0
20 9 51 36 0
9 20 37 50 0
20 9 37 50 0
9 20 50 37 0
20 9 50 37 0
9 20 38 49 0
20 9 38 49 0
9 20 49 38 0
20 9 49 38 0
9 20 39 48 0
20 9 39 48 0
9 20 48 39 0
20 9 48 39 0
9 20 40 47 1
20 9 40 47 1
9 20 47 40 1
20 9 47 40 1
9 20 41 46 2
20 9 41 46 2
9 20 46 41 2
20 9 46 41 2
9 20 42 45 3
20 9 42 45 3
9 20 45 42 3
20 9 45 42 3
9 20 43 44 3
20 9 43 44 3
9 20 44 43 3
20 9 44 43 3
7 22 31 56 0
22 7 31 56 0
7 22 56 31 0
22 7 56 31 0
7 22 32 55 0
22 7 32 55 0
7 22 55 32 0
22 7 55 32 0
7 22 33 54 0
22 7 33 54 0
7 22 54 33 0
22 7 54 33 0
7 22 34 53 0
22 7 34 53 0
7 22 53 34 0
22 7 53 34 0
7 22 35 52 0
22 7 35 52 0
7 22 52 35 0
22 7 52 35 0
8 21 31 56 0
21 8 31 56 0
8 21 56 31 0
21 8 56 31 0
8 21 32 55 0
21 8 32 55 0
8 21 55 32 0
21 8 55 32 0
8 21 33 54 0
21 8 33 54 0
8 21 54 33 0
21 8 54 33 0
8 21 34 53 0
21 8 34 53 0
8 21 53 34 0
21 8 53 34 0
8 21 35 52 0
21 8 35 52 0
8 21 52 35 0
21 8 52 35 0
9 20 31 56 0
20 9 31 56 0
9 20 56 31 0
20 9 56 31 0
9 20 32 55 0
20 9 32 55 0
9 20 55 32 0
20 9 55 32 0
9 20 33 54 0
20 9 33 54 0
9 20 54 33 0
20 9 54 33 0
9 20 34 53 0
20 9 34 53 0
9 20 53 34 0
20 9 53 34 0
9 20 35 52 0
20 9 35 52 0
9 20 52 35 0
20 9 52 35 0
10 19 31 56 0
19 10 31 56 0
10 19 56 31 0
19 10 56 31 0
10 19 32 55 0
19 10 32 55 0
10 19 55 32 0
19 10 55 32 0
10 19 33 54 0
19 10 33 54 0
10 19 54 33 0
19 10 54 33 0
10 19 34 53 0
19 10 34 53 0
10 19 53 34 0
19 10 53 34 0
10 19 35 52 1
19 10 35 52 1
10 19 52 35 1
19 10 52 35 1
10 19 36 51 3
19 10 36 51 3
10 19 51 36 3
19 10 51 36 3
10 19 37 50 7
19 10 37 50 7
10 19 50 37 7
19 10 50 37 7
10 19 38 49 13
19 10 38 49 13
10 19 49 38 13
19 10 49 38 13
10 19 39 48 21
19 10 39 48 21
10 19 48 39 21
19 10 48 39 21
10 19 40 47 31
19 10 40 47 31
10 19 47 40 31
19 10 47 40 31
10 19 41 46 41
19 10 41 46 41
10 19 46 41 41
19 10 46 41 41
10 19 42 45 49
19 10 42 45 49
10 19 45 42 49
19 10 45 42 49
10 19 43 44 53
19 10 43 44 53
10 19 44 43 53
19 10 44 43 53
8 21 28 59 0
21 8 28 59 0
8 21 59 28 0
21 8 59 28 0
8 21 29 58 0
21 8 29 58 0
8 21 58 29 0
21 8 58 29 0
8 21 30 57 0
21 8 30 57 0
8 21 57 30 0
21 8 57 30 0
9 20 28 59 0
20 9 28 59 0
9 20 59 28 0
20 9 59 28 0
9 20 29 58 0
20 9 29 58 0
9 20 58 29 0
20 9 58 29 0
9 20 30 57 0
20 9 30 57 0
9 20 57 30 0
20 9 57 30 0
10 19 28 59 0
19 10 28 59 0
10 19 59 28 0
19 10 59 28 0
10 19 29 58 0
19 10 29 58 0
10 19 58 29 0
19 10 58 29 0
10 19 30 57 0
19 10 30 57 0
10 19 57 30 0
19 10 57 30 0
11 18 28 59 0
18 11 28 59 0
11 18 59 28 0
18 11 59 28 0
11 18 29 58 0
18 11 29 58 0
11 18 58 29 0
18 11 58 29 0
11 18 30 57 0
18 11 30 57 0
11 18 57 30 0
18 11 57 30 0
11 18 31 56 0
18 11 31 56 0
11 18 56 31 0
18 11 56 31 0
11 18 32 55 1
18 11 32 55 1
11 18 55 32 1
18 11 55 32 1
11 18 33 54 3
18 11 33 54 3
11 18 54 33 3
18 11 54 33 3
11 18 34 53 8
18 11 34 53 8
11 18 53 34 8
18 11 53 34 8
11 18 35 52 18
18 11 35 52 18
11 18 52 35 18
18 11 52 35 18
11 18 36 51 36
18 11 36 51 36
11 18 51 36 36
18 11 51 36 36
11 18 37 50 63
18 11 37 50 63
11 18 50 37 63
18 11 50 37 63
11 18 38 49 101
18 11 38 49 101
11 18 49 38 101
18 11 49 38 101
11 18 39 48 146
18 11 39 48 146
11 18 48 39 146
18 11 48 39 146
11 18 40 47 196
18 11 40 47 196
11 18 47 40 196
18 11 47 40 196
11 18 41 46 243
18 11 41 46 243
11 18 46 41 243
18 11 46 41 243
11 18 42 45 280
18 11 42 45 280
11 18 45 42 280
18 11 45 42 280
11 18 43 44 300
18 11 43 44 300
11 18 44 43 300
18 11 44 43 300
9 20 27 60 0
20 9 27 60 0
9 20 60 27 0
20 9 60 27 0
10 19 27 60 0
19 10 27 60 0
10 19 60 27 0
19 10 60 27 0
11 18 27 60 0
18 11 27 60 0
11 18 60 27 0
18 11 60 27 0
12 17 27 60 0
17 12 27 60 0
12 17 60 27 0
17 12 60 27 0
12 17 28 59 0
17 12 28 59 0
12 17 59 28 0
17 12 59 28 0
12 17 29 58 0
17 12 29 58 0
12 17 58 29 0
17 12 58 29 0
12 17 30 57 0
17 12 30 57 0
12 17 57 30 0
17 12 57 30 0
12 17 31 56 1
17 12 31 56 1
12 17 56 31 1
17 12 56 31 1
12 17 32 55 5
17 12 32 55 5
12 17 55 32 5
17 12 55 32 5
12 17 33 54 15
17 12 33 54 15
12 17 54 33 15
17 12 54 33 15
12 17 34 53 36
17 12 34 53 36
12 17 53 34 36
17 12 53 34 36
12 17 35 52 75
17 12 35 52 75
12 17 52 35 75
17 12 52 35 75
12 17 36 51 137
17 12 36 51 137
12 17 51 36 137
17 12 51 36 137
12 17 37 50 226
17 12 37 50 226
12 17 50 37 226
17 12 50 37 226
12 17 38 49 342
17 12 38 49 342
12 17 49 38 342
17 12 49 38 342
12 17 39 48 477
17 12 39 48 477
12 17 48 39 477
17 12 48 39 477
12 17 40 47 619
17 12 40 47 619
12 17 47 40 619
17 12 47 40 619
12 17 41 46 750
17 12 41 46 750
12 17 46 41 750
17 12 46 41 750
12 17 42 45 851
17 12 42 45 851
12 17 45 42 851
17 12 45 42 851
12 17 43 44 906
17 12 43 44 906
12 17 44 43 906
17 12 44 43 906
13 16 28 59 0
16 13 28 59 0
13 16 59 28 0
16 13 59 28 0
13 16 29 58 0
16 13 29 58 0
13 16 58 29 0
16 13 58 29 0
13 16 30 57 1
16 13 30 57 1
13 16 57 30 1
16 13 57 30 1
13 16 31 56 5
16 13 31 56 5
13 16 56 31 5
16 13 56 31 5
13 16 32 55 17
16 13 32 55 17
13 16 55 32 17
16 13 55 32 17
13 16 33 54 43
16 13 33 54 43
13 16 54 33 43
16 13 54 33 43
13 16 34 53 94
16 13 34 53 94
13 16 53 34 94
16 13 53 34 94
13 16 35 52 181
16 13 35 52 181
13 16 52 35 181
16 13 52 35 181
13 16 36 51 314
16 13 36 51 314
13 16 51 36 314
16 13 51 36 314
13 16 37 50 497
16 13 37 50 497
13 16 50 37 497
16 13 50 37 497
13 16 38 49 729
16 13 38 49 729
13 16 49 38 729
16 13 49 38 729
13 16 39 48 993
16 13 39 48 993
13 16 48 39 993
16 13 48 39 993
13 16 40 47 1266
16 13 40 47 1266
13 16 47 40 1266
16 13 47 40 1266
13 16 41 46 1514
16 13 41 46 1514
13 16 46 41 1514
16 13 46 41 1514
13 16 42 45 1704
16 13 42 45 1704
13 16 45 42 1704
16 13 45 42 1704
13 16 43 44 1807
16 13 43 44 1807
13 16 44 43 1807
16 13 44 43 1807
14 15 31 56 9
15 14 31 56 9
14 15 56 31 9
15 14 56 31 9
14 15 32 55 28
15 14 32 55 28
14 15 55 32 28
15 14 55 32 28
14 15 33 54 68
15 14 33 54 68
14 15 54 33 68
15 14 54 33 68
14 15 34 53 144
15 14 34 53 144
14 15 53 34 144
15 14 53 34 144
14 15 35 52 271
15 14 35 52 271
14 15 52 35 271
15 14 52 35 271
14 15 36 51 461
15 14 36 51 461
14 15 51 36 461
15 14 51 36 461
14 15 37 50 719
15 14 37 50 719
14 15 50 37 719
15 14 50 37 719
14 15 38 49 1041
15 14 38 49 1041
14 15 49 38 1041
15 14 49 38 1041
14 15 39 48 1405
15 14 39 48 1405
14 15 48 39 1405
15 14 48 39 1405
14 15 40 47 1778
15 14 40 47 1778
14 15 47 40 1778
15 14 47 40 1778
14 15 41 46 2115
15 14 41 46 2115
14 15 46 41 2115
15 14 46 41 2115
14 15 42 45 2372
15 14 42 45 2372
14 15 45 42 2372
15 14 45 42 2372
14 15 43 44 2511
15 14 43 44 2511
14 15 44 43 2511
15 14 44 43 2511
9 20 26 61 0
20 9 26 61 0
9 20 61 26 0
20 9 61 26 0
10 19 26 61 0
19 10 26 61 0
10 19 61 26 0
19 10 61 26 0
11 18 26 61 0
18 11 26 61 0
11 18 61 26 0
18 11 61 26 0
12 17 26 61 0
17 12 26 61 0
12 17 61 26 0
17 12 61 26 0
10 19 24 63 0
19 10 24 63 0
10 19 63 24 0
19 10 63 24 0
10 19 25 62 0
19 10 25 62 0
10 19 62 25 0
19 10 62 25 0
11 18 24 63 0
18 11 24 63 0
11 18 63 24 0
18 11 63 24 0
11 18 25 62 0
18 11 25 62 0
11 18 62 25 0
18 11 62 25 0
12 17 24 63 0
17 12 24 63 0
12 17 63 24 0
17 12 63 24 0
12 17 25 62 0
17 12 25 62 0
12 17 62 25 0
17 12 62 25 0
13 16 24 63 0
16 13 24 63 0
13 16 63 24 0
16 13 63 24 0
13 16 25 62 0
16 13 25 62 0
13 16 62 25 0
16 13 62 25 0
13 16 26 61 0
16 13 26 61 0
13 16 61 26 0
16 13 61 26 0
13 16 27 60 0
16 13 27 60 0
13 16 60 27 0
16 13 60 27 0
14 15 24 63 0
15 14 24 63 0
14 15 63 24 0
15 14 63 24 0
14 15 25 62 0
15 14 25 62 0
14 15 62 25 0
15 14 62 25 0
14 15 26 61 0
15 14 26 61 0
14 15 61 26 0
15 14 61 26 0
14 15 27 60 0
15 14 27 60 0
14 15 60 27 0
15 14 60 27 0
14 15 28 59 0
15 14 28 59 0
14 15 59 28 0
15 14 59 28 0
14 15 29 58 0
15 14 29 58 0
14 15 58 29 0
15 14 58 29 0
14 15 30 57 2
15 14 30 57 2
14 15 57 30 2
15 14 57 30 2
11 18 23 64 0
18 11 23 64 0
11 18 64 23 0
18 11 64 23 0
12 17 23 64 0
17 12 23 64 0
12 17 64 23 0
17 12 64 23 0
13 16 23 64 0
16 13 23 64 0
13 16 64 23 0
16 13 64 23 0
14 15 23 64 0
15 14 23 64 0
14 15 64 23 0
15 14 64 23 0
12 17 22 65 0
17 12 22 65 0
12 17 65 22 0
17 12 65 22 0
13 16 22 65 0
16 13 22 65 0
13 16 65 22 0
16 13 65 22 0
14 15 22 65 0
15 14 22 65 0
14 15 65 22 0
15 14 65 22 0
