0 7 3 18 0
7 0 3 18 0
0 7 18 3 0
7 0 18 3 0
0 7 4 17 0
7 0 4 17 0
0 7 17 4 0
7 0 17 4 0
0 7 5 16 0
7 0 5 16 0
0 7 16 5 0
7 0 16 5 0
0 7 6 15 1
7 0 6 15 1
0 7 15 6 1
7 0 15 6 1
1 6 3 18 1
6 1 3 18 1
1 6 18 3 1
6 1 18 3 1
1 6 4 17 3
6 1 4 17 3
1 6 17 4 3
6 1 17 4 3
1 6 5 16 6
6 1 5 16 6
1 6 16 5 6
6 1 16 5 6
1 6 6 15 11
6 1 6 15 11
1 6 15 6 11
6 1 15 6 11
0 7 7 14 1
7 0 7 14 1
0 7 14 7 1
7 0 14 7 1
1 6 7 14 16
6 1 7 14 16
1 6 14 7 16
6 1 14 7 16
0 7 8 13 2
7 0 8 13 2
0 7 13 8 2
7 0 13 8 2
1 6 8 13 22
6 1 8 13 22
1 6 13 8 22
6 1 13 8 22
0 7 9 12 3
7 0 9 12 3
0 7 12 9 3
7 0 12 9 3
1 6 9 12 27
6 1 9 12 27
1 6 12 9 27
6 1 12 9 27
0 7 10 11 3
7 0 10 11 3
0 7 11 10 3
7 0 11 10 3
1 6 10 11 29
6 1 10 11 29
1 6 11 10 29
6 1 11 10 29
1 6 1 20 0
6 1 1 20 0
1 6 20 1 0
6 1 20 1 0
1 6 2 19 0
6 1 2 19 0
1 6 19 2 0
6 1 19 2 0
2 5 1 20 0
5 2 1 20 0
2 5 20 1 0
5 2 20 1 0
2 5 2 19 1
5 2 2 19 1
2 5 19 2 1
5 2 19 2 1
2 5 3 18 4
5 2 3 18 4
2 5 18 3 4
5 2 18 3 4
2 5 4 17 11
5 2 4 17 11
2 5 17 4 11
5 2 17 4 11
2 5 5 16 20
5 2 5 16 20
2 5 16 5 20
5 2 16 5 20
2 5 6 15 33
5 2 6 15 33
2 5 15 6 33
5 2 15 6 33
2 5 7 14 48
5 2 7 14 48
2 5 14 7 48
5 2 14 7 48
2 5 8 13 64
5 2 8 13 64
2 5 13 8 64
5 2 13 8 64
2 5 9 12 76
5 2 9 12 76
2 5 12 9 76
5 2 12 9 76
2 5 10 11 82
5 2 10 11 82
2 5 11 10 82
5 2 11 10 82
3 4 1 20 0
4 3 1 20 0
3 4 20 1 0
4 3 20 1 0
3 4 2 19 2
4 3 2 19 2
3 4 19 2 2
4 3 19 2 2
3 4 3 18 8
4 3 3 18 8
3 4 18 3 8
4 3 18 3 8
3 4 4 17 19
4 3 4 17 19
3 4 17 4 19
4 3 17 4 19
3 4 5 16 34
4 3 5 16 34
3 4 16 5 34
4 3 16 5 34
3 4 6 15 55
4 3 6 15 55
3 4 15 6 55
4 3 15 6 55
3 4 7 14 79
4 3 7 14 79
3 4 14 7 79
4 3 14 7 79
3 4 8 13 104
4 3 8 13 104
3 4 13 8 104
4 3 13 8 104
3 4 9 12 123
4 3 9 12 123
3 4 12 9 123
4 3 12 9 123
3 4 10 11 132
4 3 10 11 132
3 4 11 10 132
4 3 11 10 132
3 4 0 21 0
4 3 0 21 0
3 4 21 0 0
4 3 21 0 0
