0 11 10 23 0
11 0 10 23 0
0 11 23 10 0
11 0 23 10 0
0 11 11 22 0
11 0 11 22 0
0 11 22 11 0
11 0 22 11 0
0 11 12 21 0
11 0 12 21 0
0 11 21 12 0
11 0 21 12 0
0 11 13 20 0
11 0 13 20 0
0 11 20 13 0
11 0 20 13 0
1 10 10 23 0
10 1 10 23 0
1 10 23 10 0
10 1 23 10 0
1 10 11 22 0
10 1 11 22 0
1 10 22 11 0
10 1 22 11 0
1 10 12 21 0
10 1 12 21 0
1 10 21 12 0
10 1 21 12 0
1 10 13 20 0
10 1 13 20 0
1 10 20 13 0
10 1 20 13 0
0 11 14 19 0
11 0 14 19 0
0 11 19 14 0
11 0 19 14 0
1 10 14 19 0
10 1 14 19 0
1 10 19 14 0
10 1 19 14 0
0 11 15 18 0
11 0 15 18 0
0 11 18 15 0
11 0 18 15 0
1 10 15 18 0
10 1 15 18 0
1 10 18 15 0
10 1 18 15 0
1 10 6 27 0
10 1 6 27 0
1 10 27 6 0
10 1 27 6 0
1 10 7 26 0
10 1 7 26 0
1 10 26 7 0
10 1 26 7 0
1 10 8 25 0
10 1 8 25 0
1 10 25 8 0
10 1 25 8 0
1 10 9 24 0
10 1 9 24 0
1 10 24 9 0
10 1 24 9 0
2 9 6 27 0
9 2 6 27 0
2 9 27 6 0
9 2 27 6 0
2 9 7 26 1
9 2 7 26 1
2 9 26 7 1
9 2 26 7 1
2 9 8 25 2
9 2 8 25 2
2 9 25 8 2
9 2 25 8 2
2 9 9 24 5
9 2 9 24 5
2 9 24 9 5
9 2 24 9 5
2 9 10 23 8
9 2 10 23 8
2 9 23 10 8
9 2 23 10 8
2 9 11 22 13
9 2 11 22 13
2 9 22 11 13
9 2 22 11 13
2 9 12 21 18
9 2 12 21 18
2 9 21 12 18
9 2 21 12 18
2 9 13 20 24
9 2 13 20 24
2 9 20 13 24
9 2 20 13 24
2 9 14 19 29
9 2 14 19 29
2 9 19 14 29
9 2 19 14 29
2 9 15 18 33
9 2 15 18 33
2 9 18 15 33
9 2 18 15 33
3 8 6 27 1
8 3 6 27 1
3 8 27 6 1
8 3 27 6 1
3 8 7 26 4
8 3 7 26 4
3 8 26 7 4
8 3 26 7 4
3 8 8 25 9
8 3 8 25 9
3 8 25 8 9
8 3 25 8 9
3 8 9 24 19
8 3 9 24 19
3 8 24 9 19
8 3 24 9 19
3 8 10 23 33
8 3 10 23 33
3 8 23 10 33
8 3 23 10 33
3 8 11 22 52
8 3 11 22 52
3 8 22 11 52
8 3 22 11 52
3 8 12 21 74
8 3 12 21 74
3 8 21 12 74
8 3 21 12 74
3 8 13 20 98
8 3 13 20 98
3 8 20 13 98
8 3 20 13 98
3 8 14 19 120
8 3 14 19 120
3 8 19 14 120
8 3 19 14 120
3 8 15 18 137
8 3 15 18 137
3 8 18 15 137
8 3 18 15 137
0 11 16 17 0
11 0 16 17 0
0 11 17 16 0
11 0 17 16 0
1 10 16 17 0
10 1 16 17 0
1 10 17 16 0
10 1 17 16 0
2 9 16 17 35
9 2 16 17 35
2 9 17 16 35
9 2 17 16 35
3 8 16 17 146
8 3 16 17 146
3 8 17 16 146
8 3 17 16 146
2 9 4 29 0
9 2 4 29 0
2 9 29 4 0
9 2 29 4 0
2 9 5 28 0
9 2 5 28 0
2 9 28 5 0
9 2 28 5 0
3 8 4 29 0
8 3 4 29 0
3 8 29 4 0
8 3 29 4 0
3 8 5 28 0
8 3 5 28 0
3 8 28 5 0
8 3 28 5 0
3 8 3 30 0
8 3 3 30 0
3 8 30 3 0
8 3 30 3 0
4 7 3 30 0
7 4 3 30 0
4 7 30 3 0
7 4 30 3 0
4 7 4 29 0
7 4 4 29 0
4 7 29 4 0
7 4 29 4 0
4 7 5 28 1
7 4 5 28 1
4 7 28 5 1
7 4 28 5 1
4 7 6 27 4
7 4 6 27 4
4 7 27 6 4
7 4 27 6 4
4 7 7 26 12
7 4 7 26 12
4 7 26 7 12
7 4 26 7 12
4 7 8 25 25
7 4 8 25 25
4 7 25 8 25
7 4 25 8 25
4 7 9 24 49
7 4 9 24 49
4 7 24 9 49
7 4 24 9 49
4 7 10 23 82
7 4 10 23 82
4 7 23 10 82
7 4 23 10 82
4 7 11 22 126
7 4 11 22 126
4 7 22 11 126
7 4 22 11 126
4 7 12 21 176
7 4 12 21 176
4 7 21 12 176
7 4 21 12 176
4 7 13 20 230
7 4 13 20 230
4 7 20 13 230
7 4 20 13 230
4 7 14 19 279
7 4 14 19 279
4 7 19 14 279
7 4 19 14 279
4 7 15 18 317
7 4 15 18 317
4 7 18 15 317
7 4 18 15 317
4 7 16 17 337
7 4 16 17 337
4 7 17 16 337
7 4 17 16 337
5 6 4 29 0
6 5 4 29 0
5 6 29 4 0
6 5 29 4 0
5 6 5 28 2
6 5 5 28 2
5 6 28 5 2
6 5 28 5 2
5 6 6 27 7
6 5 6 27 7
5 6 27 6 7
6 5 27 6 7
5 6 7 26 19
6 5 7 26 19
5 6 26 7 19
6 5 26 7 19
5 6 8 25 39
6 5 8 25 39
5 6 25 8 39
6 5 25 8 39
5 6 9 24 74
6 5 9 24 74
5 6 24 9 74
6 5 24 9 74
5 6 10 23 123
6 5 10 23 123
5 6 23 10 123
6 5 23 10 123
5 6 11 22 187
6 5 11 22 187
5 6 22 11 187
6 5 22 11 187
5 6 12 21 260
6 5 12 21 260
5 6 21 12 260
6 5 21 12 260
5 6 13 20 338
6 5 13 20 338
5 6 20 13 338
6 5 20 13 338
5 6 14 19 409
6 5 14 19 409
5 6 19 14 409
6 5 19 14 409
5 6 15 18 464
6 5 15 18 464
5 6 18 15 464
6 5 18 15 464
5 6 16 17 493
6 5 16 17 493
5 6 17 16 493
6 5 17 16 493
4 7 2 31 0
7 4 2 31 0
4 7 31 2 0
7 4 31 2 0
5 6 2 31 0
6 5 2 31 0
5 6 31 2 0
6 5 31 2 0
5 6 3 30 0
6 5 3 30 0
5 6 30 3 0
6 5 30 3 0
