1 16 21 30 0
16 1 21 30 0
1 16 30 21 0
16 1 30 21 0
1 16 22 29 0
16 1 22 29 0
1 16 29 22 0
16 1 29 22 0
1 16 23 28 0
16 1 23 28 0
1 16 28 23 0
16 1 28 23 0
1 16 24 27 0
16 1 24 27 0
1 16 27 24 0
16 1 27 24 0
2 15 21 30 0
15 2 21 30 0
2 15 30 21 0
15 2 30 21 0
2 15 22 29 0
15 2 22 29 0
2 15 29 22 0
15 2 29 22 0
2 15 23 28 0
15 2 23 28 0
2 15 28 23 0
15 2 28 23 0
2 15 24 27 0
15 2 24 27 0
2 15 27 24 0
15 2 27 24 0
1 16 25 26 0
16 1 25 26 0
1 16 26 25 0
16 1 26 25 0
2 15 25 26 0
15 2 25 26 0
2 15 26 25 0
15 2 26 25 0
3 14 21 30 0
14 3 21 30 0
3 14 30 21 0
14 3 30 21 0
3 14 22 29 0
14 3 22 29 0
3 14 29 22 0
14 3 29 22 0
3 14 23 28 0
14 3 23 28 0
3 14 28 23 0
14 3 28 23 0
3 14 24 27 0
14 3 24 27 0
3 14 27 24 0
14 3 27 24 0
3 14 25 26 0
14 3 25 26 0
3 14 26 25 0
14 3 26 25 0
2 15 16 35 0
15 2 16 35 0
2 15 35 16 0
15 2 35 16 0
2 15 17 34 0
15 2 17 34 0
2 15 34 17 0
15 2 34 17 0
2 15 18 33 0
15 2 18 33 0
2 15 33 18 0
15 2 33 18 0
2 15 19 32 0
15 2 19 32 0
2 15 32 19 0
15 2 32 19 0
3 14 16 35 0
14 3 16 35 0
3 14 35 16 0
14 3 35 16 0
3 14 17 34 0
14 3 17 34 0
3 14 34 17 0
14 3 34 17 0
3 14 18 33 0
14 3 18 33 0
3 14 33 18 0
14 3 33 18 0
3 14 19 32 0
14 3 19 32 0
3 14 32 19 0
14 3 32 19 0
2 15 20 31 0
15 2 20 31 0
2 15 31 20 0
15 2 31 20 0
3 14 20 31 0
14 3 20 31 0
3 14 31 20 0
14 3 31 20 0
3 14 15 36 0
14 3 15 36 0
3 14 36 15 0
14 3 36 15 0
4 13 15 36 0
13 4 15 36 0
4 13 36 15 0
13 4 36 15 0
4 13 16 35 0
13 4 16 35 0
4 13 35 16 0
13 4 35 16 0
4 13 17 34 0
13 4 17 34 0
4 13 34 17 0
13 4 34 17 0
4 13 18 33 0
13 4 18 33 0
4 13 33 18 0
13 4 33 18 0
4 13 19 32 0
13 4 19 32 0
4 13 32 19 0
13 4 32 19 0
4 13 20 31 0
13 4 20 31 0
4 13 31 20 0
13 4 31 20 0
4 13 21 30 0
13 4 21 30 0
4 13 30 21 0
13 4 30 21 0
4 13 22 29 0
13 4 22 29 0
4 13 29 22 0
13 4 29 22 0
4 13 23 28 0
13 4 23 28 0
4 13 28 23 0
13 4 28 23 0
4 13 24 27 0
13 4 24 27 0
4 13 27 24 0
13 4 27 24 0
4 13 25 26 0
13 4 25 26 0
4 13 26 25 0
13 4 26 25 0
5 12 16 35 0
12 5 16 35 0
5 12 35 16 0
12 5 35 16 0
5 12 17 34 0
12 5 17 34 0
5 12 34 17 0
12 5 34 17 0
5 12 18 33 0
12 5 18 33 0
5 12 33 18 0
12 5 33 18 0
5 12 19 32 0
12 5 19 32 0
5 12 32 19 0
12 5 32 19 0
5 12 20 31 0
12 5 20 31 0
5 12 31 20 0
12 5 31 20 0
5 12 21 30 0
12 5 21 30 0
5 12 30 21 0
12 5 30 21 0
5 12 22 29 0
12 5 22 29 0
5 12 29 22 0
12 5 29 22 0
5 12 23 28 0
12 5 23 28 0
5 12 28 23 0
12 5 28 23 0
5 12 24 27 0
12 5 24 27 0
5 12 27 24 0
12 5 27 24 0
5 12 25 26 0
12 5 25 26 0
5 12 26 25 0
12 5 26 25 0
3 14 13 38 0
14 3 13 38 0
3 14 38 13 0
14 3 38 13 0
3 14 14 37 0
14 3 14 37 0
3 14 37 14 0
14 3 37 14 0
4 13 13 38 0
13 4 13 38 0
4 13 38 13 0
13 4 38 13 0
4 13 14 37 0
13 4 14 37 0
4 13 37 14 0
13 4 37 14 0
4 13 11 40 0
13 4 11 40 0
4 13 40 11 0
13 4 40 11 0
4 13 12 39 0
13 4 12 39 0
4 13 39 12 0
13 4 39 12 0
5 12 11 40 0
12 5 11 40 0
5 12 40 11 0
12 5 40 11 0
5 12 12 39 0
12 5 12 39 0
5 12 39 12 0
12 5 39 12 0
5 12 13 38 0
12 5 13 38 0
5 12 38 13 0
12 5 38 13 0
5 12 14 37 0
12 5 14 37 0
5 12 37 14 0
12 5 37 14 0
5 12 15 36 0
12 5 15 36 0
5 12 36 15 0
12 5 36 15 0
6 11 11 40 0
11 6 11 40 0
6 11 40 11 0
11 6 40 11 0
6 11 12 39 0
11 6 12 39 0
6 11 39 12 0
11 6 39 12 0
6 11 13 38 0
11 6 13 38 0
6 11 38 13 0
11 6 38 13 0
6 11 14 37 0
11 6 14 37 0
6 11 37 14 0
11 6 37 14 0
6 11 15 36 0
11 6 15 36 0
6 11 36 15 0
11 6 36 15 0
6 11 16 35 0
11 6 16 35 0
6 11 35 16 0
11 6 35 16 0
6 11 17 34 0
11 6 17 34 0
6 11 34 17 0
11 6 34 17 0
6 11 18 33 0
11 6 18 33 0
6 11 33 18 0
11 6 33 18 0
6 11 19 32 0
11 6 19 32 0
6 11 32 19 0
11 6 32 19 0
6 11 20 31 0
11 6 20 31 0
6 11 31 20 0
11 6 31 20 0
6 11 21 30 0
11 6 21 30 0
6 11 30 21 0
11 6 30 21 0
6 11 22 29 0
11 6 22 29 0
6 11 29 22 0
11 6 29 22 0
6 11 23 28 0
11 6 23 28 0
6 11 28 23 0
11 6 28 23 0
6 11 24 27 0
11 6 24 27 0
6 11 27 24 0
11 6 27 24 0
6 11 25 26 0
11 6 25 26 0
6 11 26 25 0
11 6 26 25 0
7 10 13 38 0
10 7 13 38 0
7 10 38 13 0
10 7 38 13 0
7 10 14 37 0
10 7 14 37 0
7 10 37 14 0
10 7 37 14 0
7 10 15 36 0
10 7 15 36 0
7 10 36 15 0
10 7 36 15 0
7 10 16 35 0
10 7 16 35 0
7 10 35 16 0
10 7 35 16 0
7 10 17 34 0
10 7 17 34 0
7 10 34 17 0
10 7 34 17 0
7 10 18 33 0
10 7 18 33 0
7 10 33 18 0
10 7 33 18 0
7 10 19 32 0
10 7 19 32 0
7 10 32 19 0
10 7 32 19 0
7 10 20 31 0
10 7 20 31 0
7 10 31 20 0
10 7 31 20 0
7 10 21 30 0
10 7 21 30 0
7 10 30 21 0
10 7 30 21 0
7 10 22 29 0
10 7 22 29 0
7 10 29 22 0
10 7 29 22 0
7 10 23 28 0
10 7 23 28 0
7 10 28 23 0
10 7 28 23 0
7 10 24 27 0
10 7 24 27 0
7 10 27 24 0
10 7 27 24 0
7 10 25 26 0
10 7 25 26 0
7 10 26 25 0
10 7 26 25 0
5 12 9 42 0
12 5 9 42 0
5 12 42 9 0
12 5 42 9 0
5 12 10 41 0
12 5 10 41 0
5 12 41 10 0
12 5 41 10 0
6 11 9 42 0
11 6 9 42 0
6 11 42 9 0
11 6 42 9 0
6 11 10 41 0
11 6 10 41 0
6 11 41 10 0
11 6 41 10 0
6 11 8 43 0
11 6 8 43 0
6 11 43 8 0
11 6 43 8 0
7 10 8 43 0
10 7 8 43 0
7 10 43 8 0
10 7 43 8 0
7 10 9 42 0
10 7 9 42 0
7 10 42 9 0
10 7 42 9 0
7 10 10 41 0
10 7 10 41 0
7 10 41 10 0
10 7 41 10 0
7 10 11 40 0
10 7 11 40 0
7 10 40 11 0
10 7 40 11 0
7 10 12 39 0
10 7 12 39 0
7 10 39 12 0
10 7 39 12 0
8 9 9 42 0
9 8 9 42 0
8 9 42 9 0
9 8 42 9 0
8 9 10 41 0
9 8 10 41 0
8 9 41 10 0
9 8 41 10 0
8 9 11 40 0
9 8 11 40 0
8 9 40 11 0
9 8 40 11 0
8 9 12 39 0
9 8 12 39 0
8 9 39 12 0
9 8 39 12 0
8 9 13 38 0
9 8 13 38 0
8 9 38 13 0
9 8 38 13 0
8 9 14 37 0
9 8 14 37 0
8 9 37 14 0
9 8 37 14 0
8 9 15 36 0
9 8 15 36 0
8 9 36 15 0
9 8 36 15 0
8 9 16 35 0
9 8 16 35 0
8 9 35 16 0
9 8 35 16 0
8 9 17 34 0
9 8 17 34 0
8 9 34 17 0
9 8 34 17 0
8 9 18 33 0
9 8 18 33 0
8 9 33 18 0
9 8 33 18 0
8 9 19 32 0
9 8 19 32 0
8 9 32 19 0
9 8 32 19 0
8 9 20 31 0
9 8 20 31 0
8 9 31 20 0
9 8 31 20 0
8 9 21 30 0
9 8 21 30 0
8 9 30 21 0
9 8 30 21 0
8 9 22 29 0
9 8 22 29 0
8 9 29 22 0
9 8 29 22 0
8 9 23 28 0
9 8 23 28 0
8 9 28 23 0
9 8 28 23 0
8 9 24 27 0
9 8 24 27 0
8 9 27 24 0
9 8 27 24 0
8 9 25 26 0
9 8 25 26 0
8 9 26 25 0
9 8 26 25 0
7 10 7 44 0
10 7 7 44 0
7 10 44 7 0
10 7 44 7 0
8 9 7 44 0
9 8 7 44 0
8 9 44 7 0
9 8 44 7 0
8 9 8 43 0
9 8 8 43 0
8 9 43 8 0
9 8 43 8 0
