7 24 42 51 0
24 7 42 51 0
7 24 51 42 0
24 7 51 42 0
7 24 43 50 0
24 7 43 50 0
7 24 50 43 0
24 7 50 43 0
7 24 44 49 0
24 7 44 49 0
7 24 49 44 0
24 7 49 44 0
7 24 45 48 0
24 7 45 48 0
7 24 48 45 0
24 7 48 45 0
7 24 46 47 0
24 7 46 47 0
7 24 47 46 0
24 7 47 46 0
8 23 42 51 0
23 8 42 51 0
8 23 51 42 0
23 8 51 42 0
8 23 43 50 0
23 8 43 50 0
8 23 50 43 0
23 8 50 43 0
8 23 44 49 0
23 8 44 49 0
8 23 49 44 0
23 8 49 44 0
8 23 45 48 0
23 8 45 48 0
8 23 48 45 0
23 8 48 45 0
8 23 46 47 0
23 8 46 47 0
8 23 47 46 0
23 8 47 46 0
9 22 42 51 0
22 9 42 51 0
9 22 51 42 0
22 9 51 42 0
9 22 43 50 0
22 9 43 50 0
9 22 50 43 0
22 9 50 43 0
9 22 44 49 0
22 9 44 49 0
9 22 49 44 0
22 9 49 44 0
9 22 45 48 0
22 9 45 48 0
9 22 48 45 0
22 9 48 45 0
9 22 46 47 0
22 9 46 47 0
9 22 47 46 0
22 9 47 46 0
10 21 42 51 0
21 10 42 51 0
10 21 51 42 0
21 10 51 42 0
10 21 43 50 0
21 10 43 50 0
10 21 50 43 0
21 10 50 43 0
10 21 44 49 0
21 10 44 49 0
10 21 49 44 0
21 10 49 44 0
10 21 45 48 0
21 10 45 48 0
10 21 48 45 0
21 10 48 45 0
10 21 46 47 0
21 10 46 47 0
10 21 47 46 0
21 10 47 46 0
8 23 36 57 0
23 8 36 57 0
8 23 57 36 0
23 8 57 36 0
8 23 37 56 0
23 8 37 56 0
8 23 56 37 0
23 8 56 37 0
8 23 38 55 0
23 8 38 55 0
8 23 55 38 0
23 8 55 38 0
8 23 39 54 0
23 8 39 54 0
8 23 54 39 0
23 8 54 39 0
8 23 40 53 0
23 8 40 53 0
8 23 53 40 0
23 8 53 40 0
8 23 41 52 0
23 8 41 52 0
8 23 52 41 0
23 8 52 41 0
9 22 36 57 0
22 9 36 57 0
9 22 57 36 0
22 9 57 36 0
9 22 37 56 0
22 9 37 56 0
9 22 56 37 0
22 9 56 37 0
9 22 38 55 0
22 9 38 55 0
9 22 55 38 0
22 9 55 38 0
9 22 39 54 0
22 9 39 54 0
9 22 54 39 0
22 9 54 39 0
9 22 40 53 0
22 9 40 53 0
9 22 53 40 0
22 9 53 40 0
9 22 41 52 0
22 9 41 52 0
9 22 52 41 0
22 9 52 41 0
10 21 36 57 0
21 10 36 57 0
10 21 57 36 0
21 10 57 36 0
10 21 37 56 0
21 10 37 56 0
10 21 56 37 0
21 10 56 37 0
10 21 38 55 0
21 10 38 55 0
10 21 55 38 0
21 10 55 38 0
10 21 39 54 0
21 10 39 54 0
10 21 54 39 0
21 10 54 39 0
10 21 40 53 0
21 10 40 53 0
10 21 53 40 0
21 10 53 40 0
10 21 41 52 0
21 10 41 52 0
10 21 52 41 0
21 10 52 41 0
11 20 36 57 0
20 11 36 57 0
11 20 57 36 0
20 11 57 36 0
11 20 37 56 0
20 11 37 56 0
11 20 56 37 0
20 11 56 37 0
11 20 38 55 0
20 11 38 55 0
11 20 55 38 0
20 11 55 38 0
11 20 39 54 0
20 11 39 54 0
11 20 54 39 0
20 11 54 39 0
11 20 40 53 0
20 11 40 53 0
11 20 53 40 0
20 11 53 40 0
11 20 41 52 1
20 11 41 52 1
11 20 52 41 1
20 11 52 41 1
11 20 42 51 2
20 11 42 51 2
11 20 51 42 2
20 11 51 42 2
11 20 43 50 4
20 11 43 50 4
11 20 50 43 4
20 11 50 43 4
11 20 44 49 6
20 11 44 49 6
11 20 49 44 6
20 11 49 44 6
11 20 45 48 8
20 11 45 48 8
11 20 48 45 8
20 11 48 45 8
11 20 46 47 9
20 11 46 47 9
11 20 47 46 9
20 11 47 46 9
9 22 32 61 0
22 9 32 61 0
9 22 61 32 0
22 9 61 32 0
9 22 33 60 0
22 9 33 60 0
9 22 60 33 0
22 9 60 33 0
9 22 34 59 0
22 9 34 59 0
9 22 59 34 0
22 9 59 34 0
9 22 35 58 0
22 9 35 58 0
9 22 58 35 0
22 9 58 35 0
10 21 32 61 0
21 10 32 61 0
10 21 61 32 0
21 10 61 32 0
10 21 33 60 0
21 10 33 60 0
10 21 60 33 0
21 10 60 33 0
10 21 34 59 0
21 10 34 59 0
10 21 59 34 0
21 10 59 34 0
10 21 35 58 0
21 10 35 58 0
10 21 58 35 0
21 10 58 35 0
11 20 32 61 0
20 11 32 61 0
11 20 61 32 0
20 11 61 32 0
11 20 33 60 0
20 11 33 60 0
11 20 60 33 0
20 11 60 33 0
11 20 34 59 0
20 11 34 59 0
11 20 59 34 0
20 11 59 34 0
11 20 35 58 0
20 11 35 58 0
11 20 58 35 0
20 11 58 35 0
12 19 32 61 0
19 12 32 61 0
12 19 61 32 0
19 12 61 32 0
12 19 33 60 0
19 12 33 60 0
12 19 60 33 0
19 12 60 33 0
12 19 34 59 0
19 12 34 59 0
12 19 59 34 0
19 12 59 34 0
12 19 35 58 0
19 12 35 58 0
12 19 58 35 0
19 12 58 35 0
12 19 36 57 0
19 12 36 57 0
12 19 57 36 0
19 12 57 36 0
12 19 37 56 1
19 12 37 56 1
12 19 56 37 1
19 12 56 37 1
12 19 38 55 3
19 12 38 55 3
12 19 55 38 3
19 12 55 38 3
12 19 39 54 7
19 12 39 54 7
12 19 54 39 7
19 12 54 39 7
12 19 40 53 14
19 12 40 53 14
12 19 53 40 14
19 12 53 40 14
12 19 41 52 25
19 12 41 52 25
12 19 52 41 25
19 12 52 41 25
12 19 42 51 38
19 12 42 51 38
12 19 51 42 38
19 12 51 42 38
12 19 43 50 54
19 12 43 50 54
12 19 50 43 54
19 12 50 43 54
12 19 44 49 69
19 12 44 49 69
12 19 49 44 69
19 12 49 44 69
12 19 45 48 81
19 12 45 48 81
12 19 48 45 81
19 12 48 45 81
12 19 46 47 88
19 12 46 47 88
12 19 47 46 88
19 12 47 46 88
10 21 30 63 0
21 10 30 63 0
10 21 63 30 0
21 10 63 30 0
10 21 31 62 0
21 10 31 62 0
10 21 62 31 0
21 10 62 31 0
11 20 30 63 0
20 11 30 63 0
11 20 63 30 0
20 11 63 30 0
11 20 31 62 0
20 11 31 62 0
11 20 62 31 0
20 11 62 31 0
12 19 30 63 0
19 12 30 63 0
12 19 63 30 0
19 12 63 30 0
12 19 31 62 0
19 12 31 62 0
12 19 62 31 0
19 12 62 31 0
13 18 30 63 0
18 13 30 63 0
13 18 63 30 0
18 13 63 30 0
13 18 31 62 0
18 13 31 62 0
13 18 62 31 0
18 13 62 31 0
13 18 32 61 0
18 13 32 61 0
13 18 61 32 0
18 13 61 32 0
13 18 33 60 0
18 13 33 60 0
13 18 60 33 0
18 13 60 33 0
13 18 34 59 0
18 13 34 59 0
13 18 59 34 0
18 13 59 34 0
13 18 35 58 1
18 13 35 58 1
13 18 58 35 1
18 13 58 35 1
13 18 36 57 3
18 13 36 57 3
13 18 57 36 3
18 13 57 36 3
13 18 37 56 9
18 13 37 56 9
13 18 56 37 9
18 13 56 37 9
13 18 38 55 20
18 13 38 55 20
13 18 55 38 20
18 13 55 38 20
13 18 39 54 40
18 13 39 54 40
13 18 54 39 40
18 13 54 39 40
13 18 40 53 70
18 13 40 53 70
13 18 53 40 70
18 13 53 40 70
13 18 41 52 112
18 13 41 52 112
13 18 52 41 112
18 13 52 41 112
13 18 42 51 161
18 13 42 51 161
13 18 51 42 161
18 13 51 42 161
13 18 43 50 216
18 13 43 50 216
13 18 50 43 216
18 13 50 43 216
13 18 44 49 267
18 13 44 49 267
13 18 49 44 267
18 13 49 44 267
13 18 45 48 307
18 13 45 48 307
13 18 48 45 307
18 13 48 45 307
13 18 46 47 329
18 13 46 47 329
13 18 47 46 329
18 13 47 46 329
14 17 30 63 0
17 14 30 63 0
14 17 63 30 0
17 14 63 30 0
14 17 31 62 0
17 14 31 62 0
14 17 62 31 0
17 14 62 31 0
14 17 32 61 0
17 14 32 61 0
14 17 61 32 0
17 14 61 32 0
14 17 33 60 0
17 14 33 60 0
14 17 60 33 0
17 14 60 33 0
14 17 34 59 0
17 14 34 59 0
14 17 59 34 0
17 14 59 34 0
14 17 35 58 3
17 14 35 58 3
14 17 58 35 3
17 14 58 35 3
14 17 36 57 10
17 14 36 57 10
14 17 57 36 10
17 14 57 36 10
14 17 37 56 26
17 14 37 56 26
14 17 56 37 26
17 14 56 37 26
14 17 38 55 55
17 14 38 55 55
14 17 55 38 55
17 14 55 38 55
14 17 39 54 104
17 14 39 54 104
14 17 54 39 104
17 14 54 39 104
14 17 40 53 174
17 14 40 53 174
14 17 53 40 174
17 14 53 40 174
14 17 41 52 267
17 14 41 52 267
14 17 52 41 267
17 14 52 41 267
14 17 42 51 374
17 14 42 51 374
14 17 51 42 374
17 14 51 42 374
14 17 43 50 489
17 14 43 50 489
14 17 50 43 489
17 14 50 43 489
14 17 44 49 595
17 14 44 49 595
14 17 49 44 595
17 14 49 44 595
14 17 45 48 677
17 14 45 48 677
14 17 48 45 677
17 14 48 45 677
14 17 46 47 721
17 14 46 47 721
14 17 47 46 721
17 14 47 46 721
15 16 32 61 0
16 15 32 61 0
15 16 61 32 0
16 15 61 32 0
15 16 33 60 0
16 15 33 60 0
15 16 60 33 0
16 15 60 33 0
15 16 34 59 1
16 15 34 59 1
15 16 59 34 1
16 15 59 34 1
15 16 35 58 6
16 15 35 58 6
15 16 58 35 6
16 15 58 35 6
15 16 36 57 18
16 15 36 57 18
15 16 57 36 18
16 15 57 36 18
15 16 37 56 44
16 15 37 56 44
15 16 56 37 44
16 15 56 37 44
15 16 38 55 89
16 15 38 55 89
15 16 55 38 89
16 15 55 38 89
15 16 39 54 163
16 15 39 54 163
15 16 54 39 163
16 15 54 39 163
15 16 40 53 267
16 15 40 53 267
15 16 53 40 267
16 15 53 40 267
15 16 41 52 402
16 15 41 52 402
15 16 52 41 402
16 15 52 41 402
15 16 42 51 556
16 15 42 51 556
15 16 51 42 556
16 15 51 42 556
15 16 43 50 720
16 15 43 50 720
15 16 50 43 720
16 15 50 43 720
15 16 44 49 870
16 15 44 49 870
15 16 49 44 870
16 15 49 44 870
15 16 45 48 985
16 15 45 48 985
15 16 48 45 985
16 15 48 45 985
15 16 46 47 1047
16 15 46 47 1047
15 16 47 46 1047
16 15 47 46 1047
11 20 28 65 0
20 11 28 65 0
11 20 65 28 0
20 11 65 28 0
11 20 29 64 0
20 11 29 64 0
11 20 64 29 0
20 11 64 29 0
12 19 28 65 0
19 12 28 65 0
12 19 65 28 0
19 12 65 28 0
12 19 29 64 0
19 12 29 64 0
12 19 64 29 0
19 12 64 29 0
13 18 28 65 0
18 13 28 65 0
13 18 65 28 0
18 13 65 28 0
13 18 29 64 0
18 13 29 64 0
13 18 64 29 0
18 13 64 29 0
14 17 28 65 0
17 14 28 65 0
14 17 65 28 0
17 14 65 28 0
14 17 29 64 0
17 14 29 64 0
14 17 64 29 0
17 14 64 29 0
12 19 27 66 0
19 12 27 66 0
12 19 66 27 0
19 12 66 27 0
13 18 27 66 0
18 13 27 66 0
13 18 66 27 0
18 13 66 27 0
14 17 27 66 0
17 14 27 66 0
14 17 66 27 0
17 14 66 27 0
15 16 27 66 0
16 15 27 66 0
15 16 66 27 0
16 15 66 27 0
15 16 28 65 0
16 15 28 65 0
15 16 65 28 0
16 15 65 28 0
15 16 29 64 0
16 15 29 64 0
15 16 64 29 0
16 15 64 29 0
15 16 30 63 0
16 15 30 63 0
15 16 63 30 0
16 15 63 30 0
15 16 31 62 0
16 15 31 62 0
15 16 62 31 0
16 15 62 31 0
13 18 26 67 0
18 13 26 67 0
13 18 67 26 0
18 13 67 26 0
14 17 26 67 0
17 14 26 67 0
14 17 67 26 0
17 14 67 26 0
15 16 26 67 0
16 15 26 67 0
15 16 67 26 0
16 15 67 26 0
