17 24 52 71 0
24 17 52 71 0
17 24 71 52 0
24 17 71 52 0
17 24 53 70 0
24 17 53 70 0
17 24 70 53 0
24 17 70 53 0
17 24 54 69 0
24 17 54 69 0
17 24 69 54 0
24 17 69 54 0
17 24 55 68 0
24 17 55 68 0
17 24 68 55 0
24 17 68 55 0
17 24 56 67 0
24 17 56 67 0
17 24 67 56 0
24 17 67 56 0
17 24 57 66 0
24 17 57 66 0
17 24 66 57 0
24 17 66 57 0
17 24 58 65 0
24 17 58 65 0
17 24 65 58 0
24 17 65 58 0
17 24 59 64 0
24 17 59 64 0
17 24 64 59 0
24 17 64 59 0
17 24 60 63 0
24 17 60 63 0
17 24 63 60 0
24 17 63 60 0
17 24 61 62 0
24 17 61 62 0
17 24 62 61 0
24 17 62 61 0
18 23 52 71 0
23 18 52 71 0
18 23 71 52 0
23 18 71 52 0
18 23 53 70 0
23 18 53 70 0
18 23 70 53 0
23 18 70 53 0
18 23 54 69 0
23 18 54 69 0
18 23 69 54 0
23 18 69 54 0
18 23 55 68 0
23 18 55 68 0
18 23 68 55 0
23 18 68 55 0
18 23 56 67 0
23 18 56 67 0
18 23 67 56 0
23 18 67 56 0
18 23 57 66 0
23 18 57 66 0
18 23 66 57 0
23 18 66 57 0
18 23 58 65 0
23 18 58 65 0
18 23 65 58 0
23 18 65 58 0
18 23 59 64 0
23 18 59 64 0
18 23 64 59 0
23 18 64 59 0
18 23 60 63 0
23 18 60 63 0
18 23 63 60 0
23 18 63 60 0
18 23 61 62 0
23 18 61 62 0
18 23 62 61 0
23 18 62 61 0
19 22 52 71 0
22 19 52 71 0
19 22 71 52 0
22 19 71 52 0
19 22 53 70 0
22 19 53 70 0
19 22 70 53 0
22 19 70 53 0
19 22 54 69 0
22 19 54 69 0
19 22 69 54 0
22 19 69 54 0
19 22 55 68 0
22 19 55 68 0
19 22 68 55 0
22 19 68 55 0
19 22 56 67 0
22 19 56 67 0
19 22 67 56 0
22 19 67 56 0
19 22 57 66 0
22 19 57 66 0
19 22 66 57 0
22 19 66 57 0
19 22 58 65 0
22 19 58 65 0
19 22 65 58 0
22 19 65 58 0
19 22 59 64 0
22 19 59 64 0
19 22 64 59 0
22 19 64 59 0
19 22 60 63 0
22 19 60 63 0
19 22 63 60 0
22 19 63 60 0
19 22 61 62 0
22 19 61 62 0
19 22 62 61 0
22 19 62 61 0
20 21 52 71 0
21 20 52 71 0
20 21 71 52 0
21 20 71 52 0
20 21 53 70 0
21 20 53 70 0
20 21 70 53 0
21 20 70 53 0
20 21 54 69 0
21 20 54 69 0
20 21 69 54 0
21 20 69 54 0
20 21 55 68 0
21 20 55 68 0
20 21 68 55 0
21 20 68 55 0
20 21 56 67 0
21 20 56 67 0
20 21 67 56 0
21 20 67 56 0
20 21 57 66 0
21 20 57 66 0
20 21 66 57 0
21 20 66 57 0
20 21 58 65 0
21 20 58 65 0
20 21 65 58 0
21 20 65 58 0
20 21 59 64 0
21 20 59 64 0
20 21 64 59 0
21 20 64 59 0
20 21 60 63 0
21 20 60 63 0
20 21 63 60 0
21 20 63 60 0
20 21 61 62 0
21 20 61 62 0
20 21 62 61 0
21 20 62 61 0
18 23 51 72 0
23 18 51 72 0
18 23 72 51 0
23 18 72 51 0
19 22 51 72 0
22 19 51 72 0
19 22 72 51 0
22 19 72 51 0
20 21 51 72 0
21 20 51 72 0
20 21 72 51 0
21 20 72 51 0
