7 31 20 31 0
31 7 20 31 0
7 31 31 20 0
31 7 31 20 0
7 31 21 30 0
31 7 21 30 0
7 31 30 21 0
31 7 30 21 0
7 31 22 29 0
31 7 22 29 0
7 31 29 22 0
31 7 29 22 0
7 31 23 28 0
31 7 23 28 0
7 31 28 23 0
31 7 28 23 0
7 31 24 27 0
31 7 24 27 0
7 31 27 24 0
31 7 27 24 0
7 31 25 26 0
31 7 25 26 0
7 31 26 25 0
31 7 26 25 0
8 30 20 31 0
30 8 20 31 0
8 30 31 20 0
30 8 31 20 0
8 30 21 30 0
30 8 21 30 0
8 30 30 21 0
30 8 30 21 0
8 30 22 29 0
30 8 22 29 0
8 30 29 22 0
30 8 29 22 0
8 30 23 28 0
30 8 23 28 0
8 30 28 23 0
30 8 28 23 0
8 30 24 27 0
30 8 24 27 0
8 30 27 24 0
30 8 27 24 0
8 30 25 26 0
30 8 25 26 0
8 30 26 25 0
30 8 26 25 0
9 29 20 31 0
29 9 20 31 0
9 29 31 20 0
29 9 31 20 0
9 29 21 30 0
29 9 21 30 0
9 29 30 21 0
29 9 30 21 0
9 29 22 29 0
29 9 22 29 0
9 29 29 22 0
29 9 29 22 0
9 29 23 28 0
29 9 23 28 0
9 29 28 23 0
29 9 28 23 0
9 29 24 27 0
29 9 24 27 0
9 29 27 24 0
29 9 27 24 0
9 29 25 26 0
29 9 25 26 0
9 29 26 25 0
29 9 26 25 0
10 28 20 31 0
28 10 20 31 0
10 28 31 20 0
28 10 31 20 0
10 28 21 30 0
28 10 21 30 0
10 28 30 21 0
28 10 30 21 0
10 28 22 29 0
28 10 22 29 0
10 28 29 22 0
28 10 29 22 0
10 28 23 28 0
28 10 23 28 0
10 28 28 23 0
28 10 28 23 0
10 28 24 27 0
28 10 24 27 0
10 28 27 24 0
28 10 27 24 0
10 28 25 26 0
28 10 25 26 0
10 28 26 25 0
28 10 26 25 0
11 27 20 31 0
27 11 20 31 0
11 27 31 20 0
27 11 31 20 0
11 27 21 30 0
27 11 21 30 0
11 27 30 21 0
27 11 30 21 0
11 27 22 29 0
27 11 22 29 0
11 27 29 22 0
27 11 29 22 0
11 27 23 28 0
27 11 23 28 0
11 27 28 23 0
27 11 28 23 0
11 27 24 27 0
27 11 24 27 0
11 27 27 24 0
27 11 27 24 0
11 27 25 26 0
27 11 25 26 0
11 27 26 25 0
27 11 26 25 0
12 26 20 31 0
26 12 20 31 0
12 26 31 20 0
26 12 31 20 0
12 26 21 30 1
26 12 21 30 1
12 26 30 21 1
26 12 30 21 1
12 26 22 29 2
26 12 22 29 2
12 26 29 22 2
26 12 29 22 2
12 26 23 28 4
26 12 23 28 4
12 26 28 23 4
26 12 28 23 4
12 26 24 27 6
26 12 24 27 6
12 26 27 24 6
26 12 27 24 6
12 26 25 26 7
26 12 25 26 7
12 26 26 25 7
26 12 26 25 7
13 25 20 31 3
25 13 20 31 3
13 25 31 20 3
25 13 31 20 3
13 25 21 30 9
25 13 21 30 9
13 25 30 21 9
25 13 30 21 9
13 25 22 29 17
25 13 22 29 17
13 25 29 22 17
25 13 29 22 17
13 25 23 28 28
25 13 23 28 28
13 25 28 23 28
25 13 28 23 28
13 25 24 27 38
25 13 24 27 38
13 25 27 24 38
25 13 27 24 38
13 25 25 26 44
25 13 25 26 44
13 25 26 25 44
25 13 26 25 44
8 30 17 34 0
30 8 17 34 0
8 30 34 17 0
30 8 34 17 0
8 30 18 33 0
30 8 18 33 0
8 30 33 18 0
30 8 33 18 0
8 30 19 32 0
30 8 19 32 0
8 30 32 19 0
30 8 32 19 0
9 29 17 34 0
29 9 17 34 0
9 29 34 17 0
29 9 34 17 0
9 29 18 33 0
29 9 18 33 0
9 29 33 18 0
29 9 33 18 0
9 29 19 32 0
29 9 19 32 0
9 29 32 19 0
29 9 32 19 0
10 28 17 34 0
28 10 17 34 0
10 28 34 17 0
28 10 34 17 0
10 28 18 33 0
28 10 18 33 0
10 28 33 18 0
28 10 33 18 0
10 28 19 32 0
28 10 19 32 0
10 28 32 19 0
28 10 32 19 0
11 27 17 34 0
27 11 17 34 0
11 27 34 17 0
27 11 34 17 0
11 27 18 33 0
27 11 18 33 0
11 27 33 18 0
27 11 33 18 0
11 27 19 32 0
27 11 19 32 0
11 27 32 19 0
27 11 32 19 0
12 26 17 34 0
26 12 17 34 0
12 26 34 17 0
26 12 34 17 0
12 26 18 33 0
26 12 18 33 0
12 26 33 18 0
26 12 33 18 0
12 26 19 32 0
26 12 19 32 0
12 26 32 19 0
26 12 32 19 0
13 25 17 34 0
25 13 17 34 0
13 25 34 17 0
25 13 34 17 0
13 25 18 33 0
25 13 18 33 0
13 25 33 18 0
25 13 33 18 0
13 25 19 32 1
25 13 19 32 1
13 25 32 19 1
25 13 32 19 1
9 29 16 35 0
29 9 16 35 0
9 29 35 16 0
29 9 35 16 0
10 28 16 35 0
28 10 16 35 0
10 28 35 16 0
28 10 35 16 0
11 27 16 35 0
27 11 16 35 0
11 27 35 16 0
27 11 35 16 0
12 26 16 35 0
26 12 16 35 0
12 26 35 16 0
26 12 35 16 0
13 25 16 35 0
25 13 16 35 0
13 25 35 16 0
25 13 35 16 0
14 24 16 35 0
24 14 16 35 0
14 24 35 16 0
24 14 35 16 0
14 24 17 34 0
24 14 17 34 0
14 24 34 17 0
24 14 34 17 0
14 24 18 33 1
24 14 18 33 1
14 24 33 18 1
24 14 33 18 1
14 24 19 32 6
24 14 19 32 6
14 24 32 19 6
24 14 32 19 6
14 24 20 31 17
24 14 20 31 17
14 24 31 20 17
24 14 31 20 17
14 24 21 30 39
24 14 21 30 39
14 24 30 21 39
24 14 30 21 39
14 24 22 29 69
24 14 22 29 69
14 24 29 22 69
24 14 29 22 69
14 24 23 28 106
24 14 23 28 106
14 24 28 23 106
24 14 28 23 106
14 24 24 27 139
24 14 24 27 139
14 24 27 24 139
24 14 27 24 139
14 24 25 26 159
24 14 25 26 159
14 24 26 25 159
24 14 26 25 159
15 23 17 34 1
23 15 17 34 1
15 23 34 17 1
23 15 34 17 1
15 23 18 33 5
23 15 18 33 5
15 23 33 18 5
23 15 33 18 5
15 23 19 32 20
23 15 19 32 20
15 23 32 19 20
23 15 32 19 20
15 23 20 31 51
23 15 20 31 51
15 23 31 20 51
23 15 31 20 51
15 23 21 30 108
23 15 21 30 108
15 23 30 21 108
23 15 30 21 108
15 23 22 29 185
23 15 22 29 185
15 23 29 22 185
23 15 29 22 185
15 23 23 28 275
23 15 23 28 275
15 23 28 23 275
23 15 28 23 275
15 23 24 27 354
23 15 24 27 354
15 23 27 24 354
23 15 27 24 354
15 23 25 26 401
23 15 25 26 401
15 23 26 25 401
23 15 26 25 401
10 28 14 37 0
28 10 14 37 0
10 28 37 14 0
28 10 37 14 0
10 28 15 36 0
28 10 15 36 0
10 28 36 15 0
28 10 36 15 0
11 27 14 37 0
27 11 14 37 0
11 27 37 14 0
27 11 37 14 0
11 27 15 36 0
27 11 15 36 0
11 27 36 15 0
27 11 36 15 0
12 26 14 37 0
26 12 14 37 0
12 26 37 14 0
26 12 37 14 0
12 26 15 36 0
26 12 15 36 0
12 26 36 15 0
26 12 36 15 0
13 25 14 37 0
25 13 14 37 0
13 25 37 14 0
25 13 37 14 0
13 25 15 36 0
25 13 15 36 0
13 25 36 15 0
25 13 36 15 0
14 24 14 37 0
24 14 14 37 0
14 24 37 14 0
24 14 37 14 0
14 24 15 36 0
24 14 15 36 0
14 24 36 15 0
24 14 36 15 0
15 23 14 37 0
23 15 14 37 0
15 23 37 14 0
23 15 37 14 0
15 23 15 36 0
23 15 15 36 0
15 23 36 15 0
23 15 36 15 0
15 23 16 35 0
23 15 16 35 0
15 23 35 16 0
23 15 35 16 0
16 22 14 37 0
22 16 14 37 0
16 22 37 14 0
22 16 37 14 0
16 22 15 36 0
22 16 15 36 0
16 22 36 15 0
22 16 36 15 0
16 22 16 35 0
22 16 16 35 0
16 22 35 16 0
22 16 35 16 0
16 22 17 34 3
22 16 17 34 3
16 22 34 17 3
22 16 34 17 3
16 22 18 33 14
22 16 18 33 14
16 22 33 18 14
22 16 33 18 14
16 22 19 32 47
22 16 19 32 47
16 22 32 19 47
22 16 32 19 47
16 22 20 31 113
22 16 20 31 113
16 22 31 20 113
22 16 31 20 113
16 22 21 30 226
22 16 21 30 226
16 22 30 21 226
22 16 30 21 226
16 22 22 29 377
22 16 22 29 377
16 22 29 22 377
22 16 29 22 377
16 22 23 28 548
22 16 23 28 548
16 22 28 23 548
22 16 28 23 548
16 22 24 27 697
22 16 24 27 697
16 22 27 24 697
22 16 27 24 697
16 22 25 26 785
22 16 25 26 785
16 22 26 25 785
22 16 26 25 785
17 21 16 35 0
21 17 16 35 0
17 21 35 16 0
21 17 35 16 0
17 21 17 34 6
21 17 17 34 6
17 21 34 17 6
21 17 34 17 6
17 21 18 33 26
21 17 18 33 26
17 21 33 18 26
21 17 33 18 26
17 21 19 32 82
21 17 19 32 82
17 21 32 19 82
21 17 32 19 82
17 21 20 31 190
21 17 20 31 190
17 21 31 20 190
21 17 31 20 190
17 21 21 30 370
21 17 21 30 370
17 21 30 21 370
21 17 30 21 370
17 21 22 29 607
21 17 22 29 607
17 21 29 22 607
21 17 29 22 607
17 21 23 28 872
21 17 23 28 872
17 21 28 23 872
21 17 28 23 872
17 21 24 27 1101
21 17 24 27 1101
17 21 27 24 1101
21 17 27 24 1101
17 21 25 26 1236
21 17 25 26 1236
17 21 26 25 1236
21 17 26 25 1236
12 26 13 38 0
26 12 13 38 0
12 26 38 13 0
26 12 38 13 0
13 25 13 38 0
25 13 13 38 0
13 25 38 13 0
25 13 38 13 0
14 24 13 38 0
24 14 13 38 0
14 24 38 13 0
24 14 38 13 0
15 23 13 38 0
23 15 13 38 0
15 23 38 13 0
23 15 38 13 0
16 22 13 38 0
22 16 13 38 0
16 22 38 13 0
22 16 38 13 0
17 21 13 38 0
21 17 13 38 0
17 21 38 13 0
21 17 38 13 0
17 21 14 37 0
21 17 14 37 0
17 21 37 14 0
21 17 37 14 0
17 21 15 36 0
21 17 15 36 0
17 21 36 15 0
21 17 36 15 0
18 20 14 37 0
20 18 14 37 0
18 20 37 14 0
20 18 37 14 0
18 20 15 36 0
20 18 15 36 0
18 20 36 15 0
20 18 36 15 0
18 20 16 35 1
20 18 16 35 1
18 20 35 16 1
20 18 35 16 1
18 20 17 34 10
20 18 17 34 10
18 20 34 17 10
20 18 34 17 10
18 20 18 33 39
20 18 18 33 39
18 20 33 18 39
20 18 33 18 39
18 20 19 32 115
20 18 19 32 115
18 20 32 19 115
20 18 32 19 115
18 20 20 31 260
20 18 20 31 260
18 20 31 20 260
20 18 31 20 260
18 20 21 30 496
20 18 21 30 496
18 20 30 21 496
20 18 30 21 496
18 20 22 29 805
20 18 22 29 805
18 20 29 22 805
20 18 29 22 805
18 20 23 28 1147
20 18 23 28 1147
18 20 28 23 1147
20 18 28 23 1147
18 20 24 27 1442
20 18 24 27 1442
18 20 27 24 1442
20 18 27 24 1442
18 20 25 26 1615
20 18 25 26 1615
18 20 26 25 1615
20 18 26 25 1615
19 19 17 34 11
19 19 34 17 11
19 19 18 33 43
19 19 33 18 43
19 19 19 32 127
19 19 32 19 127
19 19 20 31 286
19 19 31 20 286
19 19 21 30 544
19 19 30 21 544
19 19 22 29 880
19 19 29 22 880
19 19 23 28 1252
19 19 28 23 1252
19 19 24 27 1572
19 19 27 24 1572
19 19 25 26 1760
19 19 26 25 1760
19 19 14 37 0
19 19 37 14 0
19 19 15 36 0
19 19 36 15 0
19 19 16 35 1
19 19 35 16 1
11 27 13 38 0
27 11 13 38 0
11 27 38 13 0
27 11 38 13 0
12 26 12 39 0
26 12 12 39 0
12 26 39 12 0
26 12 39 12 0
13 25 12 39 0
25 13 12 39 0
13 25 39 12 0
25 13 39 12 0
14 24 12 39 0
24 14 12 39 0
14 24 39 12 0
24 14 39 12 0
15 23 12 39 0
23 15 12 39 0
15 23 39 12 0
23 15 39 12 0
16 22 12 39 0
22 16 12 39 0
16 22 39 12 0
22 16 39 12 0
17 21 12 39 0
21 17 12 39 0
17 21 39 12 0
21 17 39 12 0
13 25 11 40 0
25 13 11 40 0
13 25 40 11 0
25 13 40 11 0
14 24 11 40 0
24 14 11 40 0
14 24 40 11 0
24 14 40 11 0
15 23 11 40 0
23 15 11 40 0
15 23 40 11 0
23 15 40 11 0
16 22 11 40 0
22 16 11 40 0
16 22 40 11 0
22 16 40 11 0
17 21 11 40 0
21 17 11 40 0
17 21 40 11 0
21 17 40 11 0
18 20 11 40 0
20 18 11 40 0
18 20 40 11 0
20 18 40 11 0
18 20 12 39 0
20 18 12 39 0
18 20 39 12 0
20 18 39 12 0
18 20 13 38 0
20 18 13 38 0
18 20 38 13 0
20 18 38 13 0
19 19 12 39 0
19 19 39 12 0
19 19 13 38 0
19 19 38 13 0
19 19 11 40 0
19 19 40 11 0
15 23 10 41 0
23 15 10 41 0
15 23 41 10 0
23 15 41 10 0
16 22 10 41 0
22 16 10 41 0
16 22 41 10 0
22 16 41 10 0
17 21 10 41 0
21 17 10 41 0
17 21 41 10 0
21 17 41 10 0
18 20 10 41 0
20 18 10 41 0
18 20 41 10 0
20 18 41 10 0
19 19 10 41 0
19 19 41 10 0
