0 8 1 10 0
8 0 1 10 0
0 8 10 1 0
8 0 10 1 0
0 8 2 9 0
8 0 2 9 0
0 8 9 2 0
8 0 9 2 0
0 8 3 8 1
8 0 3 8 1
0 8 8 3 1
8 0 8 3 1
0 8 4 7 2
8 0 4 7 2
0 8 7 4 2
8 0 7 4 2
1 7 1 10 1
7 1 1 10 1
1 7 10 1 1
7 1 10 1 1
1 7 2 9 3
7 1 2 9 3
1 7 9 2 3
7 1 9 2 3
1 7 3 8 7
7 1 3 8 7
1 7 8 3 7
7 1 8 3 7
1 7 4 7 11
7 1 4 7 11
1 7 7 4 11
7 1 7 4 11
2 6 1 10 3
6 2 1 10 3
2 6 10 1 3
6 2 10 1 3
2 6 2 9 8
6 2 2 9 8
2 6 9 2 8
6 2 9 2 8
2 6 3 8 17
6 2 3 8 17
2 6 8 3 17
6 2 8 3 17
2 6 4 7 26
6 2 4 7 26
2 6 7 4 26
6 2 7 4 26
0 8 5 6 3
8 0 5 6 3
0 8 6 5 3
8 0 6 5 3
1 7 5 6 14
7 1 5 6 14
1 7 6 5 14
7 1 6 5 14
2 6 5 6 32
6 2 5 6 32
2 6 6 5 32
6 2 6 5 32
1 7 0 11 0
7 1 0 11 0
1 7 11 0 0
7 1 11 0 0
2 6 0 11 0
6 2 0 11 0
2 6 11 0 0
6 2 11 0 0
3 5 0 11 1
5 3 0 11 1
3 5 11 0 1
5 3 11 0 1
3 5 1 10 6
5 3 1 10 6
3 5 10 1 6
5 3 10 1 6
3 5 2 9 15
5 3 2 9 15
3 5 9 2 15
5 3 9 2 15
3 5 3 8 29
5 3 3 8 29
3 5 8 3 29
5 3 8 3 29
3 5 4 7 43
5 3 4 7 43
3 5 7 4 43
5 3 7 4 43
3 5 5 6 52
5 3 5 6 52
3 5 6 5 52
5 3 6 5 52
4 4 0 11 1
4 4 11 0 1
4 4 1 10 7
4 4 10 1 7
4 4 2 9 17
4 4 9 2 17
4 4 3 8 33
4 4 8 3 33
4 4 4 7 49
4 4 7 4 49
4 4 5 6 59
4 4 6 5 59
