1 22 10 21 0
22 1 10 21 0
1 22 21 10 0
22 1 21 10 0
1 22 11 20 0
22 1 11 20 0
1 22 20 11 0
22 1 20 11 0
1 22 12 19 0
22 1 12 19 0
1 22 19 12 0
22 1 19 12 0
1 22 13 18 0
22 1 13 18 0
1 22 18 13 0
22 1 18 13 0
1 22 14 17 0
22 1 14 17 0
1 22 17 14 0
22 1 17 14 0
1 22 15 16 0
22 1 15 16 0
1 22 16 15 0
22 1 16 15 0
2 21 10 21 0
21 2 10 21 0
2 21 21 10 0
21 2 21 10 0
2 21 11 20 0
21 2 11 20 0
2 21 20 11 0
21 2 20 11 0
2 21 12 19 0
21 2 12 19 0
2 21 19 12 0
21 2 19 12 0
2 21 13 18 0
21 2 13 18 0
2 21 18 13 0
21 2 18 13 0
2 21 14 17 0
21 2 14 17 0
2 21 17 14 0
21 2 17 14 0
2 21 15 16 0
21 2 15 16 0
2 21 16 15 0
21 2 16 15 0
3 20 10 21 0
20 3 10 21 0
3 20 21 10 0
20 3 21 10 0
3 20 11 20 0
20 3 11 20 0
3 20 20 11 0
20 3 20 11 0
3 20 12 19 0
20 3 12 19 0
3 20 19 12 0
20 3 19 12 0
3 20 13 18 0
20 3 13 18 0
3 20 18 13 0
20 3 18 13 0
3 20 14 17 0
20 3 14 17 0
3 20 17 14 0
20 3 17 14 0
3 20 15 16 0
20 3 15 16 0
3 20 16 15 0
20 3 16 15 0
4 19 10 21 0
19 4 10 21 0
4 19 21 10 0
19 4 21 10 0
4 19 11 20 0
19 4 11 20 0
4 19 20 11 0
19 4 20 11 0
4 19 12 19 0
19 4 12 19 0
4 19 19 12 0
19 4 19 12 0
4 19 13 18 0
19 4 13 18 0
4 19 18 13 0
19 4 18 13 0
4 19 14 17 0
19 4 14 17 0
4 19 17 14 0
19 4 17 14 0
4 19 15 16 0
19 4 15 16 0
4 19 16 15 0
19 4 16 15 0
5 18 10 21 0
18 5 10 21 0
5 18 21 10 0
18 5 21 10 0
5 18 11 20 0
18 5 11 20 0
5 18 20 11 0
18 5 20 11 0
5 18 12 19 0
18 5 12 19 0
5 18 19 12 0
18 5 19 12 0
5 18 13 18 0
18 5 13 18 0
5 18 18 13 0
18 5 18 13 0
5 18 14 17 0
18 5 14 17 0
5 18 17 14 0
18 5 17 14 0
5 18 15 16 0
18 5 15 16 0
5 18 16 15 0
18 5 16 15 0
6 17 10 21 1
17 6 10 21 1
6 17 21 10 1
17 6 21 10 1
6 17 11 20 1
17 6 11 20 1
6 17 20 11 1
17 6 20 11 1
6 17 12 19 1
17 6 12 19 1
6 17 19 12 1
17 6 19 12 1
6 17 13 18 1
17 6 13 18 1
6 17 18 13 1
17 6 18 13 1
6 17 14 17 1
17 6 14 17 1
6 17 17 14 1
17 6 17 14 1
6 17 15 16 1
17 6 15 16 1
6 17 16 15 1
17 6 16 15 1
7 16 10 21 1
16 7 10 21 1
7 16 21 10 1
16 7 21 10 1
7 16 11 20 2
16 7 11 20 2
7 16 20 11 2
16 7 20 11 2
7 16 12 19 2
16 7 12 19 2
7 16 19 12 2
16 7 19 12 2
7 16 13 18 2
16 7 13 18 2
7 16 18 13 2
16 7 18 13 2
7 16 14 17 2
16 7 14 17 2
7 16 17 14 2
16 7 17 14 2
7 16 15 16 2
16 7 15 16 2
7 16 16 15 2
16 7 16 15 2
8 15 10 21 1
15 8 10 21 1
8 15 21 10 1
15 8 21 10 1
8 15 11 20 2
15 8 11 20 2
8 15 20 11 2
15 8 20 11 2
8 15 12 19 3
15 8 12 19 3
8 15 19 12 3
15 8 19 12 3
8 15 13 18 3
15 8 13 18 3
8 15 18 13 3
15 8 18 13 3
8 15 14 17 3
15 8 14 17 3
8 15 17 14 3
15 8 17 14 3
8 15 15 16 3
15 8 15 16 3
8 15 16 15 3
15 8 16 15 3
2 21 7 24 0
21 2 7 24 0
2 21 24 7 0
21 2 24 7 0
2 21 8 23 0
21 2 8 23 0
2 21 23 8 0
21 2 23 8 0
2 21 9 22 0
21 2 9 22 0
2 21 22 9 0
21 2 22 9 0
3 20 7 24 0
20 3 7 24 0
3 20 24 7 0
20 3 24 7 0
3 20 8 23 0
20 3 8 23 0
3 20 23 8 0
20 3 23 8 0
3 20 9 22 0
20 3 9 22 0
3 20 22 9 0
20 3 22 9 0
4 19 7 24 0
19 4 7 24 0
4 19 24 7 0
19 4 24 7 0
4 19 8 23 0
19 4 8 23 0
4 19 23 8 0
19 4 23 8 0
4 19 9 22 0
19 4 9 22 0
4 19 22 9 0
19 4 22 9 0
5 18 7 24 0
18 5 7 24 0
5 18 24 7 0
18 5 24 7 0
5 18 8 23 0
18 5 8 23 0
5 18 23 8 0
18 5 23 8 0
5 18 9 22 0
18 5 9 22 0
5 18 22 9 0
18 5 22 9 0
6 17 7 24 0
17 6 7 24 0
6 17 24 7 0
17 6 24 7 0
6 17 8 23 0
17 6 8 23 0
6 17 23 8 0
17 6 23 8 0
6 17 9 22 0
17 6 9 22 0
6 17 22 9 0
17 6 22 9 0
7 16 7 24 0
16 7 7 24 0
7 16 24 7 0
16 7 24 7 0
7 16 8 23 0
16 7 8 23 0
7 16 23 8 0
16 7 23 8 0
7 16 9 22 0
16 7 9 22 0
7 16 22 9 0
16 7 22 9 0
3 20 6 25 0
20 3 6 25 0
3 20 25 6 0
20 3 25 6 0
4 19 6 25 0
19 4 6 25 0
4 19 25 6 0
19 4 25 6 0
5 18 6 25 0
18 5 6 25 0
5 18 25 6 0
18 5 25 6 0
6 17 6 25 0
17 6 6 25 0
6 17 25 6 0
17 6 25 6 0
7 16 6 25 0
16 7 6 25 0
7 16 25 6 0
16 7 25 6 0
8 15 6 25 0
15 8 6 25 0
8 15 25 6 0
15 8 25 6 0
8 15 7 24 0
15 8 7 24 0
8 15 24 7 0
15 8 24 7 0
8 15 8 23 0
15 8 8 23 0
8 15 23 8 0
15 8 23 8 0
8 15 9 22 0
15 8 9 22 0
8 15 22 9 0
15 8 22 9 0
9 14 6 25 0
14 9 6 25 0
9 14 25 6 0
14 9 25 6 0
9 14 7 24 0
14 9 7 24 0
9 14 24 7 0
14 9 24 7 0
9 14 8 23 0
14 9 8 23 0
9 14 23 8 0
14 9 23 8 0
9 14 9 22 0
14 9 9 22 0
9 14 22 9 0
14 9 22 9 0
9 14 10 21 1
14 9 10 21 1
9 14 21 10 1
14 9 21 10 1
9 14 11 20 2
14 9 11 20 2
9 14 20 11 2
14 9 20 11 2
9 14 12 19 3
14 9 12 19 3
9 14 19 12 3
14 9 19 12 3
9 14 13 18 4
14 9 13 18 4
9 14 18 13 4
14 9 18 13 4
9 14 14 17 4
14 9 14 17 4
9 14 17 14 4
14 9 17 14 4
9 14 15 16 4
14 9 15 16 4
9 14 16 15 4
14 9 16 15 4
10 13 6 25 0
13 10 6 25 0
10 13 25 6 0
13 10 25 6 0
10 13 7 24 0
13 10 7 24 0
10 13 24 7 0
13 10 24 7 0
10 13 8 23 0
13 10 8 23 0
10 13 23 8 0
13 10 23 8 0
10 13 9 22 0
13 10 9 22 0
10 13 22 9 0
13 10 22 9 0
10 13 10 21 1
13 10 10 21 1
10 13 21 10 1
13 10 21 10 1
10 13 11 20 2
13 10 11 20 2
10 13 20 11 2
13 10 20 11 2
10 13 12 19 3
13 10 12 19 3
10 13 19 12 3
13 10 19 12 3
10 13 13 18 4
13 10 13 18 4
10 13 18 13 4
13 10 18 13 4
10 13 14 17 5
13 10 14 17 5
10 13 17 14 5
13 10 17 14 5
10 13 15 16 5
13 10 15 16 5
10 13 16 15 5
13 10 16 15 5
11 12 7 24 0
12 11 7 24 0
11 12 24 7 0
12 11 24 7 0
11 12 8 23 0
12 11 8 23 0
11 12 23 8 0
12 11 23 8 0
11 12 9 22 0
12 11 9 22 0
11 12 22 9 0
12 11 22 9 0
11 12 10 21 1
12 11 10 21 1
11 12 21 10 1
12 11 21 10 1
11 12 11 20 2
12 11 11 20 2
11 12 20 11 2
12 11 20 11 2
11 12 12 19 3
12 11 12 19 3
11 12 19 12 3
12 11 19 12 3
11 12 13 18 4
12 11 13 18 4
11 12 18 13 4
12 11 18 13 4
11 12 14 17 5
12 11 14 17 5
11 12 17 14 5
12 11 17 14 5
11 12 15 16 6
12 11 15 16 6
11 12 16 15 6
12 11 16 15 6
4 19 4 27 0
19 4 4 27 0
4 19 27 4 0
19 4 27 4 0
4 19 5 26 0
19 4 5 26 0
4 19 26 5 0
19 4 26 5 0
5 18 4 27 0
18 5 4 27 0
5 18 27 4 0
18 5 27 4 0
5 18 5 26 0
18 5 5 26 0
5 18 26 5 0
18 5 26 5 0
6 17 4 27 0
17 6 4 27 0
6 17 27 4 0
17 6 27 4 0
6 17 5 26 0
17 6 5 26 0
6 17 26 5 0
17 6 26 5 0
7 16 4 27 0
16 7 4 27 0
7 16 27 4 0
16 7 27 4 0
7 16 5 26 0
16 7 5 26 0
7 16 26 5 0
16 7 26 5 0
8 15 4 27 0
15 8 4 27 0
8 15 27 4 0
15 8 27 4 0
8 15 5 26 0
15 8 5 26 0
8 15 26 5 0
15 8 26 5 0
9 14 4 27 0
14 9 4 27 0
9 14 27 4 0
14 9 27 4 0
9 14 5 26 0
14 9 5 26 0
9 14 26 5 0
14 9 26 5 0
10 13 4 27 0
13 10 4 27 0
10 13 27 4 0
13 10 27 4 0
10 13 5 26 0
13 10 5 26 0
10 13 26 5 0
13 10 26 5 0
6 17 3 28 0
17 6 3 28 0
6 17 28 3 0
17 6 28 3 0
7 16 3 28 0
16 7 3 28 0
7 16 28 3 0
16 7 28 3 0
8 15 3 28 0
15 8 3 28 0
8 15 28 3 0
15 8 28 3 0
9 14 3 28 0
14 9 3 28 0
9 14 28 3 0
14 9 28 3 0
10 13 3 28 0
13 10 3 28 0
10 13 28 3 0
13 10 28 3 0
11 12 3 28 0
12 11 3 28 0
11 12 28 3 0
12 11 28 3 0
11 12 4 27 0
12 11 4 27 0
11 12 27 4 0
12 11 27 4 0
11 12 5 26 0
12 11 5 26 0
11 12 26 5 0
12 11 26 5 0
11 12 6 25 0
12 11 6 25 0
11 12 25 6 0
12 11 25 6 0
7 16 2 29 0
16 7 2 29 0
7 16 29 2 0
16 7 29 2 0
8 15 2 29 0
15 8 2 29 0
8 15 29 2 0
15 8 29 2 0
9 14 2 29 0
14 9 2 29 0
9 14 29 2 0
14 9 29 2 0
10 13 2 29 0
13 10 2 29 0
10 13 29 2 0
13 10 29 2 0
11 12 2 29 0
12 11 2 29 0
11 12 29 2 0
12 11 29 2 0
