11 33 23 36 0
33 11 23 36 0
11 33 36 23 0
33 11 36 23 0
11 33 24 35 0
33 11 24 35 0
11 33 35 24 0
33 11 35 24 0
11 33 25 34 0
33 11 25 34 0
11 33 34 25 0
33 11 34 25 0
11 33 26 33 0
33 11 26 33 0
11 33 33 26 0
33 11 33 26 0
11 33 27 32 0
33 11 27 32 0
11 33 32 27 0
33 11 32 27 0
11 33 28 31 0
33 11 28 31 0
11 33 31 28 0
33 11 31 28 0
11 33 29 30 0
33 11 29 30 0
11 33 30 29 0
33 11 30 29 0
12 32 23 36 0
32 12 23 36 0
12 32 36 23 0
32 12 36 23 0
12 32 24 35 0
32 12 24 35 0
12 32 35 24 0
32 12 35 24 0
12 32 25 34 0
32 12 25 34 0
12 32 34 25 0
32 12 34 25 0
12 32 26 33 0
32 12 26 33 0
12 32 33 26 0
32 12 33 26 0
12 32 27 32 0
32 12 27 32 0
12 32 32 27 0
32 12 32 27 0
12 32 28 31 0
32 12 28 31 0
12 32 31 28 0
32 12 31 28 0
12 32 29 30 0
32 12 29 30 0
12 32 30 29 0
32 12 30 29 0
13 31 23 36 0
31 13 23 36 0
13 31 36 23 0
31 13 36 23 0
13 31 24 35 0
31 13 24 35 0
13 31 35 24 0
31 13 35 24 0
13 31 25 34 0
31 13 25 34 0
13 31 34 25 0
31 13 34 25 0
13 31 26 33 0
31 13 26 33 0
13 31 33 26 0
31 13 33 26 0
13 31 27 32 0
31 13 27 32 0
13 31 32 27 0
31 13 32 27 0
13 31 28 31 0
31 13 28 31 0
13 31 31 28 0
31 13 31 28 0
13 31 29 30 0
31 13 29 30 0
13 31 30 29 0
31 13 30 29 0
14 30 23 36 0
30 14 23 36 0
14 30 36 23 0
30 14 36 23 0
14 30 24 35 0
30 14 24 35 0
14 30 35 24 0
30 14 35 24 0
14 30 25 34 0
30 14 25 34 0
14 30 34 25 0
30 14 34 25 0
14 30 26 33 0
30 14 26 33 0
14 30 33 26 0
30 14 33 26 0
14 30 27 32 0
30 14 27 32 0
14 30 32 27 0
30 14 32 27 0
14 30 28 31 0
30 14 28 31 0
14 30 31 28 0
30 14 31 28 0
14 30 29 30 0
30 14 29 30 0
14 30 30 29 0
30 14 30 29 0
15 29 23 36 0
29 15 23 36 0
15 29 36 23 0
29 15 36 23 0
15 29 24 35 0
29 15 24 35 0
15 29 35 24 0
29 15 35 24 0
15 29 25 34 0
29 15 25 34 0
15 29 34 25 0
29 15 34 25 0
15 29 26 33 0
29 15 26 33 0
15 29 33 26 0
29 15 33 26 0
15 29 27 32 0
29 15 27 32 0
15 29 32 27 0
29 15 32 27 0
15 29 28 31 0
29 15 28 31 0
15 29 31 28 0
29 15 31 28 0
15 29 29 30 0
29 15 29 30 0
15 29 30 29 0
29 15 30 29 0
16 28 23 36 0
28 16 23 36 0
16 28 36 23 0
28 16 36 23 0
16 28 24 35 0
28 16 24 35 0
16 28 35 24 0
28 16 35 24 0
16 28 25 34 0
28 16 25 34 0
16 28 34 25 0
28 16 34 25 0
16 28 26 33 1
28 16 26 33 1
16 28 33 26 1
28 16 33 26 1
16 28 27 32 2
28 16 27 32 2
16 28 32 27 2
28 16 32 27 2
16 28 28 31 3
28 16 28 31 3
16 28 31 28 3
28 16 31 28 3
16 28 29 30 4
28 16 29 30 4
16 28 30 29 4
28 16 30 29 4
12 32 21 38 0
32 12 21 38 0
12 32 38 21 0
32 12 38 21 0
12 32 22 37 0
32 12 22 37 0
12 32 37 22 0
32 12 37 22 0
13 31 21 38 0
31 13 21 38 0
13 31 38 21 0
31 13 38 21 0
13 31 22 37 0
31 13 22 37 0
13 31 37 22 0
31 13 37 22 0
14 30 21 38 0
30 14 21 38 0
14 30 38 21 0
30 14 38 21 0
14 30 22 37 0
30 14 22 37 0
14 30 37 22 0
30 14 37 22 0
15 29 21 38 0
29 15 21 38 0
15 29 38 21 0
29 15 38 21 0
15 29 22 37 0
29 15 22 37 0
15 29 37 22 0
29 15 37 22 0
16 28 21 38 0
28 16 21 38 0
16 28 38 21 0
28 16 38 21 0
16 28 22 37 0
28 16 22 37 0
16 28 37 22 0
28 16 37 22 0
17 27 21 38 0
27 17 21 38 0
17 27 38 21 0
27 17 38 21 0
17 27 22 37 0
27 17 22 37 0
17 27 37 22 0
27 17 37 22 0
17 27 23 36 0
27 17 23 36 0
17 27 36 23 0
27 17 36 23 0
17 27 24 35 1
27 17 24 35 1
17 27 35 24 1
27 17 35 24 1
17 27 25 34 3
27 17 25 34 3
17 27 34 25 3
27 17 34 25 3
17 27 26 33 9
27 17 26 33 9
17 27 33 26 9
27 17 33 26 9
17 27 27 32 16
27 17 27 32 16
17 27 32 27 16
27 17 32 27 16
17 27 28 31 23
27 17 28 31 23
17 27 31 28 23
27 17 31 28 23
17 27 29 30 28
27 17 29 30 28
17 27 30 29 28
27 17 30 29 28
18 26 21 38 0
26 18 21 38 0
18 26 38 21 0
26 18 38 21 0
18 26 22 37 0
26 18 22 37 0
18 26 37 22 0
26 18 37 22 0
18 26 23 36 1
26 18 23 36 1
18 26 36 23 1
26 18 36 23 1
18 26 24 35 6
26 18 24 35 6
18 26 35 24 6
26 18 35 24 6
18 26 25 34 16
26 18 25 34 16
18 26 34 25 16
26 18 34 25 16
18 26 26 33 35
26 18 26 33 35
18 26 33 26 35
26 18 33 26 35
18 26 27 32 58
26 18 27 32 58
18 26 32 27 58
26 18 32 27 58
18 26 28 31 80
26 18 28 31 80
18 26 31 28 80
26 18 31 28 80
18 26 29 30 94
26 18 29 30 94
18 26 30 29 94
26 18 30 29 94
19 25 23 36 5
25 19 23 36 5
19 25 36 23 5
25 19 36 23 5
19 25 24 35 19
25 19 24 35 19
19 25 35 24 19
25 19 35 24 19
19 25 25 34 45
25 19 25 34 45
19 25 34 25 45
25 19 34 25 45
19 25 26 33 89
25 19 26 33 89
19 25 33 26 89
25 19 33 26 89
19 25 27 32 141
25 19 27 32 141
19 25 32 27 141
25 19 32 27 141
19 25 28 31 190
25 19 28 31 190
19 25 31 28 190
25 19 31 28 190
19 25 29 30 220
25 19 29 30 220
19 25 30 29 220
25 19 30 29 220
13 31 19 40 0
31 13 19 40 0
13 31 40 19 0
31 13 40 19 0
13 31 20 39 0
31 13 20 39 0
13 31 39 20 0
31 13 39 20 0
14 30 19 40 0
30 14 19 40 0
14 30 40 19 0
30 14 40 19 0
14 30 20 39 0
30 14 20 39 0
14 30 39 20 0
30 14 39 20 0
15 29 19 40 0
29 15 19 40 0
15 29 40 19 0
29 15 40 19 0
15 29 20 39 0
29 15 20 39 0
15 29 39 20 0
29 15 39 20 0
16 28 19 40 0
28 16 19 40 0
16 28 40 19 0
28 16 40 19 0
16 28 20 39 0
28 16 20 39 0
16 28 39 20 0
28 16 39 20 0
17 27 19 40 0
27 17 19 40 0
17 27 40 19 0
27 17 40 19 0
17 27 20 39 0
27 17 20 39 0
17 27 39 20 0
27 17 39 20 0
18 26 19 40 0
26 18 19 40 0
18 26 40 19 0
26 18 40 19 0
18 26 20 39 0
26 18 20 39 0
18 26 39 20 0
26 18 39 20 0
14 30 18 41 0
30 14 18 41 0
14 30 41 18 0
30 14 41 18 0
15 29 18 41 0
29 15 18 41 0
15 29 41 18 0
29 15 41 18 0
16 28 18 41 0
28 16 18 41 0
16 28 41 18 0
28 16 41 18 0
17 27 18 41 0
27 17 18 41 0
17 27 41 18 0
27 17 41 18 0
18 26 18 41 0
26 18 18 41 0
18 26 41 18 0
26 18 41 18 0
19 25 18 41 0
25 19 18 41 0
19 25 41 18 0
25 19 41 18 0
19 25 19 40 0
25 19 19 40 0
19 25 40 19 0
25 19 40 19 0
19 25 20 39 0
25 19 20 39 0
19 25 39 20 0
25 19 39 20 0
19 25 21 38 0
25 19 21 38 0
19 25 38 21 0
25 19 38 21 0
19 25 22 37 1
25 19 22 37 1
19 25 37 22 1
25 19 37 22 1
20 24 19 40 0
24 20 19 40 0
20 24 40 19 0
24 20 40 19 0
20 24 20 39 0
24 20 20 39 0
20 24 39 20 0
24 20 39 20 0
20 24 21 38 0
24 20 21 38 0
20 24 38 21 0
24 20 38 21 0
20 24 22 37 2
24 20 22 37 2
20 24 37 22 2
24 20 37 22 2
20 24 23 36 11
24 20 23 36 11
20 24 36 23 11
24 20 36 23 11
20 24 24 35 37
24 20 24 35 37
20 24 35 24 37
24 20 35 24 37
20 24 25 34 85
24 20 25 34 85
20 24 34 25 85
24 20 34 25 85
20 24 26 33 161
24 20 26 33 161
20 24 33 26 161
24 20 33 26 161
20 24 27 32 250
24 20 27 32 250
20 24 32 27 250
24 20 32 27 250
20 24 28 31 332
24 20 28 31 332
20 24 31 28 332
24 20 31 28 332
20 24 29 30 382
24 20 29 30 382
20 24 30 29 382
24 20 30 29 382
21 23 22 37 4
23 21 22 37 4
21 23 37 22 4
23 21 37 22 4
21 23 23 36 18
23 21 23 36 18
21 23 36 23 18
23 21 36 23 18
21 23 24 35 56
23 21 24 35 56
21 23 35 24 56
23 21 35 24 56
21 23 25 34 124
23 21 25 34 124
21 23 34 25 124
23 21 34 25 124
21 23 26 33 229
23 21 26 33 229
21 23 33 26 229
23 21 33 26 229
21 23 27 32 350
23 21 27 32 350
21 23 32 27 350
23 21 32 27 350
21 23 28 31 461
23 21 28 31 461
21 23 31 28 461
23 21 31 28 461
21 23 29 30 528
23 21 29 30 528
21 23 30 29 528
23 21 30 29 528
15 29 17 42 0
29 15 17 42 0
15 29 42 17 0
29 15 42 17 0
16 28 17 42 0
28 16 17 42 0
16 28 42 17 0
28 16 42 17 0
17 27 17 42 0
27 17 17 42 0
17 27 42 17 0
27 17 42 17 0
18 26 17 42 0
26 18 17 42 0
18 26 42 17 0
26 18 42 17 0
19 25 17 42 0
25 19 17 42 0
19 25 42 17 0
25 19 42 17 0
20 24 17 42 0
24 20 17 42 0
20 24 42 17 0
24 20 42 17 0
20 24 18 41 0
24 20 18 41 0
20 24 41 18 0
24 20 41 18 0
21 23 17 42 0
23 21 17 42 0
21 23 42 17 0
23 21 42 17 0
21 23 18 41 0
23 21 18 41 0
21 23 41 18 0
23 21 41 18 0
21 23 19 40 0
23 21 19 40 0
21 23 40 19 0
23 21 40 19 0
21 23 20 39 0
23 21 20 39 0
21 23 39 20 0
23 21 39 20 0
21 23 21 38 0
23 21 21 38 0
21 23 38 21 0
23 21 38 21 0
22 22 19 40 0
22 22 40 19 0
22 22 20 39 0
22 22 39 20 0
22 22 21 38 0
22 22 38 21 0
22 22 22 37 4
22 22 37 22 4
22 22 23 36 20
22 22 36 23 20
22 22 24 35 62
22 22 35 24 62
22 22 25 34 138
22 22 34 25 138
22 22 26 33 254
22 22 33 26 254
22 22 27 32 388
22 22 32 27 388
22 22 28 31 510
22 22 31 28 510
22 22 29 30 584
22 22 30 29 584
22 22 17 42 0
22 22 42 17 0
22 22 18 41 0
22 22 41 18 0
16 28 16 43 0
28 16 16 43 0
16 28 43 16 0
28 16 43 16 0
17 27 16 43 0
27 17 16 43 0
17 27 43 16 0
27 17 43 16 0
18 26 16 43 0
26 18 16 43 0
18 26 43 16 0
26 18 43 16 0
19 25 16 43 0
25 19 16 43 0
19 25 43 16 0
25 19 43 16 0
20 24 16 43 0
24 20 16 43 0
20 24 43 16 0
24 20 43 16 0
21 23 16 43 0
23 21 16 43 0
21 23 43 16 0
23 21 43 16 0
22 22 16 43 0
22 22 43 16 0
18 26 15 44 0
26 18 15 44 0
18 26 44 15 0
26 18 44 15 0
19 25 15 44 0
25 19 15 44 0
19 25 44 15 0
25 19 44 15 0
20 24 15 44 0
24 20 15 44 0
20 24 44 15 0
24 20 44 15 0
21 23 15 44 0
23 21 15 44 0
21 23 44 15 0
23 21 44 15 0
22 22 15 44 0
22 22 44 15 0
