2 24 11 24 0
24 2 11 24 0
2 24 24 11 0
24 2 24 11 0
2 24 12 23 0
24 2 12 23 0
2 24 23 12 0
24 2 23 12 0
2 24 13 22 0
24 2 13 22 0
2 24 22 13 0
24 2 22 13 0
2 24 14 21 0
24 2 14 21 0
2 24 21 14 0
24 2 21 14 0
2 24 15 20 0
24 2 15 20 0
2 24 20 15 0
24 2 20 15 0
2 24 16 19 0
24 2 16 19 0
2 24 19 16 0
24 2 19 16 0
2 24 17 18 0
24 2 17 18 0
2 24 18 17 0
24 2 18 17 0
3 23 11 24 0
23 3 11 24 0
3 23 24 11 0
23 3 24 11 0
3 23 12 23 0
23 3 12 23 0
3 23 23 12 0
23 3 23 12 0
3 23 13 22 0
23 3 13 22 0
3 23 22 13 0
23 3 22 13 0
3 23 14 21 0
23 3 14 21 0
3 23 21 14 0
23 3 21 14 0
3 23 15 20 0
23 3 15 20 0
3 23 20 15 0
23 3 20 15 0
3 23 16 19 0
23 3 16 19 0
3 23 19 16 0
23 3 19 16 0
3 23 17 18 0
23 3 17 18 0
3 23 18 17 0
23 3 18 17 0
4 22 11 24 0
22 4 11 24 0
4 22 24 11 0
22 4 24 11 0
4 22 12 23 0
22 4 12 23 0
4 22 23 12 0
22 4 23 12 0
4 22 13 22 0
22 4 13 22 0
4 22 22 13 0
22 4 22 13 0
4 22 14 21 0
22 4 14 21 0
4 22 21 14 0
22 4 21 14 0
4 22 15 20 0
22 4 15 20 0
4 22 20 15 0
22 4 20 15 0
4 22 16 19 0
22 4 16 19 0
4 22 19 16 0
22 4 19 16 0
4 22 17 18 0
22 4 17 18 0
4 22 18 17 0
22 4 18 17 0
5 21 11 24 0
21 5 11 24 0
5 21 24 11 0
21 5 24 11 0
5 21 12 23 0
21 5 12 23 0
5 21 23 12 0
21 5 23 12 0
5 21 13 22 0
21 5 13 22 0
5 21 22 13 0
21 5 22 13 0
5 21 14 21 0
21 5 14 21 0
5 21 21 14 0
21 5 21 14 0
5 21 15 20 0
21 5 15 20 0
5 21 20 15 0
21 5 20 15 0
5 21 16 19 0
21 5 16 19 0
5 21 19 16 0
21 5 19 16 0
5 21 17 18 0
21 5 17 18 0
5 21 18 17 0
21 5 18 17 0
6 20 11 24 0
20 6 11 24 0
6 20 24 11 0
20 6 24 11 0
6 20 12 23 0
20 6 12 23 0
6 20 23 12 0
20 6 23 12 0
6 20 13 22 0
20 6 13 22 0
6 20 22 13 0
20 6 22 13 0
6 20 14 21 0
20 6 14 21 0
6 20 21 14 0
20 6 21 14 0
6 20 15 20 0
20 6 15 20 0
6 20 20 15 0
20 6 20 15 0
6 20 16 19 0
20 6 16 19 0
6 20 19 16 0
20 6 19 16 0
6 20 17 18 0
20 6 17 18 0
6 20 18 17 0
20 6 18 17 0
7 19 11 24 1
19 7 11 24 1
7 19 24 11 1
19 7 24 11 1
7 19 12 23 2
19 7 12 23 2
7 19 23 12 2
19 7 23 12 2
7 19 13 22 3
19 7 13 22 3
7 19 22 13 3
19 7 22 13 3
7 19 14 21 4
19 7 14 21 4
7 19 21 14 4
19 7 21 14 4
7 19 15 20 4
19 7 15 20 4
7 19 20 15 4
19 7 20 15 4
7 19 16 19 4
19 7 16 19 4
7 19 19 16 4
19 7 19 16 4
7 19 17 18 4
19 7 17 18 4
7 19 18 17 4
19 7 18 17 4
3 23 10 25 0
23 3 10 25 0
3 23 25 10 0
23 3 25 10 0
4 22 10 25 0
22 4 10 25 0
4 22 25 10 0
22 4 25 10 0
5 21 10 25 0
21 5 10 25 0
5 21 25 10 0
21 5 25 10 0
6 20 10 25 0
20 6 10 25 0
6 20 25 10 0
20 6 25 10 0
7 19 10 25 0
19 7 10 25 0
7 19 25 10 0
19 7 25 10 0
8 18 10 25 0
18 8 10 25 0
8 18 25 10 0
18 8 25 10 0
8 18 11 24 2
18 8 11 24 2
8 18 24 11 2
18 8 24 11 2
8 18 12 23 5
18 8 12 23 5
8 18 23 12 5
18 8 23 12 5
8 18 13 22 8
18 8 13 22 8
8 18 22 13 8
18 8 22 13 8
8 18 14 21 11
18 8 14 21 11
8 18 21 14 11
18 8 21 14 11
8 18 15 20 12
18 8 15 20 12
8 18 20 15 12
18 8 20 15 12
8 18 16 19 12
18 8 16 19 12
8 18 19 16 12
18 8 19 16 12
8 18 17 18 12
18 8 17 18 12
8 18 18 17 12
18 8 18 17 12
9 17 10 25 0
17 9 10 25 0
9 17 25 10 0
17 9 25 10 0
9 17 11 24 3
17 9 11 24 3
9 17 24 11 3
17 9 24 11 3
9 17 12 23 8
17 9 12 23 8
9 17 23 12 8
17 9 23 12 8
9 17 13 22 14
17 9 13 22 14
9 17 22 13 14
17 9 22 13 14
9 17 14 21 20
17 9 14 21 20
9 17 21 14 20
17 9 21 14 20
9 17 15 20 23
17 9 15 20 23
9 17 20 15 23
17 9 20 15 23
9 17 16 19 24
17 9 16 19 24
9 17 19 16 24
17 9 19 16 24
9 17 17 18 24
17 9 17 18 24
9 17 18 17 24
17 9 18 17 24
10 16 10 25 0
16 10 10 25 0
10 16 25 10 0
16 10 25 10 0
10 16 11 24 3
16 10 11 24 3
10 16 24 11 3
16 10 24 11 3
10 16 12 23 9
16 10 12 23 9
10 16 23 12 9
16 10 23 12 9
10 16 13 22 17
16 10 13 22 17
10 16 22 13 17
16 10 22 13 17
10 16 14 21 26
16 10 14 21 26
10 16 21 14 26
16 10 21 14 26
10 16 15 20 32
16 10 15 20 32
10 16 20 15 32
16 10 20 15 32
10 16 16 19 35
16 10 16 19 35
10 16 19 16 35
16 10 19 16 35
10 16 17 18 36
16 10 17 18 36
10 16 18 17 36
16 10 18 17 36
11 15 11 24 3
15 11 11 24 3
11 15 24 11 3
15 11 24 11 3
11 15 12 23 9
15 11 12 23 9
11 15 23 12 9
15 11 23 12 9
11 15 13 22 18
15 11 13 22 18
11 15 22 13 18
15 11 22 13 18
11 15 14 21 29
15 11 14 21 29
11 15 21 14 29
15 11 21 14 29
11 15 15 20 38
15 11 15 20 38
11 15 20 15 38
15 11 20 15 38
11 15 16 19 44
15 11 16 19 44
11 15 19 16 44
15 11 19 16 44
11 15 17 18 47
15 11 17 18 47
11 15 18 17 47
15 11 18 17 47
3 23 9 26 0
23 3 9 26 0
3 23 26 9 0
23 3 26 9 0
4 22 9 26 0
22 4 9 26 0
4 22 26 9 0
22 4 26 9 0
5 21 9 26 0
21 5 9 26 0
5 21 26 9 0
21 5 26 9 0
6 20 9 26 0
20 6 9 26 0
6 20 26 9 0
20 6 26 9 0
7 19 9 26 0
19 7 9 26 0
7 19 26 9 0
19 7 26 9 0
8 18 9 26 0
18 8 9 26 0
8 18 26 9 0
18 8 26 9 0
4 22 7 28 0
22 4 7 28 0
4 22 28 7 0
22 4 28 7 0
4 22 8 27 0
22 4 8 27 0
4 22 27 8 0
22 4 27 8 0
5 21 7 28 0
21 5 7 28 0
5 21 28 7 0
21 5 28 7 0
5 21 8 27 0
21 5 8 27 0
5 21 27 8 0
21 5 27 8 0
6 20 7 28 0
20 6 7 28 0
6 20 28 7 0
20 6 28 7 0
6 20 8 27 0
20 6 8 27 0
6 20 27 8 0
20 6 27 8 0
7 19 7 28 0
19 7 7 28 0
7 19 28 7 0
19 7 28 7 0
7 19 8 27 0
19 7 8 27 0
7 19 27 8 0
19 7 27 8 0
8 18 7 28 0
18 8 7 28 0
8 18 28 7 0
18 8 28 7 0
8 18 8 27 0
18 8 8 27 0
8 18 27 8 0
18 8 27 8 0
9 17 7 28 0
17 9 7 28 0
9 17 28 7 0
17 9 28 7 0
9 17 8 27 0
17 9 8 27 0
9 17 27 8 0
17 9 27 8 0
9 17 9 26 0
17 9 9 26 0
9 17 26 9 0
17 9 26 9 0
10 16 7 28 0
16 10 7 28 0
10 16 28 7 0
16 10 28 7 0
10 16 8 27 0
16 10 8 27 0
10 16 27 8 0
16 10 27 8 0
10 16 9 26 0
16 10 9 26 0
10 16 26 9 0
16 10 26 9 0
6 20 6 29 0
20 6 6 29 0
6 20 29 6 0
20 6 29 6 0
7 19 6 29 0
19 7 6 29 0
7 19 29 6 0
19 7 29 6 0
8 18 6 29 0
18 8 6 29 0
8 18 29 6 0
18 8 29 6 0
9 17 6 29 0
17 9 6 29 0
9 17 29 6 0
17 9 29 6 0
10 16 6 29 0
16 10 6 29 0
10 16 29 6 0
16 10 29 6 0
11 15 6 29 0
15 11 6 29 0
11 15 29 6 0
15 11 29 6 0
11 15 7 28 0
15 11 7 28 0
11 15 28 7 0
15 11 28 7 0
11 15 8 27 0
15 11 8 27 0
11 15 27 8 0
15 11 27 8 0
11 15 9 26 0
15 11 9 26 0
11 15 26 9 0
15 11 26 9 0
11 15 10 25 0
15 11 10 25 0
11 15 25 10 0
15 11 25 10 0
12 14 7 28 0
14 12 7 28 0
12 14 28 7 0
14 12 28 7 0
12 14 8 27 0
14 12 8 27 0
12 14 27 8 0
14 12 27 8 0
12 14 9 26 0
14 12 9 26 0
12 14 26 9 0
14 12 26 9 0
12 14 10 25 0
14 12 10 25 0
12 14 25 10 0
14 12 25 10 0
12 14 11 24 3
14 12 11 24 3
12 14 24 11 3
14 12 24 11 3
12 14 12 23 9
14 12 12 23 9
12 14 23 12 9
14 12 23 12 9
12 14 13 22 18
14 12 13 22 18
12 14 22 13 18
14 12 22 13 18
12 14 14 21 30
14 12 14 21 30
12 14 21 14 30
14 12 21 14 30
12 14 15 20 41
14 12 15 20 41
12 14 20 15 41
14 12 20 15 41
12 14 16 19 50
14 12 16 19 50
12 14 19 16 50
14 12 19 16 50
12 14 17 18 55
14 12 17 18 55
12 14 18 17 55
14 12 18 17 55
13 13 7 28 0
13 13 28 7 0
13 13 8 27 0
13 13 27 8 0
13 13 9 26 0
13 13 26 9 0
13 13 10 25 0
13 13 25 10 0
13 13 11 24 3
13 13 24 11 3
13 13 12 23 9
13 13 23 12 9
13 13 13 22 18
13 13 22 13 18
13 13 14 21 30
13 13 21 14 30
13 13 15 20 42
13 13 20 15 42
13 13 16 19 52
13 13 19 16 52
13 13 17 18 58
13 13 18 17 58
5 21 6 29 0
21 5 6 29 0
5 21 29 6 0
21 5 29 6 0
6 20 5 30 0
20 6 5 30 0
6 20 30 5 0
20 6 30 5 0
7 19 5 30 0
19 7 5 30 0
7 19 30 5 0
19 7 30 5 0
8 18 5 30 0
18 8 5 30 0
8 18 30 5 0
18 8 30 5 0
9 17 5 30 0
17 9 5 30 0
9 17 30 5 0
17 9 30 5 0
10 16 5 30 0
16 10 5 30 0
10 16 30 5 0
16 10 30 5 0
11 15 5 30 0
15 11 5 30 0
11 15 30 5 0
15 11 30 5 0
7 19 4 31 0
19 7 4 31 0
7 19 31 4 0
19 7 31 4 0
8 18 4 31 0
18 8 4 31 0
8 18 31 4 0
18 8 31 4 0
9 17 4 31 0
17 9 4 31 0
9 17 31 4 0
17 9 31 4 0
10 16 4 31 0
16 10 4 31 0
10 16 31 4 0
16 10 31 4 0
11 15 4 31 0
15 11 4 31 0
11 15 31 4 0
15 11 31 4 0
12 14 4 31 0
14 12 4 31 0
12 14 31 4 0
14 12 31 4 0
12 14 5 30 0
14 12 5 30 0
12 14 30 5 0
14 12 30 5 0
12 14 6 29 0
14 12 6 29 0
12 14 29 6 0
14 12 29 6 0
13 13 5 30 0
13 13 30 5 0
13 13 6 29 0
13 13 29 6 0
13 13 4 31 0
13 13 31 4 0
9 17 3 32 0
17 9 3 32 0
9 17 32 3 0
17 9 32 3 0
10 16 3 32 0
16 10 3 32 0
10 16 32 3 0
16 10 32 3 0
11 15 3 32 0
15 11 3 32 0
11 15 32 3 0
15 11 32 3 0
12 14 3 32 0
14 12 3 32 0
12 14 32 3 0
14 12 32 3 0
13 13 3 32 0
13 13 32 3 0
