5 27 20 23 0
27 5 20 23 0
5 27 23 20 0
27 5 23 20 0
5 27 21 22 0
27 5 21 22 0
5 27 22 21 0
27 5 22 21 0
6 26 20 23 0
26 6 20 23 0
6 26 23 20 0
26 6 23 20 0
6 26 21 22 0
26 6 21 22 0
6 26 22 21 0
26 6 22 21 0
7 25 20 23 0
25 7 20 23 0
7 25 23 20 0
25 7 23 20 0
7 25 21 22 0
25 7 21 22 0
7 25 22 21 0
25 7 22 21 0
6 26 16 27 0
26 6 16 27 0
6 26 27 16 0
26 6 27 16 0
6 26 17 26 0
26 6 17 26 0
6 26 26 17 0
26 6 26 17 0
6 26 18 25 0
26 6 18 25 0
6 26 25 18 0
26 6 25 18 0
6 26 19 24 0
26 6 19 24 0
6 26 24 19 0
26 6 24 19 0
7 25 16 27 0
25 7 16 27 0
7 25 27 16 0
25 7 27 16 0
7 25 17 26 0
25 7 17 26 0
7 25 26 17 0
25 7 26 17 0
7 25 18 25 0
25 7 18 25 0
7 25 25 18 0
25 7 25 18 0
7 25 19 24 0
25 7 19 24 0
7 25 24 19 0
25 7 24 19 0
8 24 16 27 0
24 8 16 27 0
8 24 27 16 0
24 8 27 16 0
8 24 17 26 0
24 8 17 26 0
8 24 26 17 0
24 8 26 17 0
8 24 18 25 0
24 8 18 25 0
8 24 25 18 0
24 8 25 18 0
8 24 19 24 0
24 8 19 24 0
8 24 24 19 0
24 8 24 19 0
8 24 20 23 0
24 8 20 23 0
8 24 23 20 0
24 8 23 20 0
8 24 21 22 0
24 8 21 22 0
8 24 22 21 0
24 8 22 21 0
9 23 16 27 0
23 9 16 27 0
9 23 27 16 0
23 9 27 16 0
9 23 17 26 0
23 9 17 26 0
9 23 26 17 0
23 9 26 17 0
9 23 18 25 0
23 9 18 25 0
9 23 25 18 0
23 9 25 18 0
9 23 19 24 0
23 9 19 24 0
9 23 24 19 0
23 9 24 19 0
9 23 20 23 0
23 9 20 23 0
9 23 23 20 0
23 9 23 20 0
9 23 21 22 0
23 9 21 22 0
9 23 22 21 0
23 9 22 21 0
7 25 14 29 0
25 7 14 29 0
7 25 29 14 0
25 7 29 14 0
7 25 15 28 0
25 7 15 28 0
7 25 28 15 0
25 7 28 15 0
8 24 14 29 0
24 8 14 29 0
8 24 29 14 0
24 8 29 14 0
8 24 15 28 0
24 8 15 28 0
8 24 28 15 0
24 8 28 15 0
9 23 14 29 0
23 9 14 29 0
9 23 29 14 0
23 9 29 14 0
9 23 15 28 0
23 9 15 28 0
9 23 28 15 0
23 9 28 15 0
8 24 13 30 0
24 8 13 30 0
8 24 30 13 0
24 8 30 13 0
9 23 13 30 0
23 9 13 30 0
9 23 30 13 0
23 9 30 13 0
10 22 13 30 0
22 10 13 30 0
10 22 30 13 0
22 10 30 13 0
10 22 14 29 0
22 10 14 29 0
10 22 29 14 0
22 10 29 14 0
10 22 15 28 1
22 10 15 28 1
10 22 28 15 1
22 10 28 15 1
10 22 16 27 2
22 10 16 27 2
10 22 27 16 2
22 10 27 16 2
10 22 17 26 3
22 10 17 26 3
10 22 26 17 3
22 10 26 17 3
10 22 18 25 4
22 10 18 25 4
10 22 25 18 4
22 10 25 18 4
10 22 19 24 4
22 10 19 24 4
10 22 24 19 4
22 10 24 19 4
10 22 20 23 4
22 10 20 23 4
10 22 23 20 4
22 10 23 20 4
10 22 21 22 4
22 10 21 22 4
10 22 22 21 4
22 10 22 21 4
11 21 14 29 0
21 11 14 29 0
11 21 29 14 0
21 11 29 14 0
11 21 15 28 2
21 11 15 28 2
11 21 28 15 2
21 11 28 15 2
11 21 16 27 5
21 11 16 27 5
11 21 27 16 5
21 11 27 16 5
11 21 17 26 8
21 11 17 26 8
11 21 26 17 8
21 11 26 17 8
11 21 18 25 11
21 11 18 25 11
11 21 25 18 11
21 11 25 18 11
11 21 19 24 12
21 11 19 24 12
11 21 24 19 12
21 11 24 19 12
11 21 20 23 12
21 11 20 23 12
11 21 23 20 12
21 11 23 20 12
11 21 21 22 12
21 11 21 22 12
11 21 22 21 12
21 11 22 21 12
9 23 12 31 0
23 9 12 31 0
9 23 31 12 0
23 9 31 12 0
10 22 12 31 0
22 10 12 31 0
10 22 31 12 0
22 10 31 12 0
11 21 12 31 0
21 11 12 31 0
11 21 31 12 0
21 11 31 12 0
11 21 13 30 0
21 11 13 30 0
11 21 30 13 0
21 11 30 13 0
12 20 12 31 0
20 12 12 31 0
12 20 31 12 0
20 12 31 12 0
12 20 13 30 0
20 12 13 30 0
12 20 30 13 0
20 12 30 13 0
12 20 14 29 0
20 12 14 29 0
12 20 29 14 0
20 12 29 14 0
12 20 15 28 3
20 12 15 28 3
12 20 28 15 3
20 12 28 15 3
12 20 16 27 8
20 12 16 27 8
12 20 27 16 8
20 12 27 16 8
12 20 17 26 14
20 12 17 26 14
12 20 26 17 14
20 12 26 17 14
12 20 18 25 20
20 12 18 25 20
12 20 25 18 20
20 12 25 18 20
12 20 19 24 23
20 12 19 24 23
12 20 24 19 23
20 12 24 19 23
12 20 20 23 24
20 12 20 23 24
12 20 23 20 24
20 12 23 20 24
12 20 21 22 24
20 12 21 22 24
12 20 22 21 24
20 12 22 21 24
13 19 14 29 0
19 13 14 29 0
13 19 29 14 0
19 13 29 14 0
13 19 15 28 3
19 13 15 28 3
13 19 28 15 3
19 13 28 15 3
13 19 16 27 9
19 13 16 27 9
13 19 27 16 9
19 13 27 16 9
13 19 17 26 17
19 13 17 26 17
13 19 26 17 17
19 13 26 17 17
13 19 18 25 26
19 13 18 25 26
13 19 25 18 26
19 13 25 18 26
13 19 19 24 32
19 13 19 24 32
13 19 24 19 32
19 13 24 19 32
13 19 20 23 35
19 13 20 23 35
13 19 23 20 35
19 13 23 20 35
13 19 21 22 36
19 13 21 22 36
13 19 22 21 36
19 13 22 21 36
13 19 12 31 0
19 13 12 31 0
13 19 31 12 0
19 13 31 12 0
13 19 13 30 0
19 13 13 30 0
13 19 30 13 0
19 13 30 13 0
14 18 13 30 0
18 14 13 30 0
14 18 30 13 0
18 14 30 13 0
14 18 14 29 0
18 14 14 29 0
14 18 29 14 0
18 14 29 14 0
14 18 15 28 3
18 14 15 28 3
14 18 28 15 3
18 14 28 15 3
14 18 16 27 9
18 14 16 27 9
14 18 27 16 9
18 14 27 16 9
14 18 17 26 18
18 14 17 26 18
14 18 26 17 18
18 14 26 17 18
14 18 18 25 29
18 14 18 25 29
14 18 25 18 29
18 14 25 18 29
14 18 19 24 38
18 14 19 24 38
14 18 24 19 38
18 14 24 19 38
14 18 20 23 44
18 14 20 23 44
14 18 23 20 44
18 14 23 20 44
14 18 21 22 47
18 14 21 22 47
14 18 22 21 47
18 14 22 21 47
15 17 16 27 9
17 15 16 27 9
15 17 27 16 9
17 15 27 16 9
15 17 17 26 18
17 15 17 26 18
15 17 26 17 18
17 15 26 17 18
15 17 18 25 30
17 15 18 25 30
15 17 25 18 30
17 15 25 18 30
15 17 19 24 41
17 15 19 24 41
15 17 24 19 41
17 15 24 19 41
15 17 20 23 50
17 15 20 23 50
15 17 23 20 50
17 15 23 20 50
15 17 21 22 55
17 15 21 22 55
15 17 22 21 55
17 15 22 21 55
15 17 14 29 0
17 15 14 29 0
15 17 29 14 0
17 15 29 14 0
15 17 15 28 3
17 15 15 28 3
15 17 28 15 3
17 15 28 15 3
16 16 16 27 9
16 16 27 16 9
16 16 17 26 18
16 16 26 17 18
16 16 18 25 30
16 16 25 18 30
16 16 19 24 42
16 16 24 19 42
16 16 20 23 52
16 16 23 20 52
16 16 21 22 58
16 16 22 21 58
10 22 10 33 0
22 10 10 33 0
10 22 33 10 0
22 10 33 10 0
10 22 11 32 0
22 10 11 32 0
10 22 32 11 0
22 10 32 11 0
11 21 10 33 0
21 11 10 33 0
11 21 33 10 0
21 11 33 10 0
11 21 11 32 0
21 11 11 32 0
11 21 32 11 0
21 11 32 11 0
12 20 10 33 0
20 12 10 33 0
12 20 33 10 0
20 12 33 10 0
12 20 11 32 0
20 12 11 32 0
12 20 32 11 0
20 12 32 11 0
13 19 10 33 0
19 13 10 33 0
13 19 33 10 0
19 13 33 10 0
13 19 11 32 0
19 13 11 32 0
13 19 32 11 0
19 13 32 11 0
14 18 12 31 0
18 14 12 31 0
14 18 31 12 0
18 14 31 12 0
12 20 9 34 0
20 12 9 34 0
12 20 34 9 0
20 12 34 9 0
13 19 9 34 0
19 13 9 34 0
13 19 34 9 0
19 13 34 9 0
14 18 9 34 0
18 14 9 34 0
14 18 34 9 0
18 14 34 9 0
14 18 10 33 0
18 14 10 33 0
14 18 33 10 0
18 14 33 10 0
14 18 11 32 0
18 14 11 32 0
14 18 32 11 0
18 14 32 11 0
15 17 10 33 0
17 15 10 33 0
15 17 33 10 0
17 15 33 10 0
15 17 11 32 0
17 15 11 32 0
15 17 32 11 0
17 15 32 11 0
15 17 12 31 0
17 15 12 31 0
15 17 31 12 0
17 15 31 12 0
15 17 13 30 0
17 15 13 30 0
15 17 30 13 0
17 15 30 13 0
16 16 13 30 0
16 16 30 13 0
16 16 14 29 0
16 16 29 14 0
16 16 15 28 3
16 16 28 15 3
16 16 10 33 0
16 16 33 10 0
16 16 11 32 0
16 16 32 11 0
16 16 12 31 0
16 16 31 12 0
13 19 8 35 0
19 13 8 35 0
13 19 35 8 0
19 13 35 8 0
14 18 8 35 0
18 14 8 35 0
14 18 35 8 0
18 14 35 8 0
15 17 8 35 0
17 15 8 35 0
15 17 35 8 0
17 15 35 8 0
15 17 9 34 0
17 15 9 34 0
15 17 34 9 0
17 15 34 9 0
16 16 9 34 0
16 16 34 9 0
16 16 8 35 0
16 16 35 8 0
