5 30 20 27 0
30 5 20 27 0
5 30 27 20 0
30 5 27 20 0
5 30 21 26 0
30 5 21 26 0
5 30 26 21 0
30 5 26 21 0
5 30 22 25 0
30 5 22 25 0
5 30 25 22 0
30 5 25 22 0
5 30 23 24 0
30 5 23 24 0
5 30 24 23 0
30 5 24 23 0
6 29 20 27 0
29 6 20 27 0
6 29 27 20 0
29 6 27 20 0
6 29 21 26 0
29 6 21 26 0
6 29 26 21 0
29 6 26 21 0
6 29 22 25 0
29 6 22 25 0
6 29 25 22 0
29 6 25 22 0
6 29 23 24 0
29 6 23 24 0
6 29 24 23 0
29 6 24 23 0
7 28 20 27 0
28 7 20 27 0
7 28 27 20 0
28 7 27 20 0
7 28 21 26 0
28 7 21 26 0
7 28 26 21 0
28 7 26 21 0
7 28 22 25 0
28 7 22 25 0
7 28 25 22 0
28 7 25 22 0
7 28 23 24 0
28 7 23 24 0
7 28 24 23 0
28 7 24 23 0
8 27 20 27 0
27 8 20 27 0
8 27 27 20 0
27 8 27 20 0
8 27 21 26 0
27 8 21 26 0
8 27 26 21 0
27 8 26 21 0
8 27 22 25 0
27 8 22 25 0
8 27 25 22 0
27 8 25 22 0
8 27 23 24 0
27 8 23 24 0
8 27 24 23 0
27 8 24 23 0
9 26 20 27 0
26 9 20 27 0
9 26 27 20 0
26 9 27 20 0
9 26 21 26 0
26 9 21 26 0
9 26 26 21 0
26 9 26 21 0
9 26 22 25 0
26 9 22 25 0
9 26 25 22 0
26 9 25 22 0
9 26 23 24 0
26 9 23 24 0
9 26 24 23 0
26 9 24 23 0
10 25 20 27 1
25 10 20 27 1
10 25 27 20 1
25 10 27 20 1
10 25 21 26 2
25 10 21 26 2
10 25 26 21 2
25 10 26 21 2
10 25 22 25 3
25 10 22 25 3
10 25 25 22 3
25 10 25 22 3
10 25 23 24 4
25 10 23 24 4
10 25 24 23 4
25 10 24 23 4
6 29 16 31 0
29 6 16 31 0
6 29 31 16 0
29 6 31 16 0
6 29 17 30 0
29 6 17 30 0
6 29 30 17 0
29 6 30 17 0
6 29 18 29 0
29 6 18 29 0
6 29 29 18 0
29 6 29 18 0
6 29 19 28 0
29 6 19 28 0
6 29 28 19 0
29 6 28 19 0
7 28 16 31 0
28 7 16 31 0
7 28 31 16 0
28 7 31 16 0
7 28 17 30 0
28 7 17 30 0
7 28 30 17 0
28 7 30 17 0
7 28 18 29 0
28 7 18 29 0
7 28 29 18 0
28 7 29 18 0
7 28 19 28 0
28 7 19 28 0
7 28 28 19 0
28 7 28 19 0
8 27 16 31 0
27 8 16 31 0
8 27 31 16 0
27 8 31 16 0
8 27 17 30 0
27 8 17 30 0
8 27 30 17 0
27 8 30 17 0
8 27 18 29 0
27 8 18 29 0
8 27 29 18 0
27 8 29 18 0
8 27 19 28 0
27 8 19 28 0
8 27 28 19 0
27 8 28 19 0
9 26 16 31 0
26 9 16 31 0
9 26 31 16 0
26 9 31 16 0
9 26 17 30 0
26 9 17 30 0
9 26 30 17 0
26 9 30 17 0
9 26 18 29 0
26 9 18 29 0
9 26 29 18 0
26 9 29 18 0
9 26 19 28 0
26 9 19 28 0
9 26 28 19 0
26 9 28 19 0
10 25 16 31 0
25 10 16 31 0
10 25 31 16 0
25 10 31 16 0
10 25 17 30 0
25 10 17 30 0
10 25 30 17 0
25 10 30 17 0
10 25 18 29 0
25 10 18 29 0
10 25 29 18 0
25 10 29 18 0
10 25 19 28 0
25 10 19 28 0
10 25 28 19 0
25 10 28 19 0
11 24 16 31 0
24 11 16 31 0
11 24 31 16 0
24 11 31 16 0
11 24 17 30 1
24 11 17 30 1
11 24 30 17 1
24 11 30 17 1
11 24 18 29 3
24 11 18 29 3
11 24 29 18 3
24 11 29 18 3
11 24 19 28 6
24 11 19 28 6
11 24 28 19 6
24 11 28 19 6
11 24 20 27 12
24 11 20 27 12
11 24 27 20 12
24 11 27 20 12
11 24 21 26 19
24 11 21 26 19
11 24 26 21 19
24 11 26 21 19
11 24 22 25 25
24 11 22 25 25
11 24 25 22 25
24 11 25 22 25
11 24 23 24 30
24 11 23 24 30
11 24 24 23 30
24 11 24 23 30
12 23 16 31 1
23 12 16 31 1
12 23 31 16 1
23 12 31 16 1
12 23 17 30 5
23 12 17 30 5
12 23 30 17 5
23 12 30 17 5
12 23 18 29 15
23 12 18 29 15
12 23 29 18 15
23 12 29 18 15
12 23 19 28 30
23 12 19 28 30
12 23 28 19 30
23 12 28 19 30
12 23 20 27 53
23 12 20 27 53
12 23 27 20 53
23 12 27 20 53
12 23 21 26 79
23 12 21 26 79
12 23 26 21 79
23 12 26 21 79
12 23 22 25 102
23 12 22 25 102
12 23 25 22 102
23 12 25 22 102
12 23 23 24 117
23 12 23 24 117
12 23 24 23 117
23 12 24 23 117
7 28 14 33 0
28 7 14 33 0
7 28 33 14 0
28 7 33 14 0
7 28 15 32 0
28 7 15 32 0
7 28 32 15 0
28 7 32 15 0
8 27 14 33 0
27 8 14 33 0
8 27 33 14 0
27 8 33 14 0
8 27 15 32 0
27 8 15 32 0
8 27 32 15 0
27 8 32 15 0
9 26 14 33 0
26 9 14 33 0
9 26 33 14 0
26 9 33 14 0
9 26 15 32 0
26 9 15 32 0
9 26 32 15 0
26 9 32 15 0
10 25 14 33 0
25 10 14 33 0
10 25 33 14 0
25 10 33 14 0
10 25 15 32 0
25 10 15 32 0
10 25 32 15 0
25 10 32 15 0
11 24 14 33 0
24 11 14 33 0
11 24 33 14 0
24 11 33 14 0
11 24 15 32 0
24 11 15 32 0
11 24 32 15 0
24 11 32 15 0
12 23 14 33 0
23 12 14 33 0
12 23 33 14 0
23 12 33 14 0
12 23 15 32 0
23 12 15 32 0
12 23 32 15 0
23 12 32 15 0
8 27 13 34 0
27 8 13 34 0
8 27 34 13 0
27 8 34 13 0
9 26 13 34 0
26 9 13 34 0
9 26 34 13 0
26 9 34 13 0
10 25 13 34 0
25 10 13 34 0
10 25 34 13 0
25 10 34 13 0
11 24 13 34 0
24 11 13 34 0
11 24 34 13 0
24 11 34 13 0
12 23 13 34 0
23 12 13 34 0
12 23 34 13 0
23 12 34 13 0
13 22 13 34 0
22 13 13 34 0
13 22 34 13 0
22 13 34 13 0
13 22 14 33 0
22 13 14 33 0
13 22 33 14 0
22 13 33 14 0
13 22 15 32 1
22 13 15 32 1
13 22 32 15 1
22 13 32 15 1
13 22 16 31 5
22 13 16 31 5
13 22 31 16 5
22 13 31 16 5
13 22 17 30 18
22 13 17 30 18
13 22 30 17 18
22 13 30 17 18
13 22 18 29 46
22 13 18 29 46
13 22 29 18 46
22 13 29 18 46
13 22 19 28 91
22 13 19 28 91
13 22 28 19 91
22 13 28 19 91
13 22 20 27 153
22 13 20 27 153
13 22 27 20 153
22 13 27 20 153
13 22 21 26 222
22 13 21 26 222
13 22 26 21 222
22 13 26 21 222
13 22 22 25 282
22 13 22 25 282
13 22 25 22 282
22 13 25 22 282
13 22 23 24 319
22 13 23 24 319
13 22 24 23 319
22 13 24 23 319
14 21 14 33 0
21 14 14 33 0
14 21 33 14 0
21 14 33 14 0
14 21 15 32 3
21 14 15 32 3
14 21 32 15 3
21 14 32 15 3
14 21 16 31 14
21 14 16 31 14
14 21 31 16 14
21 14 31 16 14
14 21 17 30 44
21 14 17 30 44
14 21 30 17 44
21 14 30 17 44
14 21 18 29 105
21 14 18 29 105
14 21 29 18 105
21 14 29 18 105
14 21 19 28 201
21 14 19 28 201
14 21 28 19 201
21 14 28 19 201
14 21 20 27 331
21 14 20 27 331
14 21 27 20 331
21 14 27 20 331
14 21 21 26 472
21 14 21 26 472
14 21 26 21 472
21 14 26 21 472
14 21 22 25 594
21 14 22 25 594
14 21 25 22 594
21 14 25 22 594
14 21 23 24 667
21 14 23 24 667
14 21 24 23 667
21 14 24 23 667
9 26 12 35 0
26 9 12 35 0
9 26 35 12 0
26 9 35 12 0
10 25 12 35 0
25 10 12 35 0
10 25 35 12 0
25 10 35 12 0
11 24 12 35 0
24 11 12 35 0
11 24 35 12 0
24 11 35 12 0
12 23 12 35 0
23 12 12 35 0
12 23 35 12 0
23 12 35 12 0
13 22 12 35 0
22 13 12 35 0
13 22 35 12 0
22 13 35 12 0
14 21 12 35 0
21 14 12 35 0
14 21 35 12 0
21 14 35 12 0
14 21 13 34 0
21 14 13 34 0
14 21 34 13 0
21 14 34 13 0
15 20 12 35 0
20 15 12 35 0
15 20 35 12 0
20 15 35 12 0
15 20 13 34 0
20 15 13 34 0
15 20 34 13 0
20 15 34 13 0
15 20 14 33 1
20 15 14 33 1
15 20 33 14 1
20 15 33 14 1
15 20 15 32 8
20 15 15 32 8
15 20 32 15 8
20 15 32 15 8
15 20 16 31 30
20 15 16 31 30
15 20 31 16 30
20 15 31 16 30
15 20 17 30 85
20 15 17 30 85
15 20 30 17 85
20 15 30 17 85
15 20 18 29 191
20 15 18 29 191
15 20 29 18 191
20 15 29 18 191
15 20 19 28 356
20 15 19 28 356
15 20 28 19 356
20 15 28 19 356
15 20 20 27 574
20 15 20 27 574
15 20 27 20 574
20 15 27 20 574
15 20 21 26 810
20 15 21 26 810
15 20 26 21 810
20 15 26 21 810
15 20 22 25 1012
20 15 22 25 1012
15 20 25 22 1012
20 15 25 22 1012
15 20 23 24 1131
20 15 23 24 1131
15 20 24 23 1131
20 15 24 23 1131
16 19 14 33 2
19 16 14 33 2
16 19 33 14 2
19 16 33 14 2
16 19 15 32 13
19 16 15 32 13
16 19 32 15 13
19 16 32 15 13
16 19 16 31 47
19 16 16 31 47
16 19 31 16 47
19 16 31 16 47
16 19 17 30 128
19 16 17 30 128
16 19 30 17 128
19 16 30 17 128
16 19 18 29 280
19 16 18 29 280
16 19 29 18 280
19 16 29 18 280
16 19 19 28 513
19 16 19 28 513
16 19 28 19 513
19 16 28 19 513
16 19 20 27 817
19 16 20 27 817
16 19 27 20 817
19 16 27 20 817
16 19 21 26 1144
19 16 21 26 1144
16 19 26 21 1144
19 16 26 21 1144
16 19 22 25 1424
19 16 22 25 1424
16 19 25 22 1424
19 16 25 22 1424
16 19 23 24 1588
19 16 23 24 1588
16 19 24 23 1588
19 16 24 23 1588
16 19 12 35 0
19 16 12 35 0
16 19 35 12 0
19 16 35 12 0
16 19 13 34 0
19 16 13 34 0
16 19 34 13 0
19 16 34 13 0
17 18 13 34 0
18 17 13 34 0
17 18 34 13 0
18 17 34 13 0
17 18 14 33 3
18 17 14 33 3
17 18 33 14 3
18 17 33 14 3
17 18 15 32 17
18 17 15 32 17
17 18 32 15 17
18 17 32 15 17
17 18 16 31 59
18 17 16 31 59
17 18 31 16 59
18 17 31 16 59
17 18 17 30 157
18 17 17 30 157
17 18 30 17 157
18 17 30 17 157
17 18 18 29 338
18 17 18 29 338
17 18 29 18 338
18 17 29 18 338
17 18 19 28 614
18 17 19 28 614
17 18 28 19 614
18 17 28 19 614
17 18 20 27 972
18 17 20 27 972
17 18 27 20 972
18 17 27 20 972
17 18 21 26 1356
18 17 21 26 1356
17 18 26 21 1356
18 17 26 21 1356
17 18 22 25 1684
18 17 22 25 1684
17 18 25 22 1684
18 17 25 22 1684
17 18 23 24 1877
18 17 23 24 1877
17 18 24 23 1877
18 17 24 23 1877
10 25 10 37 0
25 10 10 37 0
10 25 37 10 0
25 10 37 10 0
10 25 11 36 0
25 10 11 36 0
10 25 36 11 0
25 10 36 11 0
11 24 10 37 0
24 11 10 37 0
11 24 37 10 0
24 11 37 10 0
11 24 11 36 0
24 11 11 36 0
11 24 36 11 0
24 11 36 11 0
12 23 10 37 0
23 12 10 37 0
12 23 37 10 0
23 12 37 10 0
12 23 11 36 0
23 12 11 36 0
12 23 36 11 0
23 12 36 11 0
13 22 10 37 0
22 13 10 37 0
13 22 37 10 0
22 13 37 10 0
13 22 11 36 0
22 13 11 36 0
13 22 36 11 0
22 13 36 11 0
14 21 10 37 0
21 14 10 37 0
14 21 37 10 0
21 14 37 10 0
14 21 11 36 0
21 14 11 36 0
14 21 36 11 0
21 14 36 11 0
15 20 10 37 0
20 15 10 37 0
15 20 37 10 0
20 15 37 10 0
15 20 11 36 0
20 15 11 36 0
15 20 36 11 0
20 15 36 11 0
16 19 10 37 0
19 16 10 37 0
16 19 37 10 0
19 16 37 10 0
16 19 11 36 0
19 16 11 36 0
16 19 36 11 0
19 16 36 11 0
17 18 12 35 0
18 17 12 35 0
17 18 35 12 0
18 17 35 12 0
12 23 9 38 0
23 12 9 38 0
12 23 38 9 0
23 12 38 9 0
13 22 9 38 0
22 13 9 38 0
13 22 38 9 0
22 13 38 9 0
14 21 9 38 0
21 14 9 38 0
14 21 38 9 0
21 14 38 9 0
15 20 9 38 0
20 15 9 38 0
15 20 38 9 0
20 15 38 9 0
16 19 9 38 0
19 16 9 38 0
16 19 38 9 0
19 16 38 9 0
17 18 9 38 0
18 17 9 38 0
17 18 38 9 0
18 17 38 9 0
17 18 10 37 0
18 17 10 37 0
17 18 37 10 0
18 17 37 10 0
17 18 11 36 0
18 17 11 36 0
17 18 36 11 0
18 17 36 11 0
13 22 8 39 0
22 13 8 39 0
13 22 39 8 0
22 13 39 8 0
14 21 8 39 0
21 14 8 39 0
14 21 39 8 0
21 14 39 8 0
15 20 8 39 0
20 15 8 39 0
15 20 39 8 0
20 15 39 8 0
16 19 8 39 0
19 16 8 39 0
16 19 39 8 0
19 16 39 8 0
17 18 8 39 0
18 17 8 39 0
17 18 39 8 0
18 17 39 8 0
