0 14 6 13 0
14 0 6 13 0
0 14 13 6 0
14 0 13 6 0
0 14 7 12 0
14 0 7 12 0
0 14 12 7 0
14 0 12 7 0
0 14 8 11 0
14 0 8 11 0
0 14 11 8 0
14 0 11 8 0
0 14 9 10 0
14 0 9 10 0
0 14 10 9 0
14 0 10 9 0
1 13 6 13 1
13 1 6 13 1
1 13 13 6 1
13 1 13 6 1
1 13 7 12 2
13 1 7 12 2
1 13 12 7 2
13 1 12 7 2
1 13 8 11 3
13 1 8 11 3
1 13 11 8 3
13 1 11 8 3
1 13 9 10 4
13 1 9 10 4
1 13 10 9 4
13 1 10 9 4
2 12 6 13 9
12 2 6 13 9
2 12 13 6 9
12 2 13 6 9
2 12 7 12 16
12 2 7 12 16
2 12 12 7 16
12 2 12 7 16
2 12 8 11 23
12 2 8 11 23
2 12 11 8 23
12 2 11 8 23
2 12 9 10 28
12 2 9 10 28
2 12 10 9 28
12 2 10 9 28
1 13 3 16 0
13 1 3 16 0
1 13 16 3 0
13 1 16 3 0
1 13 4 15 0
13 1 4 15 0
1 13 15 4 0
13 1 15 4 0
1 13 5 14 0
13 1 5 14 0
1 13 14 5 0
13 1 14 5 0
2 12 3 16 0
12 2 3 16 0
2 12 16 3 0
12 2 16 3 0
2 12 4 15 1
12 2 4 15 1
2 12 15 4 1
12 2 15 4 1
2 12 5 14 3
12 2 5 14 3
2 12 14 5 3
12 2 14 5 3
3 11 3 16 1
11 3 3 16 1
3 11 16 3 1
11 3 16 3 1
3 11 4 15 6
11 3 4 15 6
3 11 15 4 6
11 3 15 4 6
3 11 5 14 16
11 3 5 14 16
3 11 14 5 16
11 3 14 5 16
3 11 6 13 35
11 3 6 13 35
3 11 13 6 35
11 3 13 6 35
3 11 7 12 58
11 3 7 12 58
3 11 12 7 58
11 3 12 7 58
3 11 8 11 80
11 3 8 11 80
3 11 11 8 80
11 3 11 8 80
3 11 9 10 94
11 3 9 10 94
3 11 10 9 94
11 3 10 9 94
4 10 3 16 5
10 4 3 16 5
4 10 16 3 5
10 4 16 3 5
4 10 4 15 19
10 4 4 15 19
4 10 15 4 19
10 4 15 4 19
4 10 5 14 45
10 4 5 14 45
4 10 14 5 45
10 4 14 5 45
4 10 6 13 89
10 4 6 13 89
4 10 13 6 89
10 4 13 6 89
4 10 7 12 141
10 4 7 12 141
4 10 12 7 141
10 4 12 7 141
4 10 8 11 190
10 4 8 11 190
4 10 11 8 190
10 4 11 8 190
4 10 9 10 220
10 4 9 10 220
4 10 10 9 220
10 4 10 9 220
5 9 3 16 11
9 5 3 16 11
5 9 16 3 11
9 5 16 3 11
5 9 4 15 37
9 5 4 15 37
5 9 15 4 37
9 5 15 4 37
5 9 5 14 85
9 5 5 14 85
5 9 14 5 85
9 5 14 5 85
5 9 6 13 161
9 5 6 13 161
5 9 13 6 161
9 5 13 6 161
5 9 7 12 250
9 5 7 12 250
5 9 12 7 250
9 5 12 7 250
5 9 8 11 332
9 5 8 11 332
5 9 11 8 332
9 5 11 8 332
5 9 9 10 382
9 5 9 10 382
5 9 10 9 382
9 5 10 9 382
2 12 2 17 0
12 2 2 17 0
2 12 17 2 0
12 2 17 2 0
3 11 2 17 0
11 3 2 17 0
3 11 17 2 0
11 3 17 2 0
4 10 2 17 1
10 4 2 17 1
4 10 17 2 1
10 4 17 2 1
3 11 1 18 0
11 3 1 18 0
3 11 18 1 0
11 3 18 1 0
4 10 1 18 0
10 4 1 18 0
4 10 18 1 0
10 4 18 1 0
5 9 1 18 0
9 5 1 18 0
5 9 18 1 0
9 5 18 1 0
5 9 2 17 2
9 5 2 17 2
5 9 17 2 2
9 5 17 2 2
6 8 1 18 0
8 6 1 18 0
6 8 18 1 0
8 6 18 1 0
6 8 2 17 4
8 6 2 17 4
6 8 17 2 4
8 6 17 2 4
6 8 3 16 18
8 6 3 16 18
6 8 16 3 18
8 6 16 3 18
6 8 4 15 56
8 6 4 15 56
6 8 15 4 56
8 6 15 4 56
6 8 5 14 124
8 6 5 14 124
6 8 14 5 124
8 6 14 5 124
6 8 6 13 229
8 6 6 13 229
6 8 13 6 229
8 6 13 6 229
6 8 7 12 350
8 6 7 12 350
6 8 12 7 350
8 6 12 7 350
6 8 8 11 461
8 6 8 11 461
6 8 11 8 461
8 6 11 8 461
6 8 9 10 528
8 6 9 10 528
6 8 10 9 528
8 6 10 9 528
7 7 1 18 0
7 7 18 1 0
7 7 2 17 4
7 7 17 2 4
7 7 3 16 20
7 7 16 3 20
7 7 4 15 62
7 7 15 4 62
7 7 5 14 138
7 7 14 5 138
7 7 6 13 254
7 7 13 6 254
7 7 7 12 388
7 7 12 7 388
7 7 8 11 510
7 7 11 8 510
7 7 9 10 584
7 7 10 9 584
6 8 0 19 0
8 6 0 19 0
6 8 19 0 0
8 6 19 0 0
7 7 0 19 0
7 7 19 0 0
