0 11 3 12 0
11 0 3 12 0
0 11 12 3 0
11 0 12 3 0
0 11 4 11 0
11 0 4 11 0
0 11 11 4 0
11 0 11 4 0
0 11 5 10 0
11 0 5 10 0
0 11 10 5 0
11 0 10 5 0
0 11 6 9 1
11 0 6 9 1
0 11 9 6 1
11 0 9 6 1
1 10 3 12 1
10 1 3 12 1
1 10 12 3 1
10 1 12 3 1
1 10 4 11 3
10 1 4 11 3
1 10 11 4 3
10 1 11 4 3
1 10 5 10 6
10 1 5 10 6
1 10 10 5 6
10 1 10 5 6
1 10 6 9 10
10 1 6 9 10
1 10 9 6 10
10 1 9 6 10
2 9 3 12 5
9 2 3 12 5
2 9 12 3 5
9 2 12 3 5
2 9 4 11 13
9 2 4 11 13
2 9 11 4 13
9 2 11 4 13
2 9 5 10 24
9 2 5 10 24
2 9 10 5 24
9 2 10 5 24
2 9 6 9 36
9 2 6 9 36
2 9 9 6 36
9 2 9 6 36
0 11 7 8 1
11 0 7 8 1
0 11 8 7 1
11 0 8 7 1
1 10 7 8 12
10 1 7 8 12
1 10 8 7 12
10 1 8 7 12
2 9 7 8 43
9 2 7 8 43
2 9 8 7 43
9 2 8 7 43
1 10 1 14 0
10 1 1 14 0
1 10 14 1 0
10 1 14 1 0
1 10 2 13 0
10 1 2 13 0
1 10 13 2 0
10 1 13 2 0
2 9 1 14 0
9 2 1 14 0
2 9 14 1 0
9 2 14 1 0
2 9 2 13 1
9 2 2 13 1
2 9 13 2 1
9 2 13 2 1
3 8 1 14 1
8 3 1 14 1
3 8 14 1 1
8 3 14 1 1
3 8 2 13 5
8 3 2 13 5
3 8 13 2 5
8 3 13 2 5
3 8 3 12 16
8 3 3 12 16
3 8 12 3 16
8 3 12 3 16
3 8 4 11 35
8 3 4 11 35
3 8 11 4 35
8 3 11 4 35
3 8 5 10 60
8 3 5 10 60
3 8 10 5 60
8 3 10 5 60
3 8 6 9 85
8 3 6 9 85
3 8 9 6 85
8 3 9 6 85
3 8 7 8 100
8 3 7 8 100
3 8 8 7 100
8 3 8 7 100
4 7 1 14 2
7 4 1 14 2
4 7 14 1 2
7 4 14 1 2
4 7 2 13 10
7 4 2 13 10
4 7 13 2 10
7 4 13 2 10
4 7 3 12 29
7 4 3 12 29
4 7 12 3 29
7 4 12 3 29
4 7 4 11 61
7 4 4 11 61
4 7 11 4 61
7 4 11 4 61
4 7 5 10 102
7 4 5 10 102
4 7 10 5 102
7 4 10 5 102
4 7 6 9 142
7 4 6 9 142
4 7 9 6 142
7 4 9 6 142
4 7 7 8 166
7 4 7 8 166
4 7 8 7 166
7 4 8 7 166
5 6 1 14 3
6 5 1 14 3
5 6 14 1 3
6 5 14 1 3
5 6 2 13 14
6 5 2 13 14
5 6 13 2 14
6 5 13 2 14
5 6 3 12 39
6 5 3 12 39
5 6 12 3 39
6 5 12 3 39
5 6 4 11 80
6 5 4 11 80
5 6 11 4 80
6 5 11 4 80
5 6 5 10 132
6 5 5 10 132
5 6 10 5 132
6 5 10 5 132
5 6 6 9 182
6 5 6 9 182
5 6 9 6 182
6 5 9 6 182
5 6 7 8 212
6 5 7 8 212
5 6 8 7 212
6 5 8 7 212
3 8 0 15 0
8 3 0 15 0
3 8 15 0 0
8 3 15 0 0
4 7 0 15 0
7 4 0 15 0
4 7 15 0 0
7 4 15 0 0
5 6 0 15 0
6 5 0 15 0
5 6 15 0 0
6 5 15 0 0
