1 19 10 17 0
19 1 10 17 0
1 19 17 10 0
19 1 17 10 0
1 19 11 16 0
19 1 11 16 0
1 19 16 11 0
19 1 16 11 0
1 19 12 15 0
19 1 12 15 0
1 19 15 12 0
19 1 15 12 0
1 19 13 14 0
19 1 13 14 0
1 19 14 13 0
19 1 14 13 0
2 18 10 17 0
18 2 10 17 0
2 18 17 10 0
18 2 17 10 0
2 18 11 16 0
18 2 11 16 0
2 18 16 11 0
18 2 16 11 0
2 18 12 15 0
18 2 12 15 0
2 18 15 12 0
18 2 15 12 0
2 18 13 14 0
18 2 13 14 0
2 18 14 13 0
18 2 14 13 0
3 17 10 17 2
17 3 10 17 2
3 17 17 10 2
17 3 17 10 2
3 17 11 16 4
17 3 11 16 4
3 17 16 11 4
17 3 16 11 4
3 17 12 15 6
17 3 12 15 6
3 17 15 12 6
17 3 15 12 6
3 17 13 14 7
17 3 13 14 7
3 17 14 13 7
17 3 14 13 7
4 16 10 17 17
16 4 10 17 17
4 16 17 10 17
16 4 17 10 17
4 16 11 16 28
16 4 11 16 28
4 16 16 11 28
16 4 16 11 28
4 16 12 15 38
16 4 12 15 38
4 16 15 12 38
16 4 15 12 38
4 16 13 14 44
16 4 13 14 44
4 16 14 13 44
16 4 14 13 44
5 15 10 17 69
15 5 10 17 69
5 15 17 10 69
15 5 17 10 69
5 15 11 16 106
15 5 11 16 106
5 15 16 11 106
15 5 16 11 106
5 15 12 15 139
15 5 12 15 139
5 15 15 12 139
15 5 15 12 139
5 15 13 14 159
15 5 13 14 159
5 15 14 13 159
15 5 14 13 159
2 18 7 20 0
18 2 7 20 0
2 18 20 7 0
18 2 20 7 0
2 18 8 19 0
18 2 8 19 0
2 18 19 8 0
18 2 19 8 0
2 18 9 18 0
18 2 9 18 0
2 18 18 9 0
18 2 18 9 0
3 17 7 20 0
17 3 7 20 0
3 17 20 7 0
17 3 20 7 0
3 17 8 19 0
17 3 8 19 0
3 17 19 8 0
17 3 19 8 0
3 17 9 18 1
17 3 9 18 1
3 17 18 9 1
17 3 18 9 1
4 16 7 20 1
16 4 7 20 1
4 16 20 7 1
16 4 20 7 1
4 16 8 19 3
16 4 8 19 3
4 16 19 8 3
16 4 19 8 3
4 16 9 18 9
16 4 9 18 9
4 16 18 9 9
16 4 18 9 9
3 17 6 21 0
17 3 6 21 0
3 17 21 6 0
17 3 21 6 0
4 16 6 21 0
16 4 6 21 0
4 16 21 6 0
16 4 21 6 0
5 15 6 21 1
15 5 6 21 1
5 15 21 6 1
15 5 21 6 1
5 15 7 20 6
15 5 7 20 6
5 15 20 7 6
15 5 20 7 6
5 15 8 19 17
15 5 8 19 17
5 15 19 8 17
15 5 19 8 17
5 15 9 18 39
15 5 9 18 39
5 15 18 9 39
15 5 18 9 39
6 14 6 21 5
14 6 6 21 5
6 14 21 6 5
14 6 21 6 5
6 14 7 20 20
14 6 7 20 20
6 14 20 7 20
14 6 20 7 20
6 14 8 19 51
14 6 8 19 51
6 14 19 8 51
14 6 19 8 51
6 14 9 18 108
14 6 9 18 108
6 14 18 9 108
14 6 18 9 108
6 14 10 17 185
14 6 10 17 185
6 14 17 10 185
14 6 17 10 185
6 14 11 16 275
14 6 11 16 275
6 14 16 11 275
14 6 16 11 275
6 14 12 15 354
14 6 12 15 354
6 14 15 12 354
14 6 15 12 354
6 14 13 14 401
14 6 13 14 401
6 14 14 13 401
14 6 14 13 401
7 13 6 21 14
13 7 6 21 14
7 13 21 6 14
13 7 21 6 14
7 13 7 20 47
13 7 7 20 47
7 13 20 7 47
13 7 20 7 47
7 13 8 19 113
13 7 8 19 113
7 13 19 8 113
13 7 19 8 113
7 13 9 18 226
13 7 9 18 226
7 13 18 9 226
13 7 18 9 226
7 13 10 17 377
13 7 10 17 377
7 13 17 10 377
13 7 17 10 377
7 13 11 16 548
13 7 11 16 548
7 13 16 11 548
13 7 16 11 548
7 13 12 15 697
13 7 12 15 697
7 13 15 12 697
13 7 15 12 697
7 13 13 14 785
13 7 13 14 785
7 13 14 13 785
13 7 14 13 785
8 12 7 20 82
12 8 7 20 82
8 12 20 7 82
12 8 20 7 82
8 12 8 19 190
12 8 8 19 190
8 12 19 8 190
12 8 19 8 190
8 12 9 18 370
12 8 9 18 370
8 12 18 9 370
12 8 18 9 370
8 12 10 17 607
12 8 10 17 607
8 12 17 10 607
12 8 17 10 607
8 12 11 16 872
12 8 11 16 872
8 12 16 11 872
12 8 16 11 872
8 12 12 15 1101
12 8 12 15 1101
8 12 15 12 1101
12 8 15 12 1101
8 12 13 14 1236
12 8 13 14 1236
8 12 14 13 1236
12 8 14 13 1236
4 16 4 23 0
16 4 4 23 0
4 16 23 4 0
16 4 23 4 0
4 16 5 22 0
16 4 5 22 0
4 16 22 5 0
16 4 22 5 0
5 15 4 23 0
15 5 4 23 0
5 15 23 4 0
15 5 23 4 0
5 15 5 22 0
15 5 5 22 0
5 15 22 5 0
15 5 22 5 0
6 14 4 23 0
14 6 4 23 0
6 14 23 4 0
14 6 23 4 0
6 14 5 22 1
14 6 5 22 1
6 14 22 5 1
14 6 22 5 1
7 13 4 23 0
13 7 4 23 0
7 13 23 4 0
13 7 23 4 0
7 13 5 22 3
13 7 5 22 3
7 13 22 5 3
13 7 22 5 3
6 14 3 24 0
14 6 3 24 0
6 14 24 3 0
14 6 24 3 0
7 13 3 24 0
13 7 3 24 0
7 13 24 3 0
13 7 24 3 0
8 12 3 24 0
12 8 3 24 0
8 12 24 3 0
12 8 24 3 0
8 12 4 23 0
12 8 4 23 0
8 12 23 4 0
12 8 23 4 0
8 12 5 22 6
12 8 5 22 6
8 12 22 5 6
12 8 22 5 6
8 12 6 21 26
12 8 6 21 26
8 12 21 6 26
12 8 21 6 26
9 11 4 23 1
11 9 4 23 1
9 11 23 4 1
11 9 23 4 1
9 11 5 22 10
11 9 5 22 10
9 11 22 5 10
11 9 22 5 10
9 11 6 21 39
11 9 6 21 39
9 11 21 6 39
11 9 21 6 39
9 11 7 20 115
11 9 7 20 115
9 11 20 7 115
11 9 20 7 115
9 11 8 19 260
11 9 8 19 260
9 11 19 8 260
11 9 19 8 260
9 11 9 18 496
11 9 9 18 496
9 11 18 9 496
11 9 18 9 496
9 11 10 17 805
11 9 10 17 805
9 11 17 10 805
11 9 17 10 805
9 11 11 16 1147
11 9 11 16 1147
9 11 16 11 1147
11 9 16 11 1147
9 11 12 15 1442
11 9 12 15 1442
9 11 15 12 1442
11 9 15 12 1442
9 11 13 14 1615
11 9 13 14 1615
9 11 14 13 1615
11 9 14 13 1615
10 10 4 23 1
10 10 23 4 1
10 10 5 22 11
10 10 22 5 11
10 10 6 21 43
10 10 21 6 43
10 10 7 20 127
10 10 20 7 127
10 10 8 19 286
10 10 19 8 286
10 10 9 18 544
10 10 18 9 544
10 10 10 17 880
10 10 17 10 880
10 10 11 16 1252
10 10 16 11 1252
10 10 12 15 1572
10 10 15 12 1572
10 10 13 14 1760
10 10 14 13 1760
7 13 2 25 0
13 7 2 25 0
7 13 25 2 0
13 7 25 2 0
8 12 2 25 0
12 8 2 25 0
8 12 25 2 0
12 8 25 2 0
9 11 2 25 0
11 9 2 25 0
9 11 25 2 0
11 9 25 2 0
9 11 3 24 0
11 9 3 24 0
9 11 24 3 0
11 9 24 3 0
10 10 3 24 0
10 10 24 3 0
10 10 2 25 0
10 10 25 2 0
