7 28 20 27 0
28 7 20 27 0
7 28 27 20 0
28 7 27 20 0
7 28 21 26 0
28 7 21 26 0
7 28 26 21 0
28 7 26 21 0
7 28 22 25 0
28 7 22 25 0
7 28 25 22 0
28 7 25 22 0
7 28 23 24 0
28 7 23 24 0
7 28 24 23 0
28 7 24 23 0
8 27 20 27 0
27 8 20 27 0
8 27 27 20 0
27 8 27 20 0
8 27 21 26 0
27 8 21 26 0
8 27 26 21 0
27 8 26 21 0
8 27 22 25 0
27 8 22 25 0
8 27 25 22 0
27 8 25 22 0
8 27 23 24 0
27 8 23 24 0
8 27 24 23 0
27 8 24 23 0
9 26 20 27 0
26 9 20 27 0
9 26 27 20 0
26 9 27 20 0
9 26 21 26 0
26 9 21 26 0
9 26 26 21 0
26 9 26 21 0
9 26 22 25 0
26 9 22 25 0
9 26 25 22 0
26 9 25 22 0
9 26 23 24 0
26 9 23 24 0
9 26 24 23 0
26 9 24 23 0
10 25 20 27 0
25 10 20 27 0
10 25 27 20 0
25 10 27 20 0
10 25 21 26 0
25 10 21 26 0
10 25 26 21 0
25 10 26 21 0
10 25 22 25 0
25 10 22 25 0
10 25 25 22 0
25 10 25 22 0
10 25 23 24 0
25 10 23 24 0
10 25 24 23 0
25 10 24 23 0
8 27 17 30 0
27 8 17 30 0
8 27 30 17 0
27 8 30 17 0
8 27 18 29 0
27 8 18 29 0
8 27 29 18 0
27 8 29 18 0
8 27 19 28 0
27 8 19 28 0
8 27 28 19 0
27 8 28 19 0
9 26 17 30 0
26 9 17 30 0
9 26 30 17 0
26 9 30 17 0
9 26 18 29 0
26 9 18 29 0
9 26 29 18 0
26 9 29 18 0
9 26 19 28 0
26 9 19 28 0
9 26 28 19 0
26 9 28 19 0
10 25 17 30 0
25 10 17 30 0
10 25 30 17 0
25 10 30 17 0
10 25 18 29 0
25 10 18 29 0
10 25 29 18 0
25 10 29 18 0
10 25 19 28 0
25 10 19 28 0
10 25 28 19 0
25 10 28 19 0
9 26 16 31 0
26 9 16 31 0
9 26 31 16 0
26 9 31 16 0
10 25 16 31 0
25 10 16 31 0
10 25 31 16 0
25 10 31 16 0
11 24 16 31 0
24 11 16 31 0
11 24 31 16 0
24 11 31 16 0
11 24 17 30 0
24 11 17 30 0
11 24 30 17 0
24 11 30 17 0
11 24 18 29 0
24 11 18 29 0
11 24 29 18 0
24 11 29 18 0
11 24 19 28 0
24 11 19 28 0
11 24 28 19 0
24 11 28 19 0
11 24 20 27 0
24 11 20 27 0
11 24 27 20 0
24 11 27 20 0
11 24 21 26 0
24 11 21 26 0
11 24 26 21 0
24 11 26 21 0
11 24 22 25 0
24 11 22 25 0
11 24 25 22 0
24 11 25 22 0
11 24 23 24 0
24 11 23 24 0
11 24 24 23 0
24 11 24 23 0
12 23 17 30 0
23 12 17 30 0
12 23 30 17 0
23 12 30 17 0
12 23 18 29 1
23 12 18 29 1
12 23 29 18 1
23 12 29 18 1
12 23 19 28 1
23 12 19 28 1
12 23 28 19 1
23 12 28 19 1
12 23 20 27 1
23 12 20 27 1
12 23 27 20 1
23 12 27 20 1
12 23 21 26 1
23 12 21 26 1
12 23 26 21 1
23 12 26 21 1
12 23 22 25 1
23 12 22 25 1
12 23 25 22 1
23 12 25 22 1
12 23 23 24 1
23 12 23 24 1
12 23 24 23 1
23 12 24 23 1
10 25 14 33 0
25 10 14 33 0
10 25 33 14 0
25 10 33 14 0
10 25 15 32 0
25 10 15 32 0
10 25 32 15 0
25 10 32 15 0
11 24 14 33 0
24 11 14 33 0
11 24 33 14 0
24 11 33 14 0
11 24 15 32 0
24 11 15 32 0
11 24 32 15 0
24 11 32 15 0
12 23 14 33 0
23 12 14 33 0
12 23 33 14 0
23 12 33 14 0
12 23 15 32 0
23 12 15 32 0
12 23 32 15 0
23 12 32 15 0
12 23 16 31 0
23 12 16 31 0
12 23 31 16 0
23 12 31 16 0
13 22 14 33 0
22 13 14 33 0
13 22 33 14 0
22 13 33 14 0
13 22 15 32 0
22 13 15 32 0
13 22 32 15 0
22 13 32 15 0
13 22 16 31 0
22 13 16 31 0
13 22 31 16 0
22 13 31 16 0
13 22 17 30 0
22 13 17 30 0
13 22 30 17 0
22 13 30 17 0
13 22 18 29 1
22 13 18 29 1
13 22 29 18 1
22 13 29 18 1
13 22 19 28 2
22 13 19 28 2
13 22 28 19 2
22 13 28 19 2
13 22 20 27 2
22 13 20 27 2
13 22 27 20 2
22 13 27 20 2
13 22 21 26 2
22 13 21 26 2
13 22 26 21 2
22 13 26 21 2
13 22 22 25 2
22 13 22 25 2
13 22 25 22 2
22 13 25 22 2
13 22 23 24 2
22 13 23 24 2
13 22 24 23 2
22 13 24 23 2
14 21 16 31 0
21 14 16 31 0
14 21 31 16 0
21 14 31 16 0
14 21 17 30 0
21 14 17 30 0
14 21 30 17 0
21 14 30 17 0
14 21 18 29 1
21 14 18 29 1
14 21 29 18 1
21 14 29 18 1
14 21 19 28 2
21 14 19 28 2
14 21 28 19 2
21 14 28 19 2
14 21 20 27 3
21 14 20 27 3
14 21 27 20 3
21 14 27 20 3
14 21 21 26 3
21 14 21 26 3
14 21 26 21 3
21 14 26 21 3
14 21 22 25 3
21 14 22 25 3
14 21 25 22 3
21 14 25 22 3
14 21 23 24 3
21 14 23 24 3
14 21 24 23 3
21 14 24 23 3
12 23 13 34 0
23 12 13 34 0
12 23 34 13 0
23 12 34 13 0
13 22 13 34 0
22 13 13 34 0
13 22 34 13 0
22 13 34 13 0
14 21 13 34 0
21 14 13 34 0
14 21 34 13 0
21 14 34 13 0
14 21 14 33 0
21 14 14 33 0
14 21 33 14 0
21 14 33 14 0
14 21 15 32 0
21 14 15 32 0
14 21 32 15 0
21 14 32 15 0
15 20 14 33 0
20 15 14 33 0
15 20 33 14 0
20 15 33 14 0
15 20 15 32 0
20 15 15 32 0
15 20 32 15 0
20 15 32 15 0
15 20 16 31 0
20 15 16 31 0
15 20 31 16 0
20 15 31 16 0
15 20 17 30 0
20 15 17 30 0
15 20 30 17 0
20 15 30 17 0
15 20 18 29 1
20 15 18 29 1
15 20 29 18 1
20 15 29 18 1
15 20 19 28 2
20 15 19 28 2
15 20 28 19 2
20 15 28 19 2
15 20 20 27 3
20 15 20 27 3
15 20 27 20 3
20 15 27 20 3
15 20 21 26 4
20 15 21 26 4
15 20 26 21 4
20 15 26 21 4
15 20 22 25 4
20 15 22 25 4
15 20 25 22 4
20 15 25 22 4
15 20 23 24 4
20 15 23 24 4
15 20 24 23 4
20 15 24 23 4
16 19 17 30 0
19 16 17 30 0
16 19 30 17 0
19 16 30 17 0
16 19 18 29 1
19 16 18 29 1
16 19 29 18 1
19 16 29 18 1
16 19 19 28 2
19 16 19 28 2
16 19 28 19 2
19 16 28 19 2
16 19 20 27 3
19 16 20 27 3
16 19 27 20 3
19 16 27 20 3
16 19 21 26 4
19 16 21 26 4
16 19 26 21 4
19 16 26 21 4
16 19 22 25 5
19 16 22 25 5
16 19 25 22 5
19 16 25 22 5
16 19 23 24 5
19 16 23 24 5
16 19 24 23 5
19 16 24 23 5
16 19 14 33 0
19 16 14 33 0
16 19 33 14 0
19 16 33 14 0
16 19 15 32 0
19 16 15 32 0
16 19 32 15 0
19 16 32 15 0
16 19 16 31 0
19 16 16 31 0
16 19 31 16 0
19 16 31 16 0
17 18 16 31 0
18 17 16 31 0
17 18 31 16 0
18 17 31 16 0
17 18 17 30 0
18 17 17 30 0
17 18 30 17 0
18 17 30 17 0
17 18 18 29 1
18 17 18 29 1
17 18 29 18 1
18 17 29 18 1
17 18 19 28 2
18 17 19 28 2
17 18 28 19 2
18 17 28 19 2
17 18 20 27 3
18 17 20 27 3
17 18 27 20 3
18 17 27 20 3
17 18 21 26 4
18 17 21 26 4
17 18 26 21 4
18 17 26 21 4
17 18 22 25 5
18 17 22 25 5
17 18 25 22 5
18 17 25 22 5
17 18 23 24 6
18 17 23 24 6
17 18 24 23 6
18 17 24 23 6
11 24 13 34 0
24 11 13 34 0
11 24 34 13 0
24 11 34 13 0
12 23 12 35 0
23 12 12 35 0
12 23 35 12 0
23 12 35 12 0
13 22 12 35 0
22 13 12 35 0
13 22 35 12 0
22 13 35 12 0
14 21 12 35 0
21 14 12 35 0
14 21 35 12 0
21 14 35 12 0
13 22 11 36 0
22 13 11 36 0
13 22 36 11 0
22 13 36 11 0
14 21 11 36 0
21 14 11 36 0
14 21 36 11 0
21 14 36 11 0
15 20 11 36 0
20 15 11 36 0
15 20 36 11 0
20 15 36 11 0
15 20 12 35 0
20 15 12 35 0
15 20 35 12 0
20 15 35 12 0
15 20 13 34 0
20 15 13 34 0
15 20 34 13 0
20 15 34 13 0
16 19 12 35 0
19 16 12 35 0
16 19 35 12 0
19 16 35 12 0
16 19 13 34 0
19 16 13 34 0
16 19 34 13 0
19 16 34 13 0
17 18 15 32 0
18 17 15 32 0
17 18 32 15 0
18 17 32 15 0
16 19 11 36 0
19 16 11 36 0
16 19 36 11 0
19 16 36 11 0
17 18 11 36 0
18 17 11 36 0
17 18 36 11 0
18 17 36 11 0
17 18 12 35 0
18 17 12 35 0
17 18 35 12 0
18 17 35 12 0
17 18 13 34 0
18 17 13 34 0
17 18 34 13 0
18 17 34 13 0
17 18 14 33 0
18 17 14 33 0
17 18 33 14 0
18 17 33 14 0
15 20 10 37 0
20 15 10 37 0
15 20 37 10 0
20 15 37 10 0
16 19 10 37 0
19 16 10 37 0
16 19 37 10 0
19 16 37 10 0
17 18 10 37 0
18 17 10 37 0
17 18 37 10 0
18 17 37 10 0
