21 35 31 44 0
35 21 31 44 0
21 35 44 31 0
35 21 44 31 0
21 35 32 43 0
35 21 32 43 0
21 35 43 32 0
35 21 43 32 0
21 35 33 42 0
35 21 33 42 0
21 35 42 33 0
35 21 42 33 0
21 35 34 41 0
35 21 34 41 0
21 35 41 34 0
35 21 41 34 0
21 35 35 40 0
35 21 35 40 0
21 35 40 35 0
35 21 40 35 0
21 35 36 39 0
35 21 36 39 0
21 35 39 36 0
35 21 39 36 0
21 35 37 38 0
35 21 37 38 0
21 35 38 37 0
35 21 38 37 0
22 34 31 44 0
34 22 31 44 0
22 34 44 31 0
34 22 44 31 0
22 34 32 43 0
34 22 32 43 0
22 34 43 32 0
34 22 43 32 0
22 34 33 42 0
34 22 33 42 0
22 34 42 33 0
34 22 42 33 0
22 34 34 41 0
34 22 34 41 0
22 34 41 34 0
34 22 41 34 0
22 34 35 40 0
34 22 35 40 0
22 34 40 35 0
34 22 40 35 0
22 34 36 39 0
34 22 36 39 0
22 34 39 36 0
34 22 39 36 0
22 34 37 38 0
34 22 37 38 0
22 34 38 37 0
34 22 38 37 0
23 33 31 44 0
33 23 31 44 0
23 33 44 31 0
33 23 44 31 0
23 33 32 43 0
33 23 32 43 0
23 33 43 32 0
33 23 43 32 0
23 33 33 42 0
33 23 33 42 0
23 33 42 33 0
33 23 42 33 0
23 33 34 41 0
33 23 34 41 0
23 33 41 34 0
33 23 41 34 0
23 33 35 40 0
33 23 35 40 0
23 33 40 35 0
33 23 40 35 0
23 33 36 39 0
33 23 36 39 0
23 33 39 36 0
33 23 39 36 0
23 33 37 38 0
33 23 37 38 0
23 33 38 37 0
33 23 38 37 0
24 32 31 44 0
32 24 31 44 0
24 32 44 31 0
32 24 44 31 0
24 32 32 43 0
32 24 32 43 0
24 32 43 32 0
32 24 43 32 0
24 32 33 42 0
32 24 33 42 0
24 32 42 33 0
32 24 42 33 0
24 32 34 41 0
32 24 34 41 0
24 32 41 34 0
32 24 41 34 0
24 32 35 40 0
32 24 35 40 0
24 32 40 35 0
32 24 40 35 0
24 32 36 39 0
32 24 36 39 0
24 32 39 36 0
32 24 39 36 0
24 32 37 38 0
32 24 37 38 0
24 32 38 37 0
32 24 38 37 0
25 31 31 44 0
31 25 31 44 0
25 31 44 31 0
31 25 44 31 0
25 31 32 43 0
31 25 32 43 0
25 31 43 32 0
31 25 43 32 0
25 31 33 42 0
31 25 33 42 0
25 31 42 33 0
31 25 42 33 0
25 31 34 41 0
31 25 34 41 0
25 31 41 34 0
31 25 41 34 0
25 31 35 40 0
31 25 35 40 0
25 31 40 35 0
31 25 40 35 0
25 31 36 39 0
31 25 36 39 0
25 31 39 36 0
31 25 39 36 0
25 31 37 38 0
31 25 37 38 0
25 31 38 37 0
31 25 38 37 0
26 30 31 44 0
30 26 31 44 0
26 30 44 31 0
30 26 44 31 0
26 30 32 43 0
30 26 32 43 0
26 30 43 32 0
30 26 43 32 0
26 30 33 42 0
30 26 33 42 0
26 30 42 33 0
30 26 42 33 0
26 30 34 41 0
30 26 34 41 0
26 30 41 34 0
30 26 41 34 0
26 30 35 40 0
30 26 35 40 0
26 30 40 35 0
30 26 40 35 0
26 30 36 39 0
30 26 36 39 0
26 30 39 36 0
30 26 39 36 0
26 30 37 38 0
30 26 37 38 0
26 30 38 37 0
30 26 38 37 0
22 34 29 46 0
34 22 29 46 0
22 34 46 29 0
34 22 46 29 0
22 34 30 45 0
34 22 30 45 0
22 34 45 30 0
34 22 45 30 0
23 33 29 46 0
33 23 29 46 0
23 33 46 29 0
33 23 46 29 0
23 33 30 45 0
33 23 30 45 0
23 33 45 30 0
33 23 45 30 0
24 32 29 46 0
32 24 29 46 0
24 32 46 29 0
32 24 46 29 0
24 32 30 45 0
32 24 30 45 0
24 32 45 30 0
32 24 45 30 0
25 31 29 46 0
31 25 29 46 0
25 31 46 29 0
31 25 46 29 0
25 31 30 45 0
31 25 30 45 0
25 31 45 30 0
31 25 45 30 0
26 30 29 46 0
30 26 29 46 0
26 30 46 29 0
30 26 46 29 0
26 30 30 45 0
30 26 30 45 0
26 30 45 30 0
30 26 45 30 0
27 29 29 46 0
29 27 29 46 0
27 29 46 29 0
29 27 46 29 0
27 29 30 45 0
29 27 30 45 0
27 29 45 30 0
29 27 45 30 0
27 29 31 44 0
29 27 31 44 0
27 29 44 31 0
29 27 44 31 0
27 29 32 43 0
29 27 32 43 0
27 29 43 32 0
29 27 43 32 0
27 29 33 42 0
29 27 33 42 0
27 29 42 33 0
29 27 42 33 0
27 29 34 41 0
29 27 34 41 0
27 29 41 34 0
29 27 41 34 0
27 29 35 40 0
29 27 35 40 0
27 29 40 35 0
29 27 40 35 0
27 29 36 39 1
29 27 36 39 1
27 29 39 36 1
29 27 39 36 1
27 29 37 38 1
29 27 37 38 1
27 29 38 37 1
29 27 38 37 1
28 28 29 46 0
28 28 46 29 0
28 28 30 45 0
28 28 45 30 0
28 28 31 44 0
28 28 44 31 0
28 28 32 43 0
28 28 43 32 0
28 28 33 42 0
28 28 42 33 0
28 28 34 41 0
28 28 41 34 0
28 28 35 40 0
28 28 40 35 0
28 28 36 39 1
28 28 39 36 1
28 28 37 38 1
28 28 38 37 1
24 32 28 47 0
32 24 28 47 0
24 32 47 28 0
32 24 47 28 0
25 31 28 47 0
31 25 28 47 0
25 31 47 28 0
31 25 47 28 0
26 30 28 47 0
30 26 28 47 0
26 30 47 28 0
30 26 47 28 0
27 29 28 47 0
29 27 28 47 0
27 29 47 28 0
29 27 47 28 0
28 28 28 47 0
28 28 47 28 0
