15 35 30 37 0
35 15 30 37 0
15 35 37 30 0
35 15 37 30 0
15 35 31 36 0
35 15 31 36 0
15 35 36 31 0
35 15 36 31 0
15 35 32 35 0
35 15 32 35 0
15 35 35 32 0
35 15 35 32 0
15 35 33 34 0
35 15 33 34 0
15 35 34 33 0
35 15 34 33 0
16 34 30 37 0
34 16 30 37 0
16 34 37 30 0
34 16 37 30 0
16 34 31 36 0
34 16 31 36 0
16 34 36 31 0
34 16 36 31 0
16 34 32 35 0
34 16 32 35 0
16 34 35 32 0
34 16 35 32 0
16 34 33 34 0
34 16 33 34 0
16 34 34 33 0
34 16 34 33 0
17 33 30 37 0
33 17 30 37 0
17 33 37 30 0
33 17 37 30 0
17 33 31 36 0
33 17 31 36 0
17 33 36 31 0
33 17 36 31 0
17 33 32 35 0
33 17 32 35 0
17 33 35 32 0
33 17 35 32 0
17 33 33 34 0
33 17 33 34 0
17 33 34 33 0
33 17 34 33 0
18 32 30 37 0
32 18 30 37 0
18 32 37 30 0
32 18 37 30 0
18 32 31 36 0
32 18 31 36 0
18 32 36 31 0
32 18 36 31 0
18 32 32 35 0
32 18 32 35 0
18 32 35 32 0
32 18 35 32 0
18 32 33 34 0
32 18 33 34 0
18 32 34 33 0
32 18 34 33 0
19 31 30 37 0
31 19 30 37 0
19 31 37 30 0
31 19 37 30 0
19 31 31 36 0
31 19 31 36 0
19 31 36 31 0
31 19 36 31 0
19 31 32 35 0
31 19 32 35 0
19 31 35 32 0
31 19 35 32 0
19 31 33 34 0
31 19 33 34 0
19 31 34 33 0
31 19 34 33 0
20 30 30 37 0
30 20 30 37 0
20 30 37 30 0
30 20 37 30 0
20 30 31 36 0
30 20 31 36 0
20 30 36 31 0
30 20 36 31 0
20 30 32 35 0
30 20 32 35 0
20 30 35 32 0
30 20 35 32 0
20 30 33 34 0
30 20 33 34 0
20 30 34 33 0
30 20 34 33 0
16 34 26 41 0
34 16 26 41 0
16 34 41 26 0
34 16 41 26 0
16 34 27 40 0
34 16 27 40 0
16 34 40 27 0
34 16 40 27 0
16 34 28 39 0
34 16 28 39 0
16 34 39 28 0
34 16 39 28 0
16 34 29 38 0
34 16 29 38 0
16 34 38 29 0
34 16 38 29 0
17 33 26 41 0
33 17 26 41 0
17 33 41 26 0
33 17 41 26 0
17 33 27 40 0
33 17 27 40 0
17 33 40 27 0
33 17 40 27 0
17 33 28 39 0
33 17 28 39 0
17 33 39 28 0
33 17 39 28 0
17 33 29 38 0
33 17 29 38 0
17 33 38 29 0
33 17 38 29 0
18 32 26 41 0
32 18 26 41 0
18 32 41 26 0
32 18 41 26 0
18 32 27 40 0
32 18 27 40 0
18 32 40 27 0
32 18 40 27 0
18 32 28 39 0
32 18 28 39 0
18 32 39 28 0
32 18 39 28 0
18 32 29 38 0
32 18 29 38 0
18 32 38 29 0
32 18 38 29 0
19 31 26 41 0
31 19 26 41 0
19 31 41 26 0
31 19 41 26 0
19 31 27 40 0
31 19 27 40 0
19 31 40 27 0
31 19 40 27 0
19 31 28 39 0
31 19 28 39 0
19 31 39 28 0
31 19 39 28 0
19 31 29 38 0
31 19 29 38 0
19 31 38 29 0
31 19 38 29 0
20 30 26 41 0
30 20 26 41 0
20 30 41 26 0
30 20 41 26 0
20 30 27 40 0
30 20 27 40 0
20 30 40 27 0
30 20 40 27 0
20 30 28 39 0
30 20 28 39 0
20 30 39 28 0
30 20 39 28 0
20 30 29 38 0
30 20 29 38 0
20 30 38 29 0
30 20 38 29 0
21 29 26 41 0
29 21 26 41 0
21 29 41 26 0
29 21 41 26 0
21 29 27 40 0
29 21 27 40 0
21 29 40 27 0
29 21 40 27 0
21 29 28 39 0
29 21 28 39 0
21 29 39 28 0
29 21 39 28 0
21 29 29 38 0
29 21 29 38 0
21 29 38 29 0
29 21 38 29 0
21 29 30 37 0
29 21 30 37 0
21 29 37 30 0
29 21 37 30 0
21 29 31 36 1
29 21 31 36 1
21 29 36 31 1
29 21 36 31 1
21 29 32 35 2
29 21 32 35 2
21 29 35 32 2
29 21 35 32 2
21 29 33 34 3
29 21 33 34 3
21 29 34 33 3
29 21 34 33 3
17 33 24 43 0
33 17 24 43 0
17 33 43 24 0
33 17 43 24 0
17 33 25 42 0
33 17 25 42 0
17 33 42 25 0
33 17 42 25 0
18 32 24 43 0
32 18 24 43 0
18 32 43 24 0
32 18 43 24 0
18 32 25 42 0
32 18 25 42 0
18 32 42 25 0
32 18 42 25 0
19 31 24 43 0
31 19 24 43 0
19 31 43 24 0
31 19 43 24 0
19 31 25 42 0
31 19 25 42 0
19 31 42 25 0
31 19 42 25 0
20 30 24 43 0
30 20 24 43 0
20 30 43 24 0
30 20 43 24 0
20 30 25 42 0
30 20 25 42 0
20 30 42 25 0
30 20 42 25 0
21 29 24 43 0
29 21 24 43 0
21 29 43 24 0
29 21 43 24 0
21 29 25 42 0
29 21 25 42 0
21 29 42 25 0
29 21 42 25 0
22 28 24 43 0
28 22 24 43 0
22 28 43 24 0
28 22 43 24 0
22 28 25 42 0
28 22 25 42 0
22 28 42 25 0
28 22 42 25 0
22 28 26 41 0
28 22 26 41 0
22 28 41 26 0
28 22 41 26 0
22 28 27 40 0
28 22 27 40 0
22 28 40 27 0
28 22 40 27 0
22 28 28 39 0
28 22 28 39 0
22 28 39 28 0
28 22 39 28 0
22 28 29 38 1
28 22 29 38 1
22 28 38 29 1
28 22 38 29 1
22 28 30 37 3
28 22 30 37 3
22 28 37 30 3
28 22 37 30 3
22 28 31 36 7
28 22 31 36 7
22 28 36 31 7
28 22 36 31 7
22 28 32 35 11
28 22 32 35 11
22 28 35 32 11
28 22 35 32 11
22 28 33 34 14
28 22 33 34 14
22 28 34 33 14
28 22 34 33 14
23 27 24 43 0
27 23 24 43 0
23 27 43 24 0
27 23 43 24 0
23 27 25 42 0
27 23 25 42 0
23 27 42 25 0
27 23 42 25 0
23 27 26 41 0
27 23 26 41 0
23 27 41 26 0
27 23 41 26 0
23 27 27 40 0
27 23 27 40 0
23 27 40 27 0
27 23 40 27 0
23 27 28 39 0
27 23 28 39 0
23 27 39 28 0
27 23 39 28 0
23 27 29 38 3
27 23 29 38 3
23 27 38 29 3
27 23 38 29 3
23 27 30 37 8
27 23 30 37 8
23 27 37 30 8
27 23 37 30 8
23 27 31 36 17
27 23 31 36 17
23 27 36 31 17
27 23 36 31 17
23 27 32 35 26
27 23 32 35 26
23 27 35 32 26
27 23 35 32 26
23 27 33 34 32
27 23 33 34 32
23 27 34 33 32
27 23 34 33 32
24 26 26 41 0
26 24 26 41 0
24 26 41 26 0
26 24 41 26 0
24 26 27 40 0
26 24 27 40 0
24 26 40 27 0
26 24 40 27 0
24 26 28 39 1
26 24 28 39 1
24 26 39 28 1
26 24 39 28 1
24 26 29 38 6
26 24 29 38 6
24 26 38 29 6
26 24 38 29 6
24 26 30 37 15
26 24 30 37 15
24 26 37 30 15
26 24 37 30 15
24 26 31 36 29
26 24 31 36 29
24 26 36 31 29
26 24 36 31 29
24 26 32 35 43
26 24 32 35 43
24 26 35 32 43
26 24 35 32 43
24 26 33 34 52
26 24 33 34 52
24 26 34 33 52
26 24 34 33 52
25 25 30 37 17
25 25 37 30 17
25 25 31 36 33
25 25 36 31 33
25 25 32 35 49
25 25 35 32 49
25 25 33 34 59
25 25 34 33 59
18 32 23 44 0
32 18 23 44 0
18 32 44 23 0
32 18 44 23 0
19 31 23 44 0
31 19 23 44 0
19 31 44 23 0
31 19 44 23 0
20 30 23 44 0
30 20 23 44 0
20 30 44 23 0
30 20 44 23 0
21 29 23 44 0
29 21 23 44 0
21 29 44 23 0
29 21 44 23 0
22 28 23 44 0
28 22 23 44 0
22 28 44 23 0
28 22 44 23 0
23 27 23 44 0
27 23 23 44 0
23 27 44 23 0
27 23 44 23 0
19 31 22 45 0
31 19 22 45 0
19 31 45 22 0
31 19 45 22 0
20 30 22 45 0
30 20 22 45 0
20 30 45 22 0
30 20 45 22 0
21 29 22 45 0
29 21 22 45 0
21 29 45 22 0
29 21 45 22 0
22 28 22 45 0
28 22 22 45 0
22 28 45 22 0
28 22 45 22 0
23 27 22 45 0
27 23 22 45 0
23 27 45 22 0
27 23 45 22 0
24 26 22 45 0
26 24 22 45 0
24 26 45 22 0
26 24 45 22 0
24 26 23 44 0
26 24 23 44 0
24 26 44 23 0
26 24 44 23 0
24 26 24 43 0
26 24 24 43 0
24 26 43 24 0
26 24 43 24 0
24 26 25 42 0
26 24 25 42 0
24 26 42 25 0
26 24 42 25 0
25 25 23 44 0
25 25 44 23 0
25 25 24 43 0
25 25 43 24 0
25 25 25 42 0
25 25 42 25 0
25 25 26 41 0
25 25 41 26 0
25 25 27 40 0
25 25 40 27 0
25 25 28 39 1
25 25 39 28 1
25 25 29 38 7
25 25 38 29 7
25 25 22 45 0
25 25 45 22 0
21 29 21 46 0
29 21 21 46 0
21 29 46 21 0
29 21 46 21 0
22 28 21 46 0
28 22 21 46 0
22 28 46 21 0
28 22 46 21 0
23 27 21 46 0
27 23 21 46 0
23 27 46 21 0
27 23 46 21 0
24 26 21 46 0
26 24 21 46 0
24 26 46 21 0
26 24 46 21 0
25 25 21 46 0
25 25 46 21 0
