3 23 13 22 0
23 3 13 22 0
3 23 22 13 0
23 3 22 13 0
3 23 14 21 0
23 3 14 21 0
3 23 21 14 0
23 3 21 14 0
3 23 15 20 0
23 3 15 20 0
3 23 20 15 0
23 3 20 15 0
3 23 16 19 0
23 3 16 19 0
3 23 19 16 0
23 3 19 16 0
4 22 13 22 0
22 4 13 22 0
4 22 22 13 0
22 4 22 13 0
4 22 14 21 0
22 4 14 21 0
4 22 21 14 0
22 4 21 14 0
4 22 15 20 0
22 4 15 20 0
4 22 20 15 0
22 4 20 15 0
4 22 16 19 0
22 4 16 19 0
4 22 19 16 0
22 4 19 16 0
5 21 13 22 0
21 5 13 22 0
5 21 22 13 0
21 5 22 13 0
5 21 14 21 0
21 5 14 21 0
5 21 21 14 0
21 5 21 14 0
5 21 15 20 0
21 5 15 20 0
5 21 20 15 0
21 5 20 15 0
5 21 16 19 1
21 5 16 19 1
5 21 19 16 1
21 5 19 16 1
3 23 17 18 0
23 3 17 18 0
3 23 18 17 0
23 3 18 17 0
4 22 17 18 0
22 4 17 18 0
4 22 18 17 0
22 4 18 17 0
5 21 17 18 1
21 5 17 18 1
5 21 18 17 1
21 5 18 17 1
4 22 11 24 0
22 4 11 24 0
4 22 24 11 0
22 4 24 11 0
4 22 12 23 0
22 4 12 23 0
4 22 23 12 0
22 4 23 12 0
5 21 11 24 0
21 5 11 24 0
5 21 24 11 0
21 5 24 11 0
5 21 12 23 0
21 5 12 23 0
5 21 23 12 0
21 5 23 12 0
6 20 11 24 0
20 6 11 24 0
6 20 24 11 0
20 6 24 11 0
6 20 12 23 1
20 6 12 23 1
6 20 23 12 1
20 6 23 12 1
6 20 13 22 2
20 6 13 22 2
6 20 22 13 2
20 6 22 13 2
6 20 14 21 4
20 6 14 21 4
6 20 21 14 4
20 6 21 14 4
6 20 15 20 6
20 6 15 20 6
6 20 20 15 6
20 6 20 15 6
6 20 16 19 9
20 6 16 19 9
6 20 19 16 9
20 6 19 16 9
6 20 17 18 10
20 6 17 18 10
6 20 18 17 10
20 6 18 17 10
7 19 11 24 3
19 7 11 24 3
7 19 24 11 3
19 7 24 11 3
7 19 12 23 8
19 7 12 23 8
7 19 23 12 8
19 7 23 12 8
7 19 13 22 15
19 7 13 22 15
7 19 22 13 15
19 7 22 13 15
7 19 14 21 25
19 7 14 21 25
7 19 21 14 25
19 7 21 14 25
7 19 15 20 35
19 7 15 20 35
7 19 20 15 35
19 7 20 15 35
7 19 16 19 46
19 7 16 19 46
7 19 19 16 46
19 7 19 16 46
7 19 17 18 51
19 7 17 18 51
7 19 18 17 51
19 7 18 17 51
6 20 10 25 0
20 6 10 25 0
6 20 25 10 0
20 6 25 10 0
7 19 10 25 1
19 7 10 25 1
7 19 25 10 1
19 7 25 10 1
8 18 10 25 3
18 8 10 25 3
8 18 25 10 3
18 8 25 10 3
8 18 11 24 10
18 8 11 24 10
8 18 24 11 10
18 8 24 11 10
8 18 12 23 26
18 8 12 23 26
8 18 23 12 26
18 8 23 12 26
8 18 13 22 49
18 8 13 22 49
8 18 22 13 49
18 8 22 13 49
8 18 14 21 80
18 8 14 21 80
8 18 21 14 80
18 8 21 14 80
8 18 15 20 111
18 8 15 20 111
8 18 20 15 111
18 8 20 15 111
8 18 16 19 140
18 8 16 19 140
8 18 19 16 140
18 8 19 16 140
8 18 17 18 155
18 8 17 18 155
8 18 18 17 155
18 8 18 17 155
9 17 11 24 25
17 9 11 24 25
9 17 24 11 25
17 9 24 11 25
9 17 12 23 61
17 9 12 23 61
9 17 23 12 61
17 9 23 12 61
9 17 13 22 114
17 9 13 22 114
9 17 22 13 114
17 9 22 13 114
9 17 14 21 184
17 9 14 21 184
9 17 21 14 184
17 9 21 14 184
9 17 15 20 255
17 9 15 20 255
9 17 20 15 255
17 9 20 15 255
9 17 16 19 318
17 9 16 19 318
9 17 19 16 318
17 9 19 16 318
9 17 17 18 352
17 9 17 18 352
9 17 18 17 352
17 9 18 17 352
10 16 11 24 50
16 10 11 24 50
10 16 24 11 50
16 10 24 11 50
10 16 12 23 115
16 10 12 23 115
10 16 23 12 115
16 10 23 12 115
10 16 13 22 211
16 10 13 22 211
10 16 22 13 211
16 10 22 13 211
10 16 14 21 337
16 10 14 21 337
10 16 21 14 337
16 10 21 14 337
10 16 15 20 466
16 10 15 20 466
10 16 20 15 466
16 10 20 15 466
10 16 16 19 579
16 10 16 19 579
10 16 19 16 579
16 10 19 16 579
10 16 17 18 641
16 10 17 18 641
10 16 18 17 641
16 10 18 17 641
11 15 13 22 322
15 11 13 22 322
11 15 22 13 322
15 11 22 13 322
11 15 14 21 509
15 11 14 21 509
11 15 21 14 509
15 11 21 14 509
11 15 15 20 703
15 11 15 20 703
11 15 20 15 703
15 11 20 15 703
11 15 16 19 872
15 11 16 19 872
11 15 19 16 872
15 11 19 16 872
11 15 17 18 966
15 11 17 18 966
11 15 18 17 966
15 11 18 17 966
5 21 9 26 0
21 5 9 26 0
5 21 26 9 0
21 5 26 9 0
5 21 10 25 0
21 5 10 25 0
5 21 25 10 0
21 5 25 10 0
6 20 9 26 0
20 6 9 26 0
6 20 26 9 0
20 6 26 9 0
7 19 9 26 0
19 7 9 26 0
7 19 26 9 0
19 7 26 9 0
8 18 9 26 0
18 8 9 26 0
8 18 26 9 0
18 8 26 9 0
6 20 8 27 0
20 6 8 27 0
6 20 27 8 0
20 6 27 8 0
7 19 8 27 0
19 7 8 27 0
7 19 27 8 0
19 7 27 8 0
8 18 8 27 0
18 8 8 27 0
8 18 27 8 0
18 8 27 8 0
7 19 7 28 0
19 7 7 28 0
7 19 28 7 0
19 7 28 7 0
8 18 7 28 0
18 8 7 28 0
8 18 28 7 0
18 8 28 7 0
9 17 7 28 0
17 9 7 28 0
9 17 28 7 0
17 9 28 7 0
9 17 8 27 0
17 9 8 27 0
9 17 27 8 0
17 9 27 8 0
9 17 9 26 1
17 9 9 26 1
9 17 26 9 1
17 9 26 9 1
9 17 10 25 8
17 9 10 25 8
9 17 25 10 8
17 9 25 10 8
10 16 8 27 1
16 10 8 27 1
10 16 27 8 1
16 10 27 8 1
10 16 9 26 4
16 10 9 26 4
10 16 26 9 4
16 10 26 9 4
10 16 10 25 18
16 10 10 25 18
10 16 25 10 18
16 10 25 10 18
10 16 7 28 0
16 10 7 28 0
10 16 28 7 0
16 10 28 7 0
11 15 7 28 0
15 11 7 28 0
11 15 28 7 0
15 11 28 7 0
11 15 8 27 2
15 11 8 27 2
11 15 27 8 2
15 11 27 8 2
11 15 9 26 8
15 11 9 26 8
11 15 26 9 8
15 11 26 9 8
11 15 10 25 31
15 11 10 25 31
11 15 25 10 31
15 11 25 10 31
11 15 11 24 81
15 11 11 24 81
11 15 24 11 81
15 11 24 11 81
11 15 12 23 178
15 11 12 23 178
11 15 23 12 178
15 11 23 12 178
12 14 9 26 12
14 12 9 26 12
12 14 26 9 12
14 12 26 9 12
12 14 10 25 43
14 12 10 25 43
12 14 25 10 43
14 12 25 10 43
12 14 11 24 108
14 12 11 24 108
12 14 24 11 108
14 12 24 11 108
12 14 12 23 232
14 12 12 23 232
12 14 23 12 232
14 12 23 12 232
12 14 13 22 414
14 12 13 22 414
12 14 22 13 414
14 12 22 13 414
12 14 14 21 650
14 12 14 21 650
12 14 21 14 650
14 12 21 14 650
12 14 15 20 896
14 12 15 20 896
12 14 20 15 896
14 12 20 15 896
12 14 16 19 1110
14 12 16 19 1110
12 14 19 16 1110
14 12 19 16 1110
12 14 17 18 1230
14 12 17 18 1230
12 14 18 17 1230
14 12 18 17 1230
12 14 8 27 3
14 12 8 27 3
12 14 27 8 3
14 12 27 8 3
13 13 9 26 13
13 13 26 9 13
13 13 10 25 47
13 13 25 10 47
13 13 11 24 118
13 13 24 11 118
13 13 12 23 252
13 13 23 12 252
13 13 13 22 449
13 13 22 13 449
13 13 14 21 703
13 13 21 14 703
13 13 15 20 969
13 13 20 15 969
13 13 16 19 1200
13 13 19 16 1200
13 13 17 18 1330
13 13 18 17 1330
8 18 6 29 0
18 8 6 29 0
8 18 29 6 0
18 8 29 6 0
9 17 6 29 0
17 9 6 29 0
9 17 29 6 0
17 9 29 6 0
10 16 6 29 0
16 10 6 29 0
10 16 29 6 0
16 10 29 6 0
9 17 5 30 0
17 9 5 30 0
9 17 30 5 0
17 9 30 5 0
10 16 5 30 0
16 10 5 30 0
10 16 30 5 0
16 10 30 5 0
11 15 5 30 0
15 11 5 30 0
11 15 30 5 0
15 11 30 5 0
11 15 6 29 0
15 11 6 29 0
11 15 29 6 0
15 11 29 6 0
12 14 5 30 0
14 12 5 30 0
12 14 30 5 0
14 12 30 5 0
12 14 6 29 0
14 12 6 29 0
12 14 29 6 0
14 12 29 6 0
12 14 7 28 0
14 12 7 28 0
12 14 28 7 0
14 12 28 7 0
13 13 7 28 0
13 13 28 7 0
13 13 8 27 3
13 13 27 8 3
13 13 5 30 0
13 13 30 5 0
13 13 6 29 0
13 13 29 6 0
12 14 4 31 0
14 12 4 31 0
12 14 31 4 0
14 12 31 4 0
13 13 4 31 0
13 13 31 4 0
