9 32 21 34 0
32 9 21 34 0
9 32 34 21 0
32 9 34 21 0
9 32 22 33 0
32 9 22 33 0
9 32 33 22 0
32 9 33 22 0
9 32 23 32 0
32 9 23 32 0
9 32 32 23 0
32 9 32 23 0
9 32 24 31 0
32 9 24 31 0
9 32 31 24 0
32 9 31 24 0
9 32 25 30 0
32 9 25 30 0
9 32 30 25 0
32 9 30 25 0
9 32 26 29 0
32 9 26 29 0
9 32 29 26 0
32 9 29 26 0
9 32 27 28 0
32 9 27 28 0
9 32 28 27 0
32 9 28 27 0
10 31 21 34 0
31 10 21 34 0
10 31 34 21 0
31 10 34 21 0
10 31 22 33 0
31 10 22 33 0
10 31 33 22 0
31 10 33 22 0
10 31 23 32 0
31 10 23 32 0
10 31 32 23 0
31 10 32 23 0
10 31 24 31 0
31 10 24 31 0
10 31 31 24 0
31 10 31 24 0
10 31 25 30 0
31 10 25 30 0
10 31 30 25 0
31 10 30 25 0
10 31 26 29 0
31 10 26 29 0
10 31 29 26 0
31 10 29 26 0
10 31 27 28 0
31 10 27 28 0
10 31 28 27 0
31 10 28 27 0
11 30 21 34 0
30 11 21 34 0
11 30 34 21 0
30 11 34 21 0
11 30 22 33 0
30 11 22 33 0
11 30 33 22 0
30 11 33 22 0
11 30 23 32 0
30 11 23 32 0
11 30 32 23 0
30 11 32 23 0
11 30 24 31 0
30 11 24 31 0
11 30 31 24 0
30 11 31 24 0
11 30 25 30 0
30 11 25 30 0
11 30 30 25 0
30 11 30 25 0
11 30 26 29 0
30 11 26 29 0
11 30 29 26 0
30 11 29 26 0
11 30 27 28 0
30 11 27 28 0
11 30 28 27 0
30 11 28 27 0
12 29 21 34 0
29 12 21 34 0
12 29 34 21 0
29 12 34 21 0
12 29 22 33 0
29 12 22 33 0
12 29 33 22 0
29 12 33 22 0
12 29 23 32 0
29 12 23 32 0
12 29 32 23 0
29 12 32 23 0
12 29 24 31 0
29 12 24 31 0
12 29 31 24 0
29 12 31 24 0
12 29 25 30 0
29 12 25 30 0
12 29 30 25 0
29 12 30 25 0
12 29 26 29 0
29 12 26 29 0
12 29 29 26 0
29 12 29 26 0
12 29 27 28 0
29 12 27 28 0
12 29 28 27 0
29 12 28 27 0
13 28 21 34 0
28 13 21 34 0
13 28 34 21 0
28 13 34 21 0
13 28 22 33 0
28 13 22 33 0
13 28 33 22 0
28 13 33 22 0
13 28 23 32 0
28 13 23 32 0
13 28 32 23 0
28 13 32 23 0
13 28 24 31 0
28 13 24 31 0
13 28 31 24 0
28 13 31 24 0
13 28 25 30 0
28 13 25 30 0
13 28 30 25 0
28 13 30 25 0
13 28 26 29 0
28 13 26 29 0
13 28 29 26 0
28 13 29 26 0
13 28 27 28 0
28 13 27 28 0
13 28 28 27 0
28 13 28 27 0
14 27 21 34 0
27 14 21 34 0
14 27 34 21 0
27 14 34 21 0
14 27 22 33 0
27 14 22 33 0
14 27 33 22 0
27 14 33 22 0
14 27 23 32 1
27 14 23 32 1
14 27 32 23 1
27 14 32 23 1
14 27 24 31 2
27 14 24 31 2
14 27 31 24 2
27 14 31 24 2
14 27 25 30 4
27 14 25 30 4
14 27 30 25 4
27 14 30 25 4
14 27 26 29 6
27 14 26 29 6
14 27 29 26 6
27 14 29 26 6
14 27 27 28 7
27 14 27 28 7
14 27 28 27 7
27 14 28 27 7
10 31 20 35 0
31 10 20 35 0
10 31 35 20 0
31 10 35 20 0
11 30 20 35 0
30 11 20 35 0
11 30 35 20 0
30 11 35 20 0
12 29 20 35 0
29 12 20 35 0
12 29 35 20 0
29 12 35 20 0
13 28 20 35 0
28 13 20 35 0
13 28 35 20 0
28 13 35 20 0
14 27 20 35 0
27 14 20 35 0
14 27 35 20 0
27 14 35 20 0
15 26 20 35 0
26 15 20 35 0
15 26 35 20 0
26 15 35 20 0
15 26 21 34 0
26 15 21 34 0
15 26 34 21 0
26 15 34 21 0
15 26 22 33 2
26 15 22 33 2
15 26 33 22 2
26 15 33 22 2
15 26 23 32 7
26 15 23 32 7
15 26 32 23 7
26 15 32 23 7
15 26 24 31 15
26 15 24 31 15
15 26 31 24 15
26 15 31 24 15
15 26 25 30 26
26 15 25 30 26
15 26 30 25 26
26 15 30 25 26
15 26 26 29 36
26 15 26 29 36
15 26 29 26 36
26 15 29 26 36
15 26 27 28 42
26 15 27 28 42
15 26 28 27 42
26 15 28 27 42
16 25 21 34 4
25 16 21 34 4
16 25 34 21 4
25 16 34 21 4
16 25 22 33 13
25 16 22 33 13
16 25 33 22 13
25 16 33 22 13
16 25 23 32 32
25 16 23 32 32
16 25 32 23 32
25 16 32 23 32
16 25 24 31 60
25 16 24 31 60
16 25 31 24 60
25 16 31 24 60
16 25 25 30 95
25 16 25 30 95
16 25 30 25 95
25 16 30 25 95
16 25 26 29 127
25 16 26 29 127
16 25 29 26 127
25 16 29 26 127
16 25 27 28 146
25 16 27 28 146
16 25 28 27 146
25 16 28 27 146
10 31 19 36 0
31 10 19 36 0
10 31 36 19 0
31 10 36 19 0
11 30 19 36 0
30 11 19 36 0
11 30 36 19 0
30 11 36 19 0
12 29 19 36 0
29 12 19 36 0
12 29 36 19 0
29 12 36 19 0
13 28 19 36 0
28 13 19 36 0
13 28 36 19 0
28 13 36 19 0
14 27 19 36 0
27 14 19 36 0
14 27 36 19 0
27 14 36 19 0
15 26 19 36 0
26 15 19 36 0
15 26 36 19 0
26 15 36 19 0
11 30 17 38 0
30 11 17 38 0
11 30 38 17 0
30 11 38 17 0
11 30 18 37 0
30 11 18 37 0
11 30 37 18 0
30 11 37 18 0
12 29 17 38 0
29 12 17 38 0
12 29 38 17 0
29 12 38 17 0
12 29 18 37 0
29 12 18 37 0
12 29 37 18 0
29 12 37 18 0
13 28 17 38 0
28 13 17 38 0
13 28 38 17 0
28 13 38 17 0
13 28 18 37 0
28 13 18 37 0
13 28 37 18 0
28 13 37 18 0
14 27 17 38 0
27 14 17 38 0
14 27 38 17 0
27 14 38 17 0
14 27 18 37 0
27 14 18 37 0
14 27 37 18 0
27 14 37 18 0
15 26 17 38 0
26 15 17 38 0
15 26 38 17 0
26 15 38 17 0
15 26 18 37 0
26 15 18 37 0
15 26 37 18 0
26 15 37 18 0
16 25 17 38 0
25 16 17 38 0
16 25 38 17 0
25 16 38 17 0
16 25 18 37 0
25 16 18 37 0
16 25 37 18 0
25 16 37 18 0
16 25 19 36 0
25 16 19 36 0
16 25 36 19 0
25 16 36 19 0
16 25 20 35 1
25 16 20 35 1
16 25 35 20 1
25 16 35 20 1
17 24 17 38 0
24 17 17 38 0
17 24 38 17 0
24 17 38 17 0
17 24 18 37 0
24 17 18 37 0
17 24 37 18 0
24 17 37 18 0
17 24 19 36 0
24 17 19 36 0
17 24 36 19 0
24 17 36 19 0
17 24 20 35 3
24 17 20 35 3
17 24 35 20 3
24 17 35 20 3
17 24 21 34 13
24 17 21 34 13
17 24 34 21 13
24 17 34 21 13
17 24 22 33 38
24 17 22 33 38
17 24 33 22 38
24 17 33 22 38
17 24 23 32 85
24 17 23 32 85
17 24 32 23 85
24 17 32 23 85
17 24 24 31 153
24 17 24 31 153
17 24 31 24 153
24 17 31 24 153
17 24 25 30 233
24 17 25 30 233
17 24 30 25 233
24 17 30 25 233
17 24 26 29 306
24 17 26 29 306
17 24 29 26 306
24 17 29 26 306
17 24 27 28 349
24 17 27 28 349
17 24 28 27 349
24 17 28 27 349
18 23 19 36 1
23 18 19 36 1
18 23 36 19 1
23 18 36 19 1
18 23 20 35 8
23 18 20 35 8
18 23 35 20 8
23 18 35 20 8
18 23 21 34 30
23 18 21 34 30
18 23 34 21 30
23 18 34 21 30
18 23 22 33 80
23 18 22 33 80
18 23 33 22 80
23 18 33 22 80
18 23 23 32 169
23 18 23 32 169
18 23 32 23 169
23 18 32 23 169
18 23 24 31 294
23 18 24 31 294
18 23 31 24 294
23 18 31 24 294
18 23 25 30 438
23 18 25 30 438
18 23 30 25 438
23 18 30 25 438
18 23 26 29 567
23 18 26 29 567
18 23 29 26 567
23 18 29 26 567
18 23 27 28 643
23 18 27 28 643
18 23 28 27 643
23 18 28 27 643
12 29 16 39 0
29 12 16 39 0
12 29 39 16 0
29 12 39 16 0
13 28 16 39 0
28 13 16 39 0
13 28 39 16 0
28 13 39 16 0
14 27 16 39 0
27 14 16 39 0
14 27 39 16 0
27 14 39 16 0
15 26 16 39 0
26 15 16 39 0
15 26 39 16 0
26 15 39 16 0
16 25 16 39 0
25 16 16 39 0
16 25 39 16 0
25 16 39 16 0
17 24 16 39 0
24 17 16 39 0
17 24 39 16 0
24 17 39 16 0
13 28 15 40 0
28 13 15 40 0
13 28 40 15 0
28 13 40 15 0
14 27 15 40 0
27 14 15 40 0
14 27 40 15 0
27 14 40 15 0
15 26 15 40 0
26 15 15 40 0
15 26 40 15 0
26 15 40 15 0
16 25 15 40 0
25 16 15 40 0
16 25 40 15 0
25 16 40 15 0
17 24 15 40 0
24 17 15 40 0
17 24 40 15 0
24 17 40 15 0
18 23 15 40 0
23 18 15 40 0
18 23 40 15 0
23 18 40 15 0
18 23 16 39 0
23 18 16 39 0
18 23 39 16 0
23 18 39 16 0
18 23 17 38 0
23 18 17 38 0
18 23 38 17 0
23 18 38 17 0
18 23 18 37 0
23 18 18 37 0
18 23 37 18 0
23 18 37 18 0
19 22 16 39 0
22 19 16 39 0
19 22 39 16 0
22 19 39 16 0
19 22 17 38 0
22 19 17 38 0
19 22 38 17 0
22 19 38 17 0
19 22 18 37 0
22 19 18 37 0
19 22 37 18 0
22 19 37 18 0
19 22 19 36 2
22 19 19 36 2
19 22 36 19 2
22 19 36 19 2
19 22 20 35 14
22 19 20 35 14
19 22 35 20 14
22 19 35 20 14
19 22 21 34 49
22 19 21 34 49
19 22 34 21 49
22 19 34 21 49
19 22 22 33 126
22 19 22 33 126
19 22 33 22 126
22 19 33 22 126
19 22 23 32 259
22 19 23 32 259
19 22 32 23 259
22 19 32 23 259
19 22 24 31 443
22 19 24 31 443
19 22 31 24 443
22 19 31 24 443
19 22 25 30 652
22 19 25 30 652
19 22 30 25 652
22 19 30 25 652
19 22 26 29 838
22 19 26 29 838
19 22 29 26 838
22 19 29 26 838
19 22 27 28 947
22 19 27 28 947
19 22 28 27 947
22 19 28 27 947
20 21 19 36 3
21 20 19 36 3
20 21 36 19 3
21 20 36 19 3
20 21 20 35 19
21 20 20 35 19
20 21 35 20 19
21 20 35 20 19
20 21 21 34 63
21 20 21 34 63
20 21 34 21 63
21 20 34 21 63
20 21 22 33 158
21 20 22 33 158
20 21 33 22 158
21 20 33 22 158
20 21 23 32 320
21 20 23 32 320
20 21 32 23 320
21 20 32 23 320
20 21 24 31 542
21 20 24 31 542
20 21 31 24 542
21 20 31 24 542
20 21 25 30 793
21 20 25 30 793
20 21 30 25 793
21 20 30 25 793
20 21 26 29 1015
21 20 26 29 1015
20 21 29 26 1015
21 20 29 26 1015
20 21 27 28 1145
21 20 27 28 1145
20 21 28 27 1145
21 20 28 27 1145
19 22 15 40 0
22 19 15 40 0
19 22 40 15 0
22 19 40 15 0
20 21 15 40 0
21 20 15 40 0
20 21 40 15 0
21 20 40 15 0
20 21 16 39 0
21 20 16 39 0
20 21 39 16 0
21 20 39 16 0
20 21 17 38 0
21 20 17 38 0
20 21 38 17 0
21 20 38 17 0
20 21 18 37 0
21 20 18 37 0
20 21 37 18 0
21 20 37 18 0
14 27 14 41 0
27 14 14 41 0
14 27 41 14 0
27 14 41 14 0
15 26 14 41 0
26 15 14 41 0
15 26 41 14 0
26 15 41 14 0
16 25 14 41 0
25 16 14 41 0
16 25 41 14 0
25 16 41 14 0
17 24 14 41 0
24 17 14 41 0
17 24 41 14 0
24 17 41 14 0
18 23 14 41 0
23 18 14 41 0
18 23 41 14 0
23 18 41 14 0
19 22 14 41 0
22 19 14 41 0
19 22 41 14 0
22 19 41 14 0
15 26 13 42 0
26 15 13 42 0
15 26 42 13 0
26 15 42 13 0
16 25 13 42 0
25 16 13 42 0
16 25 42 13 0
25 16 42 13 0
17 24 13 42 0
24 17 13 42 0
17 24 42 13 0
24 17 42 13 0
18 23 13 42 0
23 18 13 42 0
18 23 42 13 0
23 18 42 13 0
19 22 13 42 0
22 19 13 42 0
19 22 42 13 0
22 19 42 13 0
20 21 13 42 0
21 20 13 42 0
20 21 42 13 0
21 20 42 13 0
20 21 14 41 0
21 20 14 41 0
20 21 41 14 0
21 20 41 14 0
18 23 12 43 0
23 18 12 43 0
18 23 43 12 0
23 18 43 12 0
19 22 12 43 0
22 19 12 43 0
19 22 43 12 0
22 19 43 12 0
20 21 12 43 0
21 20 12 43 0
20 21 43 12 0
21 20 43 12 0
