0 20 10 17 0
20 0 10 17 0
0 20 17 10 0
20 0 17 10 0
0 20 11 16 0
20 0 11 16 0
0 20 16 11 0
20 0 16 11 0
0 20 12 15 0
20 0 12 15 0
0 20 15 12 0
20 0 15 12 0
0 20 13 14 0
20 0 13 14 0
0 20 14 13 0
20 0 14 13 0
1 19 10 17 0
19 1 10 17 0
1 19 17 10 0
19 1 17 10 0
1 19 11 16 0
19 1 11 16 0
1 19 16 11 0
19 1 16 11 0
1 19 12 15 0
19 1 12 15 0
1 19 15 12 0
19 1 15 12 0
1 19 13 14 0
19 1 13 14 0
1 19 14 13 0
19 1 14 13 0
2 18 10 17 0
18 2 10 17 0
2 18 17 10 0
18 2 17 10 0
2 18 11 16 0
18 2 11 16 0
2 18 16 11 0
18 2 16 11 0
2 18 12 15 0
18 2 12 15 0
2 18 15 12 0
18 2 15 12 0
2 18 13 14 0
18 2 13 14 0
2 18 14 13 0
18 2 14 13 0
3 17 10 17 0
17 3 10 17 0
3 17 17 10 0
17 3 17 10 0
3 17 11 16 0
17 3 11 16 0
3 17 16 11 0
17 3 16 11 0
3 17 12 15 0
17 3 12 15 0
3 17 15 12 0
17 3 15 12 0
3 17 13 14 0
17 3 13 14 0
3 17 14 13 0
17 3 14 13 0
4 16 10 17 0
16 4 10 17 0
4 16 17 10 0
16 4 17 10 0
4 16 11 16 0
16 4 11 16 0
4 16 16 11 0
16 4 16 11 0
4 16 12 15 0
16 4 12 15 0
4 16 15 12 0
16 4 15 12 0
4 16 13 14 0
16 4 13 14 0
4 16 14 13 0
16 4 14 13 0
5 15 10 17 0
15 5 10 17 0
5 15 17 10 0
15 5 17 10 0
5 15 11 16 0
15 5 11 16 0
5 15 16 11 0
15 5 16 11 0
5 15 12 15 0
15 5 12 15 0
5 15 15 12 0
15 5 15 12 0
5 15 13 14 0
15 5 13 14 0
5 15 14 13 0
15 5 14 13 0
1 19 6 21 0
19 1 6 21 0
1 19 21 6 0
19 1 21 6 0
1 19 7 20 0
19 1 7 20 0
1 19 20 7 0
19 1 20 7 0
1 19 8 19 0
19 1 8 19 0
1 19 19 8 0
19 1 19 8 0
1 19 9 18 0
19 1 9 18 0
1 19 18 9 0
19 1 18 9 0
2 18 6 21 0
18 2 6 21 0
2 18 21 6 0
18 2 21 6 0
2 18 7 20 0
18 2 7 20 0
2 18 20 7 0
18 2 20 7 0
2 18 8 19 0
18 2 8 19 0
2 18 19 8 0
18 2 19 8 0
2 18 9 18 0
18 2 9 18 0
2 18 18 9 0
18 2 18 9 0
3 17 6 21 0
17 3 6 21 0
3 17 21 6 0
17 3 21 6 0
3 17 7 20 0
17 3 7 20 0
3 17 20 7 0
17 3 20 7 0
3 17 8 19 0
17 3 8 19 0
3 17 19 8 0
17 3 19 8 0
3 17 9 18 0
17 3 9 18 0
3 17 18 9 0
17 3 18 9 0
4 16 6 21 0
16 4 6 21 0
4 16 21 6 0
16 4 21 6 0
4 16 7 20 0
16 4 7 20 0
4 16 20 7 0
16 4 20 7 0
4 16 8 19 0
16 4 8 19 0
4 16 19 8 0
16 4 19 8 0
4 16 9 18 0
16 4 9 18 0
4 16 18 9 0
16 4 18 9 0
5 15 6 21 0
15 5 6 21 0
5 15 21 6 0
15 5 21 6 0
5 15 7 20 0
15 5 7 20 0
5 15 20 7 0
15 5 20 7 0
5 15 8 19 0
15 5 8 19 0
5 15 19 8 0
15 5 19 8 0
5 15 9 18 0
15 5 9 18 0
5 15 18 9 0
15 5 18 9 0
6 14 6 21 0
14 6 6 21 0
6 14 21 6 0
14 6 21 6 0
6 14 7 20 0
14 6 7 20 0
6 14 20 7 0
14 6 20 7 0
6 14 8 19 0
14 6 8 19 0
6 14 19 8 0
14 6 19 8 0
6 14 9 18 0
14 6 9 18 0
6 14 18 9 0
14 6 18 9 0
6 14 10 17 0
14 6 10 17 0
6 14 17 10 0
14 6 17 10 0
6 14 11 16 0
14 6 11 16 0
6 14 16 11 0
14 6 16 11 0
6 14 12 15 0
14 6 12 15 0
6 14 15 12 0
14 6 15 12 0
6 14 13 14 0
14 6 13 14 0
6 14 14 13 0
14 6 14 13 0
7 13 6 21 0
13 7 6 21 0
7 13 21 6 0
13 7 21 6 0
7 13 7 20 0
13 7 7 20 0
7 13 20 7 0
13 7 20 7 0
7 13 8 19 0
13 7 8 19 0
7 13 19 8 0
13 7 19 8 0
7 13 9 18 0
13 7 9 18 0
7 13 18 9 0
13 7 18 9 0
7 13 10 17 0
13 7 10 17 0
7 13 17 10 0
13 7 17 10 0
7 13 11 16 0
13 7 11 16 0
7 13 16 11 0
13 7 16 11 0
7 13 12 15 0
13 7 12 15 0
7 13 15 12 0
13 7 15 12 0
7 13 13 14 0
13 7 13 14 0
7 13 14 13 0
13 7 14 13 0
8 12 6 21 0
12 8 6 21 0
8 12 21 6 0
12 8 21 6 0
8 12 7 20 0
12 8 7 20 0
8 12 20 7 0
12 8 20 7 0
8 12 8 19 0
12 8 8 19 0
8 12 19 8 0
12 8 19 8 0
8 12 9 18 0
12 8 9 18 0
8 12 18 9 0
12 8 18 9 0
8 12 10 17 0
12 8 10 17 0
8 12 17 10 0
12 8 17 10 0
8 12 11 16 0
12 8 11 16 0
8 12 16 11 0
12 8 16 11 0
8 12 12 15 0
12 8 12 15 0
8 12 15 12 0
12 8 15 12 0
8 12 13 14 0
12 8 13 14 0
8 12 14 13 0
12 8 14 13 0
2 18 4 23 0
18 2 4 23 0
2 18 23 4 0
18 2 23 4 0
2 18 5 22 0
18 2 5 22 0
2 18 22 5 0
18 2 22 5 0
3 17 4 23 0
17 3 4 23 0
3 17 23 4 0
17 3 23 4 0
3 17 5 22 0
17 3 5 22 0
3 17 22 5 0
17 3 22 5 0
4 16 4 23 0
16 4 4 23 0
4 16 23 4 0
16 4 23 4 0
4 16 5 22 0
16 4 5 22 0
4 16 22 5 0
16 4 22 5 0
5 15 4 23 0
15 5 4 23 0
5 15 23 4 0
15 5 23 4 0
5 15 5 22 0
15 5 5 22 0
5 15 22 5 0
15 5 22 5 0
6 14 4 23 0
14 6 4 23 0
6 14 23 4 0
14 6 23 4 0
6 14 5 22 0
14 6 5 22 0
6 14 22 5 0
14 6 22 5 0
7 13 4 23 0
13 7 4 23 0
7 13 23 4 0
13 7 23 4 0
7 13 5 22 0
13 7 5 22 0
7 13 22 5 0
13 7 22 5 0
3 17 3 24 0
17 3 3 24 0
3 17 24 3 0
17 3 24 3 0
4 16 3 24 0
16 4 3 24 0
4 16 24 3 0
16 4 24 3 0
5 15 3 24 0
15 5 3 24 0
5 15 24 3 0
15 5 24 3 0
6 14 3 24 0
14 6 3 24 0
6 14 24 3 0
14 6 24 3 0
7 13 3 24 0
13 7 3 24 0
7 13 24 3 0
13 7 24 3 0
8 12 3 24 0
12 8 3 24 0
8 12 24 3 0
12 8 24 3 0
8 12 4 23 0
12 8 4 23 0
8 12 23 4 0
12 8 23 4 0
8 12 5 22 0
12 8 5 22 0
8 12 22 5 0
12 8 22 5 0
9 11 3 24 0
11 9 3 24 0
9 11 24 3 0
11 9 24 3 0
9 11 4 23 0
11 9 4 23 0
9 11 23 4 0
11 9 23 4 0
9 11 5 22 0
11 9 5 22 0
9 11 22 5 0
11 9 22 5 0
9 11 6 21 0
11 9 6 21 0
9 11 21 6 0
11 9 21 6 0
9 11 7 20 0
11 9 7 20 0
9 11 20 7 0
11 9 20 7 0
9 11 8 19 0
11 9 8 19 0
9 11 19 8 0
11 9 19 8 0
9 11 9 18 0
11 9 9 18 0
9 11 18 9 0
11 9 18 9 0
9 11 10 17 0
11 9 10 17 0
9 11 17 10 0
11 9 17 10 0
9 11 11 16 0
11 9 11 16 0
9 11 16 11 0
11 9 16 11 0
9 11 12 15 0
11 9 12 15 0
9 11 15 12 0
11 9 15 12 0
9 11 13 14 0
11 9 13 14 0
9 11 14 13 0
11 9 14 13 0
10 10 3 24 0
10 10 24 3 0
10 10 4 23 0
10 10 23 4 0
10 10 5 22 0
10 10 22 5 0
10 10 6 21 0
10 10 21 6 0
10 10 7 20 0
10 10 20 7 0
10 10 8 19 0
10 10 19 8 0
10 10 9 18 0
10 10 18 9 0
10 10 10 17 0
10 10 17 10 0
10 10 11 16 0
10 10 16 11 0
10 10 12 15 0
10 10 15 12 0
10 10 13 14 0
10 10 14 13 0
4 16 2 25 0
16 4 2 25 0
4 16 25 2 0
16 4 25 2 0
5 15 2 25 0
15 5 2 25 0
5 15 25 2 0
15 5 25 2 0
6 14 2 25 0
14 6 2 25 0
6 14 25 2 0
14 6 25 2 0
7 13 2 25 0
13 7 2 25 0
7 13 25 2 0
13 7 25 2 0
8 12 2 25 0
12 8 2 25 0
8 12 25 2 0
12 8 25 2 0
9 11 2 25 0
11 9 2 25 0
9 11 25 2 0
11 9 25 2 0
10 10 2 25 0
10 10 25 2 0
6 14 1 26 0
14 6 1 26 0
6 14 26 1 0
14 6 26 1 0
7 13 1 26 0
13 7 1 26 0
7 13 26 1 0
13 7 26 1 0
8 12 1 26 0
12 8 1 26 0
8 12 26 1 0
12 8 26 1 0
9 11 1 26 0
11 9 1 26 0
9 11 26 1 0
11 9 26 1 0
10 10 1 26 0
10 10 26 1 0
