4 28 16 27 0
28 4 16 27 0
4 28 27 16 0
28 4 27 16 0
4 28 17 26 0
28 4 17 26 0
4 28 26 17 0
28 4 26 17 0
4 28 18 25 0
28 4 18 25 0
4 28 25 18 0
28 4 25 18 0
4 28 19 24 0
28 4 19 24 0
4 28 24 19 0
28 4 24 19 0
4 28 20 23 0
28 4 20 23 0
4 28 23 20 0
28 4 23 20 0
4 28 21 22 0
28 4 21 22 0
4 28 22 21 0
28 4 22 21 0
5 27 16 27 0
27 5 16 27 0
5 27 27 16 0
27 5 27 16 0
5 27 17 26 0
27 5 17 26 0
5 27 26 17 0
27 5 26 17 0
5 27 18 25 0
27 5 18 25 0
5 27 25 18 0
27 5 25 18 0
5 27 19 24 0
27 5 19 24 0
5 27 24 19 0
27 5 24 19 0
5 27 20 23 0
27 5 20 23 0
5 27 23 20 0
27 5 23 20 0
5 27 21 22 0
27 5 21 22 0
5 27 22 21 0
27 5 22 21 0
6 26 16 27 0
26 6 16 27 0
6 26 27 16 0
26 6 27 16 0
6 26 17 26 0
26 6 17 26 0
6 26 26 17 0
26 6 26 17 0
6 26 18 25 0
26 6 18 25 0
6 26 25 18 0
26 6 25 18 0
6 26 19 24 0
26 6 19 24 0
6 26 24 19 0
26 6 24 19 0
6 26 20 23 0
26 6 20 23 0
6 26 23 20 0
26 6 23 20 0
6 26 21 22 0
26 6 21 22 0
6 26 22 21 0
26 6 22 21 0
7 25 16 27 0
25 7 16 27 0
7 25 27 16 0
25 7 27 16 0
7 25 17 26 0
25 7 17 26 0
7 25 26 17 0
25 7 26 17 0
7 25 18 25 0
25 7 18 25 0
7 25 25 18 0
25 7 25 18 0
7 25 19 24 0
25 7 19 24 0
7 25 24 19 0
25 7 24 19 0
7 25 20 23 0
25 7 20 23 0
7 25 23 20 0
25 7 23 20 0
7 25 21 22 0
25 7 21 22 0
7 25 22 21 0
25 7 22 21 0
8 24 16 27 0
24 8 16 27 0
8 24 27 16 0
24 8 27 16 0
8 24 17 26 0
24 8 17 26 0
8 24 26 17 0
24 8 26 17 0
8 24 18 25 0
24 8 18 25 0
8 24 25 18 0
24 8 25 18 0
8 24 19 24 0
24 8 19 24 0
8 24 24 19 0
24 8 24 19 0
8 24 20 23 1
24 8 20 23 1
8 24 23 20 1
24 8 23 20 1
8 24 21 22 1
24 8 21 22 1
8 24 22 21 1
24 8 22 21 1
9 23 16 27 1
23 9 16 27 1
9 23 27 16 1
23 9 27 16 1
9 23 17 26 2
23 9 17 26 2
9 23 26 17 2
23 9 26 17 2
9 23 18 25 4
23 9 18 25 4
9 23 25 18 4
23 9 25 18 4
9 23 19 24 6
23 9 19 24 6
9 23 24 19 6
23 9 24 19 6
9 23 20 23 9
23 9 20 23 9
9 23 23 20 9
23 9 23 20 9
9 23 21 22 10
23 9 21 22 10
9 23 22 21 10
23 9 22 21 10
5 27 13 30 0
27 5 13 30 0
5 27 30 13 0
27 5 30 13 0
5 27 14 29 0
27 5 14 29 0
5 27 29 14 0
27 5 29 14 0
5 27 15 28 0
27 5 15 28 0
5 27 28 15 0
27 5 28 15 0
6 26 13 30 0
26 6 13 30 0
6 26 30 13 0
26 6 30 13 0
6 26 14 29 0
26 6 14 29 0
6 26 29 14 0
26 6 29 14 0
6 26 15 28 0
26 6 15 28 0
6 26 28 15 0
26 6 28 15 0
7 25 13 30 0
25 7 13 30 0
7 25 30 13 0
25 7 30 13 0
7 25 14 29 0
25 7 14 29 0
7 25 29 14 0
25 7 29 14 0
7 25 15 28 0
25 7 15 28 0
7 25 28 15 0
25 7 28 15 0
8 24 13 30 0
24 8 13 30 0
8 24 30 13 0
24 8 30 13 0
8 24 14 29 0
24 8 14 29 0
8 24 29 14 0
24 8 29 14 0
8 24 15 28 0
24 8 15 28 0
8 24 28 15 0
24 8 28 15 0
9 23 13 30 0
23 9 13 30 0
9 23 30 13 0
23 9 30 13 0
9 23 14 29 0
23 9 14 29 0
9 23 29 14 0
23 9 29 14 0
9 23 15 28 0
23 9 15 28 0
9 23 28 15 0
23 9 28 15 0
10 22 13 30 0
22 10 13 30 0
10 22 30 13 0
22 10 30 13 0
10 22 14 29 1
22 10 14 29 1
10 22 29 14 1
22 10 29 14 1
10 22 15 28 3
22 10 15 28 3
10 22 28 15 3
22 10 28 15 3
10 22 16 27 8
22 10 16 27 8
10 22 27 16 8
22 10 27 16 8
10 22 17 26 15
22 10 17 26 15
10 22 26 17 15
22 10 26 17 15
10 22 18 25 25
22 10 18 25 25
10 22 25 18 25
22 10 25 18 25
10 22 19 24 35
22 10 19 24 35
10 22 24 19 35
22 10 24 19 35
10 22 20 23 46
22 10 20 23 46
10 22 23 20 46
22 10 23 20 46
10 22 21 22 51
22 10 21 22 51
10 22 22 21 51
22 10 22 21 51
11 21 13 30 0
21 11 13 30 0
11 21 30 13 0
21 11 30 13 0
11 21 14 29 3
21 11 14 29 3
11 21 29 14 3
21 11 29 14 3
11 21 15 28 10
21 11 15 28 10
11 21 28 15 10
21 11 28 15 10
11 21 16 27 26
21 11 16 27 26
11 21 27 16 26
21 11 27 16 26
11 21 17 26 49
21 11 17 26 49
11 21 26 17 49
21 11 26 17 49
11 21 18 25 80
21 11 18 25 80
11 21 25 18 80
21 11 25 18 80
11 21 19 24 111
21 11 19 24 111
11 21 24 19 111
21 11 24 19 111
11 21 20 23 140
21 11 20 23 140
11 21 23 20 140
21 11 23 20 140
11 21 21 22 155
21 11 21 22 155
11 21 22 21 155
21 11 22 21 155
6 26 12 31 0
26 6 12 31 0
6 26 31 12 0
26 6 31 12 0
7 25 12 31 0
25 7 12 31 0
7 25 31 12 0
25 7 31 12 0
8 24 12 31 0
24 8 12 31 0
8 24 31 12 0
24 8 31 12 0
9 23 12 31 0
23 9 12 31 0
9 23 31 12 0
23 9 31 12 0
10 22 12 31 0
22 10 12 31 0
10 22 31 12 0
22 10 31 12 0
11 21 12 31 0
21 11 12 31 0
11 21 31 12 0
21 11 31 12 0
7 25 11 32 0
25 7 11 32 0
7 25 32 11 0
25 7 32 11 0
8 24 11 32 0
24 8 11 32 0
8 24 32 11 0
24 8 32 11 0
9 23 11 32 0
23 9 11 32 0
9 23 32 11 0
23 9 32 11 0
10 22 11 32 0
22 10 11 32 0
10 22 32 11 0
22 10 32 11 0
11 21 11 32 0
21 11 11 32 0
11 21 32 11 0
21 11 32 11 0
12 20 11 32 0
20 12 11 32 0
12 20 32 11 0
20 12 32 11 0
12 20 12 31 0
20 12 12 31 0
12 20 31 12 0
20 12 31 12 0
12 20 13 30 1
20 12 13 30 1
12 20 30 13 1
20 12 30 13 1
12 20 14 29 8
20 12 14 29 8
12 20 29 14 8
20 12 29 14 8
12 20 15 28 25
20 12 15 28 25
12 20 28 15 25
20 12 28 15 25
12 20 16 27 61
20 12 16 27 61
12 20 27 16 61
20 12 27 16 61
12 20 17 26 114
20 12 17 26 114
12 20 26 17 114
20 12 26 17 114
12 20 18 25 184
20 12 18 25 184
12 20 25 18 184
20 12 25 18 184
12 20 19 24 255
20 12 19 24 255
12 20 24 19 255
20 12 24 19 255
12 20 20 23 318
20 12 20 23 318
12 20 23 20 318
20 12 23 20 318
12 20 21 22 352
20 12 21 22 352
12 20 22 21 352
20 12 22 21 352
13 19 12 31 1
19 13 12 31 1
13 19 31 12 1
19 13 31 12 1
13 19 13 30 4
19 13 13 30 4
13 19 30 13 4
19 13 30 13 4
13 19 14 29 18
19 13 14 29 18
13 19 29 14 18
19 13 29 14 18
13 19 15 28 50
19 13 15 28 50
13 19 28 15 50
19 13 28 15 50
13 19 16 27 115
19 13 16 27 115
13 19 27 16 115
19 13 27 16 115
13 19 17 26 211
19 13 17 26 211
13 19 26 17 211
19 13 26 17 211
13 19 18 25 337
19 13 18 25 337
13 19 25 18 337
19 13 25 18 337
13 19 19 24 466
19 13 19 24 466
13 19 24 19 466
19 13 24 19 466
13 19 20 23 579
19 13 20 23 579
13 19 23 20 579
19 13 23 20 579
13 19 21 22 641
19 13 21 22 641
13 19 22 21 641
19 13 22 21 641
13 19 11 32 0
19 13 11 32 0
13 19 32 11 0
19 13 32 11 0
14 18 11 32 0
18 14 11 32 0
14 18 32 11 0
18 14 32 11 0
14 18 12 31 2
18 14 12 31 2
14 18 31 12 2
18 14 31 12 2
14 18 13 30 8
18 14 13 30 8
14 18 30 13 8
18 14 30 13 8
14 18 14 29 31
18 14 14 29 31
14 18 29 14 31
18 14 29 14 31
14 18 15 28 81
18 14 15 28 81
14 18 28 15 81
18 14 28 15 81
14 18 16 27 178
18 14 16 27 178
14 18 27 16 178
18 14 27 16 178
14 18 17 26 322
18 14 17 26 322
14 18 26 17 322
18 14 26 17 322
14 18 18 25 509
18 14 18 25 509
14 18 25 18 509
18 14 25 18 509
14 18 19 24 703
18 14 19 24 703
14 18 24 19 703
18 14 24 19 703
14 18 20 23 872
18 14 20 23 872
14 18 23 20 872
18 14 23 20 872
14 18 21 22 966
18 14 21 22 966
14 18 22 21 966
18 14 22 21 966
15 17 13 30 12
17 15 13 30 12
15 17 30 13 12
17 15 30 13 12
15 17 14 29 43
17 15 14 29 43
15 17 29 14 43
17 15 29 14 43
15 17 15 28 108
17 15 15 28 108
15 17 28 15 108
17 15 28 15 108
15 17 16 27 232
17 15 16 27 232
15 17 27 16 232
17 15 27 16 232
15 17 17 26 414
17 15 17 26 414
15 17 26 17 414
17 15 26 17 414
15 17 18 25 650
17 15 18 25 650
15 17 25 18 650
17 15 25 18 650
15 17 19 24 896
17 15 19 24 896
15 17 24 19 896
17 15 24 19 896
15 17 20 23 1110
17 15 20 23 1110
15 17 23 20 1110
17 15 23 20 1110
15 17 21 22 1230
17 15 21 22 1230
15 17 22 21 1230
17 15 22 21 1230
15 17 12 31 3
17 15 12 31 3
15 17 31 12 3
17 15 31 12 3
16 16 13 30 13
16 16 30 13 13
16 16 14 29 47
16 16 29 14 47
16 16 15 28 118
16 16 28 15 118
16 16 16 27 252
16 16 27 16 252
16 16 17 26 449
16 16 26 17 449
16 16 18 25 703
16 16 25 18 703
16 16 19 24 969
16 16 24 19 969
16 16 20 23 1200
16 16 23 20 1200
16 16 21 22 1330
16 16 22 21 1330
7 25 10 33 0
25 7 10 33 0
7 25 33 10 0
25 7 33 10 0
8 24 10 33 0
24 8 10 33 0
8 24 33 10 0
24 8 33 10 0
9 23 10 33 0
23 9 10 33 0
9 23 33 10 0
23 9 33 10 0
10 22 10 33 0
22 10 10 33 0
10 22 33 10 0
22 10 33 10 0
11 21 10 33 0
21 11 10 33 0
11 21 33 10 0
21 11 33 10 0
12 20 10 33 0
20 12 10 33 0
12 20 33 10 0
20 12 33 10 0
8 24 9 34 0
24 8 9 34 0
8 24 34 9 0
24 8 34 9 0
9 23 9 34 0
23 9 9 34 0
9 23 34 9 0
23 9 34 9 0
10 22 9 34 0
22 10 9 34 0
10 22 34 9 0
22 10 34 9 0
11 21 9 34 0
21 11 9 34 0
11 21 34 9 0
21 11 34 9 0
12 20 9 34 0
20 12 9 34 0
12 20 34 9 0
20 12 34 9 0
13 19 9 34 0
19 13 9 34 0
13 19 34 9 0
19 13 34 9 0
13 19 10 33 0
19 13 10 33 0
13 19 33 10 0
19 13 33 10 0
14 18 10 33 0
18 14 10 33 0
14 18 33 10 0
18 14 33 10 0
9 23 8 35 0
23 9 8 35 0
9 23 35 8 0
23 9 35 8 0
10 22 8 35 0
22 10 8 35 0
10 22 35 8 0
22 10 35 8 0
11 21 8 35 0
21 11 8 35 0
11 21 35 8 0
21 11 35 8 0
12 20 8 35 0
20 12 8 35 0
12 20 35 8 0
20 12 35 8 0
13 19 8 35 0
19 13 8 35 0
13 19 35 8 0
19 13 35 8 0
14 18 8 35 0
18 14 8 35 0
14 18 35 8 0
18 14 35 8 0
14 18 9 34 0
18 14 9 34 0
14 18 34 9 0
18 14 34 9 0
15 17 8 35 0
17 15 8 35 0
15 17 35 8 0
17 15 35 8 0
15 17 9 34 0
17 15 9 34 0
15 17 34 9 0
17 15 34 9 0
15 17 10 33 0
17 15 10 33 0
15 17 33 10 0
17 15 33 10 0
15 17 11 32 0
17 15 11 32 0
15 17 32 11 0
17 15 32 11 0
16 16 10 33 0
16 16 33 10 0
16 16 11 32 0
16 16 32 11 0
16 16 12 31 3
16 16 31 12 3
16 16 8 35 0
16 16 35 8 0
16 16 9 34 0
16 16 34 9 0
10 22 7 36 0
22 10 7 36 0
10 22 36 7 0
22 10 36 7 0
11 21 7 36 0
21 11 7 36 0
11 21 36 7 0
21 11 36 7 0
12 20 7 36 0
20 12 7 36 0
12 20 36 7 0
20 12 36 7 0
13 19 7 36 0
19 13 7 36 0
13 19 36 7 0
19 13 36 7 0
14 18 7 36 0
18 14 7 36 0
14 18 36 7 0
18 14 36 7 0
15 17 7 36 0
17 15 7 36 0
15 17 36 7 0
17 15 36 7 0
16 16 7 36 0
16 16 36 7 0
12 20 6 37 0
20 12 6 37 0
12 20 37 6 0
20 12 37 6 0
13 19 6 37 0
19 13 6 37 0
13 19 37 6 0
19 13 37 6 0
14 18 6 37 0
18 14 6 37 0
14 18 37 6 0
18 14 37 6 0
15 17 6 37 0
17 15 6 37 0
15 17 37 6 0
17 15 37 6 0
16 16 6 37 0
16 16 37 6 0
