8 25 13 21 0
25 8 13 21 0
8 25 21 13 0
25 8 21 13 0
8 25 14 20 0
25 8 14 20 0
8 25 20 14 0
25 8 20 14 0
8 25 15 19 0
25 8 15 19 0
8 25 19 15 0
25 8 19 15 0
8 25 16 18 0
25 8 16 18 0
8 25 18 16 0
25 8 18 16 0
8 25 17 17 0
25 8 17 17 0
9 24 13 21 0
24 9 13 21 0
9 24 21 13 0
24 9 21 13 0
9 24 14 20 0
24 9 14 20 0
9 24 20 14 0
24 9 20 14 0
9 24 15 19 0
24 9 15 19 0
9 24 19 15 0
24 9 19 15 0
9 24 16 18 0
24 9 16 18 0
9 24 18 16 0
24 9 18 16 0
9 24 17 17 0
24 9 17 17 0
10 23 13 21 0
23 10 13 21 0
10 23 21 13 0
23 10 21 13 0
10 23 14 20 0
23 10 14 20 0
10 23 20 14 0
23 10 20 14 0
10 23 15 19 0
23 10 15 19 0
10 23 19 15 0
23 10 19 15 0
10 23 16 18 0
23 10 16 18 0
10 23 18 16 0
23 10 18 16 0
10 23 17 17 0
23 10 17 17 0
11 22 13 21 0
22 11 13 21 0
11 22 21 13 0
22 11 21 13 0
11 22 14 20 0
22 11 14 20 0
11 22 20 14 0
22 11 20 14 0
11 22 15 19 1
22 11 15 19 1
11 22 19 15 1
22 11 19 15 1
11 22 16 18 2
22 11 16 18 2
11 22 18 16 2
22 11 18 16 2
11 22 17 17 2
22 11 17 17 2
9 24 12 22 0
24 9 12 22 0
9 24 22 12 0
24 9 22 12 0
10 23 12 22 0
23 10 12 22 0
10 23 22 12 0
23 10 22 12 0
11 22 12 22 0
22 11 12 22 0
11 22 22 12 0
22 11 22 12 0
12 21 12 22 0
21 12 12 22 0
12 21 22 12 0
21 12 22 12 0
12 21 13 21 0
21 12 13 21 0
12 21 21 13 0
21 12 21 13 0
12 21 14 20 1
21 12 14 20 1
12 21 20 14 1
21 12 20 14 1
12 21 15 19 4
21 12 15 19 4
12 21 19 15 4
21 12 19 15 4
12 21 16 18 8
21 12 16 18 8
12 21 18 16 8
21 12 18 16 8
12 21 17 17 9
21 12 17 17 9
13 20 13 21 1
20 13 13 21 1
13 20 21 13 1
20 13 21 13 1
13 20 14 20 5
20 13 14 20 5
13 20 20 14 5
20 13 20 14 5
13 20 15 19 13
20 13 15 19 13
13 20 19 15 13
20 13 19 15 13
13 20 16 18 22
20 13 16 18 22
13 20 18 16 22
20 13 18 16 22
13 20 17 17 25
20 13 17 17 25
10 23 10 24 0
23 10 10 24 0
10 23 24 10 0
23 10 24 10 0
10 23 11 23 0
23 10 11 23 0
10 23 23 11 0
23 10 23 11 0
11 22 10 24 0
22 11 10 24 0
11 22 24 10 0
22 11 24 10 0
11 22 11 23 0
22 11 11 23 0
11 22 23 11 0
22 11 23 11 0
12 21 10 24 0
21 12 10 24 0
12 21 24 10 0
21 12 24 10 0
12 21 11 23 0
21 12 11 23 0
12 21 23 11 0
21 12 23 11 0
13 20 10 24 0
20 13 10 24 0
13 20 24 10 0
20 13 24 10 0
13 20 11 23 0
20 13 11 23 0
13 20 23 11 0
20 13 23 11 0
13 20 12 22 0
20 13 12 22 0
13 20 22 12 0
20 13 22 12 0
14 19 10 24 0
19 14 10 24 0
14 19 24 10 0
19 14 24 10 0
14 19 11 23 0
19 14 11 23 0
14 19 23 11 0
19 14 23 11 0
14 19 12 22 0
19 14 12 22 0
14 19 22 12 0
19 14 22 12 0
14 19 13 21 3
19 14 13 21 3
14 19 21 13 3
19 14 21 13 3
14 19 14 20 12
19 14 14 20 12
14 19 20 14 12
19 14 20 14 12
14 19 15 19 28
19 14 15 19 28
14 19 19 15 28
19 14 19 15 28
14 19 16 18 44
19 14 16 18 44
14 19 18 16 44
19 14 18 16 44
14 19 17 17 50
19 14 17 17 50
15 18 12 22 1
18 15 12 22 1
15 18 22 12 1
18 15 22 12 1
15 18 13 21 7
18 15 13 21 7
15 18 21 13 7
18 15 21 13 7
15 18 14 20 22
18 15 14 20 22
15 18 20 14 22
18 15 20 14 22
15 18 15 19 46
18 15 15 19 46
15 18 19 15 46
18 15 19 15 46
15 18 16 18 69
18 15 16 18 69
15 18 18 16 69
18 15 18 16 69
15 18 17 17 78
18 15 17 17 78
12 21 9 25 0
21 12 9 25 0
12 21 25 9 0
21 12 25 9 0
13 20 9 25 0
20 13 9 25 0
13 20 25 9 0
20 13 25 9 0
14 19 9 25 0
19 14 9 25 0
14 19 25 9 0
19 14 25 9 0
15 18 9 25 0
18 15 9 25 0
15 18 25 9 0
18 15 25 9 0
15 18 10 24 0
18 15 10 24 0
15 18 24 10 0
18 15 24 10 0
15 18 11 23 0
18 15 11 23 0
15 18 23 11 0
18 15 23 11 0
16 17 10 24 0
17 16 10 24 0
16 17 24 10 0
17 16 24 10 0
16 17 11 23 0
17 16 11 23 0
16 17 23 11 0
17 16 23 11 0
16 17 12 22 2
17 16 12 22 2
16 17 22 12 2
17 16 22 12 2
16 17 13 21 10
17 16 13 21 10
16 17 21 13 10
17 16 21 13 10
16 17 14 20 29
17 16 14 20 29
16 17 20 14 29
17 16 20 14 29
16 17 15 19 58
17 16 15 19 58
16 17 19 15 58
17 16 19 15 58
16 17 16 18 86
17 16 16 18 86
16 17 18 16 86
17 16 18 16 86
16 17 17 17 97
17 16 17 17 97
13 20 8 26 0
20 13 8 26 0
13 20 26 8 0
20 13 26 8 0
14 19 8 26 0
19 14 8 26 0
14 19 26 8 0
19 14 26 8 0
15 18 8 26 0
18 15 8 26 0
15 18 26 8 0
18 15 26 8 0
16 17 8 26 0
17 16 8 26 0
16 17 26 8 0
17 16 26 8 0
16 17 9 25 0
17 16 9 25 0
16 17 25 9 0
17 16 25 9 0
