3 21 9 16 0
21 3 9 16 0
3 21 16 9 0
21 3 16 9 0
3 21 10 15 0
21 3 10 15 0
3 21 15 10 0
21 3 15 10 0
3 21 11 14 0
21 3 11 14 0
3 21 14 11 0
21 3 14 11 0
3 21 12 13 0
21 3 12 13 0
3 21 13 12 0
21 3 13 12 0
4 20 9 16 0
20 4 9 16 0
4 20 16 9 0
20 4 16 9 0
4 20 10 15 0
20 4 10 15 0
4 20 15 10 0
20 4 15 10 0
4 20 11 14 0
20 4 11 14 0
4 20 14 11 0
20 4 14 11 0
4 20 12 13 0
20 4 12 13 0
4 20 13 12 0
20 4 13 12 0
5 19 9 16 0
19 5 9 16 0
5 19 16 9 0
19 5 16 9 0
5 19 10 15 0
19 5 10 15 0
5 19 15 10 0
19 5 15 10 0
5 19 11 14 0
19 5 11 14 0
5 19 14 11 0
19 5 14 11 0
5 19 12 13 1
19 5 12 13 1
5 19 13 12 1
19 5 13 12 1
6 18 9 16 1
18 6 9 16 1
6 18 16 9 1
18 6 16 9 1
6 18 10 15 3
18 6 10 15 3
6 18 15 10 3
18 6 15 10 3
6 18 11 14 6
18 6 11 14 6
6 18 14 11 6
18 6 14 11 6
6 18 12 13 9
18 6 12 13 9
6 18 13 12 9
18 6 13 12 9
4 20 7 18 0
20 4 7 18 0
4 20 18 7 0
20 4 18 7 0
4 20 8 17 0
20 4 8 17 0
4 20 17 8 0
20 4 17 8 0
5 19 7 18 0
19 5 7 18 0
5 19 18 7 0
19 5 18 7 0
5 19 8 17 0
19 5 8 17 0
5 19 17 8 0
19 5 17 8 0
6 18 7 18 0
18 6 7 18 0
6 18 18 7 0
18 6 18 7 0
6 18 8 17 0
18 6 8 17 0
6 18 17 8 0
18 6 17 8 0
7 17 7 18 0
17 7 7 18 0
7 17 18 7 0
17 7 18 7 0
7 17 8 17 1
17 7 8 17 1
7 17 17 8 1
17 7 17 8 1
7 17 9 16 6
17 7 9 16 6
7 17 16 9 6
17 7 16 9 6
7 17 10 15 16
17 7 10 15 16
7 17 15 10 16
17 7 15 10 16
7 17 11 14 29
17 7 11 14 29
7 17 14 11 29
17 7 14 11 29
7 17 12 13 39
17 7 12 13 39
7 17 13 12 39
17 7 13 12 39
8 16 7 18 1
16 8 7 18 1
8 16 18 7 1
16 8 18 7 1
8 16 8 17 7
16 8 8 17 7
8 16 17 8 7
16 8 17 8 7
8 16 9 16 24
16 8 9 16 24
8 16 16 9 24
16 8 16 9 24
8 16 10 15 54
16 8 10 15 54
8 16 15 10 54
16 8 15 10 54
8 16 11 14 89
16 8 11 14 89
8 16 14 11 89
16 8 14 11 89
8 16 12 13 114
16 8 12 13 114
8 16 13 12 114
16 8 13 12 114
6 18 6 19 0
18 6 6 19 0
6 18 19 6 0
18 6 19 6 0
7 17 6 19 0
17 7 6 19 0
7 17 19 6 0
17 7 19 6 0
8 16 6 19 0
16 8 6 19 0
8 16 19 6 0
16 8 19 6 0
9 15 6 19 0
15 9 6 19 0
9 15 19 6 0
15 9 19 6 0
9 15 7 18 4
15 9 7 18 4
9 15 18 7 4
15 9 18 7 4
9 15 8 17 20
15 9 8 17 20
9 15 17 8 20
15 9 17 8 20
9 15 9 16 59
15 9 9 16 59
9 15 16 9 59
15 9 16 9 59
9 15 10 15 122
15 9 10 15 122
9 15 15 10 122
15 9 15 10 122
9 15 11 14 193
15 9 11 14 193
9 15 14 11 193
15 9 14 11 193
9 15 12 13 242
15 9 12 13 242
9 15 13 12 242
15 9 13 12 242
10 14 7 18 10
14 10 7 18 10
10 14 18 7 10
14 10 18 7 10
10 14 8 17 41
14 10 8 17 41
10 14 17 8 41
14 10 17 8 41
10 14 9 16 109
14 10 9 16 109
10 14 16 9 109
14 10 16 9 109
10 14 10 15 214
14 10 10 15 214
10 14 15 10 214
14 10 15 10 214
10 14 11 14 328
14 10 11 14 328
10 14 14 11 328
14 10 14 11 328
10 14 12 13 405
14 10 12 13 405
10 14 13 12 405
14 10 13 12 405
11 13 7 18 16
13 11 7 18 16
11 13 18 7 16
13 11 18 7 16
11 13 8 17 60
13 11 8 17 60
11 13 17 8 60
13 11 17 8 60
11 13 9 16 154
13 11 9 16 154
11 13 16 9 154
13 11 16 9 154
11 13 10 15 294
13 11 10 15 294
11 13 15 10 294
13 11 15 10 294
11 13 11 14 444
13 11 11 14 444
11 13 14 11 444
13 11 14 11 444
11 13 12 13 544
13 11 12 13 544
11 13 13 12 544
13 11 13 12 544
12 12 9 16 173
12 12 16 9 173
12 12 10 15 328
12 12 15 10 328
12 12 11 14 492
12 12 14 11 492
12 12 12 13 601
12 12 13 12 601
5 19 6 19 0
19 5 6 19 0
5 19 19 6 0
19 5 19 6 0
6 18 5 20 0
18 6 5 20 0
6 18 20 5 0
18 6 20 5 0
7 17 5 20 0
17 7 5 20 0
7 17 20 5 0
17 7 20 5 0
8 16 5 20 0
16 8 5 20 0
8 16 20 5 0
16 8 20 5 0
9 15 5 20 0
15 9 5 20 0
9 15 20 5 0
15 9 20 5 0
7 17 4 21 0
17 7 4 21 0
7 17 21 4 0
17 7 21 4 0
8 16 4 21 0
16 8 4 21 0
8 16 21 4 0
16 8 21 4 0
9 15 4 21 0
15 9 4 21 0
9 15 21 4 0
15 9 21 4 0
10 14 4 21 0
14 10 4 21 0
10 14 21 4 0
14 10 21 4 0
10 14 5 20 0
14 10 5 20 0
10 14 20 5 0
14 10 20 5 0
10 14 6 19 1
14 10 6 19 1
10 14 19 6 1
14 10 19 6 1
11 13 5 20 0
13 11 5 20 0
11 13 20 5 0
13 11 20 5 0
11 13 6 19 2
13 11 6 19 2
11 13 19 6 2
13 11 19 6 2
11 13 4 21 0
13 11 4 21 0
11 13 21 4 0
13 11 21 4 0
12 12 4 21 0
12 12 21 4 0
12 12 5 20 0
12 12 20 5 0
12 12 6 19 3
12 12 19 6 3
12 12 7 18 19
12 12 18 7 19
12 12 8 17 69
12 12 17 8 69
9 15 3 22 0
15 9 3 22 0
9 15 22 3 0
15 9 22 3 0
10 14 3 22 0
14 10 3 22 0
10 14 22 3 0
14 10 22 3 0
11 13 3 22 0
13 11 3 22 0
11 13 22 3 0
13 11 22 3 0
12 12 3 22 0
12 12 22 3 0
