10 26 15 22 0
26 10 15 22 0
10 26 22 15 0
26 10 22 15 0
10 26 16 21 0
26 10 16 21 0
10 26 21 16 0
26 10 21 16 0
10 26 17 20 0
26 10 17 20 0
10 26 20 17 0
26 10 20 17 0
10 26 18 19 0
26 10 18 19 0
10 26 19 18 0
26 10 19 18 0
11 25 15 22 0
25 11 15 22 0
11 25 22 15 0
25 11 22 15 0
11 25 16 21 0
25 11 16 21 0
11 25 21 16 0
25 11 21 16 0
11 25 17 20 0
25 11 17 20 0
11 25 20 17 0
25 11 20 17 0
11 25 18 19 0
25 11 18 19 0
11 25 19 18 0
25 11 19 18 0
12 24 15 22 0
24 12 15 22 0
12 24 22 15 0
24 12 22 15 0
12 24 16 21 0
24 12 16 21 0
12 24 21 16 0
24 12 21 16 0
12 24 17 20 0
24 12 17 20 0
12 24 20 17 0
24 12 20 17 0
12 24 18 19 0
24 12 18 19 0
12 24 19 18 0
24 12 19 18 0
13 23 15 22 0
23 13 15 22 0
13 23 22 15 0
23 13 22 15 0
13 23 16 21 0
23 13 16 21 0
13 23 21 16 0
23 13 21 16 0
13 23 17 20 0
23 13 17 20 0
13 23 20 17 0
23 13 20 17 0
13 23 18 19 1
23 13 18 19 1
13 23 19 18 1
23 13 19 18 1
11 25 13 24 0
25 11 13 24 0
11 25 24 13 0
25 11 24 13 0
11 25 14 23 0
25 11 14 23 0
11 25 23 14 0
25 11 23 14 0
12 24 13 24 0
24 12 13 24 0
12 24 24 13 0
24 12 24 13 0
12 24 14 23 0
24 12 14 23 0
12 24 23 14 0
24 12 23 14 0
13 23 13 24 0
23 13 13 24 0
13 23 24 13 0
23 13 24 13 0
13 23 14 23 0
23 13 14 23 0
13 23 23 14 0
23 13 23 14 0
14 22 13 24 0
22 14 13 24 0
14 22 24 13 0
22 14 24 13 0
14 22 14 23 0
22 14 14 23 0
14 22 23 14 0
22 14 23 14 0
14 22 15 22 0
22 14 15 22 0
14 22 22 15 0
22 14 22 15 0
14 22 16 21 1
22 14 16 21 1
14 22 21 16 1
22 14 21 16 1
14 22 17 20 2
22 14 17 20 2
14 22 20 17 2
22 14 20 17 2
14 22 18 19 4
22 14 18 19 4
14 22 19 18 4
22 14 19 18 4
15 21 13 24 0
21 15 13 24 0
15 21 24 13 0
21 15 24 13 0
15 21 14 23 0
21 15 14 23 0
15 21 23 14 0
21 15 23 14 0
15 21 15 22 0
21 15 15 22 0
15 21 22 15 0
21 15 22 15 0
15 21 16 21 2
21 15 16 21 2
15 21 21 16 2
21 15 21 16 2
15 21 17 20 5
21 15 17 20 5
15 21 20 17 5
21 15 20 17 5
15 21 18 19 8
21 15 18 19 8
15 21 19 18 8
21 15 19 18 8
16 20 15 22 1
20 16 15 22 1
16 20 22 15 1
20 16 22 15 1
16 20 16 21 5
20 16 16 21 5
16 20 21 16 5
20 16 21 16 5
16 20 17 20 10
20 16 17 20 10
16 20 20 17 10
20 16 20 17 10
16 20 18 19 15
20 16 18 19 15
16 20 19 18 15
20 16 19 18 15
12 24 12 25 0
24 12 12 25 0
12 24 25 12 0
24 12 25 12 0
13 23 12 25 0
23 13 12 25 0
13 23 25 12 0
23 13 25 12 0
14 22 12 25 0
22 14 12 25 0
14 22 25 12 0
22 14 25 12 0
15 21 12 25 0
21 15 12 25 0
15 21 25 12 0
21 15 25 12 0
13 23 11 26 0
23 13 11 26 0
13 23 26 11 0
23 13 26 11 0
14 22 11 26 0
22 14 11 26 0
14 22 26 11 0
22 14 26 11 0
15 21 11 26 0
21 15 11 26 0
15 21 26 11 0
21 15 26 11 0
16 20 11 26 0
20 16 11 26 0
16 20 26 11 0
20 16 26 11 0
16 20 12 25 0
20 16 12 25 0
16 20 25 12 0
20 16 25 12 0
16 20 13 24 0
20 16 13 24 0
16 20 24 13 0
20 16 24 13 0
16 20 14 23 0
20 16 14 23 0
16 20 23 14 0
20 16 23 14 0
17 19 12 25 0
19 17 12 25 0
17 19 25 12 0
19 17 25 12 0
17 19 13 24 0
19 17 13 24 0
17 19 24 13 0
19 17 24 13 0
17 19 14 23 0
19 17 14 23 0
17 19 23 14 0
19 17 23 14 0
17 19 15 22 2
19 17 15 22 2
17 19 22 15 2
19 17 22 15 2
17 19 16 21 7
19 17 16 21 7
17 19 21 16 7
19 17 21 16 7
17 19 17 20 14
19 17 17 20 14
17 19 20 17 14
19 17 20 17 14
17 19 18 19 20
19 17 18 19 20
17 19 19 18 20
19 17 19 18 20
18 18 15 22 3
18 18 22 15 3
18 18 16 21 9
18 18 21 16 9
18 18 17 20 17
18 18 20 17 17
18 18 18 19 23
18 18 19 18 23
17 19 11 26 0
19 17 11 26 0
17 19 26 11 0
19 17 26 11 0
18 18 11 26 0
18 18 26 11 0
18 18 12 25 0
18 18 25 12 0
18 18 13 24 0
18 18 24 13 0
18 18 14 23 1
18 18 23 14 1
15 21 10 27 0
21 15 10 27 0
15 21 27 10 0
21 15 27 10 0
16 20 10 27 0
20 16 10 27 0
16 20 27 10 0
20 16 27 10 0
17 19 10 27 0
19 17 10 27 0
17 19 27 10 0
19 17 27 10 0
18 18 10 27 0
18 18 27 10 0
