4 23 12 16 0
23 4 12 16 0
4 23 16 12 0
23 4 16 12 0
4 23 13 15 0
23 4 13 15 0
4 23 15 13 0
23 4 15 13 0
4 23 14 14 0
23 4 14 14 0
5 22 12 16 0
22 5 12 16 0
5 22 16 12 0
22 5 16 12 0
5 22 13 15 0
22 5 13 15 0
5 22 15 13 0
22 5 15 13 0
5 22 14 14 0
22 5 14 14 0
6 21 12 16 0
21 6 12 16 0
6 21 16 12 0
21 6 16 12 0
6 21 13 15 0
21 6 13 15 0
6 21 15 13 0
21 6 15 13 0
6 21 14 14 0
21 6 14 14 0
7 20 12 16 1
20 7 12 16 1
7 20 16 12 1
20 7 16 12 1
7 20 13 15 2
20 7 13 15 2
7 20 15 13 2
20 7 15 13 2
7 20 14 14 2
20 7 14 14 2
5 22 9 19 0
22 5 9 19 0
5 22 19 9 0
22 5 19 9 0
5 22 10 18 0
22 5 10 18 0
5 22 18 10 0
22 5 18 10 0
5 22 11 17 0
22 5 11 17 0
5 22 17 11 0
22 5 17 11 0
6 21 9 19 0
21 6 9 19 0
6 21 19 9 0
21 6 19 9 0
6 21 10 18 0
21 6 10 18 0
6 21 18 10 0
21 6 18 10 0
6 21 11 17 0
21 6 11 17 0
6 21 17 11 0
21 6 17 11 0
7 20 9 19 0
20 7 9 19 0
7 20 19 9 0
20 7 19 9 0
7 20 10 18 0
20 7 10 18 0
7 20 18 10 0
20 7 18 10 0
7 20 11 17 0
20 7 11 17 0
7 20 17 11 0
20 7 17 11 0
8 19 9 19 0
19 8 9 19 0
8 19 19 9 0
19 8 19 9 0
8 19 10 18 1
19 8 10 18 1
8 19 18 10 1
19 8 18 10 1
8 19 11 17 3
19 8 11 17 3
8 19 17 11 3
19 8 17 11 3
8 19 12 16 8
19 8 12 16 8
8 19 16 12 8
19 8 16 12 8
8 19 13 15 13
19 8 13 15 13
8 19 15 13 13
19 8 15 13 13
8 19 14 14 15
19 8 14 14 15
9 18 9 19 0
18 9 9 19 0
9 18 19 9 0
18 9 19 9 0
9 18 10 18 4
18 9 10 18 4
9 18 18 10 4
18 9 18 10 4
9 18 11 17 14
18 9 11 17 14
9 18 17 11 14
18 9 17 11 14
9 18 12 16 30
18 9 12 16 30
9 18 16 12 30
18 9 16 12 30
9 18 13 15 46
18 9 13 15 46
9 18 15 13 46
18 9 15 13 46
9 18 14 14 53
18 9 14 14 53
6 21 8 20 0
21 6 8 20 0
6 21 20 8 0
21 6 20 8 0
7 20 8 20 0
20 7 8 20 0
7 20 20 8 0
20 7 20 8 0
8 19 8 20 0
19 8 8 20 0
8 19 20 8 0
19 8 20 8 0
9 18 8 20 0
18 9 8 20 0
9 18 20 8 0
18 9 20 8 0
7 20 7 21 0
20 7 7 21 0
7 20 21 7 0
20 7 21 7 0
8 19 7 21 0
19 8 7 21 0
8 19 21 7 0
19 8 21 7 0
9 18 7 21 0
18 9 7 21 0
9 18 21 7 0
18 9 21 7 0
10 17 7 21 0
17 10 7 21 0
10 17 21 7 0
17 10 21 7 0
10 17 8 20 0
17 10 8 20 0
10 17 20 8 0
17 10 20 8 0
10 17 9 19 3
17 10 9 19 3
10 17 19 9 3
17 10 19 9 3
10 17 10 18 15
17 10 10 18 15
10 17 18 10 15
17 10 18 10 15
10 17 11 17 41
17 10 11 17 41
10 17 17 11 41
17 10 17 11 41
10 17 12 16 80
17 10 12 16 80
10 17 16 12 80
17 10 16 12 80
10 17 13 15 116
17 10 13 15 116
10 17 15 13 116
17 10 15 13 116
10 17 14 14 131
17 10 14 14 131
11 16 8 20 1
16 11 8 20 1
11 16 20 8 1
16 11 20 8 1
11 16 9 19 9
16 11 9 19 9
11 16 19 9 9
16 11 19 9 9
11 16 10 18 35
16 11 10 18 35
11 16 18 10 35
16 11 18 10 35
11 16 11 17 86
16 11 11 17 86
11 16 17 11 86
16 11 17 11 86
11 16 12 16 157
16 11 12 16 157
11 16 16 12 157
16 11 16 12 157
11 16 13 15 221
16 11 13 15 221
11 16 15 13 221
16 11 15 13 221
11 16 14 14 247
16 11 14 14 247
11 16 7 21 0
16 11 7 21 0
11 16 21 7 0
16 11 21 7 0
12 15 7 21 0
15 12 7 21 0
12 15 21 7 0
15 12 21 7 0
12 15 8 20 3
15 12 8 20 3
12 15 20 8 3
15 12 20 8 3
12 15 9 19 17
15 12 9 19 17
12 15 19 9 17
15 12 19 9 17
12 15 10 18 59
15 12 10 18 59
12 15 18 10 59
15 12 18 10 59
12 15 11 17 137
15 12 11 17 137
12 15 17 11 137
15 12 17 11 137
12 15 12 16 241
15 12 12 16 241
12 15 16 12 241
15 12 16 12 241
12 15 13 15 333
15 12 13 15 333
12 15 15 13 333
15 12 15 13 333
12 15 14 14 371
15 12 14 14 371
13 14 9 19 23
14 13 9 19 23
13 14 19 9 23
14 13 19 9 23
13 14 10 18 76
14 13 10 18 76
13 14 18 10 76
14 13 18 10 76
13 14 11 17 171
14 13 11 17 171
13 14 17 11 171
14 13 17 11 171
13 14 12 16 297
14 13 12 16 297
13 14 16 12 297
14 13 16 12 297
13 14 13 15 407
14 13 13 15 407
13 14 15 13 407
14 13 15 13 407
13 14 14 14 451
14 13 14 14 451
13 14 8 20 4
14 13 8 20 4
13 14 20 8 4
14 13 20 8 4
8 19 6 22 0
19 8 6 22 0
8 19 22 6 0
19 8 22 6 0
9 18 6 22 0
18 9 6 22 0
9 18 22 6 0
18 9 22 6 0
10 17 6 22 0
17 10 6 22 0
10 17 22 6 0
17 10 22 6 0
11 16 6 22 0
16 11 6 22 0
11 16 22 6 0
16 11 22 6 0
9 18 5 23 0
18 9 5 23 0
9 18 23 5 0
18 9 23 5 0
10 17 5 23 0
17 10 5 23 0
10 17 23 5 0
17 10 23 5 0
11 16 5 23 0
16 11 5 23 0
11 16 23 5 0
16 11 23 5 0
12 15 5 23 0
15 12 5 23 0
12 15 23 5 0
15 12 23 5 0
12 15 6 22 0
15 12 6 22 0
12 15 22 6 0
15 12 22 6 0
13 14 5 23 0
14 13 5 23 0
13 14 23 5 0
14 13 23 5 0
13 14 6 22 0
14 13 6 22 0
13 14 22 6 0
14 13 22 6 0
13 14 7 21 0
14 13 7 21 0
13 14 21 7 0
14 13 21 7 0
12 15 4 24 0
15 12 4 24 0
12 15 24 4 0
15 12 24 4 0
13 14 4 24 0
14 13 4 24 0
13 14 24 4 0
14 13 24 4 0
