2 19 7 15 0
19 2 7 15 0
2 19 15 7 0
19 2 15 7 0
2 19 8 14 0
19 2 8 14 0
2 19 14 8 0
19 2 14 8 0
2 19 9 13 0
19 2 9 13 0
2 19 13 9 0
19 2 13 9 0
2 19 10 12 0
19 2 10 12 0
2 19 12 10 0
19 2 12 10 0
2 19 11 11 0
19 2 11 11 0
3 18 7 15 0
18 3 7 15 0
3 18 15 7 0
18 3 15 7 0
3 18 8 14 0
18 3 8 14 0
3 18 14 8 0
18 3 14 8 0
3 18 9 13 0
18 3 9 13 0
3 18 13 9 0
18 3 13 9 0
3 18 10 12 0
18 3 10 12 0
3 18 12 10 0
18 3 12 10 0
3 18 11 11 0
18 3 11 11 0
4 17 7 15 0
17 4 7 15 0
4 17 15 7 0
17 4 15 7 0
4 17 8 14 0
17 4 8 14 0
4 17 14 8 0
17 4 14 8 0
4 17 9 13 1
17 4 9 13 1
4 17 13 9 1
17 4 13 9 1
4 17 10 12 2
17 4 10 12 2
4 17 12 10 2
17 4 12 10 2
4 17 11 11 3
17 4 11 11 3
5 16 7 15 1
16 5 7 15 1
5 16 15 7 1
16 5 15 7 1
5 16 8 14 4
16 5 8 14 4
5 16 14 8 4
16 5 14 8 4
5 16 9 13 10
16 5 9 13 10
5 16 13 9 10
16 5 13 9 10
5 16 10 12 16
16 5 10 12 16
5 16 12 10 16
16 5 12 10 16
5 16 11 11 19
16 5 11 11 19
3 18 6 16 0
18 3 6 16 0
3 18 16 6 0
18 3 16 6 0
4 17 6 16 0
17 4 6 16 0
4 17 16 6 0
17 4 16 6 0
5 16 6 16 0
16 5 6 16 0
5 16 16 6 0
16 5 16 6 0
6 15 6 16 1
15 6 6 16 1
6 15 16 6 1
15 6 16 6 1
6 15 7 15 7
15 6 7 15 7
6 15 15 7 7
15 6 15 7 7
6 15 8 14 20
15 6 8 14 20
6 15 14 8 20
15 6 14 8 20
6 15 9 13 41
15 6 9 13 41
6 15 13 9 41
15 6 13 9 41
6 15 10 12 60
15 6 10 12 60
6 15 12 10 60
15 6 12 10 60
6 15 11 11 69
15 6 11 11 69
7 14 6 16 6
14 7 6 16 6
7 14 16 6 6
14 7 16 6 6
7 14 7 15 24
14 7 7 15 24
7 14 15 7 24
14 7 15 7 24
7 14 8 14 59
14 7 8 14 59
7 14 14 8 59
14 7 14 8 59
7 14 9 13 109
14 7 9 13 109
7 14 13 9 109
14 7 13 9 109
7 14 10 12 154
14 7 10 12 154
7 14 12 10 154
14 7 12 10 154
7 14 11 11 173
14 7 11 11 173
8 13 6 16 16
13 8 6 16 16
8 13 16 6 16
13 8 16 6 16
8 13 7 15 54
13 8 7 15 54
8 13 15 7 54
13 8 15 7 54
8 13 8 14 122
13 8 8 14 122
8 13 14 8 122
13 8 14 8 122
8 13 9 13 214
13 8 9 13 214
8 13 13 9 214
13 8 13 9 214
8 13 10 12 294
13 8 10 12 294
8 13 12 10 294
13 8 12 10 294
8 13 11 11 328
13 8 11 11 328
9 12 7 15 89
12 9 7 15 89
9 12 15 7 89
12 9 15 7 89
9 12 8 14 193
12 9 8 14 193
9 12 14 8 193
12 9 14 8 193
9 12 9 13 328
12 9 9 13 328
9 12 13 9 328
12 9 13 9 328
9 12 10 12 444
12 9 10 12 444
9 12 12 10 444
12 9 12 10 444
9 12 11 11 492
12 9 11 11 492
4 17 4 18 0
17 4 4 18 0
4 17 18 4 0
17 4 18 4 0
4 17 5 17 0
17 4 5 17 0
4 17 17 5 0
17 4 17 5 0
5 16 4 18 0
16 5 4 18 0
5 16 18 4 0
16 5 18 4 0
5 16 5 17 0
16 5 5 17 0
5 16 17 5 0
16 5 17 5 0
6 15 4 18 0
15 6 4 18 0
6 15 18 4 0
15 6 18 4 0
6 15 5 17 0
15 6 5 17 0
6 15 17 5 0
15 6 17 5 0
7 14 4 18 0
14 7 4 18 0
7 14 18 4 0
14 7 18 4 0
7 14 5 17 1
14 7 5 17 1
7 14 17 5 1
14 7 17 5 1
8 13 4 18 0
13 8 4 18 0
8 13 18 4 0
13 8 18 4 0
8 13 5 17 3
13 8 5 17 3
8 13 17 5 3
13 8 17 5 3
6 15 3 19 0
15 6 3 19 0
6 15 19 3 0
15 6 19 3 0
7 14 3 19 0
14 7 3 19 0
7 14 19 3 0
14 7 19 3 0
8 13 3 19 0
13 8 3 19 0
8 13 19 3 0
13 8 19 3 0
9 12 3 19 0
12 9 3 19 0
9 12 19 3 0
12 9 19 3 0
9 12 4 18 0
12 9 4 18 0
9 12 18 4 0
12 9 18 4 0
9 12 5 17 6
12 9 5 17 6
9 12 17 5 6
12 9 17 5 6
9 12 6 16 29
12 9 6 16 29
9 12 16 6 29
12 9 16 6 29
10 11 4 18 1
11 10 4 18 1
10 11 18 4 1
11 10 18 4 1
10 11 5 17 9
11 10 5 17 9
10 11 17 5 9
11 10 17 5 9
10 11 6 16 39
11 10 6 16 39
10 11 16 6 39
11 10 16 6 39
10 11 7 15 114
11 10 7 15 114
10 11 15 7 114
11 10 15 7 114
10 11 8 14 242
11 10 8 14 242
10 11 14 8 242
11 10 14 8 242
10 11 9 13 405
11 10 9 13 405
10 11 13 9 405
11 10 13 9 405
10 11 10 12 544
11 10 10 12 544
10 11 12 10 544
11 10 12 10 544
10 11 11 11 601
11 10 11 11 601
7 14 2 20 0
14 7 2 20 0
7 14 20 2 0
14 7 20 2 0
8 13 2 20 0
13 8 2 20 0
8 13 20 2 0
13 8 20 2 0
9 12 2 20 0
12 9 2 20 0
9 12 20 2 0
12 9 20 2 0
10 11 2 20 0
11 10 2 20 0
10 11 20 2 0
11 10 20 2 0
10 11 3 19 0
11 10 3 19 0
10 11 19 3 0
11 10 19 3 0
