12 27 18 22 0
27 12 18 22 0
12 27 22 18 0
27 12 22 18 0
12 27 19 21 0
27 12 19 21 0
12 27 21 19 0
27 12 21 19 0
12 27 20 20 0
27 12 20 20 0
13 26 18 22 0
26 13 18 22 0
13 26 22 18 0
26 13 22 18 0
13 26 19 21 0
26 13 19 21 0
13 26 21 19 0
26 13 21 19 0
13 26 20 20 0
26 13 20 20 0
14 25 18 22 0
25 14 18 22 0
14 25 22 18 0
25 14 22 18 0
14 25 19 21 0
25 14 19 21 0
14 25 21 19 0
25 14 21 19 0
14 25 20 20 0
25 14 20 20 0
15 24 18 22 0
24 15 18 22 0
15 24 22 18 0
24 15 22 18 0
15 24 19 21 0
24 15 19 21 0
15 24 21 19 0
24 15 21 19 0
15 24 20 20 0
24 15 20 20 0
13 26 15 25 0
26 13 15 25 0
13 26 25 15 0
26 13 25 15 0
13 26 16 24 0
26 13 16 24 0
13 26 24 16 0
26 13 24 16 0
13 26 17 23 0
26 13 17 23 0
13 26 23 17 0
26 13 23 17 0
14 25 15 25 0
25 14 15 25 0
14 25 25 15 0
25 14 25 15 0
14 25 16 24 0
25 14 16 24 0
14 25 24 16 0
25 14 24 16 0
14 25 17 23 0
25 14 17 23 0
14 25 23 17 0
25 14 23 17 0
15 24 15 25 0
24 15 15 25 0
15 24 25 15 0
24 15 25 15 0
15 24 16 24 0
24 15 16 24 0
15 24 24 16 0
24 15 24 16 0
15 24 17 23 0
24 15 17 23 0
15 24 23 17 0
24 15 23 17 0
16 23 15 25 0
23 16 15 25 0
16 23 25 15 0
23 16 25 15 0
16 23 16 24 0
23 16 16 24 0
16 23 24 16 0
23 16 24 16 0
16 23 17 23 0
23 16 17 23 0
16 23 23 17 0
23 16 23 17 0
16 23 18 22 0
23 16 18 22 0
16 23 22 18 0
23 16 22 18 0
16 23 19 21 1
23 16 19 21 1
16 23 21 19 1
23 16 21 19 1
16 23 20 20 1
23 16 20 20 1
14 25 14 26 0
25 14 14 26 0
14 25 26 14 0
25 14 26 14 0
15 24 14 26 0
24 15 14 26 0
15 24 26 14 0
24 15 26 14 0
16 23 14 26 0
23 16 14 26 0
16 23 26 14 0
23 16 26 14 0
17 22 14 26 0
22 17 14 26 0
17 22 26 14 0
22 17 26 14 0
17 22 15 25 0
22 17 15 25 0
17 22 25 15 0
22 17 25 15 0
17 22 16 24 0
22 17 16 24 0
17 22 24 16 0
22 17 24 16 0
17 22 17 23 0
22 17 17 23 0
17 22 23 17 0
22 17 23 17 0
17 22 18 22 0
22 17 18 22 0
17 22 22 18 0
22 17 22 18 0
17 22 19 21 1
22 17 19 21 1
17 22 21 19 1
22 17 21 19 1
17 22 20 20 1
22 17 20 20 1
18 21 15 25 0
21 18 15 25 0
18 21 25 15 0
21 18 25 15 0
18 21 16 24 0
21 18 16 24 0
18 21 24 16 0
21 18 24 16 0
18 21 17 23 0
21 18 17 23 0
18 21 23 17 0
21 18 23 17 0
18 21 18 22 0
21 18 18 22 0
18 21 22 18 0
21 18 22 18 0
18 21 19 21 1
21 18 19 21 1
18 21 21 19 1
21 18 21 19 1
18 21 20 20 1
21 18 20 20 1
19 20 18 22 0
20 19 18 22 0
19 20 22 18 0
20 19 22 18 0
19 20 19 21 1
20 19 19 21 1
19 20 21 19 1
20 19 21 19 1
19 20 20 20 1
20 19 20 20 1
15 24 13 27 0
24 15 13 27 0
15 24 27 13 0
24 15 27 13 0
16 23 13 27 0
23 16 13 27 0
16 23 27 13 0
23 16 27 13 0
17 22 13 27 0
22 17 13 27 0
17 22 27 13 0
22 17 27 13 0
18 21 13 27 0
21 18 13 27 0
18 21 27 13 0
21 18 27 13 0
18 21 14 26 0
21 18 14 26 0
18 21 26 14 0
21 18 26 14 0
19 20 13 27 0
20 19 13 27 0
19 20 27 13 0
20 19 27 13 0
19 20 14 26 0
20 19 14 26 0
19 20 26 14 0
20 19 26 14 0
19 20 15 25 0
20 19 15 25 0
19 20 25 15 0
20 19 25 15 0
19 20 16 24 0
20 19 16 24 0
19 20 24 16 0
20 19 24 16 0
19 20 17 23 0
20 19 17 23 0
19 20 23 17 0
20 19 23 17 0
18 21 12 28 0
21 18 12 28 0
18 21 28 12 0
21 18 28 12 0
19 20 12 28 0
20 19 12 28 0
19 20 28 12 0
20 19 28 12 0
