1 17 6 13 0
17 1 6 13 0
1 17 13 6 0
17 1 13 6 0
1 17 7 12 0
17 1 7 12 0
1 17 12 7 0
17 1 12 7 0
1 17 8 11 0
17 1 8 11 0
1 17 11 8 0
17 1 11 8 0
1 17 9 10 0
17 1 9 10 0
1 17 10 9 0
17 1 10 9 0
2 16 6 13 0
16 2 6 13 0
2 16 13 6 0
16 2 13 6 0
2 16 7 12 0
16 2 7 12 0
2 16 12 7 0
16 2 12 7 0
2 16 8 11 0
16 2 8 11 0
2 16 11 8 0
16 2 11 8 0
2 16 9 10 0
16 2 9 10 0
2 16 10 9 0
16 2 10 9 0
3 15 6 13 0
15 3 6 13 0
3 15 13 6 0
15 3 13 6 0
3 15 7 12 1
15 3 7 12 1
3 15 12 7 1
15 3 12 7 1
3 15 8 11 3
15 3 8 11 3
3 15 11 8 3
15 3 11 8 3
3 15 9 10 4
15 3 9 10 4
3 15 10 9 4
15 3 10 9 4
4 14 6 13 3
14 4 6 13 3
4 14 13 6 3
14 4 13 6 3
4 14 7 12 9
14 4 7 12 9
4 14 12 7 9
14 4 12 7 9
4 14 8 11 17
14 4 8 11 17
4 14 11 8 17
14 4 11 8 17
4 14 9 10 23
14 4 9 10 23
4 14 10 9 23
14 4 10 9 23
5 13 6 13 15
13 5 6 13 15
5 13 13 6 15
13 5 13 6 15
5 13 7 12 35
13 5 7 12 35
5 13 12 7 35
13 5 12 7 35
5 13 8 11 59
13 5 8 11 59
5 13 11 8 59
13 5 11 8 59
5 13 9 10 76
13 5 9 10 76
5 13 10 9 76
13 5 10 9 76
6 12 6 13 41
12 6 6 13 41
6 12 13 6 41
12 6 13 6 41
6 12 7 12 86
12 6 7 12 86
6 12 12 7 86
12 6 12 7 86
6 12 8 11 137
12 6 8 11 137
6 12 11 8 137
12 6 11 8 137
6 12 9 10 171
12 6 9 10 171
6 12 10 9 171
12 6 10 9 171
2 16 4 15 0
16 2 4 15 0
2 16 15 4 0
16 2 15 4 0
2 16 5 14 0
16 2 5 14 0
2 16 14 5 0
16 2 14 5 0
3 15 4 15 0
15 3 4 15 0
3 15 15 4 0
15 3 15 4 0
3 15 5 14 0
15 3 5 14 0
3 15 14 5 0
15 3 14 5 0
4 14 4 15 0
14 4 4 15 0
4 14 15 4 0
14 4 15 4 0
4 14 5 14 0
14 4 5 14 0
4 14 14 5 0
14 4 14 5 0
5 13 4 15 1
13 5 4 15 1
5 13 15 4 1
13 5 15 4 1
5 13 5 14 4
13 5 5 14 4
5 13 14 5 4
13 5 14 5 4
3 15 3 16 0
15 3 3 16 0
3 15 16 3 0
15 3 16 3 0
4 14 3 16 0
14 4 3 16 0
4 14 16 3 0
14 4 16 3 0
5 13 3 16 0
13 5 3 16 0
5 13 16 3 0
13 5 16 3 0
6 12 3 16 0
12 6 3 16 0
6 12 16 3 0
12 6 16 3 0
6 12 4 15 3
12 6 4 15 3
6 12 15 4 3
12 6 15 4 3
6 12 5 14 14
12 6 5 14 14
6 12 14 5 14
12 6 14 5 14
7 11 3 16 1
11 7 3 16 1
7 11 16 3 1
11 7 16 3 1
7 11 4 15 8
11 7 4 15 8
7 11 15 4 8
11 7 15 4 8
7 11 5 14 30
11 7 5 14 30
7 11 14 5 30
11 7 14 5 30
7 11 6 13 80
11 7 6 13 80
7 11 13 6 80
11 7 13 6 80
7 11 7 12 157
11 7 7 12 157
7 11 12 7 157
11 7 12 7 157
7 11 8 11 241
11 7 8 11 241
7 11 11 8 241
11 7 11 8 241
7 11 9 10 297
11 7 9 10 297
7 11 10 9 297
11 7 10 9 297
8 10 3 16 2
10 8 3 16 2
8 10 16 3 2
10 8 16 3 2
8 10 4 15 13
10 8 4 15 13
8 10 15 4 13
10 8 15 4 13
8 10 5 14 46
10 8 5 14 46
8 10 14 5 46
10 8 14 5 46
8 10 6 13 116
10 8 6 13 116
8 10 13 6 116
10 8 13 6 116
8 10 7 12 221
10 8 7 12 221
8 10 12 7 221
10 8 12 7 221
8 10 8 11 333
10 8 8 11 333
8 10 11 8 333
10 8 11 8 333
8 10 9 10 407
10 8 9 10 407
8 10 10 9 407
10 8 10 9 407
9 9 4 15 15
9 9 15 4 15
9 9 5 14 53
9 9 14 5 53
9 9 6 13 131
9 9 13 6 131
9 9 7 12 247
9 9 12 7 247
9 9 8 11 371
9 9 11 8 371
9 9 9 10 451
9 9 10 9 451
4 14 2 17 0
14 4 2 17 0
4 14 17 2 0
14 4 17 2 0
5 13 2 17 0
13 5 2 17 0
5 13 17 2 0
13 5 17 2 0
6 12 2 17 0
12 6 2 17 0
6 12 17 2 0
12 6 17 2 0
7 11 2 17 0
11 7 2 17 0
7 11 17 2 0
11 7 17 2 0
8 10 2 17 0
10 8 2 17 0
8 10 17 2 0
10 8 17 2 0
6 12 1 18 0
12 6 1 18 0
6 12 18 1 0
12 6 18 1 0
7 11 1 18 0
11 7 1 18 0
7 11 18 1 0
11 7 18 1 0
8 10 1 18 0
10 8 1 18 0
8 10 18 1 0
10 8 18 1 0
9 9 1 18 0
9 9 18 1 0
9 9 2 17 0
9 9 17 2 0
9 9 3 16 2
9 9 16 3 2
