0 12 3 10 0
12 0 3 10 0
0 12 10 3 0
12 0 10 3 0
0 12 4 9 0
12 0 4 9 0
0 12 9 4 0
12 0 9 4 0
0 12 5 8 0
12 0 5 8 0
0 12 8 5 0
12 0 8 5 0
0 12 6 7 0
12 0 6 7 0
0 12 7 6 0
12 0 7 6 0
1 11 3 10 0
11 1 3 10 0
1 11 10 3 0
11 1 10 3 0
1 11 4 9 0
11 1 4 9 0
1 11 9 4 0
11 1 9 4 0
1 11 5 8 1
11 1 5 8 1
1 11 8 5 1
11 1 8 5 1
1 11 6 7 2
11 1 6 7 2
1 11 7 6 2
11 1 7 6 2
2 10 3 10 1
10 2 3 10 1
2 10 10 3 1
10 2 10 3 1
2 10 4 9 3
10 2 4 9 3
2 10 9 4 3
10 2 9 4 3
2 10 5 8 7
10 2 5 8 7
2 10 8 5 7
10 2 8 5 7
2 10 6 7 10
10 2 6 7 10
2 10 7 6 10
10 2 7 6 10
3 9 3 10 5
9 3 3 10 5
3 9 10 3 5
9 3 10 3 5
3 9 4 9 12
9 3 4 9 12
3 9 9 4 12
9 3 9 4 12
3 9 5 8 22
9 3 5 8 22
3 9 8 5 22
9 3 8 5 22
3 9 6 7 29
9 3 6 7 29
3 9 7 6 29
9 3 7 6 29
1 11 1 12 0
11 1 1 12 0
1 11 12 1 0
11 1 12 1 0
1 11 2 11 0
11 1 2 11 0
1 11 11 2 0
11 1 11 2 0
2 10 1 12 0
10 2 1 12 0
2 10 12 1 0
10 2 12 1 0
2 10 2 11 0
10 2 2 11 0
2 10 11 2 0
10 2 11 2 0
3 9 1 12 0
9 3 1 12 0
3 9 12 1 0
9 3 12 1 0
3 9 2 11 1
9 3 2 11 1
3 9 11 2 1
9 3 11 2 1
4 8 1 12 1
8 4 1 12 1
4 8 12 1 1
8 4 12 1 1
4 8 2 11 4
8 4 2 11 4
4 8 11 2 4
8 4 11 2 4
4 8 3 10 13
8 4 3 10 13
4 8 10 3 13
8 4 10 3 13
4 8 4 9 28
8 4 4 9 28
4 8 9 4 28
8 4 9 4 28
4 8 5 8 46
8 4 5 8 46
4 8 8 5 46
8 4 8 5 46
4 8 6 7 58
8 4 6 7 58
4 8 7 6 58
8 4 7 6 58
5 7 1 12 2
7 5 1 12 2
5 7 12 1 2
7 5 12 1 2
5 7 2 11 8
7 5 2 11 8
5 7 11 2 8
7 5 11 2 8
5 7 3 10 22
7 5 3 10 22
5 7 10 3 22
7 5 10 3 22
5 7 4 9 44
7 5 4 9 44
5 7 9 4 44
7 5 9 4 44
5 7 5 8 69
7 5 5 8 69
5 7 8 5 69
7 5 8 5 69
5 7 6 7 86
7 5 6 7 86
5 7 7 6 86
7 5 7 6 86
6 6 1 12 2
6 6 12 1 2
6 6 2 11 9
6 6 11 2 9
6 6 3 10 25
6 6 10 3 25
6 6 4 9 50
6 6 9 4 50
6 6 5 8 78
6 6 8 5 78
6 6 6 7 97
6 6 7 6 97
3 9 0 13 0
9 3 0 13 0
3 9 13 0 0
9 3 13 0 0
4 8 0 13 0
8 4 0 13 0
4 8 13 0 0
8 4 13 0 0
5 7 0 13 0
7 5 0 13 0
5 7 13 0 0
7 5 13 0 0
6 6 0 13 0
6 6 13 0 0
