(3, 3, 20) 18
(0, 11, 15) 11
(2, 2, 22) 1
(0, 13, 13) 13
(6, 8, 12) 1173
(4, 11, 11) 733
(3, 10, 13) 408
(0, 12, 14) 13
(5, 9, 12) 973
(2, 10, 14) 188
(3, 9, 14) 351
(6, 9, 11) 1327
(4, 5, 17) 164
(3, 4, 19) 41
(1, 7, 18) 24
(7, 9, 10) 1624
(6, 7, 13) 947
(2, 4, 20) 14
(4, 7, 15) 391
(5, 7, 14) 646
(1, 4, 21) 3
(2, 3, 21) 5
(0, 9, 17) 6
(3, 5, 18) 79
(8, 9, 9) 1790
(1, 8, 17) 36
(1, 10, 15) 63
(0, 6, 20) 1
(5, 6, 15) 458
(2, 11, 13) 209
(0, 8, 18) 4
(5, 8, 13) 827
(2, 9, 15) 155
(2, 8, 16) 119
(3, 6, 17) 134
(4, 4, 18) 90
(1, 3, 22) 1
(4, 8, 14) 518
(6, 10, 10) 1384
(4, 6, 16) 269
(3, 8, 15) 279
(1, 6, 19) 14
(7, 8, 11) 1488
(5, 10, 11) 1052
(2, 7, 17) 82
(2, 5, 19) 28
(2, 6, 18) 52
(3, 7, 16) 204
(8, 8, 10) 1710
(3, 11, 12) 440
(6, 6, 14) 695
(1, 12, 13) 79
(4, 9, 13) 629
(7, 7, 12) 1249
(1, 11, 14) 73
(4, 10, 12) 708
(0, 7, 19) 2
(0, 10, 16) 9
(1, 9, 16) 50
(1, 5, 20) 7
(2, 12, 12) 219
(5, 5, 16) 292
