(6, 11, 15) 3026
(4, 12, 16) 1206
(7, 12, 13) 4691
(6, 13, 13) 3483
(7, 7, 18) 1499
(3, 14, 15) 687
(5, 11, 16) 1870
(3, 6, 23) 42
(5, 8, 19) 781
(4, 10, 18) 795
(5, 5, 22) 133
(1, 6, 25) 1
(1, 8, 23) 7
(4, 4, 24) 23
(2, 5, 25) 3
(10, 11, 11) 7345
(3, 8, 21) 149
(8, 8, 16) 3206
(4, 6, 22) 123
(5, 12, 15) 2149
(9, 11, 12) 6749
(1, 7, 24) 3
(3, 10, 19) 342
(5, 7, 20) 489
(5, 10, 17) 1514
(6, 9, 17) 1961
(5, 9, 18) 1133
(8, 10, 14) 5088
(6, 12, 14) 3370
(4, 14, 14) 1379
(8, 12, 12) 5910
(8, 9, 15) 4200
(0, 16, 16) 9
(6, 8, 18) 1404
(6, 6, 20) 536
(9, 10, 13) 6247
(3, 13, 16) 642
(2, 9, 21) 72
(1, 13, 18) 60
(2, 14, 16) 269
(2, 11, 19) 156
(2, 7, 23) 22
(3, 9, 20) 236
(3, 5, 24) 17
(1, 9, 22) 13
(6, 7, 19) 911
(2, 6, 24) 10
(0, 13, 19) 5
(7, 10, 15) 3773
(4, 13, 15) 1330
(4, 7, 21) 228
(2, 4, 26) 1
(7, 11, 14) 4362
(5, 13, 14) 2300
(1, 12, 19) 48
(8, 11, 13) 5683
(4, 8, 20) 382
(2, 10, 20) 113
(7, 9, 16) 3019
(1, 10, 21) 23
(4, 9, 19) 572
(3, 3, 26) 1
(1, 15, 16) 76
(2, 8, 22) 43
(0, 14, 18) 7
(3, 4, 25) 6
(6, 10, 16) 2539
(9, 9, 14) 5338
(4, 11, 17) 1011
(1, 11, 20) 35
(0, 12, 20) 4
(2, 15, 15) 277
(3, 11, 18) 454
(0, 15, 17) 8
(0, 11, 21) 2
(4, 5, 23) 56
(2, 13, 17) 240
(0, 10, 22) 1
(1, 14, 17) 70
(3, 7, 22) 84
(7, 8, 17) 2226
(10, 10, 12) 7069
(5, 6, 21) 274
(2, 12, 18) 203
(3, 12, 17) 560
