0 10 16 9
0 11 15 11
0 12 14 13
0 13 13 13
0 6 20 1
0 7 19 2
0 8 18 4
0 9 17 6
1 10 15 63
1 11 14 73
1 12 13 79
1 3 22 1
1 4 21 3
1 5 20 7
1 6 19 14
1 7 18 24
1 8 17 36
1 9 16 50
2 10 14 177
2 11 13 198
2 12 12 206
2 2 22 1
2 3 21 5
2 4 20 13
2 5 19 27
2 6 18 49
2 7 17 78
2 8 16 112
2 9 15 147
3 10 13 370
3 11 12 399
3 3 20 17
3 4 19 38
3 5 18 73
3 6 17 123
3 7 16 186
3 8 15 254
3 9 14 319
4 10 12 620
4 11 11 644
4 4 18 81
4 5 17 148
4 6 16 239
4 7 15 347
4 8 14 456
4 9 13 554
5 10 11 905
5 5 16 260
5 6 15 403
5 7 14 563
5 8 13 716
5 9 12 839
6 10 10 1168
6 6 14 601
6 7 13 812
6 8 12 996
6 9 11 1125
7 7 12 1058
7 8 11 1251
7 9 10 1360
8 8 10 1424
8 9 9 1491
