0 10 22 1
0 11 21 2
0 12 20 4
0 13 19 5
0 14 18 7
0 15 17 8
0 16 16 9
10 10 12 6873
10 11 11 7142
1 10 21 23
1 11 20 35
1 12 19 48
1 13 18 60
1 14 17 70
1 15 16 76
1 6 25 1
1 7 24 3
1 8 23 7
1 9 22 13
2 10 20 113
2 11 19 156
2 12 18 203
2 13 17 240
2 14 16 269
2 15 15 277
2 4 26 1
2 5 25 3
2 6 24 10
2 7 23 22
2 8 22 43
2 9 21 72
3 10 19 342
3 11 18 454
3 12 17 560
3 13 16 642
3 14 15 687
3 3 26 1
3 4 25 6
3 5 24 17
3 6 23 42
3 7 22 84
3 8 21 149
3 9 20 236
4 10 18 787
4 11 17 1002
4 12 16 1195
4 13 15 1319
4 14 14 1367
4 4 24 22
4 5 23 55
4 6 22 121
4 7 21 225
4 8 20 377
4 9 19 566
5 10 17 1494
5 11 16 1846
5 12 15 2122
5 13 14 2271
5 5 22 131
5 6 21 270
5 7 20 482
5 8 19 770
5 9 18 1118
6 10 16 2493
6 11 15 2973
6 12 14 3309
6 13 13 3421
6 6 20 527
6 7 19 896
6 8 18 1379
6 9 17 1927
7 10 15 3694
7 11 14 4269
7 12 13 4590
7 7 18 1472
7 8 17 2182
7 9 16 2958
8 10 14 4963
8 11 13 5543
8 12 12 5761
8 8 16 3134
8 9 15 4104
9 10 13 6085
9 11 12 6571
9 9 14 5207
