(8, 4, 13, 5) 8
(4, 8, 16, 2) 9
(6, 6, 6, 12) 0
(5, 7, 10, 8) 2
(7, 5, 5, 13) 0
(10, 2, 9, 9) 0
(6, 6, 14, 4) 27
(3, 9, 6, 12) 0
(4, 8, 5, 13) 0
(9, 3, 16, 2) 1
(8, 4, 15, 3) 9
(10, 2, 15, 3) 0
(4, 8, 15, 3) 9
(5, 7, 15, 3) 18
(9, 3, 12, 6) 1
(2, 10, 14, 4) 0
(3, 9, 10, 8) 0
(6, 6, 15, 3) 28
(5, 7, 13, 5) 16
(10, 2, 16, 2) 0
(2, 10, 17, 1) 0
(8, 4, 10, 8) 1
(7, 5, 4, 14) 0
(3, 9, 8, 10) 0
(6, 6, 13, 5) 24
(4, 8, 10, 8) 1
(2, 10, 7, 11) 0
(8, 4, 16, 2) 9
(6, 6, 17, 1) 28
(8, 4, 6, 12) 0
(5, 7, 16, 2) 18
(7, 5, 14, 4) 18
(9, 3, 11, 7) 0
(10, 2, 14, 4) 0
(7, 5, 17, 1) 18
(8, 4, 9, 9) 0
(4, 8, 8, 10) 0
(5, 7, 12, 6) 12
(7, 5, 18, 0) 18
(7, 5, 8, 10) 0
(2, 10, 18, 0) 0
(8, 4, 18, 0) 9
(3, 9, 7, 11) 0
(2, 10, 15, 3) 0
(4, 8, 4, 14) 0
(2, 10, 9, 9) 0
(2, 10, 8, 10) 0
(6, 6, 18, 0) 28
(6, 6, 7, 11) 0
(7, 5, 16, 2) 18
(7, 5, 15, 3) 18
(5, 7, 11, 7) 6
(7, 5, 9, 9) 0
(9, 3, 6, 12) 0
(5, 7, 17, 1) 18
(2, 10, 12, 6) 0
(6, 6, 12, 6) 18
(4, 8, 17, 1) 9
(3, 9, 17, 1) 1
(10, 2, 7, 11) 0
(6, 6, 9, 9) 1
(8, 4, 14, 4) 9
(9, 3, 17, 1) 1
(7, 5, 6, 12) 0
(10, 2, 8, 10) 0
(2, 10, 11, 7) 0
(3, 9, 18, 0) 1
(4, 8, 6, 12) 0
(5, 7, 5, 13) 0
(8, 4, 4, 14) 0
(2, 10, 13, 5) 0
(7, 5, 10, 8) 2
(9, 3, 7, 11) 0
(10, 2, 12, 6) 0
(2, 10, 10, 8) 0
(4, 8, 18, 0) 9
(4, 8, 7, 11) 0
(5, 7, 8, 10) 0
(6, 6, 3, 15) 0
(9, 3, 9, 9) 0
(2, 10, 16, 2) 0
(6, 6, 8, 10) 0
(9, 3, 18, 0) 1
(7, 5, 7, 11) 0
(10, 2, 11, 7) 0
(8, 4, 5, 13) 0
(4, 8, 11, 7) 3
(5, 7, 4, 14) 0
(9, 3, 14, 4) 1
(10, 2, 13, 5) 0
(6, 6, 16, 2) 28
(8, 4, 7, 11) 0
(6, 6, 10, 8) 4
(3, 9, 14, 4) 1
(4, 8, 9, 9) 0
(7, 5, 11, 7) 6
(4, 8, 13, 5) 8
(10, 2, 18, 0) 0
(5, 7, 6, 12) 0
(3, 9, 11, 7) 0
(8, 4, 8, 10) 0
(3, 9, 9, 9) 0
(5, 7, 7, 11) 0
(4, 8, 14, 4) 9
(9, 3, 10, 8) 0
(7, 5, 12, 6) 12
(5, 7, 9, 9) 0
(10, 2, 17, 1) 0
(3, 9, 12, 6) 1
(3, 9, 13, 5) 1
(8, 4, 17, 1) 9
(8, 4, 12, 6) 6
(5, 7, 18, 0) 18
(6, 6, 5, 13) 0
(9, 3, 8, 10) 0
(9, 3, 15, 3) 1
(10, 2, 10, 8) 0
(7, 5, 13, 5) 16
(3, 9, 16, 2) 1
(3, 9, 15, 3) 1
(5, 7, 14, 4) 18
(9, 3, 13, 5) 1
(6, 6, 4, 14) 0
(8, 4, 11, 7) 3
(6, 6, 11, 7) 10
(4, 8, 12, 6) 6