(4, 6, 5, 10) 6
(9, 1, 14, 1) 0
(2, 8, 14, 1) 1
(4, 6, 11, 4) 18
(1, 9, 11, 4) 0
(0, 10, 8, 7) 0
(6, 4, 9, 6) 18
(2, 8, 15, 0) 1
(5, 5, 10, 5) 28
(1, 9, 15, 0) 0
(3, 7, 15, 0) 9
(3, 7, 2, 13) 0
(8, 2, 6, 9) 1
(4, 6, 7, 8) 16
(3, 7, 4, 11) 1
(10, 0, 8, 7) 0
(4, 6, 8, 7) 18
(1, 9, 7, 8) 0
(3, 7, 7, 8) 8
(0, 10, 11, 4) 0
(5, 5, 9, 6) 28
(0, 10, 12, 3) 0
(5, 5, 8, 7) 27
(5, 5, 2, 13) 0
(3, 7, 5, 10) 3
(9, 1, 11, 4) 0
(2, 8, 11, 4) 1
(7, 3, 2, 13) 0
(8, 2, 4, 11) 0
(10, 0, 14, 1) 0
(6, 4, 4, 11) 2
(4, 6, 4, 11) 2
(9, 1, 5, 10) 0
(5, 5, 14, 1) 28
(0, 10, 10, 5) 0
(1, 9, 5, 10) 0
(1, 9, 4, 11) 0
(6, 4, 10, 5) 18
(9, 1, 8, 7) 0
(7, 3, 8, 7) 9
(6, 4, 7, 8) 16
(4, 6, 6, 9) 12
(9, 1, 7, 8) 0
(5, 5, 5, 10) 10
(8, 2, 12, 3) 1
(4, 6, 13, 2) 18
(1, 9, 8, 7) 0
(1, 9, 6, 9) 0
(10, 0, 10, 5) 0
(0, 10, 15, 0) 0
(3, 7, 12, 3) 9
(1, 9, 13, 2) 0
(6, 4, 1, 14) 0
(2, 8, 2, 13) 0
(3, 7, 9, 6) 9
(2, 8, 7, 8) 1
(8, 2, 10, 5) 1
(9, 1, 4, 11) 0
(2, 8, 4, 11) 0
(6, 4, 13, 2) 18
(0, 10, 9, 6) 0
(6, 4, 11, 4) 18
(7, 3, 7, 8) 8
(5, 5, 7, 8) 24
(7, 3, 4, 11) 1
(9, 1, 6, 9) 0
(5, 5, 1, 14) 0
(4, 6, 12, 3) 18
(9, 1, 13, 2) 0
(2, 8, 13, 2) 1
(3, 7, 14, 1) 9
(4, 6, 1, 14) 0
(1, 9, 12, 3) 0
(6, 4, 6, 9) 12
(0, 10, 6, 9) 0
(3, 7, 10, 5) 9
(1, 9, 3, 12) 0
(8, 2, 3, 12) 0
(4, 6, 10, 5) 18
(3, 7, 3, 12) 0
(5, 5, 4, 11) 4
(1, 9, 10, 5) 0
(6, 4, 12, 3) 18
(5, 5, 3, 12) 1
(7, 3, 9, 6) 9
(7, 3, 10, 5) 9
(10, 0, 6, 9) 0
(8, 2, 14, 1) 1
(5, 5, 11, 4) 28
(4, 6, 15, 0) 18
(6, 4, 14, 1) 18
(9, 1, 12, 3) 0
(2, 8, 12, 3) 1
(3, 7, 1, 14) 0
(7, 3, 11, 4) 9
(1, 9, 9, 6) 0
(0, 10, 14, 1) 0
(7, 3, 1, 14) 0
(10, 0, 7, 8) 0
(8, 2, 5, 10) 0
(4, 6, 3, 12) 0
(2, 8, 9, 6) 1
(9, 1, 10, 5) 0
(0, 10, 7, 8) 0
(2, 8, 6, 9) 1
(2, 8, 8, 7) 1
(5, 5, 15, 0) 28
(10, 0, 13, 2) 0
(6, 4, 15, 0) 18
(7, 3, 13, 2) 9
(6, 4, 2, 13) 0
(10, 0, 11, 4) 0
(6, 4, 5, 10) 6
(8, 2, 2, 13) 0
(2, 8, 10, 5) 1
(7, 3, 5, 10) 3
(10, 0, 12, 3) 0
(7, 3, 15, 0) 9
(4, 6, 14, 1) 18
(2, 8, 3, 12) 0
(8, 2, 9, 6) 1
(9, 1, 9, 6) 0
(5, 5, 13, 2) 28
(5, 5, 12, 3) 28
(7, 3, 3, 12) 0
(3, 7, 13, 2) 9
(1, 9, 14, 1) 0
(7, 3, 14, 1) 9
(8, 2, 15, 0) 1
(6, 4, 8, 7) 18
(4, 6, 9, 6) 18
(10, 0, 9, 6) 0
(7, 3, 6, 9) 6
(5, 5, 6, 9) 18
(3, 7, 11, 4) 9
(8, 2, 7, 8) 1
(3, 7, 6, 9) 6
(8, 2, 11, 4) 1
(9, 1, 3, 12) 0
(2, 8, 5, 10) 0
(0, 10, 13, 2) 0
(8, 2, 13, 2) 1
(7, 3, 12, 3) 9
(3, 7, 8, 7) 9
(6, 4, 3, 12) 0
(8, 2, 8, 7) 1
(4, 6, 2, 13) 0
(9, 1, 15, 0) 0
(10, 0, 15, 0) 0