(10, 6, 15, 9) 0
(5, 11, 18, 6) 0
(6, 10, 14, 10) 0
(6, 10, 15, 9) 0
(10, 6, 24, 0) 0
(12, 4, 23, 1) 0
(4, 12, 24, 0) 0
(9, 7, 11, 13) 0
(5, 11, 12, 12) 0
(6, 10, 23, 1) 0
(7, 9, 22, 2) 3
(4, 12, 21, 3) 0
(5, 11, 9, 15) 0
(4, 12, 19, 5) 0
(8, 8, 19, 5) 3
(8, 8, 12, 12) 0
(11, 5, 19, 5) 0
(8, 8, 18, 6) 3
(8, 8, 15, 9) 1
(9, 7, 22, 2) 3
(8, 8, 13, 11) 0
(11, 5, 10, 14) 0
(10, 6, 8, 16) 0
(9, 7, 20, 4) 3
(5, 11, 15, 9) 0
(9, 7, 9, 15) 0
(8, 8, 11, 13) 0
(7, 9, 14, 10) 0
(5, 11, 16, 8) 0
(9, 7, 10, 14) 0
(7, 9, 17, 7) 3
(10, 6, 21, 3) 0
(9, 7, 24, 0) 3
(4, 12, 20, 4) 0
(5, 11, 21, 3) 0
(11, 5, 16, 8) 0
(8, 8, 17, 7) 3
(9, 7, 17, 7) 3
(4, 12, 18, 6) 0
(4, 12, 15, 9) 0
(5, 11, 14, 10) 0
(7, 9, 24, 0) 3
(11, 5, 20, 4) 0
(8, 8, 10, 14) 0
(6, 10, 8, 16) 0
(12, 4, 24, 0) 0
(7, 9, 23, 1) 3
(4, 12, 13, 11) 0
(11, 5, 13, 11) 0
(8, 8, 22, 2) 3
(10, 6, 20, 4) 0
(5, 11, 17, 7) 0
(12, 4, 19, 5) 0
(8, 8, 20, 4) 3
(7, 9, 15, 9) 1
(10, 6, 19, 5) 0
(6, 10, 19, 5) 0
(8, 8, 16, 8) 2
(10, 6, 18, 6) 0
(6, 10, 11, 13) 0
(5, 11, 22, 2) 0
(9, 7, 14, 10) 0
(9, 7, 8, 16) 0
(6, 10, 9, 15) 0
(4, 12, 17, 7) 0
(4, 12, 14, 10) 0
(9, 7, 12, 12) 0
(11, 5, 17, 7) 0
(11, 5, 9, 15) 0
(6, 10, 18, 6) 0
(7, 9, 10, 14) 0
(7, 9, 16, 8) 2
(5, 11, 10, 14) 0
(7, 9, 12, 12) 0
(4, 12, 12, 12) 0
(5, 11, 19, 5) 0
(6, 10, 21, 3) 0
(8, 8, 23, 1) 3
(10, 6, 10, 14) 0
(12, 4, 20, 4) 0
(4, 12, 22, 2) 0
(6, 10, 20, 4) 0
(11, 5, 18, 6) 0
(7, 9, 21, 3) 3
(10, 6, 17, 7) 0
(12, 4, 18, 6) 0
(12, 4, 15, 9) 0
(4, 12, 16, 8) 0
(5, 11, 11, 13) 0
(7, 9, 9, 15) 0
(10, 6, 16, 8) 0
(10, 6, 11, 13) 0
(7, 9, 20, 4) 3
(9, 7, 21, 3) 3
(6, 10, 16, 8) 0
(7, 9, 18, 6) 3
(8, 8, 7, 17) 0
(8, 8, 24, 0) 3
(9, 7, 23, 1) 3
(12, 4, 13, 11) 0
(6, 10, 24, 0) 0
(9, 7, 15, 9) 1
(11, 5, 24, 0) 0
(12, 4, 14, 10) 0
(7, 9, 13, 11) 0
(10, 6, 22, 2) 0
(10, 6, 9, 15) 0
(4, 12, 23, 1) 0
(11, 5, 12, 12) 0
(11, 5, 15, 9) 0
(6, 10, 10, 14) 0
(12, 4, 17, 7) 0
(9, 7, 13, 11) 0
(5, 11, 20, 4) 0
(6, 10, 17, 7) 0
(7, 9, 7, 17) 0
(10, 6, 12, 12) 0
(9, 7, 16, 8) 2
(11, 5, 22, 2) 0
(5, 11, 13, 11) 0
(9, 7, 18, 6) 3
(6, 10, 13, 11) 0
(5, 11, 24, 0) 0
(10, 6, 14, 10) 0
(12, 4, 12, 12) 0
(9, 7, 7, 17) 0
(10, 6, 13, 11) 0
(11, 5, 14, 10) 0
(7, 9, 19, 5) 3
(7, 9, 8, 16) 0
(10, 6, 23, 1) 0
(12, 4, 22, 2) 0
(5, 11, 23, 1) 0
(6, 10, 22, 2) 0
(8, 8, 21, 3) 3
(12, 4, 21, 3) 0
(12, 4, 16, 8) 0
(9, 7, 19, 5) 3
(11, 5, 21, 3) 0
(6, 10, 12, 12) 0
(8, 8, 14, 10) 0
(11, 5, 23, 1) 0
(8, 8, 9, 15) 0
(8, 8, 8, 16) 0
(7, 9, 11, 13) 0
(11, 5, 11, 13) 0