(10, 6, 15, 9) 9
(3, 13, 10, 14) 0
(10, 6, 7, 17) 0
(4, 12, 9, 15) 0
(5, 11, 18, 6) 1
(11, 5, 7, 17) 0
(3, 13, 20, 4) 0
(10, 6, 24, 0) 9
(4, 12, 19, 5) 0
(12, 4, 23, 1) 0
(4, 12, 24, 0) 0
(9, 7, 11, 13) 6
(5, 11, 12, 12) 1
(6, 10, 23, 1) 9
(7, 9, 22, 2) 18
(3, 13, 13, 11) 0
(13, 3, 16, 8) 0
(13, 3, 20, 4) 0
(4, 12, 21, 3) 0
(8, 8, 19, 5) 28
(6, 10, 8, 16) 0
(11, 5, 19, 5) 1
(7, 9, 20, 4) 18
(8, 8, 15, 9) 28
(9, 7, 6, 18) 0
(12, 4, 11, 13) 0
(9, 7, 22, 2) 18
(13, 3, 13, 11) 0
(8, 8, 13, 11) 24
(9, 7, 7, 17) 0
(12, 4, 10, 14) 0
(11, 5, 10, 14) 0
(3, 13, 23, 1) 0
(10, 6, 8, 16) 0
(9, 7, 20, 4) 18
(6, 10, 6, 18) 0
(5, 11, 9, 15) 0
(8, 8, 22, 2) 28
(9, 7, 9, 15) 0
(8, 8, 11, 13) 10
(7, 9, 14, 10) 18
(3, 13, 16, 8) 0
(5, 11, 16, 8) 1
(9, 7, 5, 19) 0
(6, 10, 24, 0) 9
(7, 9, 23, 1) 18
(10, 6, 19, 5) 9
(9, 7, 24, 0) 18
(5, 11, 15, 9) 1
(4, 12, 10, 14) 0
(4, 12, 20, 4) 0
(5, 11, 21, 3) 1
(11, 5, 16, 8) 1
(8, 8, 17, 7) 28
(3, 13, 18, 6) 0
(13, 3, 17, 7) 0
(4, 12, 8, 16) 0
(9, 7, 17, 7) 18
(4, 12, 18, 6) 0
(4, 12, 12, 12) 0
(4, 12, 15, 9) 0
(4, 12, 13, 11) 0
(5, 11, 14, 10) 1
(3, 13, 12, 12) 0
(13, 3, 22, 2) 0
(6, 10, 7, 17) 0
(12, 4, 9, 15) 0
(13, 3, 18, 6) 0
(11, 5, 20, 4) 1
(6, 10, 18, 6) 9
(7, 9, 18, 6) 18
(3, 13, 11, 13) 0
(12, 4, 24, 0) 0
(7, 9, 17, 7) 18
(4, 12, 11, 13) 0
(11, 5, 13, 11) 1
(3, 13, 24, 0) 0
(10, 6, 20, 4) 9
(5, 11, 23, 1) 1
(12, 4, 19, 5) 0
(8, 8, 20, 4) 28
(13, 3, 11, 13) 0
(7, 9, 15, 9) 18
(10, 6, 21, 3) 9
(6, 10, 14, 10) 9
(6, 10, 21, 3) 9
(8, 8, 16, 8) 28
(3, 13, 9, 15) 0
(10, 6, 18, 6) 9
(5, 11, 22, 2) 1
(9, 7, 8, 16) 0
(6, 10, 15, 9) 9
(4, 12, 17, 7) 0
(4, 12, 14, 10) 0
(4, 12, 22, 2) 0
(11, 5, 17, 7) 1
(11, 5, 9, 15) 0
(8, 8, 5, 19) 0
(7, 9, 10, 14) 2
(10, 6, 14, 10) 9
(12, 4, 8, 16) 0
(13, 3, 9, 15) 0
(10, 6, 11, 13) 3
(5, 11, 10, 14) 0
(3, 13, 21, 3) 0
(7, 9, 12, 12) 12
(9, 7, 14, 10) 18
(5, 11, 19, 5) 1
(6, 10, 19, 5) 9
(8, 8, 23, 1) 28
(3, 13, 14, 10) 0
(10, 6, 10, 14) 1
(7, 9, 16, 8) 18
(11, 5, 6, 18) 0
(13, 3, 21, 3) 0
(9, 7, 12, 12) 12
(6, 10, 20, 4) 9
(11, 5, 8, 16) 0
(7, 9, 21, 3) 18
(3, 13, 15, 9) 0
(10, 6, 17, 7) 9
(12, 4, 18, 6) 0
(9, 7, 10, 14) 2
(12, 4, 15, 9) 0
(13, 3, 14, 10) 0
(5, 11, 11, 13) 0
(7, 9, 6, 18) 0
(7, 9, 9, 15) 0
(10, 6, 16, 8) 9
(10, 6, 13, 11) 8
(8, 8, 18, 6) 28
(5, 11, 6, 18) 0
(9, 7, 21, 3) 18
(9, 7, 13, 11) 16
(6, 10, 16, 8) 9
(8, 8, 7, 17) 0
(12, 4, 7, 17) 0
(5, 11, 20, 4) 1
(8, 8, 24, 0) 28
(6, 10, 13, 11) 8
(9, 7, 23, 1) 18
(12, 4, 13, 11) 0
(4, 12, 16, 8) 0
(9, 7, 15, 9) 18
(5, 11, 8, 16) 0
(8, 8, 14, 10) 27
(7, 9, 13, 11) 16
(10, 6, 22, 2) 9
(10, 6, 9, 15) 0
(7, 9, 8, 16) 0
(11, 5, 24, 0) 1
(4, 12, 23, 1) 0
(11, 5, 12, 12) 1
(11, 5, 15, 9) 1
(6, 10, 10, 14) 1
(12, 4, 17, 7) 0
(13, 3, 24, 0) 0
(5, 11, 7, 17) 0
(6, 10, 17, 7) 9
(3, 13, 19, 5) 0
(4, 12, 7, 17) 0
(10, 6, 5, 19) 0
(10, 6, 12, 12) 6
(9, 7, 16, 8) 18
(6, 10, 12, 12) 6
(11, 5, 22, 2) 1
(5, 11, 13, 11) 1
(9, 7, 18, 6) 18
(8, 8, 9, 15) 1
(5, 11, 24, 0) 1
(7, 9, 24, 0) 18
(10, 6, 6, 18) 0
(12, 4, 12, 12) 0
(13, 3, 19, 5) 0
(11, 5, 18, 6) 1
(11, 5, 14, 10) 1
(7, 9, 19, 5) 18
(13, 3, 23, 1) 0
(10, 6, 23, 1) 9
(8, 8, 12, 12) 18
(6, 10, 9, 15) 0
(13, 3, 10, 14) 0
(5, 11, 17, 7) 1
(7, 9, 5, 19) 0
(3, 13, 17, 7) 0
(8, 8, 21, 3) 28
(6, 10, 22, 2) 9
(12, 4, 20, 4) 0
(12, 4, 21, 3) 0
(12, 4, 16, 8) 0
(9, 7, 19, 5) 18
(8, 8, 10, 14) 4
(11, 5, 21, 3) 1
(3, 13, 22, 2) 0
(8, 8, 6, 18) 0
(12, 4, 14, 10) 0
(13, 3, 12, 12) 0
(13, 3, 15, 9) 0
(11, 5, 23, 1) 1
(12, 4, 22, 2) 0
(6, 10, 11, 13) 3
(7, 9, 7, 17) 0
(6, 10, 5, 19) 0
(8, 8, 8, 16) 0
(7, 9, 11, 13) 6
(11, 5, 11, 13) 0