(10, 8, 10, 17) 0
(9, 9, 11, 16) 0
(12, 6, 19, 8) 0
(9, 9, 25, 2) 1
(7, 11, 17, 10) 0
(6, 12, 12, 15) 0
(8, 10, 24, 3) 0
(7, 11, 14, 13) 0
(9, 9, 10, 17) 0
(11, 7, 27, 0) 0
(10, 8, 22, 5) 0
(8, 10, 15, 12) 0
(11, 7, 23, 4) 0
(11, 7, 12, 15) 0
(9, 9, 9, 18) 0
(7, 11, 19, 8) 0
(6, 12, 24, 3) 0
(7, 11, 26, 1) 0
(10, 8, 20, 7) 0
(7, 11, 13, 14) 0
(9, 9, 23, 4) 1
(9, 9, 19, 8) 1
(9, 9, 12, 15) 0
(12, 6, 17, 10) 0
(8, 10, 10, 17) 0
(7, 11, 16, 11) 0
(8, 10, 19, 8) 0
(8, 10, 25, 2) 0
(8, 10, 27, 0) 0
(7, 11, 15, 12) 0
(11, 7, 25, 2) 0
(7, 11, 20, 7) 0
(10, 8, 11, 16) 0
(9, 9, 14, 13) 0
(6, 12, 22, 5) 0
(12, 6, 23, 4) 0
(6, 12, 27, 0) 0
(7, 11, 25, 2) 0
(11, 7, 22, 5) 0
(6, 12, 18, 9) 0
(8, 10, 16, 11) 0
(9, 9, 18, 9) 1
(8, 10, 14, 13) 0
(9, 9, 13, 14) 0
(6, 12, 21, 6) 0
(12, 6, 14, 13) 0
(10, 8, 17, 10) 0
(8, 10, 26, 1) 0
(7, 11, 12, 15) 0
(9, 9, 24, 3) 1
(6, 12, 23, 4) 0
(10, 8, 18, 9) 0
(9, 9, 15, 12) 0
(11, 7, 15, 12) 0
(8, 10, 21, 6) 0
(12, 6, 18, 9) 0
(11, 7, 26, 1) 0
(6, 12, 26, 1) 0
(11, 7, 11, 16) 0
(7, 11, 24, 3) 0
(7, 11, 10, 17) 0
(10, 8, 24, 3) 0
(10, 8, 19, 8) 0
(11, 7, 20, 7) 0
(10, 8, 15, 12) 0
(12, 6, 24, 3) 0
(12, 6, 15, 12) 0
(8, 10, 17, 10) 0
(9, 9, 27, 0) 1
(10, 8, 21, 6) 0
(11, 7, 13, 14) 0
(11, 7, 19, 8) 0
(7, 11, 22, 5) 0
(6, 12, 17, 10) 0
(9, 9, 22, 5) 1
(7, 11, 27, 0) 0
(7, 11, 23, 4) 0
(6, 12, 14, 13) 0
(10, 8, 27, 0) 0
(12, 6, 22, 5) 0
(9, 9, 16, 11) 0
(6, 12, 13, 14) 0
(10, 8, 12, 15) 0
(12, 6, 27, 0) 0
(6, 12, 19, 8) 0
(7, 11, 21, 6) 0
(7, 11, 18, 9) 0
(9, 9, 20, 7) 1
(12, 6, 20, 7) 0
(9, 9, 26, 1) 1
(8, 10, 23, 4) 0
(11, 7, 16, 11) 0
(9, 9, 21, 6) 1
(8, 10, 12, 15) 0
(11, 7, 18, 9) 0
(12, 6, 16, 11) 0
(11, 7, 14, 13) 0
(10, 8, 23, 4) 0
(6, 12, 16, 11) 0
(10, 8, 14, 13) 0
(7, 11, 11, 16) 0
(9, 9, 17, 10) 0
(10, 8, 16, 11) 0
(8, 10, 11, 16) 0
(6, 12, 15, 12) 0
(10, 8, 26, 1) 0
(12, 6, 25, 2) 0
(11, 7, 24, 3) 0
(10, 8, 13, 14) 0
(8, 10, 22, 5) 0
(12, 6, 12, 15) 0
(12, 6, 26, 1) 0
(6, 12, 20, 7) 0
(11, 7, 17, 10) 0
(12, 6, 21, 6) 0
(6, 12, 25, 2) 0
(11, 7, 10, 17) 0
(8, 10, 18, 9) 0
(12, 6, 13, 14) 0
(8, 10, 20, 7) 0
(11, 7, 21, 6) 0
(10, 8, 25, 2) 0
(8, 10, 13, 14) 0