(4, 14, 12, 15) 0
(9, 9, 23, 4) 12
(12, 6, 19, 8) 0
(14, 4, 15, 12) 0
(6, 12, 9, 18) 0
(7, 11, 17, 10) 3
(6, 12, 16, 11) 0
(6, 12, 12, 15) 0
(8, 10, 24, 3) 9
(7, 11, 27, 0) 3
(7, 11, 14, 13) 2
(7, 11, 18, 9) 3
(9, 9, 10, 17) 0
(11, 7, 27, 0) 3
(11, 7, 8, 19) 0
(5, 13, 19, 8) 0
(8, 10, 25, 2) 9
(4, 14, 14, 13) 0
(9, 9, 18, 9) 12
(11, 7, 12, 15) 0
(9, 9, 9, 18) 0
(5, 13, 10, 17) 0
(6, 12, 14, 13) 0
(6, 12, 8, 19) 0
(13, 5, 27, 0) 0
(7, 11, 19, 8) 3
(6, 12, 24, 3) 0
(8, 10, 14, 13) 6
(13, 5, 20, 7) 0
(5, 13, 11, 16) 0
(6, 12, 13, 14) 0
(7, 11, 8, 19) 0
(10, 8, 27, 0) 9
(10, 8, 20, 7) 9
(4, 14, 18, 9) 0
(9, 9, 11, 16) 0
(10, 8, 25, 2) 9
(8, 10, 19, 8) 9
(7, 11, 20, 7) 3
(5, 13, 22, 5) 0
(6, 12, 11, 16) 0
(4, 14, 13, 14) 0
(4, 14, 24, 3) 0
(9, 9, 12, 15) 1
(13, 5, 11, 16) 0
(14, 4, 12, 15) 0
(13, 5, 16, 11) 0
(5, 13, 18, 9) 0
(7, 11, 16, 11) 3
(14, 4, 21, 6) 0
(13, 5, 13, 14) 0
(8, 10, 27, 0) 9
(7, 11, 11, 16) 0
(9, 9, 16, 11) 12
(12, 6, 11, 16) 0
(8, 10, 20, 7) 9
(6, 12, 10, 17) 0
(4, 14, 15, 12) 0
(9, 9, 14, 13) 8
(5, 13, 12, 15) 0
(6, 12, 22, 5) 0
(9, 9, 19, 8) 12
(13, 5, 26, 1) 0
(12, 6, 23, 4) 0
(6, 12, 20, 7) 0
(11, 7, 10, 17) 0
(6, 12, 27, 0) 0
(13, 5, 9, 18) 0
(8, 10, 12, 15) 1
(12, 6, 12, 15) 0
(11, 7, 24, 3) 3
(14, 4, 26, 1) 0
(12, 6, 9, 18) 0
(8, 10, 16, 11) 9
(5, 13, 26, 1) 0
(11, 7, 23, 4) 3
(4, 14, 25, 2) 0
(5, 13, 23, 4) 0
(5, 13, 21, 6) 0
(10, 8, 13, 14) 3
(9, 9, 13, 14) 4
(6, 12, 21, 6) 0
(9, 9, 7, 20) 0
(13, 5, 19, 8) 0
(12, 6, 14, 13) 0
(8, 10, 17, 10) 9
(8, 10, 26, 1) 9
(7, 11, 12, 15) 0
(9, 9, 24, 3) 12
(5, 13, 24, 3) 0
(7, 11, 15, 12) 3
(10, 8, 10, 17) 0
(4, 14, 20, 7) 0
(8, 10, 15, 12) 8
(8, 10, 11, 16) 0
(5, 13, 14, 13) 0
(11, 7, 15, 12) 3
(8, 10, 21, 6) 9
(11, 7, 7, 20) 0
(9, 9, 25, 2) 12
(6, 12, 26, 1) 0
(13, 5, 22, 5) 0
(11, 7, 11, 16) 0
(11, 7, 26, 1) 3
(7, 11, 24, 3) 3
(9, 9, 17, 10) 12
(14, 4, 17, 10) 0
(7, 11, 10, 17) 0
(10, 8, 22, 5) 9
(4, 14, 16, 11) 0
(10, 8, 19, 8) 9
(11, 7, 20, 7) 3
(8, 10, 9, 18) 0
(8, 10, 10, 17) 0
(10, 8, 11, 16) 0
(12, 6, 24, 3) 0
(5, 13, 13, 14) 0
(8, 10, 22, 5) 9
(14, 4, 18, 9) 0
(12, 6, 15, 12) 0
(14, 4, 23, 4) 0
(10, 8, 7, 20) 0
(10, 8, 24, 3) 9
(12, 6, 13, 14) 0
(4, 14, 26, 1) 0
(12, 6, 17, 10) 0
(9, 9, 27, 0) 12
(10, 8, 21, 6) 9
(14, 4, 19, 8) 0
(11, 7, 13, 14) 1
(4, 14, 21, 6) 0
(11, 7, 19, 8) 3
(5, 13, 15, 12) 0
(6, 12, 25, 2) 0
(7, 11, 22, 5) 3
(6, 12, 17, 10) 0
(13, 5, 23, 4) 0
(7, 11, 7, 20) 0
(10, 8, 17, 10) 9
(14, 4, 16, 11) 0
(13, 5, 12, 15) 0
(12, 6, 22, 5) 0
(9, 9, 15, 12) 11
(4, 14, 19, 8) 0
(11, 7, 25, 2) 3
(9, 9, 26, 1) 12
(10, 8, 12, 15) 1
(4, 14, 17, 10) 0
(12, 6, 27, 0) 0
(6, 12, 23, 4) 0
(10, 8, 9, 18) 0
(13, 5, 25, 2) 0
(7, 11, 21, 6) 3
(7, 11, 23, 4) 3
(10, 8, 16, 11) 9
(14, 4, 20, 7) 0
(13, 5, 14, 13) 0
(9, 9, 20, 7) 12
(12, 6, 20, 7) 0
(8, 10, 18, 9) 9
(14, 4, 25, 2) 0
(12, 6, 8, 19) 0
(8, 10, 23, 4) 9
(12, 6, 10, 17) 0
(8, 10, 13, 14) 3
(4, 14, 22, 5) 0
(11, 7, 16, 11) 3
(9, 9, 21, 6) 12
(5, 13, 20, 7) 0
(10, 8, 8, 19) 0
(11, 7, 18, 9) 3
(12, 6, 16, 11) 0
(11, 7, 14, 13) 2
(12, 6, 18, 9) 0
(14, 4, 14, 13) 0
(8, 10, 7, 20) 0
(10, 8, 14, 13) 6
(9, 9, 22, 5) 12
(13, 5, 18, 9) 0
(13, 5, 21, 6) 0
(7, 11, 26, 1) 3
(13, 5, 10, 17) 0
(6, 12, 15, 12) 0
(6, 12, 19, 8) 0
(10, 8, 26, 1) 9
(12, 6, 25, 2) 0
(10, 8, 18, 9) 9
(7, 11, 9, 18) 0
(11, 7, 22, 5) 3
(5, 13, 16, 11) 0
(10, 8, 15, 12) 8
(7, 11, 25, 2) 3
(5, 13, 27, 0) 0
(12, 6, 26, 1) 0
(6, 12, 18, 9) 0
(13, 5, 24, 3) 0
(11, 7, 21, 6) 3
(12, 6, 21, 6) 0
(4, 14, 27, 0) 0
(9, 9, 8, 19) 0
(14, 4, 13, 14) 0
(14, 4, 27, 0) 0
(13, 5, 17, 10) 0
(13, 5, 15, 12) 0
(14, 4, 22, 5) 0
(7, 11, 13, 14) 1
(14, 4, 24, 3) 0
(5, 13, 25, 2) 0
(10, 8, 23, 4) 9
(5, 13, 9, 18) 0
(4, 14, 23, 4) 0
(11, 7, 17, 10) 3
(8, 10, 8, 19) 0
(11, 7, 9, 18) 0
(5, 13, 17, 10) 0