(10, 2, 6, 12) 0
(8, 4, 13, 5) 12
(4, 8, 16, 2) 12
(6, 6, 6, 12) 5
(5, 7, 10, 8) 29
(7, 5, 5, 13) 1
(10, 2, 9, 9) 0
(6, 6, 8, 10) 23
(3, 9, 6, 12) 0
(4, 8, 5, 13) 0
(9, 3, 16, 2) 3
(10, 2, 4, 14) 0
(1, 11, 17, 1) 0
(11, 1, 14, 4) 0
(4, 8, 15, 3) 12
(5, 7, 15, 3) 30
(4, 8, 4, 14) 0
(9, 3, 12, 6) 3
(1, 11, 11, 7) 0
(2, 10, 14, 4) 0
(3, 9, 12, 6) 3
(5, 7, 13, 5) 30
(10, 2, 16, 2) 0
(2, 10, 17, 1) 0
(8, 4, 10, 8) 12
(4, 8, 3, 15) 0
(7, 5, 4, 14) 0
(3, 9, 8, 10) 2
(3, 9, 7, 11) 1
(4, 8, 2, 16) 0
(7, 5, 2, 16) 0
(1, 11, 18, 0) 0
(6, 6, 17, 1) 36
(8, 4, 6, 12) 1
(5, 7, 16, 2) 30
(7, 5, 14, 4) 30
(9, 3, 11, 7) 3
(10, 2, 14, 4) 0
(7, 5, 17, 1) 30
(11, 1, 9, 9) 0
(3, 9, 11, 7) 3
(4, 8, 14, 4) 12
(5, 7, 12, 6) 30
(7, 5, 18, 0) 30
(7, 5, 8, 10) 19
(1, 11, 6, 12) 0
(2, 10, 5, 13) 0
(8, 4, 18, 0) 12
(2, 10, 18, 0) 0
(8, 4, 15, 3) 12
(6, 6, 4, 14) 0
(7, 5, 7, 11) 11
(7, 5, 3, 15) 0
(2, 10, 7, 11) 0
(11, 1, 6, 12) 0
(2, 10, 9, 9) 0
(7, 5, 6, 12) 4
(10, 2, 11, 7) 0
(9, 3, 5, 13) 0
(2, 10, 8, 10) 0
(8, 4, 16, 2) 12
(6, 6, 7, 11) 13
(7, 5, 16, 2) 30
(7, 5, 15, 3) 30
(11, 1, 10, 8) 0
(5, 7, 2, 16) 0
(5, 7, 11, 7) 30
(1, 11, 16, 2) 0
(7, 5, 9, 9) 26
(9, 3, 6, 12) 0
(1, 11, 7, 11) 0
(2, 10, 12, 6) 0
(6, 6, 12, 6) 36
(4, 8, 17, 1) 12
(11, 1, 16, 2) 0
(3, 9, 17, 1) 3
(1, 11, 9, 9) 0
(11, 1, 8, 10) 0
(11, 1, 7, 11) 0
(8, 4, 14, 4) 12
(3, 9, 5, 13) 0
(10, 2, 15, 3) 0
(9, 3, 17, 1) 3
(9, 3, 4, 14) 0
(6, 6, 18, 0) 36
(10, 2, 8, 10) 0
(2, 10, 11, 7) 0
(3, 9, 18, 0) 3
(4, 8, 6, 12) 1
(5, 7, 5, 13) 1
(8, 4, 4, 14) 0
(1, 11, 14, 4) 0
(2, 10, 13, 5) 0
(5, 7, 3, 15) 0
(1, 11, 15, 3) 0
(7, 5, 10, 8) 29
(9, 3, 7, 11) 1
(10, 2, 12, 6) 0
(2, 10, 10, 8) 0
(10, 2, 7, 11) 0
(3, 9, 15, 3) 3
(4, 8, 18, 0) 12
(4, 8, 7, 11) 4
(5, 7, 6, 12) 4
(6, 6, 3, 15) 0
(6, 6, 14, 4) 36
(7, 5, 12, 6) 30
(7, 5, 13, 5) 30
(1, 11, 10, 8) 0
(11, 1, 11, 7) 0
(2, 10, 16, 2) 0
(4, 8, 12, 6) 12
(8, 4, 3, 15) 0
(6, 6, 13, 5) 36
(3, 9, 4, 14) 0
(9, 3, 18, 0) 3
(9, 3, 3, 15) 0
(11, 1, 17, 1) 0
(11, 1, 12, 6) 0
(11, 1, 13, 5) 0
(5, 7, 17, 1) 30
(5, 7, 4, 14) 0
(6, 6, 9, 9) 31
(9, 3, 14, 4) 3
(10, 2, 13, 5) 0
(6, 6, 16, 2) 36
(8, 4, 7, 11) 4
(6, 6, 10, 8) 35
(3, 9, 14, 4) 3
(1, 11, 8, 10) 0
(8, 4, 5, 13) 0
(4, 8, 13, 5) 12
(10, 2, 18, 0) 0
(1, 11, 13, 5) 0
(8, 4, 9, 9) 11
(8, 4, 8, 10) 8
(3, 9, 9, 9) 3
(5, 7, 7, 11) 11
(5, 7, 8, 10) 19
(4, 8, 8, 10) 8
(9, 3, 10, 8) 3
(9, 3, 9, 9) 3
(11, 1, 15, 3) 0
(2, 10, 6, 12) 0
(3, 9, 10, 8) 3
(6, 6, 15, 3) 36
(2, 10, 4, 14) 0
(3, 9, 3, 15) 0
(4, 8, 9, 9) 11
(5, 7, 9, 9) 26
(10, 2, 17, 1) 0
(3, 9, 13, 5) 3
(11, 1, 18, 0) 0
(8, 4, 17, 1) 12
(8, 4, 12, 6) 12
(5, 7, 18, 0) 30
(6, 6, 5, 13) 1
(9, 3, 8, 10) 2
(9, 3, 15, 3) 3
(10, 2, 10, 8) 0
(2, 10, 15, 3) 0
(3, 9, 16, 2) 3
(10, 2, 5, 13) 0
(5, 7, 14, 4) 30
(9, 3, 13, 5) 3
(1, 11, 12, 6) 0
(4, 8, 11, 7) 12
(6, 6, 2, 16) 0
(7, 5, 11, 7) 30
(8, 4, 11, 7) 12
(6, 6, 11, 7) 36
(8, 4, 2, 16) 0
(4, 8, 10, 8) 12