(12, 8, 12, 18) 0
(6, 14, 23, 7) 0
(8, 12, 10, 20) 0
(9, 11, 29, 1) 3
(13, 7, 10, 20) 0
(6, 14, 16, 14) 0
(8, 12, 27, 3) 0
(13, 7, 28, 2) 0
(12, 8, 22, 8) 0
(7, 13, 16, 14) 0
(7, 13, 27, 3) 0
(6, 14, 21, 9) 0
(10, 10, 19, 11) 3
(11, 9, 22, 8) 3
(12, 8, 23, 7) 0
(12, 8, 21, 9) 0
(6, 14, 14, 16) 0
(13, 7, 13, 17) 0
(6, 14, 22, 8) 0
(9, 11, 18, 12) 3
(7, 13, 23, 7) 0
(9, 11, 12, 18) 0
(12, 8, 30, 0) 0
(6, 14, 19, 11) 0
(12, 8, 11, 19) 0
(12, 8, 29, 1) 0
(11, 9, 20, 10) 3
(12, 8, 24, 6) 0
(8, 12, 11, 19) 0
(9, 11, 30, 0) 3
(10, 10, 29, 1) 3
(7, 13, 26, 4) 0
(11, 9, 29, 1) 3
(11, 9, 10, 20) 0
(13, 7, 18, 12) 0
(14, 6, 12, 18) 0
(13, 7, 27, 3) 0
(6, 14, 17, 13) 0
(8, 12, 24, 6) 0
(6, 14, 15, 15) 0
(11, 9, 26, 4) 3
(9, 11, 28, 2) 3
(6, 14, 18, 12) 0
(9, 11, 24, 6) 3
(9, 11, 19, 11) 3
(10, 10, 20, 10) 3
(11, 9, 17, 13) 3
(11, 9, 12, 18) 0
(14, 6, 25, 5) 0
(9, 11, 25, 5) 3
(10, 10, 25, 5) 3
(14, 6, 17, 13) 0
(9, 11, 14, 16) 0
(11, 9, 19, 11) 3
(6, 14, 28, 2) 0
(8, 12, 19, 11) 0
(13, 7, 16, 14) 0
(13, 7, 15, 15) 0
(10, 10, 9, 21) 0
(7, 13, 20, 10) 0
(8, 12, 21, 9) 0
(10, 10, 30, 0) 3
(10, 10, 15, 15) 1
(11, 9, 30, 0) 3
(14, 6, 21, 9) 0
(12, 8, 10, 20) 0
(10, 10, 26, 4) 3
(7, 13, 29, 1) 0
(7, 13, 10, 20) 0
(10, 10, 17, 13) 3
(6, 14, 24, 6) 0
(6, 14, 27, 3) 0
(13, 7, 26, 4) 0
(6, 14, 25, 5) 0
(7, 13, 28, 2) 0
(10, 10, 23, 7) 3
(6, 14, 26, 4) 0
(7, 13, 15, 15) 0
(11, 9, 24, 6) 3
(12, 8, 17, 13) 0
(12, 8, 26, 4) 0
(14, 6, 24, 6) 0
(14, 6, 27, 3) 0
(10, 10, 14, 16) 0
(8, 12, 25, 5) 0
(9, 11, 22, 8) 3
(10, 10, 21, 9) 3
(8, 12, 26, 4) 0
(10, 10, 11, 19) 0
(14, 6, 26, 4) 0
(7, 13, 19, 11) 0
(9, 11, 21, 9) 3
(13, 7, 11, 19) 0
(13, 7, 12, 18) 0
(14, 6, 13, 17) 0
(12, 8, 18, 12) 0
(13, 7, 29, 1) 0
(8, 12, 22, 8) 0
(11, 9, 13, 17) 0
(7, 13, 30, 0) 0
(10, 10, 16, 14) 2
(11, 9, 25, 5) 3
(8, 12, 20, 10) 0
(7, 13, 22, 8) 0
(8, 12, 30, 0) 0
(13, 7, 23, 7) 0
(11, 9, 23, 7) 3
(12, 8, 16, 14) 0
(8, 12, 15, 15) 0
(13, 7, 20, 10) 0
(8, 12, 29, 1) 0
(7, 13, 24, 6) 0
(9, 11, 20, 10) 3
(10, 10, 22, 8) 3
(11, 9, 21, 9) 3
(14, 6, 15, 15) 0
(14, 6, 29, 1) 0
(12, 8, 14, 16) 0
(9, 11, 23, 7) 3
(14, 6, 20, 10) 0
(9, 11, 17, 13) 3
(12, 8, 27, 3) 0
(14, 6, 14, 16) 0
(12, 8, 19, 11) 0
(13, 7, 30, 0) 0
(8, 12, 18, 12) 0
(9, 11, 27, 3) 3
(10, 10, 28, 2) 3
(9, 11, 11, 19) 0
(11, 9, 28, 2) 3
(11, 9, 15, 15) 1
(8, 12, 16, 14) 0
(7, 13, 12, 18) 0
(8, 12, 28, 2) 0
(7, 13, 11, 19) 0
(10, 10, 13, 17) 0
(10, 10, 10, 20) 0
(7, 13, 17, 13) 0
(13, 7, 21, 9) 0
(13, 7, 24, 6) 0
(13, 7, 19, 11) 0
(9, 11, 13, 17) 0
(6, 14, 29, 1) 0
(11, 9, 11, 19) 0
(9, 11, 10, 20) 0
(10, 10, 27, 3) 3
(11, 9, 18, 12) 3
(14, 6, 30, 0) 0
(14, 6, 18, 12) 0
(12, 8, 15, 15) 0
(7, 13, 14, 16) 0
(14, 6, 16, 14) 0
(7, 13, 21, 9) 0
(9, 11, 16, 14) 2
(9, 11, 15, 15) 1
(10, 10, 12, 18) 0
(8, 12, 17, 13) 0
(14, 6, 22, 8) 0
(13, 7, 14, 16) 0
(14, 6, 23, 7) 0
(11, 9, 16, 14) 2
(11, 9, 27, 3) 3
(12, 8, 28, 2) 0
(13, 7, 25, 5) 0
(8, 12, 12, 18) 0
(12, 8, 20, 10) 0
(6, 14, 12, 18) 0
(9, 11, 26, 4) 3
(12, 8, 13, 17) 0
(6, 14, 20, 10) 0
(10, 10, 18, 12) 3
(8, 12, 23, 7) 0
(11, 9, 14, 16) 0
(6, 14, 13, 17) 0
(11, 9, 9, 21) 0
(9, 11, 9, 21) 0
(7, 13, 25, 5) 0
(8, 12, 14, 16) 0
(6, 14, 30, 0) 0
(14, 6, 19, 11) 0
(13, 7, 22, 8) 0
(13, 7, 17, 13) 0
(7, 13, 18, 12) 0
(14, 6, 28, 2) 0
(10, 10, 24, 6) 3
(8, 12, 13, 17) 0
(7, 13, 13, 17) 0
(12, 8, 25, 5) 0