(4, 6, 5, 10) 0
(9, 1, 14, 1) 0
(2, 8, 14, 1) 3
(4, 6, 11, 4) 26
(1, 9, 11, 4) 0
(3, 7, 9, 6) 4
(6, 4, 7, 8) 1
(5, 5, 10, 5) 23
(1, 9, 15, 0) 0
(3, 7, 15, 0) 12
(8, 2, 6, 9) 0
(4, 6, 7, 8) 1
(5, 5, 3, 12) 0
(4, 6, 4, 11) 0
(1, 9, 7, 8) 0
(5, 5, 9, 6) 13
(2, 8, 9, 6) 1
(5, 5, 8, 7) 5
(5, 5, 2, 13) 0
(3, 7, 5, 10) 0
(1, 9, 9, 6) 0
(3, 7, 8, 7) 1
(6, 4, 8, 7) 4
(4, 6, 8, 7) 4
(9, 1, 11, 4) 0
(3, 7, 11, 4) 11
(5, 5, 14, 1) 36
(1, 9, 8, 7) 0
(6, 4, 10, 5) 19
(3, 7, 14, 1) 12
(7, 3, 8, 7) 1
(6, 4, 9, 6) 11
(4, 6, 6, 9) 0
(9, 1, 7, 8) 0
(5, 5, 5, 10) 0
(8, 2, 12, 3) 3
(7, 3, 13, 2) 12
(4, 6, 13, 2) 30
(1, 9, 6, 9) 0
(5, 5, 12, 3) 35
(2, 8, 10, 5) 2
(3, 7, 12, 3) 12
(1, 9, 13, 2) 0
(7, 3, 5, 10) 0
(2, 8, 7, 8) 0
(8, 2, 10, 5) 2
(9, 1, 8, 7) 0
(2, 8, 4, 11) 0
(7, 3, 15, 0) 12
(6, 4, 13, 2) 30
(6, 4, 11, 4) 26
(7, 3, 9, 6) 4
(7, 3, 4, 11) 0
(9, 1, 6, 9) 0
(5, 5, 7, 8) 1
(4, 6, 12, 3) 29
(9, 1, 13, 2) 0
(2, 8, 11, 4) 3
(1, 9, 12, 3) 0
(6, 4, 6, 9) 0
(7, 3, 7, 8) 0
(3, 7, 10, 5) 8
(4, 6, 10, 5) 19
(3, 7, 3, 12) 0
(5, 5, 4, 11) 0
(1, 9, 10, 5) 0
(6, 4, 12, 3) 29
(3, 7, 4, 11) 0
(7, 3, 10, 5) 8
(5, 5, 6, 9) 0
(5, 5, 11, 4) 31
(4, 6, 15, 0) 30
(6, 4, 14, 1) 30
(9, 1, 12, 3) 0
(5, 5, 13, 2) 36
(7, 3, 11, 4) 11
(3, 7, 6, 9) 0
(3, 7, 13, 2) 12
(4, 6, 3, 12) 0
(9, 1, 10, 5) 0
(2, 8, 6, 9) 0
(5, 5, 15, 0) 36
(6, 4, 15, 0) 30
(3, 7, 7, 8) 0
(6, 4, 2, 13) 0
(6, 4, 5, 10) 0
(8, 2, 5, 10) 0
(8, 2, 14, 1) 3
(4, 6, 14, 1) 30
(8, 2, 9, 6) 1
(9, 1, 9, 6) 0
(2, 8, 15, 0) 3
(7, 3, 3, 12) 0
(1, 9, 14, 1) 0
(7, 3, 14, 1) 12
(8, 2, 15, 0) 3
(6, 4, 4, 11) 0
(4, 6, 9, 6) 11
(7, 3, 6, 9) 0
(2, 8, 13, 2) 3
(8, 2, 7, 8) 0
(8, 2, 11, 4) 3
(2, 8, 5, 10) 0
(2, 8, 8, 7) 0
(8, 2, 13, 2) 3
(7, 3, 12, 3) 12
(2, 8, 12, 3) 3
(6, 4, 3, 12) 0
(8, 2, 8, 7) 0
(4, 6, 2, 13) 0
(9, 1, 15, 0) 0
(8, 2, 4, 11) 0