(9, 5, 7, 14) 0
(10, 4, 18, 3) 3
(6, 8, 19, 2) 30
(7, 7, 18, 3) 36
(9, 5, 20, 1) 12
(5, 9, 13, 8) 12
(8, 6, 5, 16) 0
(2, 12, 9, 12) 0
(6, 8, 6, 15) 0
(5, 9, 15, 6) 12
(5, 9, 5, 16) 0
(4, 10, 15, 6) 3
(7, 7, 16, 5) 36
(2, 12, 15, 6) 0
(11, 3, 10, 11) 0
(11, 3, 15, 6) 0
(3, 11, 20, 1) 0
(3, 11, 9, 12) 0
(4, 10, 8, 13) 0
(8, 6, 17, 4) 30
(4, 10, 10, 11) 2
(11, 3, 16, 5) 0
(12, 2, 12, 9) 0
(5, 9, 12, 9) 12
(6, 8, 11, 10) 26
(9, 5, 12, 9) 12
(12, 2, 17, 4) 0
(3, 11, 15, 6) 0
(5, 9, 6, 15) 0
(10, 4, 5, 16) 0
(9, 5, 19, 2) 12
(12, 2, 10, 11) 0
(11, 3, 11, 10) 0
(10, 4, 9, 12) 1
(2, 12, 18, 3) 0
(8, 6, 4, 17) 0
(3, 11, 11, 10) 0
(4, 10, 14, 7) 3
(11, 3, 21, 0) 0
(10, 4, 15, 6) 3
(6, 8, 14, 7) 30
(7, 7, 10, 11) 23
(9, 5, 13, 8) 12
(2, 12, 10, 11) 0
(6, 8, 9, 12) 11
(9, 5, 6, 15) 0
(2, 12, 7, 14) 0
(12, 2, 7, 14) 0
(4, 10, 9, 12) 1
(3, 11, 12, 9) 0
(9, 5, 15, 6) 12
(5, 9, 11, 10) 11
(2, 12, 8, 13) 0
(9, 5, 16, 5) 12
(8, 6, 6, 15) 0
(3, 11, 19, 2) 0
(3, 11, 13, 8) 0
(2, 12, 17, 4) 0
(10, 4, 16, 5) 3
(6, 8, 17, 4) 30
(5, 9, 7, 14) 0
(7, 7, 14, 7) 36
(9, 5, 18, 3) 12
(8, 6, 3, 18) 0
(2, 12, 13, 8) 0
(4, 10, 13, 8) 3
(4, 10, 18, 3) 3
(8, 6, 9, 12) 11
(3, 11, 8, 13) 0
(7, 7, 4, 17) 0
(4, 10, 4, 17) 0
(9, 5, 11, 10) 11
(12, 2, 21, 0) 0
(4, 10, 19, 2) 3
(9, 5, 5, 16) 0
(5, 9, 18, 3) 12
(8, 6, 13, 8) 30
(11, 3, 20, 1) 0
(7, 7, 21, 0) 36
(6, 8, 13, 8) 30
(6, 8, 15, 6) 30
(5, 9, 14, 7) 12
(9, 5, 8, 13) 1
(4, 10, 21, 0) 3
(3, 11, 7, 14) 0
(8, 6, 15, 6) 30
(3, 11, 10, 11) 0
(5, 9, 21, 0) 12
(8, 6, 11, 10) 26
(8, 6, 21, 0) 30
(5, 9, 8, 13) 1
(9, 5, 4, 17) 0
(9, 5, 17, 4) 12
(3, 11, 18, 3) 0
(6, 8, 12, 9) 29
(10, 4, 21, 0) 3
(4, 10, 20, 1) 3
(6, 8, 16, 5) 30
(11, 3, 14, 7) 0
(7, 7, 20, 1) 36
(12, 2, 14, 7) 0
(4, 10, 16, 5) 3
(5, 9, 10, 11) 8
(10, 4, 13, 8) 3
(12, 2, 20, 1) 0
(8, 6, 19, 2) 30
(2, 12, 12, 9) 0
(10, 4, 8, 13) 0
(11, 3, 17, 4) 0
(7, 7, 7, 14) 1
(12, 2, 9, 12) 0
(6, 8, 10, 11) 19
(3, 11, 17, 4) 0
(9, 5, 9, 12) 4
(6, 8, 21, 0) 30
(10, 4, 20, 1) 3
(10, 4, 10, 11) 2
(4, 10, 5, 16) 0
(5, 9, 20, 1) 12
(6, 8, 8, 13) 4
(8, 6, 20, 1) 30
(12, 2, 8, 13) 0
(7, 7, 17, 4) 36
(10, 4, 7, 14) 0
(6, 8, 3, 18) 0
(4, 10, 11, 10) 3
(6, 8, 18, 3) 30
(11, 3, 8, 13) 0
(3, 11, 14, 7) 0
(10, 4, 17, 4) 3
(8, 6, 14, 7) 30
(12, 2, 19, 2) 0
(11, 3, 19, 2) 0
(4, 10, 17, 4) 3
(2, 12, 21, 0) 0
(10, 4, 4, 17) 0
(10, 4, 14, 7) 3
(6, 8, 5, 16) 0
(10, 4, 12, 9) 3
(11, 3, 7, 14) 0
(5, 9, 4, 17) 0
(8, 6, 7, 14) 1
(8, 6, 12, 9) 29
(2, 12, 19, 2) 0
(5, 9, 19, 2) 12
(8, 6, 18, 3) 30
(4, 10, 6, 15) 0
(11, 3, 13, 8) 0
(7, 7, 6, 15) 0
(2, 12, 11, 10) 0
(11, 3, 18, 3) 0
(2, 12, 20, 1) 0
(7, 7, 19, 2) 36
(4, 10, 12, 9) 3
(7, 7, 5, 16) 0
(9, 5, 14, 7) 12
(5, 9, 9, 12) 4
(3, 11, 16, 5) 0
(6, 8, 7, 14) 1
(9, 5, 21, 0) 12
(11, 3, 6, 15) 0
(12, 2, 16, 5) 0
(2, 12, 16, 5) 0
(11, 3, 9, 12) 0
(9, 5, 10, 11) 8
(7, 7, 8, 13) 5
(7, 7, 11, 10) 31
(12, 2, 18, 3) 0
(7, 7, 9, 12) 13
(2, 12, 14, 7) 0
(7, 7, 12, 9) 35
(6, 8, 20, 1) 30
(5, 9, 17, 4) 12
(5, 9, 16, 5) 12
(10, 4, 6, 15) 0
(8, 6, 10, 11) 19
(6, 8, 4, 17) 0
(8, 6, 8, 13) 4
(8, 6, 16, 5) 30
(10, 4, 19, 2) 3
(7, 7, 3, 18) 0
(7, 7, 15, 6) 36
(10, 4, 11, 10) 3
(4, 10, 7, 14) 0
(11, 3, 12, 9) 0
(7, 7, 13, 8) 36
(3, 11, 21, 0) 0
(12, 2, 11, 10) 0
(12, 2, 15, 6) 0
(12, 2, 13, 8) 0
(3, 11, 6, 15) 0