8 12 13 27 890
12 8 13 27 890
8 12 27 13 890
12 8 27 13 890
7 13 3 37 0
13 7 3 37 0
7 13 37 3 0
13 7 37 3 0
7 13 12 28 444
13 7 12 28 444
7 13 28 12 444
13 7 28 12 444
4 16 6 34 0
16 4 6 34 0
4 16 34 6 0
16 4 34 6 0
5 15 20 20 1068
15 5 20 20 1068
6 14 17 23 1368
14 6 17 23 1368
6 14 23 17 1368
14 6 23 17 1368
0 20 14 26 0
20 0 14 26 0
0 20 26 14 0
20 0 26 14 0
4 16 4 36 0
16 4 4 36 0
4 16 36 4 0
16 4 36 4 0
10 10 17 23 3076
10 10 23 17 3076
7 13 15 25 1296
13 7 15 25 1296
7 13 25 15 1296
13 7 25 15 1296
8 12 3 37 0
12 8 3 37 0
8 12 37 3 0
12 8 37 3 0
6 14 15 25 897
14 6 15 25 897
6 14 25 15 897
14 6 25 15 897
4 16 5 35 0
16 4 5 35 0
4 16 35 5 0
16 4 35 5 0
8 12 6 34 3
12 8 6 34 3
8 12 34 6 3
12 8 34 6 3
0 20 11 29 0
20 0 11 29 0
0 20 29 11 0
20 0 29 11 0
5 15 8 32 9
15 5 8 32 9
5 15 32 8 9
15 5 32 8 9
4 16 15 25 289
16 4 15 25 289
4 16 25 15 289
16 4 25 15 289
6 14 18 22 1551
14 6 18 22 1551
6 14 22 18 1551
14 6 22 18 1551
7 13 6 34 2
13 7 6 34 2
7 13 34 6 2
13 7 34 6 2
9 11 1 39 0
11 9 1 39 0
9 11 39 1 0
11 9 39 1 0
8 12 4 36 0
12 8 4 36 0
8 12 36 4 0
12 8 36 4 0
3 17 15 25 128
17 3 15 25 128
3 17 25 15 128
17 3 25 15 128
10 10 19 21 3737
10 10 21 19 3737
6 14 5 35 0
14 6 5 35 0
6 14 35 5 0
14 6 35 5 0
10 10 10 30 250
10 10 30 10 250
9 11 16 24 2451
11 9 16 24 2451
9 11 24 16 2451
11 9 24 16 2451
6 14 19 21 1676
14 6 19 21 1676
6 14 21 19 1676
14 6 21 19 1676
9 11 4 36 0
11 9 4 36 0
9 11 36 4 0
11 9 36 4 0
5 15 17 23 845
15 5 17 23 845
5 15 23 17 845
15 5 23 17 845
9 11 9 31 120
11 9 9 31 120
9 11 31 9 120
11 9 31 9 120
4 16 11 29 51
16 4 11 29 51
4 16 29 11 51
16 4 29 11 51
0 20 16 24 1
20 0 16 24 1
0 20 24 16 1
20 0 24 16 1
2 18 7 33 0
18 2 7 33 0
2 18 33 7 0
18 2 33 7 0
8 12 12 28 584
12 8 12 28 584
8 12 28 12 584
12 8 28 12 584
10 10 11 29 446
10 10 29 11 446
6 14 13 27 464
14 6 13 27 464
6 14 27 13 464
14 6 27 13 464
4 16 14 26 209
16 4 14 26 209
4 16 26 14 209
16 4 26 14 209
7 13 9 31 74
13 7 9 31 74
7 13 31 9 74
13 7 31 9 74
7 13 14 26 969
13 7 14 26 969
7 13 26 14 969
13 7 26 14 969
7 13 1 39 0
13 7 1 39 0
7 13 39 1 0
13 7 39 1 0
5 15 12 28 175
15 5 12 28 175
5 15 28 12 175
15 5 28 12 175
10 10 18 22 3472
10 10 22 18 3472
10 10 5 35 1
10 10 35 5 1
1 19 11 29 1
19 1 11 29 1
1 19 29 11 1
19 1 29 11 1
4 16 8 32 4
16 4 8 32 4
4 16 32 8 4
16 4 32 8 4
0 20 13 27 0
20 0 13 27 0
0 20 27 13 0
20 0 27 13 0
9 11 2 38 0
11 9 2 38 0
9 11 38 2 0
11 9 38 2 0
2 18 18 22 88
18 2 18 22 88
2 18 22 18 88
18 2 22 18 88
9 11 7 33 18
11 9 7 33 18
9 11 33 7 18
11 9 33 7 18
2 18 13 27 20
18 2 13 27 20
2 18 27 13 20
18 2 27 13 20
3 17 10 30 9
17 3 10 30 9
3 17 30 10 9
17 3 30 10 9
0 20 17 23 2
20 0 17 23 2
0 20 23 17 2
20 0 23 17 2
10 10 6 34 5
10 10 34 6 5
5 15 2 38 0
15 5 2 38 0
5 15 38 2 0
15 5 38 2 0
3 17 18 22 236
17 3 18 22 236
3 17 22 18 236
17 3 22 18 236
2 18 6 34 0
18 2 6 34 0
2 18 34 6 0
18 2 34 6 0
6 14 16 24 1134
14 6 16 24 1134
6 14 24 16 1134
14 6 24 16 1134
9 11 10 30 234
11 9 10 30 234
9 11 30 10 234
11 9 30 10 234
3 17 7 33 0
17 3 7 33 0
3 17 33 7 0
17 3 33 7 0
8 12 1 39 0
12 8 1 39 0
8 12 39 1 0
12 8 39 1 0
10 10 2 38 0
10 10 38 2 0
1 19 7 33 0
19 1 7 33 0
1 19 33 7 0
19 1 33 7 0
9 11 18 22 3309
11 9 18 22 3309
9 11 22 18 3309
11 9 22 18 3309
2 18 8 32 0
18 2 8 32 0
2 18 32 8 0
18 2 32 8 0
9 11 15 25 1953
11 9 15 25 1953
9 11 25 15 1953
11 9 25 15 1953
2 18 11 29 6
18 2 11 29 6
2 18 29 11 6
18 2 29 11 6
3 17 19 21 258
17 3 19 21 258
3 17 21 19 258
17 3 21 19 258
8 12 15 25 1680
12 8 15 25 1680
8 12 25 15 1680
12 8 25 15 1680
8 12 9 31 101
12 8 9 31 101
8 12 31 9 101
12 8 31 9 101
3 17 12 28 36
17 3 12 28 36
3 17 28 12 36
17 3 28 12 36
5 15 10 30 53
15 5 10 30 53
5 15 30 10 53
15 5 30 10 53
8 12 10 30 197
12 8 10 30 197
8 12 30 10 197
12 8 30 10 197
4 16 20 20 577
16 4 20 20 577
6 14 8 32 19
14 6 8 32 19
6 14 32 8 19
14 6 32 8 19
4 16 19 21 563
16 4 19 21 563
4 16 21 19 563
16 4 21 19 563
4 16 2 38 0
16 4 2 38 0
4 16 38 2 0
16 4 38 2 0
1 19 10 30 0
19 1 10 30 0
1 19 30 10 0
19 1 30 10 0
8 12 11 29 356
12 8 11 29 356
8 12 29 11 356
12 8 29 11 356
6 14 20 20 1716
14 6 20 20 1716
4 16 3 37 0
16 4 3 37 0
4 16 37 3 0
16 4 37 3 0
10 10 14 26 1546
10 10 26 14 1546
1 19 6 34 0
19 1 6 34 0
1 19 34 6 0
19 1 34 6 0
9 11 17 23 2928
11 9 17 23 2928
9 11 23 17 2928
11 9 23 17 2928
10 10 1 39 0
10 10 39 1 0
5 15 4 36 0
15 5 4 36 0
5 15 36 4 0
15 5 36 4 0
8 12 8 32 43
12 8 8 32 43
8 12 32 8 43
12 8 32 8 43
9 11 5 35 0
11 9 5 35 0
9 11 35 5 0
11 9 35 5 0
3 17 3 37 0
17 3 3 37 0
3 17 37 3 0
17 3 37 3 0
6 14 3 37 0
14 6 3 37 0
6 14 37 3 0
14 6 37 3 0
7 13 5 35 0
13 7 5 35 0
7 13 35 5 0
13 7 35 5 0
10 10 8 32 57
10 10 32 8 57
7 13 10 30 147
13 7 10 30 147
7 13 30 10 147
13 7 30 10 147
9 11 12 28 686
11 9 12 28 686
9 11 28 12 686
11 9 28 12 686
2 18 20 20 100
18 2 20 20 100
10 10 7 33 21
10 10 33 7 21
8 12 7 33 15
12 8 7 33 15
8 12 33 7 15
12 8 33 7 15
10 10 13 27 1098
10 10 27 13 1098
3 17 8 32 1
17 3 8 32 1
3 17 32 8 1
17 3 32 8 1
0 20 20 20 3
20 0 20 20 3
5 15 19 21 1041
15 5 19 21 1041
5 15 21 19 1041
15 5 21 19 1041
8 12 5 35 0
12 8 5 35 0
8 12 35 5 0
12 8 35 5 0
8 12 18 22 2856
12 8 18 22 2856
8 12 22 18 2856
12 8 22 18 2856
2 18 5 35 0
18 2 5 35 0
2 18 35 5 0
18 2 35 5 0
1 19 19 21 26
19 1 19 21 26
1 19 21 19 26
19 1 21 19 26
2 18 15 25 46
18 2 15 25 46
2 18 25 15 46
18 2 25 15 46
4 16 10 30 25
16 4 10 30 25
4 16 30 10 25
16 4 30 10 25
5 15 15 25 547
15 5 15 25 547
5 15 25 15 547
15 5 25 15 547
5 15 18 22 962
15 5 18 22 962
5 15 22 18 962
15 5 22 18 962
9 11 6 34 4
11 9 6 34 4
9 11 34 6 4
11 9 34 6 4
6 14 1 39 0
14 6 1 39 0
6 14 39 1 0
14 6 39 1 0
2 18 9 31 1
18 2 9 31 1
2 18 31 9 1
18 2 31 9 1
4 16 18 22 517
16 4 18 22 517
4 16 22 18 517
16 4 22 18 517
4 16 9 31 12
16 4 9 31 12
4 16 31 9 12
16 4 31 9 12
7 13 7 33 10
13 7 7 33 10
7 13 33 7 10
13 7 33 7 10
0 20 19 21 3
20 0 19 21 3
0 20 21 19 3
20 0 21 19 3
6 14 9 31 48
14 6 9 31 48
6 14 31 9 48
14 6 31 9 48
7 13 19 21 2392
13 7 19 21 2392
7 13 21 19 2392
13 7 21 19 2392
1 19 13 27 4
19 1 13 27 4
1 19 27 13 4
19 1 27 13 4
3 17 20 20 265
17 3 20 20 265
10 10 16 24 2574
10 10 24 16 2574
10 10 9 31 130
10 10 31 9 130
1 19 15 25 11
19 1 15 25 11
1 19 25 15 11
19 1 25 15 11
9 11 8 32 52
11 9 8 32 52
9 11 32 8 52
11 9 32 8 52
2 18 10 30 2
18 2 10 30 2
2 18 30 10 2
18 2 30 10 2
6 14 4 36 0
14 6 4 36 0
6 14 36 4 0
14 6 36 4 0
6 14 7 33 6
14 6 7 33 6
6 14 33 7 6
14 6 33 7 6
9 11 3 37 0
11 9 3 37 0
9 11 37 3 0
11 9 37 3 0
9 11 14 26 1469
11 9 14 26 1469
9 11 26 14 1469
11 9 26 14 1469
9 11 20 20 3645
11 9 20 20 3645
1 19 18 22 23
19 1 18 22 23
1 19 22 18 23
19 1 22 18 23
3 17 17 23 206
17 3 17 23 206
3 17 23 17 206
17 3 23 17 206
10 10 12 28 725
10 10 28 12 725
3 17 16 24 166
17 3 16 24 166
3 17 24 16 166
17 3 24 16 166
7 13 4 36 0
13 7 4 36 0
7 13 36 4 0
13 7 36 4 0
10 10 4 36 0
10 10 36 4 0
1 19 14 26 7
19 1 14 26 7
1 19 26 14 7
19 1 26 14 7
6 14 11 29 179
14 6 11 29 179
6 14 29 11 179
14 6 29 11 179
5 15 7 33 2
15 5 7 33 2
5 15 33 7 2
15 5 33 7 2
2 18 12 28 11
18 2 12 28 11
2 18 28 12 11
18 2 28 12 11
3 17 11 29 20
17 3 11 29 20
3 17 29 11 20
17 3 29 11 20
4 16 12 28 88
16 4 12 28 88
4 16 28 12 88
16 4 28 12 88
6 14 12 28 299
14 6 12 28 299
6 14 28 12 299
14 6 28 12 299
1 19 17 23 20
19 1 17 23 20
1 19 23 17 20
19 1 23 17 20
5 15 11 29 102
15 5 11 29 102
5 15 29 11 102
15 5 29 11 102
7 13 18 22 2220
13 7 18 22 2220
7 13 22 18 2220
13 7 22 18 2220
7 13 16 24 1634
13 7 16 24 1634
7 13 24 16 1634
13 7 24 16 1634
8 12 17 23 2527
12 8 17 23 2527
8 12 23 17 2527
12 8 23 17 2527
5 15 13 27 276
15 5 13 27 276
5 15 27 13 276
15 5 27 13 276
10 10 15 25 2055
10 10 25 15 2055
5 15 16 24 697
15 5 16 24 697
5 15 24 16 697
15 5 24 16 697
1 19 20 20 27
19 1 20 20 27
5 15 6 34 0
15 5 6 34 0
5 15 34 6 0
15 5 34 6 0
6 14 6 34 1
14 6 6 34 1
6 14 34 6 1
14 6 34 6 1
8 12 19 21 3077
12 8 19 21 3077
8 12 21 19 3077
12 8 21 19 3077
1 19 8 32 0
19 1 8 32 0
1 19 32 8 0
19 1 32 8 0
9 11 19 21 3560
11 9 19 21 3560
9 11 21 19 3560
11 9 21 19 3560
5 15 3 37 0
15 5 3 37 0
5 15 37 3 0
15 5 37 3 0
8 12 20 20 3149
12 8 20 20 3149
3 17 14 26 91
17 3 14 26 91
3 17 26 14 91
17 3 26 14 91
3 17 6 34 0
17 3 6 34 0
3 17 34 6 0
17 3 34 6 0
4 16 17 23 454
16 4 17 23 454
4 16 23 17 454
16 4 23 17 454
0 20 18 22 2
20 0 18 22 2
0 20 22 18 2
20 0 22 18 2
2 18 19 21 98
18 2 19 21 98
2 18 21 19 98
18 2 21 19 98
10 10 3 37 0
10 10 37 3 0
2 18 4 36 0
18 2 4 36 0
2 18 36 4 0
18 2 36 4 0
0 20 10 30 0
20 0 10 30 0
0 20 30 10 0
20 0 30 10 0
5 15 14 26 402
15 5 14 26 402
5 15 26 14 402
15 5 26 14 402
7 13 11 29 268
13 7 11 29 268
7 13 29 11 268
13 7 29 11 268
6 14 14 26 665
14 6 14 26 665
6 14 26 14 665
14 6 26 14 665
4 16 16 24 370
16 4 16 24 370
4 16 24 16 370
16 4 24 16 370
7 13 8 32 31
13 7 8 32 31
7 13 32 8 31
13 7 32 8 31
9 11 11 29 419
11 9 11 29 419
9 11 29 11 419
11 9 29 11 419
2 18 14 26 31
18 2 14 26 31
2 18 26 14 31
18 2 26 14 31
1 19 16 24 15
19 1 16 24 15
1 19 24 16 15
19 1 24 16 15
6 14 10 30 96
14 6 10 30 96
6 14 30 10 96
14 6 30 10 96
5 15 5 35 0
15 5 5 35 0
5 15 35 5 0
15 5 35 5 0
3 17 9 31 4
17 3 9 31 4
3 17 31 9 4
17 3 31 9 4
3 17 13 27 60
17 3 13 27 60
3 17 27 13 60
17 3 27 13 60
7 13 13 27 680
13 7 13 27 680
7 13 27 13 680
13 7 27 13 680
0 20 12 28 0
20 0 12 28 0
0 20 28 12 0
20 0 28 12 0
8 12 2 38 0
12 8 2 38 0
8 12 38 2 0
12 8 38 2 0
6 14 2 38 0
14 6 2 38 0
6 14 38 2 0
14 6 38 2 0
10 10 0 40 0
10 10 40 0 0
10 10 20 20 3824
1 19 12 28 2
19 1 12 28 2
1 19 28 12 2
19 1 28 12 2
4 16 7 33 1
16 4 7 33 1
4 16 33 7 1
16 4 33 7 1
8 12 14 26 1259
12 8 14 26 1259
8 12 26 14 1259
12 8 26 14 1259
2 18 16 24 60
18 2 16 24 60
2 18 24 16 60
18 2 24 16 60
8 12 16 24 2110
12 8 16 24 2110
8 12 24 16 2110
12 8 24 16 2110
7 13 17 23 1960
13 7 17 23 1960
7 13 23 17 1960
13 7 23 17 1960
3 17 4 36 0
17 3 4 36 0
3 17 36 4 0
17 3 36 4 0
7 13 20 20 2451
13 7 20 20 2451
9 11 13 27 1040
11 9 13 27 1040
9 11 27 13 1040
11 9 27 13 1040
7 13 2 38 0
13 7 2 38 0
7 13 38 2 0
13 7 38 2 0
4 16 13 27 142
16 4 13 27 142
4 16 27 13 142
16 4 27 13 142
0 20 15 25 1
20 0 15 25 1
0 20 25 15 1
20 0 25 15 1
3 17 5 35 0
17 3 5 35 0
3 17 35 5 0
17 3 35 5 0
5 15 9 31 25
15 5 9 31 25
5 15 31 9 25
15 5 31 9 25
1 19 9 31 0
19 1 9 31 0
1 19 31 9 0
19 1 31 9 0
2 18 17 23 77
18 2 17 23 77
2 18 23 17 77
18 2 23 17 77
