1 15 6 27 0
15 1 6 27 0
1 15 27 6 0
15 1 27 6 0
0 16 7 26 0
16 0 7 26 0
0 16 26 7 0
16 0 26 7 0
3 13 5 28 1
13 3 5 28 1
3 13 28 5 1
13 3 28 5 1
5 11 10 23 235
11 5 10 23 235
5 11 23 10 235
11 5 23 10 235
1 15 4 29 0
15 1 4 29 0
1 15 29 4 0
15 1 29 4 0
0 16 12 21 3
16 0 12 21 3
0 16 21 12 3
16 0 21 12 3
4 12 5 28 2
12 4 5 28 2
4 12 28 5 2
12 4 28 5 2
1 15 7 26 1
15 1 7 26 1
1 15 26 7 1
15 1 26 7 1
4 12 7 26 24
12 4 7 26 24
4 12 26 7 24
12 4 26 7 24
1 15 5 28 0
15 1 5 28 0
1 15 28 5 0
15 1 28 5 0
4 12 11 22 220
12 4 11 22 220
4 12 22 11 220
12 4 22 11 220
3 13 14 19 256
13 3 14 19 256
3 13 19 14 256
13 3 19 14 256
4 12 10 23 146
12 4 10 23 146
4 12 23 10 146
12 4 23 10 146
1 15 3 30 0
15 1 3 30 0
1 15 30 3 0
15 1 30 3 0
1 15 10 23 11
15 1 10 23 11
1 15 23 10 11
15 1 23 10 11
8 8 6 27 32
8 8 27 6 32
8 8 8 25 149
8 8 25 8 149
7 9 4 29 1
9 7 4 29 1
7 9 29 4 1
9 7 29 4 1
7 9 8 25 141
9 7 8 25 141
7 9 25 8 141
9 7 25 8 141
2 14 7 26 4
14 2 7 26 4
2 14 26 7 4
14 2 26 7 4
2 14 15 18 134
14 2 15 18 134
2 14 18 15 134
14 2 18 15 134
4 12 3 30 0
12 4 3 30 0
4 12 30 3 0
12 4 30 3 0
3 13 11 22 119
13 3 11 22 119
3 13 22 11 119
13 3 22 11 119
7 9 11 22 568
9 7 11 22 568
7 9 22 11 568
9 7 22 11 568
6 10 16 17 1149
10 6 16 17 1149
6 10 17 16 1149
10 6 17 16 1149
2 14 5 28 0
14 2 5 28 0
2 14 28 5 0
14 2 28 5 0
3 13 7 26 12
13 3 7 26 12
3 13 26 7 12
13 3 26 7 12
6 10 12 21 639
10 6 12 21 639
6 10 21 12 639
10 6 21 12 639
5 11 11 22 350
11 5 11 22 350
5 11 22 11 350
11 5 22 11 350
8 8 3 30 0
8 8 30 3 0
5 11 12 21 478
11 5 12 21 478
5 11 21 12 478
11 5 21 12 478
7 9 6 27 30
9 7 6 27 30
7 9 27 6 30
9 7 27 6 30
6 10 7 26 58
10 6 7 26 58
6 10 26 7 58
10 6 26 7 58
8 8 15 18 1372
8 8 18 15 1372
4 12 16 17 559
12 4 16 17 559
4 12 17 16 559
12 4 17 16 559
3 13 2 31 0
13 3 2 31 0
3 13 31 2 0
13 3 31 2 0
4 12 2 31 0
12 4 2 31 0
4 12 31 2 0
12 4 31 2 0
3 13 16 17 309
13 3 16 17 309
3 13 17 16 309
13 3 17 16 309
7 9 7 26 72
9 7 7 26 72
7 9 26 7 72
9 7 26 7 72
1 15 16 17 53
15 1 16 17 53
1 15 17 16 53
15 1 17 16 53
0 16 13 20 5
16 0 13 20 5
0 16 20 13 5
16 0 20 13 5
4 12 8 25 50
12 4 8 25 50
4 12 25 8 50
12 4 25 8 50
5 11 9 24 146
11 5 9 24 146
5 11 24 9 146
11 5 24 9 146
2 14 8 25 10
14 2 8 25 10
2 14 25 8 10
14 2 25 8 10
5 11 2 31 0
11 5 2 31 0
5 11 31 2 0
11 5 31 2 0
6 10 2 31 0
10 6 2 31 0
6 10 31 2 0
10 6 31 2 0
4 12 9 24 89
12 4 9 24 89
4 12 24 9 89
12 4 24 9 89
7 9 5 28 9
9 7 5 28 9
7 9 28 5 9
9 7 28 5 9
3 13 15 18 289
13 3 15 18 289
3 13 18 15 289
13 3 18 15 289
5 11 3 30 0
11 5 3 30 0
5 11 30 3 0
11 5 30 3 0
6 10 3 30 0
10 6 3 30 0
6 10 30 3 0
10 6 30 3 0
2 14 2 31 0
14 2 2 31 0
2 14 31 2 0
14 2 31 2 0
8 8 10 23 409
8 8 23 10 409
6 10 5 28 7
10 6 5 28 7
6 10 28 5 7
10 6 28 5 7
6 10 13 20 809
10 6 13 20 809
6 10 20 13 809
10 6 20 13 809
1 15 8 25 3
15 1 8 25 3
1 15 25 8 3
15 1 25 8 3
2 14 13 20 97
14 2 13 20 97
2 14 20 13 97
14 2 20 13 97
1 15 13 20 35
15 1 13 20 35
1 15 20 13 35
15 1 20 13 35
3 13 9 24 47
13 3 9 24 47
3 13 24 9 47
13 3 24 9 47
1 15 14 19 43
15 1 14 19 43
1 15 19 14 43
15 1 19 14 43
5 11 5 28 4
11 5 5 28 4
5 11 28 5 4
11 5 28 5 4
5 11 6 27 16
11 5 6 27 16
5 11 27 6 16
11 5 27 6 16
0 16 6 27 0
16 0 6 27 0
0 16 27 6 0
16 0 27 6 0
1 15 9 24 6
15 1 9 24 6
1 15 24 9 6
15 1 24 9 6
8 8 0 33 0
8 8 33 0 0
0 16 8 25 0
16 0 8 25 0
0 16 25 8 0
16 0 25 8 0
7 9 16 17 1373
9 7 16 17 1373
7 9 17 16 1373
9 7 17 16 1373
7 9 10 23 386
9 7 10 23 386
7 9 23 10 386
9 7 23 10 386
3 13 12 21 165
13 3 12 21 165
3 13 21 12 165
13 3 21 12 165
5 11 16 17 865
11 5 16 17 865
5 11 17 16 865
11 5 17 16 865
6 10 11 22 470
10 6 11 22 470
6 10 22 11 470
10 6 22 11 470
3 13 1 32 0
13 3 1 32 0
3 13 32 1 0
13 3 32 1 0
8 8 14 19 1223
8 8 19 14 1223
6 10 6 27 24
10 6 6 27 24
6 10 27 6 24
10 6 27 6 24
1 15 11 22 18
15 1 11 22 18
1 15 22 11 18
15 1 22 11 18
6 10 8 25 115
10 6 8 25 115
6 10 25 8 115
10 6 25 8 115
7 9 1 32 0
9 7 1 32 0
7 9 32 1 0
9 7 32 1 0
3 13 4 29 0
13 3 4 29 0
3 13 29 4 0
13 3 29 4 0
7 9 3 30 0
9 7 3 30 0
7 9 30 3 0
9 7 30 3 0
4 12 14 19 465
12 4 14 19 465
4 12 19 14 465
12 4 19 14 465
4 12 15 18 524
12 4 15 18 524
4 12 18 15 524
12 4 18 15 524
8 8 1 32 0
8 8 32 1 0
6 10 10 23 318
10 6 10 23 318
6 10 23 10 318
10 6 23 10 318
4 12 6 27 9
12 4 6 27 9
4 12 27 6 9
12 4 27 6 9
3 13 6 27 4
13 3 6 27 4
3 13 27 6 4
13 3 27 6 4
2 14 10 23 33
14 2 10 23 33
2 14 23 10 33
14 2 23 10 33
0 16 16 17 9
16 0 16 17 9
0 16 17 16 9
16 0 17 16 9
5 11 4 29 0
11 5 4 29 0
5 11 29 4 0
11 5 29 4 0
7 9 0 33 0
9 7 0 33 0
7 9 33 0 0
9 7 33 0 0
0 16 11 22 2
16 0 11 22 2
0 16 22 11 2
16 0 22 11 2
7 9 13 20 971
9 7 13 20 971
7 9 20 13 971
9 7 20 13 971
8 8 16 17 1458
8 8 17 16 1458
7 9 14 19 1152
9 7 14 19 1152
7 9 19 14 1152
9 7 19 14 1152
7 9 15 18 1292
9 7 15 18 1292
7 9 18 15 1292
9 7 18 15 1292
1 15 15 18 49
15 1 15 18 49
1 15 18 15 49
15 1 18 15 49
3 13 8 25 26
13 3 8 25 26
3 13 25 8 26
13 3 25 8 26
0 16 14 19 7
16 0 14 19 7
0 16 19 14 7
16 0 19 14 7
8 8 4 29 1
8 8 29 4 1
8 8 9 24 257
8 8 24 9 257
6 10 14 19 962
10 6 14 19 962
6 10 19 14 962
10 6 19 14 962
8 8 5 28 9
8 8 28 5 9
4 12 12 21 303
12 4 12 21 303
4 12 21 12 303
12 4 21 12 303
6 10 1 32 0
10 6 1 32 0
6 10 32 1 0
10 6 32 1 0
2 14 3 30 0
14 2 3 30 0
2 14 30 3 0
14 2 30 3 0
7 9 9 24 243
9 7 9 24 243
7 9 24 9 243
9 7 24 9 243
4 12 4 29 0
12 4 4 29 0
4 12 29 4 0
12 4 29 4 0
0 16 15 18 8
16 0 15 18 8
0 16 18 15 8
16 0 18 15 8
1 15 12 21 26
15 1 12 21 26
1 15 21 12 26
15 1 21 12 26
3 13 3 30 0
13 3 3 30 0
3 13 30 3 0
13 3 30 3 0
8 8 11 22 602
8 8 22 11 602
3 13 10 23 78
13 3 10 23 78
3 13 23 10 78
13 3 23 10 78
6 10 9 24 199
10 6 9 24 199
6 10 24 9 199
10 6 24 9 199
3 13 13 20 213
13 3 13 20 213
3 13 20 13 213
13 3 20 13 213
2 14 4 29 0
14 2 4 29 0
2 14 29 4 0
14 2 29 4 0
2 14 14 19 118
14 2 14 19 118
2 14 19 14 118
14 2 19 14 118
5 11 14 19 723
11 5 14 19 723
5 11 19 14 723
11 5 19 14 723
2 14 12 21 74
14 2 12 21 74
2 14 21 12 74
14 2 21 12 74
5 11 7 26 41
11 5 7 26 41
5 11 26 7 41
11 5 26 7 41
7 9 12 21 769
9 7 12 21 769
7 9 21 12 769
9 7 21 12 769
5 11 15 18 813
11 5 15 18 813
5 11 18 15 813
11 5 18 15 813
4 12 1 32 0
12 4 1 32 0
4 12 32 1 0
12 4 32 1 0
0 16 9 24 0
16 0 9 24 0
0 16 24 9 0
16 0 24 9 0
8 8 7 26 76
8 8 26 7 76
6 10 15 18 1080
10 6 15 18 1080
6 10 18 15 1080
10 6 18 15 1080
7 9 2 31 0
9 7 2 31 0
7 9 31 2 0
9 7 31 2 0
0 16 10 23 1
16 0 10 23 1
0 16 23 10 1
16 0 23 10 1
2 14 6 27 1
14 2 6 27 1
2 14 27 6 1
14 2 27 6 1
5 11 13 20 607
11 5 13 20 607
5 11 20 13 607
11 5 20 13 607
8 8 12 21 816
8 8 21 12 816
8 8 2 31 0
8 8 31 2 0
6 10 0 33 0
10 6 0 33 0
6 10 33 0 0
10 6 33 0 0
4 12 13 20 388
12 4 13 20 388
4 12 20 13 388
12 4 20 13 388
6 10 4 29 1
10 6 4 29 1
6 10 29 4 1
10 6 29 4 1
8 8 13 20 1030
8 8 20 13 1030
5 11 8 25 83
11 5 8 25 83
5 11 25 8 83
11 5 25 8 83
2 14 11 22 52
14 2 11 22 52
2 14 22 11 52
14 2 22 11 52
2 14 9 24 19
14 2 9 24 19
2 14 24 9 19
14 2 24 9 19
5 11 1 32 0
11 5 1 32 0
5 11 32 1 0
11 5 32 1 0
2 14 16 17 144
14 2 16 17 144
2 14 17 16 144
14 2 17 16 144
