3 5 0 19 0
5 3 0 19 0
3 5 19 0 0
5 3 19 0 0
3 5 1 18 0
5 3 1 18 0
3 5 18 1 0
5 3 18 1 0
2 6 2 17 1
6 2 2 17 1
2 6 17 2 1
6 2 17 2 1
1 7 8 11 22
7 1 8 11 22
1 7 11 8 22
7 1 11 8 22
3 5 3 16 6
5 3 3 16 6
3 5 16 3 6
5 3 16 3 6
4 4 7 12 44
4 4 12 7 44
3 5 4 15 12
5 3 4 15 12
3 5 15 4 12
5 3 15 4 12
2 6 3 16 4
6 2 3 16 4
2 6 16 3 4
6 2 16 3 4
4 4 3 16 7
4 4 16 3 7
0 8 6 13 6
8 0 6 13 6
0 8 13 6 6
8 0 13 6 6
3 5 5 14 20
5 3 5 14 20
3 5 14 5 20
5 3 14 5 20
1 7 4 15 6
7 1 4 15 6
1 7 15 4 6
7 1 15 4 6
3 5 2 17 2
5 3 2 17 2
3 5 17 2 2
5 3 17 2 2
3 5 9 10 48
5 3 9 10 48
3 5 10 9 48
5 3 10 9 48
1 7 1 18 0
7 1 1 18 0
1 7 18 1 0
7 1 18 1 0
4 4 5 14 24
4 4 14 5 24
2 6 6 13 20
6 2 6 13 20
2 6 13 6 20
6 2 13 6 20
2 6 4 15 8
6 2 4 15 8
2 6 15 4 8
6 2 15 4 8
3 5 7 12 36
5 3 7 12 36
3 5 12 7 36
5 3 12 7 36
4 4 4 15 14
4 4 15 4 14
0 8 7 12 8
8 0 7 12 8
0 8 12 7 8
8 0 12 7 8
0 8 4 15 2
8 0 4 15 2
0 8 15 4 2
8 0 15 4 2
3 5 8 11 44
5 3 8 11 44
3 5 11 8 44
5 3 11 8 44
4 4 9 10 59
4 4 10 9 59
1 7 7 12 18
7 1 7 12 18
1 7 12 7 18
7 1 12 7 18
4 4 8 11 54
4 4 11 8 54
4 4 1 18 0
4 4 18 1 0
1 7 6 13 14
7 1 6 13 14
1 7 13 6 14
7 1 13 6 14
1 7 3 16 3
7 1 3 16 3
1 7 16 3 3
7 1 16 3 3
2 6 1 18 0
6 2 1 18 0
2 6 18 1 0
6 2 18 1 0
2 6 0 19 0
6 2 0 19 0
2 6 19 0 0
6 2 19 0 0
4 4 2 17 2
4 4 17 2 2
0 8 2 17 0
8 0 2 17 0
0 8 17 2 0
8 0 17 2 0
4 4 0 19 0
4 4 19 0 0
0 8 1 18 0
8 0 1 18 0
0 8 18 1 0
8 0 18 1 0
0 8 8 11 10
8 0 8 11 10
0 8 11 8 10
8 0 11 8 10
4 4 6 13 34
4 4 13 6 34
2 6 9 10 35
6 2 9 10 35
2 6 10 9 35
6 2 10 9 35
2 6 8 11 32
6 2 8 11 32
2 6 11 8 32
6 2 11 8 32
1 7 2 17 1
7 1 2 17 1
1 7 17 2 1
7 1 17 2 1
3 5 6 13 28
5 3 6 13 28
3 5 13 6 28
5 3 13 6 28
1 7 9 10 24
7 1 9 10 24
1 7 10 9 24
7 1 10 9 24
0 8 9 10 11
8 0 9 10 11
0 8 10 9 11
8 0 10 9 11
0 8 3 16 1
8 0 3 16 1
0 8 16 3 1
8 0 16 3 1
2 6 5 14 14
6 2 5 14 14
2 6 14 5 14
6 2 14 5 14
0 8 5 14 4
8 0 5 14 4
0 8 14 5 4
8 0 14 5 4
1 7 0 19 0
7 1 0 19 0
1 7 19 0 0
7 1 19 0 0
1 7 5 14 10
7 1 5 14 10
1 7 14 5 10
7 1 14 5 10
2 6 7 12 26
6 2 7 12 26
2 6 12 7 26
6 2 12 7 26
