70 78 131 133 3
78 70 131 133 3
70 78 133 131 3
78 70 133 131 3
73 75 121 143 0
75 73 121 143 0
73 75 143 121 0
75 73 143 121 0
71 77 124 140 0
77 71 124 140 0
71 77 140 124 0
77 71 140 124 0
68 80 130 134 0
80 68 130 134 0
68 80 134 130 0
80 68 134 130 0
66 82 124 140 0
82 66 124 140 0
66 82 140 124 0
82 66 140 124 0
71 77 116 148 0
77 71 116 148 0
71 77 148 116 0
77 71 148 116 0
71 77 129 135 2
77 71 129 135 2
71 77 135 129 2
77 71 135 129 2
72 76 119 145 0
76 72 119 145 0
72 76 145 119 0
76 72 145 119 0
72 76 125 139 0
76 72 125 139 0
72 76 139 125 0
76 72 139 125 0
73 75 129 135 2
75 73 129 135 2
73 75 135 129 2
75 73 135 129 2
73 75 116 148 0
75 73 116 148 0
73 75 148 116 0
75 73 148 116 0
68 80 127 137 0
80 68 127 137 0
68 80 137 127 0
80 68 137 127 0
65 83 129 135 0
83 65 129 135 0
65 83 135 129 0
83 65 135 129 0
67 81 121 143 0
81 67 121 143 0
67 81 143 121 0
81 67 143 121 0
74 74 122 142 0
74 74 142 122 0
66 82 116 148 0
82 66 116 148 0
66 82 148 116 0
82 66 148 116 0
70 78 124 140 0
78 70 124 140 0
70 78 140 124 0
78 70 140 124 0
72 76 112 152 0
76 72 112 152 0
72 76 152 112 0
76 72 152 112 0
64 84 126 138 0
84 64 126 138 0
64 84 138 126 0
84 64 138 126 0
66 82 129 135 0
82 66 129 135 0
66 82 135 129 0
82 66 135 129 0
69 79 118 146 0
79 69 118 146 0
69 79 146 118 0
79 69 146 118 0
71 77 121 143 0
77 71 121 143 0
71 77 143 121 0
77 71 143 121 0
74 74 130 134 2
74 74 134 130 2
65 83 132 132 0
83 65 132 132 0
71 77 128 136 1
77 71 128 136 1
71 77 136 128 1
77 71 136 128 1
66 82 118 146 0
82 66 118 146 0
66 82 146 118 0
82 66 146 118 0
74 74 120 144 0
74 74 144 120 0
71 77 113 151 0
77 71 113 151 0
71 77 151 113 0
77 71 151 113 0
69 79 116 148 0
79 69 116 148 0
69 79 148 116 0
79 69 148 116 0
73 75 119 145 0
75 73 119 145 0
73 75 145 119 0
75 73 145 119 0
74 74 118 146 0
74 74 146 118 0
66 82 131 133 0
82 66 131 133 0
66 82 133 131 0
82 66 133 131 0
64 84 124 140 0
84 64 124 140 0
64 84 140 124 0
84 64 140 124 0
70 78 114 150 0
78 70 114 150 0
70 78 150 114 0
78 70 150 114 0
68 80 131 133 0
80 68 131 133 0
68 80 133 131 0
80 68 133 131 0
71 77 125 139 0
77 71 125 139 0
71 77 139 125 0
77 71 139 125 0
71 77 120 144 0
77 71 120 144 0
71 77 144 120 0
77 71 144 120 0
72 76 126 138 0
76 72 126 138 0
72 76 138 126 0
76 72 138 126 0
68 80 124 140 0
80 68 124 140 0
68 80 140 124 0
80 68 140 124 0
73 75 112 152 0
75 73 112 152 0
73 75 152 112 0
75 73 152 112 0
67 81 124 140 0
81 67 124 140 0
67 81 140 124 0
81 67 140 124 0
73 75 122 142 0
75 73 122 142 0
73 75 142 122 0
75 73 142 122 0
73 75 113 151 0
75 73 113 151 0
73 75 151 113 0
75 73 151 113 0
65 83 123 141 0
83 65 123 141 0
65 83 141 123 0
83 65 141 123 0
68 80 116 148 0
80 68 116 148 0
68 80 148 116 0
80 68 148 116 0
69 79 123 141 0
79 69 123 141 0
69 79 141 123 0
79 69 141 123 0
64 84 123 141 0
84 64 123 141 0
64 84 141 123 0
84 64 141 123 0
69 79 128 136 1
79 69 128 136 1
69 79 136 128 1
79 69 136 128 1
67 81 116 148 0
81 67 116 148 0
67 81 148 116 0
81 67 148 116 0
71 77 123 141 0
77 71 123 141 0
71 77 141 123 0
77 71 141 123 0
74 74 115 149 0
74 74 149 115 0
68 80 117 147 0
80 68 117 147 0
68 80 147 117 0
80 68 147 117 0
70 78 130 134 2
78 70 130 134 2
70 78 134 130 2
78 70 134 130 2
66 82 114 150 0
82 66 114 150 0
66 82 150 114 0
82 66 150 114 0
74 74 123 141 0
74 74 141 123 0
70 78 129 135 2
78 70 129 135 2
70 78 135 129 2
78 70 135 129 2
64 84 121 143 0
84 64 121 143 0
64 84 143 121 0
84 64 143 121 0
74 74 132 132 3
72 76 128 136 1
76 72 128 136 1
72 76 136 128 1
76 72 136 128 1
73 75 124 140 0
75 73 124 140 0
73 75 140 124 0
75 73 140 124 0
68 80 125 139 0
80 68 125 139 0
68 80 139 125 0
80 68 139 125 0
65 83 115 149 0
83 65 115 149 0
65 83 149 115 0
83 65 149 115 0
69 79 129 135 2
79 69 129 135 2
69 79 135 129 2
79 69 135 129 2
73 75 120 144 0
75 73 120 144 0
73 75 144 120 0
75 73 144 120 0
67 81 130 134 0
81 67 130 134 0
67 81 134 130 0
81 67 134 130 0
68 80 129 135 0
80 68 129 135 0
68 80 135 129 0
80 68 135 129 0
70 78 118 146 0
78 70 118 146 0
70 78 146 118 0
78 70 146 118 0
71 77 130 134 2
77 71 130 134 2
71 77 134 130 2
77 71 134 130 2
65 83 124 140 0
83 65 124 140 0
65 83 140 124 0
83 65 140 124 0
71 77 114 150 0
77 71 114 150 0
71 77 150 114 0
77 71 150 114 0
73 75 114 150 0
75 73 114 150 0
73 75 150 114 0
75 73 150 114 0
65 83 120 144 0
83 65 120 144 0
65 83 144 120 0
83 65 144 120 0
65 83 121 143 0
83 65 121 143 0
65 83 143 121 0
83 65 143 121 0
65 83 116 148 0
83 65 116 148 0
65 83 148 116 0
83 65 148 116 0
71 77 112 152 0
77 71 112 152 0
71 77 152 112 0
77 71 152 112 0
73 75 126 138 0
75 73 126 138 0
73 75 138 126 0
75 73 138 126 0
67 81 118 146 0
81 67 118 146 0
67 81 146 118 0
81 67 146 118 0
68 80 120 144 0
80 68 120 144 0
68 80 144 120 0
80 68 144 120 0
68 80 121 143 0
80 68 121 143 0
68 80 143 121 0
80 68 143 121 0
72 76 132 132 3
76 72 132 132 3
65 83 130 134 0
83 65 130 134 0
65 83 134 130 0
83 65 134 130 0
64 84 122 142 0
84 64 122 142 0
64 84 142 122 0
84 64 142 122 0
72 76 123 141 0
76 72 123 141 0
72 76 141 123 0
76 72 141 123 0
66 82 115 149 0
82 66 115 149 0
66 82 149 115 0
82 66 149 115 0
72 76 130 134 2
76 72 130 134 2
72 76 134 130 2
76 72 134 130 2
67 81 129 135 0
81 67 129 135 0
67 81 135 129 0
81 67 135 129 0
69 79 121 143 0
79 69 121 143 0
69 79 143 121 0
79 69 143 121 0
72 76 116 148 0
76 72 116 148 0
72 76 148 116 0
76 72 148 116 0
74 74 129 135 2
74 74 135 129 2
69 79 126 138 0
79 69 126 138 0
69 79 138 126 0
79 69 138 126 0
65 83 127 137 0
83 65 127 137 0
65 83 137 127 0
83 65 137 127 0
66 82 125 139 0
82 66 125 139 0
66 82 139 125 0
82 66 139 125 0
69 79 113 151 0
79 69 113 151 0
69 79 151 113 0
79 69 151 113 0
71 77 122 142 0
77 71 122 142 0
71 77 142 122 0
77 71 142 122 0
72 76 131 133 3
76 72 131 133 3
72 76 133 131 3
76 72 133 131 3
69 79 114 150 0
79 69 114 150 0
69 79 150 114 0
79 69 150 114 0
64 84 128 136 0
84 64 128 136 0
64 84 136 128 0
84 64 136 128 0
67 81 132 132 0
81 67 132 132 0
73 75 115 149 0
75 73 115 149 0
73 75 149 115 0
75 73 149 115 0
67 81 114 150 0
81 67 114 150 0
67 81 150 114 0
81 67 150 114 0
69 79 119 145 0
79 69 119 145 0
69 79 145 119 0
79 69 145 119 0
71 77 119 145 0
77 71 119 145 0
71 77 145 119 0
77 71 145 119 0
67 81 122 142 0
81 67 122 142 0
67 81 142 122 0
81 67 142 122 0
66 82 123 141 0
82 66 123 141 0
66 82 141 123 0
82 66 141 123 0
71 77 118 146 0
77 71 118 146 0
71 77 146 118 0
77 71 146 118 0
67 81 115 149 0
81 67 115 149 0
67 81 149 115 0
81 67 149 115 0
65 83 126 138 0
83 65 126 138 0
65 83 138 126 0
83 65 138 126 0
65 83 118 146 0
83 65 118 146 0
65 83 146 118 0
83 65 146 118 0
74 74 117 147 0
74 74 147 117 0
72 76 118 146 0
76 72 118 146 0
72 76 146 118 0
76 72 146 118 0
72 76 114 150 0
76 72 114 150 0
72 76 150 114 0
76 72 150 114 0
69 79 115 149 0
79 69 115 149 0
69 79 149 115 0
79 69 149 115 0
64 84 130 134 0
84 64 130 134 0
64 84 134 130 0
84 64 134 130 0
70 78 113 151 0
78 70 113 151 0
70 78 151 113 0
78 70 151 113 0
74 74 124 140 0
74 74 140 124 0
72 76 121 143 0
76 72 121 143 0
72 76 143 121 0
76 72 143 121 0
67 81 117 147 0
81 67 117 147 0
67 81 147 117 0
81 67 147 117 0
64 84 129 135 0
84 64 129 135 0
64 84 135 129 0
84 64 135 129 0
74 74 125 139 0
74 74 139 125 0
72 76 122 142 0
76 72 122 142 0
72 76 142 122 0
76 72 142 122 0
72 76 113 151 0
76 72 113 151 0
72 76 151 113 0
76 72 151 113 0
65 83 131 133 0
83 65 131 133 0
65 83 133 131 0
83 65 133 131 0
69 79 125 139 0
79 69 125 139 0
69 79 139 125 0
79 69 139 125 0
64 84 118 146 0
84 64 118 146 0
64 84 146 118 0
84 64 146 118 0
66 82 121 143 0
82 66 121 143 0
66 82 143 121 0
82 66 143 121 0
64 84 127 137 0
84 64 127 137 0
64 84 137 127 0
84 64 137 127 0
68 80 115 149 0
80 68 115 149 0
68 80 149 115 0
80 68 149 115 0
74 74 113 151 0
74 74 151 113 0
72 76 117 147 0
76 72 117 147 0
72 76 147 117 0
76 72 147 117 0
66 82 119 145 0
82 66 119 145 0
66 82 145 119 0
82 66 145 119 0
69 79 124 140 0
79 69 124 140 0
69 79 140 124 0
79 69 140 124 0
64 84 120 144 0
84 64 120 144 0
64 84 144 120 0
84 64 144 120 0
69 79 132 132 3
79 69 132 132 3
64 84 119 145 0
84 64 119 145 0
64 84 145 119 0
84 64 145 119 0
74 74 121 143 0
74 74 143 121 0
67 81 120 144 0
81 67 120 144 0
67 81 144 120 0
81 67 144 120 0
74 74 127 137 1
74 74 137 127 1
66 82 120 144 0
82 66 120 144 0
66 82 144 120 0
82 66 144 120 0
73 75 127 137 1
75 73 127 137 1
73 75 137 127 1
75 73 137 127 1
69 79 130 134 2
79 69 130 134 2
69 79 134 130 2
79 69 134 130 2
69 79 122 142 0
79 69 122 142 0
69 79 142 122 0
79 69 142 122 0
70 78 119 145 0
78 70 119 145 0
70 78 145 119 0
78 70 145 119 0
74 74 119 145 0
74 74 145 119 0
65 83 125 139 0
83 65 125 139 0
65 83 139 125 0
83 65 139 125 0
71 77 131 133 3
77 71 131 133 3
71 77 133 131 3
77 71 133 131 3
73 75 125 139 0
75 73 125 139 0
73 75 139 125 0
75 73 139 125 0
68 80 122 142 0
80 68 122 142 0
68 80 142 122 0
80 68 142 122 0
64 84 132 132 0
84 64 132 132 0
70 78 132 132 3
78 70 132 132 3
65 83 117 147 0
83 65 117 147 0
65 83 147 117 0
83 65 147 117 0
73 75 118 146 0
75 73 118 146 0
73 75 146 118 0
75 73 146 118 0
66 82 126 138 0
82 66 126 138 0
66 82 138 126 0
82 66 138 126 0
72 76 115 149 0
76 72 115 149 0
72 76 149 115 0
76 72 149 115 0
74 74 114 150 0
74 74 150 114 0
72 76 129 135 2
76 72 129 135 2
72 76 135 129 2
76 72 135 129 2
73 75 128 136 1
75 73 128 136 1
73 75 136 128 1
75 73 136 128 1
66 82 130 134 0
82 66 130 134 0
66 82 134 130 0
82 66 134 130 0
66 82 117 147 0
82 66 117 147 0
66 82 147 117 0
82 66 147 117 0
70 78 127 137 1
78 70 127 137 1
70 78 137 127 1
78 70 137 127 1
66 82 132 132 0
82 66 132 132 0
71 77 115 149 0
77 71 115 149 0
71 77 149 115 0
77 71 149 115 0
67 81 113 151 0
81 67 113 151 0
67 81 151 113 0
81 67 151 113 0
69 79 120 144 0
79 69 120 144 0
69 79 144 120 0
79 69 144 120 0
72 76 120 144 0
76 72 120 144 0
72 76 144 120 0
76 72 144 120 0
65 83 128 136 0
83 65 128 136 0
65 83 136 128 0
83 65 136 128 0
70 78 128 136 1
78 70 128 136 1
70 78 136 128 1
78 70 136 128 1
70 78 121 143 0
78 70 121 143 0
70 78 143 121 0
78 70 143 121 0
67 81 126 138 0
81 67 126 138 0
67 81 138 126 0
81 67 138 126 0
74 74 128 136 1
74 74 136 128 1
67 81 125 139 0
81 67 125 139 0
67 81 139 125 0
81 67 139 125 0
71 77 117 147 0
77 71 117 147 0
71 77 147 117 0
77 71 147 117 0
73 75 117 147 0
75 73 117 147 0
73 75 147 117 0
75 73 147 117 0
68 80 118 146 0
80 68 118 146 0
68 80 146 118 0
80 68 146 118 0
74 74 112 152 0
74 74 152 112 0
69 79 127 137 1
79 69 127 137 1
69 79 137 127 1
79 69 137 127 1
65 83 122 142 0
83 65 122 142 0
65 83 142 122 0
83 65 142 122 0
68 80 132 132 0
80 68 132 132 0
70 78 116 148 0
78 70 116 148 0
70 78 148 116 0
78 70 148 116 0
71 77 132 132 3
77 71 132 132 3
67 81 123 141 0
81 67 123 141 0
67 81 141 123 0
81 67 141 123 0
69 79 131 133 3
79 69 131 133 3
69 79 133 131 3
79 69 133 131 3
70 78 120 144 0
78 70 120 144 0
70 78 144 120 0
78 70 144 120 0
70 78 125 139 0
78 70 125 139 0
70 78 139 125 0
78 70 139 125 0
73 75 132 132 3
75 73 132 132 3
70 78 122 142 0
78 70 122 142 0
70 78 142 122 0
78 70 142 122 0
72 76 127 137 1
76 72 127 137 1
72 76 137 127 1
76 72 137 127 1
67 81 131 133 0
81 67 131 133 0
67 81 133 131 0
81 67 133 131 0
70 78 112 152 0
78 70 112 152 0
70 78 152 112 0
78 70 152 112 0
73 75 131 133 3
75 73 131 133 3
73 75 133 131 3
75 73 133 131 3
70 78 126 138 0
78 70 126 138 0
70 78 138 126 0
78 70 138 126 0
73 75 123 141 0
75 73 123 141 0
73 75 141 123 0
75 73 141 123 0
70 78 115 149 0
78 70 115 149 0
70 78 149 115 0
78 70 149 115 0
70 78 117 147 0
78 70 117 147 0
70 78 147 117 0
78 70 147 117 0
64 84 125 139 0
84 64 125 139 0
64 84 139 125 0
84 64 139 125 0
65 83 119 145 0
83 65 119 145 0
65 83 145 119 0
83 65 145 119 0
68 80 123 141 0
80 68 123 141 0
68 80 141 123 0
80 68 141 123 0
74 74 126 138 0
74 74 138 126 0
66 82 128 136 0
82 66 128 136 0
66 82 136 128 0
82 66 136 128 0
66 82 127 137 0
82 66 127 137 0
66 82 137 127 0
82 66 137 127 0
68 80 119 145 0
80 68 119 145 0
68 80 145 119 0
80 68 145 119 0
68 80 128 136 0
80 68 128 136 0
68 80 136 128 0
80 68 136 128 0
67 81 119 145 0
81 67 119 145 0
67 81 145 119 0
81 67 145 119 0
71 77 127 137 1
77 71 127 137 1
71 77 137 127 1
77 71 137 127 1
68 80 113 151 0
80 68 113 151 0
68 80 151 113 0
80 68 151 113 0
74 74 131 133 3
74 74 133 131 3
67 81 127 137 0
81 67 127 137 0
67 81 137 127 0
81 67 137 127 0
64 84 131 133 0
84 64 131 133 0
64 84 133 131 0
84 64 133 131 0
73 75 130 134 2
75 73 130 134 2
73 75 134 130 2
75 73 134 130 2
67 81 128 136 0
81 67 128 136 0
67 81 136 128 0
81 67 136 128 0
72 76 124 140 0
76 72 124 140 0
72 76 140 124 0
76 72 140 124 0
69 79 117 147 0
79 69 117 147 0
69 79 147 117 0
79 69 147 117 0
66 82 122 142 0
82 66 122 142 0
66 82 142 122 0
82 66 142 122 0
71 77 126 138 0
77 71 126 138 0
71 77 138 126 0
77 71 138 126 0
68 80 114 150 0
80 68 114 150 0
68 80 150 114 0
80 68 150 114 0
70 78 123 141 0
78 70 123 141 0
70 78 141 123 0
78 70 141 123 0
68 80 126 138 0
80 68 126 138 0
68 80 138 126 0
80 68 138 126 0
74 74 116 148 0
74 74 148 116 0
