(15, 25, 42) 16308
(10, 30, 42) 550
(20, 27, 35) 930167
(11, 31, 40) 3364
(12, 30, 40) 7547
(19, 22, 41) 76809
(18, 24, 40) 111963
(6, 37, 39) 1
(11, 24, 47) 23
(11, 25, 46) 72
(13, 30, 39) 20933
(19, 21, 42) 40959
(17, 31, 34) 424282
(24, 24, 34) 1765499
(9, 27, 46) 6
(17, 20, 45) 3102
(12, 21, 49) 2
(13, 33, 36) 37693
(17, 17, 48) 92
(12, 26, 44) 906
(8, 31, 43) 21
(17, 25, 40) 87964
(19, 19, 44) 8753
(11, 28, 43) 814
(19, 28, 35) 735690
(22, 26, 34) 1578374
(16, 17, 49) 17
(13, 28, 41) 9935
(16, 19, 47) 319
(23, 24, 35) 1314767
(15, 30, 37) 108793
(14, 22, 46) 517
(15, 21, 46) 754
(8, 32, 42) 41
(18, 23, 41) 66629
(16, 32, 34) 267223
(14, 29, 39) 37983
(18, 29, 35) 546071
(27, 27, 28) 4175947
(9, 28, 45) 19
(12, 28, 42) 3150
(16, 22, 44) 5946
(8, 36, 38) 146
(9, 26, 47) 1
(7, 37, 38) 22
(20, 22, 40) 146882
(24, 26, 32) 2687904
(17, 27, 38) 190701
(12, 34, 36) 17344
(18, 26, 38) 255084
(12, 32, 38) 13203
(19, 25, 38) 318773
(17, 29, 36) 320067
(13, 34, 35) 40185
(16, 30, 36) 212152
(16, 29, 37) 172957
(11, 30, 41) 2293
(24, 27, 31) 3059138
(8, 34, 40) 97
(18, 28, 36) 449608
(15, 22, 45) 1935
(8, 30, 44) 9
(22, 30, 30) 2399874
(6, 36, 40) 1
(22, 28, 32) 2163123
(14, 24, 44) 2901
(9, 36, 37) 689
(9, 29, 44) 46
(22, 25, 35) 1241667
(16, 31, 35) 245113
(15, 31, 36) 130225
(14, 28, 40) 26654
(18, 30, 34) 626765
(7, 32, 43) 3
(11, 27, 44) 413
(13, 29, 40) 14977
(16, 24, 42) 23196
(13, 25, 44) 1732
(11, 35, 36) 7028
(15, 23, 44) 4372
(15, 17, 50) 2
(17, 22, 43) 15709
(10, 31, 41) 879
(21, 24, 37) 606862
(11, 33, 38) 5655
(22, 23, 37) 644618
(20, 30, 32) 1389298
(20, 24, 38) 373051
(21, 27, 34) 1370701
(20, 23, 39) 242458
(14, 26, 42) 10457
(23, 28, 31) 2748868
(10, 26, 46) 23
(25, 26, 31) 3226437
(15, 28, 39) 62816
(13, 22, 47) 107
(21, 23, 38) 409685
(18, 27, 37) 349083
(11, 34, 37) 6539
(12, 33, 37) 15656
(10, 32, 40) 1282
(10, 27, 45) 65
(12, 23, 47) 54
(13, 24, 45) 788
(15, 32, 35) 146659
(9, 31, 42) 175
(10, 33, 39) 1698
(15, 33, 34) 155605
(18, 20, 44) 8379
(14, 33, 35) 80519
(10, 34, 38) 2074
(9, 33, 40) 406
(15, 18, 49) 14
(7, 35, 40) 15
(13, 20, 49) 6
(12, 27, 43) 1776
(16, 18, 48) 84
(17, 24, 41) 53719
(21, 25, 36) 844341
(12, 22, 48) 14
(15, 20, 47) 252
(13, 26, 43) 3405
(7, 33, 42) 6
(21, 30, 31) 1880539
(18, 31, 33) 680428
(16, 20, 46) 979
(10, 35, 37) 2329
(18, 32, 32) 699325
(14, 27, 41) 17357
(20, 28, 34) 1122899
(11, 23, 48) 6
(15, 26, 41) 27575
(24, 25, 33) 2239037
(23, 25, 34) 1716866
(15, 19, 48) 70
(14, 20, 48) 48
(25, 25, 32) 2761375
(25, 28, 29) 3764914
(26, 26, 30) 3671877
(14, 19, 49) 10
(7, 34, 41) 10
(17, 32, 33) 448675
(14, 23, 45) 1306
(17, 23, 42) 30345
(23, 23, 36) 949583
(14, 25, 43) 5776
(14, 34, 34) 83049
(16, 23, 43) 12319
(6, 38, 38) 1
(14, 21, 47) 173
(8, 37, 37) 152
(24, 29, 29) 3390540
(17, 18, 47) 357
(12, 35, 35) 17924
(22, 22, 38) 422625
(15, 24, 43) 8851
(9, 32, 41) 281
(18, 25, 39) 174828
(10, 29, 43) 308
(9, 35, 38) 630
(25, 27, 30) 3576620
(19, 27, 36) 590739
(20, 25, 37) 537538
(17, 19, 46) 1146
(12, 24, 46) 163
(13, 32, 37) 33129
(21, 26, 35) 1106821
(18, 22, 42) 36616
(11, 26, 45) 185
(18, 21, 43) 18407
(22, 29, 31) 2338440
(12, 25, 45) 411
(22, 24, 36) 922155
(16, 25, 41) 40082
(20, 21, 41) 82403
(23, 26, 33) 2119459
(9, 34, 39) 530
(18, 18, 46) 1198
(12, 29, 41) 5078
(11, 32, 39) 4537
(14, 32, 36) 73443
(15, 27, 40) 43159
(11, 22, 49) 1
(10, 36, 36) 2429
(19, 20, 43) 19934
(8, 28, 46) 1
(7, 36, 39) 20
(14, 30, 38) 50531
(10, 24, 48) 1
(22, 27, 33) 1898090
(21, 28, 33) 1606569
(16, 16, 50) 2
(23, 29, 30) 2894310
(19, 24, 39) 212916
(13, 21, 48) 29
(17, 30, 35) 379204
(19, 23, 40) 132762
(20, 26, 36) 728239
(8, 33, 41) 66
(16, 28, 38) 132634
(13, 27, 42) 6079
(16, 26, 40) 64103
(17, 28, 37) 254702
(7, 31, 44) 1
(20, 31, 31) 1426493
(19, 26, 37) 447387
(16, 27, 39) 95359
(19, 29, 34) 865916
(18, 19, 45) 3398
(19, 31, 32) 1017825
(23, 27, 32) 2478418
(14, 31, 37) 62888
(21, 29, 32) 1784649
(8, 35, 39) 124
(13, 19, 50) 1
(10, 28, 44) 154
(13, 23, 46) 316
(26, 27, 29) 3966327
(24, 28, 30) 3304716
(20, 29, 33) 1282995
(12, 31, 39) 10355
(10, 25, 47) 6
(8, 29, 45) 3
(26, 28, 28) 4069453
(14, 18, 50) 1
(17, 21, 44) 7380
(15, 29, 38) 85395
(16, 21, 45) 2569
(16, 33, 33) 274959
(21, 21, 40) 151890
(17, 26, 39) 133952
(21, 22, 39) 258624
(20, 20, 42) 42502
(9, 30, 43) 96
(19, 30, 33) 964560
(11, 29, 42) 1434
(13, 31, 38) 27252
