(0, 21, 25) 1
(9, 15, 22) 40542
(4, 18, 24) 1986
(3, 20, 23) 805
(6, 13, 27) 2945
(10, 10, 26) 11024
(7, 18, 21) 21979
(5, 12, 29) 643
(3, 17, 26) 444
(8, 11, 27) 5471
(2, 21, 23) 205
(4, 11, 31) 88
(4, 15, 27) 846
(5, 10, 31) 162
(6, 17, 23) 9946
(10, 17, 19) 78346
(2, 17, 27) 84
(8, 15, 23) 24200
(6, 19, 21) 12540
(9, 18, 19) 57403
(9, 17, 20) 54201
(2, 19, 25) 153
(9, 11, 26) 10452
(1, 19, 26) 15
(4, 20, 22) 2533
(5, 7, 34) 7
(13, 16, 17) 147975
(6, 10, 30) 520
(3, 18, 25) 581
(8, 12, 26) 8853
(6, 16, 24) 8090
(1, 22, 23) 27
(12, 14, 20) 98159
(11, 15, 20) 87404
(5, 19, 22) 5884
(9, 9, 28) 3304
(8, 8, 30) 725
(6, 11, 29) 1022
(14, 15, 17) 158473
(2, 18, 26) 117
(5, 11, 30) 342
(6, 6, 34) 7
(14, 14, 18) 144162
(10, 13, 23) 38389
(5, 13, 28) 1102
(7, 7, 32) 107
(10, 15, 21) 62017
(6, 8, 32) 93
(5, 6, 35) 1
(3, 15, 28) 206
(2, 13, 31) 8
(3, 10, 33) 4
(2, 15, 29) 32
(9, 16, 21) 48297
(5, 14, 27) 1730
(8, 19, 19) 38433
(9, 12, 25) 16331
(10, 14, 22) 50353
(2, 22, 22) 211
(7, 19, 20) 23264
(4, 16, 26) 1203
(4, 14, 28) 547
(7, 16, 23) 16468
(3, 14, 29) 122
(10, 18, 18) 80622
(4, 13, 29) 330
(7, 17, 22) 19596
(6, 9, 31) 238
(6, 20, 20) 12890
(3, 19, 24) 708
(1, 18, 27) 10
(11, 17, 18) 104360
(2, 11, 33) 1
(3, 11, 32) 13
(2, 16, 28) 54
(11, 14, 21) 73036
(9, 10, 27) 6156
(4, 17, 25) 1602
(13, 13, 20) 102061
(1, 17, 28) 6
(4, 19, 23) 2317
(1, 15, 30) 1
(5, 8, 33) 24
(12, 15, 19) 114261
(7, 14, 25) 9646
(5, 18, 23) 5230
(3, 13, 30) 67
(2, 14, 30) 16
(3, 21, 22) 861
(3, 12, 31) 32
(2, 12, 32) 3
(7, 12, 27) 4296
(11, 13, 22) 57280
(9, 14, 23) 31989
(4, 8, 34) 4
(12, 17, 17) 128835
(4, 9, 33) 14
(10, 12, 24) 27315
(4, 10, 32) 37
(0, 23, 23) 1
(8, 10, 28) 3092
(6, 18, 22) 11492
(8, 18, 20) 37336
(7, 13, 26) 6682
(12, 16, 18) 125009
(7, 15, 24) 13019
(4, 21, 21) 2618
(14, 16, 16) 163484
(1, 21, 24) 25
(12, 13, 21) 79206
(4, 12, 30) 179
(3, 16, 27) 315
(1, 16, 29) 3
(6, 14, 26) 4413
(7, 8, 31) 289
(0, 22, 24) 1
(6, 7, 33) 31
(11, 12, 23) 41998
(10, 16, 20) 71779
(8, 16, 22) 29671
(5, 9, 32) 68
(9, 13, 24) 23669
(8, 9, 29) 1589
(6, 15, 25) 6187
(13, 14, 19) 123038
(11, 16, 19) 98398
(5, 15, 26) 2527
(7, 10, 29) 1376
(8, 13, 25) 13282
(10, 11, 25) 18079
(2, 20, 24) 182
(4, 7, 35) 1
(1, 20, 25) 20
(5, 16, 25) 3438
(5, 17, 24) 4377
(8, 17, 21) 34288
(12, 12, 22) 59739
(6, 12, 28) 1809
(7, 11, 28) 2547
(5, 20, 21) 6238
(13, 15, 18) 139185
(11, 11, 24) 28661
(8, 14, 24) 18516
(7, 9, 30) 672
(3, 9, 34) 1
(15, 15, 16) 169034
