(4, 16, 38) 2
(9, 11, 38) 138
(8, 14, 36) 679
(13, 13, 32) 25174
(4, 25, 29) 487
(6, 12, 40) 2
(11, 20, 27) 118168
(6, 22, 30) 3655
(5, 16, 37) 34
(10, 23, 25) 99996
(16, 18, 24) 532904
(17, 18, 23) 651340
(12, 16, 30) 62764
(11, 21, 26) 139208
(3, 18, 37) 1
(11, 16, 31) 33725
(9, 21, 28) 42043
(12, 19, 27) 159608
(2, 23, 33) 2
(12, 12, 34) 6583
(3, 23, 32) 44
(4, 21, 33) 141
(18, 18, 22) 750683
(8, 15, 35) 1408
(4, 23, 31) 309
(14, 20, 24) 410484
(16, 21, 21) 682507
(5, 21, 32) 750
(8, 19, 31) 10889
(7, 22, 29) 10180
(17, 19, 22) 728066
(13, 18, 27) 199114
(5, 19, 34) 296
(7, 11, 40) 5
(4, 26, 28) 547
(17, 17, 24) 550332
(9, 9, 40) 9
(6, 18, 34) 748
(10, 16, 32) 16417
(7, 19, 32) 4067
(18, 19, 21) 816787
(6, 16, 36) 201
(10, 21, 27) 80325
(19, 19, 20) 864853
(6, 14, 38) 33
(15, 19, 24) 483435
(7, 14, 37) 179
(11, 22, 25) 155146
(11, 13, 34) 6238
(16, 19, 23) 611703
(7, 15, 36) 407
(13, 14, 31) 44013
(9, 23, 26) 55579
(7, 10, 41) 1
(6, 26, 26) 6013
(14, 16, 28) 168657
(2, 28, 28) 11
(6, 25, 27) 5823
(4, 19, 35) 43
(11, 17, 30) 50790
(15, 16, 27) 247423
(6, 24, 28) 5314
(5, 23, 30) 1389
(9, 16, 33) 7103
(8, 22, 28) 24036
(7, 12, 39) 21
(6, 13, 39) 10
(10, 12, 36) 1168
(15, 18, 25) 409981
(18, 20, 20) 840081
(4, 20, 34) 83
(14, 14, 30) 74155
(12, 23, 23) 246369
(3, 24, 31) 64
(4, 17, 37) 7
(5, 13, 40) 1
(7, 17, 34) 1538
(7, 23, 28) 12160
(7, 21, 30) 8006
(8, 20, 30) 15105
(7, 25, 26) 14508
(14, 19, 25) 358341
(8, 17, 33) 4598
(10, 11, 37) 455
(14, 22, 22) 457217
(15, 17, 26) 328209
(9, 14, 35) 2061
(9, 17, 32) 11629
(11, 18, 29) 71573
(14, 18, 26) 295771
(7, 24, 27) 13681
(9, 24, 25) 58741
(13, 15, 30) 71124
(15, 20, 23) 539050
(15, 21, 22) 569076
(2, 25, 31) 6
(7, 18, 33) 2605
(7, 13, 38) 68
(2, 24, 32) 4
(17, 20, 21) 769492
(10, 18, 30) 37556
(6, 21, 31) 2739
(6, 20, 32) 1921
(9, 15, 34) 3998
(2, 27, 29) 10
(8, 11, 39) 32
(5, 26, 27) 2072
(9, 22, 27) 49738
(6, 23, 29) 4543
(9, 18, 31) 17698
(8, 10, 40) 8
(8, 13, 37) 289
(16, 20, 22) 664186
(2, 26, 30) 9
(10, 14, 34) 5300
(16, 17, 25) 438324
(14, 17, 27) 230231
(5, 17, 36) 79
(4, 24, 30) 406
(2, 22, 34) 1
(4, 27, 27) 565
(7, 20, 31) 5903
(5, 24, 29) 1698
(5, 14, 39) 4
(10, 24, 24) 102779
(14, 15, 29) 115753
(9, 20, 29) 33521
(9, 19, 30) 25152
(12, 20, 26) 193295
(11, 23, 24) 163732
(13, 20, 25) 292077
(3, 25, 30) 84
(10, 13, 35) 2627
(4, 18, 36) 20
(12, 22, 24) 239903
(7, 16, 35) 833
(15, 15, 28) 175058
(10, 15, 33) 9713
(8, 24, 26) 30184
(10, 10, 38) 153
(5, 25, 28) 1939
(11, 19, 28) 94744
(5, 20, 33) 492
(6, 15, 37) 86
(13, 19, 26) 248129
(6, 17, 35) 406
(8, 23, 27) 27705
(13, 22, 23) 343267
(12, 21, 25) 221269
(3, 22, 33) 28
(16, 16, 26) 339807
(11, 14, 33) 11914
(14, 21, 23) 445022
(9, 10, 39) 41
(11, 12, 35) 2950
(3, 20, 35) 7
(8, 9, 41) 1
(3, 26, 29) 100
(5, 22, 31) 1060
(8, 21, 29) 19631
(4, 22, 32) 220
(3, 27, 28) 109
(5, 18, 35) 162
(3, 19, 36) 3
(8, 18, 32) 7346
(5, 15, 38) 12
(10, 22, 26) 92171
(12, 17, 29) 91219
(9, 12, 37) 392
(13, 21, 24) 325332
(3, 21, 34) 15
(10, 20, 28) 66183
(8, 25, 25) 31035
(10, 19, 29) 51393
(12, 15, 31) 40283
(12, 13, 33) 13175
(13, 17, 28) 150581
(10, 17, 31) 25693
(6, 19, 33) 1247
(13, 16, 29) 106990
(11, 15, 32) 20840
(8, 16, 34) 2665
(11, 11, 36) 1242
(8, 12, 38) 106
(12, 18, 28) 124410
(12, 14, 32) 24020
(9, 13, 36) 958
