(17, 19, 28) 617315
(9, 15, 40) 193
(11, 25, 28) 120625
(7, 22, 35) 1661
(6, 16, 42) 1
(8, 16, 40) 113
(15, 15, 34) 51210
(13, 22, 29) 237688
(13, 13, 38) 2814
(12, 17, 35) 20939
(8, 25, 31) 12661
(17, 20, 27) 766418
(3, 26, 35) 4
(18, 19, 27) 815814
(16, 20, 28) 560422
(5, 19, 40) 4
(3, 25, 36) 2
(11, 11, 42) 26
(15, 16, 33) 88086
(3, 28, 33) 10
(13, 21, 30) 191203
(6, 29, 29) 2275
(15, 18, 31) 209202
(4, 26, 34) 58
(12, 22, 30) 137974
(9, 21, 34) 10326
(14, 16, 34) 49156
(5, 25, 34) 282
(10, 27, 27) 71440
(10, 14, 40) 288
(7, 20, 37) 574
(15, 17, 32) 140480
(6, 24, 34) 948
(5, 29, 30) 616
(4, 27, 33) 81
(7, 24, 33) 3472
(11, 23, 30) 91545
(7, 15, 42) 4
(8, 28, 28) 16620
(16, 16, 32) 145912
(8, 27, 29) 16126
(6, 20, 38) 109
(10, 20, 34) 17266
(5, 20, 39) 12
(13, 23, 28) 279315
(9, 19, 36) 3992
(6, 25, 33) 1306
(18, 18, 28) 637547
(6, 17, 41) 5
(11, 14, 39) 953
(18, 21, 25) 1127062
(3, 29, 32) 12
(9, 25, 30) 30308
(11, 20, 33) 39005
(14, 25, 25) 479966
(11, 19, 34) 25808
(16, 18, 30) 324147
(4, 30, 30) 122
(16, 22, 26) 771907
(10, 19, 35) 10915
(19, 19, 26) 1016153
(12, 24, 28) 191311
(4, 21, 39) 1
(9, 22, 33) 14896
(12, 20, 32) 78933
(5, 18, 41) 1
(11, 22, 31) 73210
(9, 18, 37) 2197
(13, 20, 31) 145129
(4, 25, 35) 37
(12, 19, 33) 54372
(16, 17, 31) 224817
(5, 22, 37) 62
(6, 28, 30) 2201
(8, 17, 39) 282
(11, 24, 29) 108078
(12, 25, 27) 207402
(13, 19, 32) 103615
(5, 24, 35) 188
(10, 24, 30) 55481
(12, 26, 26) 213063
(20, 22, 22) 1527846
(14, 23, 27) 431810
(15, 23, 26) 621029
(12, 12, 40) 375
(14, 17, 33) 81391
(17, 18, 29) 469175
(11, 17, 36) 9055
(3, 27, 34) 7
(10, 17, 37) 3438
(4, 28, 32) 101
(9, 14, 41) 66
(10, 25, 29) 63866
(6, 26, 32) 1668
(13, 25, 26) 327788
(7, 19, 38) 291
(5, 23, 36) 113
(10, 18, 36) 6394
(7, 28, 29) 6619
(12, 15, 37) 5840
(4, 24, 36) 21
(8, 24, 32) 10220
(14, 20, 30) 245264
(7, 17, 40) 51
(14, 21, 29) 313230
(17, 23, 24) 1054725
(6, 21, 37) 218
(3, 30, 31) 14
(18, 22, 24) 1220789
(12, 21, 31) 107533
(15, 22, 27) 558730
(14, 18, 32) 125483
(4, 23, 37) 10
(13, 24, 27) 310817
(5, 21, 38) 29
(13, 15, 36) 13352
(8, 19, 37) 1225
(9, 12, 43) 3
(9, 17, 38) 1095
(14, 22, 28) 378050
(11, 15, 38) 2241
(11, 21, 32) 55126
(10, 22, 32) 35093
(7, 14, 43) 1
(12, 16, 36) 11571
(10, 26, 28) 69476
(10, 23, 31) 45460
(12, 14, 38) 2668
(9, 20, 35) 6674
(10, 10, 44) 1
(5, 27, 32) 489
(6, 18, 40) 18
(19, 22, 23) 1404989
(7, 21, 36) 1019
(15, 20, 29) 383877
(8, 26, 30) 14736
(16, 23, 25) 835393
(7, 18, 39) 132
(9, 27, 28) 36057
(8, 14, 42) 11
(20, 20, 24) 1370843
(7, 16, 41) 17
(8, 23, 33) 7733
(17, 21, 26) 899758
(13, 17, 34) 43296
(11, 18, 35) 15903
(16, 24, 24) 857692
(10, 13, 41) 94
(8, 13, 43) 2
(8, 21, 35) 3597
(8, 20, 36) 2191
(7, 26, 31) 5467
(10, 15, 39) 739
(5, 28, 31) 571
(11, 13, 40) 349
(5, 26, 33) 388
(10, 11, 43) 5
(4, 29, 31) 116
(18, 23, 23) 1253518
(15, 19, 30) 292091
(8, 15, 41) 38
(13, 18, 33) 69361
(18, 20, 26) 985875
(7, 23, 34) 2490
(12, 18, 34) 35008
(13, 14, 37) 6485
(7, 25, 32) 4503
(16, 19, 29) 438979
(9, 24, 31) 25439
(14, 24, 26) 467501
(15, 21, 28) 476166
(10, 12, 42) 25
(14, 15, 35) 27424
(11, 26, 27) 127409
(14, 19, 31) 180976
(6, 19, 39) 48
(7, 27, 30) 6213
(19, 20, 25) 1195822
(9, 23, 32) 20082
(6, 23, 35) 634
(17, 22, 25) 1000501
(9, 26, 29) 34033
(9, 13, 42) 17
(11, 12, 41) 108
(16, 21, 27) 675953
(11, 16, 37) 4738
(4, 22, 38) 4
(19, 21, 24) 1331704
(6, 22, 36) 391
(15, 24, 25) 654602
(8, 22, 34) 5471
(17, 17, 30) 335444
(9, 16, 39) 493
(6, 27, 31) 1985
(21, 21, 22) 1570852
(14, 14, 36) 14033
(20, 21, 23) 1486985
(3, 24, 37) 1
(10, 21, 33) 25438
(12, 23, 29) 167050
(12, 13, 39) 1076
(10, 16, 38) 1685
(13, 16, 35) 25080
(8, 18, 38) 622
