10 10 38 152
10 11 37 450
10 12 36 1147
10 13 35 2563
10 14 34 5137
10 15 33 9374
10 16 32 15781
10 17 31 24637
10 18 30 35931
10 19 29 49106
10 20 28 63160
10 21 27 76610
10 22 26 87856
10 23 25 95300
10 24 24 97932
11 11 36 1220
11 12 35 2875
11 13 34 6035
11 14 33 11453
11 15 32 19937
11 16 31 32133
11 17 30 48245
11 18 29 67824
11 19 28 89622
11 20 27 111628
11 21 26 131383
11 22 25 146337
11 23 24 154391
12 12 34 6362
12 13 33 12643
12 14 32 22899
12 15 31 38214
12 16 30 59276
12 17 29 85873
12 18 28 116790
12 19 27 149540
12 20 26 180775
12 21 25 206701
12 22 24 223999
12 23 23 229968
13 13 32 23981
13 14 31 41655
13 15 30 66952
13 16 29 100256
13 17 28 140586
13 18 27 185315
14 14 30 69705
14 15 29 108210
14 16 28 156890
15 15 28 162679
2 22 34 1
2 23 33 2
2 24 32 4
2 25 31 6
2 26 30 9
2 27 29 10
2 28 28 11
3 18 37 1
3 19 36 3
3 20 35 7
3 21 34 15
3 22 33 28
3 23 32 44
3 24 31 64
3 25 30 84
3 26 29 100
3 27 28 109
4 16 38 2
4 17 37 7
4 18 36 20
4 19 35 43
4 20 34 83
4 21 33 141
4 22 32 220
4 23 31 309
4 24 30 406
4 25 29 487
4 26 28 547
4 27 27 565
5 13 40 1
5 14 39 4
5 15 38 12
5 16 37 34
5 17 36 79
5 18 35 162
5 19 34 296
5 20 33 492
5 21 32 750
5 22 31 1060
5 23 30 1389
5 24 29 1698
5 25 28 1939
5 26 27 2072
6 12 40 2
6 13 39 10
6 14 38 33
6 15 37 86
6 16 36 200
6 17 35 404
6 18 34 743
6 19 33 1239
6 20 32 1908
6 21 31 2721
6 22 30 3630
6 23 29 4514
6 24 28 5279
6 25 27 5786
6 26 26 5974
7 10 41 1
7 11 40 5
7 12 39 21
7 13 38 68
7 14 37 178
7 15 36 404
7 16 35 824
7 17 34 1519
7 18 33 2569
7 19 32 4009
7 20 31 5816
7 21 30 7886
7 22 29 10027
7 23 28 11978
7 24 27 13476
7 25 26 14291
8 10 40 8
8 11 39 32
8 12 38 106
8 13 37 287
8 14 36 670
8 15 35 1385
8 16 34 2611
8 17 33 4497
8 18 32 7172
8 19 31 10625
8 20 30 14726
8 21 29 19136
8 22 28 23422
8 23 27 27000
8 24 26 29410
8 25 25 30243
8 9 41 1
9 10 39 41
9 11 38 138
9 12 37 389
9 13 36 944
9 14 35 2018
9 15 34 3897
9 16 33 6897
9 17 32 11265
9 18 31 17112
9 19 30 24290
9 20 29 32344
9 21 28 40545
9 22 27 47949
9 23 26 53571
9 24 25 56612
9 9 40 9
