10 10 23 1855
10 11 22 3407
10 12 21 5523
10 13 20 8037
10 14 19 10553
10 15 18 12621
10 16 17 13787
11 11 21 5861
11 12 20 8979
11 13 19 12396
11 14 18 15510
11 15 17 17711
11 16 16 18513
12 12 19 13056
12 13 18 17174
12 14 17 20524
12 15 16 22427
13 13 17 21572
13 14 16 24670
13 15 15 25791
14 14 15 26995
2 16 25 1
2 17 24 2
2 18 23 4
2 19 22 6
2 20 21 7
3 13 27 1
3 14 26 3
3 15 25 8
3 16 24 17
3 17 23 28
3 18 22 41
3 19 21 50
3 20 20 54
4 11 28 1
4 12 27 5
4 13 26 15
4 14 25 34
4 15 24 65
4 16 23 108
4 17 22 155
4 18 21 197
4 19 20 222
5 10 28 4
5 11 27 15
5 12 26 41
5 13 25 93
5 14 24 175
5 15 23 289
5 16 22 426
5 17 21 554
5 18 20 652
5 19 19 686
5 9 29 1
6 10 27 26
6 11 26 75
6 12 25 175
6 13 24 346
6 14 23 588
6 15 22 891
6 16 21 1208
6 17 20 1474
6 18 19 1628
6 8 29 1
6 9 28 7
7 10 26 114
7 11 25 276
7 12 24 563
7 13 23 1000
7 14 22 1567
7 15 21 2202
7 16 20 2801
7 17 19 3223
7 18 18 3381
7 7 29 2
7 8 28 10
7 9 27 40
8 10 25 352
8 11 24 761
8 12 23 1417
8 13 22 2333
8 14 21 3417
8 15 20 4528
8 16 19 5445
8 17 18 5962
8 8 27 43
8 9 26 139
9 10 24 884
9 11 23 1744
9 12 22 3014
9 13 21 4640
9 14 20 6419
9 15 19 8058
9 16 18 9222
9 17 17 9635
9 9 25 388
