0 10 18 1
0 11 17 2
0 12 16 3
0 13 15 4
0 14 14 4
1 10 17 22
1 11 16 31
1 12 15 39
1 13 14 43
1 6 21 1
1 7 20 3
1 8 19 7
1 9 18 13
2 10 16 100
2 11 15 128
2 12 14 149
2 13 13 156
2 4 22 1
2 5 21 3
2 6 20 10
2 7 19 22
2 8 18 42
2 9 17 68
3 10 15 282
3 11 14 340
3 12 13 374
3 3 22 1
3 4 21 6
3 5 20 17
3 6 19 42
3 7 18 82
3 8 17 140
3 9 16 209
4 10 14 600
4 11 13 687
4 12 12 721
4 4 20 22
4 5 19 55
4 6 18 119
4 7 17 213
4 8 16 337
4 9 15 472
5 10 13 1044
5 11 12 1143
5 5 18 129
5 6 17 258
5 7 16 435
5 8 15 649
5 9 14 864
6 10 12 1572
6 11 11 1641
6 6 16 479
6 7 15 761
6 8 14 1076
6 9 13 1363
7 10 11 2064
7 7 14 1150
7 8 13 1549
7 9 12 1877
8 10 10 2427
8 8 12 1994
8 9 11 2305
9 9 10 2552
