0 11 10 12 0
11 0 10 12 0
0 11 12 10 0
11 0 12 10 0
0 11 11 11 0
11 0 11 11 0
1 10 10 12 0
10 1 10 12 0
1 10 12 10 0
10 1 12 10 0
1 10 11 11 0
10 1 11 11 0
1 10 6 16 0
10 1 6 16 0
1 10 16 6 0
10 1 16 6 0
1 10 7 15 0
10 1 7 15 0
1 10 15 7 0
10 1 15 7 0
1 10 8 14 0
10 1 8 14 0
1 10 14 8 0
10 1 14 8 0
2 9 6 16 0
9 2 6 16 0
2 9 16 6 0
9 2 16 6 0
2 9 7 15 0
9 2 7 15 0
2 9 15 7 0
9 2 15 7 0
2 9 8 14 0
9 2 8 14 0
2 9 14 8 0
9 2 14 8 0
1 10 9 13 0
10 1 9 13 0
1 10 13 9 0
10 1 13 9 0
2 9 9 13 0
9 2 9 13 0
2 9 13 9 0
9 2 13 9 0
2 9 10 12 0
9 2 10 12 0
2 9 12 10 0
9 2 12 10 0
2 9 11 11 0
9 2 11 11 0
3 8 6 16 1
8 3 6 16 1
3 8 16 6 1
8 3 16 6 1
3 8 7 15 1
8 3 7 15 1
3 8 15 7 1
8 3 15 7 1
3 8 8 14 2
8 3 8 14 2
3 8 14 8 2
8 3 14 8 2
3 8 9 13 2
8 3 9 13 2
3 8 13 9 2
8 3 13 9 2
3 8 10 12 3
8 3 10 12 3
3 8 12 10 3
8 3 12 10 3
3 8 11 11 3
8 3 11 11 3
2 9 4 18 0
9 2 4 18 0
2 9 18 4 0
9 2 18 4 0
2 9 5 17 0
9 2 5 17 0
2 9 17 5 0
9 2 17 5 0
3 8 4 18 0
8 3 4 18 0
3 8 18 4 0
8 3 18 4 0
3 8 5 17 0
8 3 5 17 0
3 8 17 5 0
8 3 17 5 0
3 8 3 19 0
8 3 3 19 0
3 8 19 3 0
8 3 19 3 0
4 7 3 19 0
7 4 3 19 0
4 7 19 3 0
7 4 19 3 0
4 7 4 18 0
7 4 4 18 0
4 7 18 4 0
7 4 18 4 0
4 7 5 17 0
7 4 5 17 0
4 7 17 5 0
7 4 17 5 0
4 7 6 16 1
7 4 6 16 1
4 7 16 6 1
7 4 16 6 1
4 7 7 15 2
7 4 7 15 2
4 7 15 7 2
7 4 15 7 2
4 7 8 14 4
7 4 8 14 4
4 7 14 8 4
7 4 14 8 4
4 7 9 13 5
7 4 9 13 5
4 7 13 9 5
7 4 13 9 5
4 7 10 12 7
7 4 10 12 7
4 7 12 10 7
7 4 12 10 7
4 7 11 11 7
7 4 11 11 7
5 6 4 18 0
6 5 4 18 0
5 6 18 4 0
6 5 18 4 0
5 6 5 17 0
6 5 5 17 0
5 6 17 5 0
6 5 17 5 0
5 6 6 16 1
6 5 6 16 1
5 6 16 6 1
6 5 16 6 1
5 6 7 15 2
6 5 7 15 2
5 6 15 7 2
6 5 15 7 2
5 6 8 14 5
6 5 8 14 5
5 6 14 8 5
6 5 14 8 5
5 6 9 13 7
6 5 9 13 7
5 6 13 9 7
6 5 13 9 7
5 6 10 12 10
6 5 10 12 10
5 6 12 10 10
6 5 12 10 10
5 6 11 11 10
6 5 11 11 10
4 7 2 20 0
7 4 2 20 0
4 7 20 2 0
7 4 20 2 0
5 6 2 20 0
6 5 2 20 0
5 6 20 2 0
6 5 20 2 0
5 6 3 19 0
6 5 3 19 0
5 6 19 3 0
6 5 19 3 0
