4 17 16 26 0
17 4 16 26 0
4 17 26 16 0
17 4 26 16 0
4 17 17 25 0
17 4 17 25 0
4 17 25 17 0
17 4 25 17 0
4 17 18 24 0
17 4 18 24 0
4 17 24 18 0
17 4 24 18 0
4 17 19 23 0
17 4 19 23 0
4 17 23 19 0
17 4 23 19 0
4 17 20 22 0
17 4 20 22 0
4 17 22 20 0
17 4 22 20 0
4 17 21 21 0
17 4 21 21 0
5 16 16 26 0
16 5 16 26 0
5 16 26 16 0
16 5 26 16 0
5 16 17 25 0
16 5 17 25 0
5 16 25 17 0
16 5 25 17 0
5 16 18 24 0
16 5 18 24 0
5 16 24 18 0
16 5 24 18 0
5 16 19 23 0
16 5 19 23 0
5 16 23 19 0
16 5 23 19 0
5 16 20 22 0
16 5 20 22 0
5 16 22 20 0
16 5 22 20 0
5 16 21 21 0
16 5 21 21 0
6 15 16 26 0
15 6 16 26 0
6 15 26 16 0
15 6 26 16 0
6 15 17 25 0
15 6 17 25 0
6 15 25 17 0
15 6 25 17 0
6 15 18 24 0
15 6 18 24 0
6 15 24 18 0
15 6 24 18 0
6 15 19 23 0
15 6 19 23 0
6 15 23 19 0
15 6 23 19 0
6 15 20 22 0
15 6 20 22 0
6 15 22 20 0
15 6 22 20 0
6 15 21 21 0
15 6 21 21 0
7 14 16 26 0
14 7 16 26 0
7 14 26 16 0
14 7 26 16 0
7 14 17 25 0
14 7 17 25 0
7 14 25 17 0
14 7 25 17 0
7 14 18 24 0
14 7 18 24 0
7 14 24 18 0
14 7 24 18 0
7 14 19 23 1
14 7 19 23 1
7 14 23 19 1
14 7 23 19 1
7 14 20 22 2
14 7 20 22 2
7 14 22 20 2
14 7 22 20 2
7 14 21 21 2
14 7 21 21 2
5 16 13 29 0
16 5 13 29 0
5 16 29 13 0
16 5 29 13 0
5 16 14 28 0
16 5 14 28 0
5 16 28 14 0
16 5 28 14 0
5 16 15 27 0
16 5 15 27 0
5 16 27 15 0
16 5 27 15 0
6 15 13 29 0
15 6 13 29 0
6 15 29 13 0
15 6 29 13 0
6 15 14 28 0
15 6 14 28 0
6 15 28 14 0
15 6 28 14 0
6 15 15 27 0
15 6 15 27 0
6 15 27 15 0
15 6 27 15 0
7 14 13 29 0
14 7 13 29 0
7 14 29 13 0
14 7 29 13 0
7 14 14 28 0
14 7 14 28 0
7 14 28 14 0
14 7 28 14 0
7 14 15 27 0
14 7 15 27 0
7 14 27 15 0
14 7 27 15 0
8 13 13 29 0
13 8 13 29 0
8 13 29 13 0
13 8 29 13 0
8 13 14 28 0
13 8 14 28 0
8 13 28 14 0
13 8 28 14 0
8 13 15 27 0
13 8 15 27 0
8 13 27 15 0
13 8 27 15 0
8 13 16 26 1
13 8 16 26 1
8 13 26 16 1
13 8 26 16 1
8 13 17 25 3
13 8 17 25 3
8 13 25 17 3
13 8 25 17 3
8 13 18 24 7
13 8 18 24 7
8 13 24 18 7
13 8 24 18 7
8 13 19 23 12
13 8 19 23 12
8 13 23 19 12
13 8 23 19 12
8 13 20 22 17
13 8 20 22 17
8 13 22 20 17
13 8 22 20 17
8 13 21 21 18
13 8 21 21 18
6 15 12 30 0
15 6 12 30 0
6 15 30 12 0
15 6 30 12 0
7 14 12 30 0
14 7 12 30 0
7 14 30 12 0
14 7 30 12 0
8 13 12 30 0
13 8 12 30 0
8 13 30 12 0
13 8 30 12 0
9 12 12 30 0
12 9 12 30 0
9 12 30 12 0
12 9 30 12 0
9 12 13 29 0
12 9 13 29 0
9 12 29 13 0
12 9 29 13 0
9 12 14 28 0
12 9 14 28 0
9 12 28 14 0
12 9 28 14 0
9 12 15 27 1
12 9 15 27 1
9 12 27 15 1
12 9 27 15 1
9 12 16 26 4
12 9 16 26 4
9 12 26 16 4
12 9 26 16 4
9 12 17 25 11
12 9 17 25 11
9 12 25 17 11
12 9 25 17 11
9 12 18 24 23
12 9 18 24 23
9 12 24 18 23
12 9 24 18 23
9 12 19 23 36
12 9 19 23 36
9 12 23 19 36
12 9 23 19 36
9 12 20 22 48
12 9 20 22 48
9 12 22 20 48
12 9 22 20 48
9 12 21 21 52
12 9 21 21 52
10 11 13 29 0
11 10 13 29 0
10 11 29 13 0
11 10 29 13 0
10 11 14 28 0
11 10 14 28 0
10 11 28 14 0
11 10 28 14 0
10 11 15 27 2
11 10 15 27 2
10 11 27 15 2
11 10 27 15 2
10 11 16 26 8
11 10 16 26 8
10 11 26 16 8
11 10 26 16 8
10 11 17 25 20
11 10 17 25 20
10 11 25 17 20
11 10 25 17 20
10 11 18 24 39
11 10 18 24 39
10 11 24 18 39
11 10 24 18 39
10 11 19 23 60
11 10 19 23 60
10 11 23 19 60
11 10 23 19 60
10 11 20 22 78
11 10 20 22 78
10 11 22 20 78
11 10 22 20 78
10 11 21 21 84
11 10 21 21 84
7 14 10 32 0
14 7 10 32 0
7 14 32 10 0
14 7 32 10 0
7 14 11 31 0
14 7 11 31 0
7 14 31 11 0
14 7 31 11 0
8 13 10 32 0
13 8 10 32 0
8 13 32 10 0
13 8 32 10 0
8 13 11 31 0
13 8 11 31 0
8 13 31 11 0
13 8 31 11 0
9 12 10 32 0
12 9 10 32 0
9 12 32 10 0
12 9 32 10 0
9 12 11 31 0
12 9 11 31 0
9 12 31 11 0
12 9 31 11 0
10 11 10 32 0
11 10 10 32 0
10 11 32 10 0
11 10 32 10 0
10 11 11 31 0
11 10 11 31 0
10 11 31 11 0
11 10 31 11 0
10 11 12 30 0
11 10 12 30 0
10 11 30 12 0
11 10 30 12 0
9 12 9 33 0
12 9 9 33 0
9 12 33 9 0
12 9 33 9 0
10 11 9 33 0
11 10 9 33 0
10 11 33 9 0
11 10 33 9 0
