0 13 10 16 0
13 0 10 16 0
0 13 16 10 0
13 0 16 10 0
0 13 11 15 0
13 0 11 15 0
0 13 15 11 0
13 0 15 11 0
0 13 12 14 0
13 0 12 14 0
0 13 14 12 0
13 0 14 12 0
0 13 13 13 0
13 0 13 13 0
1 12 10 16 0
12 1 10 16 0
1 12 16 10 0
12 1 16 10 0
1 12 11 15 0
12 1 11 15 0
1 12 15 11 0
12 1 15 11 0
1 12 12 14 0
12 1 12 14 0
1 12 14 12 0
12 1 14 12 0
1 12 13 13 0
12 1 13 13 0
2 11 10 16 1
11 2 10 16 1
2 11 16 10 1
11 2 16 10 1
2 11 11 15 1
11 2 11 15 1
2 11 15 11 1
11 2 15 11 1
2 11 12 14 2
11 2 12 14 2
2 11 14 12 2
11 2 14 12 2
2 11 13 13 2
11 2 13 13 2
3 10 10 16 4
10 3 10 16 4
3 10 16 10 4
10 3 16 10 4
3 10 11 15 6
10 3 11 15 6
3 10 15 11 6
10 3 15 11 6
3 10 12 14 9
10 3 12 14 9
3 10 14 12 9
10 3 14 12 9
3 10 13 13 10
10 3 13 13 10
1 12 6 20 0
12 1 6 20 0
1 12 20 6 0
12 1 20 6 0
1 12 7 19 0
12 1 7 19 0
1 12 19 7 0
12 1 19 7 0
1 12 8 18 0
12 1 8 18 0
1 12 18 8 0
12 1 18 8 0
1 12 9 17 0
12 1 9 17 0
1 12 17 9 0
12 1 17 9 0
2 11 6 20 0
11 2 6 20 0
2 11 20 6 0
11 2 20 6 0
2 11 7 19 0
11 2 7 19 0
2 11 19 7 0
11 2 19 7 0
2 11 8 18 0
11 2 8 18 0
2 11 18 8 0
11 2 18 8 0
2 11 9 17 0
11 2 9 17 0
2 11 17 9 0
11 2 17 9 0
3 10 6 20 0
10 3 6 20 0
3 10 20 6 0
10 3 20 6 0
3 10 7 19 0
10 3 7 19 0
3 10 19 7 0
10 3 19 7 0
3 10 8 18 0
10 3 8 18 0
3 10 18 8 0
10 3 18 8 0
3 10 9 17 1
10 3 9 17 1
3 10 17 9 1
10 3 17 9 1
4 9 6 20 0
9 4 6 20 0
4 9 20 6 0
9 4 20 6 0
4 9 7 19 1
9 4 7 19 1
4 9 19 7 1
9 4 19 7 1
4 9 8 18 3
9 4 8 18 3
4 9 18 8 3
9 4 18 8 3
4 9 9 17 7
9 4 9 17 7
4 9 17 9 7
9 4 17 9 7
4 9 10 16 15
9 4 10 16 15
4 9 16 10 15
9 4 16 10 15
4 9 11 15 22
9 4 11 15 22
4 9 15 11 22
9 4 15 11 22
4 9 12 14 30
9 4 12 14 30
4 9 14 12 30
9 4 14 12 30
4 9 13 13 32
9 4 13 13 32
5 8 6 20 0
8 5 6 20 0
5 8 20 6 0
8 5 20 6 0
5 8 7 19 2
8 5 7 19 2
5 8 19 7 2
8 5 19 7 2
5 8 8 18 7
8 5 8 18 7
5 8 18 8 7
8 5 18 8 7
5 8 9 17 16
8 5 9 17 16
5 8 17 9 16
8 5 17 9 16
5 8 10 16 31
8 5 10 16 31
5 8 16 10 31
8 5 16 10 31
5 8 11 15 45
8 5 11 15 45
5 8 15 11 45
8 5 15 11 45
5 8 12 14 58
8 5 12 14 58
5 8 14 12 58
8 5 14 12 58
5 8 13 13 62
8 5 13 13 62
2 11 4 22 0
11 2 4 22 0
2 11 22 4 0
11 2 22 4 0
2 11 5 21 0
11 2 5 21 0
2 11 21 5 0
11 2 21 5 0
3 10 4 22 0
10 3 4 22 0
3 10 22 4 0
10 3 22 4 0
3 10 5 21 0
10 3 5 21 0
3 10 21 5 0
10 3 21 5 0
4 9 4 22 0
9 4 4 22 0
4 9 22 4 0
9 4 22 4 0
4 9 5 21 0
9 4 5 21 0
4 9 21 5 0
9 4 21 5 0
5 8 4 22 0
8 5 4 22 0
5 8 22 4 0
8 5 22 4 0
5 8 5 21 0
8 5 5 21 0
5 8 21 5 0
8 5 21 5 0
3 10 3 23 0
10 3 3 23 0
3 10 23 3 0
10 3 23 3 0
4 9 3 23 0
9 4 3 23 0
4 9 23 3 0
9 4 23 3 0
5 8 3 23 0
8 5 3 23 0
5 8 23 3 0
8 5 23 3 0
6 7 3 23 0
7 6 3 23 0
6 7 23 3 0
7 6 23 3 0
6 7 4 22 0
7 6 4 22 0
6 7 22 4 0
7 6 22 4 0
6 7 5 21 0
7 6 5 21 0
6 7 21 5 0
7 6 21 5 0
6 7 6 20 1
7 6 6 20 1
6 7 20 6 1
7 6 20 6 1
6 7 7 19 4
7 6 7 19 4
6 7 19 7 4
7 6 19 7 4
6 7 8 18 12
7 6 8 18 12
6 7 18 8 12
7 6 18 8 12
6 7 9 17 25
7 6 9 17 25
6 7 17 9 25
7 6 17 9 25
6 7 10 16 46
7 6 10 16 46
6 7 16 10 46
7 6 16 10 46
6 7 11 15 65
7 6 11 15 65
6 7 15 11 65
7 6 15 11 65
6 7 12 14 83
7 6 12 14 83
6 7 14 12 83
7 6 14 12 83
6 7 13 13 88
7 6 13 13 88
4 9 2 24 0
9 4 2 24 0
4 9 24 2 0
9 4 24 2 0
5 8 2 24 0
8 5 2 24 0
5 8 24 2 0
8 5 24 2 0
6 7 2 24 0
7 6 2 24 0
6 7 24 2 0
7 6 24 2 0
