7 18 20 30 0
18 7 20 30 0
7 18 30 20 0
18 7 30 20 0
7 18 21 29 0
18 7 21 29 0
7 18 29 21 0
18 7 29 21 0
7 18 22 28 0
18 7 22 28 0
7 18 28 22 0
18 7 28 22 0
7 18 23 27 0
18 7 23 27 0
7 18 27 23 0
18 7 27 23 0
7 18 24 26 0
18 7 24 26 0
7 18 26 24 0
18 7 26 24 0
7 18 25 25 0
18 7 25 25 0
8 17 20 30 0
17 8 20 30 0
8 17 30 20 0
17 8 30 20 0
8 17 21 29 0
17 8 21 29 0
8 17 29 21 0
17 8 29 21 0
8 17 22 28 0
17 8 22 28 0
8 17 28 22 0
17 8 28 22 0
8 17 23 27 0
17 8 23 27 0
8 17 27 23 0
17 8 27 23 0
8 17 24 26 0
17 8 24 26 0
8 17 26 24 0
17 8 26 24 0
8 17 25 25 0
17 8 25 25 0
9 16 20 30 0
16 9 20 30 0
9 16 30 20 0
16 9 30 20 0
9 16 21 29 0
16 9 21 29 0
9 16 29 21 0
16 9 29 21 0
9 16 22 28 0
16 9 22 28 0
9 16 28 22 0
16 9 28 22 0
9 16 23 27 0
16 9 23 27 0
9 16 27 23 0
16 9 27 23 0
9 16 24 26 0
16 9 24 26 0
9 16 26 24 0
16 9 26 24 0
9 16 25 25 0
16 9 25 25 0
10 15 20 30 0
15 10 20 30 0
10 15 30 20 0
15 10 30 20 0
10 15 21 29 0
15 10 21 29 0
10 15 29 21 0
15 10 29 21 0
10 15 22 28 0
15 10 22 28 0
10 15 28 22 0
15 10 28 22 0
10 15 23 27 0
15 10 23 27 0
10 15 27 23 0
15 10 27 23 0
10 15 24 26 0
15 10 24 26 0
10 15 26 24 0
15 10 26 24 0
10 15 25 25 0
15 10 25 25 0
8 17 17 33 0
17 8 17 33 0
8 17 33 17 0
17 8 33 17 0
8 17 18 32 0
17 8 18 32 0
8 17 32 18 0
17 8 32 18 0
8 17 19 31 0
17 8 19 31 0
8 17 31 19 0
17 8 31 19 0
9 16 17 33 0
16 9 17 33 0
9 16 33 17 0
16 9 33 17 0
9 16 18 32 0
16 9 18 32 0
9 16 32 18 0
16 9 32 18 0
9 16 19 31 0
16 9 19 31 0
9 16 31 19 0
16 9 31 19 0
10 15 17 33 0
15 10 17 33 0
10 15 33 17 0
15 10 33 17 0
10 15 18 32 0
15 10 18 32 0
10 15 32 18 0
15 10 32 18 0
10 15 19 31 0
15 10 19 31 0
10 15 31 19 0
15 10 31 19 0
11 14 17 33 0
14 11 17 33 0
11 14 33 17 0
14 11 33 17 0
11 14 18 32 0
14 11 18 32 0
11 14 32 18 0
14 11 32 18 0
11 14 19 31 0
14 11 19 31 0
11 14 31 19 0
14 11 31 19 0
11 14 20 30 0
14 11 20 30 0
11 14 30 20 0
14 11 30 20 0
11 14 21 29 0
14 11 21 29 0
11 14 29 21 0
14 11 29 21 0
11 14 22 28 1
14 11 22 28 1
11 14 28 22 1
14 11 28 22 1
11 14 23 27 2
14 11 23 27 2
11 14 27 23 2
14 11 27 23 2
11 14 24 26 3
14 11 24 26 3
11 14 26 24 3
14 11 26 24 3
11 14 25 25 4
14 11 25 25 4
9 16 16 34 0
16 9 16 34 0
9 16 34 16 0
16 9 34 16 0
10 15 16 34 0
15 10 16 34 0
10 15 34 16 0
15 10 34 16 0
11 14 16 34 0
14 11 16 34 0
11 14 34 16 0
14 11 34 16 0
12 13 16 34 0
13 12 16 34 0
12 13 34 16 0
13 12 34 16 0
12 13 17 33 0
13 12 17 33 0
12 13 33 17 0
13 12 33 17 0
12 13 18 32 0
13 12 18 32 0
12 13 32 18 0
13 12 32 18 0
12 13 19 31 0
13 12 19 31 0
12 13 31 19 0
13 12 31 19 0
12 13 20 30 0
13 12 20 30 0
12 13 30 20 0
13 12 30 20 0
12 13 21 29 1
13 12 21 29 1
12 13 29 21 1
13 12 29 21 1
12 13 22 28 3
13 12 22 28 3
12 13 28 22 3
13 12 28 22 3
12 13 23 27 5
13 12 23 27 5
12 13 27 23 5
13 12 27 23 5
12 13 24 26 7
13 12 24 26 7
12 13 26 24 7
13 12 26 24 7
12 13 25 25 9
13 12 25 25 9
10 15 15 35 0
15 10 15 35 0
10 15 35 15 0
15 10 35 15 0
11 14 15 35 0
14 11 15 35 0
11 14 35 15 0
14 11 35 15 0
12 13 15 35 0
13 12 15 35 0
12 13 35 15 0
13 12 35 15 0
