0 9 3 15 0
9 0 3 15 0
0 9 15 3 0
9 0 15 3 0
0 9 4 14 0
9 0 4 14 0
0 9 14 4 0
9 0 14 4 0
0 9 5 13 0
9 0 5 13 0
0 9 13 5 0
9 0 13 5 0
0 9 6 12 0
9 0 6 12 0
0 9 12 6 0
9 0 12 6 0
0 9 7 11 0
9 0 7 11 0
0 9 11 7 0
9 0 11 7 0
0 9 8 10 0
9 0 8 10 0
0 9 10 8 0
9 0 10 8 0
0 9 9 9 1
9 0 9 9 1
1 8 3 15 0
8 1 3 15 0
1 8 15 3 0
8 1 15 3 0
1 8 4 14 0
8 1 4 14 0
1 8 14 4 0
8 1 14 4 0
1 8 5 13 0
8 1 5 13 0
1 8 13 5 0
8 1 13 5 0
1 8 6 12 0
8 1 6 12 0
1 8 12 6 0
8 1 12 6 0
1 8 7 11 0
8 1 7 11 0
1 8 11 7 0
8 1 11 7 0
1 8 8 10 0
8 1 8 10 0
1 8 10 8 0
8 1 10 8 0
1 8 9 9 1
8 1 9 9 1
2 7 3 15 0
7 2 3 15 0
2 7 15 3 0
7 2 15 3 0
2 7 4 14 0
7 2 4 14 0
2 7 14 4 0
7 2 14 4 0
2 7 5 13 0
7 2 5 13 0
2 7 13 5 0
7 2 13 5 0
2 7 6 12 0
7 2 6 12 0
2 7 12 6 0
7 2 12 6 0
2 7 7 11 0
7 2 7 11 0
2 7 11 7 0
7 2 11 7 0
2 7 8 10 0
7 2 8 10 0
2 7 10 8 0
7 2 10 8 0
2 7 9 9 1
7 2 9 9 1
3 6 3 15 0
6 3 3 15 0
3 6 15 3 0
6 3 15 3 0
3 6 4 14 0
6 3 4 14 0
3 6 14 4 0
6 3 14 4 0
3 6 5 13 0
6 3 5 13 0
3 6 13 5 0
6 3 13 5 0
3 6 6 12 0
6 3 6 12 0
3 6 12 6 0
6 3 12 6 0
3 6 7 11 0
6 3 7 11 0
3 6 11 7 0
6 3 11 7 0
3 6 8 10 0
6 3 8 10 0
3 6 10 8 0
6 3 10 8 0
3 6 9 9 1
6 3 9 9 1
1 8 1 17 0
8 1 1 17 0
1 8 17 1 0
8 1 17 1 0
1 8 2 16 0
8 1 2 16 0
1 8 16 2 0
8 1 16 2 0
2 7 1 17 0
7 2 1 17 0
2 7 17 1 0
7 2 17 1 0
2 7 2 16 0
7 2 2 16 0
2 7 16 2 0
7 2 16 2 0
3 6 1 17 0
6 3 1 17 0
3 6 17 1 0
6 3 17 1 0
3 6 2 16 0
6 3 2 16 0
3 6 16 2 0
6 3 16 2 0
4 5 1 17 0
5 4 1 17 0
4 5 17 1 0
5 4 17 1 0
4 5 2 16 0
5 4 2 16 0
4 5 16 2 0
5 4 16 2 0
4 5 3 15 0
5 4 3 15 0
4 5 15 3 0
5 4 15 3 0
4 5 4 14 0
5 4 4 14 0
4 5 14 4 0
5 4 14 4 0
4 5 5 13 0
5 4 5 13 0
4 5 13 5 0
5 4 13 5 0
4 5 6 12 0
5 4 6 12 0
4 5 12 6 0
5 4 12 6 0
4 5 7 11 0
5 4 7 11 0
4 5 11 7 0
5 4 11 7 0
4 5 8 10 0
5 4 8 10 0
4 5 10 8 0
5 4 10 8 0
4 5 9 9 1
5 4 9 9 1
3 6 0 18 0
6 3 0 18 0
3 6 18 0 0
6 3 18 0 0
4 5 0 18 0
5 4 0 18 0
4 5 18 0 0
5 4 18 0 0
