0 7 3 11 0
7 0 3 11 0
0 7 11 3 0
7 0 11 3 0
0 7 4 10 0
7 0 4 10 0
0 7 10 4 0
7 0 10 4 0
0 7 5 9 0
7 0 5 9 0
0 7 9 5 0
7 0 9 5 0
1 6 3 11 1
6 1 3 11 1
1 6 11 3 1
6 1 11 3 1
1 6 4 10 2
6 1 4 10 2
1 6 10 4 2
6 1 10 4 2
1 6 5 9 4
6 1 5 9 4
1 6 9 5 4
6 1 9 5 4
0 7 6 8 0
7 0 6 8 0
0 7 8 6 0
7 0 8 6 0
1 6 6 8 5
6 1 6 8 5
1 6 8 6 5
6 1 8 6 5
0 7 7 7 0
7 0 7 7 0
1 6 7 7 6
6 1 7 7 6
1 6 1 13 0
6 1 1 13 0
1 6 13 1 0
6 1 13 1 0
1 6 2 12 0
6 1 2 12 0
1 6 12 2 0
6 1 12 2 0
2 5 1 13 0
5 2 1 13 0
2 5 13 1 0
5 2 13 1 0
2 5 2 12 1
5 2 2 12 1
2 5 12 2 1
5 2 12 2 1
2 5 3 11 4
5 2 3 11 4
2 5 11 3 4
5 2 11 3 4
2 5 4 10 8
5 2 4 10 8
2 5 10 4 8
5 2 10 4 8
2 5 5 9 14
5 2 5 9 14
2 5 9 5 14
5 2 9 5 14
2 5 6 8 18
5 2 6 8 18
2 5 8 6 18
5 2 8 6 18
2 5 7 7 20
5 2 7 7 20
3 4 1 13 0
4 3 1 13 0
3 4 13 1 0
4 3 13 1 0
3 4 2 12 2
4 3 2 12 2
3 4 12 2 2
4 3 12 2 2
3 4 3 11 7
4 3 3 11 7
3 4 11 3 7
4 3 11 3 7
3 4 4 10 14
4 3 4 10 14
3 4 10 4 14
4 3 10 4 14
3 4 5 9 24
4 3 5 9 24
3 4 9 5 24
4 3 9 5 24
3 4 6 8 31
4 3 6 8 31
3 4 8 6 31
4 3 8 6 31
3 4 7 7 34
4 3 7 7 34
3 4 0 14 0
4 3 0 14 0
3 4 14 0 0
4 3 14 0 0
