1 12 10 16 0
12 1 10 16 0
1 12 16 10 0
12 1 16 10 0
1 12 11 15 0
12 1 11 15 0
1 12 15 11 0
12 1 15 11 0
1 12 12 14 0
12 1 12 14 0
1 12 14 12 0
12 1 14 12 0
2 11 10 16 0
11 2 10 16 0
2 11 16 10 0
11 2 16 10 0
2 11 11 15 0
11 2 11 15 0
2 11 15 11 0
11 2 15 11 0
2 11 12 14 0
11 2 12 14 0
2 11 14 12 0
11 2 14 12 0
1 12 13 13 0
12 1 13 13 0
2 11 13 13 0
11 2 13 13 0
3 10 10 16 0
10 3 10 16 0
3 10 16 10 0
10 3 16 10 0
3 10 11 15 0
10 3 11 15 0
3 10 15 11 0
10 3 15 11 0
3 10 12 14 0
10 3 12 14 0
3 10 14 12 0
10 3 14 12 0
3 10 13 13 0
10 3 13 13 0
2 11 7 19 0
11 2 7 19 0
2 11 19 7 0
11 2 19 7 0
2 11 8 18 0
11 2 8 18 0
2 11 18 8 0
11 2 18 8 0
2 11 9 17 0
11 2 9 17 0
2 11 17 9 0
11 2 17 9 0
3 10 7 19 0
10 3 7 19 0
3 10 19 7 0
10 3 19 7 0
3 10 8 18 0
10 3 8 18 0
3 10 18 8 0
10 3 18 8 0
3 10 9 17 0
10 3 9 17 0
3 10 17 9 0
10 3 17 9 0
3 10 6 20 0
10 3 6 20 0
3 10 20 6 0
10 3 20 6 0
4 9 6 20 0
9 4 6 20 0
4 9 20 6 0
9 4 20 6 0
4 9 7 19 0
9 4 7 19 0
4 9 19 7 0
9 4 19 7 0
4 9 8 18 0
9 4 8 18 0
4 9 18 8 0
9 4 18 8 0
4 9 9 17 0
9 4 9 17 0
4 9 17 9 0
9 4 17 9 0
4 9 10 16 0
9 4 10 16 0
4 9 16 10 0
9 4 16 10 0
4 9 11 15 0
9 4 11 15 0
4 9 15 11 0
9 4 15 11 0
4 9 12 14 0
9 4 12 14 0
4 9 14 12 0
9 4 14 12 0
4 9 13 13 0
9 4 13 13 0
5 8 7 19 0
8 5 7 19 0
5 8 19 7 0
8 5 19 7 0
5 8 8 18 0
8 5 8 18 0
5 8 18 8 0
8 5 18 8 0
5 8 9 17 0
8 5 9 17 0
5 8 17 9 0
8 5 17 9 0
5 8 10 16 0
8 5 10 16 0
5 8 16 10 0
8 5 16 10 0
5 8 11 15 0
8 5 11 15 0
5 8 15 11 0
8 5 15 11 0
5 8 12 14 0
8 5 12 14 0
5 8 14 12 0
8 5 14 12 0
5 8 13 13 0
8 5 13 13 0
4 9 4 22 0
9 4 4 22 0
4 9 22 4 0
9 4 22 4 0
4 9 5 21 0
9 4 5 21 0
4 9 21 5 0
9 4 21 5 0
5 8 4 22 0
8 5 4 22 0
5 8 22 4 0
8 5 22 4 0
5 8 5 21 0
8 5 5 21 0
5 8 21 5 0
8 5 21 5 0
5 8 6 20 0
8 5 6 20 0
5 8 20 6 0
8 5 20 6 0
6 7 4 22 0
7 6 4 22 0
6 7 22 4 0
7 6 22 4 0
6 7 5 21 0
7 6 5 21 0
6 7 21 5 0
7 6 21 5 0
6 7 6 20 0
7 6 6 20 0
6 7 20 6 0
7 6 20 6 0
6 7 7 19 0
7 6 7 19 0
6 7 19 7 0
7 6 19 7 0
6 7 8 18 0
7 6 8 18 0
6 7 18 8 0
7 6 18 8 0
6 7 9 17 0
7 6 9 17 0
6 7 17 9 0
7 6 17 9 0
6 7 10 16 0
7 6 10 16 0
6 7 16 10 0
7 6 16 10 0
6 7 11 15 0
7 6 11 15 0
6 7 15 11 0
7 6 15 11 0
6 7 12 14 0
7 6 12 14 0
6 7 14 12 0
7 6 14 12 0
6 7 13 13 0
7 6 13 13 0
6 7 3 23 0
7 6 3 23 0
6 7 23 3 0
7 6 23 3 0
