9 18 21 33 0
18 9 21 33 0
9 18 33 21 0
18 9 33 21 0
9 18 22 32 0
18 9 22 32 0
9 18 32 22 0
18 9 32 22 0
9 18 23 31 0
18 9 23 31 0
9 18 31 23 0
18 9 31 23 0
9 18 24 30 0
18 9 24 30 0
9 18 30 24 0
18 9 30 24 0
9 18 25 29 0
18 9 25 29 0
9 18 29 25 0
18 9 29 25 0
9 18 26 28 0
18 9 26 28 0
9 18 28 26 0
18 9 28 26 0
9 18 27 27 0
18 9 27 27 0
10 17 21 33 0
17 10 21 33 0
10 17 33 21 0
17 10 33 21 0
10 17 22 32 0
17 10 22 32 0
10 17 32 22 0
17 10 32 22 0
10 17 23 31 0
17 10 23 31 0
10 17 31 23 0
17 10 31 23 0
10 17 24 30 0
17 10 24 30 0
10 17 30 24 0
17 10 30 24 0
10 17 25 29 0
17 10 25 29 0
10 17 29 25 0
17 10 29 25 0
10 17 26 28 0
17 10 26 28 0
10 17 28 26 0
17 10 28 26 0
10 17 27 27 0
17 10 27 27 0
11 16 21 33 0
16 11 21 33 0
11 16 33 21 0
16 11 33 21 0
11 16 22 32 0
16 11 22 32 0
11 16 32 22 0
16 11 32 22 0
11 16 23 31 0
16 11 23 31 0
11 16 31 23 0
16 11 31 23 0
11 16 24 30 0
16 11 24 30 0
11 16 30 24 0
16 11 30 24 0
11 16 25 29 0
16 11 25 29 0
11 16 29 25 0
16 11 29 25 0
11 16 26 28 0
16 11 26 28 0
11 16 28 26 0
16 11 28 26 0
11 16 27 27 0
16 11 27 27 0
12 15 21 33 0
15 12 21 33 0
12 15 33 21 0
15 12 33 21 0
12 15 22 32 0
15 12 22 32 0
12 15 32 22 0
15 12 32 22 0
12 15 23 31 0
15 12 23 31 0
12 15 31 23 0
15 12 31 23 0
12 15 24 30 0
15 12 24 30 0
12 15 30 24 0
15 12 30 24 0
12 15 25 29 0
15 12 25 29 0
12 15 29 25 0
15 12 29 25 0
12 15 26 28 0
15 12 26 28 0
12 15 28 26 0
15 12 28 26 0
12 15 27 27 0
15 12 27 27 0
10 17 19 35 0
17 10 19 35 0
10 17 35 19 0
17 10 35 19 0
10 17 20 34 0
17 10 20 34 0
10 17 34 20 0
17 10 34 20 0
11 16 19 35 0
16 11 19 35 0
11 16 35 19 0
16 11 35 19 0
11 16 20 34 0
16 11 20 34 0
11 16 34 20 0
16 11 34 20 0
12 15 19 35 0
15 12 19 35 0
12 15 35 19 0
15 12 35 19 0
12 15 20 34 0
15 12 20 34 0
12 15 34 20 0
15 12 34 20 0
13 14 19 35 0
14 13 19 35 0
13 14 35 19 0
14 13 35 19 0
13 14 20 34 0
14 13 20 34 0
13 14 34 20 0
14 13 34 20 0
13 14 21 33 0
14 13 21 33 0
13 14 33 21 0
14 13 33 21 0
13 14 22 32 0
14 13 22 32 0
13 14 32 22 0
14 13 32 22 0
13 14 23 31 0
14 13 23 31 0
13 14 31 23 0
14 13 31 23 0
13 14 24 30 0
14 13 24 30 0
13 14 30 24 0
14 13 30 24 0
13 14 25 29 1
14 13 25 29 1
13 14 29 25 1
14 13 29 25 1
13 14 26 28 1
14 13 26 28 1
13 14 28 26 1
14 13 28 26 1
13 14 27 27 1
14 13 27 27 1
12 15 18 36 0
15 12 18 36 0
12 15 36 18 0
15 12 36 18 0
13 14 18 36 0
14 13 18 36 0
13 14 36 18 0
14 13 36 18 0
