1 14 10 20 0
14 1 10 20 0
1 14 20 10 0
14 1 20 10 0
1 14 11 19 0
14 1 11 19 0
1 14 19 11 0
14 1 19 11 0
1 14 12 18 0
14 1 12 18 0
1 14 18 12 0
14 1 18 12 0
1 14 13 17 0
14 1 13 17 0
1 14 17 13 0
14 1 17 13 0
1 14 14 16 0
14 1 14 16 0
1 14 16 14 0
14 1 16 14 0
1 14 15 15 0
14 1 15 15 0
2 13 10 20 0
13 2 10 20 0
2 13 20 10 0
13 2 20 10 0
2 13 11 19 0
13 2 11 19 0
2 13 19 11 0
13 2 19 11 0
2 13 12 18 0
13 2 12 18 0
2 13 18 12 0
13 2 18 12 0
2 13 13 17 0
13 2 13 17 0
2 13 17 13 0
13 2 17 13 0
2 13 14 16 0
13 2 14 16 0
2 13 16 14 0
13 2 16 14 0
2 13 15 15 0
13 2 15 15 0
3 12 10 20 0
12 3 10 20 0
3 12 20 10 0
12 3 20 10 0
3 12 11 19 0
12 3 11 19 0
3 12 19 11 0
12 3 19 11 0
3 12 12 18 1
12 3 12 18 1
3 12 18 12 1
12 3 18 12 1
3 12 13 17 1
12 3 13 17 1
3 12 17 13 1
12 3 17 13 1
3 12 14 16 2
12 3 14 16 2
3 12 16 14 2
12 3 16 14 2
3 12 15 15 2
12 3 15 15 2
4 11 10 20 1
11 4 10 20 1
4 11 20 10 1
11 4 20 10 1
4 11 11 19 3
11 4 11 19 3
4 11 19 11 3
11 4 19 11 3
4 11 12 18 7
11 4 12 18 7
4 11 18 12 7
11 4 18 12 7
4 11 13 17 11
11 4 13 17 11
4 11 17 13 11
11 4 17 13 11
4 11 14 16 15
11 4 14 16 15
4 11 16 14 15
11 4 16 14 15
4 11 15 15 16
11 4 15 15 16
5 10 10 20 5
10 5 10 20 5
5 10 20 10 5
10 5 20 10 5
5 10 11 19 13
10 5 11 19 13
5 10 19 11 13
10 5 19 11 13
5 10 12 18 26
10 5 12 18 26
5 10 18 12 26
10 5 18 12 26
5 10 13 17 39
10 5 13 17 39
5 10 17 13 39
10 5 17 13 39
5 10 14 16 51
10 5 14 16 51
5 10 16 14 51
10 5 16 14 51
5 10 15 15 54
10 5 15 15 54
2 13 7 23 0
13 2 7 23 0
2 13 23 7 0
13 2 23 7 0
2 13 8 22 0
13 2 8 22 0
2 13 22 8 0
13 2 22 8 0
2 13 9 21 0
13 2 9 21 0
2 13 21 9 0
13 2 21 9 0
3 12 7 23 0
12 3 7 23 0
3 12 23 7 0
12 3 23 7 0
3 12 8 22 0
12 3 8 22 0
3 12 22 8 0
12 3 22 8 0
3 12 9 21 0
12 3 9 21 0
3 12 21 9 0
12 3 21 9 0
4 11 7 23 0
11 4 7 23 0
4 11 23 7 0
11 4 23 7 0
4 11 8 22 0
11 4 8 22 0
4 11 22 8 0
11 4 22 8 0
4 11 9 21 0
11 4 9 21 0
4 11 21 9 0
11 4 21 9 0
5 10 7 23 0
10 5 7 23 0
5 10 23 7 0
10 5 23 7 0
5 10 8 22 0
10 5 8 22 0
5 10 22 8 0
10 5 22 8 0
5 10 9 21 1
10 5 9 21 1
5 10 21 9 1
10 5 21 9 1
3 12 6 24 0
12 3 6 24 0
3 12 24 6 0
12 3 24 6 0
4 11 6 24 0
11 4 6 24 0
4 11 24 6 0
11 4 24 6 0
5 10 6 24 0
10 5 6 24 0
5 10 24 6 0
10 5 24 6 0
6 9 6 24 0
9 6 6 24 0
6 9 24 6 0
9 6 24 6 0
6 9 7 23 0
9 6 7 23 0
6 9 23 7 0
9 6 23 7 0
6 9 8 22 1
9 6 8 22 1
6 9 22 8 1
9 6 22 8 1
6 9 9 21 5
9 6 9 21 5
6 9 21 9 5
9 6 21 9 5
6 9 10 20 15
9 6 10 20 15
6 9 20 10 15
9 6 20 10 15
6 9 11 19 33
9 6 11 19 33
6 9 19 11 33
9 6 19 11 33
6 9 12 18 60
9 6 12 18 60
6 9 18 12 60
9 6 18 12 60
6 9 13 17 87
9 6 13 17 87
6 9 17 13 87
9 6 17 13 87
6 9 14 16 110
9 6 14 16 110
6 9 16 14 110
9 6 16 14 110
6 9 15 15 118
9 6 15 15 118
7 8 7 23 0
8 7 7 23 0
7 8 23 7 0
8 7 23 7 0
7 8 8 22 2
8 7 8 22 2
7 8 22 8 2
8 7 22 8 2
7 8 9 21 8
8 7 9 21 8
7 8 21 9 8
8 7 21 9 8
7 8 10 20 24
8 7 10 20 24
7 8 20 10 24
8 7 20 10 24
7 8 11 19 50
8 7 11 19 50
7 8 19 11 50
8 7 19 11 50
7 8 12 18 88
8 7 12 18 88
7 8 18 12 88
8 7 18 12 88
7 8 13 17 126
8 7 13 17 126
7 8 17 13 126
8 7 17 13 126
7 8 14 16 158
8 7 14 16 158
7 8 16 14 158
8 7 16 14 158
7 8 15 15 168
8 7 15 15 168
4 11 4 26 0
11 4 4 26 0
4 11 26 4 0
11 4 26 4 0
4 11 5 25 0
11 4 5 25 0
4 11 25 5 0
11 4 25 5 0
5 10 4 26 0
10 5 4 26 0
5 10 26 4 0
10 5 26 4 0
5 10 5 25 0
10 5 5 25 0
5 10 25 5 0
10 5 25 5 0
6 9 4 26 0
9 6 4 26 0
6 9 26 4 0
9 6 26 4 0
6 9 5 25 0
9 6 5 25 0
6 9 25 5 0
9 6 25 5 0
7 8 4 26 0
8 7 4 26 0
7 8 26 4 0
8 7 26 4 0
7 8 5 25 0
8 7 5 25 0
7 8 25 5 0
8 7 25 5 0
7 8 6 24 0
8 7 6 24 0
7 8 24 6 0
8 7 24 6 0
6 9 3 27 0
9 6 3 27 0
6 9 27 3 0
9 6 27 3 0
7 8 3 27 0
8 7 3 27 0
7 8 27 3 0
8 7 27 3 0
