2 15 11 23 0
15 2 11 23 0
2 15 23 11 0
15 2 23 11 0
2 15 12 22 0
15 2 12 22 0
2 15 22 12 0
15 2 22 12 0
2 15 13 21 0
15 2 13 21 0
2 15 21 13 0
15 2 21 13 0
2 15 14 20 0
15 2 14 20 0
2 15 20 14 0
15 2 20 14 0
2 15 15 19 0
15 2 15 19 0
2 15 19 15 0
15 2 19 15 0
2 15 16 18 0
15 2 16 18 0
2 15 18 16 0
15 2 18 16 0
2 15 17 17 0
15 2 17 17 0
3 14 11 23 0
14 3 11 23 0
3 14 23 11 0
14 3 23 11 0
3 14 12 22 0
14 3 12 22 0
3 14 22 12 0
14 3 22 12 0
3 14 13 21 0
14 3 13 21 0
3 14 21 13 0
14 3 21 13 0
3 14 14 20 0
14 3 14 20 0
3 14 20 14 0
14 3 20 14 0
3 14 15 19 0
14 3 15 19 0
3 14 19 15 0
14 3 19 15 0
3 14 16 18 0
14 3 16 18 0
3 14 18 16 0
14 3 18 16 0
3 14 17 17 0
14 3 17 17 0
4 13 11 23 0
13 4 11 23 0
4 13 23 11 0
13 4 23 11 0
4 13 12 22 0
13 4 12 22 0
4 13 22 12 0
13 4 22 12 0
4 13 13 21 0
13 4 13 21 0
4 13 21 13 0
13 4 21 13 0
4 13 14 20 0
13 4 14 20 0
4 13 20 14 0
13 4 20 14 0
4 13 15 19 1
13 4 15 19 1
4 13 19 15 1
13 4 19 15 1
4 13 16 18 1
13 4 16 18 1
4 13 18 16 1
13 4 18 16 1
4 13 17 17 1
13 4 17 17 1
5 12 11 23 0
12 5 11 23 0
5 12 23 11 0
12 5 23 11 0
5 12 12 22 1
12 5 12 22 1
5 12 22 12 1
12 5 22 12 1
5 12 13 21 3
12 5 13 21 3
5 12 21 13 3
12 5 21 13 3
5 12 14 20 6
12 5 14 20 6
5 12 20 14 6
12 5 20 14 6
5 12 15 19 11
12 5 15 19 11
5 12 19 15 11
12 5 19 15 11
5 12 16 18 14
12 5 16 18 14
5 12 18 16 14
12 5 18 16 14
5 12 17 17 15
12 5 17 17 15
3 14 10 24 0
14 3 10 24 0
3 14 24 10 0
14 3 24 10 0
4 13 10 24 0
13 4 10 24 0
4 13 24 10 0
13 4 24 10 0
5 12 10 24 0
12 5 10 24 0
5 12 24 10 0
12 5 24 10 0
6 11 10 24 0
11 6 10 24 0
6 11 24 10 0
11 6 24 10 0
6 11 11 23 1
11 6 11 23 1
6 11 23 11 1
11 6 23 11 1
6 11 12 22 5
11 6 12 22 5
6 11 22 12 5
11 6 22 12 5
6 11 13 21 14
11 6 13 21 14
6 11 21 13 14
11 6 21 13 14
6 11 14 20 26
11 6 14 20 26
6 11 20 14 26
11 6 20 14 26
6 11 15 19 42
11 6 15 19 42
6 11 19 15 42
11 6 19 15 42
6 11 16 18 53
11 6 16 18 53
6 11 18 16 53
11 6 18 16 53
6 11 17 17 58
11 6 17 17 58
7 10 11 23 5
10 7 11 23 5
7 10 23 11 5
10 7 23 11 5
7 10 12 22 16
10 7 12 22 16
7 10 22 12 16
10 7 22 12 16
7 10 13 21 37
10 7 13 21 37
7 10 21 13 37
10 7 21 13 37
7 10 14 20 65
10 7 14 20 65
7 10 20 14 65
10 7 20 14 65
7 10 15 19 98
10 7 15 19 98
7 10 19 15 98
10 7 19 15 98
7 10 16 18 122
10 7 16 18 122
7 10 18 16 122
10 7 18 16 122
7 10 17 17 132
10 7 17 17 132
3 14 9 25 0
14 3 9 25 0
3 14 25 9 0
14 3 25 9 0
4 13 9 25 0
13 4 9 25 0
4 13 25 9 0
13 4 25 9 0
5 12 9 25 0
12 5 9 25 0
5 12 25 9 0
12 5 25 9 0
6 11 9 25 0
11 6 9 25 0
6 11 25 9 0
11 6 25 9 0
4 13 7 27 0
13 4 7 27 0
4 13 27 7 0
13 4 27 7 0
4 13 8 26 0
13 4 8 26 0
4 13 26 8 0
13 4 26 8 0
5 12 7 27 0
12 5 7 27 0
5 12 27 7 0
12 5 27 7 0
5 12 8 26 0
12 5 8 26 0
5 12 26 8 0
12 5 26 8 0
6 11 7 27 0
11 6 7 27 0
6 11 27 7 0
11 6 27 7 0
6 11 8 26 0
11 6 8 26 0
6 11 26 8 0
11 6 26 8 0
7 10 7 27 0
10 7 7 27 0
7 10 27 7 0
10 7 27 7 0
7 10 8 26 0
10 7 8 26 0
7 10 26 8 0
10 7 26 8 0
7 10 9 25 0
10 7 9 25 0
7 10 25 9 0
10 7 25 9 0
7 10 10 24 1
10 7 10 24 1
7 10 24 10 1
10 7 24 10 1
8 9 7 27 0
9 8 7 27 0
8 9 27 7 0
9 8 27 7 0
8 9 8 26 0
9 8 8 26 0
8 9 26 8 0
9 8 26 8 0
8 9 9 25 0
9 8 9 25 0
8 9 25 9 0
9 8 25 9 0
8 9 10 24 2
9 8 10 24 2
8 9 24 10 2
9 8 24 10 2
8 9 11 23 9
9 8 11 23 9
8 9 23 11 9
9 8 23 11 9
8 9 12 22 26
9 8 12 22 26
8 9 22 12 26
9 8 22 12 26
8 9 13 21 57
9 8 13 21 57
8 9 21 13 57
9 8 21 13 57
8 9 14 20 98
9 8 14 20 98
8 9 20 14 98
9 8 20 14 98
8 9 15 19 145
9 8 15 19 145
8 9 19 15 145
9 8 19 15 145
8 9 16 18 179
9 8 16 18 179
8 9 18 16 179
9 8 18 16 179
8 9 17 17 193
9 8 17 17 193
5 12 6 28 0
12 5 6 28 0
5 12 28 6 0
12 5 28 6 0
6 11 6 28 0
11 6 6 28 0
6 11 28 6 0
11 6 28 6 0
7 10 6 28 0
10 7 6 28 0
7 10 28 6 0
10 7 28 6 0
8 9 6 28 0
9 8 6 28 0
8 9 28 6 0
9 8 28 6 0
6 11 5 29 0
11 6 5 29 0
6 11 29 5 0
11 6 29 5 0
7 10 5 29 0
10 7 5 29 0
7 10 29 5 0
10 7 29 5 0
8 9 5 29 0
9 8 5 29 0
8 9 29 5 0
9 8 29 5 0
