3 16 13 25 0
16 3 13 25 0
3 16 25 13 0
16 3 25 13 0
3 16 14 24 0
16 3 14 24 0
3 16 24 14 0
16 3 24 14 0
3 16 15 23 0
16 3 15 23 0
3 16 23 15 0
16 3 23 15 0
3 16 16 22 0
16 3 16 22 0
3 16 22 16 0
16 3 22 16 0
3 16 17 21 0
16 3 17 21 0
3 16 21 17 0
16 3 21 17 0
3 16 18 20 0
16 3 18 20 0
3 16 20 18 0
16 3 20 18 0
3 16 19 19 0
16 3 19 19 0
4 15 13 25 0
15 4 13 25 0
4 15 25 13 0
15 4 25 13 0
4 15 14 24 0
15 4 14 24 0
4 15 24 14 0
15 4 24 14 0
4 15 15 23 0
15 4 15 23 0
4 15 23 15 0
15 4 23 15 0
4 15 16 22 0
15 4 16 22 0
4 15 22 16 0
15 4 22 16 0
4 15 17 21 0
15 4 17 21 0
4 15 21 17 0
15 4 21 17 0
4 15 18 20 0
15 4 18 20 0
4 15 20 18 0
15 4 20 18 0
4 15 19 19 0
15 4 19 19 0
5 14 13 25 0
14 5 13 25 0
5 14 25 13 0
14 5 25 13 0
5 14 14 24 0
14 5 14 24 0
5 14 24 14 0
14 5 24 14 0
5 14 15 23 0
14 5 15 23 0
5 14 23 15 0
14 5 23 15 0
5 14 16 22 0
14 5 16 22 0
5 14 22 16 0
14 5 22 16 0
5 14 17 21 0
14 5 17 21 0
5 14 21 17 0
14 5 21 17 0
5 14 18 20 0
14 5 18 20 0
5 14 20 18 0
14 5 20 18 0
5 14 19 19 1
14 5 19 19 1
6 13 13 25 0
13 6 13 25 0
6 13 25 13 0
13 6 25 13 0
6 13 14 24 0
13 6 14 24 0
6 13 24 14 0
13 6 24 14 0
6 13 15 23 1
13 6 15 23 1
6 13 23 15 1
13 6 23 15 1
6 13 16 22 3
13 6 16 22 3
6 13 22 16 3
13 6 22 16 3
6 13 17 21 5
13 6 17 21 5
6 13 21 17 5
13 6 21 17 5
6 13 18 20 7
13 6 18 20 7
6 13 20 18 7
13 6 20 18 7
6 13 19 19 9
13 6 19 19 9
4 15 11 27 0
15 4 11 27 0
4 15 27 11 0
15 4 27 11 0
4 15 12 26 0
15 4 12 26 0
4 15 26 12 0
15 4 26 12 0
5 14 11 27 0
14 5 11 27 0
5 14 27 11 0
14 5 27 11 0
5 14 12 26 0
14 5 12 26 0
5 14 26 12 0
14 5 26 12 0
6 13 11 27 0
13 6 11 27 0
6 13 27 11 0
13 6 27 11 0
6 13 12 26 0
13 6 12 26 0
6 13 26 12 0
13 6 26 12 0
7 12 11 27 0
12 7 11 27 0
7 12 27 11 0
12 7 27 11 0
7 12 12 26 0
12 7 12 26 0
7 12 26 12 0
12 7 26 12 0
7 12 13 25 1
12 7 13 25 1
7 12 25 13 1
12 7 25 13 1
7 12 14 24 3
12 7 14 24 3
7 12 24 14 3
12 7 24 14 3
7 12 15 23 9
12 7 15 23 9
7 12 23 15 9
12 7 23 15 9
7 12 16 22 18
12 7 16 22 18
7 12 22 16 18
12 7 22 16 18
7 12 17 21 29
12 7 17 21 29
7 12 21 17 29
12 7 21 17 29
7 12 18 20 37
12 7 18 20 37
7 12 20 18 37
12 7 20 18 37
7 12 19 19 42
12 7 19 19 42
8 11 11 27 0
11 8 11 27 0
8 11 27 11 0
11 8 27 11 0
8 11 12 26 0
11 8 12 26 0
8 11 26 12 0
11 8 26 12 0
8 11 13 25 3
11 8 13 25 3
8 11 25 13 3
11 8 25 13 3
8 11 14 24 10
11 8 14 24 10
8 11 24 14 10
11 8 24 14 10
8 11 15 23 25
11 8 15 23 25
8 11 23 15 25
11 8 23 15 25
8 11 16 22 47
11 8 16 22 47
8 11 22 16 47
11 8 22 16 47
8 11 17 21 72
11 8 17 21 72
8 11 21 17 72
11 8 21 17 72
8 11 18 20 91
11 8 18 20 91
8 11 20 18 91
11 8 20 18 91
8 11 19 19 100
11 8 19 19 100
9 10 13 25 6
10 9 13 25 6
9 10 25 13 6
10 9 25 13 6
9 10 14 24 18
10 9 14 24 18
9 10 24 14 18
10 9 24 14 18
9 10 15 23 42
10 9 15 23 42
9 10 23 15 42
10 9 23 15 42
9 10 16 22 75
10 9 16 22 75
9 10 22 16 75
10 9 22 16 75
9 10 17 21 112
10 9 17 21 112
9 10 21 17 112
10 9 21 17 112
9 10 18 20 140
10 9 18 20 140
9 10 20 18 140
10 9 20 18 140
9 10 19 19 153
10 9 19 19 153
5 14 9 29 0
14 5 9 29 0
5 14 29 9 0
14 5 29 9 0
5 14 10 28 0
14 5 10 28 0
5 14 28 10 0
14 5 28 10 0
6 13 9 29 0
13 6 9 29 0
6 13 29 9 0
13 6 29 9 0
6 13 10 28 0
13 6 10 28 0
6 13 28 10 0
13 6 28 10 0
7 12 9 29 0
12 7 9 29 0
7 12 29 9 0
12 7 29 9 0
7 12 10 28 0
12 7 10 28 0
7 12 28 10 0
12 7 28 10 0
8 11 9 29 0
11 8 9 29 0
8 11 29 9 0
11 8 29 9 0
8 11 10 28 0
11 8 10 28 0
8 11 28 10 0
11 8 28 10 0
6 13 8 30 0
13 6 8 30 0
6 13 30 8 0
13 6 30 8 0
7 12 8 30 0
12 7 8 30 0
7 12 30 8 0
12 7 30 8 0
8 11 8 30 0
11 8 8 30 0
8 11 30 8 0
11 8 30 8 0
9 10 8 30 0
10 9 8 30 0
9 10 30 8 0
10 9 30 8 0
9 10 9 29 0
10 9 9 29 0
9 10 29 9 0
10 9 29 9 0
9 10 10 28 0
10 9 10 28 0
9 10 28 10 0
10 9 28 10 0
9 10 11 27 0
10 9 11 27 0
9 10 27 11 0
10 9 27 11 0
9 10 12 26 1
10 9 12 26 1
9 10 26 12 1
10 9 26 12 1
7 12 7 31 0
12 7 7 31 0
7 12 31 7 0
12 7 31 7 0
8 11 7 31 0
11 8 7 31 0
8 11 31 7 0
11 8 31 7 0
9 10 7 31 0
10 9 7 31 0
9 10 31 7 0
10 9 31 7 0
