8 20 30 44 0
20 8 30 44 0
8 20 44 30 0
20 8 44 30 0
8 20 31 43 0
20 8 31 43 0
8 20 43 31 0
20 8 43 31 0
8 20 32 42 0
20 8 32 42 0
8 20 42 32 0
20 8 42 32 0
8 20 33 41 0
20 8 33 41 0
8 20 41 33 0
20 8 41 33 0
8 20 34 40 0
20 8 34 40 0
8 20 40 34 0
20 8 40 34 0
8 20 35 39 0
20 8 35 39 0
8 20 39 35 0
20 8 39 35 0
8 20 36 38 0
20 8 36 38 0
8 20 38 36 0
20 8 38 36 0
8 20 37 37 0
20 8 37 37 0
9 19 30 44 0
19 9 30 44 0
9 19 44 30 0
19 9 44 30 0
9 19 31 43 0
19 9 31 43 0
9 19 43 31 0
19 9 43 31 0
9 19 32 42 0
19 9 32 42 0
9 19 42 32 0
19 9 42 32 0
9 19 33 41 0
19 9 33 41 0
9 19 41 33 0
19 9 41 33 0
9 19 34 40 0
19 9 34 40 0
9 19 40 34 0
19 9 40 34 0
9 19 35 39 0
19 9 35 39 0
9 19 39 35 0
19 9 39 35 0
9 19 36 38 0
19 9 36 38 0
9 19 38 36 0
19 9 38 36 0
9 19 37 37 0
19 9 37 37 0
10 18 30 44 0
18 10 30 44 0
10 18 44 30 0
18 10 44 30 0
10 18 31 43 0
18 10 31 43 0
10 18 43 31 0
18 10 43 31 0
10 18 32 42 0
18 10 32 42 0
10 18 42 32 0
18 10 42 32 0
10 18 33 41 0
18 10 33 41 0
10 18 41 33 0
18 10 41 33 0
10 18 34 40 0
18 10 34 40 0
10 18 40 34 0
18 10 40 34 0
10 18 35 39 0
18 10 35 39 0
10 18 39 35 0
18 10 39 35 0
10 18 36 38 0
18 10 36 38 0
10 18 38 36 0
18 10 38 36 0
10 18 37 37 0
18 10 37 37 0
9 19 26 48 0
19 9 26 48 0
9 19 48 26 0
19 9 48 26 0
9 19 27 47 0
19 9 27 47 0
9 19 47 27 0
19 9 47 27 0
9 19 28 46 0
19 9 28 46 0
9 19 46 28 0
19 9 46 28 0
9 19 29 45 0
19 9 29 45 0
9 19 45 29 0
19 9 45 29 0
10 18 26 48 0
18 10 26 48 0
10 18 48 26 0
18 10 48 26 0
10 18 27 47 0
18 10 27 47 0
10 18 47 27 0
18 10 47 27 0
10 18 28 46 0
18 10 28 46 0
10 18 46 28 0
18 10 46 28 0
10 18 29 45 0
18 10 29 45 0
10 18 45 29 0
18 10 45 29 0
11 17 26 48 0
17 11 26 48 0
11 17 48 26 0
17 11 48 26 0
11 17 27 47 0
17 11 27 47 0
11 17 47 27 0
17 11 47 27 0
11 17 28 46 0
17 11 28 46 0
11 17 46 28 0
17 11 46 28 0
11 17 29 45 0
17 11 29 45 0
11 17 45 29 0
17 11 45 29 0
11 17 30 44 0
17 11 30 44 0
11 17 44 30 0
17 11 44 30 0
11 17 31 43 0
17 11 31 43 0
11 17 43 31 0
17 11 43 31 0
11 17 32 42 0
17 11 32 42 0
11 17 42 32 0
17 11 42 32 0
11 17 33 41 1
17 11 33 41 1
11 17 41 33 1
17 11 41 33 1
11 17 34 40 2
17 11 34 40 2
11 17 40 34 2
17 11 40 34 2
11 17 35 39 4
17 11 35 39 4
11 17 39 35 4
17 11 39 35 4
11 17 36 38 5
17 11 36 38 5
11 17 38 36 5
17 11 38 36 5
11 17 37 37 6
17 11 37 37 6
10 18 24 50 0
18 10 24 50 0
10 18 50 24 0
18 10 50 24 0
10 18 25 49 0
18 10 25 49 0
10 18 49 25 0
18 10 49 25 0
11 17 24 50 0
17 11 24 50 0
11 17 50 24 0
17 11 50 24 0
11 17 25 49 0
17 11 25 49 0
11 17 49 25 0
17 11 49 25 0
12 16 24 50 0
16 12 24 50 0
12 16 50 24 0
16 12 50 24 0
12 16 25 49 0
16 12 25 49 0
12 16 49 25 0
16 12 49 25 0
12 16 26 48 0
16 12 26 48 0
12 16 48 26 0
16 12 48 26 0
12 16 27 47 0
16 12 27 47 0
12 16 47 27 0
16 12 47 27 0
12 16 28 46 0
16 12 28 46 0
12 16 46 28 0
16 12 46 28 0
12 16 29 45 0
16 12 29 45 0
12 16 45 29 0
16 12 45 29 0
12 16 30 44 0
16 12 30 44 0
12 16 44 30 0
16 12 44 30 0
12 16 31 43 1
16 12 31 43 1
12 16 43 31 1
16 12 43 31 1
12 16 32 42 3
16 12 32 42 3
12 16 42 32 3
16 12 42 32 3
12 16 33 41 7
16 12 33 41 7
12 16 41 33 7
16 12 41 33 7
12 16 34 40 12
16 12 34 40 12
12 16 40 34 12
16 12 40 34 12
12 16 35 39 18
16 12 35 39 18
12 16 39 35 18
16 12 39 35 18
12 16 36 38 22
16 12 36 38 22
12 16 38 36 22
16 12 38 36 22
12 16 37 37 24
16 12 37 37 24
13 15 24 50 0
15 13 24 50 0
13 15 50 24 0
15 13 50 24 0
13 15 25 49 0
15 13 25 49 0
13 15 49 25 0
15 13 49 25 0
13 15 26 48 0
15 13 26 48 0
13 15 48 26 0
15 13 48 26 0
13 15 27 47 0
15 13 27 47 0
13 15 47 27 0
15 13 47 27 0
13 15 28 46 0
15 13 28 46 0
13 15 46 28 0
15 13 46 28 0
13 15 29 45 0
15 13 29 45 0
13 15 45 29 0
15 13 45 29 0
13 15 30 44 0
15 13 30 44 0
13 15 44 30 0
15 13 44 30 0
13 15 31 43 3
15 13 31 43 3
13 15 43 31 3
15 13 43 31 3
13 15 32 42 8
15 13 32 42 8
13 15 42 32 8
15 13 42 32 8
13 15 33 41 17
15 13 33 41 17
13 15 41 33 17
15 13 41 33 17
13 15 34 40 28
15 13 34 40 28
13 15 40 34 28
15 13 40 34 28
13 15 35 39 41
15 13 35 39 41
13 15 39 35 41
15 13 39 35 41
13 15 36 38 49
15 13 36 38 49
13 15 38 36 49
15 13 38 36 49
13 15 37 37 53
15 13 37 37 53
14 14 26 48 0
14 14 48 26 0
14 14 27 47 0
14 14 47 27 0
14 14 28 46 0
14 14 46 28 0
14 14 29 45 0
14 14 45 29 0
14 14 30 44 1
14 14 44 30 1
14 14 31 43 5
14 14 43 31 5
14 14 32 42 12
14 14 42 32 12
14 14 33 41 23
14 14 41 33 23
14 14 34 40 37
14 14 40 34 37
14 14 35 39 52
14 14 39 35 52
14 14 36 38 62
14 14 38 36 62
14 14 37 37 66
11 17 23 51 0
17 11 23 51 0
11 17 51 23 0
17 11 51 23 0
12 16 23 51 0
16 12 23 51 0
12 16 51 23 0
16 12 51 23 0
13 15 23 51 0
15 13 23 51 0
13 15 51 23 0
15 13 51 23 0
12 16 22 52 0
16 12 22 52 0
12 16 52 22 0
16 12 52 22 0
13 15 22 52 0
15 13 22 52 0
13 15 52 22 0
15 13 52 22 0
14 14 22 52 0
14 14 52 22 0
14 14 23 51 0
14 14 51 23 0
14 14 24 50 0
14 14 50 24 0
14 14 25 49 0
14 14 49 25 0
