5 19 25 39 0
19 5 25 39 0
5 19 39 25 0
19 5 39 25 0
5 19 26 38 0
19 5 26 38 0
5 19 38 26 0
19 5 38 26 0
5 19 27 37 0
19 5 27 37 0
5 19 37 27 0
19 5 37 27 0
5 19 28 36 0
19 5 28 36 0
5 19 36 28 0
19 5 36 28 0
5 19 29 35 0
19 5 29 35 0
5 19 35 29 0
19 5 35 29 0
5 19 30 34 0
19 5 30 34 0
5 19 34 30 0
19 5 34 30 0
5 19 31 33 0
19 5 31 33 0
5 19 33 31 0
19 5 33 31 0
5 19 32 32 0
19 5 32 32 0
6 18 25 39 0
18 6 25 39 0
6 18 39 25 0
18 6 39 25 0
6 18 26 38 0
18 6 26 38 0
6 18 38 26 0
18 6 38 26 0
6 18 27 37 0
18 6 27 37 0
6 18 37 27 0
18 6 37 27 0
6 18 28 36 0
18 6 28 36 0
6 18 36 28 0
18 6 36 28 0
6 18 29 35 0
18 6 29 35 0
6 18 35 29 0
18 6 35 29 0
6 18 30 34 0
18 6 30 34 0
6 18 34 30 0
18 6 34 30 0
6 18 31 33 0
18 6 31 33 0
6 18 33 31 0
18 6 33 31 0
6 18 32 32 0
18 6 32 32 0
7 17 25 39 0
17 7 25 39 0
7 17 39 25 0
17 7 39 25 0
7 17 26 38 0
17 7 26 38 0
7 17 38 26 0
17 7 38 26 0
7 17 27 37 0
17 7 27 37 0
7 17 37 27 0
17 7 37 27 0
7 17 28 36 0
17 7 28 36 0
7 17 36 28 0
17 7 36 28 0
7 17 29 35 0
17 7 29 35 0
7 17 35 29 0
17 7 35 29 0
7 17 30 34 1
17 7 30 34 1
7 17 34 30 1
17 7 34 30 1
7 17 31 33 1
17 7 31 33 1
7 17 33 31 1
17 7 33 31 1
7 17 32 32 1
17 7 32 32 1
6 18 21 43 0
18 6 21 43 0
6 18 43 21 0
18 6 43 21 0
6 18 22 42 0
18 6 22 42 0
6 18 42 22 0
18 6 42 22 0
6 18 23 41 0
18 6 23 41 0
6 18 41 23 0
18 6 41 23 0
6 18 24 40 0
18 6 24 40 0
6 18 40 24 0
18 6 40 24 0
7 17 21 43 0
17 7 21 43 0
7 17 43 21 0
17 7 43 21 0
7 17 22 42 0
17 7 22 42 0
7 17 42 22 0
17 7 42 22 0
7 17 23 41 0
17 7 23 41 0
7 17 41 23 0
17 7 41 23 0
7 17 24 40 0
17 7 24 40 0
7 17 40 24 0
17 7 40 24 0
8 16 21 43 0
16 8 21 43 0
8 16 43 21 0
16 8 43 21 0
8 16 22 42 0
16 8 22 42 0
8 16 42 22 0
16 8 42 22 0
8 16 23 41 0
16 8 23 41 0
8 16 41 23 0
16 8 41 23 0
8 16 24 40 0
16 8 24 40 0
8 16 40 24 0
16 8 40 24 0
8 16 25 39 0
16 8 25 39 0
8 16 39 25 0
16 8 39 25 0
8 16 26 38 1
16 8 26 38 1
8 16 38 26 1
16 8 38 26 1
8 16 27 37 3
16 8 27 37 3
8 16 37 27 3
16 8 37 27 3
8 16 28 36 6
16 8 28 36 6
8 16 36 28 6
16 8 36 28 6
8 16 29 35 10
16 8 29 35 10
8 16 35 29 10
16 8 35 29 10
8 16 30 34 15
16 8 30 34 15
8 16 34 30 15
16 8 34 30 15
8 16 31 33 18
16 8 31 33 18
8 16 33 31 18
16 8 33 31 18
8 16 32 32 19
16 8 32 32 19
7 17 19 45 0
17 7 19 45 0
7 17 45 19 0
17 7 45 19 0
7 17 20 44 0
17 7 20 44 0
7 17 44 20 0
17 7 44 20 0
8 16 19 45 0
16 8 19 45 0
8 16 45 19 0
16 8 45 19 0
8 16 20 44 0
16 8 20 44 0
8 16 44 20 0
16 8 44 20 0
9 15 19 45 0
15 9 19 45 0
9 15 45 19 0
15 9 45 19 0
9 15 20 44 0
15 9 20 44 0
9 15 44 20 0
15 9 44 20 0
9 15 21 43 0
15 9 21 43 0
9 15 43 21 0
15 9 43 21 0
9 15 22 42 0
15 9 22 42 0
9 15 42 22 0
15 9 42 22 0
9 15 23 41 0
15 9 23 41 0
9 15 41 23 0
15 9 41 23 0
9 15 24 40 1
15 9 24 40 1
9 15 40 24 1
15 9 40 24 1
9 15 25 39 3
15 9 25 39 3
9 15 39 25 3
15 9 39 25 3
9 15 26 38 10
15 9 26 38 10
9 15 38 26 10
15 9 38 26 10
9 15 27 37 21
15 9 27 37 21
9 15 37 27 21
15 9 37 27 21
9 15 28 36 38
15 9 28 36 38
9 15 36 28 38
15 9 36 28 38
9 15 29 35 57
15 9 29 35 57
9 15 35 29 57
15 9 35 29 57
9 15 30 34 78
15 9 30 34 78
9 15 34 30 78
15 9 34 30 78
9 15 31 33 91
15 9 31 33 91
9 15 33 31 91
15 9 33 31 91
9 15 32 32 97
15 9 32 32 97
10 14 19 45 0
14 10 19 45 0
10 14 45 19 0
14 10 45 19 0
10 14 20 44 0
14 10 20 44 0
10 14 44 20 0
14 10 44 20 0
10 14 21 43 0
14 10 21 43 0
10 14 43 21 0
14 10 43 21 0
10 14 22 42 0
14 10 22 42 0
10 14 42 22 0
14 10 42 22 0
10 14 23 41 1
14 10 23 41 1
10 14 41 23 1
14 10 41 23 1
10 14 24 40 6
14 10 24 40 6
10 14 40 24 6
14 10 40 24 6
10 14 25 39 17
14 10 25 39 17
10 14 39 25 17
14 10 39 25 17
10 14 26 38 39
14 10 26 38 39
10 14 38 26 39
14 10 38 26 39
10 14 27 37 74
14 10 27 37 74
10 14 37 27 74
14 10 37 27 74
10 14 28 36 121
14 10 28 36 121
10 14 36 28 121
14 10 36 28 121
10 14 29 35 173
14 10 29 35 173
10 14 35 29 173
14 10 35 29 173
10 14 30 34 224
14 10 30 34 224
10 14 34 30 224
14 10 34 30 224
10 14 31 33 259
14 10 31 33 259
10 14 33 31 259
14 10 33 31 259
10 14 32 32 272
14 10 32 32 272
11 13 21 43 0
13 11 21 43 0
11 13 43 21 0
13 11 43 21 0
11 13 22 42 1
13 11 22 42 1
11 13 42 22 1
13 11 42 22 1
11 13 23 41 4
13 11 23 41 4
11 13 41 23 4
13 11 41 23 4
11 13 24 40 15
13 11 24 40 15
11 13 40 24 15
13 11 40 24 15
11 13 25 39 37
13 11 25 39 37
11 13 39 25 37
13 11 39 25 37
11 13 26 38 79
13 11 26 38 79
11 13 38 26 79
13 11 38 26 79
11 13 27 37 141
13 11 27 37 141
11 13 37 27 141
13 11 37 27 141
11 13 28 36 224
13 11 28 36 224
11 13 36 28 224
13 11 36 28 224
11 13 29 35 313
13 11 29 35 313
11 13 35 29 313
13 11 35 29 313
11 13 30 34 400
13 11 30 34 400
11 13 34 30 400
13 11 34 30 400
11 13 31 33 458
13 11 31 33 458
11 13 33 31 458
13 11 33 31 458
11 13 32 32 481
13 11 32 32 481
12 12 25 39 49
12 12 39 25 49
12 12 26 38 101
12 12 38 26 101
12 12 27 37 178
12 12 37 27 178
12 12 28 36 277
12 12 36 28 277
12 12 29 35 385
12 12 35 29 385
12 12 30 34 486
12 12 34 30 486
12 12 31 33 556
12 12 33 31 556
12 12 32 32 582
8 16 17 47 0
16 8 17 47 0
8 16 47 17 0
16 8 47 17 0
8 16 18 46 0
16 8 18 46 0
8 16 46 18 0
16 8 46 18 0
9 15 17 47 0
15 9 17 47 0
9 15 47 17 0
15 9 47 17 0
9 15 18 46 0
15 9 18 46 0
9 15 46 18 0
15 9 46 18 0
10 14 17 47 0
14 10 17 47 0
10 14 47 17 0
14 10 47 17 0
10 14 18 46 0
14 10 18 46 0
10 14 46 18 0
14 10 46 18 0
9 15 16 48 0
15 9 16 48 0
9 15 48 16 0
15 9 48 16 0
10 14 16 48 0
14 10 16 48 0
10 14 48 16 0
14 10 48 16 0
11 13 16 48 0
13 11 16 48 0
11 13 48 16 0
13 11 48 16 0
11 13 17 47 0
13 11 17 47 0
11 13 47 17 0
13 11 47 17 0
11 13 18 46 0
13 11 18 46 0
11 13 46 18 0
13 11 46 18 0
11 13 19 45 0
13 11 19 45 0
11 13 45 19 0
13 11 45 19 0
11 13 20 44 0
13 11 20 44 0
11 13 44 20 0
13 11 44 20 0
12 12 17 47 0
12 12 47 17 0
12 12 18 46 0
12 12 46 18 0
12 12 19 45 0
12 12 45 19 0
12 12 20 44 0
12 12 44 20 0
12 12 21 43 0
12 12 43 21 0
12 12 22 42 1
12 12 42 22 1
12 12 23 41 6
12 12 41 23 6
12 12 24 40 20
12 12 40 24 20
10 14 15 49 0
14 10 15 49 0
10 14 49 15 0
14 10 49 15 0
11 13 15 49 0
13 11 15 49 0
11 13 49 15 0
13 11 49 15 0
12 12 15 49 0
12 12 49 15 0
12 12 16 48 0
12 12 48 16 0
