0 10 6 23 0
10 0 6 23 0
0 10 23 6 0
10 0 23 6 0
0 10 7 22 0
10 0 7 22 0
0 10 22 7 0
10 0 22 7 0
0 10 8 21 0
10 0 8 21 0
0 10 21 8 0
10 0 21 8 0
0 10 9 20 0
10 0 9 20 0
0 10 20 9 0
10 0 20 9 0
0 10 10 19 0
10 0 10 19 0
0 10 19 10 0
10 0 19 10 0
0 10 11 18 0
10 0 11 18 0
0 10 18 11 0
10 0 18 11 0
0 10 12 17 0
10 0 12 17 0
0 10 17 12 0
10 0 17 12 0
0 10 13 16 0
10 0 13 16 0
0 10 16 13 0
10 0 16 13 0
0 10 14 15 0
10 0 14 15 0
0 10 15 14 0
10 0 15 14 0
1 9 6 23 0
9 1 6 23 0
1 9 23 6 0
9 1 23 6 0
1 9 7 22 0
9 1 7 22 0
1 9 22 7 0
9 1 22 7 0
1 9 8 21 0
9 1 8 21 0
1 9 21 8 0
9 1 21 8 0
1 9 9 20 0
9 1 9 20 0
1 9 20 9 0
9 1 20 9 0
1 9 10 19 0
9 1 10 19 0
1 9 19 10 0
9 1 19 10 0
1 9 11 18 0
9 1 11 18 0
1 9 18 11 0
9 1 18 11 0
1 9 12 17 0
9 1 12 17 0
1 9 17 12 0
9 1 17 12 0
1 9 13 16 0
9 1 13 16 0
1 9 16 13 0
9 1 16 13 0
1 9 14 15 0
9 1 14 15 0
1 9 15 14 0
9 1 15 14 0
2 8 6 23 1
8 2 6 23 1
2 8 23 6 1
8 2 23 6 1
2 8 7 22 2
8 2 7 22 2
2 8 22 7 2
8 2 22 7 2
2 8 8 21 4
8 2 8 21 4
2 8 21 8 4
8 2 21 8 4
2 8 9 20 6
8 2 9 20 6
2 8 20 9 6
8 2 20 9 6
2 8 10 19 8
8 2 10 19 8
2 8 19 10 8
8 2 19 10 8
2 8 11 18 9
8 2 11 18 9
2 8 18 11 9
8 2 18 11 9
2 8 12 17 10
8 2 12 17 10
2 8 17 12 10
8 2 17 12 10
2 8 13 16 10
8 2 13 16 10
2 8 16 13 10
8 2 16 13 10
2 8 14 15 10
8 2 14 15 10
2 8 15 14 10
8 2 15 14 10
1 9 3 26 0
9 1 3 26 0
1 9 26 3 0
9 1 26 3 0
1 9 4 25 0
9 1 4 25 0
1 9 25 4 0
9 1 25 4 0
1 9 5 24 0
9 1 5 24 0
1 9 24 5 0
9 1 24 5 0
2 8 3 26 0
8 2 3 26 0
2 8 26 3 0
8 2 26 3 0
2 8 4 25 0
8 2 4 25 0
2 8 25 4 0
8 2 25 4 0
2 8 5 24 0
8 2 5 24 0
2 8 24 5 0
8 2 24 5 0
3 7 3 26 0
7 3 3 26 0
3 7 26 3 0
7 3 26 3 0
3 7 4 25 1
7 3 4 25 1
3 7 25 4 1
7 3 25 4 1
3 7 5 24 3
7 3 5 24 3
3 7 24 5 3
7 3 24 5 3
3 7 6 23 7
7 3 6 23 7
3 7 23 6 7
7 3 23 6 7
3 7 7 22 13
7 3 7 22 13
3 7 22 7 13
7 3 22 7 13
3 7 8 21 21
7 3 8 21 21
3 7 21 8 21
7 3 21 8 21
3 7 9 20 29
7 3 9 20 29
3 7 20 9 29
7 3 20 9 29
3 7 10 19 37
7 3 10 19 37
3 7 19 10 37
7 3 19 10 37
3 7 11 18 43
7 3 11 18 43
3 7 18 11 43
7 3 18 11 43
3 7 12 17 47
7 3 12 17 47
3 7 17 12 47
7 3 17 12 47
3 7 13 16 49
7 3 13 16 49
3 7 16 13 49
7 3 16 13 49
3 7 14 15 50
7 3 14 15 50
3 7 15 14 50
7 3 15 14 50
4 6 3 26 0
6 4 3 26 0
4 6 26 3 0
6 4 26 3 0
4 6 4 25 2
6 4 4 25 2
4 6 25 4 2
6 4 25 4 2
4 6 5 24 6
6 4 5 24 6
4 6 24 5 6
6 4 24 5 6
4 6 6 23 14
6 4 6 23 14
4 6 23 6 14
6 4 23 6 14
4 6 7 22 26
6 4 7 22 26
4 6 22 7 26
6 4 22 7 26
4 6 8 21 42
6 4 8 21 42
4 6 21 8 42
6 4 21 8 42
4 6 9 20 58
6 4 9 20 58
4 6 20 9 58
6 4 20 9 58
4 6 10 19 74
6 4 10 19 74
4 6 19 10 74
6 4 19 10 74
4 6 11 18 86
6 4 11 18 86
4 6 18 11 86
6 4 18 11 86
4 6 12 17 94
6 4 12 17 94
4 6 17 12 94
6 4 17 12 94
4 6 13 16 98
6 4 13 16 98
4 6 16 13 98
6 4 16 13 98
4 6 14 15 100
6 4 14 15 100
4 6 15 14 100
6 4 15 14 100
2 8 2 27 0
8 2 2 27 0
2 8 27 2 0
8 2 27 2 0
3 7 2 27 0
7 3 2 27 0
3 7 27 2 0
7 3 27 2 0
4 6 2 27 0
6 4 2 27 0
4 6 27 2 0
6 4 27 2 0
3 7 1 28 0
7 3 1 28 0
3 7 28 1 0
7 3 28 1 0
4 6 1 28 0
6 4 1 28 0
4 6 28 1 0
6 4 28 1 0
5 5 1 28 0
5 5 28 1 0
5 5 2 27 0
5 5 27 2 0
5 5 3 26 1
5 5 26 3 1
5 5 4 25 4
5 5 25 4 4
5 5 5 24 10
5 5 24 5 10
5 5 6 23 21
5 5 23 6 21
5 5 7 22 37
5 5 22 7 37
5 5 8 21 57
5 5 21 8 57
5 5 9 20 78
5 5 20 9 78
5 5 10 19 98
5 5 19 10 98
5 5 11 18 114
5 5 18 11 114
5 5 12 17 125
5 5 17 12 125
5 5 13 16 131
5 5 16 13 131
5 5 14 15 134
5 5 15 14 134
