10 20 31 48 0
20 10 31 48 0
10 20 48 31 0
20 10 48 31 0
10 20 32 47 0
20 10 32 47 0
10 20 47 32 0
20 10 47 32 0
10 20 33 46 0
20 10 33 46 0
10 20 46 33 0
20 10 46 33 0
10 20 34 45 0
20 10 34 45 0
10 20 45 34 0
20 10 45 34 0
10 20 35 44 0
20 10 35 44 0
10 20 44 35 0
20 10 44 35 0
10 20 36 43 0
20 10 36 43 0
10 20 43 36 0
20 10 43 36 0
10 20 37 42 0
20 10 37 42 0
10 20 42 37 0
20 10 42 37 0
10 20 38 41 0
20 10 38 41 0
10 20 41 38 0
20 10 41 38 0
10 20 39 40 0
20 10 39 40 0
10 20 40 39 0
20 10 40 39 0
11 19 31 48 0
19 11 31 48 0
11 19 48 31 0
19 11 48 31 0
11 19 32 47 0
19 11 32 47 0
11 19 47 32 0
19 11 47 32 0
11 19 33 46 0
19 11 33 46 0
11 19 46 33 0
19 11 46 33 0
11 19 34 45 0
19 11 34 45 0
11 19 45 34 0
19 11 45 34 0
11 19 35 44 0
19 11 35 44 0
11 19 44 35 0
19 11 44 35 0
11 19 36 43 0
19 11 36 43 0
11 19 43 36 0
19 11 43 36 0
11 19 37 42 0
19 11 37 42 0
11 19 42 37 0
19 11 42 37 0
11 19 38 41 0
19 11 38 41 0
11 19 41 38 0
19 11 41 38 0
11 19 39 40 0
19 11 39 40 0
11 19 40 39 0
19 11 40 39 0
12 18 31 48 0
18 12 31 48 0
12 18 48 31 0
18 12 48 31 0
12 18 32 47 0
18 12 32 47 0
12 18 47 32 0
18 12 47 32 0
12 18 33 46 0
18 12 33 46 0
12 18 46 33 0
18 12 46 33 0
12 18 34 45 0
18 12 34 45 0
12 18 45 34 0
18 12 45 34 0
12 18 35 44 0
18 12 35 44 0
12 18 44 35 0
18 12 44 35 0
12 18 36 43 0
18 12 36 43 0
12 18 43 36 0
18 12 43 36 0
12 18 37 42 0
18 12 37 42 0
12 18 42 37 0
18 12 42 37 0
12 18 38 41 0
18 12 38 41 0
12 18 41 38 0
18 12 41 38 0
12 18 39 40 0
18 12 39 40 0
12 18 40 39 0
18 12 40 39 0
11 19 28 51 0
19 11 28 51 0
11 19 51 28 0
19 11 51 28 0
11 19 29 50 0
19 11 29 50 0
11 19 50 29 0
19 11 50 29 0
11 19 30 49 0
19 11 30 49 0
11 19 49 30 0
19 11 49 30 0
12 18 28 51 0
18 12 28 51 0
12 18 51 28 0
18 12 51 28 0
12 18 29 50 0
18 12 29 50 0
12 18 50 29 0
18 12 50 29 0
12 18 30 49 0
18 12 30 49 0
12 18 49 30 0
18 12 49 30 0
13 17 28 51 0
17 13 28 51 0
13 17 51 28 0
17 13 51 28 0
13 17 29 50 0
17 13 29 50 0
13 17 50 29 0
17 13 50 29 0
13 17 30 49 0
17 13 30 49 0
13 17 49 30 0
17 13 49 30 0
13 17 31 48 0
17 13 31 48 0
13 17 48 31 0
17 13 48 31 0
13 17 32 47 0
17 13 32 47 0
13 17 47 32 0
17 13 47 32 0
13 17 33 46 0
17 13 33 46 0
13 17 46 33 0
17 13 46 33 0
13 17 34 45 0
17 13 34 45 0
13 17 45 34 0
17 13 45 34 0
13 17 35 44 0
17 13 35 44 0
13 17 44 35 0
17 13 44 35 0
13 17 36 43 1
17 13 36 43 1
13 17 43 36 1
17 13 43 36 1
13 17 37 42 2
17 13 37 42 2
13 17 42 37 2
17 13 42 37 2
13 17 38 41 3
17 13 38 41 3
13 17 41 38 3
17 13 41 38 3
13 17 39 40 4
17 13 39 40 4
13 17 40 39 4
17 13 40 39 4
12 18 27 52 0
18 12 27 52 0
12 18 52 27 0
18 12 52 27 0
13 17 27 52 0
17 13 27 52 0
13 17 52 27 0
17 13 52 27 0
14 16 27 52 0
16 14 27 52 0
14 16 52 27 0
16 14 52 27 0
14 16 28 51 0
16 14 28 51 0
14 16 51 28 0
16 14 51 28 0
14 16 29 50 0
16 14 29 50 0
14 16 50 29 0
16 14 50 29 0
14 16 30 49 0
16 14 30 49 0
14 16 49 30 0
16 14 49 30 0
14 16 31 48 0
16 14 31 48 0
14 16 48 31 0
16 14 48 31 0
14 16 32 47 0
16 14 32 47 0
14 16 47 32 0
16 14 47 32 0
14 16 33 46 0
16 14 33 46 0
14 16 46 33 0
16 14 46 33 0
14 16 34 45 0
16 14 34 45 0
14 16 45 34 0
16 14 45 34 0
14 16 35 44 1
16 14 35 44 1
14 16 44 35 1
16 14 44 35 1
14 16 36 43 3
16 14 36 43 3
14 16 43 36 3
16 14 43 36 3
14 16 37 42 5
16 14 37 42 5
14 16 42 37 5
16 14 42 37 5
14 16 38 41 7
16 14 38 41 7
14 16 41 38 7
16 14 41 38 7
14 16 39 40 9
16 14 39 40 9
14 16 40 39 9
16 14 40 39 9
15 15 28 51 0
15 15 51 28 0
15 15 29 50 0
15 15 50 29 0
15 15 30 49 0
15 15 49 30 0
15 15 31 48 0
15 15 48 31 0
15 15 32 47 0
15 15 47 32 0
15 15 33 46 0
15 15 46 33 0
15 15 34 45 0
15 15 45 34 0
15 15 35 44 2
15 15 44 35 2
15 15 36 43 5
15 15 43 36 5
15 15 37 42 8
15 15 42 37 8
15 15 38 41 11
15 15 41 38 11
15 15 39 40 14
15 15 40 39 14
13 17 26 53 0
17 13 26 53 0
13 17 53 26 0
17 13 53 26 0
14 16 26 53 0
16 14 26 53 0
14 16 53 26 0
16 14 53 26 0
15 15 26 53 0
15 15 53 26 0
15 15 27 52 0
15 15 52 27 0
