2 16 16 33 0
16 2 16 33 0
2 16 33 16 0
16 2 33 16 0
2 16 17 32 0
16 2 17 32 0
2 16 32 17 0
16 2 32 17 0
2 16 18 31 0
16 2 18 31 0
2 16 31 18 0
16 2 31 18 0
2 16 19 30 0
16 2 19 30 0
2 16 30 19 0
16 2 30 19 0
2 16 20 29 0
16 2 20 29 0
2 16 29 20 0
16 2 29 20 0
2 16 21 28 0
16 2 21 28 0
2 16 28 21 0
16 2 28 21 0
2 16 22 27 0
16 2 22 27 0
2 16 27 22 0
16 2 27 22 0
2 16 23 26 0
16 2 23 26 0
2 16 26 23 0
16 2 26 23 0
2 16 24 25 0
16 2 24 25 0
2 16 25 24 0
16 2 25 24 0
3 15 16 33 0
15 3 16 33 0
3 15 33 16 0
15 3 33 16 0
3 15 17 32 0
15 3 17 32 0
3 15 32 17 0
15 3 32 17 0
3 15 18 31 0
15 3 18 31 0
3 15 31 18 0
15 3 31 18 0
3 15 19 30 0
15 3 19 30 0
3 15 30 19 0
15 3 30 19 0
3 15 20 29 0
15 3 20 29 0
3 15 29 20 0
15 3 29 20 0
3 15 21 28 0
15 3 21 28 0
3 15 28 21 0
15 3 28 21 0
3 15 22 27 0
15 3 22 27 0
3 15 27 22 0
15 3 27 22 0
3 15 23 26 0
15 3 23 26 0
3 15 26 23 0
15 3 26 23 0
3 15 24 25 0
15 3 24 25 0
3 15 25 24 0
15 3 25 24 0
4 14 16 33 0
14 4 16 33 0
4 14 33 16 0
14 4 33 16 0
4 14 17 32 0
14 4 17 32 0
4 14 32 17 0
14 4 32 17 0
4 14 18 31 1
14 4 18 31 1
4 14 31 18 1
14 4 31 18 1
4 14 19 30 2
14 4 19 30 2
4 14 30 19 2
14 4 30 19 2
4 14 20 29 4
14 4 20 29 4
4 14 29 20 4
14 4 29 20 4
4 14 21 28 7
14 4 21 28 7
4 14 28 21 7
14 4 28 21 7
4 14 22 27 10
14 4 22 27 10
4 14 27 22 10
14 4 27 22 10
4 14 23 26 12
14 4 23 26 12
4 14 26 23 12
14 4 26 23 12
4 14 24 25 14
14 4 24 25 14
4 14 25 24 14
14 4 25 24 14
3 15 15 34 0
15 3 15 34 0
3 15 34 15 0
15 3 34 15 0
4 14 15 34 0
14 4 15 34 0
4 14 34 15 0
14 4 34 15 0
5 13 15 34 0
13 5 15 34 0
5 13 34 15 0
13 5 34 15 0
5 13 16 33 1
13 5 16 33 1
5 13 33 16 1
13 5 33 16 1
5 13 17 32 4
13 5 17 32 4
5 13 32 17 4
13 5 32 17 4
5 13 18 31 11
13 5 18 31 11
5 13 31 18 11
13 5 31 18 11
5 13 19 30 22
13 5 19 30 22
5 13 30 19 22
13 5 30 19 22
5 13 20 29 38
13 5 20 29 38
5 13 29 20 38
13 5 29 20 38
5 13 21 28 58
13 5 21 28 58
5 13 28 21 58
13 5 28 21 58
5 13 22 27 78
13 5 22 27 78
5 13 27 22 78
13 5 27 22 78
5 13 23 26 94
13 5 23 26 94
5 13 26 23 94
13 5 26 23 94
5 13 24 25 104
13 5 24 25 104
5 13 25 24 104
13 5 25 24 104
6 12 16 33 12
12 6 16 33 12
6 12 33 16 12
12 6 33 16 12
6 12 17 32 29
12 6 17 32 29
6 12 32 17 29
12 6 32 17 29
6 12 18 31 60
12 6 18 31 60
6 12 31 18 60
12 6 31 18 60
6 12 19 30 106
12 6 19 30 106
6 12 30 19 106
12 6 30 19 106
6 12 20 29 168
12 6 20 29 168
6 12 29 20 168
12 6 29 20 168
6 12 21 28 239
12 6 21 28 239
6 12 28 21 239
12 6 28 21 239
6 12 22 27 309
12 6 22 27 309
6 12 27 22 309
12 6 27 22 309
6 12 23 26 365
12 6 23 26 365
6 12 26 23 365
12 6 26 23 365
6 12 24 25 397
12 6 24 25 397
6 12 25 24 397
12 6 25 24 397
3 15 13 36 0
15 3 13 36 0
3 15 36 13 0
15 3 36 13 0
3 15 14 35 0
15 3 14 35 0
3 15 35 14 0
15 3 35 14 0
4 14 13 36 0
14 4 13 36 0
4 14 36 13 0
14 4 36 13 0
4 14 14 35 0
14 4 14 35 0
4 14 35 14 0
14 4 35 14 0
5 13 13 36 0
13 5 13 36 0
5 13 36 13 0
13 5 36 13 0
5 13 14 35 0
13 5 14 35 0
5 13 35 14 0
13 5 35 14 0
4 14 11 38 0
14 4 11 38 0
4 14 38 11 0
14 4 38 11 0
4 14 12 37 0
14 4 12 37 0
4 14 37 12 0
14 4 37 12 0
5 13 11 38 0
13 5 11 38 0
5 13 38 11 0
13 5 38 11 0
5 13 12 37 0
13 5 12 37 0
5 13 37 12 0
13 5 37 12 0
6 12 11 38 0
12 6 11 38 0
6 12 38 11 0
12 6 38 11 0
6 12 12 37 0
12 6 12 37 0
6 12 37 12 0
12 6 37 12 0
6 12 13 36 0
12 6 13 36 0
6 12 36 13 0
12 6 36 13 0
6 12 14 35 1
12 6 14 35 1
6 12 35 14 1
12 6 35 14 1
6 12 15 34 4
12 6 15 34 4
6 12 34 15 4
12 6 34 15 4
7 11 11 38 0
11 7 11 38 0
7 11 38 11 0
11 7 38 11 0
7 11 12 37 0
11 7 12 37 0
7 11 37 12 0
11 7 37 12 0
7 11 13 36 1
11 7 13 36 1
7 11 36 13 1
11 7 36 13 1
7 11 14 35 5
11 7 14 35 5
7 11 35 14 5
11 7 35 14 5
7 11 15 34 17
11 7 15 34 17
7 11 34 15 17
11 7 34 15 17
7 11 16 33 43
11 7 16 33 43
7 11 33 16 43
11 7 33 16 43
7 11 17 32 92
11 7 17 32 92
7 11 32 17 92
11 7 32 17 92
7 11 18 31 173
11 7 18 31 173
7 11 31 18 173
11 7 31 18 173
7 11 19 30 288
11 7 19 30 288
7 11 30 19 288
11 7 30 19 288
7 11 20 29 434
11 7 20 29 434
7 11 29 20 434
11 7 29 20 434
7 11 21 28 598
11 7 21 28 598
7 11 28 21 598
11 7 28 21 598
7 11 22 27 756
11 7 22 27 756
7 11 27 22 756
11 7 27 22 756
7 11 23 26 881
11 7 23 26 881
7 11 26 23 881
11 7 26 23 881
7 11 24 25 952
11 7 24 25 952
7 11 25 24 952
11 7 25 24 952
8 10 13 36 4
10 8 13 36 4
8 10 36 13 4
10 8 36 13 4
8 10 14 35 14
10 8 14 35 14
8 10 35 14 14
10 8 35 14 14
8 10 15 34 38
10 8 15 34 38
8 10 34 15 38
10 8 34 15 38
8 10 16 33 88
10 8 16 33 88
8 10 33 16 88
10 8 33 16 88
8 10 17 32 176
10 8 17 32 176
8 10 32 17 176
10 8 32 17 176
8 10 18 31 316
10 8 18 31 316
8 10 31 18 316
10 8 31 18 316
8 10 19 30 509
10 8 19 30 509
8 10 30 19 509
10 8 30 19 509
8 10 20 29 749
10 8 20 29 749
8 10 29 20 749
10 8 29 20 749
8 10 21 28 1013
10 8 21 28 1013
8 10 28 21 1013
10 8 28 21 1013
8 10 22 27 1265
10 8 22 27 1265
8 10 27 22 1265
10 8 27 22 1265
8 10 23 26 1463
10 8 23 26 1463
8 10 26 23 1463
10 8 26 23 1463
8 10 24 25 1574
10 8 24 25 1574
8 10 25 24 1574
10 8 25 24 1574
5 13 9 40 0
13 5 9 40 0
5 13 40 9 0
13 5 40 9 0
5 13 10 39 0
13 5 10 39 0
5 13 39 10 0
13 5 39 10 0
6 12 9 40 0
12 6 9 40 0
6 12 40 9 0
12 6 40 9 0
6 12 10 39 0
12 6 10 39 0
6 12 39 10 0
12 6 39 10 0
7 11 9 40 0
11 7 9 40 0
7 11 40 9 0
11 7 40 9 0
7 11 10 39 0
11 7 10 39 0
7 11 39 10 0
11 7 39 10 0
6 12 8 41 0
12 6 8 41 0
6 12 41 8 0
12 6 41 8 0
7 11 8 41 0
11 7 8 41 0
7 11 41 8 0
11 7 41 8 0
8 10 8 41 0
10 8 8 41 0
8 10 41 8 0
10 8 41 8 0
8 10 9 40 0
10 8 9 40 0
8 10 40 9 0
10 8 40 9 0
8 10 10 39 0
10 8 10 39 0
8 10 39 10 0
10 8 39 10 0
8 10 11 38 0
10 8 11 38 0
8 10 38 11 0
10 8 38 11 0
8 10 12 37 1
10 8 12 37 1
8 10 37 12 1
10 8 37 12 1
9 9 9 40 0
9 9 40 9 0
9 9 10 39 0
9 9 39 10 0
9 9 11 38 0
9 9 38 11 0
9 9 12 37 1
9 9 37 12 1
9 9 13 36 5
9 9 36 13 5
9 9 14 35 18
9 9 35 14 18
9 9 15 34 48
9 9 34 15 48
9 9 16 33 109
9 9 33 16 109
9 9 17 32 216
9 9 32 17 216
9 9 18 31 382
9 9 31 18 382
9 9 19 30 610
9 9 30 19 610
9 9 20 29 892
9 9 29 20 892
9 9 21 28 1200
9 9 28 21 1200
9 9 22 27 1493
9 9 27 22 1493
9 9 23 26 1724
9 9 26 23 1724
9 9 24 25 1852
9 9 25 24 1852
7 11 7 42 0
11 7 7 42 0
7 11 42 7 0
11 7 42 7 0
8 10 7 42 0
10 8 7 42 0
8 10 42 7 0
10 8 42 7 0
9 9 7 42 0
9 9 42 7 0
9 9 8 41 0
9 9 41 8 0
