0 14 15 24 0
14 0 15 24 0
0 14 24 15 0
14 0 24 15 0
0 14 16 23 0
14 0 16 23 0
0 14 23 16 0
14 0 23 16 0
0 14 17 22 0
14 0 17 22 0
0 14 22 17 0
14 0 22 17 0
0 14 18 21 0
14 0 18 21 0
0 14 21 18 0
14 0 21 18 0
0 14 19 20 0
14 0 19 20 0
0 14 20 19 0
14 0 20 19 0
1 13 15 24 0
13 1 15 24 0
1 13 24 15 0
13 1 24 15 0
1 13 16 23 0
13 1 16 23 0
1 13 23 16 0
13 1 23 16 0
1 13 17 22 0
13 1 17 22 0
1 13 22 17 0
13 1 22 17 0
1 13 18 21 0
13 1 18 21 0
1 13 21 18 0
13 1 21 18 0
1 13 19 20 0
13 1 19 20 0
1 13 20 19 0
13 1 20 19 0
2 12 15 24 1
12 2 15 24 1
2 12 24 15 1
12 2 24 15 1
2 12 16 23 2
12 2 16 23 2
2 12 23 16 2
12 2 23 16 2
2 12 17 22 3
12 2 17 22 3
2 12 22 17 3
12 2 22 17 3
2 12 18 21 4
12 2 18 21 4
2 12 21 18 4
12 2 21 18 4
2 12 19 20 5
12 2 19 20 5
2 12 20 19 5
12 2 20 19 5
1 13 10 29 0
13 1 10 29 0
1 13 29 10 0
13 1 29 10 0
1 13 11 28 0
13 1 11 28 0
1 13 28 11 0
13 1 28 11 0
1 13 12 27 0
13 1 12 27 0
1 13 27 12 0
13 1 27 12 0
1 13 13 26 0
13 1 13 26 0
1 13 26 13 0
13 1 26 13 0
1 13 14 25 0
13 1 14 25 0
1 13 25 14 0
13 1 25 14 0
2 12 10 29 0
12 2 10 29 0
2 12 29 10 0
12 2 29 10 0
2 12 11 28 0
12 2 11 28 0
2 12 28 11 0
12 2 28 11 0
2 12 12 27 0
12 2 12 27 0
2 12 27 12 0
12 2 27 12 0
2 12 13 26 0
12 2 13 26 0
2 12 26 13 0
12 2 26 13 0
2 12 14 25 0
12 2 14 25 0
2 12 25 14 0
12 2 25 14 0
3 11 10 29 0
11 3 10 29 0
3 11 29 10 0
11 3 29 10 0
3 11 11 28 1
11 3 11 28 1
3 11 28 11 1
11 3 28 11 1
3 11 12 27 3
11 3 12 27 3
3 11 27 12 3
11 3 27 12 3
3 11 13 26 6
11 3 13 26 6
3 11 26 13 6
11 3 26 13 6
3 11 14 25 11
11 3 14 25 11
3 11 25 14 11
11 3 25 14 11
3 11 15 24 19
11 3 15 24 19
3 11 24 15 19
11 3 24 15 19
3 11 16 23 28
11 3 16 23 28
3 11 23 16 28
11 3 23 16 28
3 11 17 22 37
11 3 17 22 37
3 11 22 17 37
11 3 22 17 37
3 11 18 21 45
11 3 18 21 45
3 11 21 18 45
11 3 21 18 45
3 11 19 20 50
11 3 19 20 50
3 11 20 19 50
11 3 20 19 50
4 10 10 29 3
10 4 10 29 3
4 10 29 10 3
10 4 29 10 3
4 10 11 28 9
10 4 11 28 9
4 10 28 11 9
10 4 28 11 9
4 10 12 27 20
10 4 12 27 20
4 10 27 12 20
10 4 27 12 20
4 10 13 26 38
10 4 13 26 38
4 10 26 13 38
10 4 26 13 38
4 10 14 25 63
10 4 14 25 63
4 10 25 14 63
10 4 25 14 63
4 10 15 24 96
10 4 15 24 96
4 10 24 15 96
10 4 24 15 96
4 10 16 23 132
10 4 16 23 132
4 10 23 16 132
10 4 23 16 132
4 10 17 22 167
10 4 17 22 167
4 10 22 17 167
10 4 22 17 167
4 10 18 21 195
10 4 18 21 195
4 10 21 18 195
10 4 21 18 195
4 10 19 20 211
10 4 19 20 211
4 10 20 19 211
10 4 20 19 211
2 12 7 32 0
12 2 7 32 0
2 12 32 7 0
12 2 32 7 0
2 12 8 31 0
12 2 8 31 0
2 12 31 8 0
12 2 31 8 0
2 12 9 30 0
12 2 9 30 0
2 12 30 9 0
12 2 30 9 0
3 11 7 32 0
11 3 7 32 0
3 11 32 7 0
11 3 32 7 0
3 11 8 31 0
11 3 8 31 0
3 11 31 8 0
11 3 31 8 0
3 11 9 30 0
11 3 9 30 0
3 11 30 9 0
11 3 30 9 0
4 10 7 32 0
10 4 7 32 0
4 10 32 7 0
10 4 32 7 0
4 10 8 31 0
10 4 8 31 0
4 10 31 8 0
10 4 31 8 0
4 10 9 30 1
10 4 9 30 1
4 10 30 9 1
10 4 30 9 1
3 11 6 33 0
11 3 6 33 0
3 11 33 6 0
11 3 33 6 0
4 10 6 33 0
10 4 6 33 0
4 10 33 6 0
10 4 33 6 0
5 9 6 33 0
9 5 6 33 0
5 9 33 6 0
9 5 33 6 0
5 9 7 32 0
9 5 7 32 0
5 9 32 7 0
9 5 32 7 0
5 9 8 31 1
9 5 8 31 1
5 9 31 8 1
9 5 31 8 1
5 9 9 30 5
9 5 9 30 5
5 9 30 9 5
9 5 30 9 5
5 9 10 29 14
9 5 10 29 14
5 9 29 10 14
9 5 29 10 14
5 9 11 28 33
9 5 11 28 33
5 9 28 11 33
9 5 28 11 33
5 9 12 27 66
9 5 12 27 66
5 9 27 12 66
9 5 27 12 66
5 9 13 26 116
9 5 13 26 116
5 9 26 13 116
9 5 26 13 116
5 9 14 25 183
9 5 14 25 183
5 9 25 14 183
9 5 25 14 183
5 9 15 24 265
9 5 15 24 265
5 9 24 15 265
9 5 24 15 265
5 9 16 23 353
9 5 16 23 353
5 9 23 16 353
9 5 23 16 353
5 9 17 22 436
9 5 17 22 436
5 9 22 17 436
9 5 22 17 436
5 9 18 21 501
9 5 18 21 501
5 9 21 18 501
9 5 21 18 501
5 9 19 20 537
9 5 19 20 537
5 9 20 19 537
9 5 20 19 537
6 8 7 32 1
8 6 7 32 1
6 8 32 7 1
8 6 32 7 1
6 8 8 31 4
8 6 8 31 4
6 8 31 8 4
8 6 31 8 4
6 8 9 30 13
8 6 9 30 13
6 8 30 9 13
8 6 30 9 13
6 8 10 29 32
8 6 10 29 32
6 8 29 10 32
8 6 29 10 32
6 8 11 28 69
8 6 11 28 69
6 8 28 11 69
8 6 28 11 69
6 8 12 27 129
8 6 12 27 129
6 8 27 12 129
8 6 27 12 129
6 8 13 26 218
8 6 13 26 218
6 8 26 13 218
8 6 26 13 218
6 8 14 25 334
8 6 14 25 334
6 8 25 14 334
8 6 25 14 334
6 8 15 24 473
8 6 15 24 473
6 8 24 15 473
8 6 24 15 473
6 8 16 23 619
8 6 16 23 619
6 8 23 16 619
8 6 23 16 619
6 8 17 22 755
8 6 17 22 755
6 8 22 17 755
8 6 22 17 755
6 8 18 21 860
8 6 18 21 860
6 8 21 18 860
8 6 21 18 860
6 8 19 20 918
8 6 19 20 918
6 8 20 19 918
8 6 20 19 918
4 10 4 35 0
10 4 4 35 0
4 10 35 4 0
10 4 35 4 0
4 10 5 34 0
10 4 5 34 0
4 10 34 5 0
10 4 34 5 0
5 9 4 35 0
9 5 4 35 0
5 9 35 4 0
9 5 35 4 0
5 9 5 34 0
9 5 5 34 0
5 9 34 5 0
9 5 34 5 0
6 8 4 35 0
8 6 4 35 0
6 8 35 4 0
8 6 35 4 0
6 8 5 34 0
8 6 5 34 0
6 8 34 5 0
8 6 34 5 0
6 8 6 33 0
8 6 6 33 0
6 8 33 6 0
8 6 33 6 0
7 7 4 35 0
7 7 35 4 0
7 7 5 34 0
7 7 34 5 0
7 7 6 33 0
7 7 33 6 0
7 7 7 32 1
7 7 32 7 1
7 7 8 31 5
7 7 31 8 5
7 7 9 30 16
7 7 30 9 16
7 7 10 29 40
7 7 29 10 40
7 7 11 28 85
7 7 28 11 85
7 7 12 27 158
7 7 27 12 158
7 7 13 26 264
7 7 26 13 264
7 7 14 25 402
7 7 25 14 402
7 7 15 24 566
7 7 24 15 566
7 7 16 23 738
7 7 23 16 738
7 7 17 22 897
7 7 22 17 897
7 7 18 21 1020
7 7 21 18 1020
7 7 19 20 1088
7 7 20 19 1088
6 8 3 36 0
8 6 3 36 0
6 8 36 3 0
8 6 36 3 0
7 7 3 36 0
7 7 36 3 0
