0 12 10 24 0
12 0 10 24 0
0 12 24 10 0
12 0 24 10 0
0 12 11 23 0
12 0 11 23 0
0 12 23 11 0
12 0 23 11 0
0 12 12 22 0
12 0 12 22 0
0 12 22 12 0
12 0 22 12 0
0 12 13 21 0
12 0 13 21 0
0 12 21 13 0
12 0 21 13 0
0 12 14 20 0
12 0 14 20 0
0 12 20 14 0
12 0 20 14 0
0 12 15 19 0
12 0 15 19 0
0 12 19 15 0
12 0 19 15 0
0 12 16 18 0
12 0 16 18 0
0 12 18 16 0
12 0 18 16 0
0 12 17 17 0
12 0 17 17 0
1 11 10 24 0
11 1 10 24 0
1 11 24 10 0
11 1 24 10 0
1 11 11 23 0
11 1 11 23 0
1 11 23 11 0
11 1 23 11 0
1 11 12 22 0
11 1 12 22 0
1 11 22 12 0
11 1 22 12 0
1 11 13 21 0
11 1 13 21 0
1 11 21 13 0
11 1 21 13 0
1 11 14 20 0
11 1 14 20 0
1 11 20 14 0
11 1 20 14 0
1 11 15 19 1
11 1 15 19 1
1 11 19 15 1
11 1 19 15 1
1 11 16 18 1
11 1 16 18 1
1 11 18 16 1
11 1 18 16 1
1 11 17 17 1
11 1 17 17 1
2 10 10 24 1
10 2 10 24 1
2 10 24 10 1
10 2 24 10 1
2 10 11 23 2
10 2 11 23 2
2 10 23 11 2
10 2 23 11 2
2 10 12 22 4
10 2 12 22 4
2 10 22 12 4
10 2 22 12 4
2 10 13 21 6
10 2 13 21 6
2 10 21 13 6
10 2 21 13 6
2 10 14 20 9
10 2 14 20 9
2 10 20 14 9
10 2 20 14 9
2 10 15 19 12
10 2 15 19 12
2 10 19 15 12
10 2 19 15 12
2 10 16 18 14
10 2 16 18 14
2 10 18 16 14
10 2 18 16 14
2 10 17 17 14
10 2 17 17 14
1 11 6 28 0
11 1 6 28 0
1 11 28 6 0
11 1 28 6 0
1 11 7 27 0
11 1 7 27 0
1 11 27 7 0
11 1 27 7 0
1 11 8 26 0
11 1 8 26 0
1 11 26 8 0
11 1 26 8 0
1 11 9 25 0
11 1 9 25 0
1 11 25 9 0
11 1 25 9 0
2 10 6 28 0
10 2 6 28 0
2 10 28 6 0
10 2 28 6 0
2 10 7 27 0
10 2 7 27 0
2 10 27 7 0
10 2 27 7 0
2 10 8 26 0
10 2 8 26 0
2 10 26 8 0
10 2 26 8 0
2 10 9 25 0
10 2 9 25 0
2 10 25 9 0
10 2 25 9 0
3 9 6 28 0
9 3 6 28 0
3 9 28 6 0
9 3 28 6 0
3 9 7 27 1
9 3 7 27 1
3 9 27 7 1
9 3 27 7 1
3 9 8 26 3
9 3 8 26 3
3 9 26 8 3
9 3 26 8 3
3 9 9 25 7
9 3 9 25 7
3 9 25 9 7
9 3 25 9 7
3 9 10 24 13
9 3 10 24 13
3 9 24 10 13
9 3 24 10 13
3 9 11 23 23
9 3 11 23 23
3 9 23 11 23
9 3 23 11 23
3 9 12 22 34
9 3 12 22 34
3 9 22 12 34
9 3 22 12 34
3 9 13 21 48
9 3 13 21 48
3 9 21 13 48
9 3 21 13 48
3 9 14 20 61
9 3 14 20 61
3 9 20 14 61
9 3 20 14 61
3 9 15 19 74
9 3 15 19 74
3 9 19 15 74
9 3 19 15 74
3 9 16 18 81
9 3 16 18 81
3 9 18 16 81
9 3 18 16 81
3 9 17 17 85
9 3 17 17 85
4 8 6 28 1
8 4 6 28 1
4 8 28 6 1
8 4 28 6 1
4 8 7 27 4
8 4 7 27 4
4 8 27 7 4
8 4 27 7 4
4 8 8 26 11
8 4 8 26 11
4 8 26 8 11
8 4 26 8 11
4 8 9 25 24
8 4 9 25 24
4 8 25 9 24
8 4 25 9 24
4 8 10 24 44
8 4 10 24 44
4 8 24 10 44
8 4 24 10 44
4 8 11 23 71
8 4 11 23 71
4 8 23 11 71
8 4 23 11 71
4 8 12 22 105
8 4 12 22 105
4 8 22 12 105
8 4 22 12 105
4 8 13 21 141
8 4 13 21 141
4 8 21 13 141
8 4 21 13 141
4 8 14 20 176
8 4 14 20 176
4 8 20 14 176
8 4 20 14 176
4 8 15 19 206
8 4 15 19 206
4 8 19 15 206
8 4 19 15 206
4 8 16 18 226
8 4 16 18 226
4 8 18 16 226
8 4 18 16 226
4 8 17 17 232
8 4 17 17 232
2 10 4 30 0
10 2 4 30 0
2 10 30 4 0
10 2 30 4 0
2 10 5 29 0
10 2 5 29 0
2 10 29 5 0
10 2 29 5 0
3 9 4 30 0
9 3 4 30 0
3 9 30 4 0
9 3 30 4 0
3 9 5 29 0
9 3 5 29 0
3 9 29 5 0
9 3 29 5 0
4 8 4 30 0
8 4 4 30 0
4 8 30 4 0
8 4 30 4 0
4 8 5 29 0
8 4 5 29 0
4 8 29 5 0
8 4 29 5 0
3 9 3 31 0
9 3 3 31 0
3 9 31 3 0
9 3 31 3 0
4 8 3 31 0
8 4 3 31 0
4 8 31 3 0
8 4 31 3 0
5 7 3 31 0
7 5 3 31 0
5 7 31 3 0
7 5 31 3 0
5 7 4 30 0
7 5 4 30 0
5 7 30 4 0
7 5 30 4 0
5 7 5 29 1
7 5 5 29 1
5 7 29 5 1
7 5 29 5 1
5 7 6 28 4
7 5 6 28 4
5 7 28 6 4
7 5 28 6 4
5 7 7 27 12
7 5 7 27 12
5 7 27 7 12
7 5 27 7 12
5 7 8 26 27
7 5 8 26 27
5 7 26 8 27
7 5 26 8 27
5 7 9 25 54
7 5 9 25 54
5 7 25 9 54
7 5 25 9 54
5 7 10 24 92
7 5 10 24 92
5 7 24 10 92
7 5 24 10 92
5 7 11 23 144
7 5 11 23 144
5 7 23 11 144
7 5 23 11 144
5 7 12 22 204
7 5 12 22 204
5 7 22 12 204
7 5 22 12 204
5 7 13 21 270
7 5 13 21 270
5 7 21 13 270
7 5 21 13 270
5 7 14 20 330
7 5 14 20 330
5 7 20 14 330
7 5 20 14 330
5 7 15 19 384
7 5 15 19 384
5 7 19 15 384
7 5 19 15 384
5 7 16 18 416
7 5 16 18 416
5 7 18 16 416
7 5 18 16 416
5 7 17 17 429
7 5 17 17 429
6 6 4 30 0
6 6 30 4 0
6 6 5 29 1
6 6 29 5 1
6 6 6 28 5
6 6 28 6 5
6 6 7 27 14
6 6 27 7 14
6 6 8 26 33
6 6 26 8 33
6 6 9 25 64
6 6 25 9 64
6 6 10 24 111
6 6 24 10 111
6 6 11 23 172
6 6 23 11 172
6 6 12 22 245
6 6 22 12 245
6 6 13 21 321
6 6 21 13 321
6 6 14 20 395
6 6 20 14 395
6 6 15 19 455
6 6 19 15 455
6 6 16 18 495
6 6 18 16 495
6 6 17 17 508
4 8 2 32 0
8 4 2 32 0
4 8 32 2 0
8 4 32 2 0
5 7 2 32 0
7 5 2 32 0
5 7 32 2 0
7 5 32 2 0
6 6 2 32 0
6 6 32 2 0
6 6 3 31 0
6 6 31 3 0
