0 6 3 16 0
6 0 3 16 0
0 6 16 3 0
6 0 16 3 0
0 6 4 15 0
6 0 4 15 0
0 6 15 4 0
6 0 15 4 0
0 6 5 14 0
6 0 5 14 0
0 6 14 5 0
6 0 14 5 0
0 6 6 13 1
6 0 6 13 1
0 6 13 6 1
6 0 13 6 1
0 6 7 12 2
6 0 7 12 2
0 6 12 7 2
6 0 12 7 2
0 6 8 11 3
6 0 8 11 3
0 6 11 8 3
6 0 11 8 3
0 6 9 10 4
6 0 9 10 4
0 6 10 9 4
6 0 10 9 4
1 5 1 18 0
5 1 1 18 0
1 5 18 1 0
5 1 18 1 0
1 5 2 17 0
5 1 2 17 0
1 5 17 2 0
5 1 17 2 0
1 5 3 16 0
5 1 3 16 0
1 5 16 3 0
5 1 16 3 0
1 5 4 15 1
5 1 4 15 1
1 5 15 4 1
5 1 15 4 1
1 5 5 14 3
5 1 5 14 3
1 5 14 5 3
5 1 14 5 3
1 5 6 13 6
5 1 6 13 6
1 5 13 6 6
5 1 13 6 6
1 5 7 12 10
5 1 7 12 10
1 5 12 7 10
5 1 12 7 10
1 5 8 11 14
5 1 8 11 14
1 5 11 8 14
5 1 11 8 14
1 5 9 10 16
5 1 9 10 16
1 5 10 9 16
5 1 10 9 16
2 4 1 18 0
4 2 1 18 0
2 4 18 1 0
4 2 18 1 0
2 4 2 17 0
4 2 2 17 0
2 4 17 2 0
4 2 17 2 0
2 4 3 16 0
4 2 3 16 0
2 4 16 3 0
4 2 16 3 0
2 4 4 15 2
4 2 4 15 2
2 4 15 4 2
4 2 15 4 2
2 4 5 14 6
4 2 5 14 6
2 4 14 5 6
4 2 14 5 6
2 4 6 13 12
4 2 6 13 12
2 4 13 6 12
4 2 13 6 12
2 4 7 12 20
4 2 7 12 20
2 4 12 7 20
4 2 12 7 20
2 4 8 11 28
4 2 8 11 28
2 4 11 8 28
4 2 11 8 28
2 4 9 10 32
4 2 9 10 32
2 4 10 9 32
4 2 10 9 32
3 3 0 19 0
3 3 19 0 0
3 3 1 18 0
3 3 18 1 0
3 3 2 17 0
3 3 17 2 0
3 3 3 16 1
3 3 16 3 1
3 3 4 15 4
3 3 15 4 4
3 3 5 14 9
3 3 14 5 9
3 3 6 13 17
3 3 13 6 17
3 3 7 12 27
3 3 12 7 27
3 3 8 11 36
3 3 11 8 36
3 3 9 10 41
3 3 10 9 41
