0 8 6 18 0
8 0 6 18 0
0 8 18 6 0
8 0 18 6 0
0 8 7 17 0
8 0 7 17 0
0 8 17 7 0
8 0 17 7 0
0 8 8 16 0
8 0 8 16 0
0 8 16 8 0
8 0 16 8 0
0 8 9 15 0
8 0 9 15 0
0 8 15 9 0
8 0 15 9 0
0 8 10 14 1
8 0 10 14 1
0 8 14 10 1
8 0 14 10 1
0 8 11 13 1
8 0 11 13 1
0 8 13 11 1
8 0 13 11 1
0 8 12 12 1
8 0 12 12 1
1 7 3 21 0
7 1 3 21 0
1 7 21 3 0
7 1 21 3 0
1 7 4 20 0
7 1 4 20 0
1 7 20 4 0
7 1 20 4 0
1 7 5 19 0
7 1 5 19 0
1 7 19 5 0
7 1 19 5 0
1 7 6 18 0
7 1 6 18 0
1 7 18 6 0
7 1 18 6 0
1 7 7 17 1
7 1 7 17 1
1 7 17 7 1
7 1 17 7 1
1 7 8 16 2
7 1 8 16 2
1 7 16 8 2
7 1 16 8 2
1 7 9 15 4
7 1 9 15 4
1 7 15 9 4
7 1 15 9 4
1 7 10 14 6
7 1 10 14 6
1 7 14 10 6
7 1 14 10 6
1 7 11 13 8
7 1 11 13 8
1 7 13 11 8
7 1 13 11 8
1 7 12 12 8
7 1 12 12 8
2 6 3 21 0
6 2 3 21 0
2 6 21 3 0
6 2 21 3 0
2 6 4 20 0
6 2 4 20 0
2 6 20 4 0
6 2 20 4 0
2 6 5 19 0
6 2 5 19 0
2 6 19 5 0
6 2 19 5 0
2 6 6 18 1
6 2 6 18 1
2 6 18 6 1
6 2 18 6 1
2 6 7 17 3
6 2 7 17 3
2 6 17 7 3
6 2 17 7 3
2 6 8 16 7
6 2 8 16 7
2 6 16 8 7
6 2 16 8 7
2 6 9 15 12
6 2 9 15 12
2 6 15 9 12
6 2 15 9 12
2 6 10 14 18
6 2 10 14 18
2 6 14 10 18
6 2 14 10 18
2 6 11 13 22
6 2 11 13 22
2 6 13 11 22
6 2 13 11 22
2 6 12 12 24
6 2 12 12 24
2 6 2 22 0
6 2 2 22 0
2 6 22 2 0
6 2 22 2 0
3 5 1 23 0
5 3 1 23 0
3 5 23 1 0
5 3 23 1 0
3 5 2 22 0
5 3 2 22 0
3 5 22 2 0
5 3 22 2 0
3 5 3 21 0
5 3 3 21 0
3 5 21 3 0
5 3 21 3 0
3 5 4 20 0
5 3 4 20 0
3 5 20 4 0
5 3 20 4 0
3 5 5 19 1
5 3 5 19 1
3 5 19 5 1
5 3 19 5 1
3 5 6 18 3
5 3 6 18 3
3 5 18 6 3
5 3 18 6 3
3 5 7 17 8
5 3 7 17 8
3 5 17 7 8
5 3 17 7 8
3 5 8 16 15
5 3 8 16 15
3 5 16 8 15
5 3 16 8 15
3 5 9 15 25
5 3 9 15 25
3 5 15 9 25
5 3 15 9 25
3 5 10 14 34
5 3 10 14 34
3 5 14 10 34
5 3 14 10 34
3 5 11 13 42
5 3 11 13 42
3 5 13 11 42
5 3 13 11 42
3 5 12 12 44
5 3 12 12 44
4 4 2 22 0
4 4 22 2 0
4 4 3 21 0
4 4 21 3 0
4 4 4 20 0
4 4 20 4 0
4 4 5 19 1
4 4 19 5 1
4 4 6 18 4
4 4 18 6 4
4 4 7 17 9
4 4 17 7 9
4 4 8 16 18
4 4 16 8 18
4 4 9 15 29
4 4 15 9 29
4 4 10 14 41
4 4 14 10 41
4 4 11 13 49
4 4 13 11 49
4 4 12 12 53
4 4 1 23 0
4 4 23 1 0
