3 17 18 36 0
17 3 18 36 0
3 17 36 18 0
17 3 36 18 0
3 17 19 35 0
17 3 19 35 0
3 17 35 19 0
17 3 35 19 0
3 17 20 34 0
17 3 20 34 0
3 17 34 20 0
17 3 34 20 0
3 17 21 33 0
17 3 21 33 0
3 17 33 21 0
17 3 33 21 0
3 17 22 32 0
17 3 22 32 0
3 17 32 22 0
17 3 32 22 0
3 17 23 31 0
17 3 23 31 0
3 17 31 23 0
17 3 31 23 0
3 17 24 30 0
17 3 24 30 0
3 17 30 24 0
17 3 30 24 0
3 17 25 29 0
17 3 25 29 0
3 17 29 25 0
17 3 29 25 0
3 17 26 28 0
17 3 26 28 0
3 17 28 26 0
17 3 28 26 0
3 17 27 27 0
17 3 27 27 0
4 16 18 36 0
16 4 18 36 0
4 16 36 18 0
16 4 36 18 0
4 16 19 35 0
16 4 19 35 0
4 16 35 19 0
16 4 35 19 0
4 16 20 34 0
16 4 20 34 0
4 16 34 20 0
16 4 34 20 0
4 16 21 33 0
16 4 21 33 0
4 16 33 21 0
16 4 33 21 0
4 16 22 32 0
16 4 22 32 0
4 16 32 22 0
16 4 32 22 0
4 16 23 31 0
16 4 23 31 0
4 16 31 23 0
16 4 31 23 0
4 16 24 30 0
16 4 24 30 0
4 16 30 24 0
16 4 30 24 0
4 16 25 29 0
16 4 25 29 0
4 16 29 25 0
16 4 29 25 0
4 16 26 28 0
16 4 26 28 0
4 16 28 26 0
16 4 28 26 0
4 16 27 27 0
16 4 27 27 0
5 15 18 36 0
15 5 18 36 0
5 15 36 18 0
15 5 36 18 0
5 15 19 35 0
15 5 19 35 0
5 15 35 19 0
15 5 35 19 0
5 15 20 34 0
15 5 20 34 0
5 15 34 20 0
15 5 34 20 0
5 15 21 33 1
15 5 21 33 1
5 15 33 21 1
15 5 33 21 1
5 15 22 32 2
15 5 22 32 2
5 15 32 22 2
15 5 32 22 2
5 15 23 31 4
15 5 23 31 4
5 15 31 23 4
15 5 31 23 4
5 15 24 30 6
15 5 24 30 6
5 15 30 24 6
15 5 30 24 6
5 15 25 29 9
15 5 25 29 9
5 15 29 25 9
15 5 29 25 9
5 15 26 28 10
15 5 26 28 10
5 15 28 26 10
15 5 28 26 10
5 15 27 27 11
15 5 27 27 11
4 16 16 38 0
16 4 16 38 0
4 16 38 16 0
16 4 38 16 0
4 16 17 37 0
16 4 17 37 0
4 16 37 17 0
16 4 37 17 0
5 15 16 38 0
15 5 16 38 0
5 15 38 16 0
15 5 38 16 0
5 15 17 37 0
15 5 17 37 0
5 15 37 17 0
15 5 37 17 0
6 14 16 38 0
14 6 16 38 0
6 14 38 16 0
14 6 38 16 0
6 14 17 37 0
14 6 17 37 0
6 14 37 17 0
14 6 37 17 0
6 14 18 36 0
14 6 18 36 0
6 14 36 18 0
14 6 36 18 0
6 14 19 35 1
14 6 19 35 1
6 14 35 19 1
14 6 35 19 1
6 14 20 34 4
14 6 20 34 4
6 14 34 20 4
14 6 34 20 4
6 14 21 33 11
14 6 21 33 11
6 14 33 21 11
14 6 33 21 11
6 14 22 32 22
14 6 22 32 22
6 14 32 22 22
14 6 32 22 22
6 14 23 31 37
14 6 23 31 37
6 14 31 23 37
14 6 31 23 37
6 14 24 30 54
14 6 24 30 54
6 14 30 24 54
14 6 30 24 54
6 14 25 29 71
14 6 25 29 71
6 14 29 25 71
14 6 29 25 71
6 14 26 28 82
14 6 26 28 82
6 14 28 26 82
14 6 28 26 82
6 14 27 27 86
14 6 27 27 86
7 13 16 38 0
13 7 16 38 0
7 13 38 16 0
13 7 38 16 0
7 13 17 37 1
13 7 17 37 1
7 13 37 17 1
13 7 37 17 1
7 13 18 36 4
13 7 18 36 4
7 13 36 18 4
13 7 36 18 4
7 13 19 35 13
13 7 19 35 13
7 13 35 19 13
13 7 35 19 13
7 13 20 34 30
13 7 20 34 30
7 13 34 20 30
13 7 34 20 30
7 13 21 33 62
13 7 21 33 62
7 13 33 21 62
13 7 33 21 62
7 13 22 32 107
13 7 22 32 107
7 13 32 22 107
13 7 32 22 107
7 13 23 31 166
13 7 23 31 166
7 13 31 23 166
13 7 31 23 166
7 13 24 30 228
13 7 24 30 228
7 13 30 24 228
13 7 30 24 228
7 13 25 29 288
13 7 25 29 288
7 13 29 25 288
13 7 29 25 288
7 13 26 28 327
13 7 26 28 327
7 13 28 26 327
13 7 28 26 327
7 13 27 27 343
13 7 27 27 343
8 12 18 36 17
12 8 18 36 17
8 12 36 18 17
12 8 36 18 17
8 12 19 35 44
12 8 19 35 44
8 12 35 19 44
12 8 35 19 44
8 12 20 34 94
12 8 20 34 94
8 12 34 20 94
12 8 34 20 94
8 12 21 33 175
12 8 21 33 175
8 12 33 21 175
12 8 33 21 175
8 12 22 32 288
12 8 22 32 288
8 12 32 22 288
12 8 32 22 288
8 12 23 31 426
12 8 23 31 426
8 12 31 23 426
12 8 31 23 426
8 12 24 30 572
12 8 24 30 572
8 12 30 24 572
12 8 30 24 572
8 12 25 29 704
12 8 25 29 704
8 12 29 25 704
12 8 29 25 704
8 12 26 28 795
12 8 26 28 795
8 12 28 26 795
12 8 28 26 795
8 12 27 27 828
12 8 27 27 828
5 15 13 41 0
15 5 13 41 0
5 15 41 13 0
15 5 41 13 0
5 15 14 40 0
15 5 14 40 0
5 15 40 14 0
15 5 40 14 0
5 15 15 39 0
15 5 15 39 0
5 15 39 15 0
15 5 39 15 0
6 14 13 41 0
14 6 13 41 0
6 14 41 13 0
14 6 41 13 0
6 14 14 40 0
14 6 14 40 0
6 14 40 14 0
14 6 40 14 0
6 14 15 39 0
14 6 15 39 0
6 14 39 15 0
14 6 39 15 0
7 13 13 41 0
13 7 13 41 0
7 13 41 13 0
13 7 41 13 0
7 13 14 40 0
13 7 14 40 0
7 13 40 14 0
13 7 40 14 0
7 13 15 39 0
13 7 15 39 0
7 13 39 15 0
13 7 39 15 0
6 14 12 42 0
14 6 12 42 0
6 14 42 12 0
14 6 42 12 0
7 13 12 42 0
13 7 12 42 0
7 13 42 12 0
13 7 42 12 0
8 12 12 42 0
12 8 12 42 0
8 12 42 12 0
12 8 42 12 0
8 12 13 41 0
12 8 13 41 0
8 12 41 13 0
12 8 41 13 0
8 12 14 40 0
12 8 14 40 0
8 12 40 14 0
12 8 40 14 0
8 12 15 39 0
12 8 15 39 0
8 12 39 15 0
12 8 39 15 0
8 12 16 38 1
12 8 16 38 1
8 12 38 16 1
12 8 38 16 1
8 12 17 37 5
12 8 17 37 5
8 12 37 17 5
12 8 37 17 5
9 11 13 41 0
11 9 13 41 0
9 11 41 13 0
11 9 41 13 0
9 11 14 40 0
11 9 14 40 0
9 11 40 14 0
11 9 40 14 0
9 11 15 39 1
11 9 15 39 1
9 11 39 15 1
11 9 39 15 1
9 11 16 38 4
11 9 16 38 4
9 11 38 16 4
11 9 38 16 4
9 11 17 37 15
11 9 17 37 15
9 11 37 17 15
11 9 37 17 15
9 11 18 36 40
11 9 18 36 40
9 11 36 18 40
11 9 36 18 40
9 11 19 35 93
11 9 19 35 93
9 11 35 19 93
11 9 35 19 93
9 11 20 34 183
11 9 20 34 183
9 11 34 20 183
11 9 34 20 183
9 11 21 33 325
11 9 21 33 325
9 11 33 21 325
11 9 33 21 325
9 11 22 32 513
11 9 22 32 513
9 11 32 22 513
11 9 32 22 513
9 11 23 31 742
11 9 23 31 742
9 11 31 23 742
11 9 31 23 742
9 11 24 30 977
11 9 24 30 977
9 11 30 24 977
11 9 30 24 977
9 11 25 29 1191
11 9 25 29 1191
9 11 29 25 1191
11 9 29 25 1191
9 11 26 28 1334
11 9 26 28 1334
9 11 28 26 1334
11 9 28 26 1334
9 11 27 27 1389
11 9 27 27 1389
10 10 16 38 5
10 10 38 16 5
10 10 17 37 18
10 10 37 17 18
10 10 18 36 49
10 10 36 18 49
10 10 19 35 112
10 10 35 19 112
10 10 20 34 221
10 10 34 20 221
10 10 21 33 388
10 10 33 21 388
10 10 22 32 611
10 10 32 22 611
10 10 23 31 877
10 10 31 23 877
10 10 24 30 1153
10 10 30 24 1153
10 10 25 29 1399
10 10 29 25 1399
10 10 26 28 1567
10 10 28 26 1567
10 10 27 27 1628
7 13 10 44 0
13 7 10 44 0
7 13 44 10 0
13 7 44 10 0
7 13 11 43 0
13 7 11 43 0
7 13 43 11 0
13 7 43 11 0
8 12 10 44 0
12 8 10 44 0
8 12 44 10 0
12 8 44 10 0
8 12 11 43 0
12 8 11 43 0
8 12 43 11 0
12 8 43 11 0
9 11 10 44 0
11 9 10 44 0
9 11 44 10 0
11 9 44 10 0
9 11 11 43 0
11 9 11 43 0
9 11 43 11 0
11 9 43 11 0
9 11 12 42 0
11 9 12 42 0
9 11 42 12 0
11 9 42 12 0
10 10 10 44 0
10 10 44 10 0
10 10 11 43 0
10 10 43 11 0
10 10 12 42 0
10 10 42 12 0
10 10 13 41 0
10 10 41 13 0
10 10 14 40 0
10 10 40 14 0
10 10 15 39 1
10 10 39 15 1
9 11 9 45 0
11 9 9 45 0
9 11 45 9 0
11 9 45 9 0
10 10 9 45 0
10 10 45 9 0
