14 20 36 53 0
20 14 36 53 0
14 20 53 36 0
20 14 53 36 0
14 20 37 52 0
20 14 37 52 0
14 20 52 37 0
20 14 52 37 0
14 20 38 51 0
20 14 38 51 0
14 20 51 38 0
20 14 51 38 0
14 20 39 50 0
20 14 39 50 0
14 20 50 39 0
20 14 50 39 0
14 20 40 49 0
20 14 40 49 0
14 20 49 40 0
20 14 49 40 0
14 20 41 48 0
20 14 41 48 0
14 20 48 41 0
20 14 48 41 0
14 20 42 47 0
20 14 42 47 0
14 20 47 42 0
20 14 47 42 0
14 20 43 46 0
20 14 43 46 0
14 20 46 43 0
20 14 46 43 0
14 20 44 45 0
20 14 44 45 0
14 20 45 44 0
20 14 45 44 0
15 19 36 53 0
19 15 36 53 0
15 19 53 36 0
19 15 53 36 0
15 19 37 52 0
19 15 37 52 0
15 19 52 37 0
19 15 52 37 0
15 19 38 51 0
19 15 38 51 0
15 19 51 38 0
19 15 51 38 0
15 19 39 50 0
19 15 39 50 0
15 19 50 39 0
19 15 50 39 0
15 19 40 49 0
19 15 40 49 0
15 19 49 40 0
19 15 49 40 0
15 19 41 48 0
19 15 41 48 0
15 19 48 41 0
19 15 48 41 0
15 19 42 47 0
19 15 42 47 0
15 19 47 42 0
19 15 47 42 0
15 19 43 46 0
19 15 43 46 0
15 19 46 43 0
19 15 46 43 0
15 19 44 45 0
19 15 44 45 0
15 19 45 44 0
19 15 45 44 0
16 18 36 53 0
18 16 36 53 0
16 18 53 36 0
18 16 53 36 0
16 18 37 52 0
18 16 37 52 0
16 18 52 37 0
18 16 52 37 0
16 18 38 51 0
18 16 38 51 0
16 18 51 38 0
18 16 51 38 0
16 18 39 50 0
18 16 39 50 0
16 18 50 39 0
18 16 50 39 0
16 18 40 49 0
18 16 40 49 0
16 18 49 40 0
18 16 49 40 0
16 18 41 48 0
18 16 41 48 0
16 18 48 41 0
18 16 48 41 0
16 18 42 47 0
18 16 42 47 0
16 18 47 42 0
18 16 47 42 0
16 18 43 46 0
18 16 43 46 0
16 18 46 43 0
18 16 46 43 0
16 18 44 45 0
18 16 44 45 0
16 18 45 44 0
18 16 45 44 0
15 19 35 54 0
19 15 35 54 0
15 19 54 35 0
19 15 54 35 0
16 18 35 54 0
18 16 35 54 0
16 18 54 35 0
18 16 54 35 0
17 17 35 54 0
17 17 54 35 0
17 17 36 53 0
17 17 53 36 0
17 17 37 52 0
17 17 52 37 0
17 17 38 51 0
17 17 51 38 0
17 17 39 50 0
17 17 50 39 0
17 17 40 49 0
17 17 49 40 0
17 17 41 48 0
17 17 48 41 0
17 17 42 47 0
17 17 47 42 0
17 17 43 46 0
17 17 46 43 0
17 17 44 45 0
17 17 45 44 0
