16 20 40 54 0
20 16 40 54 0
16 20 54 40 0
20 16 54 40 0
16 20 41 53 0
20 16 41 53 0
16 20 53 41 0
20 16 53 41 0
16 20 42 52 0
20 16 42 52 0
16 20 52 42 0
20 16 52 42 0
16 20 43 51 0
20 16 43 51 0
16 20 51 43 0
20 16 51 43 0
16 20 44 50 0
20 16 44 50 0
16 20 50 44 0
20 16 50 44 0
16 20 45 49 0
20 16 45 49 0
16 20 49 45 0
20 16 49 45 0
16 20 46 48 0
20 16 46 48 0
16 20 48 46 0
20 16 48 46 0
16 20 47 47 0
20 16 47 47 0
17 19 40 54 0
19 17 40 54 0
17 19 54 40 0
19 17 54 40 0
17 19 41 53 0
19 17 41 53 0
17 19 53 41 0
19 17 53 41 0
17 19 42 52 0
19 17 42 52 0
17 19 52 42 0
19 17 52 42 0
17 19 43 51 0
19 17 43 51 0
17 19 51 43 0
19 17 51 43 0
17 19 44 50 0
19 17 44 50 0
17 19 50 44 0
19 17 50 44 0
17 19 45 49 0
19 17 45 49 0
17 19 49 45 0
19 17 49 45 0
17 19 46 48 0
19 17 46 48 0
17 19 48 46 0
19 17 48 46 0
17 19 47 47 0
19 17 47 47 0
18 18 40 54 0
18 18 54 40 0
18 18 41 53 0
18 18 53 41 0
18 18 42 52 0
18 18 52 42 0
18 18 43 51 0
18 18 51 43 0
18 18 44 50 0
18 18 50 44 0
18 18 45 49 0
18 18 49 45 0
18 18 46 48 0
18 18 48 46 0
18 18 47 47 0
