12 17 4 34 0
17 12 4 34 0
12 17 34 4 0
17 12 34 4 0
6 23 15 23 12
23 6 15 23 12
6 23 23 15 12
23 6 23 15 12
1 28 19 19 0
28 1 19 19 0
5 24 14 24 4
24 5 14 24 4
5 24 24 14 4
24 5 24 14 4
10 19 7 31 0
19 10 7 31 0
10 19 31 7 0
19 10 31 7 0
10 19 16 22 143
19 10 16 22 143
10 19 22 16 143
19 10 22 16 143
13 16 16 22 264
16 13 16 22 264
13 16 22 16 264
16 13 22 16 264
12 17 8 30 0
17 12 8 30 0
12 17 30 8 0
17 12 30 8 0
6 23 7 31 0
23 6 7 31 0
6 23 31 7 0
23 6 31 7 0
7 22 6 32 0
22 7 6 32 0
7 22 32 6 0
22 7 32 6 0
3 26 9 29 0
26 3 9 29 0
3 26 29 9 0
26 3 29 9 0
7 22 17 21 44
22 7 17 21 44
7 22 21 17 44
22 7 21 17 44
8 21 10 28 0
21 8 10 28 0
8 21 28 10 0
21 8 28 10 0
11 18 15 23 112
18 11 15 23 112
11 18 23 15 112
18 11 23 15 112
8 21 19 19 99
21 8 19 19 99
5 24 8 30 0
24 5 8 30 0
5 24 30 8 0
24 5 30 8 0
14 15 2 36 0
15 14 2 36 0
14 15 36 2 0
15 14 36 2 0
9 20 19 19 161
20 9 19 19 161
13 16 11 27 0
16 13 11 27 0
13 16 27 11 0
16 13 27 11 0
9 20 15 23 61
20 9 15 23 61
9 20 23 15 61
20 9 23 15 61
14 15 14 24 87
15 14 14 24 87
14 15 24 14 87
15 14 24 14 87
6 23 17 21 21
23 6 17 21 21
6 23 21 17 21
23 6 21 17 21
4 25 13 25 1
25 4 13 25 1
4 25 25 13 1
25 4 25 13 1
2 27 14 24 0
27 2 14 24 0
2 27 24 14 0
27 2 24 14 0
5 24 6 32 0
24 5 6 32 0
5 24 32 6 0
24 5 32 6 0
12 17 6 32 0
17 12 6 32 0
12 17 32 6 0
17 12 32 6 0
12 17 7 31 0
17 12 7 31 0
12 17 31 7 0
17 12 31 7 0
4 25 12 26 1
25 4 12 26 1
4 25 26 12 1
25 4 26 12 1
2 27 17 21 0
27 2 17 21 0
2 27 21 17 0
27 2 21 17 0
2 27 19 19 0
27 2 19 19 0
13 16 6 32 0
16 13 6 32 0
13 16 32 6 0
16 13 32 6 0
13 16 10 28 0
16 13 10 28 0
13 16 28 10 0
16 13 28 10 0
12 17 14 24 74
17 12 14 24 74
12 17 24 14 74
17 12 24 14 74
10 19 14 24 50
19 10 14 24 50
10 19 24 14 50
19 10 24 14 50
14 15 16 22 281
15 14 16 22 281
14 15 22 16 281
15 14 22 16 281
11 18 5 33 0
18 11 5 33 0
11 18 33 5 0
18 11 33 5 0
13 16 18 20 452
16 13 18 20 452
13 16 20 18 452
16 13 20 18 452
1 28 18 20 0
28 1 18 20 0
1 28 20 18 0
28 1 20 18 0
8 21 12 26 4
21 8 12 26 4
8 21 26 12 4
21 8 26 12 4
14 15 17 21 386
15 14 17 21 386
14 15 21 17 386
15 14 21 17 386
9 20 14 24 36
20 9 14 24 36
9 20 24 14 36
20 9 24 14 36
4 25 11 27 0
25 4 11 27 0
4 25 27 11 0
25 4 27 11 0
9 20 5 33 0
20 9 5 33 0
9 20 33 5 0
20 9 33 5 0
11 18 17 21 251
18 11 17 21 251
11 18 21 17 251
18 11 21 17 251
11 18 11 27 0
18 11 11 27 0
11 18 27 11 0
18 11 27 11 0
10 19 17 21 188
19 10 17 21 188
10 19 21 17 188
19 10 21 17 188
7 22 7 31 0
22 7 7 31 0
7 22 31 7 0
22 7 31 7 0
3 26 14 24 0
26 3 14 24 0
3 26 24 14 0
26 3 24 14 0
6 23 14 24 9
23 6 14 24 9
6 23 24 14 9
23 6 24 14 9
11 18 2 36 0
18 11 2 36 0
11 18 36 2 0
18 11 36 2 0
2 27 18 20 0
27 2 18 20 0
2 27 20 18 0
27 2 20 18 0
13 16 5 33 0
16 13 5 33 0
13 16 33 5 0
16 13 33 5 0
4 25 16 22 3
25 4 16 22 3
4 25 22 16 3
25 4 22 16 3
2 27 11 27 0
27 2 11 27 0
2 27 27 11 0
27 2 27 11 0
4 25 8 30 0
25 4 8 30 0
4 25 30 8 0
25 4 30 8 0
14 15 12 26 10
15 14 12 26 10
14 15 26 12 10
15 14 26 12 10
2 27 12 26 0
27 2 12 26 0
2 27 26 12 0
27 2 26 12 0
12 17 13 25 27
17 12 13 25 27
12 17 25 13 27
17 12 25 13 27
5 24 7 31 0
24 5 7 31 0
5 24 31 7 0
24 5 31 7 0
10 19 8 30 0
19 10 8 30 0
10 19 30 8 0
19 10 30 8 0
9 20 11 27 0
20 9 11 27 0
9 20 27 11 0
20 9 27 11 0
9 20 10 28 0
20 9 10 28 0
9 20 28 10 0
20 9 28 10 0
13 16 15 23 155
16 13 15 23 155
13 16 23 15 155
16 13 23 15 155
6 23 18 20 26
23 6 18 20 26
6 23 20 18 26
23 6 20 18 26
11 18 4 34 0
18 11 4 34 0
11 18 34 4 0
18 11 34 4 0
11 18 13 25 23
18 11 13 25 23
11 18 25 13 23
18 11 25 13 23
7 22 10 28 0
22 7 10 28 0
7 22 28 10 0
22 7 28 10 0
12 17 12 26 9
17 12 12 26 9
12 17 26 12 9
17 12 26 12 9
10 19 13 25 19
19 10 13 25 19
10 19 25 13 19
19 10 25 13 19
9 20 16 22 98
20 9 16 22 98
9 20 22 16 98
20 9 22 16 98
2 27 16 22 0
27 2 16 22 0
2 27 22 16 0
27 2 22 16 0
13 16 12 26 10
16 13 12 26 10
13 16 26 12 10
16 13 26 12 10
4 25 9 29 0
25 4 9 29 0
4 25 29 9 0
25 4 29 9 0
10 19 19 19 241
19 10 19 19 241
14 15 18 20 484
15 14 18 20 484
14 15 20 18 484
15 14 20 18 484
12 17 10 28 0
17 12 10 28 0
12 17 28 10 0
17 12 28 10 0
13 16 19 19 473
16 13 19 19 473
3 26 11 27 0
26 3 11 27 0
3 26 27 11 0
26 3 27 11 0
4 25 17 21 3
25 4 17 21 3
4 25 21 17 3
25 4 21 17 3
7 22 4 34 0
22 7 4 34 0
7 22 34 4 0
22 7 34 4 0
12 17 19 19 407
17 12 19 19 407
7 22 13 25 7
22 7 13 25 7
7 22 25 13 7
22 7 25 13 7
14 15 15 23 164
15 14 15 23 164
14 15 23 15 164
15 14 23 15 164
10 19 12 26 7
19 10 12 26 7
10 19 26 12 7
19 10 26 12 7
5 24 18 20 10
24 5 18 20 10
5 24 20 18 10
24 5 20 18 10
10 19 11 27 0
19 10 11 27 0
10 19 27 11 0
19 10 27 11 0
3 26 18 20 0
26 3 18 20 0
3 26 20 18 0
26 3 20 18 0
2 27 13 25 0
27 2 13 25 0
2 27 25 13 0
27 2 25 13 0
9 20 9 29 0
20 9 9 29 0
9 20 29 9 0
20 9 29 9 0
7 22 8 30 0
22 7 8 30 0
7 22 30 8 0
22 7 30 8 0
8 21 18 20 97
21 8 18 20 97
8 21 20 18 97
21 8 20 18 97
14 15 13 25 31
15 14 13 25 31
14 15 25 13 31
15 14 25 13 31
13 16 4 34 0
16 13 4 34 0
13 16 34 4 0
16 13 34 4 0
10 19 9 29 0
19 10 9 29 0
10 19 29 9 0
19 10 29 9 0
14 15 4 34 0
15 14 4 34 0
14 15 34 4 0
15 14 34 4 0
4 25 19 19 4
25 4 19 19 4
14 15 19 19 507
15 14 19 19 507
11 18 9 29 0
18 11 9 29 0
11 18 29 9 0
18 11 29 9 0
9 20 6 32 0
20 9 6 32 0
9 20 32 6 0
20 9 32 6 0
11 18 3 35 0
18 11 3 35 0
11 18 35 3 0
18 11 35 3 0
8 21 8 30 0
21 8 8 30 0
8 21 30 8 0
21 8 30 8 0
6 23 9 29 0
23 6 9 29 0
6 23 29 9 0
23 6 29 9 0
5 24 12 26 1
24 5 12 26 1
5 24 26 12 1
24 5 26 12 1
2 27 15 23 0
27 2 15 23 0
2 27 23 15 0
27 2 23 15 0
4 25 14 24 2
25 4 14 24 2
4 25 24 14 2
25 4 24 14 2
8 21 7 31 0
21 8 7 31 0
8 21 31 7 0
21 8 31 7 0
10 19 3 35 0
19 10 3 35 0
10 19 35 3 0
19 10 35 3 0
7 22 18 20 54
22 7 18 20 54
7 22 20 18 54
22 7 20 18 54
8 21 9 29 0
21 8 9 29 0
8 21 29 9 0
21 8 29 9 0
13 16 2 36 0
16 13 2 36 0
13 16 36 2 0
16 13 36 2 0
14 15 9 29 0
15 14 9 29 0
14 15 29 9 0
15 14 29 9 0
8 21 16 22 63
21 8 16 22 63
8 21 22 16 63
21 8 22 16 63
14 15 7 31 0
15 14 7 31 0
14 15 31 7 0
15 14 31 7 0
9 20 8 30 0
20 9 8 30 0
9 20 30 8 0
20 9 30 8 0
4 25 10 28 0
25 4 10 28 0
4 25 28 10 0
25 4 28 10 0
14 15 11 27 0
15 14 11 27 0
14 15 27 11 0
15 14 27 11 0
7 22 19 19 55
22 7 19 19 55
1 28 15 23 0
28 1 15 23 0
1 28 23 15 0
28 1 23 15 0
10 19 10 28 0
19 10 10 28 0
10 19 28 10 0
19 10 28 10 0
7 22 14 24 16
22 7 14 24 16
7 22 24 14 16
22 7 24 14 16
5 24 19 19 10
24 5 19 19 10
3 26 12 26 0
26 3 12 26 0
3 26 26 12 0
26 3 26 12 0
11 18 10 28 0
18 11 10 28 0
11 18 28 10 0
18 11 28 10 0
12 17 18 20 390
17 12 18 20 390
12 17 20 18 390
17 12 20 18 390
14 15 6 32 0
15 14 6 32 0
14 15 32 6 0
15 14 32 6 0
11 18 14 24 62
18 11 14 24 62
11 18 24 14 62
18 11 24 14 62
3 26 15 23 0
26 3 15 23 0
3 26 23 15 0
26 3 23 15 0
13 16 3 35 0
16 13 3 35 0
13 16 35 3 0
16 13 35 3 0
7 22 9 29 0
22 7 9 29 0
7 22 29 9 0
22 7 29 9 0
5 24 11 27 0
24 5 11 27 0
5 24 27 11 0
24 5 27 11 0
6 23 11 27 0
23 6 11 27 0
6 23 27 11 0
23 6 27 11 0
11 18 18 20 312
18 11 18 20 312
11 18 20 18 312
18 11 20 18 312
5 24 17 21 8
24 5 17 21 8
5 24 21 17 8
24 5 21 17 8
11 18 16 22 187
18 11 16 22 187
11 18 22 16 187
18 11 22 16 187
11 18 19 19 325
18 11 19 19 325
6 23 19 19 26
23 6 19 19 26
10 19 5 33 0
19 10 5 33 0
10 19 33 5 0
19 10 33 5 0
6 23 13 25 4
23 6 13 25 4
6 23 25 13 4
23 6 25 13 4
11 18 7 31 0
18 11 7 31 0
11 18 31 7 0
18 11 31 7 0
4 25 7 31 0
25 4 7 31 0
4 25 31 7 0
25 4 31 7 0
7 22 12 26 3
22 7 12 26 3
7 22 26 12 3
22 7 26 12 3
12 17 15 23 136
17 12 15 23 136
12 17 23 15 136
17 12 23 15 136
12 17 5 33 0
17 12 5 33 0
12 17 33 5 0
17 12 33 5 0
6 23 6 32 0
23 6 6 32 0
6 23 32 6 0
23 6 32 6 0
9 20 3 35 0
20 9 3 35 0
9 20 35 3 0
20 9 35 3 0
8 21 4 34 0
21 8 4 34 0
8 21 34 4 0
21 8 34 4 0
5 24 15 23 5
24 5 15 23 5
5 24 23 15 5
24 5 23 15 5
12 17 2 36 0
17 12 2 36 0
12 17 36 2 0
17 12 36 2 0
8 21 15 23 40
21 8 15 23 40
8 21 23 15 40
21 8 23 15 40
6 23 12 26 2
23 6 12 26 2
6 23 26 12 2
23 6 26 12 2
7 22 15 23 24
22 7 15 23 24
7 22 23 15 24
22 7 23 15 24
13 16 14 24 83
16 13 14 24 83
13 16 24 14 83
16 13 24 14 83
14 15 8 30 0
15 14 8 30 0
14 15 30 8 0
15 14 30 8 0
13 16 7 31 0
16 13 7 31 0
13 16 31 7 0
16 13 31 7 0
3 26 13 25 0
26 3 13 25 0
3 26 25 13 0
26 3 25 13 0
12 17 9 29 0
17 12 9 29 0
12 17 29 9 0
17 12 29 9 0
4 25 18 20 4
25 4 18 20 4
4 25 20 18 4
25 4 20 18 4
1 28 17 21 0
28 1 17 21 0
1 28 21 17 0
28 1 21 17 0
6 23 16 22 18
23 6 16 22 18
6 23 22 16 18
23 6 22 16 18
12 17 17 21 312
17 12 17 21 312
12 17 21 17 312
17 12 21 17 312
3 26 19 19 0
26 3 19 19 0
8 21 11 27 0
21 8 11 27 0
8 21 27 11 0
21 8 27 11 0
3 26 16 22 0
26 3 16 22 0
3 26 22 16 0
26 3 22 16 0
6 23 10 28 0
23 6 10 28 0
6 23 28 10 0
23 6 28 10 0
6 23 5 33 0
23 6 5 33 0
6 23 33 5 0
23 6 33 5 0
5 24 9 29 0
24 5 9 29 0
5 24 29 9 0
24 5 29 9 0
12 17 16 22 230
17 12 16 22 230
12 17 22 16 230
17 12 22 16 230
8 21 14 24 25
21 8 14 24 25
8 21 24 14 25
21 8 24 14 25
10 19 4 34 0
19 10 4 34 0
10 19 34 4 0
19 10 34 4 0
13 16 8 30 0
16 13 8 30 0
13 16 30 8 0
16 13 30 8 0
10 19 6 32 0
19 10 6 32 0
10 19 32 6 0
19 10 32 6 0
14 15 10 28 0
15 14 10 28 0
14 15 28 10 0
15 14 28 10 0
9 20 4 34 0
20 9 4 34 0
9 20 34 4 0
20 9 34 4 0
9 20 18 20 156
20 9 18 20 156
9 20 20 18 156
20 9 20 18 156
9 20 12 26 5
20 9 12 26 5
9 20 26 12 5
20 9 26 12 5
14 15 3 35 0
15 14 3 35 0
14 15 35 3 0
15 14 35 3 0
5 24 16 22 7
24 5 16 22 7
5 24 22 16 7
24 5 22 16 7
12 17 3 35 0
17 12 3 35 0
12 17 35 3 0
17 12 35 3 0
9 20 17 21 127
20 9 17 21 127
9 20 21 17 127
20 9 21 17 127
8 21 5 33 0
21 8 5 33 0
8 21 33 5 0
21 8 33 5 0
8 21 6 32 0
21 8 6 32 0
8 21 32 6 0
21 8 32 6 0
14 15 5 33 0
15 14 5 33 0
14 15 33 5 0
15 14 33 5 0
1 28 16 22 0
28 1 16 22 0
1 28 22 16 0
28 1 22 16 0
7 22 16 22 36
22 7 16 22 36
7 22 22 16 36
22 7 22 16 36
7 22 5 33 0
22 7 5 33 0
7 22 33 5 0
22 7 33 5 0
8 21 17 21 79
21 8 17 21 79
8 21 21 17 79
21 8 21 17 79
10 19 18 20 233
19 10 18 20 233
10 19 20 18 233
19 10 20 18 233
7 22 11 27 0
22 7 11 27 0
7 22 27 11 0
22 7 27 11 0
5 24 10 28 0
24 5 10 28 0
5 24 28 10 0
24 5 28 10 0
12 17 11 27 0
17 12 11 27 0
12 17 27 11 0
17 12 27 11 0
11 18 12 26 8
18 11 12 26 8
11 18 26 12 8
18 11 26 12 8
13 16 9 29 0
16 13 9 29 0
13 16 29 9 0
16 13 29 9 0
9 20 13 25 14
20 9 13 25 14
9 20 25 13 14
20 9 25 13 14
13 16 17 21 361
16 13 17 21 361
13 16 21 17 361
16 13 21 17 361
9 20 7 31 0
20 9 7 31 0
9 20 31 7 0
20 9 31 7 0
8 21 13 25 10
21 8 13 25 10
8 21 25 13 10
21 8 25 13 10
3 26 17 21 0
26 3 17 21 0
3 26 21 17 0
26 3 21 17 0
5 24 13 25 2
24 5 13 25 2
5 24 25 13 2
24 5 25 13 2
11 18 6 32 0
18 11 6 32 0
11 18 32 6 0
18 11 32 6 0
11 18 8 30 0
18 11 8 30 0
11 18 30 8 0
18 11 30 8 0
3 26 10 28 0
26 3 10 28 0
3 26 28 10 0
26 3 28 10 0
13 16 13 25 30
16 13 13 25 30
13 16 25 13 30
16 13 25 13 30
6 23 8 30 0
23 6 8 30 0
6 23 30 8 0
23 6 30 8 0
10 19 15 23 87
19 10 15 23 87
10 19 23 15 87
19 10 23 15 87
4 25 15 23 2
25 4 15 23 2
4 25 23 15 2
25 4 23 15 2
