0 13 8 10 2
13 0 8 10 2
0 13 10 8 2
13 0 10 8 2
3 10 1 17 0
10 3 1 17 0
3 10 17 1 0
10 3 17 1 0
5 8 1 17 0
8 5 1 17 0
5 8 17 1 0
8 5 17 1 0
0 13 6 12 1
13 0 6 12 1
0 13 12 6 1
13 0 12 6 1
4 9 1 17 0
9 4 1 17 0
4 9 17 1 0
9 4 17 1 0
1 12 9 9 20
12 1 9 9 20
4 9 6 12 109
9 4 6 12 109
4 9 12 6 109
9 4 12 6 109
4 9 0 18 0
9 4 0 18 0
4 9 18 0 0
9 4 18 0 0
2 11 3 15 4
11 2 3 15 4
2 11 15 3 4
11 2 15 3 4
3 10 8 10 106
10 3 8 10 106
3 10 10 8 106
10 3 10 8 106
4 9 3 15 16
9 4 3 15 16
4 9 15 3 16
9 4 15 3 16
0 13 3 15 0
13 0 3 15 0
0 13 15 3 0
13 0 15 3 0
1 12 1 17 0
12 1 1 17 0
1 12 17 1 0
12 1 17 1 0
6 7 2 16 7
7 6 2 16 7
6 7 16 2 7
7 6 16 2 7
2 11 5 13 20
11 2 5 13 20
2 11 13 5 20
11 2 13 5 20
5 8 9 9 255
8 5 9 9 255
2 11 4 14 11
11 2 4 14 11
2 11 14 4 11
11 2 14 4 11
2 11 8 10 55
11 2 8 10 55
2 11 10 8 55
11 2 10 8 55
4 9 9 9 184
9 4 9 9 184
6 7 9 9 291
7 6 9 9 291
5 8 2 16 6
8 5 2 16 6
5 8 16 2 6
8 5 16 2 6
6 7 8 10 278
7 6 8 10 278
6 7 10 8 278
7 6 10 8 278
3 10 3 15 9
10 3 3 15 9
3 10 15 3 9
10 3 15 3 9
0 13 7 11 1
13 0 7 11 1
0 13 11 7 1
13 0 11 7 1
5 8 7 11 205
8 5 7 11 205
5 8 11 7 205
8 5 11 7 205
5 8 6 12 152
8 5 6 12 152
5 8 12 6 152
8 5 12 6 152
1 12 8 10 19
12 1 8 10 19
1 12 10 8 19
12 1 10 8 19
2 11 2 16 1
11 2 2 16 1
2 11 16 2 1
11 2 16 2 1
1 12 5 13 6
12 1 5 13 6
1 12 13 5 6
12 1 13 5 6
6 7 7 11 234
7 6 7 11 234
6 7 11 7 234
7 6 11 7 234
4 9 7 11 147
9 4 7 11 147
4 9 11 7 147
9 4 11 7 147
5 8 0 18 0
8 5 0 18 0
5 8 18 0 0
8 5 18 0 0
4 9 2 16 4
9 4 2 16 4
4 9 16 2 4
9 4 16 2 4
3 10 0 18 0
10 3 0 18 0
3 10 18 0 0
10 3 18 0 0
3 10 2 16 2
10 3 2 16 2
3 10 16 2 2
10 3 16 2 2
1 12 6 12 11
12 1 6 12 11
1 12 12 6 11
12 1 12 6 11
4 9 8 10 176
9 4 8 10 176
4 9 10 8 176
9 4 10 8 176
6 7 1 17 0
7 6 1 17 0
6 7 17 1 0
7 6 17 1 0
0 13 9 9 2
13 0 9 9 2
5 8 5 13 96
8 5 5 13 96
5 8 13 5 96
8 5 13 5 96
2 11 6 12 33
11 2 6 12 33
2 11 12 6 33
11 2 12 6 33
1 12 7 11 15
12 1 7 11 15
1 12 11 7 15
12 1 11 7 15
3 10 7 11 88
10 3 7 11 88
3 10 11 7 88
10 3 11 7 88
0 13 5 13 0
13 0 5 13 0
0 13 13 5 0
13 0 13 5 0
0 13 4 14 0
13 0 4 14 0
0 13 14 4 0
13 0 14 4 0
5 8 3 15 23
8 5 3 15 23
5 8 15 3 23
8 5 15 3 23
1 12 2 16 0
12 1 2 16 0
1 12 16 2 0
12 1 16 2 0
2 11 9 9 57
11 2 9 9 57
5 8 8 10 244
8 5 8 10 244
5 8 10 8 244
8 5 10 8 244
1 12 4 14 3
12 1 4 14 3
1 12 14 4 3
12 1 14 4 3
6 7 5 13 110
7 6 5 13 110
6 7 13 5 110
7 6 13 5 110
4 9 4 14 38
9 4 4 14 38
4 9 14 4 38
9 4 14 4 38
3 10 6 12 65
10 3 6 12 65
3 10 12 6 65
10 3 12 6 65
3 10 4 14 22
10 3 4 14 22
3 10 14 4 22
10 3 14 4 22
2 11 1 17 0
11 2 1 17 0
2 11 17 1 0
11 2 17 1 0
3 10 9 9 111
10 3 9 9 111
5 8 4 14 54
8 5 4 14 54
5 8 14 4 54
8 5 14 4 54
4 9 5 13 68
9 4 5 13 68
4 9 13 5 68
9 4 13 5 68
1 12 3 15 1
12 1 3 15 1
1 12 15 3 1
12 1 15 3 1
6 7 6 12 174
7 6 6 12 174
6 7 12 6 174
7 6 12 6 174
6 7 0 18 0
7 6 0 18 0
6 7 18 0 0
7 6 18 0 0
6 7 4 14 62
7 6 4 14 62
6 7 14 4 62
7 6 14 4 62
3 10 5 13 40
10 3 5 13 40
3 10 13 5 40
10 3 13 5 40
6 7 3 15 27
7 6 3 15 27
6 7 15 3 27
7 6 15 3 27
2 11 7 11 45
11 2 7 11 45
2 11 11 7 45
11 2 11 7 45
