2 19 13 15 16
19 2 13 15 16
2 19 15 13 16
19 2 15 13 16
1 20 12 16 0
20 1 12 16 0
1 20 16 12 0
20 1 16 12 0
10 11 6 22 81
11 10 6 22 81
10 11 22 6 81
11 10 22 6 81
8 13 7 21 143
13 8 7 21 143
8 13 21 7 143
13 8 21 7 143
8 13 6 22 56
13 8 6 22 56
8 13 22 6 56
13 8 22 6 56
7 14 4 24 1
14 7 4 24 1
7 14 24 4 1
14 7 24 4 1
5 16 10 18 195
16 5 10 18 195
5 16 18 10 195
16 5 18 10 195
10 11 1 27 0
11 10 1 27 0
10 11 27 1 0
11 10 27 1 0
3 18 9 19 19
18 3 9 19 19
3 18 19 9 19
18 3 19 9 19
5 16 12 16 354
16 5 12 16 354
5 16 16 12 354
16 5 16 12 354
10 11 14 14 2439
11 10 14 14 2439
3 18 13 15 66
18 3 13 15 66
3 18 15 13 66
18 3 15 13 66
0 21 11 17 0
21 0 11 17 0
0 21 17 11 0
21 0 17 11 0
9 12 2 26 0
12 9 2 26 0
9 12 26 2 0
12 9 26 2 0
8 13 5 23 17
13 8 5 23 17
8 13 23 5 17
13 8 23 5 17
10 11 7 21 203
11 10 7 21 203
10 11 21 7 203
11 10 21 7 203
3 18 11 17 44
18 3 11 17 44
3 18 17 11 44
18 3 17 11 44
5 16 5 23 3
16 5 5 23 3
5 16 23 5 3
16 5 23 5 3
4 17 13 15 185
17 4 13 15 185
4 17 15 13 185
17 4 15 13 185
9 12 5 23 22
12 9 5 23 22
9 12 23 5 22
12 9 23 5 22
9 12 13 15 2106
12 9 13 15 2106
9 12 15 13 2106
12 9 15 13 2106
0 21 12 16 0
21 0 12 16 0
0 21 16 12 0
21 0 16 12 0
3 18 7 21 4
18 3 7 21 4
3 18 21 7 4
18 3 21 7 4
5 16 7 21 31
16 5 7 21 31
5 16 21 7 31
16 5 21 7 31
8 13 11 17 1163
13 8 11 17 1163
8 13 17 11 1163
13 8 17 11 1163
2 19 12 16 13
19 2 12 16 13
2 19 16 12 13
19 2 16 12 13
10 11 13 15 2341
11 10 13 15 2341
10 11 15 13 2341
11 10 15 13 2341
8 13 3 25 0
13 8 3 25 0
8 13 25 3 0
13 8 25 3 0
3 18 5 23 0
18 3 5 23 0
3 18 23 5 0
18 3 23 5 0
4 17 6 22 4
17 4 6 22 4
4 17 22 6 4
17 4 22 6 4
9 12 7 21 181
12 9 7 21 181
9 12 21 7 181
12 9 21 7 181
2 19 14 14 16
19 2 14 14 16
7 14 5 23 11
14 7 5 23 11
7 14 23 5 11
14 7 23 5 11
6 15 13 15 762
15 6 13 15 762
6 15 15 13 762
15 6 15 13 762
7 14 6 22 38
14 7 6 22 38
7 14 22 6 38
14 7 22 6 38
6 15 1 27 0
15 6 1 27 0
6 15 27 1 0
15 6 27 1 0
8 13 13 15 1691
13 8 13 15 1691
8 13 15 13 1691
13 8 15 13 1691
4 17 2 26 0
17 4 2 26 0
4 17 26 2 0
17 4 26 2 0
9 12 11 17 1451
12 9 11 17 1451
9 12 17 11 1451
12 9 17 11 1451
8 13 8 20 295
13 8 8 20 295
8 13 20 8 295
13 8 20 8 295
4 17 10 18 86
17 4 10 18 86
4 17 18 10 86
17 4 18 10 86
0 21 14 14 0
21 0 14 14 0
5 16 13 15 411
16 5 13 15 411
5 16 15 13 411
16 5 15 13 411
2 19 9 19 5
19 2 9 19 5
2 19 19 9 5
19 2 19 9 5
7 14 13 15 1207
14 7 13 15 1207
7 14 15 13 1207
14 7 15 13 1207
5 16 6 22 11
16 5 6 22 11
5 16 22 6 11
16 5 22 6 11
1 20 11 17 0
20 1 11 17 0
1 20 17 11 0
20 1 17 11 0
5 16 11 17 279
16 5 11 17 279
5 16 17 11 279
16 5 17 11 279
8 13 14 14 1761
13 8 14 14 1761
6 15 4 24 0
15 6 4 24 0
6 15 24 4 0
15 6 24 4 0
9 12 10 18 1035
12 9 10 18 1035
9 12 18 10 1035
12 9 18 10 1035
1 20 7 21 0
20 1 7 21 0
1 20 21 7 0
20 1 21 7 0
6 15 7 21 60
15 6 7 21 60
6 15 21 7 60
15 6 21 7 60
8 13 10 18 827
13 8 10 18 827
8 13 18 10 827
13 8 18 10 827
5 16 3 25 0
16 5 3 25 0
5 16 25 3 0
16 5 25 3 0
1 20 13 15 0
20 1 13 15 0
1 20 15 13 0
20 1 15 13 0
10 11 0 28 0
11 10 0 28 0
10 11 28 0 0
11 10 28 0 0
9 12 14 14 2194
12 9 14 14 2194
6 15 3 25 0
15 6 3 25 0
6 15 25 3 0
15 6 25 3 0
9 12 4 24 3
12 9 4 24 3
9 12 24 4 3
12 9 24 4 3
6 15 10 18 366
15 6 10 18 366
6 15 18 10 366
15 6 18 10 366
7 14 2 26 0
14 7 2 26 0
7 14 26 2 0
14 7 26 2 0
9 12 3 25 0
12 9 3 25 0
9 12 25 3 0
12 9 25 3 0
3 18 10 18 30
18 3 10 18 30
3 18 18 10 30
18 3 18 10 30
10 11 9 19 745
11 10 9 19 745
10 11 19 9 745
11 10 19 9 745
2 19 7 21 1
19 2 7 21 1
2 19 21 7 1
19 2 21 7 1
5 16 9 19 124
16 5 9 19 124
5 16 19 9 124
16 5 19 9 124
6 15 12 16 658
15 6 12 16 658
6 15 16 12 658
15 6 16 12 658
10 11 5 23 25
11 10 5 23 25
10 11 23 5 25
11 10 23 5 25
0 21 10 18 0
21 0 10 18 0
0 21 18 10 0
21 0 18 10 0
6 15 2 26 0
15 6 2 26 0
6 15 26 2 0
15 6 26 2 0
4 17 7 21 13
17 4 7 21 13
4 17 21 7 13
17 4 21 7 13
10 11 12 16 2036
11 10 12 16 2036
10 11 16 12 2036
11 10 16 12 2036
6 15 14 14 792
15 6 14 14 792
7 14 10 18 586
14 7 10 18 586
7 14 18 10 586
14 7 18 10 586
8 13 9 19 533
13 8 9 19 533
8 13 19 9 533
13 8 19 9 533
1 20 6 22 0
20 1 6 22 0
1 20 22 6 0
20 1 22 6 0
2 19 10 18 7
19 2 10 18 7
2 19 18 10 7
19 2 18 10 7
10 11 10 18 1153
11 10 10 18 1153
10 11 18 10 1153
11 10 18 10 1153
7 14 14 14 1257
14 7 14 14 1257
7 14 12 16 1046
14 7 12 16 1046
7 14 16 12 1046
14 7 16 12 1046
3 18 4 24 0
18 3 4 24 0
3 18 24 4 0
18 3 24 4 0
6 15 6 22 22
15 6 6 22 22
6 15 22 6 22
15 6 22 6 22
2 19 6 22 0
19 2 6 22 0
2 19 22 6 0
19 2 22 6 0
2 19 11 17 11
19 2 11 17 11
2 19 17 11 11
19 2 17 11 11
0 21 13 15 0
21 0 13 15 0
0 21 15 13 0
21 0 15 13 0
5 16 14 14 427
16 5 14 14 427
9 12 6 22 72
12 9 6 22 72
9 12 22 6 72
12 9 22 6 72
10 11 8 20 416
11 10 8 20 416
10 11 20 8 416
11 10 20 8 416
6 15 5 23 6
15 6 5 23 6
6 15 23 5 6
15 6 23 5 6
8 13 4 24 2
13 8 4 24 2
8 13 24 4 2
13 8 24 4 2
4 17 11 17 125
17 4 11 17 125
4 17 17 11 125
17 4 17 11 125
4 17 14 14 191
17 4 14 14 191
4 17 3 25 0
17 4 3 25 0
4 17 25 3 0
17 4 25 3 0
6 15 9 19 234
15 6 9 19 234
6 15 19 9 234
15 6 19 9 234
4 17 9 19 55
17 4 9 19 55
4 17 19 9 55
17 4 19 9 55
7 14 7 21 99
14 7 7 21 99
7 14 21 7 99
14 7 21 7 99
7 14 8 20 206
14 7 8 20 206
7 14 20 8 206
14 7 20 8 206
1 20 10 18 0
20 1 10 18 0
1 20 18 10 0
20 1 18 10 0
1 20 14 14 0
20 1 14 14 0
5 16 8 20 66
16 5 8 20 66
5 16 20 8 66
16 5 20 8 66
2 19 5 23 0
19 2 5 23 0
2 19 23 5 0
19 2 23 5 0
10 11 3 25 0
11 10 3 25 0
10 11 25 3 0
11 10 25 3 0
1 20 8 20 0
20 1 8 20 0
1 20 20 8 0
20 1 20 8 0
7 14 3 25 0
14 7 3 25 0
7 14 25 3 0
14 7 25 3 0
3 18 14 14 68
18 3 14 14 68
8 13 12 16 1468
13 8 12 16 1468
8 13 16 12 1468
13 8 16 12 1468
10 11 4 24 3
11 10 4 24 3
10 11 24 4 3
11 10 24 4 3
4 17 8 20 28
17 4 8 20 28
4 17 20 8 28
17 4 20 8 28
7 14 11 17 827
14 7 11 17 827
7 14 17 11 827
14 7 17 11 827
8 13 1 27 0
13 8 1 27 0
8 13 27 1 0
13 8 27 1 0
3 18 8 20 9
18 3 8 20 9
3 18 20 8 9
18 3 20 8 9
10 11 11 17 1615
11 10 11 17 1615
10 11 17 11 1615
11 10 17 11 1615
3 18 6 22 1
18 3 6 22 1
3 18 22 6 1
18 3 22 6 1
7 14 9 19 376
14 7 9 19 376
7 14 19 9 376
14 7 19 9 376
6 15 8 20 126
15 6 8 20 126
6 15 20 8 126
15 6 20 8 126
5 16 2 26 0
16 5 2 26 0
5 16 26 2 0
16 5 26 2 0
1 20 9 19 0
20 1 9 19 0
1 20 19 9 0
20 1 19 9 0
4 17 5 23 1
17 4 5 23 1
4 17 23 5 1
17 4 23 5 1
8 13 2 26 0
13 8 2 26 0
8 13 26 2 0
13 8 26 2 0
9 12 9 19 668
12 9 9 19 668
9 12 19 9 668
12 9 19 9 668
9 12 1 27 0
12 9 1 27 0
9 12 27 1 0
12 9 27 1 0
6 15 11 17 520
15 6 11 17 520
6 15 17 11 520
15 6 17 11 520
4 17 4 24 0
17 4 4 24 0
4 17 24 4 0
17 4 24 4 0
3 18 12 16 56
18 3 12 16 56
3 18 16 12 56
18 3 16 12 56
3 18 3 25 0
18 3 3 25 0
3 18 25 3 0
18 3 25 3 0
4 17 12 16 158
17 4 12 16 158
4 17 16 12 158
17 4 16 12 158
5 16 4 24 0
16 5 4 24 0
5 16 24 4 0
16 5 24 4 0
2 19 4 24 0
19 2 4 24 0
2 19 24 4 0
19 2 24 4 0
2 19 8 20 2
19 2 8 20 2
2 19 20 8 2
19 2 20 8 2
9 12 8 20 372
12 9 8 20 372
9 12 20 8 372
12 9 20 8 372
9 12 12 16 1831
12 9 12 16 1831
9 12 16 12 1831
12 9 16 12 1831
10 11 2 26 0
11 10 2 26 0
10 11 26 2 0
11 10 26 2 0
7 14 1 27 0
14 7 1 27 0
7 14 27 1 0
14 7 27 1 0
