9 16 15 18 1353
16 9 15 18 1353
9 16 18 15 1353
16 9 18 15 1353
3 22 6 27 0
22 3 6 27 0
3 22 27 6 0
22 3 27 6 0
2 23 8 25 0
23 2 8 25 0
2 23 25 8 0
23 2 25 8 0
1 24 13 20 0
24 1 13 20 0
1 24 20 13 0
24 1 20 13 0
6 19 14 19 230
19 6 14 19 230
6 19 19 14 230
19 6 19 14 230
5 20 12 21 52
20 5 12 21 52
5 20 21 12 52
20 5 21 12 52
9 16 9 24 77
16 9 9 24 77
9 16 24 9 77
16 9 24 9 77
12 13 16 17 2650
13 12 16 17 2650
12 13 17 16 2650
13 12 17 16 2650
4 21 9 24 2
21 4 9 24 2
4 21 24 9 2
21 4 24 9 2
7 18 7 26 4
18 7 7 26 4
7 18 26 7 4
18 7 26 7 4
6 19 7 26 2
19 6 7 26 2
6 19 26 7 2
19 6 26 7 2
11 14 10 23 277
14 11 10 23 277
11 14 23 10 277
14 11 23 10 277
3 22 11 22 4
22 3 11 22 4
3 22 22 11 4
22 3 22 11 4
5 20 9 24 7
20 5 9 24 7
5 20 24 9 7
20 5 24 9 7
3 22 8 25 0
22 3 8 25 0
3 22 25 8 0
22 3 25 8 0
8 17 7 26 6
17 8 7 26 6
8 17 26 7 6
17 8 26 7 6
6 19 11 22 71
19 6 11 22 71
6 19 22 11 71
19 6 22 11 71
5 20 4 29 0
20 5 4 29 0
5 20 29 4 0
20 5 29 4 0
10 15 14 19 1495
15 10 14 19 1495
10 15 19 14 1495
15 10 19 14 1495
9 16 14 19 1119
16 9 14 19 1119
9 16 19 14 1119
16 9 19 14 1119
1 24 10 23 0
24 1 10 23 0
1 24 23 10 0
24 1 23 10 0
12 13 10 23 304
13 12 10 23 304
12 13 23 10 304
13 12 23 10 304
8 17 4 29 0
17 8 4 29 0
8 17 29 4 0
17 8 29 4 0
4 21 13 20 26
21 4 13 20 26
4 21 20 13 26
21 4 20 13 26
4 21 5 28 0
21 4 5 28 0
4 21 28 5 0
21 4 28 5 0
7 18 6 27 0
18 7 6 27 0
7 18 27 6 0
18 7 27 6 0
8 17 5 28 0
17 8 5 28 0
8 17 28 5 0
17 8 28 5 0
11 14 3 30 0
14 11 3 30 0
11 14 30 3 0
14 11 30 3 0
2 23 11 22 0
23 2 11 22 0
2 23 22 11 0
23 2 22 11 0
12 13 6 27 0
13 12 6 27 0
12 13 27 6 0
13 12 27 6 0
10 15 3 30 0
15 10 3 30 0
10 15 30 3 0
15 10 30 3 0
6 19 10 23 36
19 6 10 23 36
6 19 23 10 36
19 6 23 10 36
3 22 9 24 1
22 3 9 24 1
3 22 24 9 1
22 3 24 9 1
5 20 13 20 77
20 5 13 20 77
5 20 20 13 77
20 5 20 13 77
3 22 12 21 6
22 3 12 21 6
3 22 21 12 6
22 3 21 12 6
7 18 13 20 337
18 7 13 20 337
7 18 20 13 337
18 7 20 13 337
11 14 9 24 121
14 11 9 24 121
11 14 24 9 121
14 11 24 9 121
10 15 11 22 447
15 10 11 22 447
10 15 22 11 447
15 10 22 11 447
11 14 13 20 1353
14 11 13 20 1353
11 14 20 13 1353
14 11 20 13 1353
7 18 11 22 137
18 7 11 22 137
7 18 22 11 137
18 7 22 11 137
3 22 7 26 0
22 3 7 26 0
3 22 26 7 0
22 3 26 7 0
10 15 9 24 101
15 10 9 24 101
10 15 24 9 101
15 10 24 9 101
5 20 14 19 101
20 5 14 19 101
5 20 19 14 101
20 5 19 14 101
7 18 2 31 0
18 7 2 31 0
7 18 31 2 0
18 7 31 2 0
12 13 1 32 0
13 12 1 32 0
12 13 32 1 0
13 12 32 1 0
6 19 13 20 174
19 6 13 20 174
6 19 20 13 174
19 6 20 13 174
12 13 9 24 133
13 12 9 24 133
12 13 24 9 133
13 12 24 9 133
2 23 10 23 0
23 2 10 23 0
2 23 23 10 0
23 2 23 10 0
10 15 4 29 0
15 10 4 29 0
10 15 29 4 0
15 10 29 4 0
8 17 11 22 226
17 8 11 22 226
8 17 22 11 226
17 8 22 11 226
12 13 14 19 1990
13 12 14 19 1990
12 13 19 14 1990
13 12 19 14 1990
3 22 14 19 10
22 3 14 19 10
3 22 19 14 10
22 3 19 14 10
10 15 10 23 230
15 10 10 23 230
10 15 23 10 230
15 10 23 10 230
5 20 7 26 1
20 5 7 26 1
5 20 26 7 1
20 5 26 7 1
2 23 7 26 0
23 2 7 26 0
2 23 26 7 0
23 2 26 7 0
0 25 15 18 0
25 0 15 18 0
0 25 18 15 0
25 0 18 15 0
10 15 2 31 0
15 10 2 31 0
10 15 31 2 0
15 10 31 2 0
10 15 8 25 34
15 10 8 25 34
10 15 25 8 34
15 10 25 8 34
5 20 5 28 0
20 5 5 28 0
5 20 28 5 0
20 5 28 5 0
2 23 14 19 0
23 2 14 19 0
2 23 19 14 0
23 2 19 14 0
11 14 1 32 0
14 11 1 32 0
11 14 32 1 0
14 11 32 1 0
7 18 9 24 32
18 7 9 24 32
7 18 24 9 32
18 7 24 9 32
7 18 15 18 539
18 7 15 18 539
7 18 18 15 539
18 7 18 15 539
12 13 5 28 0
13 12 5 28 0
12 13 28 5 0
13 12 28 5 0
12 13 4 29 0
13 12 4 29 0
12 13 29 4 0
13 12 29 4 0
7 18 3 30 0
18 7 3 30 0
7 18 30 3 0
18 7 30 3 0
11 14 2 31 0
14 11 2 31 0
11 14 31 2 0
14 11 31 2 0
4 21 16 17 45
21 4 16 17 45
4 21 17 16 45
21 4 17 16 45
1 24 14 19 0
24 1 14 19 0
1 24 19 14 0
24 1 19 14 0
6 19 5 28 0
19 6 5 28 0
6 19 28 5 0
19 6 28 5 0
12 13 12 21 992
13 12 12 21 992
12 13 21 12 992
13 12 21 12 992
8 17 2 31 0
17 8 2 31 0
8 17 31 2 0
17 8 31 2 0
10 15 15 18 1809
15 10 15 18 1809
10 15 18 15 1809
15 10 18 15 1809
11 14 5 28 0
14 11 5 28 0
11 14 28 5 0
14 11 28 5 0
12 13 15 18 2409
13 12 15 18 2409
12 13 18 15 2409
13 12 18 15 2409
5 20 10 23 16
20 5 10 23 16
5 20 23 10 16
20 5 23 10 16
7 18 5 28 0
18 7 5 28 0
7 18 28 5 0
18 7 28 5 0
3 22 13 20 8
22 3 13 20 8
3 22 20 13 8
22 3 20 13 8
11 14 7 26 12
14 11 7 26 12
11 14 26 7 12
14 11 26 7 12
4 21 14 19 34
21 4 14 19 34
4 21 19 14 34
21 4 19 14 34
3 22 16 17 13
22 3 16 17 13
3 22 17 16 13
22 3 17 16 13
6 19 9 24 16
19 6 9 24 16
6 19 24 9 16
19 6 24 9 16
3 22 10 23 2
22 3 10 23 2
3 22 23 10 2
22 3 23 10 2
8 17 16 17 992
17 8 16 17 992
8 17 17 16 992
17 8 17 16 992
11 14 8 25 41
14 11 8 25 41
11 14 25 8 41
14 11 25 8 41
6 19 12 21 117
19 6 12 21 117
6 19 21 12 117
19 6 21 12 117
7 18 12 21 226
18 7 12 21 226
7 18 21 12 226
18 7 21 12 226
6 19 3 30 0
19 6 3 30 0
6 19 30 3 0
19 6 30 3 0
10 15 16 17 1990
15 10 16 17 1990
10 15 17 16 1990
15 10 17 16 1990
2 23 13 20 0
23 2 13 20 0
2 23 20 13 0
23 2 20 13 0
6 19 8 25 5
19 6 8 25 5
6 19 25 8 5
19 6 25 8 5
9 16 7 26 8
16 9 7 26 8
9 16 26 7 8
16 9 26 7 8
12 13 13 20 1488
13 12 13 20 1488
12 13 20 13 1488
13 12 20 13 1488
8 17 10 23 117
17 8 10 23 117
8 17 23 10 117
17 8 23 10 117
4 21 15 18 41
21 4 15 18 41
4 21 18 15 41
21 4 18 15 41
8 17 14 19 747
17 8 14 19 747
8 17 19 14 747
17 8 19 14 747
1 24 15 18 0
24 1 15 18 0
1 24 18 15 0
24 1 18 15 0
4 21 7 26 0
21 4 7 26 0
4 21 26 7 0
21 4 26 7 0
11 14 4 29 0
14 11 4 29 0
11 14 29 4 0
14 11 29 4 0
10 15 5 28 0
15 10 5 28 0
10 15 28 5 0
15 10 28 5 0
4 21 11 22 11
21 4 11 22 11
4 21 22 11 11
21 4 22 11 11
9 16 16 17 1488
16 9 16 17 1488
9 16 17 16 1488
16 9 17 16 1488
7 18 4 29 0
18 7 4 29 0
7 18 29 4 0
18 7 29 4 0
8 17 13 20 561
17 8 13 20 561
8 17 20 13 561
17 8 20 13 561
2 23 15 18 0
23 2 15 18 0
2 23 18 15 0
23 2 18 15 0
8 17 12 21 375
17 8 12 21 375
8 17 21 12 375
17 8 21 12 375
9 16 10 23 174
16 9 10 23 174
9 16 23 10 174
16 9 23 10 174
4 21 12 21 18
21 4 12 21 18
4 21 21 12 18
21 4 21 12 18
10 15 12 21 747
15 10 12 21 747
10 15 21 12 747
15 10 21 12 747
9 16 6 27 0
16 9 6 27 0
9 16 27 6 0
16 9 27 6 0
7 18 16 17 592
18 7 16 17 592
7 18 17 16 592
18 7 17 16 592
2 23 9 24 0
23 2 9 24 0
2 23 24 9 0
23 2 24 9 0
9 16 2 31 0
16 9 2 31 0
9 16 31 2 0
16 9 31 2 0
7 18 14 19 447
18 7 14 19 447
7 18 19 14 447
18 7 19 14 447
12 13 3 30 0
13 12 3 30 0
12 13 30 3 0
13 12 30 3 0
12 13 11 22 592
13 12 11 22 592
12 13 22 11 592
13 12 22 11 592
6 19 16 17 304
19 6 16 17 304
6 19 17 16 304
19 6 17 16 304
5 20 11 22 32
20 5 11 22 32
5 20 22 11 32
20 5 22 11 32
2 23 16 17 0
23 2 16 17 0
2 23 17 16 0
23 2 17 16 0
4 21 10 23 5
21 4 10 23 5
4 21 23 10 5
21 4 23 10 5
9 16 11 22 337
16 9 11 22 337
9 16 22 11 337
16 9 22 11 337
5 20 6 27 0
20 5 6 27 0
5 20 27 6 0
20 5 27 6 0
0 25 16 17 0
25 0 16 17 0
0 25 17 16 0
25 0 17 16 0
6 19 6 27 0
19 6 6 27 0
6 19 27 6 0
19 6 27 6 0
12 13 2 31 0
13 12 2 31 0
12 13 31 2 0
13 12 31 2 0
12 13 8 25 45
13 12 8 25 45
12 13 25 8 45
13 12 25 8 45
9 16 12 21 561
16 9 12 21 561
9 16 21 12 561
16 9 21 12 561
1 24 11 22 0
24 1 11 22 0
1 24 22 11 0
24 1 22 11 0
12 13 7 26 13
13 12 7 26 13
12 13 26 7 13
13 12 26 7 13
10 15 6 27 0
15 10 6 27 0
10 15 27 6 0
15 10 27 6 0
4 21 4 29 0
21 4 4 29 0
4 21 29 4 0
21 4 29 4 0
5 20 16 17 133
20 5 16 17 133
5 20 17 16 133
20 5 17 16 133
11 14 12 21 902
14 11 12 21 902
11 14 21 12 902
14 11 21 12 902
6 19 4 29 0
19 6 4 29 0
6 19 29 4 0
19 6 29 4 0
8 17 3 30 0
17 8 3 30 0
8 17 30 3 0
17 8 30 3 0
3 22 15 18 12
22 3 15 18 12
3 22 18 15 12
22 3 18 15 12
9 16 8 25 26
16 9 8 25 26
9 16 25 8 26
16 9 25 8 26
11 14 14 19 1809
14 11 14 19 1809
11 14 19 14 1809
14 11 19 14 1809
10 15 13 20 1119
15 10 13 20 1119
10 15 20 13 1119
15 10 20 13 1119
2 23 12 21 0
23 2 12 21 0
2 23 21 12 0
23 2 21 12 0
11 14 15 18 2189
14 11 15 18 2189
11 14 18 15 2189
14 11 18 15 2189
10 15 1 32 0
15 10 1 32 0
10 15 32 1 0
15 10 32 1 0
11 14 6 27 0
14 11 6 27 0
11 14 27 6 0
14 11 27 6 0
11 14 11 22 539
14 11 11 22 539
11 14 22 11 539
14 11 22 11 539
8 17 9 24 52
17 8 9 24 52
8 17 24 9 52
17 8 24 9 52
9 16 4 29 0
16 9 4 29 0
9 16 29 4 0
16 9 29 4 0
8 17 6 27 0
17 8 6 27 0
8 17 27 6 0
17 8 27 6 0
8 17 15 18 902
17 8 15 18 902
8 17 18 15 902
17 8 18 15 902
8 17 8 25 18
17 8 8 25 18
8 17 25 8 18
17 8 25 8 18
9 16 13 20 839
16 9 13 20 839
9 16 20 13 839
16 9 20 13 839
7 18 10 23 71
18 7 10 23 71
7 18 23 10 71
18 7 23 10 71
1 24 12 21 0
24 1 12 21 0
1 24 21 12 0
24 1 21 12 0
5 20 15 18 121
20 5 15 18 121
5 20 18 15 121
20 5 18 15 121
9 16 3 30 0
16 9 3 30 0
9 16 30 3 0
16 9 30 3 0
10 15 7 26 10
15 10 7 26 10
10 15 26 7 10
15 10 26 7 10
4 21 8 25 0
21 4 8 25 0
4 21 25 8 0
21 4 25 8 0
6 19 15 18 277
19 6 15 18 277
6 19 18 15 277
19 6 18 15 277
11 14 16 17 2409
14 11 16 17 2409
11 14 17 16 2409
14 11 17 16 2409
4 21 6 27 0
21 4 6 27 0
4 21 27 6 0
21 4 27 6 0
5 20 8 25 2
20 5 8 25 2
5 20 25 8 2
20 5 25 8 2
7 18 8 25 11
18 7 8 25 11
7 18 25 8 11
18 7 25 8 11
9 16 5 28 0
16 9 5 28 0
9 16 28 5 0
16 9 28 5 0
1 24 16 17 0
24 1 16 17 0
1 24 17 16 0
24 1 17 16 0
