5 12 2 21 0
12 5 2 21 0
5 12 21 2 0
12 5 21 2 0
4 13 9 14 199
13 4 9 14 199
4 13 14 9 199
13 4 14 9 199
7 10 1 22 0
10 7 1 22 0
7 10 22 1 0
10 7 22 1 0
6 11 6 17 137
11 6 6 17 137
6 11 17 6 137
11 6 17 6 137
3 14 3 20 0
14 3 3 20 0
3 14 20 3 0
14 3 20 3 0
6 11 4 19 24
11 6 4 19 24
6 11 19 4 24
11 6 19 4 24
5 12 3 20 2
12 5 3 20 2
5 12 20 3 2
12 5 20 3 2
5 12 7 16 163
12 5 7 16 163
5 12 16 7 163
12 5 16 7 163
4 13 1 22 0
13 4 1 22 0
4 13 22 1 0
13 4 22 1 0
8 9 8 15 564
9 8 8 15 564
8 9 15 8 564
9 8 15 8 564
2 15 7 16 15
15 2 7 16 15
2 15 16 7 15
15 2 16 7 15
4 13 10 13 246
13 4 10 13 246
4 13 13 10 246
13 4 13 10 246
7 10 2 21 0
10 7 2 21 0
7 10 21 2 0
10 7 21 2 0
8 9 3 20 7
9 8 3 20 7
8 9 20 3 7
9 8 20 3 7
1 16 7 16 2
16 1 7 16 2
1 16 16 7 2
16 1 16 7 2
3 14 1 22 0
14 3 1 22 0
3 14 22 1 0
14 3 22 1 0
5 12 11 12 479
12 5 11 12 479
5 12 12 11 479
12 5 12 11 479
3 14 2 21 0
14 3 2 21 0
3 14 21 2 0
14 3 21 2 0
3 14 6 17 22
14 3 6 17 22
3 14 17 6 22
14 3 17 6 22
1 16 9 14 6
16 1 9 14 6
1 16 14 9 6
16 1 14 9 6
6 11 11 12 709
11 6 11 12 709
6 11 12 11 709
11 6 12 11 709
7 10 6 17 178
10 7 6 17 178
7 10 17 6 178
10 7 17 6 178
2 15 10 13 44
15 2 10 13 44
2 15 13 10 44
15 2 13 10 44
3 14 11 12 129
14 3 11 12 129
3 14 12 11 129
14 3 12 11 129
5 12 1 22 0
12 5 1 22 0
5 12 22 1 0
12 5 22 1 0
5 12 5 18 41
12 5 5 18 41
5 12 18 5 41
12 5 18 5 41
1 16 6 17 1
16 1 6 17 1
1 16 17 6 1
16 1 17 6 1
6 11 5 18 64
11 6 5 18 64
6 11 18 5 64
11 6 18 5 64
7 10 10 13 820
10 7 10 13 820
7 10 13 10 820
10 7 13 10 820
8 9 11 12 1034
9 8 11 12 1034
8 9 12 11 1034
9 8 12 11 1034
6 11 0 23 0
11 6 0 23 0
6 11 23 0 0
11 6 23 0 0
3 14 8 15 67
14 3 8 15 67
3 14 15 8 67
14 3 15 8 67
6 11 2 21 0
11 6 2 21 0
6 11 21 2 0
11 6 21 2 0
4 13 7 16 91
13 4 7 16 91
4 13 16 7 91
13 4 16 7 91
4 13 11 12 273
13 4 11 12 273
4 13 12 11 273
13 4 12 11 273
3 14 5 18 9
14 3 5 18 9
3 14 18 5 9
14 3 18 5 9
6 11 10 13 640
11 6 10 13 640
6 11 13 10 640
11 6 13 10 640
2 15 2 21 0
15 2 2 21 0
2 15 21 2 0
15 2 21 2 0
7 10 4 19 32
10 7 4 19 32
7 10 19 4 32
10 7 19 4 32
1 16 5 18 0
16 1 5 18 0
1 16 18 5 0
16 1 18 5 0
2 15 6 17 8
15 2 6 17 8
2 15 17 6 8
15 2 17 6 8
5 12 10 13 432
12 5 10 13 432
5 12 13 10 432
12 5 13 10 432
8 9 6 17 204
9 8 6 17 204
8 9 17 6 204
9 8 17 6 204
7 10 11 12 908
10 7 11 12 908
7 10 12 11 908
10 7 12 11 908
4 13 5 18 22
13 4 5 18 22
4 13 18 5 22
13 4 18 5 22
7 10 9 14 670
10 7 9 14 670
7 10 14 9 670
10 7 14 9 670
8 9 9 14 764
9 8 9 14 764
8 9 14 9 764
9 8 14 9 764
2 15 3 20 0
15 2 3 20 0
2 15 20 3 0
15 2 20 3 0
6 11 9 14 522
11 6 9 14 522
6 11 14 9 522
11 6 14 9 522
7 10 3 20 6
10 7 3 20 6
7 10 20 3 6
10 7 20 3 6
0 17 10 13 0
17 0 10 13 0
0 17 13 10 0
17 0 13 10 0
2 15 11 12 49
15 2 11 12 49
2 15 12 11 49
15 2 12 11 49
4 13 8 15 145
13 4 8 15 145
4 13 15 8 145
13 4 15 8 145
6 11 3 20 4
11 6 3 20 4
6 11 20 3 4
11 6 20 3 4
0 17 9 14 0
17 0 9 14 0
0 17 14 9 0
17 0 14 9 0
7 10 5 18 84
10 7 5 18 84
7 10 18 5 84
10 7 18 5 84
1 16 8 15 4
16 1 8 15 4
1 16 15 8 4
16 1 15 8 4
0 17 11 12 0
17 0 11 12 0
0 17 12 11 0
17 0 12 11 0
8 9 0 23 0
9 8 0 23 0
8 9 23 0 0
9 8 23 0 0
7 10 8 15 494
10 7 8 15 494
7 10 15 8 494
10 7 15 8 494
3 14 4 19 3
14 3 4 19 3
3 14 19 4 3
14 3 19 4 3
8 9 5 18 97
9 8 5 18 97
8 9 18 5 97
9 8 18 5 97
1 16 4 19 0
16 1 4 19 0
1 16 19 4 0
16 1 19 4 0
0 17 7 16 0
17 0 7 16 0
0 17 16 7 0
17 0 16 7 0
3 14 7 16 41
14 3 7 16 41
3 14 16 7 41
14 3 16 7 41
8 9 1 22 0
9 8 1 22 0
8 9 22 1 0
9 8 22 1 0
2 15 9 14 35
15 2 9 14 35
2 15 14 9 35
15 2 14 9 35
2 15 5 18 3
15 2 5 18 3
2 15 18 5 3
15 2 18 5 3
6 11 8 15 384
11 6 8 15 384
6 11 15 8 384
11 6 15 8 384
4 13 2 21 0
13 4 2 21 0
4 13 21 2 0
13 4 21 2 0
2 15 8 15 25
15 2 8 15 25
2 15 15 8 25
15 2 15 8 25
5 12 4 19 15
12 5 4 19 15
5 12 19 4 15
12 5 19 4 15
0 17 6 17 0
17 0 6 17 0
0 17 17 6 0
17 0 17 6 0
1 16 3 20 0
16 1 3 20 0
1 16 20 3 0
16 1 20 3 0
8 9 7 16 364
9 8 7 16 364
8 9 16 7 364
9 8 16 7 364
5 12 8 15 257
12 5 8 15 257
5 12 15 8 257
12 5 15 8 257
6 11 1 22 0
11 6 1 22 0
6 11 22 1 0
11 6 22 1 0
4 13 3 20 1
13 4 3 20 1
4 13 20 3 1
13 4 20 3 1
8 9 2 21 0
9 8 2 21 0
8 9 21 2 0
9 8 21 2 0
5 12 9 14 351
12 5 9 14 351
5 12 14 9 351
12 5 14 9 351
8 9 4 19 37
9 8 4 19 37
8 9 19 4 37
9 8 19 4 37
7 10 0 23 0
10 7 0 23 0
7 10 23 0 0
10 7 23 0 0
0 17 8 15 0
17 0 8 15 0
0 17 15 8 0
17 0 15 8 0
4 13 4 19 8
13 4 4 19 8
4 13 19 4 8
13 4 19 4 8
8 9 10 13 934
9 8 10 13 934
8 9 13 10 934
9 8 13 10 934
1 16 10 13 8
16 1 10 13 8
1 16 13 10 8
16 1 13 10 8
3 14 9 14 93
14 3 9 14 93
3 14 14 9 93
14 3 14 9 93
6 11 7 16 246
11 6 7 16 246
6 11 16 7 246
11 6 16 7 246
2 15 4 19 1
15 2 4 19 1
2 15 19 4 1
15 2 19 4 1
3 14 10 13 116
14 3 10 13 116
3 14 13 10 116
14 3 13 10 116
5 12 6 17 90
12 5 6 17 90
5 12 17 6 90
12 5 17 6 90
7 10 7 16 318
10 7 7 16 318
7 10 16 7 318
10 7 16 7 318
4 13 6 17 50
13 4 6 17 50
4 13 17 6 50
13 4 17 6 50
1 16 11 12 9
16 1 11 12 9
1 16 12 11 9
16 1 12 11 9
