5 20 25 39 0
20 5 25 39 0
5 20 39 25 0
20 5 39 25 0
5 20 26 38 0
20 5 26 38 0
5 20 38 26 0
20 5 38 26 0
5 20 27 37 0
20 5 27 37 0
5 20 37 27 0
20 5 37 27 0
5 20 28 36 0
20 5 28 36 0
5 20 36 28 0
20 5 36 28 0
5 20 29 35 0
20 5 29 35 0
5 20 35 29 0
20 5 35 29 0
5 20 30 34 0
20 5 30 34 0
5 20 34 30 0
20 5 34 30 0
5 20 31 33 0
20 5 31 33 0
5 20 33 31 0
20 5 33 31 0
5 20 32 32 0
20 5 32 32 0
6 19 25 39 0
19 6 25 39 0
6 19 39 25 0
19 6 39 25 0
6 19 26 38 0
19 6 26 38 0
6 19 38 26 0
19 6 38 26 0
6 19 27 37 0
19 6 27 37 0
6 19 37 27 0
19 6 37 27 0
6 19 28 36 0
19 6 28 36 0
6 19 36 28 0
19 6 36 28 0
6 19 29 35 0
19 6 29 35 0
6 19 35 29 0
19 6 35 29 0
6 19 30 34 0
19 6 30 34 0
6 19 34 30 0
19 6 34 30 0
6 19 31 33 0
19 6 31 33 0
6 19 33 31 0
19 6 33 31 0
6 19 32 32 0
19 6 32 32 0
7 18 25 39 0
18 7 25 39 0
7 18 39 25 0
18 7 39 25 0
7 18 26 38 0
18 7 26 38 0
7 18 38 26 0
18 7 38 26 0
7 18 27 37 0
18 7 27 37 0
7 18 37 27 0
18 7 37 27 0
7 18 28 36 0
18 7 28 36 0
7 18 36 28 0
18 7 36 28 0
7 18 29 35 0
18 7 29 35 0
7 18 35 29 0
18 7 35 29 0
7 18 30 34 0
18 7 30 34 0
7 18 34 30 0
18 7 34 30 0
7 18 31 33 0
18 7 31 33 0
7 18 33 31 0
18 7 33 31 0
7 18 32 32 0
18 7 32 32 0
8 17 25 39 0
17 8 25 39 0
8 17 39 25 0
17 8 39 25 0
8 17 26 38 0
17 8 26 38 0
8 17 38 26 0
17 8 38 26 0
8 17 27 37 0
17 8 27 37 0
8 17 37 27 0
17 8 37 27 0
8 17 28 36 0
17 8 28 36 0
8 17 36 28 0
17 8 36 28 0
8 17 29 35 0
17 8 29 35 0
8 17 35 29 0
17 8 35 29 0
8 17 30 34 1
17 8 30 34 1
8 17 34 30 1
17 8 34 30 1
8 17 31 33 1
17 8 31 33 1
8 17 33 31 1
17 8 33 31 1
8 17 32 32 1
17 8 32 32 1
6 19 21 43 0
19 6 21 43 0
6 19 43 21 0
19 6 43 21 0
6 19 22 42 0
19 6 22 42 0
6 19 42 22 0
19 6 42 22 0
6 19 23 41 0
19 6 23 41 0
6 19 41 23 0
19 6 41 23 0
6 19 24 40 0
19 6 24 40 0
6 19 40 24 0
19 6 40 24 0
7 18 21 43 0
18 7 21 43 0
7 18 43 21 0
18 7 43 21 0
7 18 22 42 0
18 7 22 42 0
7 18 42 22 0
18 7 42 22 0
7 18 23 41 0
18 7 23 41 0
7 18 41 23 0
18 7 41 23 0
7 18 24 40 0
18 7 24 40 0
7 18 40 24 0
18 7 40 24 0
8 17 21 43 0
17 8 21 43 0
8 17 43 21 0
17 8 43 21 0
8 17 22 42 0
17 8 22 42 0
8 17 42 22 0
17 8 42 22 0
8 17 23 41 0
17 8 23 41 0
8 17 41 23 0
17 8 41 23 0
8 17 24 40 0
17 8 24 40 0
8 17 40 24 0
17 8 40 24 0
9 16 21 43 0
16 9 21 43 0
9 16 43 21 0
16 9 43 21 0
9 16 22 42 0
16 9 22 42 0
9 16 42 22 0
16 9 42 22 0
9 16 23 41 0
16 9 23 41 0
9 16 41 23 0
16 9 41 23 0
9 16 24 40 0
16 9 24 40 0
9 16 40 24 0
16 9 40 24 0
9 16 25 39 0
16 9 25 39 0
9 16 39 25 0
16 9 39 25 0
9 16 26 38 1
16 9 26 38 1
9 16 38 26 1
16 9 38 26 1
9 16 27 37 3
16 9 27 37 3
9 16 37 27 3
16 9 37 27 3
9 16 28 36 6
16 9 28 36 6
9 16 36 28 6
16 9 36 28 6
9 16 29 35 10
16 9 29 35 10
9 16 35 29 10
16 9 35 29 10
9 16 30 34 15
16 9 30 34 15
9 16 34 30 15
16 9 34 30 15
9 16 31 33 18
16 9 31 33 18
9 16 33 31 18
16 9 33 31 18
9 16 32 32 19
16 9 32 32 19
7 18 19 45 0
18 7 19 45 0
7 18 45 19 0
18 7 45 19 0
7 18 20 44 0
18 7 20 44 0
7 18 44 20 0
18 7 44 20 0
8 17 19 45 0
17 8 19 45 0
8 17 45 19 0
17 8 45 19 0
8 17 20 44 0
17 8 20 44 0
8 17 44 20 0
17 8 44 20 0
9 16 19 45 0
16 9 19 45 0
9 16 45 19 0
16 9 45 19 0
9 16 20 44 0
16 9 20 44 0
9 16 44 20 0
16 9 44 20 0
10 15 19 45 0
15 10 19 45 0
10 15 45 19 0
15 10 45 19 0
10 15 20 44 0
15 10 20 44 0
10 15 44 20 0
15 10 44 20 0
10 15 21 43 0
15 10 21 43 0
10 15 43 21 0
15 10 43 21 0
10 15 22 42 0
15 10 22 42 0
10 15 42 22 0
15 10 42 22 0
10 15 23 41 0
15 10 23 41 0
10 15 41 23 0
15 10 41 23 0
10 15 24 40 1
15 10 24 40 1
10 15 40 24 1
15 10 40 24 1
10 15 25 39 3
15 10 25 39 3
10 15 39 25 3
15 10 39 25 3
10 15 26 38 9
15 10 26 38 9
10 15 38 26 9
15 10 38 26 9
10 15 27 37 19
15 10 27 37 19
10 15 37 27 19
15 10 37 27 19
10 15 28 36 34
15 10 28 36 34
10 15 36 28 34
15 10 36 28 34
10 15 29 35 51
15 10 29 35 51
10 15 35 29 51
15 10 35 29 51
10 15 30 34 69
15 10 30 34 69
10 15 34 30 69
15 10 34 30 69
10 15 31 33 81
15 10 31 33 81
10 15 33 31 81
15 10 33 31 81
10 15 32 32 86
15 10 32 32 86
11 14 19 45 0
14 11 19 45 0
11 14 45 19 0
14 11 45 19 0
11 14 20 44 0
14 11 20 44 0
11 14 44 20 0
14 11 44 20 0
11 14 21 43 0
14 11 21 43 0
11 14 43 21 0
14 11 43 21 0
11 14 22 42 0
14 11 22 42 0
11 14 42 22 0
14 11 42 22 0
11 14 23 41 0
14 11 23 41 0
11 14 41 23 0
14 11 41 23 0
11 14 24 40 3
14 11 24 40 3
11 14 40 24 3
14 11 40 24 3
11 14 25 39 10
14 11 25 39 10
11 14 39 25 10
14 11 39 25 10
11 14 26 38 25
14 11 26 38 25
11 14 38 26 25
14 11 38 26 25
11 14 27 37 50
14 11 27 37 50
11 14 37 27 50
14 11 37 27 50
11 14 28 36 85
14 11 28 36 85
11 14 36 28 85
14 11 36 28 85
11 14 29 35 124
14 11 29 35 124
11 14 35 29 124
14 11 35 29 124
11 14 30 34 163
14 11 30 34 163
11 14 34 30 163
14 11 34 30 163
11 14 31 33 190
14 11 31 33 190
11 14 33 31 190
14 11 33 31 190
11 14 32 32 200
14 11 32 32 200
12 13 21 43 0
13 12 21 43 0
12 13 43 21 0
13 12 43 21 0
12 13 22 42 0
13 12 22 42 0
12 13 42 22 0
13 12 42 22 0
12 13 23 41 1
13 12 23 41 1
12 13 41 23 1
13 12 41 23 1
12 13 24 40 6
13 12 24 40 6
12 13 40 24 6
13 12 40 24 6
12 13 25 39 18
13 12 25 39 18
12 13 39 25 18
13 12 39 25 18
12 13 26 38 42
13 12 26 38 42
12 13 38 26 42
13 12 38 26 42
12 13 27 37 80
13 12 27 37 80
12 13 37 27 80
13 12 37 27 80
12 13 28 36 132
13 12 28 36 132
12 13 36 28 132
13 12 36 28 132
12 13 29 35 190
13 12 29 35 190
12 13 35 29 190
13 12 35 29 190
12 13 30 34 246
13 12 30 34 246
12 13 34 30 246
13 12 34 30 246
12 13 31 33 285
13 12 31 33 285
12 13 33 31 285
13 12 33 31 285
12 13 32 32 300
13 12 32 32 300
8 17 17 47 0
17 8 17 47 0
8 17 47 17 0
17 8 47 17 0
8 17 18 46 0
17 8 18 46 0
8 17 46 18 0
17 8 46 18 0
9 16 17 47 0
16 9 17 47 0
9 16 47 17 0
16 9 47 17 0
9 16 18 46 0
16 9 18 46 0
9 16 46 18 0
16 9 46 18 0
10 15 17 47 0
15 10 17 47 0
10 15 47 17 0
15 10 47 17 0
10 15 18 46 0
15 10 18 46 0
10 15 46 18 0
15 10 46 18 0
11 14 17 47 0
14 11 17 47 0
11 14 47 17 0
14 11 47 17 0
11 14 18 46 0
14 11 18 46 0
11 14 46 18 0
14 11 46 18 0
9 16 16 48 0
16 9 16 48 0
9 16 48 16 0
16 9 48 16 0
10 15 16 48 0
15 10 16 48 0
10 15 48 16 0
15 10 48 16 0
11 14 16 48 0
14 11 16 48 0
11 14 48 16 0
14 11 48 16 0
12 13 16 48 0
13 12 16 48 0
12 13 48 16 0
13 12 48 16 0
12 13 17 47 0
13 12 17 47 0
12 13 47 17 0
13 12 47 17 0
12 13 18 46 0
13 12 18 46 0
12 13 46 18 0
13 12 46 18 0
12 13 19 45 0
13 12 19 45 0
12 13 45 19 0
13 12 45 19 0
12 13 20 44 0
13 12 20 44 0
12 13 44 20 0
13 12 44 20 0
10 15 15 49 0
15 10 15 49 0
10 15 49 15 0
15 10 49 15 0
11 14 15 49 0
14 11 15 49 0
11 14 49 15 0
14 11 49 15 0
12 13 15 49 0
13 12 15 49 0
12 13 49 15 0
13 12 49 15 0
