14 21 36 53 0
21 14 36 53 0
14 21 53 36 0
21 14 53 36 0
14 21 37 52 0
21 14 37 52 0
14 21 52 37 0
21 14 52 37 0
14 21 38 51 0
21 14 38 51 0
14 21 51 38 0
21 14 51 38 0
14 21 39 50 0
21 14 39 50 0
14 21 50 39 0
21 14 50 39 0
14 21 40 49 0
21 14 40 49 0
14 21 49 40 0
21 14 49 40 0
14 21 41 48 0
21 14 41 48 0
14 21 48 41 0
21 14 48 41 0
14 21 42 47 0
21 14 42 47 0
14 21 47 42 0
21 14 47 42 0
14 21 43 46 0
21 14 43 46 0
14 21 46 43 0
21 14 46 43 0
14 21 44 45 0
21 14 44 45 0
14 21 45 44 0
21 14 45 44 0
15 20 36 53 0
20 15 36 53 0
15 20 53 36 0
20 15 53 36 0
15 20 37 52 0
20 15 37 52 0
15 20 52 37 0
20 15 52 37 0
15 20 38 51 0
20 15 38 51 0
15 20 51 38 0
20 15 51 38 0
15 20 39 50 0
20 15 39 50 0
15 20 50 39 0
20 15 50 39 0
15 20 40 49 0
20 15 40 49 0
15 20 49 40 0
20 15 49 40 0
15 20 41 48 0
20 15 41 48 0
15 20 48 41 0
20 15 48 41 0
15 20 42 47 0
20 15 42 47 0
15 20 47 42 0
20 15 47 42 0
15 20 43 46 0
20 15 43 46 0
15 20 46 43 0
20 15 46 43 0
15 20 44 45 0
20 15 44 45 0
15 20 45 44 0
20 15 45 44 0
16 19 36 53 0
19 16 36 53 0
16 19 53 36 0
19 16 53 36 0
16 19 37 52 0
19 16 37 52 0
16 19 52 37 0
19 16 52 37 0
16 19 38 51 0
19 16 38 51 0
16 19 51 38 0
19 16 51 38 0
16 19 39 50 0
19 16 39 50 0
16 19 50 39 0
19 16 50 39 0
16 19 40 49 0
19 16 40 49 0
16 19 49 40 0
19 16 49 40 0
16 19 41 48 0
19 16 41 48 0
16 19 48 41 0
19 16 48 41 0
16 19 42 47 0
19 16 42 47 0
16 19 47 42 0
19 16 47 42 0
16 19 43 46 0
19 16 43 46 0
16 19 46 43 0
19 16 46 43 0
16 19 44 45 0
19 16 44 45 0
16 19 45 44 0
19 16 45 44 0
17 18 36 53 0
18 17 36 53 0
17 18 53 36 0
18 17 53 36 0
17 18 37 52 0
18 17 37 52 0
17 18 52 37 0
18 17 52 37 0
17 18 38 51 0
18 17 38 51 0
17 18 51 38 0
18 17 51 38 0
17 18 39 50 0
18 17 39 50 0
17 18 50 39 0
18 17 50 39 0
17 18 40 49 0
18 17 40 49 0
17 18 49 40 0
18 17 49 40 0
17 18 41 48 0
18 17 41 48 0
17 18 48 41 0
18 17 48 41 0
17 18 42 47 0
18 17 42 47 0
17 18 47 42 0
18 17 47 42 0
17 18 43 46 0
18 17 43 46 0
17 18 46 43 0
18 17 46 43 0
17 18 44 45 0
18 17 44 45 0
17 18 45 44 0
18 17 45 44 0
15 20 35 54 0
20 15 35 54 0
15 20 54 35 0
20 15 54 35 0
16 19 35 54 0
19 16 35 54 0
16 19 54 35 0
19 16 54 35 0
17 18 35 54 0
18 17 35 54 0
17 18 54 35 0
18 17 54 35 0
