1 14 15 24 0
14 1 15 24 0
1 14 24 15 0
14 1 24 15 0
1 14 16 23 0
14 1 16 23 0
1 14 23 16 0
14 1 23 16 0
1 14 17 22 0
14 1 17 22 0
1 14 22 17 0
14 1 22 17 0
1 14 18 21 0
14 1 18 21 0
1 14 21 18 0
14 1 21 18 0
1 14 19 20 0
14 1 19 20 0
1 14 20 19 0
14 1 20 19 0
2 13 15 24 0
13 2 15 24 0
2 13 24 15 0
13 2 24 15 0
2 13 16 23 0
13 2 16 23 0
2 13 23 16 0
13 2 23 16 0
2 13 17 22 0
13 2 17 22 0
2 13 22 17 0
13 2 22 17 0
2 13 18 21 0
13 2 18 21 0
2 13 21 18 0
13 2 21 18 0
2 13 19 20 0
13 2 19 20 0
2 13 20 19 0
13 2 20 19 0
3 12 15 24 4
12 3 15 24 4
3 12 24 15 4
12 3 24 15 4
3 12 16 23 6
12 3 16 23 6
3 12 23 16 6
12 3 23 16 6
3 12 17 22 8
12 3 17 22 8
3 12 22 17 8
12 3 22 17 8
3 12 18 21 9
12 3 18 21 9
3 12 21 18 9
12 3 21 18 9
3 12 19 20 10
12 3 19 20 10
3 12 20 19 10
12 3 20 19 10
2 13 11 28 0
13 2 11 28 0
2 13 28 11 0
13 2 28 11 0
2 13 12 27 0
13 2 12 27 0
2 13 27 12 0
13 2 27 12 0
2 13 13 26 0
13 2 13 26 0
2 13 26 13 0
13 2 26 13 0
2 13 14 25 0
13 2 14 25 0
2 13 25 14 0
13 2 25 14 0
3 12 11 28 0
12 3 11 28 0
3 12 28 11 0
12 3 28 11 0
3 12 12 27 0
12 3 12 27 0
3 12 27 12 0
12 3 27 12 0
3 12 13 26 1
12 3 13 26 1
3 12 26 13 1
12 3 26 13 1
3 12 14 25 2
12 3 14 25 2
3 12 25 14 2
12 3 25 14 2
3 12 10 29 0
12 3 10 29 0
3 12 29 10 0
12 3 29 10 0
4 11 10 29 0
11 4 10 29 0
4 11 29 10 0
11 4 29 10 0
4 11 11 28 0
11 4 11 28 0
4 11 28 11 0
11 4 28 11 0
4 11 12 27 1
11 4 12 27 1
4 11 27 12 1
11 4 27 12 1
4 11 13 26 4
11 4 13 26 4
4 11 26 13 4
11 4 26 13 4
4 11 14 25 9
11 4 14 25 9
4 11 25 14 9
11 4 25 14 9
4 11 15 24 17
11 4 15 24 17
4 11 24 15 17
11 4 24 15 17
4 11 16 23 27
11 4 16 23 27
4 11 23 16 27
11 4 23 16 27
4 11 17 22 36
11 4 17 22 36
4 11 22 17 36
11 4 22 17 36
4 11 18 21 43
11 4 18 21 43
4 11 21 18 43
11 4 21 18 43
4 11 19 20 47
11 4 19 20 47
4 11 20 19 47
11 4 20 19 47
5 10 11 28 3
10 5 11 28 3
5 10 28 11 3
10 5 28 11 3
5 10 12 27 8
10 5 12 27 8
5 10 27 12 8
10 5 27 12 8
5 10 13 26 18
10 5 13 26 18
5 10 26 13 18
10 5 26 13 18
5 10 14 25 34
10 5 14 25 34
5 10 25 14 34
10 5 25 14 34
5 10 15 24 57
10 5 15 24 57
5 10 24 15 57
10 5 24 15 57
5 10 16 23 84
10 5 16 23 84
5 10 23 16 84
10 5 23 16 84
5 10 17 22 111
10 5 17 22 111
5 10 22 17 111
10 5 22 17 111
5 10 18 21 132
10 5 18 21 132
5 10 21 18 132
10 5 21 18 132
5 10 19 20 144
10 5 19 20 144
5 10 20 19 144
10 5 20 19 144
3 12 9 30 0
12 3 9 30 0
3 12 30 9 0
12 3 30 9 0
4 11 9 30 0
11 4 9 30 0
4 11 30 9 0
11 4 30 9 0
4 11 7 32 0
11 4 7 32 0
4 11 32 7 0
11 4 32 7 0
4 11 8 31 0
11 4 8 31 0
4 11 31 8 0
11 4 31 8 0
5 10 7 32 0
10 5 7 32 0
5 10 32 7 0
10 5 32 7 0
5 10 8 31 0
10 5 8 31 0
5 10 31 8 0
10 5 31 8 0
5 10 9 30 0
10 5 9 30 0
5 10 30 9 0
10 5 30 9 0
5 10 10 29 1
10 5 10 29 1
5 10 29 10 1
10 5 29 10 1
6 9 7 32 0
9 6 7 32 0
6 9 32 7 0
9 6 32 7 0
6 9 8 31 0
9 6 8 31 0
6 9 31 8 0
9 6 31 8 0
6 9 9 30 0
9 6 9 30 0
6 9 30 9 0
9 6 30 9 0
6 9 10 29 2
9 6 10 29 2
6 9 29 10 2
9 6 29 10 2
6 9 11 28 7
9 6 11 28 7
6 9 28 11 7
9 6 28 11 7
6 9 12 27 18
9 6 12 27 18
6 9 27 12 18
9 6 27 12 18
6 9 13 26 39
9 6 13 26 39
6 9 26 13 39
9 6 26 13 39
6 9 14 25 71
9 6 14 25 71
6 9 25 14 71
9 6 25 14 71
6 9 15 24 114
9 6 15 24 114
6 9 24 15 114
9 6 24 15 114
6 9 16 23 165
9 6 16 23 165
6 9 23 16 165
9 6 23 16 165
6 9 17 22 215
9 6 17 22 215
6 9 22 17 215
9 6 22 17 215
6 9 18 21 255
9 6 18 21 255
6 9 21 18 255
9 6 21 18 255
6 9 19 20 278
9 6 19 20 278
6 9 20 19 278
9 6 20 19 278
7 8 9 30 1
8 7 9 30 1
7 8 30 9 1
8 7 30 9 1
7 8 10 29 4
8 7 10 29 4
7 8 29 10 4
8 7 29 10 4
7 8 11 28 12
8 7 11 28 12
7 8 28 11 12
8 7 28 11 12
7 8 12 27 29
8 7 12 27 29
7 8 27 12 29
8 7 27 12 29
7 8 13 26 59
8 7 13 26 59
7 8 26 13 59
8 7 26 13 59
7 8 14 25 104
8 7 14 25 104
7 8 25 14 104
8 7 25 14 104
7 8 15 24 164
8 7 15 24 164
7 8 24 15 164
8 7 24 15 164
7 8 16 23 233
8 7 16 23 233
7 8 23 16 233
8 7 23 16 233
7 8 17 22 301
8 7 17 22 301
7 8 22 17 301
8 7 22 17 301
7 8 18 21 356
8 7 18 21 356
7 8 21 18 356
8 7 21 18 356
7 8 19 20 387
8 7 19 20 387
7 8 20 19 387
8 7 20 19 387
5 10 6 33 0
10 5 6 33 0
5 10 33 6 0
10 5 33 6 0
6 9 6 33 0
9 6 6 33 0
6 9 33 6 0
9 6 33 6 0
6 9 5 34 0
9 6 5 34 0
6 9 34 5 0
9 6 34 5 0
7 8 5 34 0
8 7 5 34 0
7 8 34 5 0
8 7 34 5 0
7 8 6 33 0
8 7 6 33 0
7 8 33 6 0
8 7 33 6 0
7 8 7 32 0
8 7 7 32 0
7 8 32 7 0
8 7 32 7 0
7 8 8 31 0
8 7 8 31 0
7 8 31 8 0
8 7 31 8 0
