4 17 21 33 0
17 4 21 33 0
4 17 33 21 0
17 4 33 21 0
4 17 22 32 0
17 4 22 32 0
4 17 32 22 0
17 4 32 22 0
4 17 23 31 0
17 4 23 31 0
4 17 31 23 0
17 4 31 23 0
4 17 24 30 0
17 4 24 30 0
4 17 30 24 0
17 4 30 24 0
4 17 25 29 0
17 4 25 29 0
4 17 29 25 0
17 4 29 25 0
5 16 21 33 0
16 5 21 33 0
5 16 33 21 0
16 5 33 21 0
5 16 22 32 0
16 5 22 32 0
5 16 32 22 0
16 5 32 22 0
5 16 23 31 0
16 5 23 31 0
5 16 31 23 0
16 5 31 23 0
5 16 24 30 0
16 5 24 30 0
5 16 30 24 0
16 5 30 24 0
5 16 25 29 0
16 5 25 29 0
5 16 29 25 0
16 5 29 25 0
4 17 26 28 0
17 4 26 28 0
4 17 28 26 0
17 4 28 26 0
5 16 26 28 0
16 5 26 28 0
5 16 28 26 0
16 5 28 26 0
4 17 27 27 0
17 4 27 27 0
5 16 27 27 0
16 5 27 27 0
5 16 18 36 0
16 5 18 36 0
5 16 36 18 0
16 5 36 18 0
5 16 19 35 0
16 5 19 35 0
5 16 35 19 0
16 5 35 19 0
5 16 20 34 0
16 5 20 34 0
5 16 34 20 0
16 5 34 20 0
6 15 18 36 0
15 6 18 36 0
6 15 36 18 0
15 6 36 18 0
6 15 19 35 0
15 6 19 35 0
6 15 35 19 0
15 6 35 19 0
6 15 20 34 0
15 6 20 34 0
6 15 34 20 0
15 6 34 20 0
6 15 21 33 0
15 6 21 33 0
6 15 33 21 0
15 6 33 21 0
6 15 22 32 0
15 6 22 32 0
6 15 32 22 0
15 6 32 22 0
6 15 23 31 0
15 6 23 31 0
6 15 31 23 0
15 6 31 23 0
6 15 24 30 0
15 6 24 30 0
6 15 30 24 0
15 6 30 24 0
6 15 25 29 0
15 6 25 29 0
6 15 29 25 0
15 6 29 25 0
6 15 26 28 0
15 6 26 28 0
6 15 28 26 0
15 6 28 26 0
6 15 27 27 0
15 6 27 27 0
6 15 17 37 0
15 6 17 37 0
6 15 37 17 0
15 6 37 17 0
7 14 17 37 0
14 7 17 37 0
7 14 37 17 0
14 7 37 17 0
7 14 18 36 0
14 7 18 36 0
7 14 36 18 0
14 7 36 18 0
7 14 19 35 0
14 7 19 35 0
7 14 35 19 0
14 7 35 19 0
7 14 20 34 0
14 7 20 34 0
7 14 34 20 0
14 7 34 20 0
7 14 21 33 0
14 7 21 33 0
7 14 33 21 0
14 7 33 21 0
7 14 22 32 0
14 7 22 32 0
7 14 32 22 0
14 7 32 22 0
7 14 23 31 0
14 7 23 31 0
7 14 31 23 0
14 7 31 23 0
7 14 24 30 0
14 7 24 30 0
7 14 30 24 0
14 7 30 24 0
7 14 25 29 0
14 7 25 29 0
7 14 29 25 0
14 7 29 25 0
7 14 26 28 0
14 7 26 28 0
7 14 28 26 0
14 7 28 26 0
7 14 27 27 0
14 7 27 27 0
8 13 18 36 0
13 8 18 36 0
8 13 36 18 0
13 8 36 18 0
8 13 19 35 0
13 8 19 35 0
8 13 35 19 0
13 8 35 19 0
8 13 20 34 0
13 8 20 34 0
8 13 34 20 0
13 8 34 20 0
8 13 21 33 0
13 8 21 33 0
8 13 33 21 0
13 8 33 21 0
8 13 22 32 0
13 8 22 32 0
8 13 32 22 0
13 8 32 22 0
8 13 23 31 0
13 8 23 31 0
8 13 31 23 0
13 8 31 23 0
8 13 24 30 0
13 8 24 30 0
8 13 30 24 0
13 8 30 24 0
8 13 25 29 0
13 8 25 29 0
8 13 29 25 0
13 8 29 25 0
8 13 26 28 0
13 8 26 28 0
8 13 28 26 0
13 8 28 26 0
8 13 27 27 0
13 8 27 27 0
9 12 21 33 0
12 9 21 33 0
9 12 33 21 0
12 9 33 21 0
9 12 22 32 0
12 9 22 32 0
9 12 32 22 0
12 9 32 22 0
9 12 23 31 0
12 9 23 31 0
9 12 31 23 0
12 9 31 23 0
9 12 24 30 0
12 9 24 30 0
9 12 30 24 0
12 9 30 24 0
9 12 25 29 0
12 9 25 29 0
9 12 29 25 0
12 9 29 25 0
9 12 26 28 0
12 9 26 28 0
9 12 28 26 0
12 9 28 26 0
9 12 27 27 0
12 9 27 27 0
6 15 16 38 0
15 6 16 38 0
6 15 38 16 0
15 6 38 16 0
7 14 16 38 0
14 7 16 38 0
7 14 38 16 0
14 7 38 16 0
7 14 14 40 0
14 7 14 40 0
7 14 40 14 0
14 7 40 14 0
7 14 15 39 0
14 7 15 39 0
7 14 39 15 0
14 7 39 15 0
8 13 14 40 0
13 8 14 40 0
8 13 40 14 0
13 8 40 14 0
8 13 15 39 0
13 8 15 39 0
8 13 39 15 0
13 8 39 15 0
8 13 16 38 0
13 8 16 38 0
8 13 38 16 0
13 8 38 16 0
8 13 17 37 0
13 8 17 37 0
8 13 37 17 0
13 8 37 17 0
9 12 14 40 0
12 9 14 40 0
9 12 40 14 0
12 9 40 14 0
9 12 15 39 0
12 9 15 39 0
9 12 39 15 0
12 9 39 15 0
9 12 16 38 0
12 9 16 38 0
9 12 38 16 0
12 9 38 16 0
9 12 17 37 0
12 9 17 37 0
9 12 37 17 0
12 9 37 17 0
9 12 18 36 0
12 9 18 36 0
9 12 36 18 0
12 9 36 18 0
9 12 19 35 0
12 9 19 35 0
9 12 35 19 0
12 9 35 19 0
9 12 20 34 0
12 9 20 34 0
9 12 34 20 0
12 9 34 20 0
10 11 16 38 0
11 10 16 38 0
10 11 38 16 0
11 10 38 16 0
10 11 17 37 0
11 10 17 37 0
10 11 37 17 0
11 10 37 17 0
10 11 18 36 0
11 10 18 36 0
10 11 36 18 0
11 10 36 18 0
10 11 19 35 0
11 10 19 35 0
10 11 35 19 0
11 10 35 19 0
10 11 20 34 0
11 10 20 34 0
10 11 34 20 0
11 10 34 20 0
10 11 21 33 0
11 10 21 33 0
10 11 33 21 0
11 10 33 21 0
10 11 22 32 0
11 10 22 32 0
10 11 32 22 0
11 10 32 22 0
10 11 23 31 0
11 10 23 31 0
10 11 31 23 0
11 10 31 23 0
10 11 24 30 0
11 10 24 30 0
10 11 30 24 0
11 10 30 24 0
10 11 25 29 0
11 10 25 29 0
10 11 29 25 0
11 10 29 25 0
10 11 26 28 0
11 10 26 28 0
10 11 28 26 0
11 10 28 26 0
10 11 27 27 0
11 10 27 27 0
8 13 13 41 0
13 8 13 41 0
8 13 41 13 0
13 8 41 13 0
9 12 13 41 0
12 9 13 41 0
9 12 41 13 0
12 9 41 13 0
9 12 12 42 0
12 9 12 42 0
9 12 42 12 0
12 9 42 12 0
10 11 12 42 0
11 10 12 42 0
10 11 42 12 0
11 10 42 12 0
10 11 13 41 0
11 10 13 41 0
10 11 41 13 0
11 10 41 13 0
10 11 14 40 0
11 10 14 40 0
10 11 40 14 0
11 10 40 14 0
10 11 15 39 0
11 10 15 39 0
10 11 39 15 0
11 10 39 15 0
