4 19 21 38 0
19 4 21 38 0
4 19 38 21 0
19 4 38 21 0
4 19 22 37 0
19 4 22 37 0
4 19 37 22 0
19 4 37 22 0
4 19 23 36 0
19 4 23 36 0
4 19 36 23 0
19 4 36 23 0
4 19 24 35 0
19 4 24 35 0
4 19 35 24 0
19 4 35 24 0
4 19 25 34 0
19 4 25 34 0
4 19 34 25 0
19 4 34 25 0
4 19 26 33 0
19 4 26 33 0
4 19 33 26 0
19 4 33 26 0
4 19 27 32 0
19 4 27 32 0
4 19 32 27 0
19 4 32 27 0
4 19 28 31 0
19 4 28 31 0
4 19 31 28 0
19 4 31 28 0
4 19 29 30 0
19 4 29 30 0
4 19 30 29 0
19 4 30 29 0
5 18 21 38 0
18 5 21 38 0
5 18 38 21 0
18 5 38 21 0
5 18 22 37 0
18 5 22 37 0
5 18 37 22 0
18 5 37 22 0
5 18 23 36 0
18 5 23 36 0
5 18 36 23 0
18 5 36 23 0
5 18 24 35 0
18 5 24 35 0
5 18 35 24 0
18 5 35 24 0
5 18 25 34 0
18 5 25 34 0
5 18 34 25 0
18 5 34 25 0
5 18 26 33 0
18 5 26 33 0
5 18 33 26 0
18 5 33 26 0
5 18 27 32 0
18 5 27 32 0
5 18 32 27 0
18 5 32 27 0
5 18 28 31 0
18 5 28 31 0
5 18 31 28 0
18 5 31 28 0
5 18 29 30 0
18 5 29 30 0
5 18 30 29 0
18 5 30 29 0
6 17 21 38 0
17 6 21 38 0
6 17 38 21 0
17 6 38 21 0
6 17 22 37 0
17 6 22 37 0
6 17 37 22 0
17 6 37 22 0
6 17 23 36 0
17 6 23 36 0
6 17 36 23 0
17 6 36 23 0
6 17 24 35 0
17 6 24 35 0
6 17 35 24 0
17 6 35 24 0
6 17 25 34 0
17 6 25 34 0
6 17 34 25 0
17 6 34 25 0
6 17 26 33 0
17 6 26 33 0
6 17 33 26 0
17 6 33 26 0
6 17 27 32 0
17 6 27 32 0
6 17 32 27 0
17 6 32 27 0
6 17 28 31 0
17 6 28 31 0
6 17 31 28 0
17 6 31 28 0
6 17 29 30 0
17 6 29 30 0
6 17 30 29 0
17 6 30 29 0
7 16 21 38 0
16 7 21 38 0
7 16 38 21 0
16 7 38 21 0
7 16 22 37 0
16 7 22 37 0
7 16 37 22 0
16 7 37 22 0
7 16 23 36 0
16 7 23 36 0
7 16 36 23 0
16 7 36 23 0
7 16 24 35 0
16 7 24 35 0
7 16 35 24 0
16 7 35 24 0
7 16 25 34 1
16 7 25 34 1
7 16 34 25 1
16 7 34 25 1
7 16 26 33 2
16 7 26 33 2
7 16 33 26 2
16 7 33 26 2
7 16 27 32 3
16 7 27 32 3
7 16 32 27 3
16 7 32 27 3
7 16 28 31 4
16 7 28 31 4
7 16 31 28 4
16 7 31 28 4
7 16 29 30 5
16 7 29 30 5
7 16 30 29 5
16 7 30 29 5
5 18 18 41 0
18 5 18 41 0
5 18 41 18 0
18 5 41 18 0
5 18 19 40 0
18 5 19 40 0
5 18 40 19 0
18 5 40 19 0
5 18 20 39 0
18 5 20 39 0
5 18 39 20 0
18 5 39 20 0
6 17 18 41 0
17 6 18 41 0
6 17 41 18 0
17 6 41 18 0
6 17 19 40 0
17 6 19 40 0
6 17 40 19 0
17 6 40 19 0
6 17 20 39 0
17 6 20 39 0
6 17 39 20 0
17 6 39 20 0
7 16 18 41 0
16 7 18 41 0
7 16 41 18 0
16 7 41 18 0
7 16 19 40 0
16 7 19 40 0
7 16 40 19 0
16 7 40 19 0
7 16 20 39 0
16 7 20 39 0
7 16 39 20 0
16 7 39 20 0
8 15 18 41 0
15 8 18 41 0
8 15 41 18 0
15 8 41 18 0
8 15 19 40 0
15 8 19 40 0
8 15 40 19 0
15 8 40 19 0
8 15 20 39 0
15 8 20 39 0
8 15 39 20 0
15 8 39 20 0
8 15 21 38 0
15 8 21 38 0
8 15 38 21 0
15 8 38 21 0
8 15 22 37 1
15 8 22 37 1
8 15 37 22 1
15 8 37 22 1
8 15 23 36 3
15 8 23 36 3
8 15 36 23 3
15 8 36 23 3
8 15 24 35 7
15 8 24 35 7
8 15 35 24 7
15 8 35 24 7
8 15 25 34 14
15 8 25 34 14
8 15 34 25 14
15 8 34 25 14
8 15 26 33 23
15 8 26 33 23
8 15 33 26 23
15 8 33 26 23
8 15 27 32 32
15 8 27 32 32
8 15 32 27 32
15 8 32 27 32
8 15 28 31 40
15 8 28 31 40
8 15 31 28 40
15 8 31 28 40
8 15 29 30 45
15 8 29 30 45
8 15 30 29 45
15 8 30 29 45
6 17 17 42 0
17 6 17 42 0
6 17 42 17 0
17 6 42 17 0
7 16 17 42 0
16 7 17 42 0
7 16 42 17 0
16 7 42 17 0
8 15 17 42 0
15 8 17 42 0
8 15 42 17 0
15 8 42 17 0
9 14 17 42 0
14 9 17 42 0
9 14 42 17 0
14 9 42 17 0
9 14 18 41 0
14 9 18 41 0
9 14 41 18 0
14 9 41 18 0
9 14 19 40 0
14 9 19 40 0
9 14 40 19 0
14 9 40 19 0
9 14 20 39 0
14 9 20 39 0
9 14 39 20 0
14 9 39 20 0
9 14 21 38 1
14 9 21 38 1
9 14 38 21 1
14 9 38 21 1
9 14 22 37 5
14 9 22 37 5
9 14 37 22 5
14 9 37 22 5
9 14 23 36 14
14 9 23 36 14
9 14 36 23 14
14 9 36 23 14
9 14 24 35 30
14 9 24 35 30
9 14 35 24 30
14 9 35 24 30
9 14 25 34 54
14 9 25 34 54
9 14 34 25 54
14 9 34 25 54
9 14 26 33 84
14 9 26 33 84
9 14 33 26 84
14 9 33 26 84
9 14 27 32 115
14 9 27 32 115
9 14 32 27 115
14 9 32 27 115
9 14 28 31 141
14 9 28 31 141
9 14 31 28 141
14 9 31 28 141
9 14 29 30 156
14 9 29 30 156
9 14 30 29 156
14 9 30 29 156
10 13 18 41 0
13 10 18 41 0
10 13 41 18 0
13 10 41 18 0
10 13 19 40 0
13 10 19 40 0
10 13 40 19 0
13 10 40 19 0
10 13 20 39 1
13 10 20 39 1
10 13 39 20 1
13 10 39 20 1
10 13 21 38 5
13 10 21 38 5
10 13 38 21 5
13 10 38 21 5
10 13 22 37 16
13 10 22 37 16
10 13 37 22 16
13 10 37 22 16
10 13 23 36 38
13 10 23 36 38
10 13 36 23 38
13 10 36 23 38
10 13 24 35 75
13 10 24 35 75
10 13 35 24 75
13 10 35 24 75
10 13 25 34 127
13 10 25 34 127
10 13 34 25 127
13 10 34 25 127
10 13 26 33 190
13 10 26 33 190
10 13 33 26 190
13 10 33 26 190
10 13 27 32 254
13 10 27 32 254
10 13 32 27 254
13 10 32 27 254
10 13 28 31 307
13 10 28 31 307
10 13 31 28 307
13 10 31 28 307
10 13 29 30 337
13 10 29 30 337
10 13 30 29 337
13 10 30 29 337
11 12 21 38 9
12 11 21 38 9
11 12 38 21 9
12 11 38 21 9
11 12 22 37 26
12 11 22 37 26
11 12 37 22 26
12 11 37 22 26
11 12 23 36 59
12 11 23 36 59
11 12 36 23 59
12 11 36 23 59
11 12 24 35 113
12 11 24 35 113
11 12 35 24 113
12 11 35 24 113
11 12 25 34 188
12 11 25 34 188
11 12 34 25 188
12 11 34 25 188
11 12 26 33 277
12 11 26 33 277
11 12 33 26 277
12 11 33 26 277
11 12 27 32 367
12 11 27 32 367
11 12 32 27 367
12 11 32 27 367
11 12 28 31 441
12 11 28 31 441
11 12 31 28 441
12 11 31 28 441
11 12 29 30 483
12 11 29 30 483
11 12 30 29 483
12 11 30 29 483
6 17 16 43 0
17 6 16 43 0
6 17 43 16 0
17 6 43 16 0
7 16 16 43 0
16 7 16 43 0
7 16 43 16 0
16 7 43 16 0
8 15 16 43 0
15 8 16 43 0
8 15 43 16 0
15 8 43 16 0
9 14 16 43 0
14 9 16 43 0
9 14 43 16 0
14 9 43 16 0
7 16 14 45 0
16 7 14 45 0
7 16 45 14 0
16 7 45 14 0
7 16 15 44 0
16 7 15 44 0
7 16 44 15 0
16 7 44 15 0
8 15 14 45 0
15 8 14 45 0
8 15 45 14 0
15 8 45 14 0
8 15 15 44 0
15 8 15 44 0
8 15 44 15 0
15 8 44 15 0
9 14 14 45 0
14 9 14 45 0
9 14 45 14 0
14 9 45 14 0
9 14 15 44 0
14 9 15 44 0
9 14 44 15 0
14 9 44 15 0
10 13 14 45 0
13 10 14 45 0
10 13 45 14 0
13 10 45 14 0
10 13 15 44 0
13 10 15 44 0
10 13 44 15 0
13 10 44 15 0
10 13 16 43 0
13 10 16 43 0
10 13 43 16 0
13 10 43 16 0
10 13 17 42 0
13 10 17 42 0
10 13 42 17 0
13 10 42 17 0
11 12 14 45 0
12 11 14 45 0
11 12 45 14 0
12 11 45 14 0
11 12 15 44 0
12 11 15 44 0
11 12 44 15 0
12 11 44 15 0
11 12 16 43 0
12 11 16 43 0
11 12 43 16 0
12 11 43 16 0
11 12 17 42 0
12 11 17 42 0
11 12 42 17 0
12 11 42 17 0
11 12 18 41 0
12 11 18 41 0
11 12 41 18 0
12 11 41 18 0
11 12 19 40 0
12 11 19 40 0
11 12 40 19 0
12 11 40 19 0
11 12 20 39 2
12 11 20 39 2
11 12 39 20 2
12 11 39 20 2
8 15 13 46 0
15 8 13 46 0
8 15 46 13 0
15 8 46 13 0
9 14 13 46 0
14 9 13 46 0
9 14 46 13 0
14 9 46 13 0
10 13 13 46 0
13 10 13 46 0
10 13 46 13 0
13 10 46 13 0
11 12 13 46 0
12 11 13 46 0
11 12 46 13 0
12 11 46 13 0
9 14 12 47 0
14 9 12 47 0
9 14 47 12 0
14 9 47 12 0
10 13 12 47 0
13 10 12 47 0
10 13 47 12 0
13 10 47 12 0
11 12 12 47 0
12 11 12 47 0
11 12 47 12 0
12 11 47 12 0
