8 21 30 44 0
21 8 30 44 0
8 21 44 30 0
21 8 44 30 0
8 21 31 43 0
21 8 31 43 0
8 21 43 31 0
21 8 43 31 0
8 21 32 42 0
21 8 32 42 0
8 21 42 32 0
21 8 42 32 0
8 21 33 41 0
21 8 33 41 0
8 21 41 33 0
21 8 41 33 0
8 21 34 40 0
21 8 34 40 0
8 21 40 34 0
21 8 40 34 0
8 21 35 39 0
21 8 35 39 0
8 21 39 35 0
21 8 39 35 0
8 21 36 38 0
21 8 36 38 0
8 21 38 36 0
21 8 38 36 0
8 21 37 37 0
21 8 37 37 0
9 20 30 44 0
20 9 30 44 0
9 20 44 30 0
20 9 44 30 0
9 20 31 43 0
20 9 31 43 0
9 20 43 31 0
20 9 43 31 0
9 20 32 42 0
20 9 32 42 0
9 20 42 32 0
20 9 42 32 0
9 20 33 41 0
20 9 33 41 0
9 20 41 33 0
20 9 41 33 0
9 20 34 40 0
20 9 34 40 0
9 20 40 34 0
20 9 40 34 0
9 20 35 39 0
20 9 35 39 0
9 20 39 35 0
20 9 39 35 0
9 20 36 38 0
20 9 36 38 0
9 20 38 36 0
20 9 38 36 0
9 20 37 37 0
20 9 37 37 0
10 19 30 44 0
19 10 30 44 0
10 19 44 30 0
19 10 44 30 0
10 19 31 43 0
19 10 31 43 0
10 19 43 31 0
19 10 43 31 0
10 19 32 42 0
19 10 32 42 0
10 19 42 32 0
19 10 42 32 0
10 19 33 41 0
19 10 33 41 0
10 19 41 33 0
19 10 41 33 0
10 19 34 40 0
19 10 34 40 0
10 19 40 34 0
19 10 40 34 0
10 19 35 39 0
19 10 35 39 0
10 19 39 35 0
19 10 39 35 0
10 19 36 38 0
19 10 36 38 0
10 19 38 36 0
19 10 38 36 0
10 19 37 37 0
19 10 37 37 0
11 18 30 44 0
18 11 30 44 0
11 18 44 30 0
18 11 44 30 0
11 18 31 43 0
18 11 31 43 0
11 18 43 31 0
18 11 43 31 0
11 18 32 42 0
18 11 32 42 0
11 18 42 32 0
18 11 42 32 0
11 18 33 41 0
18 11 33 41 0
11 18 41 33 0
18 11 41 33 0
11 18 34 40 0
18 11 34 40 0
11 18 40 34 0
18 11 40 34 0
11 18 35 39 0
18 11 35 39 0
11 18 39 35 0
18 11 39 35 0
11 18 36 38 0
18 11 36 38 0
11 18 38 36 0
18 11 38 36 0
11 18 37 37 0
18 11 37 37 0
9 20 26 48 0
20 9 26 48 0
9 20 48 26 0
20 9 48 26 0
9 20 27 47 0
20 9 27 47 0
9 20 47 27 0
20 9 47 27 0
9 20 28 46 0
20 9 28 46 0
9 20 46 28 0
20 9 46 28 0
9 20 29 45 0
20 9 29 45 0
9 20 45 29 0
20 9 45 29 0
10 19 26 48 0
19 10 26 48 0
10 19 48 26 0
19 10 48 26 0
10 19 27 47 0
19 10 27 47 0
10 19 47 27 0
19 10 47 27 0
10 19 28 46 0
19 10 28 46 0
10 19 46 28 0
19 10 46 28 0
10 19 29 45 0
19 10 29 45 0
10 19 45 29 0
19 10 45 29 0
11 18 26 48 0
18 11 26 48 0
11 18 48 26 0
18 11 48 26 0
11 18 27 47 0
18 11 27 47 0
11 18 47 27 0
18 11 47 27 0
11 18 28 46 0
18 11 28 46 0
11 18 46 28 0
18 11 46 28 0
11 18 29 45 0
18 11 29 45 0
11 18 45 29 0
18 11 45 29 0
12 17 26 48 0
17 12 26 48 0
12 17 48 26 0
17 12 48 26 0
12 17 27 47 0
17 12 27 47 0
12 17 47 27 0
17 12 47 27 0
12 17 28 46 0
17 12 28 46 0
12 17 46 28 0
17 12 46 28 0
12 17 29 45 0
17 12 29 45 0
12 17 45 29 0
17 12 45 29 0
12 17 30 44 0
17 12 30 44 0
12 17 44 30 0
17 12 44 30 0
12 17 31 43 0
17 12 31 43 0
12 17 43 31 0
17 12 43 31 0
12 17 32 42 0
17 12 32 42 0
12 17 42 32 0
17 12 42 32 0
12 17 33 41 1
17 12 33 41 1
12 17 41 33 1
17 12 41 33 1
12 17 34 40 2
17 12 34 40 2
12 17 40 34 2
17 12 40 34 2
12 17 35 39 4
17 12 35 39 4
12 17 39 35 4
17 12 39 35 4
12 17 36 38 5
17 12 36 38 5
12 17 38 36 5
17 12 38 36 5
12 17 37 37 6
17 12 37 37 6
10 19 24 50 0
19 10 24 50 0
10 19 50 24 0
19 10 50 24 0
10 19 25 49 0
19 10 25 49 0
10 19 49 25 0
19 10 49 25 0
11 18 24 50 0
18 11 24 50 0
11 18 50 24 0
18 11 50 24 0
11 18 25 49 0
18 11 25 49 0
11 18 49 25 0
18 11 49 25 0
12 17 24 50 0
17 12 24 50 0
12 17 50 24 0
17 12 50 24 0
12 17 25 49 0
17 12 25 49 0
12 17 49 25 0
17 12 49 25 0
13 16 24 50 0
16 13 24 50 0
13 16 50 24 0
16 13 50 24 0
13 16 25 49 0
16 13 25 49 0
13 16 49 25 0
16 13 49 25 0
13 16 26 48 0
16 13 26 48 0
13 16 48 26 0
16 13 48 26 0
13 16 27 47 0
16 13 27 47 0
13 16 47 27 0
16 13 47 27 0
13 16 28 46 0
16 13 28 46 0
13 16 46 28 0
16 13 46 28 0
13 16 29 45 0
16 13 29 45 0
13 16 45 29 0
16 13 45 29 0
13 16 30 44 0
16 13 30 44 0
13 16 44 30 0
16 13 44 30 0
13 16 31 43 1
16 13 31 43 1
13 16 43 31 1
16 13 43 31 1
13 16 32 42 3
16 13 32 42 3
13 16 42 32 3
16 13 42 32 3
13 16 33 41 7
16 13 33 41 7
13 16 41 33 7
16 13 41 33 7
13 16 34 40 12
16 13 34 40 12
13 16 40 34 12
16 13 40 34 12
13 16 35 39 18
16 13 35 39 18
13 16 39 35 18
16 13 39 35 18
13 16 36 38 22
16 13 36 38 22
13 16 38 36 22
16 13 38 36 22
13 16 37 37 24
16 13 37 37 24
14 15 24 50 0
15 14 24 50 0
14 15 50 24 0
15 14 50 24 0
14 15 25 49 0
15 14 25 49 0
14 15 49 25 0
15 14 49 25 0
14 15 26 48 0
15 14 26 48 0
14 15 48 26 0
15 14 48 26 0
14 15 27 47 0
15 14 27 47 0
14 15 47 27 0
15 14 47 27 0
14 15 28 46 0
15 14 28 46 0
14 15 46 28 0
15 14 46 28 0
14 15 29 45 0
15 14 29 45 0
14 15 45 29 0
15 14 45 29 0
14 15 30 44 0
15 14 30 44 0
14 15 44 30 0
15 14 44 30 0
14 15 31 43 2
15 14 31 43 2
14 15 43 31 2
15 14 43 31 2
14 15 32 42 6
15 14 32 42 6
14 15 42 32 6
15 14 42 32 6
14 15 33 41 13
15 14 33 41 13
14 15 41 33 13
15 14 41 33 13
14 15 34 40 22
15 14 34 40 22
14 15 40 34 22
15 14 40 34 22
14 15 35 39 32
15 14 35 39 32
14 15 39 35 32
15 14 39 35 32
14 15 36 38 39
15 14 36 38 39
14 15 38 36 39
15 14 38 36 39
14 15 37 37 42
15 14 37 37 42
11 18 23 51 0
18 11 23 51 0
11 18 51 23 0
18 11 51 23 0
12 17 23 51 0
17 12 23 51 0
12 17 51 23 0
17 12 51 23 0
13 16 23 51 0
16 13 23 51 0
13 16 51 23 0
16 13 51 23 0
14 15 23 51 0
15 14 23 51 0
14 15 51 23 0
15 14 51 23 0
12 17 22 52 0
17 12 22 52 0
12 17 52 22 0
17 12 52 22 0
13 16 22 52 0
16 13 22 52 0
13 16 52 22 0
16 13 52 22 0
14 15 22 52 0
15 14 22 52 0
14 15 52 22 0
15 14 52 22 0
