12 21 33 51 0
21 12 33 51 0
12 21 51 33 0
21 12 51 33 0
12 21 34 50 0
21 12 34 50 0
12 21 50 34 0
21 12 50 34 0
12 21 35 49 0
21 12 35 49 0
12 21 49 35 0
21 12 49 35 0
12 21 36 48 0
21 12 36 48 0
12 21 48 36 0
21 12 48 36 0
12 21 37 47 0
21 12 37 47 0
12 21 47 37 0
21 12 47 37 0
12 21 38 46 0
21 12 38 46 0
12 21 46 38 0
21 12 46 38 0
12 21 39 45 0
21 12 39 45 0
12 21 45 39 0
21 12 45 39 0
12 21 40 44 0
21 12 40 44 0
12 21 44 40 0
21 12 44 40 0
12 21 41 43 0
21 12 41 43 0
12 21 43 41 0
21 12 43 41 0
12 21 42 42 0
21 12 42 42 0
13 20 33 51 0
20 13 33 51 0
13 20 51 33 0
20 13 51 33 0
13 20 34 50 0
20 13 34 50 0
13 20 50 34 0
20 13 50 34 0
13 20 35 49 0
20 13 35 49 0
13 20 49 35 0
20 13 49 35 0
13 20 36 48 0
20 13 36 48 0
13 20 48 36 0
20 13 48 36 0
13 20 37 47 0
20 13 37 47 0
13 20 47 37 0
20 13 47 37 0
13 20 38 46 0
20 13 38 46 0
13 20 46 38 0
20 13 46 38 0
13 20 39 45 0
20 13 39 45 0
13 20 45 39 0
20 13 45 39 0
13 20 40 44 0
20 13 40 44 0
13 20 44 40 0
20 13 44 40 0
13 20 41 43 0
20 13 41 43 0
13 20 43 41 0
20 13 43 41 0
13 20 42 42 0
20 13 42 42 0
14 19 33 51 0
19 14 33 51 0
14 19 51 33 0
19 14 51 33 0
14 19 34 50 0
19 14 34 50 0
14 19 50 34 0
19 14 50 34 0
14 19 35 49 0
19 14 35 49 0
14 19 49 35 0
19 14 49 35 0
14 19 36 48 0
19 14 36 48 0
14 19 48 36 0
19 14 48 36 0
14 19 37 47 0
19 14 37 47 0
14 19 47 37 0
19 14 47 37 0
14 19 38 46 0
19 14 38 46 0
14 19 46 38 0
19 14 46 38 0
14 19 39 45 0
19 14 39 45 0
14 19 45 39 0
19 14 45 39 0
14 19 40 44 0
19 14 40 44 0
14 19 44 40 0
19 14 44 40 0
14 19 41 43 0
19 14 41 43 0
14 19 43 41 0
19 14 43 41 0
14 19 42 42 0
19 14 42 42 0
15 18 33 51 0
18 15 33 51 0
15 18 51 33 0
18 15 51 33 0
15 18 34 50 0
18 15 34 50 0
15 18 50 34 0
18 15 50 34 0
15 18 35 49 0
18 15 35 49 0
15 18 49 35 0
18 15 49 35 0
15 18 36 48 0
18 15 36 48 0
15 18 48 36 0
18 15 48 36 0
15 18 37 47 0
18 15 37 47 0
15 18 47 37 0
18 15 47 37 0
15 18 38 46 0
18 15 38 46 0
15 18 46 38 0
18 15 46 38 0
15 18 39 45 0
18 15 39 45 0
15 18 45 39 0
18 15 45 39 0
15 18 40 44 0
18 15 40 44 0
15 18 44 40 0
18 15 44 40 0
15 18 41 43 0
18 15 41 43 0
15 18 43 41 0
18 15 43 41 0
15 18 42 42 0
18 15 42 42 0
13 20 31 53 0
20 13 31 53 0
13 20 53 31 0
20 13 53 31 0
13 20 32 52 0
20 13 32 52 0
13 20 52 32 0
20 13 52 32 0
14 19 31 53 0
19 14 31 53 0
14 19 53 31 0
19 14 53 31 0
14 19 32 52 0
19 14 32 52 0
14 19 52 32 0
19 14 52 32 0
15 18 31 53 0
18 15 31 53 0
15 18 53 31 0
18 15 53 31 0
15 18 32 52 0
18 15 32 52 0
15 18 52 32 0
18 15 52 32 0
16 17 31 53 0
17 16 31 53 0
16 17 53 31 0
17 16 53 31 0
16 17 32 52 0
17 16 32 52 0
16 17 52 32 0
17 16 52 32 0
16 17 33 51 0
17 16 33 51 0
16 17 51 33 0
17 16 51 33 0
16 17 34 50 0
17 16 34 50 0
16 17 50 34 0
17 16 50 34 0
16 17 35 49 0
17 16 35 49 0
16 17 49 35 0
17 16 49 35 0
16 17 36 48 0
17 16 36 48 0
16 17 48 36 0
17 16 48 36 0
16 17 37 47 0
17 16 37 47 0
16 17 47 37 0
17 16 47 37 0
16 17 38 46 0
17 16 38 46 0
16 17 46 38 0
17 16 46 38 0
16 17 39 45 0
17 16 39 45 0
16 17 45 39 0
17 16 45 39 0
16 17 40 44 1
17 16 40 44 1
16 17 44 40 1
17 16 44 40 1
16 17 41 43 1
17 16 41 43 1
16 17 43 41 1
17 16 43 41 1
16 17 42 42 1
17 16 42 42 1
15 18 30 54 0
18 15 30 54 0
15 18 54 30 0
18 15 54 30 0
16 17 30 54 0
17 16 30 54 0
16 17 54 30 0
17 16 54 30 0
