0 11 10 19 0
11 0 10 19 0
0 11 19 10 0
11 0 19 10 0
0 11 11 18 0
11 0 11 18 0
0 11 18 11 0
11 0 18 11 0
0 11 12 17 0
11 0 12 17 0
0 11 17 12 0
11 0 17 12 0
0 11 13 16 0
11 0 13 16 0
0 11 16 13 0
11 0 16 13 0
0 11 14 15 0
11 0 14 15 0
0 11 15 14 0
11 0 15 14 0
1 10 10 19 1
10 1 10 19 1
1 10 19 10 1
10 1 19 10 1
1 10 11 18 2
10 1 11 18 2
1 10 18 11 2
10 1 18 11 2
1 10 12 17 3
10 1 12 17 3
1 10 17 12 3
10 1 17 12 3
1 10 13 16 4
10 1 13 16 4
1 10 16 13 4
10 1 16 13 4
1 10 14 15 5
10 1 14 15 5
1 10 15 14 5
10 1 15 14 5
1 10 6 23 0
10 1 6 23 0
1 10 23 6 0
10 1 23 6 0
1 10 7 22 0
10 1 7 22 0
1 10 22 7 0
10 1 22 7 0
1 10 8 21 0
10 1 8 21 0
1 10 21 8 0
10 1 21 8 0
1 10 9 20 0
10 1 9 20 0
1 10 20 9 0
10 1 20 9 0
2 9 6 23 0
9 2 6 23 0
2 9 23 6 0
9 2 23 6 0
2 9 7 22 1
9 2 7 22 1
2 9 22 7 1
9 2 22 7 1
2 9 8 21 3
9 2 8 21 3
2 9 21 8 3
9 2 21 8 3
2 9 9 20 7
9 2 9 20 7
2 9 20 9 7
9 2 20 9 7
2 9 10 19 14
9 2 10 19 14
2 9 19 10 14
9 2 19 10 14
2 9 11 18 23
9 2 11 18 23
2 9 18 11 23
9 2 18 11 23
2 9 12 17 32
9 2 12 17 32
2 9 17 12 32
9 2 17 12 32
2 9 13 16 40
9 2 13 16 40
2 9 16 13 40
9 2 16 13 40
2 9 14 15 45
9 2 14 15 45
2 9 15 14 45
9 2 15 14 45
3 8 6 23 1
8 3 6 23 1
3 8 23 6 1
8 3 23 6 1
3 8 7 22 5
8 3 7 22 5
3 8 22 7 5
8 3 22 7 5
3 8 8 21 14
8 3 8 21 14
3 8 21 8 14
8 3 21 8 14
3 8 9 20 30
8 3 9 20 30
3 8 20 9 30
8 3 20 9 30
3 8 10 19 54
8 3 10 19 54
3 8 19 10 54
8 3 19 10 54
3 8 11 18 84
8 3 11 18 84
3 8 18 11 84
8 3 18 11 84
3 8 12 17 115
8 3 12 17 115
3 8 17 12 115
8 3 17 12 115
3 8 13 16 141
8 3 13 16 141
3 8 16 13 141
8 3 16 13 141
3 8 14 15 156
8 3 14 15 156
3 8 15 14 156
8 3 15 14 156
2 9 4 25 0
9 2 4 25 0
2 9 25 4 0
9 2 25 4 0
2 9 5 24 0
9 2 5 24 0
2 9 24 5 0
9 2 24 5 0
3 8 4 25 0
8 3 4 25 0
3 8 25 4 0
8 3 25 4 0
3 8 5 24 0
8 3 5 24 0
3 8 24 5 0
8 3 24 5 0
3 8 3 26 0
8 3 3 26 0
3 8 26 3 0
8 3 26 3 0
4 7 3 26 0
7 4 3 26 0
4 7 26 3 0
7 4 26 3 0
4 7 4 25 0
7 4 4 25 0
4 7 25 4 0
7 4 25 4 0
4 7 5 24 1
7 4 5 24 1
4 7 24 5 1
7 4 24 5 1
4 7 6 23 5
7 4 6 23 5
4 7 23 6 5
7 4 23 6 5
4 7 7 22 16
7 4 7 22 16
4 7 22 7 16
7 4 22 7 16
4 7 8 21 38
7 4 8 21 38
4 7 21 8 38
7 4 21 8 38
4 7 9 20 75
7 4 9 20 75
4 7 20 9 75
7 4 20 9 75
4 7 10 19 127
7 4 10 19 127
4 7 19 10 127
7 4 19 10 127
4 7 11 18 190
7 4 11 18 190
4 7 18 11 190
7 4 18 11 190
4 7 12 17 254
7 4 12 17 254
4 7 17 12 254
7 4 17 12 254
4 7 13 16 307
7 4 13 16 307
4 7 16 13 307
7 4 16 13 307
4 7 14 15 337
7 4 14 15 337
4 7 15 14 337
7 4 15 14 337
5 6 4 25 0
6 5 4 25 0
5 6 25 4 0
6 5 25 4 0
5 6 5 24 2
6 5 5 24 2
5 6 24 5 2
6 5 24 5 2
5 6 6 23 9
6 5 6 23 9
5 6 23 6 9
6 5 23 6 9
5 6 7 22 26
6 5 7 22 26
5 6 22 7 26
6 5 22 7 26
5 6 8 21 59
6 5 8 21 59
5 6 21 8 59
6 5 21 8 59
5 6 9 20 113
6 5 9 20 113
5 6 20 9 113
6 5 20 9 113
5 6 10 19 188
6 5 10 19 188
5 6 19 10 188
6 5 19 10 188
5 6 11 18 277
6 5 11 18 277
5 6 18 11 277
6 5 18 11 277
5 6 12 17 367
6 5 12 17 367
5 6 17 12 367
6 5 17 12 367
5 6 13 16 441
6 5 13 16 441
5 6 16 13 441
6 5 16 13 441
5 6 14 15 483
6 5 14 15 483
5 6 15 14 483
6 5 15 14 483
4 7 2 27 0
7 4 2 27 0
4 7 27 2 0
7 4 27 2 0
5 6 2 27 0
6 5 2 27 0
5 6 27 2 0
6 5 27 2 0
5 6 3 26 0
6 5 3 26 0
5 6 26 3 0
6 5 26 3 0
