0 7 3 16 0
7 0 3 16 0
0 7 16 3 0
7 0 16 3 0
0 7 4 15 0
7 0 4 15 0
0 7 15 4 0
7 0 15 4 0
0 7 5 14 0
7 0 5 14 0
0 7 14 5 0
7 0 14 5 0
0 7 6 13 1
7 0 6 13 1
0 7 13 6 1
7 0 13 6 1
0 7 7 12 2
7 0 7 12 2
0 7 12 7 2
7 0 12 7 2
1 6 3 16 1
6 1 3 16 1
1 6 16 3 1
6 1 16 3 1
1 6 4 15 3
6 1 4 15 3
1 6 15 4 3
6 1 15 4 3
1 6 5 14 7
6 1 5 14 7
1 6 14 5 7
6 1 14 5 7
1 6 6 13 13
6 1 6 13 13
1 6 13 6 13
6 1 13 6 13
1 6 7 12 20
6 1 7 12 20
1 6 12 7 20
6 1 12 7 20
0 7 8 11 3
7 0 8 11 3
0 7 11 8 3
7 0 11 8 3
1 6 8 11 26
6 1 8 11 26
1 6 11 8 26
6 1 11 8 26
0 7 9 10 4
7 0 9 10 4
0 7 10 9 4
7 0 10 9 4
1 6 9 10 30
6 1 9 10 30
1 6 10 9 30
6 1 10 9 30
1 6 1 18 0
6 1 1 18 0
1 6 18 1 0
6 1 18 1 0
1 6 2 17 0
6 1 2 17 0
1 6 17 2 0
6 1 17 2 0
2 5 1 18 0
5 2 1 18 0
2 5 18 1 0
5 2 18 1 0
2 5 2 17 1
5 2 2 17 1
2 5 17 2 1
5 2 17 2 1
2 5 3 16 4
5 2 3 16 4
2 5 16 3 4
5 2 16 3 4
2 5 4 15 11
5 2 4 15 11
2 5 15 4 11
5 2 15 4 11
2 5 5 14 23
5 2 5 14 23
2 5 14 5 23
5 2 14 5 23
2 5 6 13 39
5 2 6 13 39
2 5 13 6 39
5 2 13 6 39
2 5 7 12 57
5 2 7 12 57
2 5 12 7 57
5 2 12 7 57
2 5 8 11 73
5 2 8 11 73
2 5 11 8 73
5 2 11 8 73
2 5 9 10 82
5 2 9 10 82
2 5 10 9 82
5 2 10 9 82
3 4 1 18 0
4 3 1 18 0
3 4 18 1 0
4 3 18 1 0
3 4 2 17 2
4 3 2 17 2
3 4 17 2 2
4 3 17 2 2
3 4 3 16 8
4 3 3 16 8
3 4 16 3 8
4 3 16 3 8
3 4 4 15 20
4 3 4 15 20
3 4 15 4 20
4 3 15 4 20
3 4 5 14 39
4 3 5 14 39
3 4 14 5 39
4 3 14 5 39
3 4 6 13 65
4 3 6 13 65
3 4 13 6 65
4 3 13 6 65
3 4 7 12 93
4 3 7 12 93
3 4 12 7 93
4 3 12 7 93
3 4 8 11 117
4 3 8 11 117
3 4 11 8 117
4 3 11 8 117
3 4 9 10 131
4 3 9 10 131
3 4 10 9 131
4 3 10 9 131
3 4 0 19 0
4 3 0 19 0
3 4 19 0 0
4 3 19 0 0
