3 16 18 31 0
16 3 18 31 0
3 16 31 18 0
16 3 31 18 0
3 16 19 30 0
16 3 19 30 0
3 16 30 19 0
16 3 30 19 0
3 16 20 29 0
16 3 20 29 0
3 16 29 20 0
16 3 29 20 0
3 16 21 28 0
16 3 21 28 0
3 16 28 21 0
16 3 28 21 0
3 16 22 27 0
16 3 22 27 0
3 16 27 22 0
16 3 27 22 0
4 15 18 31 0
15 4 18 31 0
4 15 31 18 0
15 4 31 18 0
4 15 19 30 0
15 4 19 30 0
4 15 30 19 0
15 4 30 19 0
4 15 20 29 0
15 4 20 29 0
4 15 29 20 0
15 4 29 20 0
4 15 21 28 0
15 4 21 28 0
4 15 28 21 0
15 4 28 21 0
4 15 22 27 0
15 4 22 27 0
4 15 27 22 0
15 4 27 22 0
3 16 23 26 0
16 3 23 26 0
3 16 26 23 0
16 3 26 23 0
4 15 23 26 0
15 4 23 26 0
4 15 26 23 0
15 4 26 23 0
3 16 24 25 0
16 3 24 25 0
3 16 25 24 0
16 3 25 24 0
4 15 24 25 0
15 4 24 25 0
4 15 25 24 0
15 4 25 24 0
4 15 16 33 0
15 4 16 33 0
4 15 33 16 0
15 4 33 16 0
4 15 17 32 0
15 4 17 32 0
4 15 32 17 0
15 4 32 17 0
5 14 16 33 0
14 5 16 33 0
5 14 33 16 0
14 5 33 16 0
5 14 17 32 0
14 5 17 32 0
5 14 32 17 0
14 5 32 17 0
5 14 18 31 0
14 5 18 31 0
5 14 31 18 0
14 5 31 18 0
5 14 19 30 0
14 5 19 30 0
5 14 30 19 0
14 5 30 19 0
5 14 20 29 1
14 5 20 29 1
5 14 29 20 1
14 5 29 20 1
5 14 21 28 1
14 5 21 28 1
5 14 28 21 1
14 5 28 21 1
5 14 22 27 1
14 5 22 27 1
5 14 27 22 1
14 5 27 22 1
5 14 23 26 1
14 5 23 26 1
5 14 26 23 1
14 5 26 23 1
5 14 24 25 1
14 5 24 25 1
5 14 25 24 1
14 5 25 24 1
6 13 16 33 0
13 6 16 33 0
6 13 33 16 0
13 6 33 16 0
6 13 17 32 0
13 6 17 32 0
6 13 32 17 0
13 6 32 17 0
6 13 18 31 0
13 6 18 31 0
6 13 31 18 0
13 6 31 18 0
6 13 19 30 0
13 6 19 30 0
6 13 30 19 0
13 6 30 19 0
6 13 20 29 1
13 6 20 29 1
6 13 29 20 1
13 6 29 20 1
6 13 21 28 2
13 6 21 28 2
6 13 28 21 2
13 6 28 21 2
6 13 22 27 2
13 6 22 27 2
6 13 27 22 2
13 6 27 22 2
6 13 23 26 2
13 6 23 26 2
6 13 26 23 2
13 6 26 23 2
6 13 24 25 2
13 6 24 25 2
6 13 25 24 2
13 6 25 24 2
7 12 18 31 0
12 7 18 31 0
7 12 31 18 0
12 7 31 18 0
7 12 19 30 0
12 7 19 30 0
7 12 30 19 0
12 7 30 19 0
7 12 20 29 1
12 7 20 29 1
7 12 29 20 1
12 7 29 20 1
7 12 21 28 2
12 7 21 28 2
7 12 28 21 2
12 7 28 21 2
7 12 22 27 3
12 7 22 27 3
7 12 27 22 3
12 7 27 22 3
7 12 23 26 3
12 7 23 26 3
7 12 26 23 3
12 7 26 23 3
7 12 24 25 3
12 7 24 25 3
7 12 25 24 3
12 7 25 24 3
5 14 13 36 0
14 5 13 36 0
5 14 36 13 0
14 5 36 13 0
5 14 14 35 0
14 5 14 35 0
5 14 35 14 0
14 5 35 14 0
5 14 15 34 0
14 5 15 34 0
5 14 34 15 0
14 5 34 15 0
6 13 13 36 0
13 6 13 36 0
6 13 36 13 0
13 6 36 13 0
6 13 14 35 0
13 6 14 35 0
6 13 35 14 0
13 6 35 14 0
6 13 15 34 0
13 6 15 34 0
6 13 34 15 0
13 6 34 15 0
6 13 12 37 0
13 6 12 37 0
6 13 37 12 0
13 6 37 12 0
7 12 12 37 0
12 7 12 37 0
7 12 37 12 0
12 7 37 12 0
7 12 13 36 0
12 7 13 36 0
7 12 36 13 0
12 7 36 13 0
7 12 14 35 0
12 7 14 35 0
7 12 35 14 0
12 7 35 14 0
7 12 15 34 0
12 7 15 34 0
7 12 34 15 0
12 7 34 15 0
7 12 16 33 0
12 7 16 33 0
7 12 33 16 0
12 7 33 16 0
7 12 17 32 0
12 7 17 32 0
7 12 32 17 0
12 7 32 17 0
8 11 13 36 0
11 8 13 36 0
8 11 36 13 0
11 8 36 13 0
8 11 14 35 0
11 8 14 35 0
8 11 35 14 0
11 8 35 14 0
8 11 15 34 0
11 8 15 34 0
8 11 34 15 0
11 8 34 15 0
8 11 16 33 0
11 8 16 33 0
8 11 33 16 0
11 8 33 16 0
8 11 17 32 0
11 8 17 32 0
8 11 32 17 0
11 8 32 17 0
8 11 18 31 0
11 8 18 31 0
8 11 31 18 0
11 8 31 18 0
8 11 19 30 0
11 8 19 30 0
8 11 30 19 0
11 8 30 19 0
8 11 20 29 1
11 8 20 29 1
8 11 29 20 1
11 8 29 20 1
8 11 21 28 2
11 8 21 28 2
8 11 28 21 2
11 8 28 21 2
8 11 22 27 3
11 8 22 27 3
8 11 27 22 3
11 8 27 22 3
8 11 23 26 4
11 8 23 26 4
8 11 26 23 4
11 8 26 23 4
8 11 24 25 4
11 8 24 25 4
8 11 25 24 4
11 8 25 24 4
9 10 16 33 0
10 9 16 33 0
9 10 33 16 0
10 9 33 16 0
9 10 17 32 0
10 9 17 32 0
9 10 32 17 0
10 9 32 17 0
9 10 18 31 0
10 9 18 31 0
9 10 31 18 0
10 9 31 18 0
9 10 19 30 0
10 9 19 30 0
9 10 30 19 0
10 9 30 19 0
9 10 20 29 1
10 9 20 29 1
9 10 29 20 1
10 9 29 20 1
9 10 21 28 2
10 9 21 28 2
9 10 28 21 2
10 9 28 21 2
9 10 22 27 3
10 9 22 27 3
9 10 27 22 3
10 9 27 22 3
9 10 23 26 4
10 9 23 26 4
9 10 26 23 4
10 9 26 23 4
9 10 24 25 5
10 9 24 25 5
9 10 25 24 5
10 9 25 24 5
7 12 10 39 0
12 7 10 39 0
7 12 39 10 0
12 7 39 10 0
7 12 11 38 0
12 7 11 38 0
7 12 38 11 0
12 7 38 11 0
8 11 10 39 0
11 8 10 39 0
8 11 39 10 0
11 8 39 10 0
8 11 11 38 0
11 8 11 38 0
8 11 38 11 0
11 8 38 11 0
8 11 12 37 0
11 8 12 37 0
8 11 37 12 0
11 8 37 12 0
9 10 10 39 0
10 9 10 39 0
9 10 39 10 0
10 9 39 10 0
9 10 11 38 0
10 9 11 38 0
9 10 38 11 0
10 9 38 11 0
9 10 12 37 0
10 9 12 37 0
9 10 37 12 0
10 9 37 12 0
9 10 13 36 0
10 9 13 36 0
9 10 36 13 0
10 9 36 13 0
9 10 14 35 0
10 9 14 35 0
9 10 35 14 0
10 9 35 14 0
9 10 15 34 0
10 9 15 34 0
9 10 34 15 0
10 9 34 15 0
9 10 9 40 0
10 9 9 40 0
9 10 40 9 0
10 9 40 9 0
