3 18 18 36 0
18 3 18 36 0
3 18 36 18 0
18 3 36 18 0
3 18 19 35 0
18 3 19 35 0
3 18 35 19 0
18 3 35 19 0
3 18 20 34 0
18 3 20 34 0
3 18 34 20 0
18 3 34 20 0
3 18 21 33 0
18 3 21 33 0
3 18 33 21 0
18 3 33 21 0
3 18 22 32 0
18 3 22 32 0
3 18 32 22 0
18 3 32 22 0
3 18 23 31 0
18 3 23 31 0
3 18 31 23 0
18 3 31 23 0
3 18 24 30 0
18 3 24 30 0
3 18 30 24 0
18 3 30 24 0
3 18 25 29 0
18 3 25 29 0
3 18 29 25 0
18 3 29 25 0
3 18 26 28 0
18 3 26 28 0
3 18 28 26 0
18 3 28 26 0
3 18 27 27 0
18 3 27 27 0
4 17 18 36 0
17 4 18 36 0
4 17 36 18 0
17 4 36 18 0
4 17 19 35 0
17 4 19 35 0
4 17 35 19 0
17 4 35 19 0
4 17 20 34 0
17 4 20 34 0
4 17 34 20 0
17 4 34 20 0
4 17 21 33 0
17 4 21 33 0
4 17 33 21 0
17 4 33 21 0
4 17 22 32 0
17 4 22 32 0
4 17 32 22 0
17 4 32 22 0
4 17 23 31 0
17 4 23 31 0
4 17 31 23 0
17 4 31 23 0
4 17 24 30 0
17 4 24 30 0
4 17 30 24 0
17 4 30 24 0
4 17 25 29 0
17 4 25 29 0
4 17 29 25 0
17 4 29 25 0
4 17 26 28 0
17 4 26 28 0
4 17 28 26 0
17 4 28 26 0
4 17 27 27 0
17 4 27 27 0
5 16 18 36 0
16 5 18 36 0
5 16 36 18 0
16 5 36 18 0
5 16 19 35 0
16 5 19 35 0
5 16 35 19 0
16 5 35 19 0
5 16 20 34 0
16 5 20 34 0
5 16 34 20 0
16 5 34 20 0
5 16 21 33 0
16 5 21 33 0
5 16 33 21 0
16 5 33 21 0
5 16 22 32 0
16 5 22 32 0
5 16 32 22 0
16 5 32 22 0
5 16 23 31 0
16 5 23 31 0
5 16 31 23 0
16 5 31 23 0
5 16 24 30 0
16 5 24 30 0
5 16 30 24 0
16 5 30 24 0
5 16 25 29 0
16 5 25 29 0
5 16 29 25 0
16 5 29 25 0
5 16 26 28 0
16 5 26 28 0
5 16 28 26 0
16 5 28 26 0
5 16 27 27 0
16 5 27 27 0
6 15 18 36 0
15 6 18 36 0
6 15 36 18 0
15 6 36 18 0
6 15 19 35 0
15 6 19 35 0
6 15 35 19 0
15 6 35 19 0
6 15 20 34 0
15 6 20 34 0
6 15 34 20 0
15 6 34 20 0
6 15 21 33 1
15 6 21 33 1
6 15 33 21 1
15 6 33 21 1
6 15 22 32 2
15 6 22 32 2
6 15 32 22 2
15 6 32 22 2
6 15 23 31 4
15 6 23 31 4
6 15 31 23 4
15 6 31 23 4
6 15 24 30 6
15 6 24 30 6
6 15 30 24 6
15 6 30 24 6
6 15 25 29 8
15 6 25 29 8
6 15 29 25 8
15 6 29 25 8
6 15 26 28 9
15 6 26 28 9
6 15 28 26 9
15 6 28 26 9
6 15 27 27 10
15 6 27 27 10
4 17 16 38 0
17 4 16 38 0
4 17 38 16 0
17 4 38 16 0
4 17 17 37 0
17 4 17 37 0
4 17 37 17 0
17 4 37 17 0
5 16 16 38 0
16 5 16 38 0
5 16 38 16 0
16 5 38 16 0
5 16 17 37 0
16 5 17 37 0
5 16 37 17 0
16 5 37 17 0
6 15 16 38 0
15 6 16 38 0
6 15 38 16 0
15 6 38 16 0
6 15 17 37 0
15 6 17 37 0
6 15 37 17 0
15 6 37 17 0
7 14 16 38 0
14 7 16 38 0
7 14 38 16 0
14 7 38 16 0
7 14 17 37 0
14 7 17 37 0
7 14 37 17 0
14 7 37 17 0
7 14 18 36 0
14 7 18 36 0
7 14 36 18 0
14 7 36 18 0
7 14 19 35 1
14 7 19 35 1
7 14 35 19 1
14 7 35 19 1
7 14 20 34 3
14 7 20 34 3
7 14 34 20 3
14 7 34 20 3
7 14 21 33 8
14 7 21 33 8
7 14 33 21 8
14 7 33 21 8
7 14 22 32 16
14 7 22 32 16
7 14 32 22 16
14 7 32 22 16
7 14 23 31 27
14 7 23 31 27
7 14 31 23 27
14 7 31 23 27
7 14 24 30 39
14 7 24 30 39
7 14 30 24 39
14 7 30 24 39
7 14 25 29 51
14 7 25 29 51
7 14 29 25 51
14 7 29 25 51
7 14 26 28 59
14 7 26 28 59
7 14 28 26 59
14 7 28 26 59
7 14 27 27 62
14 7 27 27 62
8 13 16 38 0
13 8 16 38 0
8 13 38 16 0
13 8 38 16 0
8 13 17 37 0
13 8 17 37 0
8 13 37 17 0
13 8 37 17 0
8 13 18 36 1
13 8 18 36 1
8 13 36 18 1
13 8 36 18 1
8 13 19 35 5
13 8 19 35 5
8 13 35 19 5
13 8 35 19 5
8 13 20 34 14
13 8 20 34 14
8 13 34 20 14
13 8 34 20 14
8 13 21 33 31
13 8 21 33 31
8 13 33 21 31
13 8 33 21 31
8 13 22 32 57
13 8 22 32 57
8 13 32 22 57
13 8 32 22 57
8 13 23 31 91
13 8 23 31 91
8 13 31 23 91
13 8 31 23 91
8 13 24 30 128
13 8 24 30 128
8 13 30 24 128
13 8 30 24 128
8 13 25 29 163
13 8 25 29 163
8 13 29 25 163
13 8 29 25 163
8 13 26 28 187
13 8 26 28 187
8 13 28 26 187
13 8 28 26 187
8 13 27 27 196
13 8 27 27 196
9 12 18 36 5
12 9 18 36 5
9 12 36 18 5
12 9 36 18 5
9 12 19 35 15
12 9 19 35 15
9 12 35 19 15
12 9 35 19 15
9 12 20 34 36
12 9 20 34 36
9 12 34 20 36
12 9 34 20 36
9 12 21 33 73
12 9 21 33 73
9 12 33 21 73
12 9 33 21 73
9 12 22 32 126
12 9 22 32 126
9 12 32 22 126
12 9 32 22 126
9 12 23 31 194
12 9 23 31 194
9 12 31 23 194
12 9 31 23 194
9 12 24 30 268
12 9 24 30 268
9 12 30 24 268
12 9 30 24 268
9 12 25 29 335
12 9 25 29 335
9 12 29 25 335
12 9 29 25 335
9 12 26 28 382
12 9 26 28 382
9 12 28 26 382
12 9 28 26 382
9 12 27 27 400
12 9 27 27 400
5 16 13 41 0
16 5 13 41 0
5 16 41 13 0
16 5 41 13 0
5 16 14 40 0
16 5 14 40 0
5 16 40 14 0
16 5 40 14 0
5 16 15 39 0
16 5 15 39 0
5 16 39 15 0
16 5 39 15 0
6 15 13 41 0
15 6 13 41 0
6 15 41 13 0
15 6 41 13 0
6 15 14 40 0
15 6 14 40 0
6 15 40 14 0
15 6 40 14 0
6 15 15 39 0
15 6 15 39 0
6 15 39 15 0
15 6 39 15 0
7 14 13 41 0
14 7 13 41 0
7 14 41 13 0
14 7 41 13 0
7 14 14 40 0
14 7 14 40 0
7 14 40 14 0
14 7 40 14 0
7 14 15 39 0
14 7 15 39 0
7 14 39 15 0
14 7 39 15 0
8 13 13 41 0
13 8 13 41 0
8 13 41 13 0
13 8 41 13 0
8 13 14 40 0
13 8 14 40 0
8 13 40 14 0
13 8 40 14 0
8 13 15 39 0
13 8 15 39 0
8 13 39 15 0
13 8 39 15 0
6 15 12 42 0
15 6 12 42 0
6 15 42 12 0
15 6 42 12 0
7 14 12 42 0
14 7 12 42 0
7 14 42 12 0
14 7 42 12 0
8 13 12 42 0
13 8 12 42 0
8 13 42 12 0
13 8 42 12 0
9 12 12 42 0
12 9 12 42 0
9 12 42 12 0
12 9 42 12 0
9 12 13 41 0
12 9 13 41 0
9 12 41 13 0
12 9 41 13 0
9 12 14 40 0
12 9 14 40 0
9 12 40 14 0
12 9 40 14 0
9 12 15 39 0
12 9 15 39 0
9 12 39 15 0
12 9 39 15 0
9 12 16 38 0
12 9 16 38 0
9 12 38 16 0
12 9 38 16 0
9 12 17 37 1
12 9 17 37 1
9 12 37 17 1
12 9 37 17 1
10 11 13 41 0
11 10 13 41 0
10 11 41 13 0
11 10 41 13 0
10 11 14 40 0
11 10 14 40 0
10 11 40 14 0
11 10 40 14 0
10 11 15 39 0
11 10 15 39 0
10 11 39 15 0
11 10 39 15 0
10 11 16 38 0
11 10 16 38 0
10 11 38 16 0
11 10 38 16 0
10 11 17 37 2
11 10 17 37 2
10 11 37 17 2
11 10 37 17 2
10 11 18 36 8
11 10 18 36 8
10 11 36 18 8
11 10 36 18 8
10 11 19 35 24
11 10 19 35 24
10 11 35 19 24
11 10 35 19 24
10 11 20 34 55
11 10 20 34 55
10 11 34 20 55
11 10 34 20 55
10 11 21 33 108
11 10 21 33 108
10 11 33 21 108
11 10 33 21 108
10 11 22 32 183
11 10 22 32 183
10 11 32 22 183
11 10 32 22 183
10 11 23 31 278
11 10 23 31 278
10 11 31 23 278
11 10 31 23 278
10 11 24 30 379
11 10 24 30 379
10 11 30 24 379
11 10 30 24 379
10 11 25 29 472
11 10 25 29 472
10 11 29 25 472
11 10 29 25 472
10 11 26 28 536
11 10 26 28 536
10 11 28 26 536
11 10 28 26 536
10 11 27 27 560
11 10 27 27 560
7 14 10 44 0
14 7 10 44 0
7 14 44 10 0
14 7 44 10 0
7 14 11 43 0
14 7 11 43 0
7 14 43 11 0
14 7 43 11 0
8 13 10 44 0
13 8 10 44 0
8 13 44 10 0
13 8 44 10 0
8 13 11 43 0
13 8 11 43 0
8 13 43 11 0
13 8 43 11 0
9 12 10 44 0
12 9 10 44 0
9 12 44 10 0
12 9 44 10 0
9 12 11 43 0
12 9 11 43 0
9 12 43 11 0
12 9 43 11 0
10 11 10 44 0
11 10 10 44 0
10 11 44 10 0
11 10 44 10 0
10 11 11 43 0
11 10 11 43 0
10 11 43 11 0
11 10 43 11 0
10 11 12 42 0
11 10 12 42 0
10 11 42 12 0
11 10 42 12 0
9 12 9 45 0
12 9 9 45 0
9 12 45 9 0
12 9 45 9 0
10 11 9 45 0
11 10 9 45 0
10 11 45 9 0
11 10 45 9 0
