0 13 15 19 0
13 0 15 19 0
0 13 19 15 0
13 0 19 15 0
0 13 16 18 0
13 0 16 18 0
0 13 18 16 0
13 0 18 16 0
0 13 17 17 0
13 0 17 17 0
1 12 15 19 0
12 1 15 19 0
1 12 19 15 0
12 1 19 15 0
1 12 16 18 0
12 1 16 18 0
1 12 18 16 0
12 1 18 16 0
1 12 17 17 0
12 1 17 17 0
1 12 10 24 0
12 1 10 24 0
1 12 24 10 0
12 1 24 10 0
1 12 11 23 0
12 1 11 23 0
1 12 23 11 0
12 1 23 11 0
1 12 12 22 0
12 1 12 22 0
1 12 22 12 0
12 1 22 12 0
1 12 13 21 0
12 1 13 21 0
1 12 21 13 0
12 1 21 13 0
1 12 14 20 0
12 1 14 20 0
1 12 20 14 0
12 1 20 14 0
2 11 10 24 0
11 2 10 24 0
2 11 24 10 0
11 2 24 10 0
2 11 11 23 1
11 2 11 23 1
2 11 23 11 1
11 2 23 11 1
2 11 12 22 2
11 2 12 22 2
2 11 22 12 2
11 2 22 12 2
2 11 13 21 4
11 2 13 21 4
2 11 21 13 4
11 2 21 13 4
2 11 14 20 6
11 2 14 20 6
2 11 20 14 6
11 2 20 14 6
2 11 15 19 8
11 2 15 19 8
2 11 19 15 8
11 2 19 15 8
2 11 16 18 9
11 2 16 18 9
2 11 18 16 9
11 2 18 16 9
2 11 17 17 10
11 2 17 17 10
3 10 10 24 3
10 3 10 24 3
3 10 24 10 3
10 3 24 10 3
3 10 11 23 8
10 3 11 23 8
3 10 23 11 8
10 3 23 11 8
3 10 12 22 16
10 3 12 22 16
3 10 22 12 16
10 3 22 12 16
3 10 13 21 27
10 3 13 21 27
3 10 21 13 27
10 3 21 13 27
3 10 14 20 39
10 3 14 20 39
3 10 20 14 39
10 3 20 14 39
3 10 15 19 51
10 3 15 19 51
3 10 19 15 51
10 3 19 15 51
3 10 16 18 59
10 3 16 18 59
3 10 18 16 59
10 3 18 16 59
3 10 17 17 62
10 3 17 17 62
2 11 7 27 0
11 2 7 27 0
2 11 27 7 0
11 2 27 7 0
2 11 8 26 0
11 2 8 26 0
2 11 26 8 0
11 2 26 8 0
2 11 9 25 0
11 2 9 25 0
2 11 25 9 0
11 2 25 9 0
3 10 7 27 0
10 3 7 27 0
3 10 27 7 0
10 3 27 7 0
3 10 8 26 0
10 3 8 26 0
3 10 26 8 0
10 3 26 8 0
3 10 9 25 1
10 3 9 25 1
3 10 25 9 1
10 3 25 9 1
3 10 6 28 0
10 3 6 28 0
3 10 28 6 0
10 3 28 6 0
4 9 6 28 0
9 4 6 28 0
4 9 28 6 0
9 4 28 6 0
4 9 7 27 0
9 4 7 27 0
4 9 27 7 0
9 4 27 7 0
4 9 8 26 1
9 4 8 26 1
4 9 26 8 1
9 4 26 8 1
4 9 9 25 5
9 4 9 25 5
4 9 25 9 5
9 4 25 9 5
4 9 10 24 14
9 4 10 24 14
4 9 24 10 14
9 4 24 10 14
4 9 11 23 31
9 4 11 23 31
4 9 23 11 31
9 4 23 11 31
4 9 12 22 57
9 4 12 22 57
4 9 22 12 57
9 4 22 12 57
4 9 13 21 91
9 4 13 21 91
4 9 21 13 91
9 4 21 13 91
4 9 14 20 128
9 4 14 20 128
4 9 20 14 128
9 4 20 14 128
4 9 15 19 163
9 4 15 19 163
4 9 19 15 163
9 4 19 15 163
4 9 16 18 187
9 4 16 18 187
4 9 18 16 187
9 4 18 16 187
4 9 17 17 196
9 4 17 17 196
5 8 7 27 1
8 5 7 27 1
5 8 27 7 1
8 5 27 7 1
5 8 8 26 5
8 5 8 26 5
5 8 26 8 5
8 5 26 8 5
5 8 9 25 15
8 5 9 25 15
5 8 25 9 15
8 5 25 9 15
5 8 10 24 36
8 5 10 24 36
5 8 24 10 36
8 5 24 10 36
5 8 11 23 73
8 5 11 23 73
5 8 23 11 73
8 5 23 11 73
5 8 12 22 126
8 5 12 22 126
5 8 22 12 126
8 5 22 12 126
5 8 13 21 194
8 5 13 21 194
5 8 21 13 194
8 5 21 13 194
5 8 14 20 268
8 5 14 20 268
5 8 20 14 268
8 5 20 14 268
5 8 15 19 335
8 5 15 19 335
5 8 19 15 335
8 5 19 15 335
5 8 16 18 382
8 5 16 18 382
5 8 18 16 382
8 5 18 16 382
5 8 17 17 400
8 5 17 17 400
4 9 4 30 0
9 4 4 30 0
4 9 30 4 0
9 4 30 4 0
4 9 5 29 0
9 4 5 29 0
4 9 29 5 0
9 4 29 5 0
5 8 4 30 0
8 5 4 30 0
5 8 30 4 0
8 5 30 4 0
5 8 5 29 0
8 5 5 29 0
5 8 29 5 0
8 5 29 5 0
5 8 6 28 0
8 5 6 28 0
5 8 28 6 0
8 5 28 6 0
6 7 4 30 0
7 6 4 30 0
6 7 30 4 0
7 6 30 4 0
6 7 5 29 0
7 6 5 29 0
6 7 29 5 0
7 6 29 5 0
6 7 6 28 0
7 6 6 28 0
6 7 28 6 0
7 6 28 6 0
6 7 7 27 2
7 6 7 27 2
6 7 27 7 2
7 6 27 7 2
6 7 8 26 8
7 6 8 26 8
6 7 26 8 8
7 6 26 8 8
6 7 9 25 24
7 6 9 25 24
6 7 25 9 24
7 6 25 9 24
6 7 10 24 55
7 6 10 24 55
6 7 24 10 55
7 6 24 10 55
6 7 11 23 108
7 6 11 23 108
6 7 23 11 108
7 6 23 11 108
6 7 12 22 183
7 6 12 22 183
6 7 22 12 183
7 6 22 12 183
6 7 13 21 278
7 6 13 21 278
6 7 21 13 278
7 6 21 13 278
6 7 14 20 379
7 6 14 20 379
6 7 20 14 379
7 6 20 14 379
6 7 15 19 472
7 6 15 19 472
6 7 19 15 472
7 6 19 15 472
6 7 16 18 536
7 6 16 18 536
6 7 18 16 536
7 6 18 16 536
6 7 17 17 560
7 6 17 17 560
6 7 3 31 0
7 6 3 31 0
6 7 31 3 0
7 6 31 3 0
