2 15 16 28 0
15 2 16 28 0
2 15 28 16 0
15 2 28 16 0
2 15 17 27 0
15 2 17 27 0
2 15 27 17 0
15 2 27 17 0
2 15 18 26 0
15 2 18 26 0
2 15 26 18 0
15 2 26 18 0
2 15 19 25 0
15 2 19 25 0
2 15 25 19 0
15 2 25 19 0
2 15 20 24 0
15 2 20 24 0
2 15 24 20 0
15 2 24 20 0
3 14 16 28 0
14 3 16 28 0
3 14 28 16 0
14 3 28 16 0
3 14 17 27 0
14 3 17 27 0
3 14 27 17 0
14 3 27 17 0
3 14 18 26 0
14 3 18 26 0
3 14 26 18 0
14 3 26 18 0
3 14 19 25 0
14 3 19 25 0
3 14 25 19 0
14 3 25 19 0
3 14 20 24 0
14 3 20 24 0
3 14 24 20 0
14 3 24 20 0
2 15 21 23 0
15 2 21 23 0
2 15 23 21 0
15 2 23 21 0
3 14 21 23 0
14 3 21 23 0
3 14 23 21 0
14 3 23 21 0
2 15 22 22 0
15 2 22 22 0
3 14 22 22 0
14 3 22 22 0
3 14 15 29 0
14 3 15 29 0
3 14 29 15 0
14 3 29 15 0
4 13 15 29 0
13 4 15 29 0
4 13 29 15 0
13 4 29 15 0
4 13 16 28 1
13 4 16 28 1
4 13 28 16 1
13 4 28 16 1
4 13 17 27 2
13 4 17 27 2
4 13 27 17 2
13 4 27 17 2
4 13 18 26 3
13 4 18 26 3
4 13 26 18 3
13 4 26 18 3
4 13 19 25 4
13 4 19 25 4
4 13 25 19 4
13 4 25 19 4
4 13 20 24 5
13 4 20 24 5
4 13 24 20 5
13 4 24 20 5
4 13 21 23 5
13 4 21 23 5
4 13 23 21 5
13 4 23 21 5
4 13 22 22 5
13 4 22 22 5
5 12 16 28 2
12 5 16 28 2
5 12 28 16 2
12 5 28 16 2
5 12 17 27 5
12 5 17 27 5
5 12 27 17 5
12 5 27 17 5
5 12 18 26 9
12 5 18 26 9
5 12 26 18 9
12 5 26 18 9
5 12 19 25 13
12 5 19 25 13
5 12 25 19 13
12 5 25 19 13
5 12 20 24 16
12 5 20 24 16
5 12 24 20 16
12 5 24 20 16
5 12 21 23 17
12 5 21 23 17
5 12 23 21 17
12 5 23 21 17
5 12 22 22 17
12 5 22 22 17
3 14 13 31 0
14 3 13 31 0
3 14 31 13 0
14 3 31 13 0
3 14 14 30 0
14 3 14 30 0
3 14 30 14 0
14 3 30 14 0
4 13 13 31 0
13 4 13 31 0
4 13 31 13 0
13 4 31 13 0
4 13 14 30 0
13 4 14 30 0
4 13 30 14 0
13 4 30 14 0
4 13 11 33 0
13 4 11 33 0
4 13 33 11 0
13 4 33 11 0
4 13 12 32 0
13 4 12 32 0
4 13 32 12 0
13 4 32 12 0
5 12 11 33 0
12 5 11 33 0
5 12 33 11 0
12 5 33 11 0
5 12 12 32 0
12 5 12 32 0
5 12 32 12 0
12 5 32 12 0
5 12 13 31 0
12 5 13 31 0
5 12 31 13 0
12 5 31 13 0
5 12 14 30 0
12 5 14 30 0
5 12 30 14 0
12 5 30 14 0
5 12 15 29 0
12 5 15 29 0
5 12 29 15 0
12 5 29 15 0
6 11 11 33 0
11 6 11 33 0
6 11 33 11 0
11 6 33 11 0
6 11 12 32 0
11 6 12 32 0
6 11 32 12 0
11 6 32 12 0
6 11 13 31 1
11 6 13 31 1
6 11 31 13 1
11 6 31 13 1
6 11 14 30 2
11 6 14 30 2
6 11 30 14 2
11 6 30 14 2
6 11 15 29 4
11 6 15 29 4
6 11 29 15 4
11 6 29 15 4
6 11 16 28 8
11 6 16 28 8
6 11 28 16 8
11 6 28 16 8
6 11 17 27 15
11 6 17 27 15
6 11 27 17 15
11 6 27 17 15
6 11 18 26 24
11 6 18 26 24
6 11 26 18 24
11 6 26 18 24
6 11 19 25 34
11 6 19 25 34
6 11 25 19 34
11 6 25 19 34
6 11 20 24 42
11 6 20 24 42
6 11 24 20 42
11 6 24 20 42
6 11 21 23 47
11 6 21 23 47
6 11 23 21 47
11 6 23 21 47
6 11 22 22 48
11 6 22 22 48
7 10 13 31 1
10 7 13 31 1
7 10 31 13 1
10 7 31 13 1
7 10 14 30 3
10 7 14 30 3
7 10 30 14 3
10 7 30 14 3
7 10 15 29 7
10 7 15 29 7
7 10 29 15 7
10 7 29 15 7
7 10 16 28 14
10 7 16 28 14
7 10 28 16 14
10 7 28 16 14
7 10 17 27 25
10 7 17 27 25
7 10 27 17 25
10 7 27 17 25
7 10 18 26 39
10 7 18 26 39
7 10 26 18 39
10 7 26 18 39
7 10 19 25 55
10 7 19 25 55
7 10 25 19 55
10 7 25 19 55
7 10 20 24 69
10 7 20 24 69
7 10 24 20 69
10 7 24 20 69
7 10 21 23 79
10 7 21 23 79
7 10 23 21 79
10 7 23 21 79
7 10 22 22 82
10 7 22 22 82
5 12 9 35 0
12 5 9 35 0
5 12 35 9 0
12 5 35 9 0
5 12 10 34 0
12 5 10 34 0
5 12 34 10 0
12 5 34 10 0
6 11 9 35 0
11 6 9 35 0
6 11 35 9 0
11 6 35 9 0
6 11 10 34 0
11 6 10 34 0
6 11 34 10 0
11 6 34 10 0
6 11 8 36 0
11 6 8 36 0
6 11 36 8 0
11 6 36 8 0
7 10 8 36 0
10 7 8 36 0
7 10 36 8 0
10 7 36 8 0
7 10 9 35 0
10 7 9 35 0
7 10 35 9 0
10 7 35 9 0
7 10 10 34 0
10 7 10 34 0
7 10 34 10 0
10 7 34 10 0
7 10 11 33 0
10 7 11 33 0
7 10 33 11 0
10 7 33 11 0
7 10 12 32 0
10 7 12 32 0
7 10 32 12 0
10 7 32 12 0
8 9 9 35 0
9 8 9 35 0
8 9 35 9 0
9 8 35 9 0
8 9 10 34 0
9 8 10 34 0
8 9 34 10 0
9 8 34 10 0
8 9 11 33 0
9 8 11 33 0
8 9 33 11 0
9 8 33 11 0
8 9 12 32 0
9 8 12 32 0
8 9 32 12 0
9 8 32 12 0
8 9 13 31 1
9 8 13 31 1
8 9 31 13 1
9 8 31 13 1
8 9 14 30 3
9 8 14 30 3
8 9 30 14 3
9 8 30 14 3
8 9 15 29 8
9 8 15 29 8
8 9 29 15 8
9 8 29 15 8
8 9 16 28 17
9 8 16 28 17
8 9 28 16 17
9 8 28 16 17
8 9 17 27 31
9 8 17 27 31
8 9 27 17 31
9 8 27 17 31
8 9 18 26 48
9 8 18 26 48
8 9 26 18 48
9 8 26 18 48
8 9 19 25 68
9 8 19 25 68
8 9 25 19 68
9 8 25 19 68
8 9 20 24 86
9 8 20 24 86
8 9 24 20 86
9 8 24 20 86
8 9 21 23 99
9 8 21 23 99
8 9 23 21 99
9 8 23 21 99
8 9 22 22 103
9 8 22 22 103
7 10 7 37 0
10 7 7 37 0
7 10 37 7 0
10 7 37 7 0
8 9 7 37 0
9 8 7 37 0
8 9 37 7 0
9 8 37 7 0
8 9 8 36 0
9 8 8 36 0
8 9 36 8 0
9 8 36 8 0
