0 9 6 18 0
9 0 6 18 0
0 9 18 6 0
9 0 18 6 0
0 9 7 17 0
9 0 7 17 0
0 9 17 7 0
9 0 17 7 0
0 9 8 16 0
9 0 8 16 0
0 9 16 8 0
9 0 16 8 0
0 9 9 15 0
9 0 9 15 0
0 9 15 9 0
9 0 15 9 0
0 9 10 14 1
9 0 10 14 1
0 9 14 10 1
9 0 14 10 1
1 8 6 18 1
8 1 6 18 1
1 8 18 6 1
8 1 18 6 1
1 8 7 17 3
8 1 7 17 3
1 8 17 7 3
8 1 17 7 3
1 8 8 16 6
8 1 8 16 6
1 8 16 8 6
8 1 16 8 6
1 8 9 15 10
8 1 9 15 10
1 8 15 9 10
8 1 15 9 10
1 8 10 14 15
8 1 10 14 15
1 8 14 10 15
8 1 14 10 15
0 9 11 13 1
9 0 11 13 1
0 9 13 11 1
9 0 13 11 1
1 8 11 13 18
8 1 11 13 18
1 8 13 11 18
8 1 13 11 18
0 9 12 12 1
9 0 12 12 1
1 8 12 12 19
8 1 12 12 19
1 8 3 21 0
8 1 3 21 0
1 8 21 3 0
8 1 21 3 0
1 8 4 20 0
8 1 4 20 0
1 8 20 4 0
8 1 20 4 0
1 8 5 19 0
8 1 5 19 0
1 8 19 5 0
8 1 19 5 0
2 7 3 21 0
7 2 3 21 0
2 7 21 3 0
7 2 21 3 0
2 7 4 20 1
7 2 4 20 1
2 7 20 4 1
7 2 20 4 1
2 7 5 19 3
7 2 5 19 3
2 7 19 5 3
7 2 19 5 3
2 7 6 18 9
7 2 6 18 9
2 7 18 6 9
7 2 18 6 9
2 7 7 17 19
7 2 7 17 19
2 7 17 7 19
7 2 17 7 19
2 7 8 16 34
7 2 8 16 34
2 7 16 8 34
7 2 16 8 34
2 7 9 15 51
7 2 9 15 51
2 7 15 9 51
7 2 15 9 51
2 7 10 14 69
7 2 10 14 69
2 7 14 10 69
7 2 14 10 69
2 7 11 13 81
7 2 11 13 81
2 7 13 11 81
7 2 13 11 81
2 7 12 12 86
7 2 12 12 86
3 6 3 21 0
6 3 3 21 0
3 6 21 3 0
6 3 21 3 0
3 6 4 20 3
6 3 4 20 3
3 6 20 4 3
6 3 20 4 3
3 6 5 19 10
6 3 5 19 10
3 6 19 5 10
6 3 19 5 10
3 6 6 18 25
6 3 6 18 25
3 6 18 6 25
6 3 18 6 25
3 6 7 17 50
6 3 7 17 50
3 6 17 7 50
6 3 17 7 50
3 6 8 16 85
6 3 8 16 85
3 6 16 8 85
6 3 16 8 85
3 6 9 15 124
6 3 9 15 124
3 6 15 9 124
6 3 15 9 124
3 6 10 14 163
6 3 10 14 163
3 6 14 10 163
6 3 14 10 163
3 6 11 13 190
6 3 11 13 190
3 6 13 11 190
6 3 13 11 190
3 6 12 12 200
6 3 12 12 200
2 7 2 22 0
7 2 2 22 0
2 7 22 2 0
7 2 22 2 0
3 6 2 22 0
6 3 2 22 0
3 6 22 2 0
6 3 22 2 0
3 6 1 23 0
6 3 1 23 0
3 6 23 1 0
6 3 23 1 0
4 5 1 23 0
5 4 1 23 0
4 5 23 1 0
5 4 23 1 0
4 5 2 22 0
5 4 2 22 0
4 5 22 2 0
5 4 22 2 0
4 5 3 21 1
5 4 3 21 1
4 5 21 3 1
5 4 21 3 1
4 5 4 20 6
5 4 4 20 6
4 5 20 4 6
5 4 20 4 6
4 5 5 19 18
5 4 5 19 18
4 5 19 5 18
5 4 19 5 18
4 5 6 18 42
5 4 6 18 42
4 5 18 6 42
5 4 18 6 42
4 5 7 17 80
5 4 7 17 80
4 5 17 7 80
5 4 17 7 80
4 5 8 16 132
5 4 8 16 132
4 5 16 8 132
5 4 16 8 132
4 5 9 15 190
5 4 9 15 190
4 5 15 9 190
5 4 15 9 190
4 5 10 14 246
5 4 10 14 246
4 5 14 10 246
5 4 14 10 246
4 5 11 13 285
5 4 11 13 285
4 5 13 11 285
5 4 13 11 285
4 5 12 12 300
5 4 12 12 300
