6 21 30 39 0
21 6 30 39 0
6 21 39 30 0
21 6 39 30 0
6 21 31 38 0
21 6 31 38 0
6 21 38 31 0
21 6 38 31 0
6 21 32 37 0
21 6 32 37 0
6 21 37 32 0
21 6 37 32 0
6 21 33 36 0
21 6 33 36 0
6 21 36 33 0
21 6 36 33 0
6 21 34 35 0
21 6 34 35 0
6 21 35 34 0
21 6 35 34 0
7 20 30 39 0
20 7 30 39 0
7 20 39 30 0
20 7 39 30 0
7 20 31 38 0
20 7 31 38 0
7 20 38 31 0
20 7 38 31 0
7 20 32 37 0
20 7 32 37 0
7 20 37 32 0
20 7 37 32 0
7 20 33 36 0
20 7 33 36 0
7 20 36 33 0
20 7 36 33 0
7 20 34 35 0
20 7 34 35 0
7 20 35 34 0
20 7 35 34 0
8 19 30 39 0
19 8 30 39 0
8 19 39 30 0
19 8 39 30 0
8 19 31 38 0
19 8 31 38 0
8 19 38 31 0
19 8 38 31 0
8 19 32 37 0
19 8 32 37 0
8 19 37 32 0
19 8 37 32 0
8 19 33 36 0
19 8 33 36 0
8 19 36 33 0
19 8 36 33 0
8 19 34 35 0
19 8 34 35 0
8 19 35 34 0
19 8 35 34 0
9 18 30 39 0
18 9 30 39 0
9 18 39 30 0
18 9 39 30 0
9 18 31 38 0
18 9 31 38 0
9 18 38 31 0
18 9 38 31 0
9 18 32 37 0
18 9 32 37 0
9 18 37 32 0
18 9 37 32 0
9 18 33 36 0
18 9 33 36 0
9 18 36 33 0
18 9 36 33 0
9 18 34 35 0
18 9 34 35 0
9 18 35 34 0
18 9 35 34 0
7 20 25 44 0
20 7 25 44 0
7 20 44 25 0
20 7 44 25 0
7 20 26 43 0
20 7 26 43 0
7 20 43 26 0
20 7 43 26 0
7 20 27 42 0
20 7 27 42 0
7 20 42 27 0
20 7 42 27 0
7 20 28 41 0
20 7 28 41 0
7 20 41 28 0
20 7 41 28 0
7 20 29 40 0
20 7 29 40 0
7 20 40 29 0
20 7 40 29 0
8 19 25 44 0
19 8 25 44 0
8 19 44 25 0
19 8 44 25 0
8 19 26 43 0
19 8 26 43 0
8 19 43 26 0
19 8 43 26 0
8 19 27 42 0
19 8 27 42 0
8 19 42 27 0
19 8 42 27 0
8 19 28 41 0
19 8 28 41 0
8 19 41 28 0
19 8 41 28 0
8 19 29 40 0
19 8 29 40 0
8 19 40 29 0
19 8 40 29 0
9 18 25 44 0
18 9 25 44 0
9 18 44 25 0
18 9 44 25 0
9 18 26 43 0
18 9 26 43 0
9 18 43 26 0
18 9 43 26 0
9 18 27 42 0
18 9 27 42 0
9 18 42 27 0
18 9 42 27 0
9 18 28 41 0
18 9 28 41 0
9 18 41 28 0
18 9 41 28 0
9 18 29 40 0
18 9 29 40 0
9 18 40 29 0
18 9 40 29 0
10 17 25 44 0
17 10 25 44 0
10 17 44 25 0
17 10 44 25 0
10 17 26 43 0
17 10 26 43 0
10 17 43 26 0
17 10 43 26 0
10 17 27 42 0
17 10 27 42 0
10 17 42 27 0
17 10 42 27 0
10 17 28 41 0
17 10 28 41 0
10 17 41 28 0
17 10 41 28 0
10 17 29 40 0
17 10 29 40 0
10 17 40 29 0
17 10 40 29 0
10 17 30 39 0
17 10 30 39 0
10 17 39 30 0
17 10 39 30 0
10 17 31 38 1
17 10 31 38 1
10 17 38 31 1
17 10 38 31 1
10 17 32 37 2
17 10 32 37 2
10 17 37 32 2
17 10 37 32 2
10 17 33 36 3
17 10 33 36 3
10 17 36 33 3
17 10 36 33 3
10 17 34 35 4
17 10 34 35 4
10 17 35 34 4
17 10 35 34 4
8 19 22 47 0
19 8 22 47 0
8 19 47 22 0
19 8 47 22 0
8 19 23 46 0
19 8 23 46 0
8 19 46 23 0
19 8 46 23 0
8 19 24 45 0
19 8 24 45 0
8 19 45 24 0
19 8 45 24 0
9 18 22 47 0
18 9 22 47 0
9 18 47 22 0
18 9 47 22 0
9 18 23 46 0
18 9 23 46 0
9 18 46 23 0
18 9 46 23 0
9 18 24 45 0
18 9 24 45 0
9 18 45 24 0
18 9 45 24 0
10 17 22 47 0
17 10 22 47 0
10 17 47 22 0
17 10 47 22 0
10 17 23 46 0
17 10 23 46 0
10 17 46 23 0
17 10 46 23 0
10 17 24 45 0
17 10 24 45 0
10 17 45 24 0
17 10 45 24 0
11 16 22 47 0
16 11 22 47 0
11 16 47 22 0
16 11 47 22 0
11 16 23 46 0
16 11 23 46 0
11 16 46 23 0
16 11 46 23 0
11 16 24 45 0
16 11 24 45 0
11 16 45 24 0
16 11 45 24 0
11 16 25 44 0
16 11 25 44 0
11 16 44 25 0
16 11 44 25 0
11 16 26 43 0
16 11 26 43 0
11 16 43 26 0
16 11 43 26 0
11 16 27 42 0
16 11 27 42 0
11 16 42 27 0
16 11 42 27 0
11 16 28 41 1
16 11 28 41 1
11 16 41 28 1
16 11 41 28 1
11 16 29 40 3
16 11 29 40 3
11 16 40 29 3
16 11 40 29 3
11 16 30 39 7
16 11 30 39 7
11 16 39 30 7
16 11 39 30 7
11 16 31 38 13
16 11 31 38 13
11 16 38 31 13
16 11 38 31 13
11 16 32 37 20
16 11 32 37 20
11 16 37 32 20
16 11 37 32 20
11 16 33 36 26
16 11 33 36 26
11 16 36 33 26
16 11 36 33 26
11 16 34 35 30
16 11 34 35 30
11 16 35 34 30
16 11 35 34 30
9 18 21 48 0
18 9 21 48 0
9 18 48 21 0
18 9 48 21 0
10 17 21 48 0
17 10 21 48 0
10 17 48 21 0
17 10 48 21 0
11 16 21 48 0
16 11 21 48 0
11 16 48 21 0
16 11 48 21 0
12 15 21 48 0
15 12 21 48 0
12 15 48 21 0
15 12 48 21 0
12 15 22 47 0
15 12 22 47 0
12 15 47 22 0
15 12 47 22 0
12 15 23 46 0
15 12 23 46 0
12 15 46 23 0
15 12 46 23 0
12 15 24 45 0
15 12 24 45 0
12 15 45 24 0
15 12 45 24 0
12 15 25 44 0
15 12 25 44 0
12 15 44 25 0
15 12 44 25 0
12 15 26 43 0
15 12 26 43 0
12 15 43 26 0
15 12 43 26 0
12 15 27 42 1
15 12 27 42 1
12 15 42 27 1
15 12 42 27 1
12 15 28 41 4
15 12 28 41 4
12 15 41 28 4
15 12 41 28 4
12 15 29 40 11
15 12 29 40 11
12 15 40 29 11
15 12 40 29 11
12 15 30 39 23
15 12 30 39 23
12 15 39 30 23
15 12 39 30 23
12 15 31 38 39
15 12 31 38 39
12 15 38 31 39
15 12 38 31 39
12 15 32 37 57
15 12 32 37 57
12 15 37 32 57
15 12 37 32 57
12 15 33 36 73
15 12 33 36 73
12 15 36 33 73
15 12 36 33 73
12 15 34 35 82
15 12 34 35 82
12 15 35 34 82
15 12 35 34 82
13 14 22 47 0
14 13 22 47 0
13 14 47 22 0
14 13 47 22 0
13 14 23 46 0
14 13 23 46 0
13 14 46 23 0
14 13 46 23 0
13 14 24 45 0
14 13 24 45 0
13 14 45 24 0
14 13 45 24 0
13 14 25 44 0
14 13 25 44 0
13 14 44 25 0
14 13 44 25 0
13 14 26 43 0
14 13 26 43 0
13 14 43 26 0
14 13 43 26 0
13 14 27 42 2
14 13 27 42 2
13 14 42 27 2
14 13 42 27 2
13 14 28 41 8
14 13 28 41 8
13 14 41 28 8
14 13 41 28 8
13 14 29 40 20
14 13 29 40 20
13 14 40 29 20
14 13 40 29 20
13 14 30 39 39
14 13 30 39 39
13 14 39 30 39
14 13 39 30 39
13 14 31 38 65
14 13 31 38 65
13 14 38 31 65
14 13 38 31 65
13 14 32 37 93
14 13 32 37 93
13 14 37 32 93
14 13 37 32 93
13 14 33 36 117
14 13 33 36 117
13 14 36 33 117
14 13 36 33 117
13 14 34 35 131
14 13 34 35 131
13 14 35 34 131
14 13 35 34 131
10 17 19 50 0
17 10 19 50 0
10 17 50 19 0
17 10 50 19 0
10 17 20 49 0
17 10 20 49 0
10 17 49 20 0
17 10 49 20 0
11 16 19 50 0
16 11 19 50 0
11 16 50 19 0
16 11 50 19 0
11 16 20 49 0
16 11 20 49 0
11 16 49 20 0
16 11 49 20 0
12 15 19 50 0
15 12 19 50 0
12 15 50 19 0
15 12 50 19 0
12 15 20 49 0
15 12 20 49 0
12 15 49 20 0
15 12 49 20 0
13 14 19 50 0
14 13 19 50 0
13 14 50 19 0
14 13 50 19 0
13 14 20 49 0
14 13 20 49 0
13 14 49 20 0
14 13 49 20 0
13 14 21 48 0
14 13 21 48 0
13 14 48 21 0
14 13 48 21 0
12 15 18 51 0
15 12 18 51 0
12 15 51 18 0
15 12 51 18 0
13 14 18 51 0
14 13 18 51 0
13 14 51 18 0
14 13 51 18 0
