(2, 9, 11) 116
(5, 7, 10) 483
(3, 5, 14) 78
(2, 2, 18) 1
(2, 6, 14) 51
(3, 9, 10) 245
(0, 8, 14) 4
(6, 7, 9) 629
(0, 10, 12) 7
(4, 4, 14) 89
(1, 6, 15) 14
(5, 8, 9) 540
(0, 7, 15) 2
(0, 11, 11) 7
(3, 4, 15) 41
(1, 9, 12) 40
(7, 7, 8) 715
(6, 8, 8) 668
(1, 4, 17) 3
(0, 6, 16) 1
(2, 3, 17) 5
(1, 5, 16) 7
(2, 5, 15) 28
(3, 8, 11) 219
(2, 4, 16) 14
(4, 9, 9) 396
(4, 7, 11) 317
(2, 8, 12) 100
(0, 9, 13) 5
(4, 5, 13) 156
(4, 8, 10) 377
(4, 6, 12) 240
(3, 3, 16) 18
(1, 10, 11) 45
(3, 6, 13) 126
(6, 6, 10) 526
(1, 7, 14) 23
(1, 8, 13) 32
(3, 7, 12) 177
(2, 10, 10) 125
(5, 6, 11) 380
(2, 7, 13) 75
(5, 5, 12) 263
(1, 3, 18) 1
