(3, 12, 12) 314
(3, 3, 21) 1
(7, 8, 12) 1457
(4, 6, 17) 120
(2, 6, 19) 10
(8, 9, 10) 2040
(2, 7, 18) 22
(5, 6, 16) 258
(7, 10, 10) 1808
(1, 9, 17) 12
(5, 10, 12) 948
(4, 5, 18) 56
(3, 5, 19) 17
(2, 8, 17) 41
(2, 4, 21) 1
(1, 13, 13) 33
(6, 7, 14) 743
(4, 8, 15) 328
(2, 5, 20) 3
(2, 9, 16) 64
(3, 9, 15) 196
(2, 10, 15) 91
(3, 8, 16) 136
(1, 10, 16) 20
(4, 7, 16) 212
(6, 9, 12) 1265
(0, 11, 16) 2
(3, 6, 18) 42
(2, 11, 14) 112
(1, 6, 20) 1
(6, 8, 13) 1027
(6, 10, 11) 1406
(5, 11, 11) 993
(0, 13, 14) 3
(3, 11, 13) 297
(1, 12, 14) 32
(1, 11, 15) 27
(4, 4, 19) 23
(7, 7, 13) 1103
(8, 8, 11) 1826
(2, 12, 13) 124
(5, 8, 14) 627
(5, 5, 17) 130
(6, 6, 15) 474
(0, 12, 15) 3
(4, 11, 12) 605
(0, 10, 17) 1
(3, 4, 20) 6
(7, 9, 11) 1705
(4, 10, 13) 548
(5, 7, 15) 428
(1, 8, 18) 7
(3, 7, 17) 81
(3, 10, 14) 257
(9, 9, 9) 2151
(5, 9, 13) 808
(1, 7, 19) 3
(4, 9, 14) 446
