10 14 2 46 0
14 10 2 46 0
10 14 46 2 0
14 10 46 2 0
5 19 10 38 3
19 5 10 38 3
5 19 38 10 3
19 5 38 10 3
12 12 3 45 0
12 12 45 3 0
8 16 12 36 210
16 8 12 36 210
8 16 36 12 210
16 8 36 12 210
1 23 15 33 0
23 1 15 33 0
1 23 33 15 0
23 1 33 15 0
8 16 22 26 7583
16 8 22 26 7583
8 16 26 22 7583
16 8 26 22 7583
3 21 24 24 301
21 3 24 24 301
6 18 13 35 132
18 6 13 35 132
6 18 35 13 132
18 6 35 13 132
4 20 21 27 626
20 4 21 27 626
4 20 27 21 626
20 4 27 21 626
5 19 5 43 0
19 5 5 43 0
5 19 43 5 0
19 5 43 5 0
11 13 19 29 9259
13 11 19 29 9259
11 13 29 19 9259
13 11 29 19 9259
4 20 9 39 0
20 4 9 39 0
4 20 39 9 0
20 4 39 9 0
3 21 9 39 0
21 3 9 39 0
3 21 39 9 0
21 3 39 9 0
6 18 20 28 2244
18 6 20 28 2244
6 18 28 20 2244
18 6 28 20 2244
4 20 13 35 22
20 4 13 35 22
4 20 35 13 22
20 4 35 13 22
6 18 21 27 2657
18 6 21 27 2657
6 18 27 21 2657
18 6 27 21 2657
9 15 13 35 593
15 9 13 35 593
9 15 35 13 593
15 9 35 13 593
0 24 19 29 0
24 0 19 29 0
0 24 29 19 0
24 0 29 19 0
9 15 5 43 0
15 9 5 43 0
9 15 43 5 0
15 9 43 5 0
5 19 15 33 199
19 5 15 33 199
5 19 33 15 199
19 5 33 15 199
1 23 11 37 0
23 1 11 37 0
1 23 37 11 0
23 1 37 11 0
8 16 7 41 0
16 8 7 41 0
8 16 41 7 0
16 8 41 7 0
2 22 19 29 41
22 2 19 29 41
2 22 29 19 41
22 2 29 19 41
2 22 18 30 28
22 2 18 30 28
2 22 30 18 28
22 2 30 18 28
12 12 22 26 15309
12 12 26 22 15309
12 12 8 40 9
12 12 40 8 9
11 13 10 38 99
13 11 10 38 99
11 13 38 10 99
13 11 38 10 99
4 20 12 36 9
20 4 12 36 9
4 20 36 12 9
20 4 36 12 9
10 14 9 39 28
14 10 9 39 28
10 14 39 9 28
14 10 39 9 28
1 23 10 38 0
23 1 10 38 0
1 23 38 10 0
23 1 38 10 0
5 19 9 39 0
19 5 9 39 0
5 19 39 9 0
19 5 39 9 0
2 22 22 26 80
22 2 22 26 80
2 22 26 22 80
22 2 26 22 80
7 17 24 24 5506
17 7 24 24 5506
3 21 20 28 191
21 3 20 28 191
3 21 28 20 191
21 3 28 20 191
8 16 13 35 412
16 8 13 35 412
8 16 35 13 412
16 8 35 13 412
8 16 2 46 0
16 8 2 46 0
8 16 46 2 0
16 8 46 2 0
9 15 3 45 0
15 9 3 45 0
9 15 45 3 0
15 9 45 3 0
0 24 23 25 1
24 0 23 25 1
0 24 25 23 1
24 0 25 23 1
5 19 19 29 923
19 5 19 29 923
5 19 29 19 923
19 5 29 19 923
8 16 5 43 0
16 8 5 43 0
8 16 43 5 0
16 8 43 5 0
4 20 19 29 409
20 4 19 29 409
4 20 29 19 409
20 4 29 19 409
7 17 6 42 0
17 7 6 42 0
7 17 42 6 0
17 7 42 6 0
8 16 6 42 0
16 8 6 42 0
8 16 42 6 0
16 8 42 6 0
12 12 18 30 7572
12 12 30 18 7572
12 12 6 42 0
12 12 42 6 0
3 21 16 32 44
21 3 16 32 44
3 21 32 16 44
21 3 32 16 44
12 12 15 33 2638
12 12 33 15 2638
11 13 22 26 14662
13 11 22 26 14662
11 13 26 22 14662
13 11 26 22 14662
9 15 12 36 310
15 9 12 36 310
9 15 36 12 310
15 9 36 12 310
7 17 7 41 0
17 7 7 41 0
7 17 41 7 0
17 7 41 7 0
5 19 23 25 1683
19 5 23 25 1683
5 19 25 23 1683
19 5 25 23 1683
11 13 6 42 0
13 11 6 42 0
11 13 42 6 0
13 11 42 6 0
12 12 2 46 0
12 12 46 2 0
5 19 17 31 490
19 5 17 31 490
5 19 31 17 490
19 5 31 17 490
6 18 15 33 423
18 6 15 33 423
6 18 33 15 423
18 6 33 15 423
6 18 5 43 0
18 6 5 43 0
6 18 43 5 0
18 6 43 5 0
7 17 3 45 0
17 7 3 45 0
7 17 45 3 0
17 7 45 3 0
11 13 9 39 33
13 11 9 39 33
11 13 39 9 33
13 11 39 9 33
6 18 22 26 2988
18 6 22 26 2988
6 18 26 22 2988
18 6 26 22 2988
3 21 17 31 70
21 3 17 31 70
3 21 31 17 70
21 3 31 17 70
8 16 10 38 38
16 8 10 38 38
8 16 38 10 38
16 8 38 10 38
7 17 13 35 249
17 7 13 35 249
7 17 35 13 249
17 7 35 13 249
12 12 21 27 13749
12 12 27 21 13749
11 13 1 47 0
13 11 1 47 0
11 13 47 1 0
13 11 47 1 0
4 20 24 24 789
20 4 24 24 789
8 16 15 33 1208
16 8 15 33 1208
8 16 33 15 1208
16 8 33 15 1208
2 22 12 36 0
22 2 12 36 0
2 22 36 12 0
22 2 36 12 0
5 19 13 35 57
19 5 13 35 57
5 19 35 13 57
19 5 35 13 57
5 19 24 24 1730
19 5 24 24 1730
10 14 13 35 779
14 10 13 35 779
10 14 35 13 779
14 10 35 13 779
6 18 12 36 63
18 6 12 36 63
6 18 36 12 63
18 6 36 12 63
5 19 4 44 0
19 5 4 44 0
5 19 44 4 0
19 5 44 4 0
0 24 16 32 0
24 0 16 32 0
0 24 32 16 0
24 0 32 16 0
4 20 11 37 3
20 4 11 37 3
4 20 37 11 3
20 4 37 11 3
3 21 13 35 5
21 3 13 35 5
3 21 35 13 5
21 3 35 13 5
3 21 6 42 0
21 3 6 42 0
3 21 42 6 0
21 3 42 6 0
1 23 18 30 4
23 1 18 30 4
1 23 30 18 4
23 1 30 18 4
1 23 19 29 6
23 1 19 29 6
1 23 29 19 6
23 1 29 19 6
9 15 21 27 9267
15 9 21 27 9267
9 15 27 21 9267
15 9 27 21 9267
12 12 17 31 5626
12 12 31 17 5626
4 20 23 25 769
20 4 23 25 769
4 20 25 23 769
20 4 25 23 769
6 18 9 39 2
18 6 9 39 2
6 18 39 9 2
18 6 39 9 2
7 17 18 30 2371
17 7 18 30 2371
7 17 30 18 2371
17 7 30 18 2371
10 14 24 24 14054
14 10 24 24 14054
9 15 11 37 143
15 9 11 37 143
9 15 37 11 143
15 9 37 11 143
7 17 10 38 21
17 7 10 38 21
7 17 38 10 21
17 7 38 10 21
5 19 22 26 1568
19 5 22 26 1568
5 19 26 22 1568
19 5 26 22 1568
2 22 24 24 90
22 2 24 24 90
9 15 18 30 5039
15 9 18 30 5039
9 15 30 18 5039
15 9 30 18 5039
7 17 12 36 125
17 7 12 36 125
7 17 36 12 125
17 7 36 12 125
8 16 18 30 3643
16 8 18 30 3643
8 16 30 18 3643
16 8 30 18 3643
11 13 23 25 15629
13 11 23 25 15629
11 13 25 23 15629
13 11 25 23 15629
10 14 15 33 2183
14 10 15 33 2183
10 14 33 15 2183
14 10 33 15 2183
10 14 22 26 12884
14 10 22 26 12884
10 14 26 22 12884
14 10 26 22 12884
2 22 15 33 5
22 2 15 33 5
2 22 33 15 5
22 2 33 15 5
9 15 2 46 0
15 9 2 46 0
9 15 46 2 0
15 9 46 2 0
9 15 19 29 6475
15 9 19 29 6475
9 15 29 19 6475
15 9 29 19 6475
0 24 15 33 0
24 0 15 33 0
0 24 33 15 0
24 0 33 15 0
9 15 16 32 2597
15 9 16 32 2597
9 15 32 16 2597
15 9 32 16 2597
8 16 11 37 96
16 8 11 37 96
8 16 37 11 96
16 8 37 11 96
9 15 23 25 11047
15 9 23 25 11047
9 15 25 23 11047
15 9 25 23 11047
2 22 21 27 69
22 2 21 27 69
2 22 27 21 69
22 2 27 21 69
3 21 23 25 290
21 3 23 25 290
3 21 25 23 290
21 3 25 23 290
8 16 9 39 11
16 8 9 39 11
8 16 39 9 11
16 8 39 9 11
12 12 20 28 11805
12 12 28 20 11805
8 16 3 45 0
16 8 3 45 0
8 16 45 3 0
16 8 45 3 0
1 23 14 34 0
23 1 14 34 0
1 23 34 14 0
23 1 34 14 0
11 13 16 32 3789
13 11 16 32 3789
11 13 32 16 3789
13 11 32 16 3789
7 17 17 31 1720
17 7 17 31 1720
7 17 31 17 1720
17 7 31 17 1720
2 22 16 32 10
22 2 16 32 10
2 22 32 16 10
22 2 32 16 10
8 16 19 29 4710
16 8 19 29 4710
8 16 29 19 4710
16 8 29 19 4710
6 18 19 29 1805
18 6 19 29 1805
6 18 29 19 1805
18 6 29 19 1805
8 16 4 44 0
16 8 4 44 0
8 16 44 4 0
16 8 44 4 0
3 21 15 33 24
21 3 15 33 24
3 21 33 15 24
21 3 33 15 24
11 13 20 28 11301
13 11 20 28 11301
11 13 28 20 11301
13 11 28 20 11301
10 14 23 25 13751
14 10 23 25 13751
10 14 25 23 13751
14 10 25 23 13751
6 18 16 32 669
18 6 16 32 669
6 18 32 16 669
18 6 32 16 669
3 21 8 40 0
21 3 8 40 0
3 21 40 8 0
21 3 40 8 0
12 12 24 24 16688
8 16 16 32 1854
16 8 16 32 1854
8 16 32 16 1854
16 8 32 16 1854
12 12 16 32 3967
12 12 32 16 3967
11 13 15 33 2511
13 11 15 33 2511
11 13 33 15 2511
13 11 33 15 2511
5 19 20 28 1163
19 5 20 28 1163
5 19 28 20 1163
19 5 28 20 1163
2 22 9 39 0
22 2 9 39 0
2 22 39 9 0
22 2 39 9 0
9 15 7 41 0
15 9 7 41 0
9 15 41 7 0
15 9 41 7 0
4 20 5 43 0
20 4 5 43 0
4 20 43 5 0
20 4 43 5 0
0 24 21 27 1
24 0 21 27 1
0 24 27 21 1
24 0 27 21 1
4 20 15 33 81
20 4 15 33 81
4 20 33 15 81
20 4 33 15 81
8 16 21 27 6782
16 8 21 27 6782
8 16 27 21 6782
16 8 27 21 6782
12 12 19 29 9686
12 12 29 19 9686
10 14 3 45 0
14 10 3 45 0
10 14 45 3 0
14 10 45 3 0
5 19 21 27 1383
19 5 21 27 1383
5 19 27 21 1383
19 5 27 21 1383
11 13 12 36 481
13 11 12 36 481
11 13 36 12 481
13 11 36 12 481
5 19 12 36 26
19 5 12 36 26
5 19 36 12 26
19 5 36 12 26
12 12 10 38 104
12 12 38 10 104
3 21 18 30 107
21 3 18 30 107
3 21 30 18 107
21 3 30 18 107
1 23 23 25 16
23 1 23 25 16
1 23 25 23 16
23 1 25 23 16
12 12 23 25 16329
12 12 25 23 16329
7 17 11 37 54
17 7 11 37 54
7 17 37 11 54
17 7 37 11 54
8 16 24 24 8293
16 8 24 24 8293
10 14 14 34 1352
14 10 14 34 1352
10 14 34 14 1352
14 10 34 14 1352
12 12 1 47 0
12 12 47 1 0
4 20 16 32 136
20 4 16 32 136
4 20 32 16 136
20 4 32 16 136
1 23 20 28 9
23 1 20 28 9
1 23 28 20 9
23 1 28 20 9
10 14 18 30 6331
14 10 18 30 6331
10 14 30 18 6331
14 10 30 18 6331
9 15 9 39 18
15 9 9 39 18
9 15 39 9 18
15 9 39 9 18
6 18 24 24 3285
18 6 24 24 3285
3 21 21 27 233
21 3 21 27 233
3 21 27 21 233
21 3 27 21 233
5 19 7 41 0
19 5 7 41 0
5 19 41 7 0
19 5 41 7 0
10 14 1 47 0
14 10 1 47 0
10 14 47 1 0
14 10 47 1 0
3 21 11 37 0
21 3 11 37 0
3 21 37 11 0
21 3 37 11 0
0 24 24 24 1
24 0 24 24 1
1 23 21 27 12
23 1 21 27 12
1 23 27 21 12
23 1 27 21 12
7 17 21 27 4475
17 7 21 27 4475
7 17 27 21 4475
17 7 27 21 4475
7 17 9 39 5
17 7 9 39 5
7 17 39 9 5
17 7 39 9 5
6 18 17 31 988
18 6 17 31 988
6 18 31 17 988
18 6 31 17 988
12 12 13 35 951
12 12 35 13 951
12 12 14 34 1642
12 12 34 14 1642
0 24 18 30 0
24 0 18 30 0
0 24 30 18 0
24 0 30 18 0
11 13 17 31 5370
13 11 17 31 5370
11 13 31 17 5370
13 11 31 17 5370
4 20 10 38 1
20 4 10 38 1
4 20 38 10 1
20 4 38 10 1
1 23 17 31 2
23 1 17 31 2
1 23 31 17 2
23 1 31 17 2
10 14 20 28 9912
14 10 20 28 9912
10 14 28 20 9912
14 10 28 20 9912
0 24 22 26 1
24 0 22 26 1
0 24 26 22 1
24 0 26 22 1
1 23 24 24 17
23 1 24 24 17
2 22 11 37 0
22 2 11 37 0
2 22 37 11 0
22 2 37 11 0
8 16 23 25 8109
16 8 23 25 8109
8 16 25 23 8109
16 8 25 23 8109
10 14 10 38 83
14 10 10 38 83
10 14 38 10 83
14 10 38 10 83
4 20 7 41 0
20 4 7 41 0
4 20 41 7 0
20 4 41 7 0
8 16 14 34 733
16 8 14 34 733
8 16 34 14 733
16 8 34 14 733
4 20 4 44 0
20 4 4 44 0
4 20 44 4 0
20 4 44 4 0
7 17 22 26 5024
17 7 22 26 5024
7 17 26 22 5024
17 7 26 22 5024
12 12 11 37 244
12 12 37 11 244
2 22 7 41 0
22 2 7 41 0
2 22 41 7 0
22 2 41 7 0
10 14 8 40 7
14 10 8 40 7
10 14 40 8 7
14 10 40 8 7
4 20 14 34 44
20 4 14 34 44
4 20 34 14 44
20 4 34 14 44
10 14 4 44 0
14 10 4 44 0
10 14 44 4 0
14 10 44 4 0
6 18 11 37 26
18 6 11 37 26
6 18 37 11 26
18 6 37 11 26
3 21 7 41 0
21 3 7 41 0
3 21 41 7 0
21 3 41 7 0
7 17 15 33 759
17 7 15 33 759
7 17 33 15 759
17 7 33 15 759
6 18 8 40 0
18 6 8 40 0
6 18 40 8 0
18 6 40 8 0
9 15 15 33 1703
15 9 15 33 1703
9 15 33 15 1703
15 9 33 15 1703
10 14 6 42 0
14 10 6 42 0
10 14 42 6 0
14 10 42 6 0
11 13 5 43 0
13 11 5 43 0
11 13 43 5 0
13 11 43 5 0
4 20 17 31 210
20 4 17 31 210
4 20 31 17 210
20 4 31 17 210
9 15 6 42 0
15 9 6 42 0
9 15 42 6 0
15 9 42 6 0
11 13 7 41 1
13 11 7 41 1
11 13 41 7 1
13 11 41 7 1
8 16 8 40 2
16 8 8 40 2
8 16 40 8 2
16 8 40 8 2
11 13 2 46 0
13 11 2 46 0
11 13 46 2 0
13 11 46 2 0
11 13 8 40 9
13 11 8 40 9
11 13 40 8 9
13 11 40 8 9
2 22 23 25 88
22 2 23 25 88
2 22 25 23 88
22 2 25 23 88
9 15 24 24 11306
15 9 24 24 11306
12 12 4 44 0
12 12 44 4 0
0 24 20 28 0
24 0 20 28 0
0 24 28 20 0
24 0 28 20 0
8 16 20 28 5786
16 8 20 28 5786
8 16 28 20 5786
16 8 28 20 5786
3 21 12 36 2
21 3 12 36 2
3 21 36 12 2
21 3 36 12 2
10 14 12 36 411
14 10 12 36 411
10 14 36 12 411
14 10 36 12 411
10 14 5 43 0
14 10 5 43 0
10 14 43 5 0
14 10 43 5 0
5 19 11 37 9
19 5 11 37 9
5 19 37 11 9
19 5 37 11 9
2 22 10 38 0
22 2 10 38 0
2 22 38 10 0
22 2 38 10 0
4 20 22 26 712
20 4 22 26 712
4 20 26 22 712
20 4 26 22 712
11 13 21 27 13153
13 11 21 27 13153
11 13 27 21 13153
13 11 27 21 13153
12 12 12 36 506
12 12 36 12 506
7 17 4 44 0
17 7 4 44 0
7 17 44 4 0
17 7 44 4 0
11 13 11 37 230
13 11 11 37 230
11 13 37 11 230
13 11 37 11 230
11 13 14 34 1565
13 11 14 34 1565
11 13 34 14 1565
13 11 34 14 1565
1 23 22 26 15
23 1 22 26 15
1 23 26 22 15
23 1 26 22 15
3 21 14 34 12
21 3 14 34 12
3 21 34 14 12
21 3 34 14 12
7 17 8 40 1
17 7 8 40 1
7 17 40 8 1
17 7 40 8 1
10 14 11 37 197
14 10 11 37 197
10 14 37 11 197
14 10 37 11 197
1 23 12 36 0
23 1 12 36 0
1 23 36 12 0
23 1 36 12 0
11 13 13 35 902
13 11 13 35 902
11 13 35 13 902
13 11 35 13 902
11 13 24 24 15984
13 11 24 24 15984
4 20 6 42 0
20 4 6 42 0
4 20 42 6 0
20 4 42 6 0
1 23 16 32 1
23 1 16 32 1
1 23 32 16 1
23 1 32 16 1
5 19 18 30 697
19 5 18 30 697
5 19 30 18 697
19 5 30 18 697
11 13 3 45 0
13 11 3 45 0
11 13 45 3 0
13 11 45 3 0
11 13 18 30 7241
13 11 18 30 7241
11 13 30 18 7241
13 11 30 18 7241
6 18 3 45 0
18 6 3 45 0
6 18 45 3 0
18 6 45 3 0
5 19 8 40 0
19 5 8 40 0
5 19 40 8 0
19 5 40 8 0
4 20 18 30 303
20 4 18 30 303
4 20 30 18 303
20 4 30 18 303
6 18 23 25 3207
18 6 23 25 3207
6 18 25 23 3207
18 6 25 23 3207
5 19 14 34 113
19 5 14 34 113
5 19 34 14 113
19 5 34 14 113
3 21 22 26 269
21 3 22 26 269
3 21 26 22 269
21 3 26 22 269
7 17 23 25 5373
17 7 23 25 5373
7 17 25 23 5373
17 7 25 23 5373
2 22 8 40 0
22 2 8 40 0
2 22 40 8 0
22 2 40 8 0
10 14 16 32 3297
14 10 16 32 3297
10 14 32 16 3297
14 10 32 16 3297
9 15 4 44 0
15 9 4 44 0
9 15 44 4 0
15 9 44 4 0
6 18 6 42 0
18 6 6 42 0
6 18 42 6 0
18 6 42 6 0
9 15 22 26 10352
15 9 22 26 10352
9 15 26 22 10352
15 9 26 22 10352
0 24 17 31 0
24 0 17 31 0
0 24 31 17 0
24 0 31 17 0
9 15 8 40 4
15 9 8 40 4
9 15 40 8 4
15 9 40 8 4
5 19 16 32 327
19 5 16 32 327
5 19 32 16 327
19 5 32 16 327
4 20 8 40 0
20 4 8 40 0
4 20 40 8 0
20 4 40 8 0
9 15 20 28 7937
15 9 20 28 7937
9 15 28 20 7937
15 9 28 20 7937
10 14 19 29 8119
14 10 19 29 8119
10 14 29 19 8119
14 10 29 19 8119
11 13 4 44 0
13 11 4 44 0
11 13 44 4 0
13 11 44 4 0
12 12 7 41 1
12 12 41 7 1
9 15 14 34 1047
15 9 14 34 1047
9 15 34 14 1047
15 9 34 14 1047
6 18 4 44 0
18 6 4 44 0
6 18 44 4 0
18 6 44 4 0
7 17 2 46 0
17 7 2 46 0
7 17 46 2 0
17 7 46 2 0
7 17 19 29 3079
17 7 19 29 3079
7 17 29 19 3079
17 7 29 19 3079
7 17 14 34 455
17 7 14 34 455
7 17 34 14 455
17 7 34 14 455
12 12 5 43 0
12 12 43 5 0
2 22 14 34 2
22 2 14 34 2
2 22 34 14 2
22 2 34 14 2
1 23 13 35 0
23 1 13 35 0
1 23 35 13 0
23 1 35 13 0
7 17 16 32 1185
17 7 16 32 1185
7 17 32 16 1185
17 7 32 16 1185
2 22 20 28 54
22 2 20 28 54
2 22 28 20 54
22 2 28 20 54
9 15 10 38 59
15 9 10 38 59
9 15 38 10 59
15 9 38 10 59
7 17 5 43 0
17 7 5 43 0
7 17 43 5 0
17 7 43 5 0
2 22 13 35 1
22 2 13 35 1
2 22 35 13 1
22 2 35 13 1
2 22 17 31 18
22 2 17 31 18
2 22 31 17 18
22 2 31 17 18
4 20 20 28 519
20 4 20 28 519
4 20 28 20 519
20 4 28 20 519
3 21 10 38 0
21 3 10 38 0
3 21 38 10 0
21 3 38 10 0
9 15 17 31 3710
15 9 17 31 3710
9 15 31 17 3710
15 9 31 17 3710
6 18 7 41 0
18 6 7 41 0
6 18 41 7 0
18 6 41 7 0
10 14 7 41 1
14 10 7 41 1
10 14 41 7 1
14 10 41 7 1
10 14 21 27 11560
14 10 21 27 11560
10 14 27 21 11560
14 10 27 21 11560
6 18 18 30 1375
18 6 18 30 1375
6 18 30 18 1375
18 6 30 18 1375
3 21 19 29 146
21 3 19 29 146
3 21 29 19 146
21 3 29 19 146
10 14 17 31 4692
14 10 17 31 4692
10 14 31 17 4692
14 10 31 17 4692
7 17 20 28 3809
17 7 20 28 3809
7 17 28 20 3809
17 7 28 20 3809
12 12 9 39 36
12 12 39 9 36
6 18 10 38 9
18 6 10 38 9
6 18 38 10 9
18 6 38 10 9
8 16 17 31 2672
16 8 17 31 2672
8 16 31 17 2672
16 8 31 17 2672
5 19 6 42 0
19 5 6 42 0
5 19 42 6 0
19 5 42 6 0
6 18 14 34 246
18 6 14 34 246
6 18 34 14 246
18 6 34 14 246
