2 18 8 33 0
18 2 8 33 0
2 18 33 8 0
18 2 33 8 0
4 16 20 21 1140
16 4 20 21 1140
4 16 21 20 1140
16 4 21 20 1140
10 10 14 27 2644
10 10 27 14 2644
10 10 16 25 4629
10 10 25 16 4629
9 11 14 27 2509
11 9 14 27 2509
9 11 27 14 2509
11 9 27 14 2509
0 20 15 26 1
20 0 15 26 1
0 20 26 15 1
20 0 26 15 1
4 16 6 35 0
16 4 6 35 0
4 16 35 6 0
16 4 35 6 0
9 11 18 23 6237
11 9 18 23 6237
9 11 23 18 6237
11 9 23 18 6237
10 10 17 24 5650
10 10 24 17 5650
10 10 10 31 380
10 10 31 10 380
4 16 5 36 0
16 4 5 36 0
4 16 36 5 0
16 4 36 5 0
6 14 5 36 0
14 6 5 36 0
6 14 36 5 0
14 6 36 5 0
5 15 7 34 2
15 5 7 34 2
5 15 34 7 2
15 5 34 7 2
2 18 9 32 1
18 2 9 32 1
2 18 32 9 1
18 2 32 9 1
1 19 17 24 35
19 1 17 24 35
1 19 24 17 35
19 1 24 17 35
2 18 10 31 3
18 2 10 31 3
2 18 31 10 3
18 2 31 10 3
1 19 14 27 11
19 1 14 27 11
1 19 27 14 11
19 1 27 14 11
0 20 19 22 5
20 0 19 22 5
0 20 22 19 5
20 0 22 19 5
6 14 14 27 1129
14 6 14 27 1129
6 14 27 14 1129
14 6 27 14 1129
2 18 6 35 0
18 2 6 35 0
2 18 35 6 0
18 2 35 6 0
4 16 12 29 139
16 4 12 29 139
4 16 29 12 139
16 4 29 12 139
7 13 4 37 0
13 7 4 37 0
7 13 37 4 0
13 7 37 4 0
2 18 4 37 0
18 2 4 37 0
2 18 37 4 0
18 2 37 4 0
2 18 13 28 31
18 2 13 28 31
2 18 28 13 31
18 2 28 13 31
10 10 12 29 1171
10 10 29 12 1171
4 16 19 22 1080
16 4 19 22 1080
4 16 22 19 1080
16 4 22 19 1080
2 18 16 25 106
18 2 16 25 106
2 18 25 16 106
18 2 25 16 106
1 19 6 35 0
19 1 6 35 0
1 19 35 6 0
19 1 35 6 0
5 15 18 23 1807
15 5 18 23 1807
5 15 23 18 1807
15 5 23 18 1807
5 15 13 28 451
15 5 13 28 451
5 15 28 13 451
15 5 28 13 451
9 11 11 30 653
11 9 11 30 653
9 11 30 11 653
11 9 30 11 653
5 15 5 36 0
15 5 5 36 0
5 15 36 5 0
15 5 36 5 0
7 13 14 27 1649
13 7 14 27 1649
7 13 27 14 1649
13 7 27 14 1649
3 17 7 34 0
17 3 7 34 0
3 17 34 7 0
17 3 34 7 0
9 11 1 40 0
11 9 1 40 0
9 11 40 1 0
11 9 40 1 0
7 13 16 25 2930
13 7 16 25 2930
7 13 25 16 2930
13 7 25 16 2930
10 10 19 22 7209
10 10 22 19 7209
4 16 13 28 230
16 4 13 28 230
4 16 28 13 230
16 4 28 13 230
6 14 9 32 67
14 6 9 32 67
6 14 32 9 67
14 6 32 9 67
4 16 14 27 351
16 4 14 27 351
4 16 27 14 351
16 4 27 14 351
8 12 8 33 58
12 8 8 33 58
8 12 33 8 58
12 8 33 8 58
8 12 18 23 5383
12 8 18 23 5383
8 12 23 18 5383
12 8 23 18 5383
10 10 4 37 0
10 10 37 4 0
10 10 20 21 7561
10 10 21 20 7561
1 19 10 31 0
19 1 10 31 0
1 19 31 10 0
19 1 31 10 0
3 17 8 33 1
17 3 8 33 1
3 17 33 8 1
17 3 33 8 1
0 20 14 27 0
20 0 14 27 0
0 20 27 14 0
20 0 27 14 0
7 13 2 39 0
13 7 2 39 0
7 13 39 2 0
13 7 39 2 0
2 18 5 36 0
18 2 5 36 0
2 18 36 5 0
18 2 36 5 0
10 10 15 26 3601
10 10 26 15 3601
3 17 12 29 56
17 3 12 29 56
3 17 29 12 56
17 3 29 12 56
7 13 8 33 41
13 7 8 33 41
7 13 33 8 41
13 7 33 8 41
9 11 19 22 6869
11 9 19 22 6869
9 11 22 19 6869
11 9 22 19 6869
6 14 20 21 3392
14 6 20 21 3392
6 14 21 20 3392
14 6 21 20 3392
1 19 9 32 0
19 1 9 32 0
1 19 32 9 0
19 1 32 9 0
8 12 13 28 1474
12 8 13 28 1474
8 12 28 13 1474
12 8 28 13 1474
8 12 19 22 5933
12 8 19 22 5933
8 12 22 19 5933
12 8 22 19 5933
7 13 7 34 12
13 7 7 34 12
7 13 34 7 12
13 7 34 7 12
0 20 13 28 0
20 0 13 28 0
0 20 28 13 0
20 0 28 13 0
6 14 6 35 1
14 6 6 35 1
6 14 35 6 1
14 6 35 6 1
7 13 18 23 4180
13 7 18 23 4180
7 13 23 18 4180
13 7 23 18 4180
8 12 5 36 0
12 8 5 36 0
8 12 36 5 0
12 8 36 5 0
10 10 7 34 26
10 10 34 7 26
7 13 9 32 105
13 7 9 32 105
7 13 32 9 105
13 7 32 9 105
8 12 12 29 940
12 8 12 29 940
8 12 29 12 940
12 8 29 12 940
2 18 19 22 186
18 2 19 22 186
2 18 22 19 186
18 2 22 19 186
3 17 4 37 0
17 3 4 37 0
3 17 37 4 0
17 3 37 4 0
5 15 19 22 2003
15 5 19 22 2003
5 15 22 19 2003
15 5 22 19 2003
4 16 17 24 824
16 4 17 24 824
4 16 24 17 824
16 4 24 17 824
6 14 19 22 3227
14 6 19 22 3227
6 14 22 19 3227
14 6 22 19 3227
4 16 11 30 76
16 4 11 30 76
4 16 30 11 76
16 4 30 11 76
5 15 9 32 34
15 5 9 32 34
5 15 32 9 34
15 5 32 9 34
1 19 20 21 53
19 1 20 21 53
1 19 21 20 53
19 1 21 20 53
3 17 9 32 5
17 3 9 32 5
3 17 32 9 5
17 3 32 9 5
5 15 20 21 2109
15 5 20 21 2109
5 15 21 20 2109
15 5 21 20 2109
3 17 14 27 151
17 3 14 27 151
3 17 27 14 151
17 3 27 14 151
4 16 18 23 971
16 4 18 23 971
4 16 23 18 971
16 4 23 18 971
6 14 3 38 0
14 6 3 38 0
6 14 38 3 0
14 6 38 3 0
4 16 2 39 0
16 4 2 39 0
4 16 39 2 0
16 4 39 2 0
7 13 13 28 1124
13 7 13 28 1124
7 13 28 13 1124
13 7 28 13 1124
5 15 16 25 1244
15 5 16 25 1244
5 15 25 16 1244
15 5 25 16 1244
5 15 6 35 0
15 5 6 35 0
5 15 35 6 0
15 5 35 6 0
4 16 15 26 498
16 4 15 26 498
4 16 26 15 498
16 4 26 15 498
4 16 8 33 5
16 4 8 33 5
4 16 33 8 5
16 4 33 8 5
6 14 16 25 2031
14 6 16 25 2031
6 14 25 16 2031
14 6 25 16 2031
1 19 12 29 3
19 1 12 29 3
1 19 29 12 3
19 1 29 12 3
9 11 13 28 1726
11 9 13 28 1726
9 11 28 13 1726
11 9 28 13 1726
7 13 3 38 0
13 7 3 38 0
7 13 38 3 0
13 7 38 3 0
10 10 0 41 0
10 10 41 0 0
8 12 1 40 0
12 8 1 40 0
8 12 40 1 0
12 8 40 1 0
2 18 11 30 8
18 2 11 30 8
2 18 30 11 8
18 2 30 11 8
4 16 4 37 0
16 4 4 37 0
4 16 37 4 0
16 4 37 4 0
9 11 5 36 0
11 9 5 36 0
9 11 36 5 0
11 9 36 5 0
0 20 12 29 0
20 0 12 29 0
0 20 29 12 0
20 0 29 12 0
5 15 15 26 949
15 5 15 26 949
5 15 26 15 949
15 5 26 15 949
10 10 5 36 1
10 10 36 5 1
9 11 17 24 5379
11 9 17 24 5379
9 11 24 17 5379
11 9 24 17 5379
3 17 20 21 523
17 3 20 21 523
3 17 21 20 523
17 3 21 20 523
6 14 13 28 763
14 6 13 28 763
6 14 28 13 763
14 6 28 13 763
9 11 2 39 0
11 9 2 39 0
9 11 39 2 0
11 9 39 2 0
10 10 9 32 187
10 10 32 9 187
9 11 10 31 354
11 9 10 31 354
9 11 31 10 354
11 9 31 10 354
2 18 20 21 198
18 2 20 21 198
2 18 21 20 198
18 2 21 20 198
3 17 17 24 372
17 3 17 24 372
3 17 24 17 372
17 3 24 17 372
10 10 18 23 6548
10 10 23 18 6548
7 13 1 40 0
13 7 1 40 0
7 13 40 1 0
13 7 40 1 0
7 13 20 21 4843
13 7 20 21 4843
7 13 21 20 4843
13 7 21 20 4843
8 12 9 32 144
12 8 9 32 144
8 12 32 9 144
12 8 32 9 144
3 17 16 25 294
17 3 16 25 294
3 17 25 16 294
17 3 25 16 294
10 10 11 30 696
10 10 30 11 696
3 17 6 35 0
17 3 6 35 0
3 17 35 6 0
17 3 35 6 0
9 11 6 35 4
11 9 6 35 4
9 11 35 6 4
11 9 35 6 4
10 10 6 35 6
10 10 35 6 6
10 10 8 33 78
10 10 33 8 78
4 16 9 32 16
16 4 9 32 16
4 16 32 9 16
16 4 32 9 16
8 12 7 34 18
12 8 7 34 18
8 12 34 7 18
12 8 34 7 18
1 19 15 26 18
19 1 15 26 18
1 19 26 15 18
19 1 26 15 18
3 17 19 22 494
17 3 19 22 494
3 17 22 19 494
17 3 22 19 494
10 10 2 39 0
10 10 39 2 0
1 19 13 28 6
19 1 13 28 6
1 19 28 13 6
19 1 28 13 6
3 17 15 26 219
17 3 15 26 219
3 17 26 15 219
17 3 26 15 219
8 12 15 26 2939
12 8 15 26 2939
8 12 26 15 2939
12 8 26 15 2939
8 12 17 24 4637
12 8 17 24 4637
8 12 24 17 4637
12 8 24 17 4637
2 18 14 27 51
18 2 14 27 51
2 18 27 14 51
18 2 27 14 51
6 14 10 31 144
14 6 10 31 144
6 14 31 10 144
14 6 31 10 144
10 10 1 40 0
10 10 40 1 0
9 11 7 34 22
11 9 7 34 22
9 11 34 7 22
11 9 34 7 22
7 13 15 26 2265
13 7 15 26 2265
7 13 26 15 2265
13 7 26 15 2265
5 15 14 27 678
15 5 14 27 678
5 15 27 14 678
15 5 27 14 678
0 20 16 25 2
20 0 16 25 2
0 20 25 16 2
20 0 25 16 2
8 12 16 25 3790
12 8 16 25 3790
8 12 25 16 3790
12 8 25 16 3790
8 12 14 27 2149
12 8 14 27 2149
8 12 27 14 2149
12 8 27 14 2149
9 11 15 26 3422
11 9 15 26 3422
9 11 26 15 3422
11 9 26 15 3422
8 12 20 21 6226
12 8 20 21 6226
8 12 21 20 6226
12 8 21 20 6226
8 12 6 35 3
12 8 6 35 3
8 12 35 6 3
12 8 35 6 3
10 10 13 28 1823
10 10 28 13 1823
4 16 3 38 0
16 4 3 38 0
4 16 38 3 0
16 4 38 3 0
8 12 2 39 0
12 8 2 39 0
8 12 39 2 0
12 8 39 2 0
1 19 18 23 43
19 1 18 23 43
1 19 23 18 43
19 1 23 18 43
8 12 3 38 0
12 8 3 38 0
8 12 38 3 0
12 8 38 3 0
0 20 18 23 4
20 0 18 23 4
0 20 23 18 4
20 0 23 18 4
8 12 4 37 0
12 8 4 37 0
8 12 37 4 0
12 8 37 4 0
3 17 11 30 29
17 3 11 30 29
3 17 30 11 29
17 3 30 11 29
9 11 20 21 7205
11 9 20 21 7205
9 11 21 20 7205
11 9 21 20 7205
1 19 11 30 1
19 1 11 30 1
1 19 30 11 1
19 1 30 11 1
8 12 11 30 553
12 8 11 30 553
8 12 30 11 553
12 8 30 11 553
6 14 4 37 0
14 6 4 37 0
6 14 37 4 0
14 6 37 4 0
7 13 12 29 712
13 7 12 29 712
7 13 29 12 712
13 7 29 12 712
7 13 11 30 415
13 7 11 30 415
7 13 30 11 415
13 7 30 11 415
4 16 7 34 1
16 4 7 34 1
4 16 34 7 1
16 4 34 7 1
2 18 7 34 0
18 2 7 34 0
2 18 34 7 0
18 2 34 7 0
0 20 10 31 0
20 0 10 31 0
0 20 31 10 0
20 0 31 10 0
2 18 15 26 77
18 2 15 26 77
2 18 26 15 77
18 2 26 15 77
3 17 10 31 13
17 3 10 31 13
3 17 31 10 13
17 3 31 10 13
6 14 8 33 25
14 6 8 33 25
6 14 33 8 25
14 6 33 8 25
5 15 4 37 0
15 5 4 37 0
5 15 37 4 0
15 5 37 4 0
6 14 11 30 275
14 6 11 30 275
6 14 30 11 275
14 6 30 11 275
5 15 12 29 277
15 5 12 29 277
5 15 29 12 277
15 5 29 12 277
1 19 7 34 0
19 1 7 34 0
1 19 34 7 0
19 1 34 7 0
6 14 18 23 2919
14 6 18 23 2919
6 14 23 18 2919
14 6 23 18 2919
7 13 5 36 0
13 7 5 36 0
7 13 36 5 0
13 7 36 5 0
5 15 2 39 0
15 5 2 39 0
5 15 39 2 0
15 5 39 2 0
6 14 12 29 478
14 6 12 29 478
6 14 29 12 478
14 6 29 12 478
0 20 20 21 6
20 0 20 21 6
0 20 21 20 6
20 0 21 20 6
5 15 17 24 1542
15 5 17 24 1542
5 15 24 17 1542
15 5 24 17 1542
1 19 16 25 26
19 1 16 25 26
1 19 25 16 26
19 1 25 16 26
3 17 18 23 442
17 3 18 23 442
3 17 23 18 442
17 3 23 18 442
3 17 13 28 96
17 3 13 28 96
3 17 28 13 96
17 3 28 13 96
6 14 17 24 2502
14 6 17 24 2502
6 14 24 17 2502
14 6 24 17 2502
2 18 17 24 137
18 2 17 24 137
2 18 24 17 137
18 2 24 17 137
9 11 8 33 70
11 9 8 33 70
9 11 33 8 70
11 9 33 8 70
7 13 6 35 2
13 7 6 35 2
7 13 35 6 2
13 7 35 6 2
6 14 1 40 0
14 6 1 40 0
6 14 40 1 0
14 6 40 1 0
9 11 3 38 0
11 9 3 38 0
9 11 38 3 0
11 9 38 3 0
5 15 3 38 0
15 5 3 38 0
5 15 38 3 0
15 5 38 3 0
2 18 12 29 17
18 2 12 29 17
2 18 29 12 17
18 2 29 12 17
3 17 5 36 0
17 3 5 36 0
3 17 36 5 0
17 3 36 5 0
9 11 9 32 172
11 9 9 32 172
9 11 32 9 172
11 9 32 9 172
6 14 7 34 7
14 6 7 34 7
6 14 34 7 7
14 6 34 7 7
0 20 17 24 3
20 0 17 24 3
0 20 24 17 3
20 0 24 17 3
3 17 3 38 0
17 3 3 38 0
3 17 38 3 0
17 3 38 3 0
7 13 10 31 221
13 7 10 31 221
7 13 31 10 221
13 7 31 10 221
8 12 10 31 298
12 8 10 31 298
8 12 31 10 298
12 8 31 10 298
5 15 8 33 11
15 5 8 33 11
5 15 33 8 11
15 5 33 8 11
1 19 19 22 49
19 1 19 22 49
1 19 22 19 49
19 1 22 19 49
10 10 3 38 0
10 10 38 3 0
7 13 19 22 4612
13 7 19 22 4612
7 13 22 19 4612
13 7 22 19 4612
9 11 4 37 0
11 9 4 37 0
9 11 37 4 0
11 9 37 4 0
9 11 16 25 4404
11 9 16 25 4404
9 11 25 16 4404
11 9 25 16 4404
6 14 15 26 1562
14 6 15 26 1562
6 14 26 15 1562
14 6 26 15 1562
4 16 16 25 659
16 4 16 25 659
4 16 25 16 659
16 4 25 16 659
0 20 11 30 0
20 0 11 30 0
0 20 30 11 0
20 0 30 11 0
9 11 12 29 1105
11 9 12 29 1105
9 11 29 12 1105
11 9 29 12 1105
4 16 10 31 37
16 4 10 31 37
4 16 31 10 37
16 4 31 10 37
1 19 8 33 0
19 1 8 33 0
1 19 33 8 0
19 1 33 8 0
5 15 10 31 78
15 5 10 31 78
5 15 31 10 78
15 5 31 10 78
6 14 2 39 0
14 6 2 39 0
6 14 39 2 0
14 6 39 2 0
7 13 17 24 3594
13 7 17 24 3594
7 13 24 17 3594
13 7 24 17 3594
2 18 18 23 165
18 2 18 23 165
2 18 23 18 165
18 2 23 18 165
5 15 11 30 155
15 5 11 30 155
5 15 30 11 155
15 5 30 11 155
