0 12 6 21 1
12 0 6 21 1
0 12 21 6 1
12 0 21 6 1
2 10 12 15 120
10 2 12 15 120
2 10 15 12 120
10 2 15 12 120
6 6 7 20 96
6 6 20 7 96
0 12 11 16 13
12 0 11 16 13
0 12 16 11 13
12 0 16 11 13
3 9 0 27 0
9 3 0 27 0
3 9 27 0 0
9 3 27 0 0
1 11 6 21 7
11 1 6 21 7
1 11 21 6 7
11 1 21 6 7
5 7 0 27 0
7 5 0 27 0
5 7 27 0 0
7 5 27 0 0
2 10 3 24 0
10 2 3 24 0
2 10 24 3 0
10 2 24 3 0
3 9 5 22 13
9 3 5 22 13
3 9 22 5 13
9 3 22 5 13
6 6 3 24 2
6 6 24 3 2
2 10 1 26 0
10 2 1 26 0
2 10 26 1 0
10 2 26 1 0
3 9 3 24 1
9 3 3 24 1
3 9 24 3 1
9 3 24 3 1
2 10 5 22 6
10 2 5 22 6
2 10 22 5 6
10 2 22 5 6
2 10 6 21 14
10 2 6 21 14
2 10 21 6 14
10 2 21 6 14
6 6 12 15 404
6 6 15 12 404
1 11 13 14 64
11 1 13 14 64
1 11 14 13 64
11 1 14 13 64
4 8 6 21 41
8 4 6 21 41
4 8 21 6 41
8 4 21 6 41
5 7 13 14 412
7 5 13 14 412
5 7 14 13 412
7 5 14 13 412
4 8 10 17 223
8 4 10 17 223
4 8 17 10 223
8 4 17 10 223
3 9 11 16 183
9 3 11 16 183
3 9 16 11 183
9 3 16 11 183
3 9 2 25 0
9 3 2 25 0
3 9 25 2 0
9 3 25 2 0
1 11 2 25 0
11 1 2 25 0
1 11 25 2 0
11 1 25 2 0
0 12 10 17 10
12 0 10 17 10
0 12 17 10 10
12 0 17 10 10
6 6 4 23 10
6 6 23 4 10
3 9 9 18 112
9 3 9 18 112
3 9 18 9 112
9 3 18 9 112
2 10 8 19 42
10 2 8 19 42
2 10 19 8 42
10 2 19 8 42
3 9 7 20 49
9 3 7 20 49
3 9 20 7 49
9 3 20 7 49
0 12 9 18 7
12 0 9 18 7
0 12 18 9 7
12 0 18 9 7
5 7 9 18 210
7 5 9 18 210
5 7 18 9 210
7 5 18 9 210
3 9 12 15 210
9 3 12 15 210
3 9 15 12 210
9 3 15 12 210
0 12 13 14 17
12 0 13 14 17
0 12 14 13 17
12 0 14 13 17
6 6 10 17 288
6 6 17 10 288
1 11 9 18 31
11 1 9 18 31
1 11 18 9 31
11 1 18 9 31
4 8 5 22 19
8 4 5 22 19
4 8 22 5 19
8 4 22 5 19
6 6 1 26 0
6 6 26 1 0
2 10 13 14 128
10 2 13 14 128
2 10 14 13 128
10 2 14 13 128
1 11 7 20 13
11 1 7 20 13
1 11 20 7 13
11 1 20 7 13
5 7 2 25 0
7 5 2 25 0
5 7 25 2 0
7 5 25 2 0
5 7 1 26 0
7 5 1 26 0
5 7 26 1 0
7 5 26 1 0
4 8 7 20 73
8 4 7 20 73
4 8 20 7 73
8 4 20 7 73
5 7 5 22 26
7 5 5 22 26
5 7 22 5 26
7 5 22 5 26
4 8 9 18 167
8 4 9 18 167
4 8 18 9 167
8 4 18 9 167
1 11 11 16 52
11 1 11 16 52
1 11 16 11 52
11 1 16 11 52
2 10 2 25 0
10 2 2 25 0
2 10 25 2 0
10 2 25 2 0
3 9 8 19 77
9 3 8 19 77
3 9 19 8 77
9 3 19 8 77
1 11 4 23 1
11 1 4 23 1
1 11 23 4 1
11 1 23 4 1
2 10 9 18 62
10 2 9 18 62
2 10 18 9 62
10 2 18 9 62
6 6 11 16 353
6 6 16 11 353
1 11 1 26 0
11 1 1 26 0
1 11 26 1 0
11 1 26 1 0
5 7 11 16 340
7 5 11 16 340
5 7 16 11 340
7 5 16 11 340
0 12 4 23 0
12 0 4 23 0
0 12 23 4 0
12 0 23 4 0
1 11 12 15 60
11 1 12 15 60
1 11 15 12 60
11 1 15 12 60
4 8 8 19 115
8 4 8 19 115
4 8 19 8 115
8 4 19 8 115
6 6 0 27 0
6 6 27 0 0
3 9 4 23 5
9 3 4 23 5
3 9 23 4 5
9 3 23 4 5
5 7 3 24 2
7 5 3 24 2
5 7 24 3 2
7 5 24 3 2
0 12 12 15 16
12 0 12 15 16
0 12 15 12 16
12 0 15 12 16
5 7 7 20 94
7 5 7 20 94
5 7 20 7 94
7 5 20 7 94
2 10 11 16 104
10 2 11 16 104
2 10 16 11 104
10 2 16 11 104
5 7 8 19 146
7 5 8 19 146
5 7 19 8 146
7 5 19 8 146
4 8 1 26 0
8 4 1 26 0
4 8 26 1 0
8 4 26 1 0
5 7 10 17 278
7 5 10 17 278
5 7 17 10 278
7 5 17 10 278
4 8 2 25 0
8 4 2 25 0
4 8 25 2 0
8 4 25 2 0
4 8 11 16 274
8 4 11 16 274
4 8 16 11 274
8 4 16 11 274
2 10 4 23 2
10 2 4 23 2
2 10 23 4 2
10 2 23 4 2
5 7 4 23 10
7 5 4 23 10
5 7 23 4 10
7 5 23 4 10
4 8 13 14 334
8 4 13 14 334
4 8 14 13 334
8 4 14 13 334
3 9 6 21 28
9 3 6 21 28
3 9 21 6 28
9 3 21 6 28
6 6 2 25 0
6 6 25 2 0
1 11 8 19 21
11 1 8 19 21
1 11 19 8 21
11 1 19 8 21
3 9 10 17 149
9 3 10 17 149
3 9 17 10 149
9 3 17 10 149
0 12 5 22 0
12 0 5 22 0
0 12 22 5 0
12 0 22 5 0
4 8 0 27 0
8 4 0 27 0
4 8 27 0 0
8 4 27 0 0
0 12 8 19 4
12 0 8 19 4
0 12 19 8 4
12 0 19 8 4
4 8 12 15 314
8 4 12 15 314
4 8 15 12 314
8 4 15 12 314
1 11 3 24 0
11 1 3 24 0
1 11 24 3 0
11 1 24 3 0
1 11 5 22 3
11 1 5 22 3
1 11 22 5 3
11 1 22 5 3
1 11 10 17 42
11 1 10 17 42
1 11 17 10 42
11 1 17 10 42
4 8 3 24 1
8 4 3 24 1
4 8 24 3 1
8 4 24 3 1
5 7 12 15 388
7 5 12 15 388
5 7 15 12 388
7 5 15 12 388
2 10 10 17 84
10 2 10 17 84
2 10 17 10 84
10 2 17 10 84
0 12 3 24 0
12 0 3 24 0
0 12 24 3 0
12 0 24 3 0
6 6 8 19 150
6 6 19 8 150
4 8 4 23 7
8 4 4 23 7
4 8 23 4 7
8 4 23 4 7
6 6 5 22 26
6 6 22 5 26
6 6 9 18 217
6 6 18 9 217
3 9 13 14 223
9 3 13 14 223
3 9 14 13 223
9 3 14 13 223
0 12 7 20 2
12 0 7 20 2
0 12 20 7 2
12 0 20 7 2
6 6 6 21 55
6 6 21 6 55
3 9 1 26 0
9 3 1 26 0
3 9 26 1 0
9 3 26 1 0
2 10 7 20 26
10 2 7 20 26
2 10 20 7 26
10 2 20 7 26
6 6 13 14 429
6 6 14 13 429
5 7 6 21 54
7 5 6 21 54
5 7 21 6 54
7 5 21 6 54
