1 15 3 31 0
15 1 3 31 0
1 15 31 3 0
15 1 31 3 0
7 9 11 23 720
9 7 11 23 720
7 9 23 11 720
9 7 23 11 720
0 16 10 24 1
16 0 10 24 1
0 16 24 10 1
16 0 24 10 1
3 13 12 22 213
13 3 12 22 213
3 13 22 12 213
13 3 22 12 213
4 12 14 20 638
12 4 14 20 638
4 12 20 14 638
12 4 20 14 638
2 14 7 27 4
14 2 7 27 4
2 14 27 7 4
14 2 27 7 4
7 9 15 19 1828
9 7 15 19 1828
7 9 19 15 1828
9 7 19 15 1828
0 16 14 20 9
16 0 14 20 9
0 16 20 14 9
16 0 20 14 9
1 15 12 22 33
15 1 12 22 33
1 15 22 12 33
15 1 22 12 33
5 11 11 23 442
11 5 11 23 442
5 11 23 11 442
11 5 23 11 442
7 9 13 21 1305
9 7 13 21 1305
7 9 21 13 1305
9 7 21 13 1305
2 14 2 32 0
14 2 2 32 0
2 14 32 2 0
14 2 32 2 0
1 15 5 29 0
15 1 5 29 0
1 15 29 5 0
15 1 29 5 0
8 8 6 28 33
8 8 28 6 33
0 16 6 28 0
16 0 6 28 0
0 16 28 6 0
16 0 28 6 0
4 12 3 31 0
12 4 3 31 0
4 12 31 3 0
12 4 31 3 0
5 11 16 18 1252
11 5 16 18 1252
5 11 18 16 1252
11 5 18 16 1252
8 8 14 20 1686
8 8 20 14 1686
5 11 15 19 1149
11 5 15 19 1149
5 11 19 15 1149
11 5 19 15 1149
7 9 4 30 1
9 7 4 30 1
7 9 30 4 1
9 7 30 4 1
1 15 16 18 76
15 1 16 18 76
1 15 18 16 76
15 1 18 16 76
5 11 7 27 45
11 5 7 27 45
5 11 27 7 45
11 5 27 7 45
7 9 10 24 477
9 7 10 24 477
7 9 24 10 477
9 7 24 10 477
3 13 13 21 284
13 3 13 21 284
3 13 21 13 284
13 3 21 13 284
5 11 3 31 0
11 5 3 31 0
5 11 31 3 0
11 5 31 3 0
2 14 17 17 214
14 2 17 17 214
3 13 15 19 408
13 3 15 19 408
3 13 19 15 408
13 3 19 15 408
1 15 10 24 13
15 1 10 24 13
1 15 24 10 13
15 1 24 10 13
8 8 10 24 506
8 8 24 10 506
4 12 7 27 26
12 4 7 27 26
4 12 27 7 26
12 4 27 7 26
2 14 4 30 0
14 2 4 30 0
2 14 30 4 0
14 2 30 4 0
5 11 8 26 95
11 5 8 26 95
5 11 26 8 95
11 5 26 8 95
2 14 5 29 0
14 2 5 29 0
2 14 29 5 0
14 2 29 5 0
7 9 12 22 1003
9 7 12 22 1003
7 9 22 12 1003
9 7 22 12 1003
0 16 16 18 13
16 0 16 18 13
0 16 18 16 13
16 0 18 16 13
6 10 11 23 594
10 6 11 23 594
6 10 23 11 594
10 6 23 11 594
5 11 1 33 0
11 5 1 33 0
5 11 33 1 0
11 5 33 1 0
1 15 4 30 0
15 1 4 30 0
1 15 30 4 0
15 1 30 4 0
4 12 10 24 179
12 4 10 24 179
4 12 24 10 179
12 4 24 10 179
7 9 1 33 0
9 7 1 33 0
7 9 33 1 0
9 7 33 1 0
6 10 15 19 1526
10 6 15 19 1526
6 10 19 15 1526
10 6 19 15 1526
4 12 17 17 833
12 4 17 17 833
0 16 13 21 6
16 0 13 21 6
0 16 21 13 6
16 0 21 13 6
4 12 15 19 739
12 4 15 19 739
4 12 19 15 739
12 4 19 15 739
1 15 8 26 3
15 1 8 26 3
1 15 26 8 3
15 1 26 8 3
6 10 10 24 393
10 6 10 24 393
6 10 24 10 393
10 6 24 10 393
1 15 17 17 79
15 1 17 17 79
6 10 1 33 0
10 6 1 33 0
6 10 33 1 0
10 6 33 1 0
3 13 9 25 56
13 3 9 25 56
3 13 25 9 56
13 3 25 9 56
6 10 2 32 0
10 6 2 32 0
6 10 32 2 0
10 6 32 2 0
3 13 4 30 0
13 3 4 30 0
3 13 30 4 0
13 3 30 4 0
6 10 6 28 25
10 6 6 28 25
6 10 28 6 25
10 6 28 6 25
6 10 12 22 833
10 6 12 22 833
6 10 22 12 833
10 6 22 12 833
2 14 16 18 208
14 2 16 18 208
2 14 18 16 208
14 2 18 16 208
4 12 13 21 518
12 4 13 21 518
4 12 21 13 518
12 4 21 13 518
4 12 6 28 9
12 4 6 28 9
4 12 28 6 9
12 4 28 6 9
8 8 13 21 1383
8 8 21 13 1383
1 15 9 25 7
15 1 9 25 7
1 15 25 9 7
15 1 25 9 7
7 9 17 17 2049
9 7 17 17 2049
5 11 4 30 0
11 5 4 30 0
5 11 30 4 0
11 5 30 4 0
3 13 14 20 350
13 3 14 20 350
3 13 20 14 350
13 3 20 14 350
3 13 16 18 446
13 3 16 18 446
3 13 18 16 446
13 3 18 16 446
8 8 7 27 84
8 8 27 7 84
3 13 2 32 0
13 3 2 32 0
3 13 32 2 0
13 3 32 2 0
0 16 12 22 4
16 0 12 22 4
0 16 22 12 4
16 0 22 12 4
3 13 5 29 1
13 3 5 29 1
3 13 29 5 1
13 3 29 5 1
5 11 17 17 1291
11 5 17 17 1291
3 13 7 27 13
13 3 7 27 13
3 13 27 7 13
13 3 27 7 13
6 10 7 27 64
10 6 7 27 64
6 10 27 7 64
10 6 27 7 64
3 13 8 26 29
13 3 8 26 29
3 13 26 8 29
13 3 26 8 29
1 15 6 28 0
15 1 6 28 0
1 15 28 6 0
15 1 28 6 0
4 12 16 18 809
12 4 16 18 809
4 12 18 16 809
12 4 18 16 809
4 12 4 30 0
12 4 4 30 0
4 12 30 4 0
12 4 30 4 0
8 8 1 33 0
8 8 33 1 0
8 8 12 22 1065
8 8 22 12 1065
1 15 7 27 1
15 1 7 27 1
1 15 27 7 1
15 1 27 7 1
2 14 14 20 161
14 2 14 20 161
2 14 20 14 161
14 2 20 14 161
0 16 9 25 0
16 0 9 25 0
0 16 25 9 0
16 0 25 9 0
5 11 10 24 289
11 5 10 24 289
5 11 24 10 289
11 5 24 10 289
7 9 2 32 0
9 7 2 32 0
7 9 32 2 0
9 7 32 2 0
1 15 11 23 22
15 1 11 23 22
1 15 23 11 22
15 1 23 11 22
8 8 2 32 0
8 8 32 2 0
8 8 5 29 9
8 8 29 5 9
8 8 15 19 1939
8 8 19 15 1939
8 8 8 26 173
8 8 26 8 173
8 8 17 17 2174
0 16 7 27 0
16 0 7 27 0
0 16 27 7 0
16 0 27 7 0
3 13 17 17 461
13 3 17 17 461
1 15 15 19 69
15 1 15 19 69
1 15 19 15 69
15 1 19 15 69
5 11 13 21 814
11 5 13 21 814
5 11 21 13 814
11 5 21 13 814
8 8 16 18 2114
8 8 18 16 2114
4 12 9 25 106
12 4 9 25 106
4 12 25 9 106
12 4 25 9 106
2 14 8 26 11
14 2 8 26 11
2 14 26 8 11
14 2 26 8 11
0 16 11 23 2
16 0 11 23 2
0 16 23 11 2
16 0 23 11 2
3 13 10 24 95
13 3 10 24 95
3 13 24 10 95
13 3 24 10 95
5 11 12 22 621
11 5 12 22 621
5 11 22 12 621
11 5 22 12 621
6 10 16 18 1665
10 6 16 18 1665
6 10 18 16 1665
10 6 18 16 1665
5 11 14 20 994
11 5 14 20 994
5 11 20 14 994
11 5 20 14 994
2 14 12 22 95
14 2 12 22 95
2 14 22 12 95
14 2 22 12 95
8 8 0 34 0
8 8 34 0 0
8 8 11 23 762
8 8 23 11 762
4 12 8 26 57
12 4 8 26 57
4 12 26 8 57
12 4 26 8 57
4 12 12 22 393
12 4 12 22 393
4 12 22 12 393
12 4 22 12 393
6 10 0 34 0
10 6 0 34 0
6 10 34 0 0
10 6 34 0 0
1 15 14 20 58
15 1 14 20 58
1 15 20 14 58
15 1 20 14 58
4 12 11 23 276
12 4 11 23 276
4 12 23 11 276
12 4 23 11 276
7 9 5 29 9
9 7 5 29 9
7 9 29 5 9
9 7 29 5 9
8 8 4 30 1
8 8 30 4 1
5 11 2 32 0
11 5 2 32 0
5 11 32 2 0
11 5 32 2 0
2 14 11 23 64
14 2 11 23 64
2 14 23 11 64
14 2 23 11 64
5 11 5 29 4
11 5 5 29 4
5 11 29 5 4
11 5 29 5 4
1 15 13 21 46
15 1 13 21 46
1 15 21 13 46
15 1 21 13 46
7 9 3 31 0
9 7 3 31 0
7 9 31 3 0
9 7 31 3 0
3 13 6 28 4
13 3 6 28 4
3 13 28 6 4
13 3 28 6 4
7 9 9 25 293
9 7 9 25 293
7 9 25 9 293
9 7 25 9 293
6 10 8 26 133
10 6 8 26 133
6 10 26 8 133
10 6 26 8 133
7 9 16 18 1989
9 7 16 18 1989
7 9 18 16 1989
9 7 18 16 1989
0 16 17 17 13
16 0 17 17 13
2 14 3 31 0
14 2 3 31 0
2 14 31 3 0
14 2 31 3 0
2 14 13 21 128
14 2 13 21 128
2 14 21 13 128
14 2 21 13 128
7 9 8 26 163
9 7 8 26 163
7 9 26 8 163
9 7 26 8 163
6 10 4 30 1
10 6 4 30 1
6 10 30 4 1
10 6 30 4 1
3 13 3 31 0
13 3 3 31 0
3 13 31 3 0
13 3 31 3 0
3 13 11 23 149
13 3 11 23 149
3 13 23 11 149
13 3 23 11 149
2 14 15 19 188
14 2 15 19 188
2 14 19 15 188
14 2 19 15 188
7 9 6 28 31
9 7 6 28 31
7 9 28 6 31
9 7 28 6 31
8 8 9 25 309
8 8 25 9 309
5 11 9 25 175
11 5 9 25 175
5 11 25 9 175
11 5 25 9 175
3 13 1 33 0
13 3 1 33 0
3 13 33 1 0
13 3 33 1 0
7 9 0 34 0
9 7 0 34 0
7 9 34 0 0
9 7 34 0 0
5 11 6 28 16
11 5 6 28 16
5 11 28 6 16
11 5 28 6 16
8 8 3 31 0
8 8 31 3 0
2 14 10 24 40
14 2 10 24 40
2 14 24 10 40
14 2 24 10 40
6 10 9 25 239
10 6 9 25 239
6 10 25 9 239
10 6 25 9 239
4 12 5 29 2
12 4 5 29 2
4 12 29 5 2
12 4 29 5 2
6 10 13 21 1085
10 6 13 21 1085
6 10 21 13 1085
10 6 21 13 1085
6 10 17 17 1713
10 6 17 17 1713
6 10 5 29 7
10 6 5 29 7
6 10 29 5 7
10 6 29 5 7
0 16 15 19 11
16 0 15 19 11
0 16 19 15 11
16 0 19 15 11
6 10 14 20 1325
10 6 14 20 1325
6 10 20 14 1325
10 6 20 14 1325
4 12 1 33 0
12 4 1 33 0
4 12 33 1 0
12 4 33 1 0
2 14 6 28 1
14 2 6 28 1
2 14 28 6 1
14 2 28 6 1
2 14 9 25 22
14 2 9 25 22
2 14 25 9 22
14 2 25 9 22
7 9 14 20 1587
9 7 14 20 1587
7 9 20 14 1587
9 7 20 14 1587
6 10 3 31 0
10 6 3 31 0
6 10 31 3 0
10 6 31 3 0
7 9 7 27 80
9 7 7 27 80
7 9 27 7 80
9 7 27 7 80
4 12 2 32 0
12 4 2 32 0
4 12 32 2 0
12 4 32 2 0
0 16 8 26 0
16 0 8 26 0
0 16 26 8 0
16 0 26 8 0
