1 7 9 11 28
7 1 9 11 28
1 7 11 9 28
7 1 11 9 28
0 8 5 15 4
8 0 5 15 4
0 8 15 5 4
8 0 15 5 4
4 4 8 12 61
4 4 12 8 61
3 5 10 10 58
5 3 10 10 58
4 4 1 19 0
4 4 19 1 0
2 6 1 19 0
6 2 1 19 0
2 6 19 1 0
6 2 19 1 0
1 7 8 12 25
7 1 8 12 25
1 7 12 8 25
7 1 12 8 25
4 4 0 20 0
4 4 20 0 0
0 8 10 10 13
8 0 10 10 13
1 7 4 16 6
7 1 4 16 6
1 7 16 4 6
7 1 16 4 6
4 4 4 16 14
4 4 16 4 14
2 6 4 16 8
6 2 4 16 8
2 6 16 4 8
6 2 16 4 8
1 7 2 18 1
7 1 2 18 1
1 7 18 2 1
7 1 18 2 1
2 6 2 18 1
6 2 2 18 1
2 6 18 2 1
6 2 18 2 1
2 6 6 14 21
6 2 6 14 21
2 6 14 6 21
6 2 14 6 21
2 6 10 10 42
6 2 10 10 42
2 6 8 12 36
6 2 8 12 36
2 6 12 8 36
6 2 12 8 36
0 8 7 13 9
8 0 7 13 9
0 8 13 7 9
8 0 13 7 9
3 5 2 18 2
5 3 2 18 2
3 5 18 2 2
5 3 18 2 2
3 5 3 17 6
5 3 3 17 6
3 5 17 3 6
5 3 17 3 6
3 5 9 11 56
5 3 9 11 56
3 5 11 9 56
5 3 11 9 56
1 7 5 15 10
7 1 5 15 10
1 7 15 5 10
7 1 15 5 10
4 4 6 14 36
4 4 14 6 36
1 7 1 19 0
7 1 1 19 0
1 7 19 1 0
7 1 19 1 0
2 6 3 17 4
6 2 3 17 4
2 6 17 3 4
6 2 17 3 4
3 5 4 16 12
5 3 4 16 12
3 5 16 4 12
5 3 16 4 12
0 8 9 11 13
8 0 9 11 13
0 8 11 9 13
8 0 11 9 13
1 7 6 14 15
7 1 6 14 15
1 7 14 6 15
7 1 14 6 15
3 5 5 15 20
5 3 5 15 20
3 5 15 5 20
5 3 15 5 20
0 8 4 16 2
8 0 4 16 2
0 8 16 4 2
8 0 16 4 2
0 8 6 14 6
8 0 6 14 6
0 8 14 6 6
8 0 14 6 6
1 7 3 17 3
7 1 3 17 3
1 7 17 3 3
7 1 17 3 3
1 7 7 13 20
7 1 7 13 20
1 7 13 7 20
7 1 13 7 20
1 7 0 20 0
7 1 0 20 0
1 7 20 0 0
7 1 20 0 0
4 4 2 18 2
4 4 18 2 2
4 4 3 17 7
4 4 17 3 7
4 4 10 10 71
0 8 8 12 11
8 0 8 12 11
0 8 12 8 11
8 0 12 8 11
2 6 9 11 41
6 2 9 11 41
2 6 11 9 41
6 2 11 9 41
2 6 0 20 0
6 2 0 20 0
2 6 20 0 0
6 2 20 0 0
4 4 9 11 69
4 4 11 9 69
0 8 1 19 0
8 0 1 19 0
0 8 19 1 0
8 0 19 1 0
4 4 7 13 49
4 4 13 7 49
0 8 3 17 1
8 0 3 17 1
0 8 17 3 1
8 0 17 3 1
2 6 5 15 14
6 2 5 15 14
2 6 15 5 14
6 2 15 5 14
2 6 7 13 29
6 2 7 13 29
2 6 13 7 29
6 2 13 7 29
4 4 5 15 24
4 4 15 5 24
3 5 7 13 40
5 3 7 13 40
3 5 13 7 40
5 3 13 7 40
3 5 1 19 0
5 3 1 19 0
3 5 19 1 0
5 3 19 1 0
3 5 8 12 50
5 3 8 12 50
3 5 12 8 50
5 3 12 8 50
0 8 2 18 0
8 0 2 18 0
0 8 18 2 0
8 0 18 2 0
3 5 6 14 30
5 3 6 14 30
3 5 14 6 30
5 3 14 6 30
1 7 10 10 29
7 1 10 10 29
3 5 0 20 0
5 3 0 20 0
3 5 20 0 0
5 3 20 0 0
