16 21 40 53 0
21 16 40 53 0
16 21 53 40 0
21 16 53 40 0
16 21 41 52 0
21 16 41 52 0
16 21 52 41 0
21 16 52 41 0
16 21 42 51 0
21 16 42 51 0
16 21 51 42 0
21 16 51 42 0
16 21 43 50 0
21 16 43 50 0
16 21 50 43 0
21 16 50 43 0
16 21 44 49 0
21 16 44 49 0
16 21 49 44 0
21 16 49 44 0
16 21 45 48 0
21 16 45 48 0
16 21 48 45 0
21 16 48 45 0
16 21 46 47 0
21 16 46 47 0
16 21 47 46 0
21 16 47 46 0
17 20 40 53 0
20 17 40 53 0
17 20 53 40 0
20 17 53 40 0
17 20 41 52 0
20 17 41 52 0
17 20 52 41 0
20 17 52 41 0
17 20 42 51 0
20 17 42 51 0
17 20 51 42 0
20 17 51 42 0
17 20 43 50 0
20 17 43 50 0
17 20 50 43 0
20 17 50 43 0
17 20 44 49 0
20 17 44 49 0
17 20 49 44 0
20 17 49 44 0
17 20 45 48 0
20 17 45 48 0
17 20 48 45 0
20 17 48 45 0
17 20 46 47 0
20 17 46 47 0
17 20 47 46 0
20 17 47 46 0
18 19 40 53 0
19 18 40 53 0
18 19 53 40 0
19 18 53 40 0
18 19 41 52 0
19 18 41 52 0
18 19 52 41 0
19 18 52 41 0
18 19 42 51 0
19 18 42 51 0
18 19 51 42 0
19 18 51 42 0
18 19 43 50 0
19 18 43 50 0
18 19 50 43 0
19 18 50 43 0
18 19 44 49 0
19 18 44 49 0
18 19 49 44 0
19 18 49 44 0
18 19 45 48 0
19 18 45 48 0
18 19 48 45 0
19 18 48 45 0
18 19 46 47 0
19 18 46 47 0
18 19 47 46 0
19 18 47 46 0
