8 21 30 43 0
21 8 30 43 0
8 21 43 30 0
21 8 43 30 0
8 21 31 42 0
21 8 31 42 0
8 21 42 31 0
21 8 42 31 0
8 21 32 41 0
21 8 32 41 0
8 21 41 32 0
21 8 41 32 0
8 21 33 40 0
21 8 33 40 0
8 21 40 33 0
21 8 40 33 0
8 21 34 39 0
21 8 34 39 0
8 21 39 34 0
21 8 39 34 0
8 21 35 38 0
21 8 35 38 0
8 21 38 35 0
21 8 38 35 0
8 21 36 37 0
21 8 36 37 0
8 21 37 36 0
21 8 37 36 0
9 20 30 43 0
20 9 30 43 0
9 20 43 30 0
20 9 43 30 0
9 20 31 42 0
20 9 31 42 0
9 20 42 31 0
20 9 42 31 0
9 20 32 41 0
20 9 32 41 0
9 20 41 32 0
20 9 41 32 0
9 20 33 40 0
20 9 33 40 0
9 20 40 33 0
20 9 40 33 0
9 20 34 39 0
20 9 34 39 0
9 20 39 34 0
20 9 39 34 0
9 20 35 38 0
20 9 35 38 0
9 20 38 35 0
20 9 38 35 0
9 20 36 37 0
20 9 36 37 0
9 20 37 36 0
20 9 37 36 0
10 19 30 43 0
19 10 30 43 0
10 19 43 30 0
19 10 43 30 0
10 19 31 42 0
19 10 31 42 0
10 19 42 31 0
19 10 42 31 0
10 19 32 41 0
19 10 32 41 0
10 19 41 32 0
19 10 41 32 0
10 19 33 40 0
19 10 33 40 0
10 19 40 33 0
19 10 40 33 0
10 19 34 39 0
19 10 34 39 0
10 19 39 34 0
19 10 39 34 0
10 19 35 38 0
19 10 35 38 0
10 19 38 35 0
19 10 38 35 0
10 19 36 37 0
19 10 36 37 0
10 19 37 36 0
19 10 37 36 0
11 18 30 43 0
18 11 30 43 0
11 18 43 30 0
18 11 43 30 0
11 18 31 42 0
18 11 31 42 0
11 18 42 31 0
18 11 42 31 0
11 18 32 41 0
18 11 32 41 0
11 18 41 32 0
18 11 41 32 0
11 18 33 40 0
18 11 33 40 0
11 18 40 33 0
18 11 40 33 0
11 18 34 39 0
18 11 34 39 0
11 18 39 34 0
18 11 39 34 0
11 18 35 38 0
18 11 35 38 0
11 18 38 35 0
18 11 38 35 0
11 18 36 37 0
18 11 36 37 0
11 18 37 36 0
18 11 37 36 0
9 20 26 47 0
20 9 26 47 0
9 20 47 26 0
20 9 47 26 0
9 20 27 46 0
20 9 27 46 0
9 20 46 27 0
20 9 46 27 0
9 20 28 45 0
20 9 28 45 0
9 20 45 28 0
20 9 45 28 0
9 20 29 44 0
20 9 29 44 0
9 20 44 29 0
20 9 44 29 0
10 19 26 47 0
19 10 26 47 0
10 19 47 26 0
19 10 47 26 0
10 19 27 46 0
19 10 27 46 0
10 19 46 27 0
19 10 46 27 0
10 19 28 45 0
19 10 28 45 0
10 19 45 28 0
19 10 45 28 0
10 19 29 44 0
19 10 29 44 0
10 19 44 29 0
19 10 44 29 0
11 18 26 47 0
18 11 26 47 0
11 18 47 26 0
18 11 47 26 0
11 18 27 46 0
18 11 27 46 0
11 18 46 27 0
18 11 46 27 0
11 18 28 45 0
18 11 28 45 0
11 18 45 28 0
18 11 45 28 0
11 18 29 44 0
18 11 29 44 0
11 18 44 29 0
18 11 44 29 0
12 17 26 47 0
17 12 26 47 0
12 17 47 26 0
17 12 47 26 0
12 17 27 46 0
17 12 27 46 0
12 17 46 27 0
17 12 46 27 0
12 17 28 45 0
17 12 28 45 0
12 17 45 28 0
17 12 45 28 0
12 17 29 44 0
17 12 29 44 0
12 17 44 29 0
17 12 44 29 0
12 17 30 43 0
17 12 30 43 0
12 17 43 30 0
17 12 43 30 0
12 17 31 42 0
17 12 31 42 0
12 17 42 31 0
17 12 42 31 0
12 17 32 41 1
17 12 32 41 1
12 17 41 32 1
17 12 41 32 1
12 17 33 40 2
17 12 33 40 2
12 17 40 33 2
17 12 40 33 2
12 17 34 39 4
17 12 34 39 4
12 17 39 34 4
17 12 39 34 4
12 17 35 38 6
17 12 35 38 6
12 17 38 35 6
17 12 38 35 6
12 17 36 37 7
17 12 36 37 7
12 17 37 36 7
17 12 37 36 7
10 19 24 49 0
19 10 24 49 0
10 19 49 24 0
19 10 49 24 0
10 19 25 48 0
19 10 25 48 0
10 19 48 25 0
19 10 48 25 0
11 18 24 49 0
18 11 24 49 0
11 18 49 24 0
18 11 49 24 0
11 18 25 48 0
18 11 25 48 0
11 18 48 25 0
18 11 48 25 0
12 17 24 49 0
17 12 24 49 0
12 17 49 24 0
17 12 49 24 0
12 17 25 48 0
17 12 25 48 0
12 17 48 25 0
17 12 48 25 0
13 16 24 49 0
16 13 24 49 0
13 16 49 24 0
16 13 49 24 0
13 16 25 48 0
16 13 25 48 0
13 16 48 25 0
16 13 48 25 0
13 16 26 47 0
16 13 26 47 0
13 16 47 26 0
16 13 47 26 0
13 16 27 46 0
16 13 27 46 0
13 16 46 27 0
16 13 46 27 0
13 16 28 45 0
16 13 28 45 0
13 16 45 28 0
16 13 45 28 0
13 16 29 44 0
16 13 29 44 0
13 16 44 29 0
16 13 44 29 0
13 16 30 43 1
16 13 30 43 1
13 16 43 30 1
16 13 43 30 1
13 16 31 42 3
16 13 31 42 3
13 16 42 31 3
16 13 42 31 3
13 16 32 41 7
16 13 32 41 7
13 16 41 32 7
16 13 41 32 7
13 16 33 40 12
16 13 33 40 12
13 16 40 33 12
16 13 40 33 12
13 16 34 39 19
16 13 34 39 19
13 16 39 34 19
16 13 39 34 19
13 16 35 38 25
16 13 35 38 25
13 16 38 35 25
16 13 38 35 25
13 16 36 37 28
16 13 36 37 28
13 16 37 36 28
16 13 37 36 28
14 15 24 49 0
15 14 24 49 0
14 15 49 24 0
15 14 49 24 0
14 15 25 48 0
15 14 25 48 0
14 15 48 25 0
15 14 48 25 0
14 15 26 47 0
15 14 26 47 0
14 15 47 26 0
15 14 47 26 0
14 15 27 46 0
15 14 27 46 0
14 15 46 27 0
15 14 46 27 0
14 15 28 45 0
15 14 28 45 0
14 15 45 28 0
15 14 45 28 0
14 15 29 44 0
15 14 29 44 0
14 15 44 29 0
15 14 44 29 0
14 15 30 43 2
15 14 30 43 2
14 15 43 30 2
15 14 43 30 2
14 15 31 42 6
15 14 31 42 6
14 15 42 31 6
15 14 42 31 6
14 15 32 41 13
15 14 32 41 13
14 15 41 32 13
15 14 41 32 13
14 15 33 40 22
15 14 33 40 22
14 15 40 33 22
15 14 40 33 22
14 15 34 39 34
15 14 34 39 34
14 15 39 34 34
15 14 39 34 34
14 15 35 38 44
15 14 35 38 44
14 15 38 35 44
15 14 38 35 44
14 15 36 37 49
15 14 36 37 49
14 15 37 36 49
15 14 37 36 49
11 18 23 50 0
18 11 23 50 0
11 18 50 23 0
18 11 50 23 0
12 17 23 50 0
17 12 23 50 0
12 17 50 23 0
17 12 50 23 0
13 16 23 50 0
16 13 23 50 0
13 16 50 23 0
16 13 50 23 0
14 15 23 50 0
15 14 23 50 0
14 15 50 23 0
15 14 50 23 0
12 17 22 51 0
17 12 22 51 0
12 17 51 22 0
17 12 51 22 0
13 16 22 51 0
16 13 22 51 0
13 16 51 22 0
16 13 51 22 0
14 15 22 51 0
15 14 22 51 0
14 15 51 22 0
15 14 51 22 0
