0 5 1 12 0
5 0 1 12 0
0 5 12 1 0
5 0 12 1 0
0 5 2 11 0
5 0 2 11 0
0 5 11 2 0
5 0 11 2 0
0 5 3 10 1
5 0 3 10 1
0 5 10 3 1
5 0 10 3 1
0 5 4 9 2
5 0 4 9 2
0 5 9 4 2
5 0 9 4 2
1 4 1 12 1
4 1 1 12 1
1 4 12 1 1
4 1 12 1 1
1 4 2 11 3
4 1 2 11 3
1 4 11 2 3
4 1 11 2 3
1 4 3 10 7
4 1 3 10 7
1 4 10 3 7
4 1 10 3 7
1 4 4 9 11
4 1 4 9 11
1 4 9 4 11
4 1 9 4 11
0 5 5 8 3
5 0 5 8 3
0 5 8 5 3
5 0 8 5 3
1 4 5 8 15
4 1 5 8 15
1 4 8 5 15
4 1 8 5 15
0 5 6 7 4
5 0 6 7 4
0 5 7 6 4
5 0 7 6 4
1 4 6 7 18
4 1 6 7 18
1 4 7 6 18
4 1 7 6 18
1 4 0 13 0
4 1 0 13 0
1 4 13 0 0
4 1 13 0 0
2 3 0 13 0
3 2 0 13 0
2 3 13 0 0
3 2 13 0 0
2 3 1 12 2
3 2 1 12 2
2 3 12 1 2
3 2 12 1 2
2 3 2 11 6
3 2 2 11 6
2 3 11 2 6
3 2 11 2 6
2 3 3 10 13
3 2 3 10 13
2 3 10 3 13
3 2 10 3 13
2 3 4 9 20
3 2 4 9 20
2 3 9 4 20
3 2 9 4 20
2 3 5 8 27
3 2 5 8 27
2 3 8 5 27
3 2 8 5 27
2 3 6 7 32
3 2 6 7 32
2 3 7 6 32
3 2 7 6 32
