4 19 21 37 0
19 4 21 37 0
4 19 37 21 0
19 4 37 21 0
4 19 22 36 0
19 4 22 36 0
4 19 36 22 0
19 4 36 22 0
4 19 23 35 0
19 4 23 35 0
4 19 35 23 0
19 4 35 23 0
4 19 24 34 0
19 4 24 34 0
4 19 34 24 0
19 4 34 24 0
4 19 25 33 0
19 4 25 33 0
4 19 33 25 0
19 4 33 25 0
4 19 26 32 0
19 4 26 32 0
4 19 32 26 0
19 4 32 26 0
4 19 27 31 0
19 4 27 31 0
4 19 31 27 0
19 4 31 27 0
4 19 28 30 0
19 4 28 30 0
4 19 30 28 0
19 4 30 28 0
4 19 29 29 0
19 4 29 29 0
5 18 21 37 0
18 5 21 37 0
5 18 37 21 0
18 5 37 21 0
5 18 22 36 0
18 5 22 36 0
5 18 36 22 0
18 5 36 22 0
5 18 23 35 0
18 5 23 35 0
5 18 35 23 0
18 5 35 23 0
5 18 24 34 0
18 5 24 34 0
5 18 34 24 0
18 5 34 24 0
5 18 25 33 0
18 5 25 33 0
5 18 33 25 0
18 5 33 25 0
5 18 26 32 0
18 5 26 32 0
5 18 32 26 0
18 5 32 26 0
5 18 27 31 0
18 5 27 31 0
5 18 31 27 0
18 5 31 27 0
5 18 28 30 0
18 5 28 30 0
5 18 30 28 0
18 5 30 28 0
5 18 29 29 0
18 5 29 29 0
6 17 21 37 0
17 6 21 37 0
6 17 37 21 0
17 6 37 21 0
6 17 22 36 0
17 6 22 36 0
6 17 36 22 0
17 6 36 22 0
6 17 23 35 0
17 6 23 35 0
6 17 35 23 0
17 6 35 23 0
6 17 24 34 0
17 6 24 34 0
6 17 34 24 0
17 6 34 24 0
6 17 25 33 0
17 6 25 33 0
6 17 33 25 0
17 6 33 25 0
6 17 26 32 0
17 6 26 32 0
6 17 32 26 0
17 6 32 26 0
6 17 27 31 0
17 6 27 31 0
6 17 31 27 0
17 6 31 27 0
6 17 28 30 0
17 6 28 30 0
6 17 30 28 0
17 6 30 28 0
6 17 29 29 1
17 6 29 29 1
7 16 21 37 0
16 7 21 37 0
7 16 37 21 0
16 7 37 21 0
7 16 22 36 0
16 7 22 36 0
7 16 36 22 0
16 7 36 22 0
7 16 23 35 0
16 7 23 35 0
7 16 35 23 0
16 7 35 23 0
7 16 24 34 1
16 7 24 34 1
7 16 34 24 1
16 7 34 24 1
7 16 25 33 3
16 7 25 33 3
7 16 33 25 3
16 7 33 25 3
7 16 26 32 5
16 7 26 32 5
7 16 32 26 5
16 7 32 26 5
7 16 27 31 7
16 7 27 31 7
7 16 31 27 7
16 7 31 27 7
7 16 28 30 9
16 7 28 30 9
7 16 30 28 9
16 7 30 28 9
7 16 29 29 11
16 7 29 29 11
5 18 18 40 0
18 5 18 40 0
5 18 40 18 0
18 5 40 18 0
5 18 19 39 0
18 5 19 39 0
5 18 39 19 0
18 5 39 19 0
5 18 20 38 0
18 5 20 38 0
5 18 38 20 0
18 5 38 20 0
6 17 18 40 0
17 6 18 40 0
6 17 40 18 0
17 6 40 18 0
6 17 19 39 0
17 6 19 39 0
6 17 39 19 0
17 6 39 19 0
6 17 20 38 0
17 6 20 38 0
6 17 38 20 0
17 6 38 20 0
7 16 18 40 0
16 7 18 40 0
7 16 40 18 0
16 7 40 18 0
7 16 19 39 0
16 7 19 39 0
7 16 39 19 0
16 7 39 19 0
7 16 20 38 0
16 7 20 38 0
7 16 38 20 0
16 7 38 20 0
8 15 18 40 0
15 8 18 40 0
8 15 40 18 0
15 8 40 18 0
8 15 19 39 0
15 8 19 39 0
8 15 39 19 0
15 8 39 19 0
8 15 20 38 0
15 8 20 38 0
8 15 38 20 0
15 8 38 20 0
8 15 21 37 1
15 8 21 37 1
8 15 37 21 1
15 8 37 21 1
8 15 22 36 3
15 8 22 36 3
8 15 36 22 3
15 8 36 22 3
8 15 23 35 8
15 8 23 35 8
8 15 35 23 8
15 8 35 23 8
8 15 24 34 16
15 8 24 34 16
8 15 34 24 16
15 8 34 24 16
8 15 25 33 30
15 8 25 33 30
8 15 33 25 30
15 8 33 25 30
8 15 26 32 44
15 8 26 32 44
8 15 32 26 44
15 8 32 26 44
8 15 27 31 59
15 8 27 31 59
8 15 31 27 59
15 8 31 27 59
8 15 28 30 69
15 8 28 30 69
8 15 30 28 69
15 8 30 28 69
8 15 29 29 75
15 8 29 29 75
6 17 17 41 0
17 6 17 41 0
6 17 41 17 0
17 6 41 17 0
7 16 17 41 0
16 7 17 41 0
7 16 41 17 0
16 7 41 17 0
8 15 17 41 0
15 8 17 41 0
8 15 41 17 0
15 8 41 17 0
9 14 17 41 0
14 9 17 41 0
9 14 41 17 0
14 9 41 17 0
9 14 18 40 0
14 9 18 40 0
9 14 40 18 0
14 9 40 18 0
9 14 19 39 0
14 9 19 39 0
9 14 39 19 0
14 9 39 19 0
9 14 20 38 1
14 9 20 38 1
9 14 38 20 1
14 9 38 20 1
9 14 21 37 5
14 9 21 37 5
9 14 37 21 5
14 9 37 21 5
9 14 22 36 15
14 9 22 36 15
9 14 36 22 15
14 9 36 22 15
9 14 23 35 35
14 9 23 35 35
9 14 35 23 35
14 9 35 23 35
9 14 24 34 65
14 9 24 34 65
9 14 34 24 65
14 9 34 24 65
9 14 25 33 108
14 9 25 33 108
9 14 33 25 108
14 9 33 25 108
9 14 26 32 155
14 9 26 32 155
9 14 32 26 155
14 9 32 26 155
9 14 27 31 200
14 9 27 31 200
9 14 31 27 200
14 9 31 27 200
9 14 28 30 231
14 9 28 30 231
9 14 30 28 231
14 9 30 28 231
9 14 29 29 245
14 9 29 29 245
10 13 18 40 0
13 10 18 40 0
10 13 40 18 0
13 10 40 18 0
10 13 19 39 1
13 10 19 39 1
10 13 39 19 1
13 10 39 19 1
10 13 20 38 5
13 10 20 38 5
10 13 38 20 5
13 10 38 20 5
10 13 21 37 17
13 10 21 37 17
10 13 37 21 17
13 10 37 21 17
10 13 22 36 42
13 10 22 36 42
10 13 36 22 42
13 10 36 22 42
10 13 23 35 88
13 10 23 35 88
10 13 35 23 88
13 10 35 23 88
10 13 24 34 154
13 10 24 34 154
10 13 34 24 154
13 10 34 24 154
10 13 25 33 243
13 10 25 33 243
10 13 33 25 243
13 10 33 25 243
10 13 26 32 338
13 10 26 32 338
10 13 32 26 338
13 10 32 26 338
10 13 27 31 428
13 10 27 31 428
10 13 31 27 428
13 10 31 27 428
10 13 28 30 489
13 10 28 30 489
10 13 30 28 489
13 10 30 28 489
10 13 29 29 515
13 10 29 29 515
11 12 21 37 28
12 11 21 37 28
11 12 37 21 28
12 11 37 21 28
11 12 22 36 66
12 11 22 36 66
11 12 36 22 66
12 11 36 22 66
11 12 23 35 133
12 11 23 35 133
11 12 35 23 133
12 11 35 23 133
11 12 24 34 229
12 11 24 34 229
11 12 34 24 229
12 11 34 24 229
11 12 25 33 354
12 11 25 33 354
11 12 33 25 354
12 11 33 25 354
11 12 26 32 487
12 11 26 32 487
11 12 32 26 487
12 11 32 26 487
11 12 27 31 611
12 11 27 31 611
11 12 31 27 611
12 11 31 27 611
11 12 28 30 696
12 11 28 30 696
11 12 30 28 696
12 11 30 28 696
11 12 29 29 731
12 11 29 29 731
6 17 16 42 0
17 6 16 42 0
6 17 42 16 0
17 6 42 16 0
7 16 16 42 0
16 7 16 42 0
7 16 42 16 0
16 7 42 16 0
8 15 16 42 0
15 8 16 42 0
8 15 42 16 0
15 8 42 16 0
9 14 16 42 0
14 9 16 42 0
9 14 42 16 0
14 9 42 16 0
7 16 14 44 0
16 7 14 44 0
7 16 44 14 0
16 7 44 14 0
7 16 15 43 0
16 7 15 43 0
7 16 43 15 0
16 7 43 15 0
8 15 14 44 0
15 8 14 44 0
8 15 44 14 0
15 8 44 14 0
8 15 15 43 0
15 8 15 43 0
8 15 43 15 0
15 8 43 15 0
9 14 14 44 0
14 9 14 44 0
9 14 44 14 0
14 9 44 14 0
9 14 15 43 0
14 9 15 43 0
9 14 43 15 0
14 9 43 15 0
10 13 14 44 0
13 10 14 44 0
10 13 44 14 0
13 10 44 14 0
10 13 15 43 0
13 10 15 43 0
10 13 43 15 0
13 10 43 15 0
10 13 16 42 0
13 10 16 42 0
10 13 42 16 0
13 10 42 16 0
10 13 17 41 0
13 10 17 41 0
10 13 41 17 0
13 10 41 17 0
11 12 14 44 0
12 11 14 44 0
11 12 44 14 0
12 11 44 14 0
11 12 15 43 0
12 11 15 43 0
11 12 43 15 0
12 11 43 15 0
11 12 16 42 0
12 11 16 42 0
11 12 42 16 0
12 11 42 16 0
11 12 17 41 0
12 11 17 41 0
11 12 41 17 0
12 11 41 17 0
11 12 18 40 0
12 11 18 40 0
11 12 40 18 0
12 11 40 18 0
11 12 19 39 2
12 11 19 39 2
11 12 39 19 2
12 11 39 19 2
11 12 20 38 9
12 11 20 38 9
11 12 38 20 9
12 11 38 20 9
8 15 13 45 0
15 8 13 45 0
8 15 45 13 0
15 8 45 13 0
9 14 13 45 0
14 9 13 45 0
9 14 45 13 0
14 9 45 13 0
10 13 13 45 0
13 10 13 45 0
10 13 45 13 0
13 10 45 13 0
11 12 13 45 0
12 11 13 45 0
11 12 45 13 0
12 11 45 13 0
9 14 12 46 0
14 9 12 46 0
9 14 46 12 0
14 9 46 12 0
10 13 12 46 0
13 10 12 46 0
10 13 46 12 0
13 10 46 12 0
11 12 12 46 0
12 11 12 46 0
11 12 46 12 0
12 11 46 12 0
