0 9 3 20 0
9 0 3 20 0
0 9 20 3 0
9 0 20 3 0
0 9 4 19 0
9 0 4 19 0
0 9 19 4 0
9 0 19 4 0
0 9 5 18 0
9 0 5 18 0
0 9 18 5 0
9 0 18 5 0
0 9 6 17 0
9 0 6 17 0
0 9 17 6 0
9 0 17 6 0
0 9 7 16 0
9 0 7 16 0
0 9 16 7 0
9 0 16 7 0
0 9 8 15 0
9 0 8 15 0
0 9 15 8 0
9 0 15 8 0
0 9 9 14 0
9 0 9 14 0
0 9 14 9 0
9 0 14 9 0
0 9 10 13 0
9 0 10 13 0
0 9 13 10 0
9 0 13 10 0
0 9 11 12 0
9 0 11 12 0
0 9 12 11 0
9 0 12 11 0
1 8 3 20 0
8 1 3 20 0
1 8 20 3 0
8 1 20 3 0
1 8 4 19 0
8 1 4 19 0
1 8 19 4 0
8 1 19 4 0
1 8 5 18 0
8 1 5 18 0
1 8 18 5 0
8 1 18 5 0
1 8 6 17 0
8 1 6 17 0
1 8 17 6 0
8 1 17 6 0
1 8 7 16 0
8 1 7 16 0
1 8 16 7 0
8 1 16 7 0
1 8 8 15 0
8 1 8 15 0
1 8 15 8 0
8 1 15 8 0
1 8 9 14 0
8 1 9 14 0
1 8 14 9 0
8 1 14 9 0
1 8 10 13 0
8 1 10 13 0
1 8 13 10 0
8 1 13 10 0
1 8 11 12 0
8 1 11 12 0
1 8 12 11 0
8 1 12 11 0
2 7 3 20 0
7 2 3 20 0
2 7 20 3 0
7 2 20 3 0
2 7 4 19 0
7 2 4 19 0
2 7 19 4 0
7 2 19 4 0
2 7 5 18 0
7 2 5 18 0
2 7 18 5 0
7 2 18 5 0
2 7 6 17 0
7 2 6 17 0
2 7 17 6 0
7 2 17 6 0
2 7 7 16 0
7 2 7 16 0
2 7 16 7 0
7 2 16 7 0
2 7 8 15 0
7 2 8 15 0
2 7 15 8 0
7 2 15 8 0
2 7 9 14 0
7 2 9 14 0
2 7 14 9 0
7 2 14 9 0
2 7 10 13 0
7 2 10 13 0
2 7 13 10 0
7 2 13 10 0
2 7 11 12 0
7 2 11 12 0
2 7 12 11 0
7 2 12 11 0
3 6 3 20 0
6 3 3 20 0
3 6 20 3 0
6 3 20 3 0
3 6 4 19 0
6 3 4 19 0
3 6 19 4 0
6 3 19 4 0
3 6 5 18 0
6 3 5 18 0
3 6 18 5 0
6 3 18 5 0
3 6 6 17 0
6 3 6 17 0
3 6 17 6 0
6 3 17 6 0
3 6 7 16 0
6 3 7 16 0
3 6 16 7 0
6 3 16 7 0
3 6 8 15 0
6 3 8 15 0
3 6 15 8 0
6 3 15 8 0
3 6 9 14 0
6 3 9 14 0
3 6 14 9 0
6 3 14 9 0
3 6 10 13 0
6 3 10 13 0
3 6 13 10 0
6 3 13 10 0
3 6 11 12 0
6 3 11 12 0
3 6 12 11 0
6 3 12 11 0
1 8 1 22 0
8 1 1 22 0
1 8 22 1 0
8 1 22 1 0
1 8 2 21 0
8 1 2 21 0
1 8 21 2 0
8 1 21 2 0
2 7 1 22 0
7 2 1 22 0
2 7 22 1 0
7 2 22 1 0
2 7 2 21 0
7 2 2 21 0
2 7 21 2 0
7 2 21 2 0
3 6 1 22 0
6 3 1 22 0
3 6 22 1 0
6 3 22 1 0
3 6 2 21 0
6 3 2 21 0
3 6 21 2 0
6 3 21 2 0
4 5 1 22 0
5 4 1 22 0
4 5 22 1 0
5 4 22 1 0
4 5 2 21 0
5 4 2 21 0
4 5 21 2 0
5 4 21 2 0
4 5 3 20 0
5 4 3 20 0
4 5 20 3 0
5 4 20 3 0
4 5 4 19 0
5 4 4 19 0
4 5 19 4 0
5 4 19 4 0
4 5 5 18 0
5 4 5 18 0
4 5 18 5 0
5 4 18 5 0
4 5 6 17 0
5 4 6 17 0
4 5 17 6 0
5 4 17 6 0
4 5 7 16 0
5 4 7 16 0
4 5 16 7 0
5 4 16 7 0
4 5 8 15 0
5 4 8 15 0
4 5 15 8 0
5 4 15 8 0
4 5 9 14 0
5 4 9 14 0
4 5 14 9 0
5 4 14 9 0
4 5 10 13 0
5 4 10 13 0
4 5 13 10 0
5 4 13 10 0
4 5 11 12 0
5 4 11 12 0
4 5 12 11 0
5 4 12 11 0
3 6 0 23 0
6 3 0 23 0
3 6 23 0 0
6 3 23 0 0
4 5 0 23 0
5 4 0 23 0
4 5 23 0 0
5 4 23 0 0
