2 15 16 27 0
15 2 16 27 0
2 15 27 16 0
15 2 27 16 0
2 15 17 26 0
15 2 17 26 0
2 15 26 17 0
15 2 26 17 0
2 15 18 25 0
15 2 18 25 0
2 15 25 18 0
15 2 25 18 0
2 15 19 24 0
15 2 19 24 0
2 15 24 19 0
15 2 24 19 0
3 14 16 27 0
14 3 16 27 0
3 14 27 16 0
14 3 27 16 0
3 14 17 26 0
14 3 17 26 0
3 14 26 17 0
14 3 26 17 0
3 14 18 25 0
14 3 18 25 0
3 14 25 18 0
14 3 25 18 0
3 14 19 24 0
14 3 19 24 0
3 14 24 19 0
14 3 24 19 0
2 15 20 23 0
15 2 20 23 0
2 15 23 20 0
15 2 23 20 0
3 14 20 23 0
14 3 20 23 0
3 14 23 20 0
14 3 23 20 0
2 15 21 22 0
15 2 21 22 0
2 15 22 21 0
15 2 22 21 0
3 14 21 22 0
14 3 21 22 0
3 14 22 21 0
14 3 22 21 0
3 14 15 28 0
14 3 15 28 0
3 14 28 15 0
14 3 28 15 0
4 13 15 28 0
13 4 15 28 0
4 13 28 15 0
13 4 28 15 0
4 13 16 27 0
13 4 16 27 0
4 13 27 16 0
13 4 27 16 0
4 13 17 26 0
13 4 17 26 0
4 13 26 17 0
13 4 26 17 0
4 13 18 25 0
13 4 18 25 0
4 13 25 18 0
13 4 25 18 0
4 13 19 24 0
13 4 19 24 0
4 13 24 19 0
13 4 24 19 0
4 13 20 23 0
13 4 20 23 0
4 13 23 20 0
13 4 23 20 0
4 13 21 22 0
13 4 21 22 0
4 13 22 21 0
13 4 22 21 0
5 12 16 27 0
12 5 16 27 0
5 12 27 16 0
12 5 27 16 0
5 12 17 26 0
12 5 17 26 0
5 12 26 17 0
12 5 26 17 0
5 12 18 25 0
12 5 18 25 0
5 12 25 18 0
12 5 25 18 0
5 12 19 24 0
12 5 19 24 0
5 12 24 19 0
12 5 24 19 0
5 12 20 23 0
12 5 20 23 0
5 12 23 20 0
12 5 23 20 0
5 12 21 22 0
12 5 21 22 0
5 12 22 21 0
12 5 22 21 0
3 14 13 30 0
14 3 13 30 0
3 14 30 13 0
14 3 30 13 0
3 14 14 29 0
14 3 14 29 0
3 14 29 14 0
14 3 29 14 0
4 13 13 30 0
13 4 13 30 0
4 13 30 13 0
13 4 30 13 0
4 13 14 29 0
13 4 14 29 0
4 13 29 14 0
13 4 29 14 0
4 13 11 32 0
13 4 11 32 0
4 13 32 11 0
13 4 32 11 0
4 13 12 31 0
13 4 12 31 0
4 13 31 12 0
13 4 31 12 0
5 12 11 32 0
12 5 11 32 0
5 12 32 11 0
12 5 32 11 0
5 12 12 31 0
12 5 12 31 0
5 12 31 12 0
12 5 31 12 0
5 12 13 30 0
12 5 13 30 0
5 12 30 13 0
12 5 30 13 0
5 12 14 29 0
12 5 14 29 0
5 12 29 14 0
12 5 29 14 0
5 12 15 28 0
12 5 15 28 0
5 12 28 15 0
12 5 28 15 0
6 11 11 32 0
11 6 11 32 0
6 11 32 11 0
11 6 32 11 0
6 11 12 31 0
11 6 12 31 0
6 11 31 12 0
11 6 31 12 0
6 11 13 30 0
11 6 13 30 0
6 11 30 13 0
11 6 30 13 0
6 11 14 29 0
11 6 14 29 0
6 11 29 14 0
11 6 29 14 0
6 11 15 28 0
11 6 15 28 0
6 11 28 15 0
11 6 28 15 0
6 11 16 27 0
11 6 16 27 0
6 11 27 16 0
11 6 27 16 0
6 11 17 26 0
11 6 17 26 0
6 11 26 17 0
11 6 26 17 0
6 11 18 25 0
11 6 18 25 0
6 11 25 18 0
11 6 25 18 0
6 11 19 24 0
11 6 19 24 0
6 11 24 19 0
11 6 24 19 0
6 11 20 23 0
11 6 20 23 0
6 11 23 20 0
11 6 23 20 0
6 11 21 22 0
11 6 21 22 0
6 11 22 21 0
11 6 22 21 0
7 10 13 30 0
10 7 13 30 0
7 10 30 13 0
10 7 30 13 0
7 10 14 29 0
10 7 14 29 0
7 10 29 14 0
10 7 29 14 0
7 10 15 28 0
10 7 15 28 0
7 10 28 15 0
10 7 28 15 0
7 10 16 27 0
10 7 16 27 0
7 10 27 16 0
10 7 27 16 0
7 10 17 26 0
10 7 17 26 0
7 10 26 17 0
10 7 26 17 0
7 10 18 25 0
10 7 18 25 0
7 10 25 18 0
10 7 25 18 0
7 10 19 24 0
10 7 19 24 0
7 10 24 19 0
10 7 24 19 0
7 10 20 23 0
10 7 20 23 0
7 10 23 20 0
10 7 23 20 0
7 10 21 22 0
10 7 21 22 0
7 10 22 21 0
10 7 22 21 0
5 12 9 34 0
12 5 9 34 0
5 12 34 9 0
12 5 34 9 0
5 12 10 33 0
12 5 10 33 0
5 12 33 10 0
12 5 33 10 0
6 11 9 34 0
11 6 9 34 0
6 11 34 9 0
11 6 34 9 0
6 11 10 33 0
11 6 10 33 0
6 11 33 10 0
11 6 33 10 0
6 11 8 35 0
11 6 8 35 0
6 11 35 8 0
11 6 35 8 0
7 10 8 35 0
10 7 8 35 0
7 10 35 8 0
10 7 35 8 0
7 10 9 34 0
10 7 9 34 0
7 10 34 9 0
10 7 34 9 0
7 10 10 33 0
10 7 10 33 0
7 10 33 10 0
10 7 33 10 0
7 10 11 32 0
10 7 11 32 0
7 10 32 11 0
10 7 32 11 0
7 10 12 31 0
10 7 12 31 0
7 10 31 12 0
10 7 31 12 0
8 9 9 34 0
9 8 9 34 0
8 9 34 9 0
9 8 34 9 0
8 9 10 33 0
9 8 10 33 0
8 9 33 10 0
9 8 33 10 0
8 9 11 32 0
9 8 11 32 0
8 9 32 11 0
9 8 32 11 0
8 9 12 31 0
9 8 12 31 0
8 9 31 12 0
9 8 31 12 0
8 9 13 30 0
9 8 13 30 0
8 9 30 13 0
9 8 30 13 0
8 9 14 29 0
9 8 14 29 0
8 9 29 14 0
9 8 29 14 0
8 9 15 28 0
9 8 15 28 0
8 9 28 15 0
9 8 28 15 0
8 9 16 27 0
9 8 16 27 0
8 9 27 16 0
9 8 27 16 0
8 9 17 26 0
9 8 17 26 0
8 9 26 17 0
9 8 26 17 0
8 9 18 25 0
9 8 18 25 0
8 9 25 18 0
9 8 25 18 0
8 9 19 24 0
9 8 19 24 0
8 9 24 19 0
9 8 24 19 0
8 9 20 23 0
9 8 20 23 0
8 9 23 20 0
9 8 23 20 0
8 9 21 22 0
9 8 21 22 0
8 9 22 21 0
9 8 22 21 0
7 10 7 36 0
10 7 7 36 0
7 10 36 7 0
10 7 36 7 0
8 9 7 36 0
9 8 7 36 0
8 9 36 7 0
9 8 36 7 0
8 9 8 35 0
9 8 8 35 0
8 9 35 8 0
9 8 35 8 0
