0 13 15 18 0
13 0 15 18 0
0 13 18 15 0
13 0 18 15 0
0 13 16 17 0
13 0 16 17 0
0 13 17 16 0
13 0 17 16 0
1 12 15 18 0
12 1 15 18 0
1 12 18 15 0
12 1 18 15 0
1 12 16 17 0
12 1 16 17 0
1 12 17 16 0
12 1 17 16 0
1 12 10 23 0
12 1 10 23 0
1 12 23 10 0
12 1 23 10 0
1 12 11 22 0
12 1 11 22 0
1 12 22 11 0
12 1 22 11 0
1 12 12 21 0
12 1 12 21 0
1 12 21 12 0
12 1 21 12 0
1 12 13 20 0
12 1 13 20 0
1 12 20 13 0
12 1 20 13 0
2 11 10 23 0
11 2 10 23 0
2 11 23 10 0
11 2 23 10 0
2 11 11 22 0
11 2 11 22 0
2 11 22 11 0
11 2 22 11 0
2 11 12 21 0
11 2 12 21 0
2 11 21 12 0
11 2 21 12 0
2 11 13 20 0
11 2 13 20 0
2 11 20 13 0
11 2 20 13 0
1 12 14 19 0
12 1 14 19 0
1 12 19 14 0
12 1 19 14 0
2 11 14 19 0
11 2 14 19 0
2 11 19 14 0
11 2 19 14 0
2 11 15 18 0
11 2 15 18 0
2 11 18 15 0
11 2 18 15 0
2 11 16 17 0
11 2 16 17 0
2 11 17 16 0
11 2 17 16 0
3 10 10 23 2
10 3 10 23 2
3 10 23 10 2
10 3 23 10 2
3 10 11 22 4
10 3 11 22 4
3 10 22 11 4
10 3 22 11 4
3 10 12 21 6
10 3 12 21 6
3 10 21 12 6
10 3 21 12 6
3 10 13 20 8
10 3 13 20 8
3 10 20 13 8
10 3 20 13 8
3 10 14 19 10
10 3 14 19 10
3 10 19 14 10
10 3 19 14 10
3 10 15 18 12
10 3 15 18 12
3 10 18 15 12
10 3 18 15 12
3 10 16 17 13
10 3 16 17 13
3 10 17 16 13
10 3 17 16 13
2 11 7 26 0
11 2 7 26 0
2 11 26 7 0
11 2 26 7 0
2 11 8 25 0
11 2 8 25 0
2 11 25 8 0
11 2 25 8 0
2 11 9 24 0
11 2 9 24 0
2 11 24 9 0
11 2 24 9 0
3 10 7 26 0
10 3 7 26 0
3 10 26 7 0
10 3 26 7 0
3 10 8 25 0
10 3 8 25 0
3 10 25 8 0
10 3 25 8 0
3 10 9 24 1
10 3 9 24 1
3 10 24 9 1
10 3 24 9 1
3 10 6 27 0
10 3 6 27 0
3 10 27 6 0
10 3 27 6 0
4 9 6 27 0
9 4 6 27 0
4 9 27 6 0
9 4 27 6 0
4 9 7 26 0
9 4 7 26 0
4 9 26 7 0
9 4 26 7 0
4 9 8 25 0
9 4 8 25 0
4 9 25 8 0
9 4 25 8 0
4 9 9 24 2
9 4 9 24 2
4 9 24 9 2
9 4 24 9 2
4 9 10 23 5
9 4 10 23 5
4 9 23 10 5
9 4 23 10 5
4 9 11 22 11
9 4 11 22 11
4 9 22 11 11
9 4 22 11 11
4 9 12 21 18
9 4 12 21 18
4 9 21 12 18
9 4 21 12 18
4 9 13 20 26
9 4 13 20 26
4 9 20 13 26
9 4 20 13 26
4 9 14 19 34
9 4 14 19 34
4 9 19 14 34
9 4 19 14 34
4 9 15 18 41
9 4 15 18 41
4 9 18 15 41
9 4 18 15 41
4 9 16 17 45
9 4 16 17 45
4 9 17 16 45
9 4 17 16 45
5 8 7 26 1
8 5 7 26 1
5 8 26 7 1
8 5 26 7 1
5 8 8 25 2
8 5 8 25 2
5 8 25 8 2
8 5 25 8 2
5 8 9 24 6
8 5 9 24 6
5 8 24 9 6
8 5 24 9 6
5 8 10 23 13
8 5 10 23 13
5 8 23 10 13
8 5 23 10 13
5 8 11 22 25
8 5 11 22 25
5 8 22 11 25
8 5 22 11 25
5 8 12 21 40
8 5 12 21 40
5 8 21 12 40
8 5 21 12 40
5 8 13 20 59
8 5 13 20 59
5 8 20 13 59
8 5 20 13 59
5 8 14 19 77
8 5 14 19 77
5 8 19 14 77
8 5 19 14 77
5 8 15 18 92
8 5 15 18 92
5 8 18 15 92
8 5 18 15 92
5 8 16 17 101
8 5 16 17 101
5 8 17 16 101
8 5 17 16 101
4 9 4 29 0
9 4 4 29 0
4 9 29 4 0
9 4 29 4 0
4 9 5 28 0
9 4 5 28 0
4 9 28 5 0
9 4 28 5 0
5 8 4 29 0
8 5 4 29 0
5 8 29 4 0
8 5 29 4 0
5 8 5 28 0
8 5 5 28 0
5 8 28 5 0
8 5 28 5 0
5 8 6 27 0
8 5 6 27 0
5 8 27 6 0
8 5 27 6 0
6 7 4 29 0
7 6 4 29 0
6 7 29 4 0
7 6 29 4 0
6 7 5 28 0
7 6 5 28 0
6 7 28 5 0
7 6 28 5 0
6 7 6 27 0
7 6 6 27 0
6 7 27 6 0
7 6 27 6 0
6 7 7 26 1
7 6 7 26 1
6 7 26 7 1
7 6 26 7 1
6 7 8 25 3
7 6 8 25 3
6 7 25 8 3
7 6 25 8 3
6 7 9 24 9
7 6 9 24 9
6 7 24 9 9
7 6 24 9 9
6 7 10 23 19
7 6 10 23 19
6 7 23 10 19
7 6 23 10 19
6 7 11 22 36
7 6 11 22 36
6 7 22 11 36
7 6 22 11 36
6 7 12 21 58
7 6 12 21 58
6 7 21 12 58
7 6 21 12 58
6 7 13 20 85
7 6 13 20 85
6 7 20 13 85
7 6 20 13 85
6 7 14 19 111
7 6 14 19 111
6 7 19 14 111
7 6 19 14 111
6 7 15 18 133
7 6 15 18 133
6 7 18 15 133
7 6 18 15 133
6 7 16 17 145
7 6 16 17 145
6 7 17 16 145
7 6 17 16 145
6 7 3 30 0
7 6 3 30 0
6 7 30 3 0
7 6 30 3 0
