18 21 45 53 0
21 18 45 53 0
18 21 53 45 0
21 18 53 45 0
18 21 46 52 0
21 18 46 52 0
18 21 52 46 0
21 18 52 46 0
18 21 47 51 0
21 18 47 51 0
18 21 51 47 0
21 18 51 47 0
18 21 48 50 0
21 18 48 50 0
18 21 50 48 0
21 18 50 48 0
18 21 49 49 0
21 18 49 49 0
19 20 45 53 0
20 19 45 53 0
19 20 53 45 0
20 19 53 45 0
19 20 46 52 0
20 19 46 52 0
19 20 52 46 0
20 19 52 46 0
19 20 47 51 0
20 19 47 51 0
19 20 51 47 0
20 19 51 47 0
19 20 48 50 0
20 19 48 50 0
19 20 50 48 0
20 19 50 48 0
19 20 49 49 0
20 19 49 49 0
