14 21 36 52 0
21 14 36 52 0
14 21 52 36 0
21 14 52 36 0
14 21 37 51 0
21 14 37 51 0
14 21 51 37 0
21 14 51 37 0
14 21 38 50 0
21 14 38 50 0
14 21 50 38 0
21 14 50 38 0
14 21 39 49 0
21 14 39 49 0
14 21 49 39 0
21 14 49 39 0
14 21 40 48 0
21 14 40 48 0
14 21 48 40 0
21 14 48 40 0
14 21 41 47 0
21 14 41 47 0
14 21 47 41 0
21 14 47 41 0
14 21 42 46 0
21 14 42 46 0
14 21 46 42 0
21 14 46 42 0
14 21 43 45 0
21 14 43 45 0
14 21 45 43 0
21 14 45 43 0
14 21 44 44 0
21 14 44 44 0
15 20 36 52 0
20 15 36 52 0
15 20 52 36 0
20 15 52 36 0
15 20 37 51 0
20 15 37 51 0
15 20 51 37 0
20 15 51 37 0
15 20 38 50 0
20 15 38 50 0
15 20 50 38 0
20 15 50 38 0
15 20 39 49 0
20 15 39 49 0
15 20 49 39 0
20 15 49 39 0
15 20 40 48 0
20 15 40 48 0
15 20 48 40 0
20 15 48 40 0
15 20 41 47 0
20 15 41 47 0
15 20 47 41 0
20 15 47 41 0
15 20 42 46 0
20 15 42 46 0
15 20 46 42 0
20 15 46 42 0
15 20 43 45 0
20 15 43 45 0
15 20 45 43 0
20 15 45 43 0
15 20 44 44 0
20 15 44 44 0
16 19 36 52 0
19 16 36 52 0
16 19 52 36 0
19 16 52 36 0
16 19 37 51 0
19 16 37 51 0
16 19 51 37 0
19 16 51 37 0
16 19 38 50 0
19 16 38 50 0
16 19 50 38 0
19 16 50 38 0
16 19 39 49 0
19 16 39 49 0
16 19 49 39 0
19 16 49 39 0
16 19 40 48 0
19 16 40 48 0
16 19 48 40 0
19 16 48 40 0
16 19 41 47 0
19 16 41 47 0
16 19 47 41 0
19 16 47 41 0
16 19 42 46 0
19 16 42 46 0
16 19 46 42 0
19 16 46 42 0
16 19 43 45 0
19 16 43 45 0
16 19 45 43 0
19 16 45 43 0
16 19 44 44 0
19 16 44 44 0
17 18 36 52 0
18 17 36 52 0
17 18 52 36 0
18 17 52 36 0
17 18 37 51 0
18 17 37 51 0
17 18 51 37 0
18 17 51 37 0
17 18 38 50 0
18 17 38 50 0
17 18 50 38 0
18 17 50 38 0
17 18 39 49 0
18 17 39 49 0
17 18 49 39 0
18 17 49 39 0
17 18 40 48 0
18 17 40 48 0
17 18 48 40 0
18 17 48 40 0
17 18 41 47 0
18 17 41 47 0
17 18 47 41 0
18 17 47 41 0
17 18 42 46 0
18 17 42 46 0
17 18 46 42 0
18 17 46 42 0
17 18 43 45 0
18 17 43 45 0
17 18 45 43 0
18 17 45 43 0
17 18 44 44 0
18 17 44 44 0
15 20 35 53 0
20 15 35 53 0
15 20 53 35 0
20 15 53 35 0
16 19 35 53 0
19 16 35 53 0
16 19 53 35 0
19 16 53 35 0
17 18 35 53 0
18 17 35 53 0
17 18 53 35 0
18 17 53 35 0
