0 9 6 17 0
9 0 6 17 0
0 9 17 6 0
9 0 17 6 0
0 9 7 16 0
9 0 7 16 0
0 9 16 7 0
9 0 16 7 0
0 9 8 15 0
9 0 8 15 0
0 9 15 8 0
9 0 15 8 0
0 9 9 14 0
9 0 9 14 0
0 9 14 9 0
9 0 14 9 0
1 8 6 17 1
8 1 6 17 1
1 8 17 6 1
8 1 17 6 1
1 8 7 16 2
8 1 7 16 2
1 8 16 7 2
8 1 16 7 2
1 8 8 15 4
8 1 8 15 4
1 8 15 8 4
8 1 15 8 4
1 8 9 14 6
8 1 9 14 6
1 8 14 9 6
8 1 14 9 6
0 9 10 13 0
9 0 10 13 0
0 9 13 10 0
9 0 13 10 0
1 8 10 13 8
8 1 10 13 8
1 8 13 10 8
8 1 13 10 8
0 9 11 12 0
9 0 11 12 0
0 9 12 11 0
9 0 12 11 0
1 8 11 12 9
8 1 11 12 9
1 8 12 11 9
8 1 12 11 9
1 8 3 20 0
8 1 3 20 0
1 8 20 3 0
8 1 20 3 0
1 8 4 19 0
8 1 4 19 0
1 8 19 4 0
8 1 19 4 0
1 8 5 18 0
8 1 5 18 0
1 8 18 5 0
8 1 18 5 0
2 7 3 20 0
7 2 3 20 0
2 7 20 3 0
7 2 20 3 0
2 7 4 19 1
7 2 4 19 1
2 7 19 4 1
7 2 19 4 1
2 7 5 18 3
7 2 5 18 3
2 7 18 5 3
7 2 18 5 3
2 7 6 17 8
7 2 6 17 8
2 7 17 6 8
7 2 17 6 8
2 7 7 16 15
7 2 7 16 15
2 7 16 7 15
7 2 16 7 15
2 7 8 15 25
7 2 8 15 25
2 7 15 8 25
7 2 15 8 25
2 7 9 14 35
7 2 9 14 35
2 7 14 9 35
7 2 14 9 35
2 7 10 13 44
7 2 10 13 44
2 7 13 10 44
7 2 13 10 44
2 7 11 12 49
7 2 11 12 49
2 7 12 11 49
7 2 12 11 49
3 6 3 20 0
6 3 3 20 0
3 6 20 3 0
6 3 20 3 0
3 6 4 19 3
6 3 4 19 3
3 6 19 4 3
6 3 19 4 3
3 6 5 18 9
6 3 5 18 9
3 6 18 5 9
6 3 18 5 9
3 6 6 17 21
6 3 6 17 21
3 6 17 6 21
6 3 17 6 21
3 6 7 16 39
6 3 7 16 39
3 6 16 7 39
6 3 16 7 39
3 6 8 15 63
6 3 8 15 63
3 6 15 8 63
6 3 15 8 63
3 6 9 14 87
6 3 9 14 87
3 6 14 9 87
6 3 14 9 87
3 6 10 13 108
6 3 10 13 108
3 6 13 10 108
6 3 13 10 108
3 6 11 12 120
6 3 11 12 120
3 6 12 11 120
6 3 12 11 120
2 7 2 21 0
7 2 2 21 0
2 7 21 2 0
7 2 21 2 0
3 6 2 21 0
6 3 2 21 0
3 6 21 2 0
6 3 21 2 0
3 6 1 22 0
6 3 1 22 0
3 6 22 1 0
6 3 22 1 0
4 5 1 22 0
5 4 1 22 0
4 5 22 1 0
5 4 22 1 0
4 5 2 21 0
5 4 2 21 0
4 5 21 2 0
5 4 21 2 0
4 5 3 20 1
5 4 3 20 1
4 5 20 3 1
5 4 20 3 1
4 5 4 19 6
5 4 4 19 6
4 5 19 4 6
5 4 19 4 6
4 5 5 18 16
5 4 5 18 16
4 5 18 5 16
5 4 18 5 16
4 5 6 17 35
5 4 6 17 35
4 5 17 6 35
5 4 17 6 35
4 5 7 16 63
5 4 7 16 63
4 5 16 7 63
5 4 16 7 63
4 5 8 15 99
5 4 8 15 99
4 5 15 8 99
5 4 15 8 99
4 5 9 14 135
5 4 9 14 135
4 5 14 9 135
5 4 14 9 135
4 5 10 13 166
5 4 10 13 166
4 5 13 10 166
5 4 13 10 166
4 5 11 12 184
5 4 11 12 184
4 5 12 11 184
5 4 12 11 184
