0 11 10 18 0
11 0 10 18 0
0 11 18 10 0
11 0 18 10 0
0 11 11 17 0
11 0 11 17 0
0 11 17 11 0
11 0 17 11 0
0 11 12 16 0
11 0 12 16 0
0 11 16 12 0
11 0 16 12 0
0 11 13 15 0
11 0 13 15 0
0 11 15 13 0
11 0 15 13 0
1 10 10 18 0
10 1 10 18 0
1 10 18 10 0
10 1 18 10 0
1 10 11 17 0
10 1 11 17 0
1 10 17 11 0
10 1 17 11 0
1 10 12 16 0
10 1 12 16 0
1 10 16 12 0
10 1 16 12 0
1 10 13 15 0
10 1 13 15 0
1 10 15 13 0
10 1 15 13 0
0 11 14 14 0
11 0 14 14 0
1 10 14 14 0
10 1 14 14 0
1 10 6 22 0
10 1 6 22 0
1 10 22 6 0
10 1 22 6 0
1 10 7 21 0
10 1 7 21 0
1 10 21 7 0
10 1 21 7 0
1 10 8 20 0
10 1 8 20 0
1 10 20 8 0
10 1 20 8 0
1 10 9 19 0
10 1 9 19 0
1 10 19 9 0
10 1 19 9 0
2 9 6 22 0
9 2 6 22 0
2 9 22 6 0
9 2 22 6 0
2 9 7 21 1
9 2 7 21 1
2 9 21 7 1
9 2 21 7 1
2 9 8 20 2
9 2 8 20 2
2 9 20 8 2
9 2 20 8 2
2 9 9 19 5
9 2 9 19 5
2 9 19 9 5
9 2 19 9 5
2 9 10 18 7
9 2 10 18 7
2 9 18 10 7
9 2 18 10 7
2 9 11 17 11
9 2 11 17 11
2 9 17 11 11
9 2 17 11 11
2 9 12 16 13
9 2 12 16 13
2 9 16 12 13
9 2 16 12 13
2 9 13 15 16
9 2 13 15 16
2 9 15 13 16
9 2 15 13 16
2 9 14 14 16
9 2 14 14 16
3 8 6 22 1
8 3 6 22 1
3 8 22 6 1
8 3 22 6 1
3 8 7 21 4
8 3 7 21 4
3 8 21 7 4
8 3 21 7 4
3 8 8 20 9
8 3 8 20 9
3 8 20 8 9
8 3 20 8 9
3 8 9 19 19
8 3 9 19 19
3 8 19 9 19
8 3 19 9 19
3 8 10 18 30
8 3 10 18 30
3 8 18 10 30
8 3 18 10 30
3 8 11 17 44
8 3 11 17 44
3 8 17 11 44
8 3 17 11 44
3 8 12 16 56
8 3 12 16 56
3 8 16 12 56
8 3 16 12 56
3 8 13 15 66
8 3 13 15 66
3 8 15 13 66
8 3 15 13 66
3 8 14 14 68
8 3 14 14 68
2 9 4 24 0
9 2 4 24 0
2 9 24 4 0
9 2 24 4 0
2 9 5 23 0
9 2 5 23 0
2 9 23 5 0
9 2 23 5 0
3 8 4 24 0
8 3 4 24 0
3 8 24 4 0
8 3 24 4 0
3 8 5 23 0
8 3 5 23 0
3 8 23 5 0
8 3 23 5 0
3 8 3 25 0
8 3 3 25 0
3 8 25 3 0
8 3 25 3 0
4 7 3 25 0
7 4 3 25 0
4 7 25 3 0
7 4 25 3 0
4 7 4 24 0
7 4 4 24 0
4 7 24 4 0
7 4 24 4 0
4 7 5 23 1
7 4 5 23 1
4 7 23 5 1
7 4 23 5 1
4 7 6 22 4
7 4 6 22 4
4 7 22 6 4
7 4 22 6 4
4 7 7 21 12
7 4 7 21 12
4 7 21 7 12
7 4 21 7 12
4 7 8 20 25
7 4 8 20 25
4 7 20 8 25
7 4 20 8 25
4 7 9 19 48
7 4 9 19 48
4 7 19 9 48
7 4 19 9 48
4 7 10 18 74
7 4 10 18 74
4 7 18 10 74
7 4 18 10 74
4 7 11 17 106
7 4 11 17 106
4 7 17 11 106
7 4 17 11 106
4 7 12 16 133
7 4 12 16 133
4 7 16 12 133
7 4 16 12 133
4 7 13 15 155
7 4 13 15 155
4 7 15 13 155
7 4 15 13 155
4 7 14 14 160
7 4 14 14 160
5 6 4 24 0
6 5 4 24 0
5 6 24 4 0
6 5 24 4 0
5 6 5 23 2
6 5 5 23 2
5 6 23 5 2
6 5 23 5 2
5 6 6 22 7
6 5 6 22 7
5 6 22 6 7
6 5 22 6 7
5 6 7 21 19
6 5 7 21 19
5 6 21 7 19
6 5 21 7 19
5 6 8 20 39
6 5 8 20 39
5 6 20 8 39
6 5 20 8 39
5 6 9 19 72
6 5 9 19 72
5 6 19 9 72
6 5 19 9 72
5 6 10 18 111
6 5 10 18 111
5 6 18 10 111
6 5 18 10 111
5 6 11 17 157
6 5 11 17 157
5 6 17 11 157
6 5 17 11 157
5 6 12 16 197
6 5 12 16 197
5 6 16 12 197
6 5 16 12 197
5 6 13 15 228
6 5 13 15 228
5 6 15 13 228
6 5 15 13 228
5 6 14 14 236
6 5 14 14 236
4 7 2 26 0
7 4 2 26 0
4 7 26 2 0
7 4 26 2 0
5 6 2 26 0
6 5 2 26 0
5 6 26 2 0
6 5 26 2 0
5 6 3 25 0
6 5 3 25 0
5 6 25 3 0
6 5 25 3 0
