5 20 25 38 0
20 5 25 38 0
5 20 38 25 0
20 5 38 25 0
5 20 26 37 0
20 5 26 37 0
5 20 37 26 0
20 5 37 26 0
5 20 27 36 0
20 5 27 36 0
5 20 36 27 0
20 5 36 27 0
5 20 28 35 0
20 5 28 35 0
5 20 35 28 0
20 5 35 28 0
5 20 29 34 0
20 5 29 34 0
5 20 34 29 0
20 5 34 29 0
5 20 30 33 0
20 5 30 33 0
5 20 33 30 0
20 5 33 30 0
5 20 31 32 0
20 5 31 32 0
5 20 32 31 0
20 5 32 31 0
6 19 25 38 0
19 6 25 38 0
6 19 38 25 0
19 6 38 25 0
6 19 26 37 0
19 6 26 37 0
6 19 37 26 0
19 6 37 26 0
6 19 27 36 0
19 6 27 36 0
6 19 36 27 0
19 6 36 27 0
6 19 28 35 0
19 6 28 35 0
6 19 35 28 0
19 6 35 28 0
6 19 29 34 0
19 6 29 34 0
6 19 34 29 0
19 6 34 29 0
6 19 30 33 0
19 6 30 33 0
6 19 33 30 0
19 6 33 30 0
6 19 31 32 0
19 6 31 32 0
6 19 32 31 0
19 6 32 31 0
7 18 25 38 0
18 7 25 38 0
7 18 38 25 0
18 7 38 25 0
7 18 26 37 0
18 7 26 37 0
7 18 37 26 0
18 7 37 26 0
7 18 27 36 0
18 7 27 36 0
7 18 36 27 0
18 7 36 27 0
7 18 28 35 0
18 7 28 35 0
7 18 35 28 0
18 7 35 28 0
7 18 29 34 0
18 7 29 34 0
7 18 34 29 0
18 7 34 29 0
7 18 30 33 0
18 7 30 33 0
7 18 33 30 0
18 7 33 30 0
7 18 31 32 0
18 7 31 32 0
7 18 32 31 0
18 7 32 31 0
8 17 25 38 0
17 8 25 38 0
8 17 38 25 0
17 8 38 25 0
8 17 26 37 0
17 8 26 37 0
8 17 37 26 0
17 8 37 26 0
8 17 27 36 0
17 8 27 36 0
8 17 36 27 0
17 8 36 27 0
8 17 28 35 0
17 8 28 35 0
8 17 35 28 0
17 8 35 28 0
8 17 29 34 1
17 8 29 34 1
8 17 34 29 1
17 8 34 29 1
8 17 30 33 2
17 8 30 33 2
8 17 33 30 2
17 8 33 30 2
8 17 31 32 2
17 8 31 32 2
8 17 32 31 2
17 8 32 31 2
6 19 21 42 0
19 6 21 42 0
6 19 42 21 0
19 6 42 21 0
6 19 22 41 0
19 6 22 41 0
6 19 41 22 0
19 6 41 22 0
6 19 23 40 0
19 6 23 40 0
6 19 40 23 0
19 6 40 23 0
6 19 24 39 0
19 6 24 39 0
6 19 39 24 0
19 6 39 24 0
7 18 21 42 0
18 7 21 42 0
7 18 42 21 0
18 7 42 21 0
7 18 22 41 0
18 7 22 41 0
7 18 41 22 0
18 7 41 22 0
7 18 23 40 0
18 7 23 40 0
7 18 40 23 0
18 7 40 23 0
7 18 24 39 0
18 7 24 39 0
7 18 39 24 0
18 7 39 24 0
8 17 21 42 0
17 8 21 42 0
8 17 42 21 0
17 8 42 21 0
8 17 22 41 0
17 8 22 41 0
8 17 41 22 0
17 8 41 22 0
8 17 23 40 0
17 8 23 40 0
8 17 40 23 0
17 8 40 23 0
8 17 24 39 0
17 8 24 39 0
8 17 39 24 0
17 8 39 24 0
9 16 21 42 0
16 9 21 42 0
9 16 42 21 0
16 9 42 21 0
9 16 22 41 0
16 9 22 41 0
9 16 41 22 0
16 9 41 22 0
9 16 23 40 0
16 9 23 40 0
9 16 40 23 0
16 9 40 23 0
9 16 24 39 0
16 9 24 39 0
9 16 39 24 0
16 9 39 24 0
9 16 25 38 1
16 9 25 38 1
9 16 38 25 1
16 9 38 25 1
9 16 26 37 3
16 9 26 37 3
9 16 37 26 3
16 9 37 26 3
9 16 27 36 7
16 9 27 36 7
9 16 36 27 7
16 9 36 27 7
9 16 28 35 12
16 9 28 35 12
9 16 35 28 12
16 9 35 28 12
9 16 29 34 19
16 9 29 34 19
9 16 34 29 19
16 9 34 29 19
9 16 30 33 25
16 9 30 33 25
9 16 33 30 25
16 9 33 30 25
9 16 31 32 28
16 9 31 32 28
9 16 32 31 28
16 9 32 31 28
7 18 19 44 0
18 7 19 44 0
7 18 44 19 0
18 7 44 19 0
7 18 20 43 0
18 7 20 43 0
7 18 43 20 0
18 7 43 20 0
8 17 19 44 0
17 8 19 44 0
8 17 44 19 0
17 8 44 19 0
8 17 20 43 0
17 8 20 43 0
8 17 43 20 0
17 8 43 20 0
9 16 19 44 0
16 9 19 44 0
9 16 44 19 0
16 9 44 19 0
9 16 20 43 0
16 9 20 43 0
9 16 43 20 0
16 9 43 20 0
10 15 19 44 0
15 10 19 44 0
10 15 44 19 0
15 10 44 19 0
10 15 20 43 0
15 10 20 43 0
10 15 43 20 0
15 10 43 20 0
10 15 21 42 0
15 10 21 42 0
10 15 42 21 0
15 10 42 21 0
10 15 22 41 0
15 10 22 41 0
10 15 41 22 0
15 10 41 22 0
10 15 23 40 1
15 10 23 40 1
10 15 40 23 1
15 10 40 23 1
10 15 24 39 3
15 10 24 39 3
10 15 39 24 3
15 10 39 24 3
10 15 25 38 9
15 10 25 38 9
10 15 38 25 9
15 10 38 25 9
10 15 26 37 20
15 10 26 37 20
10 15 37 26 20
15 10 37 26 20
10 15 27 36 38
15 10 27 36 38
10 15 36 27 38
15 10 36 27 38
10 15 28 35 60
15 10 28 35 60
10 15 35 28 60
15 10 35 28 60
10 15 29 34 85
15 10 29 34 85
10 15 34 29 85
15 10 34 29 85
10 15 30 33 106
15 10 30 33 106
10 15 33 30 106
15 10 33 30 106
10 15 31 32 118
15 10 31 32 118
10 15 32 31 118
15 10 32 31 118
11 14 19 44 0
14 11 19 44 0
11 14 44 19 0
14 11 44 19 0
11 14 20 43 0
14 11 20 43 0
11 14 43 20 0
14 11 43 20 0
11 14 21 42 0
14 11 21 42 0
11 14 42 21 0
14 11 42 21 0
11 14 22 41 0
14 11 22 41 0
11 14 41 22 0
14 11 41 22 0
11 14 23 40 3
14 11 23 40 3
11 14 40 23 3
14 11 40 23 3
11 14 24 39 10
14 11 24 39 10
11 14 39 24 10
14 11 39 24 10
11 14 25 38 26
14 11 25 38 26
11 14 38 25 26
14 11 38 25 26
11 14 26 37 54
14 11 26 37 54
11 14 37 26 54
14 11 37 26 54
11 14 27 36 96
14 11 27 36 96
11 14 36 27 96
14 11 36 27 96
11 14 28 35 146
14 11 28 35 146
11 14 35 28 146
14 11 35 28 146
11 14 29 34 200
14 11 29 34 200
11 14 34 29 200
14 11 34 29 200
11 14 30 33 245
14 11 30 33 245
11 14 33 30 245
14 11 33 30 245
11 14 31 32 270
14 11 31 32 270
11 14 32 31 270
14 11 32 31 270
12 13 21 42 0
13 12 21 42 0
12 13 42 21 0
13 12 42 21 0
12 13 22 41 1
13 12 22 41 1
12 13 41 22 1
13 12 41 22 1
12 13 23 40 6
13 12 23 40 6
12 13 40 23 6
13 12 40 23 6
12 13 24 39 18
13 12 24 39 18
12 13 39 24 18
13 12 39 24 18
12 13 25 38 44
13 12 25 38 44
12 13 38 25 44
13 12 38 25 44
12 13 26 37 87
13 12 26 37 87
12 13 37 26 87
13 12 37 26 87
12 13 27 36 149
13 12 27 36 149
12 13 36 27 149
13 12 36 27 149
12 13 28 35 223
13 12 28 35 223
12 13 35 28 223
13 12 35 28 223
12 13 29 34 301
13 12 29 34 301
12 13 34 29 301
13 12 34 29 301
12 13 30 33 365
13 12 30 33 365
12 13 33 30 365
13 12 33 30 365
12 13 31 32 401
13 12 31 32 401
12 13 32 31 401
13 12 32 31 401
8 17 17 46 0
17 8 17 46 0
8 17 46 17 0
17 8 46 17 0
8 17 18 45 0
17 8 18 45 0
8 17 45 18 0
17 8 45 18 0
9 16 17 46 0
16 9 17 46 0
9 16 46 17 0
16 9 46 17 0
9 16 18 45 0
16 9 18 45 0
9 16 45 18 0
16 9 45 18 0
10 15 17 46 0
15 10 17 46 0
10 15 46 17 0
15 10 46 17 0
10 15 18 45 0
15 10 18 45 0
10 15 45 18 0
15 10 45 18 0
11 14 17 46 0
14 11 17 46 0
11 14 46 17 0
14 11 46 17 0
11 14 18 45 0
14 11 18 45 0
11 14 45 18 0
14 11 45 18 0
9 16 16 47 0
16 9 16 47 0
9 16 47 16 0
16 9 47 16 0
10 15 16 47 0
15 10 16 47 0
10 15 47 16 0
15 10 47 16 0
11 14 16 47 0
14 11 16 47 0
11 14 47 16 0
14 11 47 16 0
12 13 16 47 0
13 12 16 47 0
12 13 47 16 0
13 12 47 16 0
12 13 17 46 0
13 12 17 46 0
12 13 46 17 0
13 12 46 17 0
12 13 18 45 0
13 12 18 45 0
12 13 45 18 0
13 12 45 18 0
12 13 19 44 0
13 12 19 44 0
12 13 44 19 0
13 12 44 19 0
12 13 20 43 0
13 12 20 43 0
12 13 43 20 0
13 12 43 20 0
10 15 15 48 0
15 10 15 48 0
10 15 48 15 0
15 10 48 15 0
11 14 15 48 0
14 11 15 48 0
11 14 48 15 0
14 11 48 15 0
12 13 15 48 0
13 12 15 48 0
12 13 48 15 0
13 12 48 15 0
