1 16 15 28 0
16 1 15 28 0
1 16 28 15 0
16 1 28 15 0
1 16 16 27 0
16 1 16 27 0
1 16 27 16 0
16 1 27 16 0
1 16 17 26 0
16 1 17 26 0
1 16 26 17 0
16 1 26 17 0
1 16 18 25 0
16 1 18 25 0
1 16 25 18 0
16 1 25 18 0
1 16 19 24 0
16 1 19 24 0
1 16 24 19 0
16 1 24 19 0
1 16 20 23 0
16 1 20 23 0
1 16 23 20 0
16 1 23 20 0
1 16 21 22 0
16 1 21 22 0
1 16 22 21 0
16 1 22 21 0
2 15 15 28 0
15 2 15 28 0
2 15 28 15 0
15 2 28 15 0
2 15 16 27 0
15 2 16 27 0
2 15 27 16 0
15 2 27 16 0
2 15 17 26 0
15 2 17 26 0
2 15 26 17 0
15 2 26 17 0
2 15 18 25 0
15 2 18 25 0
2 15 25 18 0
15 2 25 18 0
2 15 19 24 0
15 2 19 24 0
2 15 24 19 0
15 2 24 19 0
2 15 20 23 0
15 2 20 23 0
2 15 23 20 0
15 2 23 20 0
2 15 21 22 0
15 2 21 22 0
2 15 22 21 0
15 2 22 21 0
3 14 15 28 0
14 3 15 28 0
3 14 28 15 0
14 3 28 15 0
3 14 16 27 0
14 3 16 27 0
3 14 27 16 0
14 3 27 16 0
3 14 17 26 1
14 3 17 26 1
3 14 26 17 1
14 3 26 17 1
3 14 18 25 1
14 3 18 25 1
3 14 25 18 1
14 3 25 18 1
3 14 19 24 2
14 3 19 24 2
3 14 24 19 2
14 3 24 19 2
3 14 20 23 3
14 3 20 23 3
3 14 23 20 3
14 3 23 20 3
3 14 21 22 3
14 3 21 22 3
3 14 22 21 3
14 3 22 21 3
4 13 15 28 1
13 4 15 28 1
4 13 28 15 1
13 4 28 15 1
4 13 16 27 3
13 4 16 27 3
4 13 27 16 3
13 4 27 16 3
4 13 17 26 7
13 4 17 26 7
4 13 26 17 7
13 4 26 17 7
4 13 18 25 11
13 4 18 25 11
4 13 25 18 11
13 4 25 18 11
4 13 19 24 17
13 4 19 24 17
4 13 24 19 17
13 4 24 19 17
4 13 20 23 22
13 4 20 23 22
4 13 23 20 22
13 4 23 20 22
4 13 21 22 24
13 4 21 22 24
4 13 22 21 24
13 4 22 21 24
5 12 15 28 9
12 5 15 28 9
5 12 28 15 9
12 5 28 15 9
5 12 16 27 19
12 5 16 27 19
5 12 27 16 19
12 5 27 16 19
5 12 17 26 35
12 5 17 26 35
5 12 26 17 35
12 5 26 17 35
5 12 18 25 53
12 5 18 25 53
5 12 25 18 53
12 5 25 18 53
5 12 19 24 74
12 5 19 24 74
5 12 24 19 74
12 5 24 19 74
5 12 20 23 91
12 5 20 23 91
5 12 23 20 91
12 5 23 20 91
5 12 21 22 100
12 5 21 22 100
5 12 22 21 100
12 5 22 21 100
2 15 11 32 0
15 2 11 32 0
2 15 32 11 0
15 2 32 11 0
2 15 12 31 0
15 2 12 31 0
2 15 31 12 0
15 2 31 12 0
2 15 13 30 0
15 2 13 30 0
2 15 30 13 0
15 2 30 13 0
2 15 14 29 0
15 2 14 29 0
2 15 29 14 0
15 2 29 14 0
3 14 11 32 0
14 3 11 32 0
3 14 32 11 0
14 3 32 11 0
3 14 12 31 0
14 3 12 31 0
3 14 31 12 0
14 3 31 12 0
3 14 13 30 0
14 3 13 30 0
3 14 30 13 0
14 3 30 13 0
3 14 14 29 0
14 3 14 29 0
3 14 29 14 0
14 3 29 14 0
4 13 11 32 0
13 4 11 32 0
4 13 32 11 0
13 4 32 11 0
4 13 12 31 0
13 4 12 31 0
4 13 31 12 0
13 4 31 12 0
4 13 13 30 0
13 4 13 30 0
4 13 30 13 0
13 4 30 13 0
4 13 14 29 0
13 4 14 29 0
4 13 29 14 0
13 4 29 14 0
5 12 11 32 0
12 5 11 32 0
5 12 32 11 0
12 5 32 11 0
5 12 12 31 0
12 5 12 31 0
5 12 31 12 0
12 5 31 12 0
5 12 13 30 1
12 5 13 30 1
5 12 30 13 1
12 5 30 13 1
5 12 14 29 3
12 5 14 29 3
5 12 29 14 3
12 5 29 14 3
3 14 10 33 0
14 3 10 33 0
3 14 33 10 0
14 3 33 10 0
4 13 10 33 0
13 4 10 33 0
4 13 33 10 0
13 4 33 10 0
5 12 10 33 0
12 5 10 33 0
5 12 33 10 0
12 5 33 10 0
6 11 10 33 0
11 6 10 33 0
6 11 33 10 0
11 6 33 10 0
6 11 11 32 0
11 6 11 32 0
6 11 32 11 0
11 6 32 11 0
6 11 12 31 1
11 6 12 31 1
6 11 31 12 1
11 6 31 12 1
6 11 13 30 5
11 6 13 30 5
6 11 30 13 5
11 6 30 13 5
6 11 14 29 14
11 6 14 29 14
6 11 29 14 14
11 6 29 14 14
6 11 15 28 32
11 6 15 28 32
6 11 28 15 32
11 6 28 15 32
6 11 16 27 61
11 6 16 27 61
6 11 27 16 61
11 6 27 16 61
6 11 17 26 103
11 6 17 26 103
6 11 26 17 103
11 6 26 17 103
6 11 18 25 150
11 6 18 25 150
6 11 25 18 150
11 6 25 18 150
6 11 19 24 200
11 6 19 24 200
6 11 24 19 200
11 6 24 19 200
6 11 20 23 241
11 6 20 23 241
6 11 23 20 241
11 6 23 20 241
6 11 21 22 263
11 6 21 22 263
6 11 22 21 263
11 6 22 21 263
7 10 11 32 1
10 7 11 32 1
7 10 32 11 1
10 7 32 11 1
7 10 12 31 4
10 7 12 31 4
7 10 31 12 4
10 7 31 12 4
7 10 13 30 14
10 7 13 30 14
7 10 30 13 14
10 7 30 13 14
7 10 14 29 34
10 7 14 29 34
7 10 29 14 34
10 7 29 14 34
7 10 15 28 71
10 7 15 28 71
7 10 28 15 71
10 7 28 15 71
7 10 16 27 127
10 7 16 27 127
7 10 27 16 127
10 7 27 16 127
7 10 17 26 204
10 7 17 26 204
7 10 26 17 204
10 7 26 17 204
7 10 18 25 290
10 7 18 25 290
7 10 25 18 290
10 7 25 18 290
7 10 19 24 378
10 7 19 24 378
7 10 24 19 378
10 7 24 19 378
7 10 20 23 449
10 7 20 23 449
7 10 23 20 449
10 7 23 20 449
7 10 21 22 488
10 7 21 22 488
7 10 22 21 488
10 7 22 21 488
3 14 9 34 0
14 3 9 34 0
3 14 34 9 0
14 3 34 9 0
4 13 9 34 0
13 4 9 34 0
4 13 34 9 0
13 4 34 9 0
5 12 9 34 0
12 5 9 34 0
5 12 34 9 0
12 5 34 9 0
6 11 9 34 0
11 6 9 34 0
6 11 34 9 0
11 6 34 9 0
4 13 7 36 0
13 4 7 36 0
4 13 36 7 0
13 4 36 7 0
4 13 8 35 0
13 4 8 35 0
4 13 35 8 0
13 4 35 8 0
5 12 7 36 0
12 5 7 36 0
5 12 36 7 0
12 5 36 7 0
5 12 8 35 0
12 5 8 35 0
5 12 35 8 0
12 5 35 8 0
6 11 7 36 0
11 6 7 36 0
6 11 36 7 0
11 6 36 7 0
6 11 8 35 0
11 6 8 35 0
6 11 35 8 0
11 6 35 8 0
7 10 7 36 0
10 7 7 36 0
7 10 36 7 0
10 7 36 7 0
7 10 8 35 0
10 7 8 35 0
7 10 35 8 0
10 7 35 8 0
7 10 9 34 0
10 7 9 34 0
7 10 34 9 0
10 7 34 9 0
7 10 10 33 0
10 7 10 33 0
7 10 33 10 0
10 7 33 10 0
8 9 7 36 0
9 8 7 36 0
8 9 36 7 0
9 8 36 7 0
8 9 8 35 0
9 8 8 35 0
8 9 35 8 0
9 8 35 8 0
8 9 9 34 0
9 8 9 34 0
8 9 34 9 0
9 8 34 9 0
8 9 10 33 0
9 8 10 33 0
8 9 33 10 0
9 8 33 10 0
8 9 11 32 2
9 8 11 32 2
8 9 32 11 2
9 8 32 11 2
8 9 12 31 7
9 8 12 31 7
8 9 31 12 7
9 8 31 12 7
8 9 13 30 22
9 8 13 30 22
8 9 30 13 22
9 8 30 13 22
8 9 14 29 51
9 8 14 29 51
8 9 29 14 51
9 8 29 14 51
8 9 15 28 103
9 8 15 28 103
8 9 28 15 103
9 8 28 15 103
8 9 16 27 180
9 8 16 27 180
8 9 27 16 180
9 8 27 16 180
8 9 17 26 283
9 8 17 26 283
8 9 26 17 283
9 8 26 17 283
8 9 18 25 398
9 8 18 25 398
8 9 25 18 398
9 8 25 18 398
8 9 19 24 514
9 8 19 24 514
8 9 24 19 514
9 8 24 19 514
8 9 20 23 607
9 8 20 23 607
8 9 23 20 607
9 8 23 20 607
8 9 21 22 658
9 8 21 22 658
8 9 22 21 658
9 8 22 21 658
5 12 6 37 0
12 5 6 37 0
5 12 37 6 0
12 5 37 6 0
6 11 6 37 0
11 6 6 37 0
6 11 37 6 0
11 6 37 6 0
7 10 6 37 0
10 7 6 37 0
7 10 37 6 0
10 7 37 6 0
8 9 6 37 0
9 8 6 37 0
8 9 37 6 0
9 8 37 6 0
6 11 5 38 0
11 6 5 38 0
6 11 38 5 0
11 6 38 5 0
7 10 5 38 0
10 7 5 38 0
7 10 38 5 0
10 7 38 5 0
8 9 5 38 0
9 8 5 38 0
8 9 38 5 0
9 8 38 5 0
