0 7 3 15 0
7 0 3 15 0
0 7 15 3 0
7 0 15 3 0
0 7 4 14 0
7 0 4 14 0
0 7 14 4 0
7 0 14 4 0
0 7 5 13 0
7 0 5 13 0
0 7 13 5 0
7 0 13 5 0
0 7 6 12 1
7 0 6 12 1
0 7 12 6 1
7 0 12 6 1
1 6 3 15 1
6 1 3 15 1
1 6 15 3 1
6 1 15 3 1
1 6 4 14 3
6 1 4 14 3
1 6 14 4 3
6 1 14 4 3
1 6 5 13 6
6 1 5 13 6
1 6 13 5 6
6 1 13 5 6
1 6 6 12 11
6 1 6 12 11
1 6 12 6 11
6 1 12 6 11
0 7 7 11 1
7 0 7 11 1
0 7 11 7 1
7 0 11 7 1
1 6 7 11 15
6 1 7 11 15
1 6 11 7 15
6 1 11 7 15
0 7 8 10 2
7 0 8 10 2
0 7 10 8 2
7 0 10 8 2
1 6 8 10 19
6 1 8 10 19
1 6 10 8 19
6 1 10 8 19
0 7 9 9 2
7 0 9 9 2
1 6 9 9 20
6 1 9 9 20
1 6 1 17 0
6 1 1 17 0
1 6 17 1 0
6 1 17 1 0
1 6 2 16 0
6 1 2 16 0
1 6 16 2 0
6 1 16 2 0
2 5 1 17 0
5 2 1 17 0
2 5 17 1 0
5 2 17 1 0
2 5 2 16 1
5 2 2 16 1
2 5 16 2 1
5 2 16 2 1
2 5 3 15 4
5 2 3 15 4
2 5 15 3 4
5 2 15 3 4
2 5 4 14 11
5 2 4 14 11
2 5 14 4 11
5 2 14 4 11
2 5 5 13 20
5 2 5 13 20
2 5 13 5 20
5 2 13 5 20
2 5 6 12 33
5 2 6 12 33
2 5 12 6 33
5 2 12 6 33
2 5 7 11 45
5 2 7 11 45
2 5 11 7 45
5 2 11 7 45
2 5 8 10 55
5 2 8 10 55
2 5 10 8 55
5 2 10 8 55
2 5 9 9 57
5 2 9 9 57
3 4 1 17 0
4 3 1 17 0
3 4 17 1 0
4 3 17 1 0
3 4 2 16 2
4 3 2 16 2
3 4 16 2 2
4 3 16 2 2
3 4 3 15 8
4 3 3 15 8
3 4 15 3 8
4 3 15 3 8
3 4 4 14 19
4 3 4 14 19
3 4 14 4 19
4 3 14 4 19
3 4 5 13 34
4 3 5 13 34
3 4 13 5 34
4 3 13 5 34
3 4 6 12 55
4 3 6 12 55
3 4 12 6 55
4 3 12 6 55
3 4 7 11 74
4 3 7 11 74
3 4 11 7 74
4 3 11 7 74
3 4 8 10 89
4 3 8 10 89
3 4 10 8 89
4 3 10 8 89
3 4 9 9 93
4 3 9 9 93
3 4 0 18 0
4 3 0 18 0
3 4 18 0 0
4 3 18 0 0
