12 21 33 50 0
21 12 33 50 0
12 21 50 33 0
21 12 50 33 0
12 21 34 49 0
21 12 34 49 0
12 21 49 34 0
21 12 49 34 0
12 21 35 48 0
21 12 35 48 0
12 21 48 35 0
21 12 48 35 0
12 21 36 47 0
21 12 36 47 0
12 21 47 36 0
21 12 47 36 0
12 21 37 46 0
21 12 37 46 0
12 21 46 37 0
21 12 46 37 0
12 21 38 45 0
21 12 38 45 0
12 21 45 38 0
21 12 45 38 0
12 21 39 44 0
21 12 39 44 0
12 21 44 39 0
21 12 44 39 0
12 21 40 43 0
21 12 40 43 0
12 21 43 40 0
21 12 43 40 0
12 21 41 42 0
21 12 41 42 0
12 21 42 41 0
21 12 42 41 0
13 20 33 50 0
20 13 33 50 0
13 20 50 33 0
20 13 50 33 0
13 20 34 49 0
20 13 34 49 0
13 20 49 34 0
20 13 49 34 0
13 20 35 48 0
20 13 35 48 0
13 20 48 35 0
20 13 48 35 0
13 20 36 47 0
20 13 36 47 0
13 20 47 36 0
20 13 47 36 0
13 20 37 46 0
20 13 37 46 0
13 20 46 37 0
20 13 46 37 0
13 20 38 45 0
20 13 38 45 0
13 20 45 38 0
20 13 45 38 0
13 20 39 44 0
20 13 39 44 0
13 20 44 39 0
20 13 44 39 0
13 20 40 43 0
20 13 40 43 0
13 20 43 40 0
20 13 43 40 0
13 20 41 42 0
20 13 41 42 0
13 20 42 41 0
20 13 42 41 0
14 19 33 50 0
19 14 33 50 0
14 19 50 33 0
19 14 50 33 0
14 19 34 49 0
19 14 34 49 0
14 19 49 34 0
19 14 49 34 0
14 19 35 48 0
19 14 35 48 0
14 19 48 35 0
19 14 48 35 0
14 19 36 47 0
19 14 36 47 0
14 19 47 36 0
19 14 47 36 0
14 19 37 46 0
19 14 37 46 0
14 19 46 37 0
19 14 46 37 0
14 19 38 45 0
19 14 38 45 0
14 19 45 38 0
19 14 45 38 0
14 19 39 44 0
19 14 39 44 0
14 19 44 39 0
19 14 44 39 0
14 19 40 43 0
19 14 40 43 0
14 19 43 40 0
19 14 43 40 0
14 19 41 42 0
19 14 41 42 0
14 19 42 41 0
19 14 42 41 0
15 18 33 50 0
18 15 33 50 0
15 18 50 33 0
18 15 50 33 0
15 18 34 49 0
18 15 34 49 0
15 18 49 34 0
18 15 49 34 0
15 18 35 48 0
18 15 35 48 0
15 18 48 35 0
18 15 48 35 0
15 18 36 47 0
18 15 36 47 0
15 18 47 36 0
18 15 47 36 0
15 18 37 46 0
18 15 37 46 0
15 18 46 37 0
18 15 46 37 0
15 18 38 45 0
18 15 38 45 0
15 18 45 38 0
18 15 45 38 0
15 18 39 44 0
18 15 39 44 0
15 18 44 39 0
18 15 44 39 0
15 18 40 43 0
18 15 40 43 0
15 18 43 40 0
18 15 43 40 0
15 18 41 42 0
18 15 41 42 0
15 18 42 41 0
18 15 42 41 0
13 20 31 52 0
20 13 31 52 0
13 20 52 31 0
20 13 52 31 0
13 20 32 51 0
20 13 32 51 0
13 20 51 32 0
20 13 51 32 0
14 19 31 52 0
19 14 31 52 0
14 19 52 31 0
19 14 52 31 0
14 19 32 51 0
19 14 32 51 0
14 19 51 32 0
19 14 51 32 0
15 18 31 52 0
18 15 31 52 0
15 18 52 31 0
18 15 52 31 0
15 18 32 51 0
18 15 32 51 0
15 18 51 32 0
18 15 51 32 0
16 17 31 52 0
17 16 31 52 0
16 17 52 31 0
17 16 52 31 0
16 17 32 51 0
17 16 32 51 0
16 17 51 32 0
17 16 51 32 0
16 17 33 50 0
17 16 33 50 0
16 17 50 33 0
17 16 50 33 0
16 17 34 49 0
17 16 34 49 0
16 17 49 34 0
17 16 49 34 0
16 17 35 48 0
17 16 35 48 0
16 17 48 35 0
17 16 48 35 0
16 17 36 47 0
17 16 36 47 0
16 17 47 36 0
17 16 47 36 0
16 17 37 46 0
17 16 37 46 0
16 17 46 37 0
17 16 46 37 0
16 17 38 45 0
17 16 38 45 0
16 17 45 38 0
17 16 45 38 0
16 17 39 44 1
17 16 39 44 1
16 17 44 39 1
17 16 44 39 1
16 17 40 43 1
17 16 40 43 1
16 17 43 40 1
17 16 43 40 1
16 17 41 42 1
17 16 41 42 1
16 17 42 41 1
17 16 42 41 1
15 18 30 53 0
18 15 30 53 0
15 18 53 30 0
18 15 53 30 0
16 17 30 53 0
17 16 30 53 0
16 17 53 30 0
17 16 53 30 0
