6 21 30 38 0
21 6 30 38 0
6 21 38 30 0
21 6 38 30 0
6 21 31 37 0
21 6 31 37 0
6 21 37 31 0
21 6 37 31 0
6 21 32 36 0
21 6 32 36 0
6 21 36 32 0
21 6 36 32 0
6 21 33 35 0
21 6 33 35 0
6 21 35 33 0
21 6 35 33 0
6 21 34 34 0
21 6 34 34 0
7 20 30 38 0
20 7 30 38 0
7 20 38 30 0
20 7 38 30 0
7 20 31 37 0
20 7 31 37 0
7 20 37 31 0
20 7 37 31 0
7 20 32 36 0
20 7 32 36 0
7 20 36 32 0
20 7 36 32 0
7 20 33 35 0
20 7 33 35 0
7 20 35 33 0
20 7 35 33 0
7 20 34 34 0
20 7 34 34 0
8 19 30 38 0
19 8 30 38 0
8 19 38 30 0
19 8 38 30 0
8 19 31 37 0
19 8 31 37 0
8 19 37 31 0
19 8 37 31 0
8 19 32 36 0
19 8 32 36 0
8 19 36 32 0
19 8 36 32 0
8 19 33 35 0
19 8 33 35 0
8 19 35 33 0
19 8 35 33 0
8 19 34 34 0
19 8 34 34 0
9 18 30 38 0
18 9 30 38 0
9 18 38 30 0
18 9 38 30 0
9 18 31 37 0
18 9 31 37 0
9 18 37 31 0
18 9 37 31 0
9 18 32 36 0
18 9 32 36 0
9 18 36 32 0
18 9 36 32 0
9 18 33 35 0
18 9 33 35 0
9 18 35 33 0
18 9 35 33 0
9 18 34 34 0
18 9 34 34 0
7 20 25 43 0
20 7 25 43 0
7 20 43 25 0
20 7 43 25 0
7 20 26 42 0
20 7 26 42 0
7 20 42 26 0
20 7 42 26 0
7 20 27 41 0
20 7 27 41 0
7 20 41 27 0
20 7 41 27 0
7 20 28 40 0
20 7 28 40 0
7 20 40 28 0
20 7 40 28 0
7 20 29 39 0
20 7 29 39 0
7 20 39 29 0
20 7 39 29 0
8 19 25 43 0
19 8 25 43 0
8 19 43 25 0
19 8 43 25 0
8 19 26 42 0
19 8 26 42 0
8 19 42 26 0
19 8 42 26 0
8 19 27 41 0
19 8 27 41 0
8 19 41 27 0
19 8 41 27 0
8 19 28 40 0
19 8 28 40 0
8 19 40 28 0
19 8 40 28 0
8 19 29 39 0
19 8 29 39 0
8 19 39 29 0
19 8 39 29 0
9 18 25 43 0
18 9 25 43 0
9 18 43 25 0
18 9 43 25 0
9 18 26 42 0
18 9 26 42 0
9 18 42 26 0
18 9 42 26 0
9 18 27 41 0
18 9 27 41 0
9 18 41 27 0
18 9 41 27 0
9 18 28 40 0
18 9 28 40 0
9 18 40 28 0
18 9 40 28 0
9 18 29 39 0
18 9 29 39 0
9 18 39 29 0
18 9 39 29 0
10 17 25 43 0
17 10 25 43 0
10 17 43 25 0
17 10 43 25 0
10 17 26 42 0
17 10 26 42 0
10 17 42 26 0
17 10 42 26 0
10 17 27 41 0
17 10 27 41 0
10 17 41 27 0
17 10 41 27 0
10 17 28 40 0
17 10 28 40 0
10 17 40 28 0
17 10 40 28 0
10 17 29 39 0
17 10 29 39 0
10 17 39 29 0
17 10 39 29 0
10 17 30 38 1
17 10 30 38 1
10 17 38 30 1
17 10 38 30 1
10 17 31 37 2
17 10 31 37 2
10 17 37 31 2
17 10 37 31 2
10 17 32 36 4
17 10 32 36 4
10 17 36 32 4
17 10 36 32 4
10 17 33 35 5
17 10 33 35 5
10 17 35 33 5
17 10 35 33 5
10 17 34 34 6
17 10 34 34 6
8 19 22 46 0
19 8 22 46 0
8 19 46 22 0
19 8 46 22 0
8 19 23 45 0
19 8 23 45 0
8 19 45 23 0
19 8 45 23 0
8 19 24 44 0
19 8 24 44 0
8 19 44 24 0
19 8 44 24 0
9 18 22 46 0
18 9 22 46 0
9 18 46 22 0
18 9 46 22 0
9 18 23 45 0
18 9 23 45 0
9 18 45 23 0
18 9 45 23 0
9 18 24 44 0
18 9 24 44 0
9 18 44 24 0
18 9 44 24 0
10 17 22 46 0
17 10 22 46 0
10 17 46 22 0
17 10 46 22 0
10 17 23 45 0
17 10 23 45 0
10 17 45 23 0
17 10 45 23 0
10 17 24 44 0
17 10 24 44 0
10 17 44 24 0
17 10 44 24 0
11 16 22 46 0
16 11 22 46 0
11 16 46 22 0
16 11 46 22 0
11 16 23 45 0
16 11 23 45 0
11 16 45 23 0
16 11 45 23 0
11 16 24 44 0
16 11 24 44 0
11 16 44 24 0
16 11 44 24 0
11 16 25 43 0
16 11 25 43 0
11 16 43 25 0
16 11 43 25 0
11 16 26 42 0
16 11 26 42 0
11 16 42 26 0
16 11 42 26 0
11 16 27 41 1
16 11 27 41 1
11 16 41 27 1
16 11 41 27 1
11 16 28 40 3
16 11 28 40 3
11 16 40 28 3
16 11 40 28 3
11 16 29 39 7
16 11 29 39 7
11 16 39 29 7
16 11 39 29 7
11 16 30 38 14
16 11 30 38 14
11 16 38 30 14
16 11 38 30 14
11 16 31 37 22
16 11 31 37 22
11 16 37 31 22
16 11 37 31 22
11 16 32 36 31
16 11 32 36 31
11 16 36 32 31
16 11 36 32 31
11 16 33 35 37
16 11 33 35 37
11 16 35 33 37
16 11 35 33 37
11 16 34 34 40
16 11 34 34 40
9 18 21 47 0
18 9 21 47 0
9 18 47 21 0
18 9 47 21 0
10 17 21 47 0
17 10 21 47 0
10 17 47 21 0
17 10 47 21 0
11 16 21 47 0
16 11 21 47 0
11 16 47 21 0
16 11 47 21 0
12 15 21 47 0
15 12 21 47 0
12 15 47 21 0
15 12 47 21 0
12 15 22 46 0
15 12 22 46 0
12 15 46 22 0
15 12 46 22 0
12 15 23 45 0
15 12 23 45 0
12 15 45 23 0
15 12 45 23 0
12 15 24 44 0
15 12 24 44 0
12 15 44 24 0
15 12 44 24 0
12 15 25 43 0
15 12 25 43 0
12 15 43 25 0
15 12 43 25 0
12 15 26 42 1
15 12 26 42 1
12 15 42 26 1
15 12 42 26 1
12 15 27 41 4
15 12 27 41 4
12 15 41 27 4
15 12 41 27 4
12 15 28 40 11
15 12 28 40 11
12 15 40 28 11
15 12 40 28 11
12 15 29 39 23
15 12 29 39 23
12 15 39 29 23
15 12 39 29 23
12 15 30 38 42
15 12 30 38 42
12 15 38 30 42
15 12 38 30 42
12 15 31 37 63
15 12 31 37 63
12 15 37 31 63
15 12 37 31 63
12 15 32 36 85
15 12 32 36 85
12 15 36 32 85
15 12 36 32 85
12 15 33 35 100
15 12 33 35 100
12 15 35 33 100
15 12 35 33 100
12 15 34 34 107
15 12 34 34 107
13 14 22 46 0
14 13 22 46 0
13 14 46 22 0
14 13 46 22 0
13 14 23 45 0
14 13 23 45 0
13 14 45 23 0
14 13 45 23 0
13 14 24 44 0
14 13 24 44 0
13 14 44 24 0
14 13 44 24 0
13 14 25 43 0
14 13 25 43 0
13 14 43 25 0
14 13 43 25 0
13 14 26 42 2
14 13 26 42 2
13 14 42 26 2
14 13 42 26 2
13 14 27 41 8
14 13 27 41 8
13 14 41 27 8
14 13 41 27 8
13 14 28 40 20
14 13 28 40 20
13 14 40 28 20
14 13 40 28 20
13 14 29 39 40
14 13 29 39 40
13 14 39 29 40
14 13 39 29 40
13 14 30 38 70
14 13 30 38 70
13 14 38 30 70
14 13 38 30 70
13 14 31 37 103
14 13 31 37 103
13 14 37 31 103
14 13 37 31 103
13 14 32 36 136
14 13 32 36 136
13 14 36 32 136
14 13 36 32 136
13 14 33 35 159
14 13 33 35 159
13 14 35 33 159
14 13 35 33 159
13 14 34 34 169
14 13 34 34 169
10 17 19 49 0
17 10 19 49 0
10 17 49 19 0
17 10 49 19 0
10 17 20 48 0
17 10 20 48 0
10 17 48 20 0
17 10 48 20 0
11 16 19 49 0
16 11 19 49 0
11 16 49 19 0
16 11 49 19 0
11 16 20 48 0
16 11 20 48 0
11 16 48 20 0
16 11 48 20 0
12 15 19 49 0
15 12 19 49 0
12 15 49 19 0
15 12 49 19 0
12 15 20 48 0
15 12 20 48 0
12 15 48 20 0
15 12 48 20 0
13 14 19 49 0
14 13 19 49 0
13 14 49 19 0
14 13 49 19 0
13 14 20 48 0
14 13 20 48 0
13 14 48 20 0
14 13 48 20 0
13 14 21 47 0
14 13 21 47 0
13 14 47 21 0
14 13 47 21 0
12 15 18 50 0
15 12 18 50 0
12 15 50 18 0
15 12 50 18 0
13 14 18 50 0
14 13 18 50 0
13 14 50 18 0
14 13 50 18 0
