1 14 15 23 0
14 1 15 23 0
1 14 23 15 0
14 1 23 15 0
1 14 16 22 0
14 1 16 22 0
1 14 22 16 0
14 1 22 16 0
1 14 17 21 0
14 1 17 21 0
1 14 21 17 0
14 1 21 17 0
1 14 18 20 0
14 1 18 20 0
1 14 20 18 0
14 1 20 18 0
2 13 15 23 0
13 2 15 23 0
2 13 23 15 0
13 2 23 15 0
2 13 16 22 0
13 2 16 22 0
2 13 22 16 0
13 2 22 16 0
2 13 17 21 0
13 2 17 21 0
2 13 21 17 0
13 2 21 17 0
2 13 18 20 0
13 2 18 20 0
2 13 20 18 0
13 2 20 18 0
1 14 19 19 0
14 1 19 19 0
2 13 19 19 0
13 2 19 19 0
3 12 15 23 0
12 3 15 23 0
3 12 23 15 0
12 3 23 15 0
3 12 16 22 0
12 3 16 22 0
3 12 22 16 0
12 3 22 16 0
3 12 17 21 0
12 3 17 21 0
3 12 21 17 0
12 3 21 17 0
3 12 18 20 0
12 3 18 20 0
3 12 20 18 0
12 3 20 18 0
3 12 19 19 0
12 3 19 19 0
2 13 11 27 0
13 2 11 27 0
2 13 27 11 0
13 2 27 11 0
2 13 12 26 0
13 2 12 26 0
2 13 26 12 0
13 2 26 12 0
2 13 13 25 0
13 2 13 25 0
2 13 25 13 0
13 2 25 13 0
2 13 14 24 0
13 2 14 24 0
2 13 24 14 0
13 2 24 14 0
3 12 11 27 0
12 3 11 27 0
3 12 27 11 0
12 3 27 11 0
3 12 12 26 0
12 3 12 26 0
3 12 26 12 0
12 3 26 12 0
3 12 13 25 0
12 3 13 25 0
3 12 25 13 0
12 3 25 13 0
3 12 14 24 0
12 3 14 24 0
3 12 24 14 0
12 3 24 14 0
3 12 10 28 0
12 3 10 28 0
3 12 28 10 0
12 3 28 10 0
4 11 10 28 0
11 4 10 28 0
4 11 28 10 0
11 4 28 10 0
4 11 11 27 0
11 4 11 27 0
4 11 27 11 0
11 4 27 11 0
4 11 12 26 1
11 4 12 26 1
4 11 26 12 1
11 4 26 12 1
4 11 13 25 1
11 4 13 25 1
4 11 25 13 1
11 4 25 13 1
4 11 14 24 2
11 4 14 24 2
4 11 24 14 2
11 4 24 14 2
4 11 15 23 2
11 4 15 23 2
4 11 23 15 2
11 4 23 15 2
4 11 16 22 3
11 4 16 22 3
4 11 22 16 3
11 4 22 16 3
4 11 17 21 3
11 4 17 21 3
4 11 21 17 3
11 4 21 17 3
4 11 18 20 4
11 4 18 20 4
4 11 20 18 4
11 4 20 18 4
4 11 19 19 4
11 4 19 19 4
5 10 11 27 0
10 5 11 27 0
5 10 27 11 0
10 5 27 11 0
5 10 12 26 1
10 5 12 26 1
5 10 26 12 1
10 5 26 12 1
5 10 13 25 2
10 5 13 25 2
5 10 25 13 2
10 5 25 13 2
5 10 14 24 4
10 5 14 24 4
5 10 24 14 4
10 5 24 14 4
5 10 15 23 5
10 5 15 23 5
5 10 23 15 5
10 5 23 15 5
5 10 16 22 7
10 5 16 22 7
5 10 22 16 7
10 5 22 16 7
5 10 17 21 8
10 5 17 21 8
5 10 21 17 8
10 5 21 17 8
5 10 18 20 10
10 5 18 20 10
5 10 20 18 10
10 5 20 18 10
5 10 19 19 10
10 5 19 19 10
3 12 9 29 0
12 3 9 29 0
3 12 29 9 0
12 3 29 9 0
4 11 9 29 0
11 4 9 29 0
4 11 29 9 0
11 4 29 9 0
4 11 7 31 0
11 4 7 31 0
4 11 31 7 0
11 4 31 7 0
4 11 8 30 0
11 4 8 30 0
4 11 30 8 0
11 4 30 8 0
5 10 7 31 0
10 5 7 31 0
5 10 31 7 0
10 5 31 7 0
5 10 8 30 0
10 5 8 30 0
5 10 30 8 0
10 5 30 8 0
5 10 9 29 0
10 5 9 29 0
5 10 29 9 0
10 5 29 9 0
5 10 10 28 0
10 5 10 28 0
5 10 28 10 0
10 5 28 10 0
6 9 7 31 0
9 6 7 31 0
6 9 31 7 0
9 6 31 7 0
6 9 8 30 0
9 6 8 30 0
6 9 30 8 0
9 6 30 8 0
6 9 9 29 0
9 6 9 29 0
6 9 29 9 0
9 6 29 9 0
6 9 10 28 0
9 6 10 28 0
6 9 28 10 0
9 6 28 10 0
6 9 11 27 0
9 6 11 27 0
6 9 27 11 0
9 6 27 11 0
6 9 12 26 1
9 6 12 26 1
6 9 26 12 1
9 6 26 12 1
6 9 13 25 2
9 6 13 25 2
6 9 25 13 2
9 6 25 13 2
6 9 14 24 5
9 6 14 24 5
6 9 24 14 5
9 6 24 14 5
6 9 15 23 7
9 6 15 23 7
6 9 23 15 7
9 6 23 15 7
6 9 16 22 11
9 6 16 22 11
6 9 22 16 11
9 6 22 16 11
6 9 17 21 13
9 6 17 21 13
6 9 21 17 13
9 6 21 17 13
6 9 18 20 16
9 6 18 20 16
6 9 20 18 16
9 6 20 18 16
6 9 19 19 16
9 6 19 19 16
7 8 9 29 0
8 7 9 29 0
7 8 29 9 0
8 7 29 9 0
7 8 10 28 0
8 7 10 28 0
7 8 28 10 0
8 7 28 10 0
7 8 11 27 0
8 7 11 27 0
7 8 27 11 0
8 7 27 11 0
7 8 12 26 1
8 7 12 26 1
7 8 26 12 1
8 7 26 12 1
7 8 13 25 2
8 7 13 25 2
7 8 25 13 2
8 7 25 13 2
7 8 14 24 5
8 7 14 24 5
7 8 24 14 5
8 7 24 14 5
7 8 15 23 8
8 7 15 23 8
7 8 23 15 8
8 7 23 15 8
7 8 16 22 13
8 7 16 22 13
7 8 22 16 13
8 7 22 16 13
7 8 17 21 16
8 7 17 21 16
7 8 21 17 16
8 7 21 17 16
7 8 18 20 20
8 7 18 20 20
7 8 20 18 20
8 7 20 18 20
7 8 19 19 20
8 7 19 19 20
5 10 6 32 0
10 5 6 32 0
5 10 32 6 0
10 5 32 6 0
6 9 6 32 0
9 6 6 32 0
6 9 32 6 0
9 6 32 6 0
6 9 5 33 0
9 6 5 33 0
6 9 33 5 0
9 6 33 5 0
7 8 5 33 0
8 7 5 33 0
7 8 33 5 0
8 7 33 5 0
7 8 6 32 0
8 7 6 32 0
7 8 32 6 0
8 7 32 6 0
7 8 7 31 0
8 7 7 31 0
7 8 31 7 0
8 7 31 7 0
7 8 8 30 0
8 7 8 30 0
7 8 30 8 0
8 7 30 8 0
