13 24 45 67 0
24 13 45 67 0
13 24 67 45 0
24 13 67 45 0
13 24 46 66 0
24 13 46 66 0
13 24 66 46 0
24 13 66 46 0
13 24 47 65 0
24 13 47 65 0
13 24 65 47 0
24 13 65 47 0
13 24 48 64 0
24 13 48 64 0
13 24 64 48 0
24 13 64 48 0
13 24 49 63 0
24 13 49 63 0
13 24 63 49 0
24 13 63 49 0
13 24 50 62 0
24 13 50 62 0
13 24 62 50 0
24 13 62 50 0
13 24 51 61 0
24 13 51 61 0
13 24 61 51 0
24 13 61 51 0
13 24 52 60 0
24 13 52 60 0
13 24 60 52 0
24 13 60 52 0
13 24 53 59 0
24 13 53 59 0
13 24 59 53 0
24 13 59 53 0
13 24 54 58 0
24 13 54 58 0
13 24 58 54 0
24 13 58 54 0
13 24 55 57 0
24 13 55 57 0
13 24 57 55 0
24 13 57 55 0
14 23 45 67 0
23 14 45 67 0
14 23 67 45 0
23 14 67 45 0
14 23 46 66 0
23 14 46 66 0
14 23 66 46 0
23 14 66 46 0
14 23 47 65 0
23 14 47 65 0
14 23 65 47 0
23 14 65 47 0
14 23 48 64 0
23 14 48 64 0
14 23 64 48 0
23 14 64 48 0
14 23 49 63 0
23 14 49 63 0
14 23 63 49 0
23 14 63 49 0
14 23 50 62 0
23 14 50 62 0
14 23 62 50 0
23 14 62 50 0
14 23 51 61 0
23 14 51 61 0
14 23 61 51 0
23 14 61 51 0
14 23 52 60 0
23 14 52 60 0
14 23 60 52 0
23 14 60 52 0
14 23 53 59 0
23 14 53 59 0
14 23 59 53 0
23 14 59 53 0
14 23 54 58 0
23 14 54 58 0
14 23 58 54 0
23 14 58 54 0
14 23 55 57 0
23 14 55 57 0
14 23 57 55 0
23 14 57 55 0
15 22 45 67 0
22 15 45 67 0
15 22 67 45 0
22 15 67 45 0
15 22 46 66 0
22 15 46 66 0
15 22 66 46 0
22 15 66 46 0
15 22 47 65 0
22 15 47 65 0
15 22 65 47 0
22 15 65 47 0
15 22 48 64 0
22 15 48 64 0
15 22 64 48 0
22 15 64 48 0
15 22 49 63 0
22 15 49 63 0
15 22 63 49 0
22 15 63 49 0
15 22 50 62 0
22 15 50 62 0
15 22 62 50 0
22 15 62 50 0
15 22 51 61 0
22 15 51 61 0
15 22 61 51 0
22 15 61 51 0
15 22 52 60 0
22 15 52 60 0
15 22 60 52 0
22 15 60 52 0
15 22 53 59 0
22 15 53 59 0
15 22 59 53 0
22 15 59 53 0
15 22 54 58 0
22 15 54 58 0
15 22 58 54 0
22 15 58 54 0
15 22 55 57 0
22 15 55 57 0
15 22 57 55 0
22 15 57 55 0
16 21 45 67 0
21 16 45 67 0
16 21 67 45 0
21 16 67 45 0
16 21 46 66 0
21 16 46 66 0
16 21 66 46 0
21 16 66 46 0
16 21 47 65 0
21 16 47 65 0
16 21 65 47 0
21 16 65 47 0
16 21 48 64 0
21 16 48 64 0
16 21 64 48 0
21 16 64 48 0
16 21 49 63 0
21 16 49 63 0
16 21 63 49 0
21 16 63 49 0
16 21 50 62 0
21 16 50 62 0
16 21 62 50 0
21 16 62 50 0
16 21 51 61 0
21 16 51 61 0
16 21 61 51 0
21 16 61 51 0
16 21 52 60 0
21 16 52 60 0
16 21 60 52 0
21 16 60 52 0
16 21 53 59 0
21 16 53 59 0
16 21 59 53 0
21 16 59 53 0
16 21 54 58 0
21 16 54 58 0
16 21 58 54 0
21 16 58 54 0
16 21 55 57 0
21 16 55 57 0
16 21 57 55 0
21 16 57 55 0
13 24 56 56 0
24 13 56 56 0
14 23 56 56 0
23 14 56 56 0
15 22 56 56 0
22 15 56 56 0
16 21 56 56 0
21 16 56 56 0
14 23 42 70 0
23 14 42 70 0
14 23 70 42 0
23 14 70 42 0
14 23 43 69 0
23 14 43 69 0
14 23 69 43 0
23 14 69 43 0
14 23 44 68 0
23 14 44 68 0
14 23 68 44 0
23 14 68 44 0
15 22 42 70 0
22 15 42 70 0
15 22 70 42 0
22 15 70 42 0
15 22 43 69 0
22 15 43 69 0
15 22 69 43 0
22 15 69 43 0
15 22 44 68 0
22 15 44 68 0
15 22 68 44 0
22 15 68 44 0
16 21 42 70 0
21 16 42 70 0
16 21 70 42 0
21 16 70 42 0
16 21 43 69 0
21 16 43 69 0
16 21 69 43 0
21 16 69 43 0
16 21 44 68 0
21 16 44 68 0
16 21 68 44 0
21 16 68 44 0
17 20 42 70 0
20 17 42 70 0
17 20 70 42 0
20 17 70 42 0
17 20 43 69 0
20 17 43 69 0
17 20 69 43 0
20 17 69 43 0
17 20 44 68 0
20 17 44 68 0
17 20 68 44 0
20 17 68 44 0
17 20 45 67 0
20 17 45 67 0
17 20 67 45 0
20 17 67 45 0
17 20 46 66 0
20 17 46 66 0
17 20 66 46 0
20 17 66 46 0
17 20 47 65 0
20 17 47 65 0
17 20 65 47 0
20 17 65 47 0
17 20 48 64 0
20 17 48 64 0
17 20 64 48 0
20 17 64 48 0
17 20 49 63 0
20 17 49 63 0
17 20 63 49 0
20 17 63 49 0
17 20 50 62 0
20 17 50 62 0
17 20 62 50 0
20 17 62 50 0
17 20 51 61 1
20 17 51 61 1
17 20 61 51 1
20 17 61 51 1
17 20 52 60 2
20 17 52 60 2
17 20 60 52 2
20 17 60 52 2
17 20 53 59 3
20 17 53 59 3
17 20 59 53 3
20 17 59 53 3
17 20 54 58 4
20 17 54 58 4
17 20 58 54 4
20 17 58 54 4
17 20 55 57 5
20 17 55 57 5
17 20 57 55 5
20 17 57 55 5
17 20 56 56 6
20 17 56 56 6
15 22 41 71 0
22 15 41 71 0
15 22 71 41 0
22 15 71 41 0
16 21 41 71 0
21 16 41 71 0
16 21 71 41 0
21 16 71 41 0
17 20 41 71 0
20 17 41 71 0
17 20 71 41 0
20 17 71 41 0
18 19 41 71 0
19 18 41 71 0
18 19 71 41 0
19 18 71 41 0
18 19 42 70 0
19 18 42 70 0
18 19 70 42 0
19 18 70 42 0
18 19 43 69 0
19 18 43 69 0
18 19 69 43 0
19 18 69 43 0
18 19 44 68 0
19 18 44 68 0
18 19 68 44 0
19 18 68 44 0
18 19 45 67 0
19 18 45 67 0
18 19 67 45 0
19 18 67 45 0
18 19 46 66 0
19 18 46 66 0
18 19 66 46 0
19 18 66 46 0
18 19 47 65 0
19 18 47 65 0
18 19 65 47 0
19 18 65 47 0
18 19 48 64 0
19 18 48 64 0
18 19 64 48 0
19 18 64 48 0
18 19 49 63 0
19 18 49 63 0
18 19 63 49 0
19 18 63 49 0
18 19 50 62 1
19 18 50 62 1
18 19 62 50 1
19 18 62 50 1
18 19 51 61 3
19 18 51 61 3
18 19 61 51 3
19 18 61 51 3
18 19 52 60 5
19 18 52 60 5
18 19 60 52 5
19 18 60 52 5
18 19 53 59 7
19 18 53 59 7
18 19 59 53 7
19 18 59 53 7
18 19 54 58 9
19 18 54 58 9
18 19 58 54 9
19 18 58 54 9
18 19 55 57 11
19 18 55 57 11
18 19 57 55 11
19 18 57 55 11
18 19 56 56 13
19 18 56 56 13
16 21 40 72 0
21 16 40 72 0
16 21 72 40 0
21 16 72 40 0
17 20 40 72 0
20 17 40 72 0
17 20 72 40 0
20 17 72 40 0
18 19 40 72 0
19 18 40 72 0
18 19 72 40 0
19 18 72 40 0
