11 24 43 63 0
24 11 43 63 0
11 24 63 43 0
24 11 63 43 0
11 24 44 62 0
24 11 44 62 0
11 24 62 44 0
24 11 62 44 0
11 24 45 61 0
24 11 45 61 0
11 24 61 45 0
24 11 61 45 0
11 24 46 60 0
24 11 46 60 0
11 24 60 46 0
24 11 60 46 0
11 24 47 59 0
24 11 47 59 0
11 24 59 47 0
24 11 59 47 0
11 24 48 58 0
24 11 48 58 0
11 24 58 48 0
24 11 58 48 0
11 24 49 57 0
24 11 49 57 0
11 24 57 49 0
24 11 57 49 0
11 24 50 56 0
24 11 50 56 0
11 24 56 50 0
24 11 56 50 0
11 24 51 55 0
24 11 51 55 0
11 24 55 51 0
24 11 55 51 0
11 24 52 54 0
24 11 52 54 0
11 24 54 52 0
24 11 54 52 0
11 24 53 53 0
24 11 53 53 0
12 23 43 63 0
23 12 43 63 0
12 23 63 43 0
23 12 63 43 0
12 23 44 62 0
23 12 44 62 0
12 23 62 44 0
23 12 62 44 0
12 23 45 61 0
23 12 45 61 0
12 23 61 45 0
23 12 61 45 0
12 23 46 60 0
23 12 46 60 0
12 23 60 46 0
23 12 60 46 0
12 23 47 59 0
23 12 47 59 0
12 23 59 47 0
23 12 59 47 0
12 23 48 58 0
23 12 48 58 0
12 23 58 48 0
23 12 58 48 0
12 23 49 57 0
23 12 49 57 0
12 23 57 49 0
23 12 57 49 0
12 23 50 56 0
23 12 50 56 0
12 23 56 50 0
23 12 56 50 0
12 23 51 55 0
23 12 51 55 0
12 23 55 51 0
23 12 55 51 0
12 23 52 54 0
23 12 52 54 0
12 23 54 52 0
23 12 54 52 0
12 23 53 53 0
23 12 53 53 0
13 22 43 63 0
22 13 43 63 0
13 22 63 43 0
22 13 63 43 0
13 22 44 62 0
22 13 44 62 0
13 22 62 44 0
22 13 62 44 0
13 22 45 61 0
22 13 45 61 0
13 22 61 45 0
22 13 61 45 0
13 22 46 60 0
22 13 46 60 0
13 22 60 46 0
22 13 60 46 0
13 22 47 59 0
22 13 47 59 0
13 22 59 47 0
22 13 59 47 0
13 22 48 58 0
22 13 48 58 0
13 22 58 48 0
22 13 58 48 0
13 22 49 57 0
22 13 49 57 0
13 22 57 49 0
22 13 57 49 0
13 22 50 56 0
22 13 50 56 0
13 22 56 50 0
22 13 56 50 0
13 22 51 55 0
22 13 51 55 0
13 22 55 51 0
22 13 55 51 0
13 22 52 54 0
22 13 52 54 0
13 22 54 52 0
22 13 54 52 0
13 22 53 53 0
22 13 53 53 0
14 21 43 63 0
21 14 43 63 0
14 21 63 43 0
21 14 63 43 0
14 21 44 62 0
21 14 44 62 0
14 21 62 44 0
21 14 62 44 0
14 21 45 61 0
21 14 45 61 0
14 21 61 45 0
21 14 61 45 0
14 21 46 60 0
21 14 46 60 0
14 21 60 46 0
21 14 60 46 0
14 21 47 59 0
21 14 47 59 0
14 21 59 47 0
21 14 59 47 0
14 21 48 58 0
21 14 48 58 0
14 21 58 48 0
21 14 58 48 0
14 21 49 57 0
21 14 49 57 0
14 21 57 49 0
21 14 57 49 0
14 21 50 56 0
21 14 50 56 0
14 21 56 50 0
21 14 56 50 0
14 21 51 55 0
21 14 51 55 0
14 21 55 51 0
21 14 55 51 0
14 21 52 54 0
21 14 52 54 0
14 21 54 52 0
21 14 54 52 0
14 21 53 53 0
21 14 53 53 0
12 23 39 67 0
23 12 39 67 0
12 23 67 39 0
23 12 67 39 0
12 23 40 66 0
23 12 40 66 0
12 23 66 40 0
23 12 66 40 0
12 23 41 65 0
23 12 41 65 0
12 23 65 41 0
23 12 65 41 0
12 23 42 64 0
23 12 42 64 0
12 23 64 42 0
23 12 64 42 0
13 22 39 67 0
22 13 39 67 0
13 22 67 39 0
22 13 67 39 0
13 22 40 66 0
22 13 40 66 0
13 22 66 40 0
22 13 66 40 0
13 22 41 65 0
22 13 41 65 0
13 22 65 41 0
22 13 65 41 0
13 22 42 64 0
22 13 42 64 0
13 22 64 42 0
22 13 64 42 0
14 21 39 67 0
21 14 39 67 0
14 21 67 39 0
21 14 67 39 0
14 21 40 66 0
21 14 40 66 0
14 21 66 40 0
21 14 66 40 0
14 21 41 65 0
21 14 41 65 0
14 21 65 41 0
21 14 65 41 0
14 21 42 64 0
21 14 42 64 0
14 21 64 42 0
21 14 64 42 0
15 20 39 67 0
20 15 39 67 0
15 20 67 39 0
20 15 67 39 0
15 20 40 66 0
20 15 40 66 0
15 20 66 40 0
20 15 66 40 0
15 20 41 65 0
20 15 41 65 0
15 20 65 41 0
20 15 65 41 0
15 20 42 64 0
20 15 42 64 0
15 20 64 42 0
20 15 64 42 0
15 20 43 63 0
20 15 43 63 0
15 20 63 43 0
20 15 63 43 0
15 20 44 62 0
20 15 44 62 0
15 20 62 44 0
20 15 62 44 0
15 20 45 61 0
20 15 45 61 0
15 20 61 45 0
20 15 61 45 0
15 20 46 60 0
20 15 46 60 0
15 20 60 46 0
20 15 60 46 0
15 20 47 59 1
20 15 47 59 1
15 20 59 47 1
20 15 59 47 1
15 20 48 58 2
20 15 48 58 2
15 20 58 48 2
20 15 58 48 2
15 20 49 57 4
20 15 49 57 4
15 20 57 49 4
20 15 57 49 4
15 20 50 56 6
20 15 50 56 6
15 20 56 50 6
20 15 56 50 6
15 20 51 55 9
20 15 51 55 9
15 20 55 51 9
20 15 55 51 9
15 20 52 54 10
20 15 52 54 10
15 20 54 52 10
20 15 54 52 10
15 20 53 53 11
20 15 53 53 11
13 22 37 69 0
22 13 37 69 0
13 22 69 37 0
22 13 69 37 0
13 22 38 68 0
22 13 38 68 0
13 22 68 38 0
22 13 68 38 0
14 21 37 69 0
21 14 37 69 0
14 21 69 37 0
21 14 69 37 0
14 21 38 68 0
21 14 38 68 0
14 21 68 38 0
21 14 68 38 0
15 20 37 69 0
20 15 37 69 0
15 20 69 37 0
20 15 69 37 0
15 20 38 68 0
20 15 38 68 0
15 20 68 38 0
20 15 68 38 0
16 19 37 69 0
19 16 37 69 0
16 19 69 37 0
19 16 69 37 0
16 19 38 68 0
19 16 38 68 0
16 19 68 38 0
19 16 68 38 0
16 19 39 67 0
19 16 39 67 0
16 19 67 39 0
19 16 67 39 0
16 19 40 66 0
19 16 40 66 0
16 19 66 40 0
19 16 66 40 0
16 19 41 65 0
19 16 41 65 0
16 19 65 41 0
19 16 65 41 0
16 19 42 64 0
19 16 42 64 0
16 19 64 42 0
19 16 64 42 0
16 19 43 63 0
19 16 43 63 0
16 19 63 43 0
19 16 63 43 0
16 19 44 62 0
19 16 44 62 0
16 19 62 44 0
19 16 62 44 0
16 19 45 61 1
19 16 45 61 1
16 19 61 45 1
19 16 61 45 1
16 19 46 60 3
19 16 46 60 3
16 19 60 46 3
19 16 60 46 3
16 19 47 59 7
19 16 47 59 7
16 19 59 47 7
19 16 59 47 7
16 19 48 58 12
19 16 48 58 12
16 19 58 48 12
19 16 58 48 12
16 19 49 57 19
19 16 49 57 19
16 19 57 49 19
19 16 57 49 19
16 19 50 56 27
19 16 50 56 27
16 19 56 50 27
19 16 56 50 27
16 19 51 55 35
19 16 51 55 35
16 19 55 51 35
19 16 55 51 35
16 19 52 54 39
19 16 52 54 39
16 19 54 52 39
19 16 54 52 39
16 19 53 53 41
19 16 53 53 41
17 18 37 69 0
18 17 37 69 0
17 18 69 37 0
18 17 69 37 0
17 18 38 68 0
18 17 38 68 0
17 18 68 38 0
18 17 68 38 0
17 18 39 67 0
18 17 39 67 0
17 18 67 39 0
18 17 67 39 0
17 18 40 66 0
18 17 40 66 0
17 18 66 40 0
18 17 66 40 0
17 18 41 65 0
18 17 41 65 0
17 18 65 41 0
18 17 65 41 0
17 18 42 64 0
18 17 42 64 0
17 18 64 42 0
18 17 64 42 0
17 18 43 63 0
18 17 43 63 0
17 18 63 43 0
18 17 63 43 0
17 18 44 62 0
18 17 44 62 0
17 18 62 44 0
18 17 62 44 0
17 18 45 61 2
18 17 45 61 2
17 18 61 45 2
18 17 61 45 2
17 18 46 60 6
18 17 46 60 6
17 18 60 46 6
18 17 60 46 6
17 18 47 59 13
18 17 47 59 13
17 18 59 47 13
18 17 59 47 13
17 18 48 58 22
18 17 48 58 22
17 18 58 48 22
18 17 58 48 22
17 18 49 57 34
18 17 49 57 34
17 18 57 49 34
18 17 57 49 34
17 18 50 56 48
18 17 50 56 48
17 18 56 50 48
18 17 56 50 48
17 18 51 55 61
18 17 51 55 61
17 18 55 51 61
18 17 55 51 61
17 18 52 54 68
18 17 52 54 68
17 18 54 52 68
18 17 54 52 68
17 18 53 53 71
18 17 53 53 71
14 21 36 70 0
21 14 36 70 0
14 21 70 36 0
21 14 70 36 0
15 20 36 70 0
20 15 36 70 0
15 20 70 36 0
20 15 70 36 0
16 19 36 70 0
19 16 36 70 0
16 19 70 36 0
19 16 70 36 0
17 18 36 70 0
18 17 36 70 0
17 18 70 36 0
18 17 70 36 0
15 20 35 71 0
20 15 35 71 0
15 20 71 35 0
20 15 71 35 0
16 19 35 71 0
19 16 35 71 0
16 19 71 35 0
19 16 71 35 0
17 18 35 71 0
18 17 35 71 0
17 18 71 35 0
18 17 71 35 0
