0 9 6 22 0
9 0 6 22 0
0 9 22 6 0
9 0 22 6 0
0 9 7 21 0
9 0 7 21 0
0 9 21 7 0
9 0 21 7 0
0 9 8 20 0
9 0 8 20 0
0 9 20 8 0
9 0 20 8 0
0 9 9 19 0
9 0 9 19 0
0 9 19 9 0
9 0 19 9 0
0 9 10 18 1
9 0 10 18 1
0 9 18 10 1
9 0 18 10 1
1 8 6 22 1
8 1 6 22 1
1 8 22 6 1
8 1 22 6 1
1 8 7 21 3
8 1 7 21 3
1 8 21 7 3
8 1 21 7 3
1 8 8 20 6
8 1 8 20 6
1 8 20 8 6
8 1 20 8 6
1 8 9 19 11
8 1 9 19 11
1 8 19 9 11
8 1 19 9 11
1 8 10 18 18
8 1 10 18 18
1 8 18 10 18
8 1 18 10 18
0 9 11 17 1
9 0 11 17 1
0 9 17 11 1
9 0 17 11 1
1 8 11 17 24
8 1 11 17 24
1 8 17 11 24
8 1 17 11 24
0 9 12 16 2
9 0 12 16 2
0 9 16 12 2
9 0 16 12 2
1 8 12 16 31
8 1 12 16 31
1 8 16 12 31
8 1 16 12 31
0 9 13 15 2
9 0 13 15 2
0 9 15 13 2
9 0 15 13 2
1 8 13 15 35
8 1 13 15 35
1 8 15 13 35
8 1 15 13 35
1 8 3 25 0
8 1 3 25 0
1 8 25 3 0
8 1 25 3 0
1 8 4 24 0
8 1 4 24 0
1 8 24 4 0
8 1 24 4 0
1 8 5 23 0
8 1 5 23 0
1 8 23 5 0
8 1 23 5 0
2 7 3 25 0
7 2 3 25 0
2 7 25 3 0
7 2 25 3 0
2 7 4 24 1
7 2 4 24 1
2 7 24 4 1
7 2 24 4 1
2 7 5 23 3
7 2 5 23 3
2 7 23 5 3
7 2 23 5 3
2 7 6 22 9
7 2 6 22 9
2 7 22 6 9
7 2 22 6 9
2 7 7 21 19
7 2 7 21 19
2 7 21 7 19
7 2 21 7 19
2 7 8 20 35
7 2 8 20 35
2 7 20 8 35
7 2 20 8 35
2 7 9 19 56
7 2 9 19 56
2 7 19 9 56
7 2 19 9 56
2 7 10 18 83
7 2 10 18 83
2 7 18 10 83
7 2 18 10 83
2 7 11 17 108
7 2 11 17 108
2 7 17 11 108
7 2 17 11 108
2 7 12 16 133
7 2 12 16 133
2 7 16 12 133
7 2 16 12 133
2 7 13 15 148
7 2 13 15 148
2 7 15 13 148
7 2 15 13 148
3 6 3 25 0
6 3 3 25 0
3 6 25 3 0
6 3 25 3 0
3 6 4 24 3
6 3 4 24 3
3 6 24 4 3
6 3 24 4 3
3 6 5 23 10
6 3 5 23 10
3 6 23 5 10
6 3 23 5 10
3 6 6 22 25
6 3 6 22 25
3 6 22 6 25
6 3 22 6 25
3 6 7 21 50
6 3 7 21 50
3 6 21 7 50
6 3 21 7 50
3 6 8 20 88
6 3 8 20 88
3 6 20 8 88
6 3 20 8 88
3 6 9 19 137
6 3 9 19 137
3 6 19 9 137
6 3 19 9 137
3 6 10 18 196
6 3 10 18 196
3 6 18 10 196
6 3 18 10 196
3 6 11 17 253
6 3 11 17 253
3 6 17 11 253
6 3 17 11 253
3 6 12 16 305
6 3 12 16 305
3 6 16 12 305
6 3 16 12 305
3 6 13 15 339
6 3 13 15 339
3 6 15 13 339
6 3 15 13 339
0 9 14 14 3
9 0 14 14 3
1 8 14 14 37
8 1 14 14 37
2 7 14 14 155
7 2 14 14 155
3 6 14 14 353
6 3 14 14 353
2 7 2 26 0
7 2 2 26 0
2 7 26 2 0
7 2 26 2 0
3 6 2 26 0
6 3 2 26 0
3 6 26 2 0
6 3 26 2 0
3 6 1 27 0
6 3 1 27 0
3 6 27 1 0
6 3 27 1 0
4 5 1 27 0
5 4 1 27 0
4 5 27 1 0
5 4 27 1 0
4 5 2 26 0
5 4 2 26 0
4 5 26 2 0
5 4 26 2 0
4 5 3 25 1
5 4 3 25 1
4 5 25 3 1
5 4 25 3 1
4 5 4 24 6
5 4 4 24 6
4 5 24 4 6
5 4 24 4 6
4 5 5 23 18
5 4 5 23 18
4 5 23 5 18
5 4 23 5 18
4 5 6 22 42
5 4 6 22 42
4 5 22 6 42
5 4 22 6 42
4 5 7 21 80
5 4 7 21 80
4 5 21 7 80
5 4 21 7 80
4 5 8 20 137
5 4 8 20 137
4 5 20 8 137
5 4 20 8 137
4 5 9 19 210
5 4 9 19 210
4 5 19 9 210
5 4 19 9 210
4 5 10 18 296
5 4 10 18 296
4 5 18 10 296
5 4 18 10 296
4 5 11 17 378
5 4 11 17 378
4 5 17 11 378
5 4 17 11 378
4 5 12 16 453
5 4 12 16 453
4 5 16 12 453
5 4 16 12 453
4 5 13 15 502
5 4 13 15 502
4 5 15 13 502
5 4 15 13 502
4 5 14 14 522
5 4 14 14 522
