0 13 15 25 0
13 0 15 25 0
0 13 25 15 0
13 0 25 15 0
0 13 16 24 0
13 0 16 24 0
0 13 24 16 0
13 0 24 16 0
0 13 17 23 0
13 0 17 23 0
0 13 23 17 0
13 0 23 17 0
0 13 18 22 0
13 0 18 22 0
0 13 22 18 0
13 0 22 18 0
0 13 19 21 0
13 0 19 21 0
0 13 21 19 0
13 0 21 19 0
1 12 15 25 0
12 1 15 25 0
1 12 25 15 0
12 1 25 15 0
1 12 16 24 0
12 1 16 24 0
1 12 24 16 0
12 1 24 16 0
1 12 17 23 0
12 1 17 23 0
1 12 23 17 0
12 1 23 17 0
1 12 18 22 0
12 1 18 22 0
1 12 22 18 0
12 1 22 18 0
1 12 19 21 0
12 1 19 21 0
1 12 21 19 0
12 1 21 19 0
0 13 20 20 0
13 0 20 20 0
1 12 20 20 0
12 1 20 20 0
1 12 10 30 0
12 1 10 30 0
1 12 30 10 0
12 1 30 10 0
1 12 11 29 0
12 1 11 29 0
1 12 29 11 0
12 1 29 11 0
1 12 12 28 0
12 1 12 28 0
1 12 28 12 0
12 1 28 12 0
1 12 13 27 0
12 1 13 27 0
1 12 27 13 0
12 1 27 13 0
1 12 14 26 0
12 1 14 26 0
1 12 26 14 0
12 1 26 14 0
2 11 10 30 0
11 2 10 30 0
2 11 30 10 0
11 2 30 10 0
2 11 11 29 1
11 2 11 29 1
2 11 29 11 1
11 2 29 11 1
2 11 12 28 2
11 2 12 28 2
2 11 28 12 2
11 2 28 12 2
2 11 13 27 5
11 2 13 27 5
2 11 27 13 5
11 2 27 13 5
2 11 14 26 8
11 2 14 26 8
2 11 26 14 8
11 2 26 14 8
2 11 15 25 13
11 2 15 25 13
2 11 25 15 13
11 2 25 15 13
2 11 16 24 17
11 2 16 24 17
2 11 24 16 17
11 2 24 16 17
2 11 17 23 23
11 2 17 23 23
2 11 23 17 23
11 2 23 17 23
2 11 18 22 26
11 2 18 22 26
2 11 22 18 26
11 2 22 18 26
2 11 19 21 30
11 2 19 21 30
2 11 21 19 30
11 2 21 19 30
2 11 20 20 30
11 2 20 20 30
3 10 10 30 3
10 3 10 30 3
3 10 30 10 3
10 3 30 10 3
3 10 11 29 8
10 3 11 29 8
3 10 29 11 8
10 3 29 11 8
3 10 12 28 17
10 3 12 28 17
3 10 28 12 17
10 3 28 12 17
3 10 13 27 32
10 3 13 27 32
3 10 27 13 32
10 3 27 13 32
3 10 14 26 51
10 3 14 26 51
3 10 26 14 51
10 3 26 14 51
3 10 15 25 77
10 3 15 25 77
3 10 25 15 77
10 3 25 15 77
3 10 16 24 104
10 3 16 24 104
3 10 24 16 104
10 3 24 16 104
3 10 17 23 132
10 3 17 23 132
3 10 23 17 132
10 3 23 17 132
3 10 18 22 155
10 3 18 22 155
3 10 22 18 155
10 3 22 18 155
3 10 19 21 172
10 3 19 21 172
3 10 21 19 172
10 3 21 19 172
3 10 20 20 176
10 3 20 20 176
2 11 7 33 0
11 2 7 33 0
2 11 33 7 0
11 2 33 7 0
2 11 8 32 0
11 2 8 32 0
2 11 32 8 0
11 2 32 8 0
2 11 9 31 0
11 2 9 31 0
2 11 31 9 0
11 2 31 9 0
3 10 7 33 0
10 3 7 33 0
3 10 33 7 0
10 3 33 7 0
3 10 8 32 0
10 3 8 32 0
3 10 32 8 0
10 3 32 8 0
3 10 9 31 1
10 3 9 31 1
3 10 31 9 1
10 3 31 9 1
3 10 6 34 0
10 3 6 34 0
3 10 34 6 0
10 3 34 6 0
4 9 6 34 0
9 4 6 34 0
4 9 34 6 0
9 4 34 6 0
4 9 7 33 0
9 4 7 33 0
4 9 33 7 0
9 4 33 7 0
4 9 8 32 1
9 4 8 32 1
4 9 32 8 1
9 4 32 8 1
4 9 9 31 5
9 4 9 31 5
4 9 31 9 5
9 4 31 9 5
4 9 10 30 14
9 4 10 30 14
4 9 30 10 14
9 4 30 10 14
4 9 11 29 32
9 4 11 29 32
4 9 29 11 32
9 4 29 11 32
4 9 12 28 62
9 4 12 28 62
4 9 28 12 62
9 4 28 12 62
4 9 13 27 109
9 4 13 27 109
4 9 27 13 109
9 4 27 13 109
4 9 14 26 169
9 4 14 26 169
4 9 26 14 169
9 4 26 14 169
4 9 15 25 246
9 4 15 25 246
4 9 25 15 246
9 4 25 15 246
4 9 16 24 326
9 4 16 24 326
4 9 24 16 326
9 4 24 16 326
4 9 17 23 408
9 4 17 23 408
4 9 23 17 408
9 4 23 17 408
4 9 18 22 474
9 4 18 22 474
4 9 22 18 474
9 4 22 18 474
4 9 19 21 522
9 4 19 21 522
4 9 21 19 522
9 4 21 19 522
4 9 20 20 535
9 4 20 20 535
5 8 7 33 1
8 5 7 33 1
5 8 33 7 1
8 5 33 7 1
5 8 8 32 5
8 5 8 32 5
5 8 32 8 5
8 5 32 8 5
5 8 9 31 15
8 5 9 31 15
5 8 31 9 15
8 5 31 9 15
5 8 10 30 36
8 5 10 30 36
5 8 30 10 36
8 5 30 10 36
5 8 11 29 76
8 5 11 29 76
5 8 29 11 76
8 5 29 11 76
5 8 12 28 139
8 5 12 28 139
5 8 28 12 139
8 5 28 12 139
5 8 13 27 233
8 5 13 27 233
5 8 27 13 233
8 5 27 13 233
5 8 14 26 354
8 5 14 26 354
5 8 26 14 354
8 5 26 14 354
5 8 15 25 502
8 5 15 25 502
5 8 25 15 502
8 5 25 15 502
5 8 16 24 659
8 5 16 24 659
5 8 24 16 659
8 5 24 16 659
5 8 17 23 815
8 5 17 23 815
5 8 23 17 815
8 5 23 17 815
5 8 18 22 942
8 5 18 22 942
5 8 22 18 942
8 5 22 18 942
5 8 19 21 1031
8 5 19 21 1031
5 8 21 19 1031
8 5 21 19 1031
5 8 20 20 1059
8 5 20 20 1059
4 9 4 36 0
9 4 4 36 0
4 9 36 4 0
9 4 36 4 0
4 9 5 35 0
9 4 5 35 0
4 9 35 5 0
9 4 35 5 0
5 8 4 36 0
8 5 4 36 0
5 8 36 4 0
8 5 36 4 0
5 8 5 35 0
8 5 5 35 0
5 8 35 5 0
8 5 35 5 0
5 8 6 34 0
8 5 6 34 0
5 8 34 6 0
8 5 34 6 0
6 7 4 36 0
7 6 4 36 0
6 7 36 4 0
7 6 36 4 0
6 7 5 35 0
7 6 5 35 0
6 7 35 5 0
7 6 35 5 0
6 7 6 34 0
7 6 6 34 0
6 7 34 6 0
7 6 34 6 0
6 7 7 33 2
7 6 7 33 2
6 7 33 7 2
7 6 33 7 2
6 7 8 32 8
7 6 8 32 8
6 7 32 8 8
7 6 32 8 8
6 7 9 31 24
7 6 9 31 24
6 7 31 9 24
7 6 31 9 24
6 7 10 30 55
7 6 10 30 55
6 7 30 10 55
7 6 30 10 55
6 7 11 29 113
7 6 11 29 113
6 7 29 11 113
7 6 29 11 113
6 7 12 28 203
7 6 12 28 203
6 7 28 12 203
7 6 28 12 203
6 7 13 27 335
7 6 13 27 335
6 7 27 13 335
7 6 27 13 335
6 7 14 26 502
7 6 14 26 502
6 7 26 14 502
7 6 26 14 502
6 7 15 25 707
7 6 15 25 707
6 7 25 15 707
7 6 25 15 707
6 7 16 24 922
7 6 16 24 922
6 7 24 16 922
7 6 24 16 922
6 7 17 23 1134
7 6 17 23 1134
6 7 23 17 1134
7 6 23 17 1134
6 7 18 22 1307
7 6 18 22 1307
6 7 22 18 1307
7 6 22 18 1307
6 7 19 21 1428
7 6 19 21 1428
6 7 21 19 1428
7 6 21 19 1428
6 7 20 20 1465
7 6 20 20 1465
6 7 3 37 0
7 6 3 37 0
6 7 37 3 0
7 6 37 3 0
