21 24 63 73 0
24 21 63 73 0
21 24 73 63 0
24 21 73 63 0
21 24 64 72 0
24 21 64 72 0
21 24 72 64 0
24 21 72 64 0
21 24 65 71 0
24 21 65 71 0
21 24 71 65 0
24 21 71 65 0
21 24 66 70 0
24 21 66 70 0
21 24 70 66 0
24 21 70 66 0
21 24 67 69 0
24 21 67 69 0
21 24 69 67 0
24 21 69 67 0
21 24 68 68 0
24 21 68 68 0
22 23 63 73 0
23 22 63 73 0
22 23 73 63 0
23 22 73 63 0
22 23 64 72 0
23 22 64 72 0
22 23 72 64 0
23 22 72 64 0
22 23 65 71 0
23 22 65 71 0
22 23 71 65 0
23 22 71 65 0
22 23 66 70 0
23 22 66 70 0
22 23 70 66 0
23 22 70 66 0
22 23 67 69 0
23 22 67 69 0
22 23 69 67 0
23 22 69 67 0
22 23 68 68 0
23 22 68 68 0
