2 17 22 36 0
17 2 22 36 0
2 17 36 22 0
17 2 36 22 0
2 17 23 35 0
17 2 23 35 0
2 17 35 23 0
17 2 35 23 0
2 17 24 34 0
17 2 24 34 0
2 17 34 24 0
17 2 34 24 0
2 17 25 33 0
17 2 25 33 0
2 17 33 25 0
17 2 33 25 0
2 17 26 32 0
17 2 26 32 0
2 17 32 26 0
17 2 32 26 0
3 16 22 36 0
16 3 22 36 0
3 16 36 22 0
16 3 36 22 0
3 16 23 35 0
16 3 23 35 0
3 16 35 23 0
16 3 35 23 0
3 16 24 34 0
16 3 24 34 0
3 16 34 24 0
16 3 34 24 0
3 16 25 33 0
16 3 25 33 0
3 16 33 25 0
16 3 33 25 0
3 16 26 32 0
16 3 26 32 0
3 16 32 26 0
16 3 32 26 0
2 17 27 31 0
17 2 27 31 0
2 17 31 27 0
17 2 31 27 0
3 16 27 31 0
16 3 27 31 0
3 16 31 27 0
16 3 31 27 0
2 17 28 30 0
17 2 28 30 0
2 17 30 28 0
17 2 30 28 0
3 16 28 30 0
16 3 28 30 0
3 16 30 28 0
16 3 30 28 0
2 17 29 29 0
17 2 29 29 0
3 16 29 29 0
16 3 29 29 0
3 16 21 37 0
16 3 21 37 0
3 16 37 21 0
16 3 37 21 0
4 15 21 37 0
15 4 21 37 0
4 15 37 21 0
15 4 37 21 0
4 15 22 36 0
15 4 22 36 0
4 15 36 22 0
15 4 36 22 0
4 15 23 35 0
15 4 23 35 0
4 15 35 23 0
15 4 35 23 0
4 15 24 34 0
15 4 24 34 0
4 15 34 24 0
15 4 34 24 0
4 15 25 33 0
15 4 25 33 0
4 15 33 25 0
15 4 33 25 0
4 15 26 32 0
15 4 26 32 0
4 15 32 26 0
15 4 32 26 0
4 15 27 31 0
15 4 27 31 0
4 15 31 27 0
15 4 31 27 0
4 15 28 30 0
15 4 28 30 0
4 15 30 28 0
15 4 30 28 0
4 15 29 29 0
15 4 29 29 0
5 14 22 36 2
14 5 22 36 2
5 14 36 22 2
14 5 36 22 2
5 14 23 35 2
14 5 23 35 2
5 14 35 23 2
14 5 35 23 2
5 14 24 34 3
14 5 24 34 3
5 14 34 24 3
14 5 34 24 3
5 14 25 33 3
14 5 25 33 3
5 14 33 25 3
14 5 33 25 3
5 14 26 32 4
14 5 26 32 4
5 14 32 26 4
14 5 32 26 4
5 14 27 31 4
14 5 27 31 4
5 14 31 27 4
14 5 31 27 4
5 14 28 30 5
14 5 28 30 5
5 14 30 28 5
14 5 30 28 5
5 14 29 29 5
14 5 29 29 5
3 16 18 40 0
16 3 18 40 0
3 16 40 18 0
16 3 40 18 0
3 16 19 39 0
16 3 19 39 0
3 16 39 19 0
16 3 39 19 0
3 16 20 38 0
16 3 20 38 0
3 16 38 20 0
16 3 38 20 0
4 15 18 40 0
15 4 18 40 0
4 15 40 18 0
15 4 40 18 0
4 15 19 39 0
15 4 19 39 0
4 15 39 19 0
15 4 39 19 0
4 15 20 38 0
15 4 20 38 0
4 15 38 20 0
15 4 38 20 0
4 15 16 42 0
15 4 16 42 0
4 15 42 16 0
15 4 42 16 0
4 15 17 41 0
15 4 17 41 0
4 15 41 17 0
15 4 41 17 0
5 14 16 42 0
14 5 16 42 0
5 14 42 16 0
14 5 42 16 0
5 14 17 41 0
14 5 17 41 0
5 14 41 17 0
14 5 41 17 0
5 14 18 40 0
14 5 18 40 0
5 14 40 18 0
14 5 40 18 0
5 14 19 39 0
14 5 19 39 0
5 14 39 19 0
14 5 39 19 0
5 14 20 38 1
14 5 20 38 1
5 14 38 20 1
14 5 38 20 1
5 14 21 37 1
14 5 21 37 1
5 14 37 21 1
14 5 37 21 1
6 13 16 42 0
13 6 16 42 0
6 13 42 16 0
13 6 42 16 0
6 13 17 41 0
13 6 17 41 0
6 13 41 17 0
13 6 41 17 0
6 13 18 40 0
13 6 18 40 0
6 13 40 18 0
13 6 40 18 0
6 13 19 39 0
13 6 19 39 0
6 13 39 19 0
13 6 39 19 0
6 13 20 38 1
13 6 20 38 1
6 13 38 20 1
13 6 38 20 1
6 13 21 37 2
13 6 21 37 2
6 13 37 21 2
13 6 37 21 2
6 13 22 36 4
13 6 22 36 4
6 13 36 22 4
13 6 36 22 4
6 13 23 35 5
13 6 23 35 5
6 13 35 23 5
13 6 35 23 5
6 13 24 34 7
13 6 24 34 7
6 13 34 24 7
13 6 34 24 7
6 13 25 33 8
13 6 25 33 8
6 13 33 25 8
13 6 33 25 8
6 13 26 32 10
13 6 26 32 10
6 13 32 26 10
13 6 32 26 10
6 13 27 31 11
13 6 27 31 11
6 13 31 27 11
13 6 31 27 11
6 13 28 30 13
13 6 28 30 13
6 13 30 28 13
13 6 30 28 13
6 13 29 29 13
13 6 29 29 13
7 12 18 40 0
12 7 18 40 0
7 12 40 18 0
12 7 40 18 0
7 12 19 39 0
12 7 19 39 0
7 12 39 19 0
12 7 39 19 0
7 12 20 38 1
12 7 20 38 1
7 12 38 20 1
12 7 38 20 1
7 12 21 37 2
12 7 21 37 2
7 12 37 21 2
12 7 37 21 2
7 12 22 36 5
12 7 22 36 5
7 12 36 22 5
12 7 36 22 5
7 12 23 35 7
12 7 23 35 7
7 12 35 23 7
12 7 35 23 7
7 12 24 34 11
12 7 24 34 11
7 12 34 24 11
12 7 34 24 11
7 12 25 33 13
12 7 25 33 13
7 12 33 25 13
12 7 33 25 13
7 12 26 32 17
12 7 26 32 17
7 12 32 26 17
12 7 32 26 17
7 12 27 31 19
12 7 27 31 19
7 12 31 27 19
12 7 31 27 19
7 12 28 30 22
12 7 28 30 22
7 12 30 28 22
12 7 30 28 22
7 12 29 29 22
12 7 29 29 22
5 14 13 45 0
14 5 13 45 0
5 14 45 13 0
14 5 45 13 0
5 14 14 44 0
14 5 14 44 0
5 14 44 14 0
14 5 44 14 0
5 14 15 43 0
14 5 15 43 0
5 14 43 15 0
14 5 43 15 0
6 13 13 45 0
13 6 13 45 0
6 13 45 13 0
13 6 45 13 0
6 13 14 44 0
13 6 14 44 0
6 13 44 14 0
13 6 44 14 0
6 13 15 43 0
13 6 15 43 0
6 13 43 15 0
13 6 43 15 0
6 13 12 46 0
13 6 12 46 0
6 13 46 12 0
13 6 46 12 0
7 12 12 46 0
12 7 12 46 0
7 12 46 12 0
12 7 46 12 0
7 12 13 45 0
12 7 13 45 0
7 12 45 13 0
12 7 45 13 0
7 12 14 44 0
12 7 14 44 0
7 12 44 14 0
12 7 44 14 0
7 12 15 43 0
12 7 15 43 0
7 12 43 15 0
12 7 43 15 0
7 12 16 42 0
12 7 16 42 0
7 12 42 16 0
12 7 42 16 0
7 12 17 41 0
12 7 17 41 0
7 12 41 17 0
12 7 41 17 0
8 11 13 45 0
11 8 13 45 0
8 11 45 13 0
11 8 45 13 0
8 11 14 44 0
11 8 14 44 0
8 11 44 14 0
11 8 44 14 0
8 11 15 43 0
11 8 15 43 0
8 11 43 15 0
11 8 43 15 0
8 11 16 42 0
11 8 16 42 0
8 11 42 16 0
11 8 42 16 0
8 11 17 41 0
11 8 17 41 0
8 11 41 17 0
11 8 41 17 0
8 11 18 40 0
11 8 18 40 0
8 11 40 18 0
11 8 40 18 0
8 11 19 39 0
11 8 19 39 0
8 11 39 19 0
11 8 39 19 0
8 11 20 38 1
11 8 20 38 1
8 11 38 20 1
11 8 38 20 1
8 11 21 37 2
11 8 21 37 2
8 11 37 21 2
11 8 37 21 2
8 11 22 36 5
11 8 22 36 5
8 11 36 22 5
11 8 36 22 5
8 11 23 35 8
11 8 23 35 8
8 11 35 23 8
11 8 35 23 8
8 11 24 34 13
11 8 24 34 13
8 11 34 24 13
11 8 34 24 13
8 11 25 33 17
11 8 25 33 17
8 11 33 25 17
11 8 33 25 17
8 11 26 32 23
11 8 26 32 23
8 11 32 26 23
11 8 32 26 23
8 11 27 31 26
11 8 27 31 26
8 11 31 27 26
11 8 31 27 26
8 11 28 30 30
11 8 28 30 30
8 11 30 28 30
11 8 30 28 30
8 11 29 29 30
11 8 29 29 30
9 10 16 42 0
10 9 16 42 0
9 10 42 16 0
10 9 42 16 0
9 10 17 41 0
10 9 17 41 0
9 10 41 17 0
10 9 41 17 0
9 10 18 40 0
10 9 18 40 0
9 10 40 18 0
10 9 40 18 0
9 10 19 39 0
10 9 19 39 0
9 10 39 19 0
10 9 39 19 0
9 10 20 38 1
10 9 20 38 1
9 10 38 20 1
10 9 38 20 1
9 10 21 37 2
10 9 21 37 2
9 10 37 21 2
10 9 37 21 2
9 10 22 36 5
10 9 22 36 5
9 10 36 22 5
10 9 36 22 5
9 10 23 35 8
10 9 23 35 8
9 10 35 23 8
10 9 35 23 8
9 10 24 34 14
10 9 24 34 14
9 10 34 24 14
10 9 34 24 14
9 10 25 33 19
10 9 25 33 19
9 10 33 25 19
10 9 33 25 19
9 10 26 32 26
10 9 26 32 26
9 10 32 26 26
10 9 32 26 26
9 10 27 31 30
10 9 27 31 30
9 10 31 27 30
10 9 31 27 30
9 10 28 30 35
10 9 28 30 35
9 10 30 28 35
10 9 30 28 35
9 10 29 29 35
10 9 29 29 35
7 12 10 48 0
12 7 10 48 0
7 12 48 10 0
12 7 48 10 0
7 12 11 47 0
12 7 11 47 0
7 12 47 11 0
12 7 47 11 0
8 11 10 48 0
11 8 10 48 0
8 11 48 10 0
11 8 48 10 0
8 11 11 47 0
11 8 11 47 0
8 11 47 11 0
11 8 47 11 0
8 11 12 46 0
11 8 12 46 0
8 11 46 12 0
11 8 46 12 0
9 10 10 48 0
10 9 10 48 0
9 10 48 10 0
10 9 48 10 0
9 10 11 47 0
10 9 11 47 0
9 10 47 11 0
10 9 47 11 0
9 10 12 46 0
10 9 12 46 0
9 10 46 12 0
10 9 46 12 0
9 10 13 45 0
10 9 13 45 0
9 10 45 13 0
10 9 45 13 0
9 10 14 44 0
10 9 14 44 0
9 10 44 14 0
10 9 44 14 0
9 10 15 43 0
10 9 15 43 0
9 10 43 15 0
10 9 43 15 0
9 10 9 49 0
10 9 9 49 0
9 10 49 9 0
10 9 49 9 0
