0 15 21 25 0
15 0 21 25 0
0 15 25 21 0
15 0 25 21 0
0 15 22 24 0
15 0 22 24 0
0 15 24 22 0
15 0 24 22 0
0 15 23 23 0
15 0 23 23 0
1 14 21 25 0
14 1 21 25 0
1 14 25 21 0
14 1 25 21 0
1 14 22 24 0
14 1 22 24 0
1 14 24 22 0
14 1 24 22 0
1 14 23 23 0
14 1 23 23 0
1 14 15 31 0
14 1 15 31 0
1 14 31 15 0
14 1 31 15 0
1 14 16 30 0
14 1 16 30 0
1 14 30 16 0
14 1 30 16 0
1 14 17 29 0
14 1 17 29 0
1 14 29 17 0
14 1 29 17 0
1 14 18 28 0
14 1 18 28 0
1 14 28 18 0
14 1 28 18 0
1 14 19 27 0
14 1 19 27 0
1 14 27 19 0
14 1 27 19 0
2 13 15 31 0
13 2 15 31 0
2 13 31 15 0
13 2 31 15 0
2 13 16 30 0
13 2 16 30 0
2 13 30 16 0
13 2 30 16 0
2 13 17 29 0
13 2 17 29 0
2 13 29 17 0
13 2 29 17 0
2 13 18 28 0
13 2 18 28 0
2 13 28 18 0
13 2 28 18 0
2 13 19 27 0
13 2 19 27 0
2 13 27 19 0
13 2 27 19 0
1 14 20 26 0
14 1 20 26 0
1 14 26 20 0
14 1 26 20 0
2 13 20 26 0
13 2 20 26 0
2 13 26 20 0
13 2 26 20 0
2 13 21 25 0
13 2 21 25 0
2 13 25 21 0
13 2 25 21 0
2 13 22 24 0
13 2 22 24 0
2 13 24 22 0
13 2 24 22 0
2 13 23 23 0
13 2 23 23 0
3 12 15 31 5
12 3 15 31 5
3 12 31 15 5
12 3 31 15 5
3 12 16 30 8
12 3 16 30 8
3 12 30 16 8
12 3 30 16 8
3 12 17 29 13
12 3 17 29 13
3 12 29 17 13
12 3 29 17 13
3 12 18 28 17
12 3 18 28 17
3 12 28 18 17
12 3 28 18 17
3 12 19 27 23
12 3 19 27 23
3 12 27 19 23
12 3 27 19 23
3 12 20 26 27
12 3 20 26 27
3 12 26 20 27
12 3 26 20 27
3 12 21 25 32
12 3 21 25 32
3 12 25 21 32
12 3 25 21 32
3 12 22 24 34
12 3 22 24 34
3 12 24 22 34
12 3 24 22 34
3 12 23 23 36
12 3 23 23 36
2 13 11 35 0
13 2 11 35 0
2 13 35 11 0
13 2 35 11 0
2 13 12 34 0
13 2 12 34 0
2 13 34 12 0
13 2 34 12 0
2 13 13 33 0
13 2 13 33 0
2 13 33 13 0
13 2 33 13 0
2 13 14 32 0
13 2 14 32 0
2 13 32 14 0
13 2 32 14 0
3 12 11 35 0
12 3 11 35 0
3 12 35 11 0
12 3 35 11 0
3 12 12 34 0
12 3 12 34 0
3 12 34 12 0
12 3 34 12 0
3 12 13 33 1
12 3 13 33 1
3 12 33 13 1
12 3 33 13 1
3 12 14 32 2
12 3 14 32 2
3 12 32 14 2
12 3 32 14 2
3 12 10 36 0
12 3 10 36 0
3 12 36 10 0
12 3 36 10 0
4 11 10 36 0
11 4 10 36 0
4 11 36 10 0
11 4 36 10 0
4 11 11 35 0
11 4 11 35 0
4 11 35 11 0
11 4 35 11 0
4 11 12 34 1
11 4 12 34 1
4 11 34 12 1
11 4 34 12 1
4 11 13 33 4
11 4 13 33 4
4 11 33 13 4
11 4 33 13 4
4 11 14 32 9
11 4 14 32 9
4 11 32 14 9
11 4 32 14 9
4 11 15 31 20
11 4 15 31 20
4 11 31 15 20
11 4 31 15 20
4 11 16 30 35
11 4 16 30 35
4 11 30 16 35
11 4 30 16 35
4 11 17 29 55
11 4 17 29 55
4 11 29 17 55
11 4 29 17 55
4 11 18 28 78
11 4 18 28 78
4 11 28 18 78
11 4 28 18 78
4 11 19 27 104
11 4 19 27 104
4 11 27 19 104
11 4 27 19 104
4 11 20 26 127
11 4 20 26 127
4 11 26 20 127
11 4 26 20 127
4 11 21 25 149
11 4 21 25 149
4 11 25 21 149
11 4 25 21 149
4 11 22 24 162
11 4 22 24 162
4 11 24 22 162
11 4 24 22 162
4 11 23 23 168
11 4 23 23 168
5 10 11 35 3
10 5 11 35 3
5 10 35 11 3
10 5 35 11 3
5 10 12 34 8
10 5 12 34 8
5 10 34 12 8
10 5 34 12 8
5 10 13 33 19
10 5 13 33 19
5 10 33 13 19
10 5 33 13 19
5 10 14 32 37
10 5 14 32 37
5 10 32 14 37
10 5 32 14 37
5 10 15 31 69
10 5 15 31 69
5 10 31 15 69
10 5 31 15 69
5 10 16 30 112
10 5 16 30 112
5 10 30 16 112
10 5 30 16 112
5 10 17 29 170
10 5 17 29 170
5 10 29 17 170
10 5 29 17 170
5 10 18 28 236
10 5 18 28 236
5 10 28 18 236
10 5 28 18 236
5 10 19 27 310
10 5 19 27 310
5 10 27 19 310
10 5 27 19 310
5 10 20 26 377
10 5 20 26 377
5 10 26 20 377
10 5 26 20 377
5 10 21 25 438
10 5 21 25 438
5 10 25 21 438
10 5 25 21 438
5 10 22 24 475
10 5 22 24 475
5 10 24 22 475
10 5 24 22 475
5 10 23 23 491
10 5 23 23 491
3 12 9 37 0
12 3 9 37 0
3 12 37 9 0
12 3 37 9 0
4 11 9 37 0
11 4 9 37 0
4 11 37 9 0
11 4 37 9 0
4 11 7 39 0
11 4 7 39 0
4 11 39 7 0
11 4 39 7 0
4 11 8 38 0
11 4 8 38 0
4 11 38 8 0
11 4 38 8 0
5 10 7 39 0
10 5 7 39 0
5 10 39 7 0
10 5 39 7 0
5 10 8 38 0
10 5 8 38 0
5 10 38 8 0
10 5 38 8 0
5 10 9 37 0
10 5 9 37 0
5 10 37 9 0
10 5 37 9 0
5 10 10 36 1
10 5 10 36 1
5 10 36 10 1
10 5 36 10 1
6 9 7 39 0
9 6 7 39 0
6 9 39 7 0
9 6 39 7 0
6 9 8 38 0
9 6 8 38 0
6 9 38 8 0
9 6 38 8 0
6 9 9 37 0
9 6 9 37 0
6 9 37 9 0
9 6 37 9 0
6 9 10 36 2
9 6 10 36 2
6 9 36 10 2
9 6 36 10 2
6 9 11 35 7
9 6 11 35 7
6 9 35 11 7
9 6 35 11 7
6 9 12 34 18
9 6 12 34 18
6 9 34 12 18
9 6 34 12 18
6 9 13 33 41
9 6 13 33 41
6 9 33 13 41
9 6 33 13 41
6 9 14 32 79
9 6 14 32 79
6 9 32 14 79
9 6 32 14 79
6 9 15 31 140
9 6 15 31 140
6 9 31 15 140
9 6 31 15 140
6 9 16 30 224
9 6 16 30 224
6 9 30 16 224
9 6 30 16 224
6 9 17 29 334
9 6 17 29 334
6 9 29 17 334
9 6 29 17 334
6 9 18 28 460
9 6 18 28 460
6 9 28 18 460
9 6 28 18 460
6 9 19 27 598
9 6 19 27 598
6 9 27 19 598
9 6 27 19 598
6 9 20 26 726
9 6 20 26 726
6 9 26 20 726
9 6 26 20 726
6 9 21 25 837
9 6 21 25 837
6 9 25 21 837
9 6 25 21 837
6 9 22 24 907
9 6 22 24 907
6 9 24 22 907
9 6 24 22 907
6 9 23 23 935
9 6 23 23 935
7 8 9 37 1
8 7 9 37 1
7 8 37 9 1
8 7 37 9 1
7 8 10 36 4
8 7 10 36 4
7 8 36 10 4
8 7 36 10 4
7 8 11 35 12
8 7 11 35 12
7 8 35 11 12
8 7 35 11 12
7 8 12 34 29
8 7 12 34 29
7 8 34 12 29
8 7 34 12 29
7 8 13 33 63
8 7 13 33 63
7 8 33 13 63
8 7 33 13 63
7 8 14 32 117
8 7 14 32 117
7 8 32 14 117
8 7 32 14 117
7 8 15 31 203
8 7 15 31 203
7 8 31 15 203
8 7 31 15 203
7 8 16 30 319
8 7 16 30 319
7 8 30 16 319
8 7 30 16 319
7 8 17 29 470
8 7 17 29 470
7 8 29 17 470
8 7 29 17 470
7 8 18 28 642
8 7 18 28 642
7 8 28 18 642
8 7 28 18 642
7 8 19 27 830
8 7 19 27 830
7 8 27 19 830
8 7 27 19 830
7 8 20 26 1003
8 7 20 26 1003
7 8 26 20 1003
8 7 26 20 1003
7 8 21 25 1154
8 7 21 25 1154
7 8 25 21 1154
8 7 25 21 1154
7 8 22 24 1248
8 7 22 24 1248
7 8 24 22 1248
8 7 24 22 1248
7 8 23 23 1285
8 7 23 23 1285
5 10 6 40 0
10 5 6 40 0
5 10 40 6 0
10 5 40 6 0
6 9 6 40 0
9 6 6 40 0
6 9 40 6 0
9 6 40 6 0
6 9 5 41 0
9 6 5 41 0
6 9 41 5 0
9 6 41 5 0
7 8 5 41 0
8 7 5 41 0
7 8 41 5 0
8 7 41 5 0
7 8 6 40 0
8 7 6 40 0
7 8 40 6 0
8 7 40 6 0
7 8 7 39 0
8 7 7 39 0
7 8 39 7 0
8 7 39 7 0
7 8 8 38 0
8 7 8 38 0
7 8 38 8 0
8 7 38 8 0
