2 19 22 42 0
19 2 22 42 0
2 19 42 22 0
19 2 42 22 0
2 19 23 41 0
19 2 23 41 0
2 19 41 23 0
19 2 41 23 0
2 19 24 40 0
19 2 24 40 0
2 19 40 24 0
19 2 40 24 0
2 19 25 39 0
19 2 25 39 0
2 19 39 25 0
19 2 39 25 0
2 19 26 38 0
19 2 26 38 0
2 19 38 26 0
19 2 38 26 0
2 19 27 37 0
19 2 27 37 0
2 19 37 27 0
19 2 37 27 0
2 19 28 36 0
19 2 28 36 0
2 19 36 28 0
19 2 36 28 0
2 19 29 35 0
19 2 29 35 0
2 19 35 29 0
19 2 35 29 0
2 19 30 34 0
19 2 30 34 0
2 19 34 30 0
19 2 34 30 0
2 19 31 33 0
19 2 31 33 0
2 19 33 31 0
19 2 33 31 0
2 19 32 32 0
19 2 32 32 0
3 18 22 42 0
18 3 22 42 0
3 18 42 22 0
18 3 42 22 0
3 18 23 41 0
18 3 23 41 0
3 18 41 23 0
18 3 41 23 0
3 18 24 40 0
18 3 24 40 0
3 18 40 24 0
18 3 40 24 0
3 18 25 39 0
18 3 25 39 0
3 18 39 25 0
18 3 39 25 0
3 18 26 38 0
18 3 26 38 0
3 18 38 26 0
18 3 38 26 0
3 18 27 37 0
18 3 27 37 0
3 18 37 27 0
18 3 37 27 0
3 18 28 36 0
18 3 28 36 0
3 18 36 28 0
18 3 36 28 0
3 18 29 35 0
18 3 29 35 0
3 18 35 29 0
18 3 35 29 0
3 18 30 34 0
18 3 30 34 0
3 18 34 30 0
18 3 34 30 0
3 18 31 33 0
18 3 31 33 0
3 18 33 31 0
18 3 33 31 0
3 18 32 32 0
18 3 32 32 0
4 17 22 42 0
17 4 22 42 0
4 17 42 22 0
17 4 42 22 0
4 17 23 41 0
17 4 23 41 0
4 17 41 23 0
17 4 41 23 0
4 17 24 40 0
17 4 24 40 0
4 17 40 24 0
17 4 40 24 0
4 17 25 39 0
17 4 25 39 0
4 17 39 25 0
17 4 39 25 0
4 17 26 38 1
17 4 26 38 1
4 17 38 26 1
17 4 38 26 1
4 17 27 37 1
17 4 27 37 1
4 17 37 27 1
17 4 37 27 1
4 17 28 36 2
17 4 28 36 2
4 17 36 28 2
17 4 36 28 2
4 17 29 35 3
17 4 29 35 3
4 17 35 29 3
17 4 35 29 3
4 17 30 34 4
17 4 30 34 4
4 17 34 30 4
17 4 34 30 4
4 17 31 33 4
17 4 31 33 4
4 17 33 31 4
17 4 33 31 4
4 17 32 32 5
17 4 32 32 5
5 16 22 42 0
16 5 22 42 0
5 16 42 22 0
16 5 42 22 0
5 16 23 41 1
16 5 23 41 1
5 16 41 23 1
16 5 41 23 1
5 16 24 40 3
16 5 24 40 3
5 16 40 24 3
16 5 40 24 3
5 16 25 39 6
16 5 25 39 6
5 16 39 25 6
16 5 39 25 6
5 16 26 38 12
16 5 26 38 12
5 16 38 26 12
16 5 38 26 12
5 16 27 37 19
16 5 27 37 19
5 16 37 27 19
16 5 37 27 19
5 16 28 36 28
16 5 28 36 28
5 16 36 28 28
16 5 36 28 28
5 16 29 35 37
16 5 29 35 37
5 16 35 29 37
16 5 35 29 37
5 16 30 34 45
16 5 30 34 45
5 16 34 30 45
16 5 34 30 45
5 16 31 33 50
16 5 31 33 50
5 16 33 31 50
16 5 33 31 50
5 16 32 32 53
16 5 32 32 53
3 18 21 43 0
18 3 21 43 0
3 18 43 21 0
18 3 43 21 0
4 17 21 43 0
17 4 21 43 0
4 17 43 21 0
17 4 43 21 0
5 16 21 43 0
16 5 21 43 0
5 16 43 21 0
16 5 43 21 0
6 15 21 43 1
15 6 21 43 1
6 15 43 21 1
15 6 43 21 1
6 15 22 42 4
15 6 22 42 4
6 15 42 22 4
15 6 42 22 4
6 15 23 41 11
15 6 23 41 11
6 15 41 23 11
15 6 41 23 11
6 15 24 40 25
15 6 24 40 25
6 15 40 24 25
15 6 40 24 25
6 15 25 39 45
15 6 25 39 45
6 15 39 25 45
15 6 39 25 45
6 15 26 38 76
15 6 26 38 76
6 15 38 26 76
15 6 38 26 76
6 15 27 37 113
15 6 27 37 113
6 15 37 27 113
15 6 37 27 113
6 15 28 36 157
15 6 28 36 157
6 15 36 28 157
15 6 36 28 157
6 15 29 35 198
15 6 29 35 198
6 15 35 29 198
15 6 35 29 198
6 15 30 34 236
15 6 30 34 236
6 15 34 30 236
15 6 34 30 236
6 15 31 33 259
15 6 31 33 259
6 15 33 31 259
15 6 33 31 259
6 15 32 32 270
15 6 32 32 270
7 14 22 42 29
14 7 22 42 29
7 14 42 22 29
14 7 42 22 29
7 14 23 41 61
14 7 23 41 61
7 14 41 23 61
14 7 41 23 61
7 14 24 40 114
14 7 24 40 114
7 14 40 24 114
14 7 40 24 114
7 14 25 39 190
14 7 25 39 190
7 14 39 25 190
14 7 39 25 190
7 14 26 38 294
14 7 26 38 294
7 14 38 26 294
14 7 38 26 294
7 14 27 37 416
14 7 27 37 416
7 14 37 27 416
14 7 37 27 416
7 14 28 36 552
14 7 28 36 552
7 14 36 28 552
14 7 36 28 552
7 14 29 35 682
14 7 29 35 682
7 14 35 29 682
14 7 35 29 682
7 14 30 34 793
14 7 30 34 793
7 14 34 30 793
14 7 34 30 793
7 14 31 33 865
14 7 31 33 865
7 14 33 31 865
14 7 33 31 865
7 14 32 32 894
14 7 32 32 894
3 18 18 46 0
18 3 18 46 0
3 18 46 18 0
18 3 46 18 0
3 18 19 45 0
18 3 19 45 0
3 18 45 19 0
18 3 45 19 0
3 18 20 44 0
18 3 20 44 0
3 18 44 20 0
18 3 44 20 0
4 17 18 46 0
17 4 18 46 0
4 17 46 18 0
17 4 46 18 0
4 17 19 45 0
17 4 19 45 0
4 17 45 19 0
17 4 45 19 0
4 17 20 44 0
17 4 20 44 0
4 17 44 20 0
17 4 44 20 0
5 16 18 46 0
16 5 18 46 0
5 16 46 18 0
16 5 46 18 0
5 16 19 45 0
16 5 19 45 0
5 16 45 19 0
16 5 45 19 0
5 16 20 44 0
16 5 20 44 0
5 16 44 20 0
16 5 44 20 0
6 15 18 46 0
15 6 18 46 0
6 15 46 18 0
15 6 46 18 0
6 15 19 45 0
15 6 19 45 0
6 15 45 19 0
15 6 45 19 0
6 15 20 44 0
15 6 20 44 0
6 15 44 20 0
15 6 44 20 0
4 17 16 48 0
17 4 16 48 0
4 17 48 16 0
17 4 48 16 0
4 17 17 47 0
17 4 17 47 0
4 17 47 17 0
17 4 47 17 0
5 16 16 48 0
16 5 16 48 0
5 16 48 16 0
16 5 48 16 0
5 16 17 47 0
16 5 17 47 0
5 16 47 17 0
16 5 47 17 0
6 15 16 48 0
15 6 16 48 0
6 15 48 16 0
15 6 48 16 0
6 15 17 47 0
15 6 17 47 0
6 15 47 17 0
15 6 47 17 0
7 14 16 48 0
14 7 16 48 0
7 14 48 16 0
14 7 48 16 0
7 14 17 47 0
14 7 17 47 0
7 14 47 17 0
14 7 47 17 0
7 14 18 46 0
14 7 18 46 0
7 14 46 18 0
14 7 46 18 0
7 14 19 45 1
14 7 19 45 1
7 14 45 19 1
14 7 45 19 1
7 14 20 44 4
14 7 20 44 4
7 14 44 20 4
14 7 44 20 4
7 14 21 43 12
14 7 21 43 12
7 14 43 21 12
14 7 43 21 12
8 13 16 48 0
13 8 16 48 0
8 13 48 16 0
13 8 48 16 0
8 13 17 47 0
13 8 17 47 0
8 13 47 17 0
13 8 47 17 0
8 13 18 46 1
13 8 18 46 1
8 13 46 18 1
13 8 46 18 1
8 13 19 45 5
13 8 19 45 5
8 13 45 19 5
13 8 45 19 5
8 13 20 44 17
13 8 20 44 17
8 13 44 20 17
13 8 44 20 17
8 13 21 43 43
13 8 21 43 43
8 13 43 21 43
13 8 43 21 43
8 13 22 42 94
13 8 22 42 94
8 13 42 22 94
13 8 42 22 94
8 13 23 41 180
13 8 23 41 180
8 13 41 23 180
13 8 41 23 180
8 13 24 40 315
13 8 24 40 315
8 13 40 24 315
13 8 40 24 315
8 13 25 39 500
13 8 25 39 500
8 13 39 25 500
13 8 39 25 500
8 13 26 38 743
13 8 26 38 743
8 13 38 26 743
13 8 38 26 743
8 13 27 37 1021
13 8 27 37 1021
8 13 37 27 1021
13 8 37 27 1021
8 13 28 36 1324
13 8 28 36 1324
8 13 36 28 1324
13 8 36 28 1324
8 13 29 35 1609
13 8 29 35 1609
8 13 35 29 1609
13 8 35 29 1609
8 13 30 34 1852
13 8 30 34 1852
8 13 34 30 1852
13 8 34 30 1852
8 13 31 33 2007
13 8 31 33 2007
8 13 33 31 2007
13 8 33 31 2007
8 13 32 32 2068
13 8 32 32 2068
9 12 18 46 5
12 9 18 46 5
9 12 46 18 5
12 9 46 18 5
9 12 19 45 16
12 9 19 45 16
9 12 45 19 16
12 9 45 19 16
9 12 20 44 43
12 9 20 44 43
9 12 44 20 43
12 9 44 20 43
9 12 21 43 98
12 9 21 43 98
9 12 43 21 98
12 9 43 21 98
9 12 22 42 198
12 9 22 42 198
9 12 42 22 198
12 9 42 22 198
9 12 23 41 360
12 9 23 41 360
9 12 41 23 360
12 9 41 23 360
9 12 24 40 604
12 9 24 40 604
9 12 40 24 604
12 9 40 24 604
9 12 25 39 932
12 9 25 39 932
9 12 39 25 932
12 9 39 25 932
9 12 26 38 1349
12 9 26 38 1349
9 12 38 26 1349
12 9 38 26 1349
9 12 27 37 1824
12 9 27 37 1824
9 12 37 27 1824
12 9 37 27 1824
9 12 28 36 2330
12 9 28 36 2330
9 12 36 28 2330
12 9 36 28 2330
9 12 29 35 2804
12 9 29 35 2804
9 12 35 29 2804
12 9 35 29 2804
9 12 30 34 3203
12 9 30 34 3203
9 12 34 30 3203
12 9 34 30 3203
9 12 31 33 3460
12 9 31 33 3460
9 12 33 31 3460
12 9 33 31 3460
9 12 32 32 3556
12 9 32 32 3556
5 16 13 51 0
16 5 13 51 0
5 16 51 13 0
16 5 51 13 0
5 16 14 50 0
16 5 14 50 0
5 16 50 14 0
16 5 50 14 0
5 16 15 49 0
16 5 15 49 0
5 16 49 15 0
16 5 49 15 0
6 15 13 51 0
15 6 13 51 0
6 15 51 13 0
15 6 51 13 0
6 15 14 50 0
15 6 14 50 0
6 15 50 14 0
15 6 50 14 0
6 15 15 49 0
15 6 15 49 0
6 15 49 15 0
15 6 49 15 0
7 14 13 51 0
14 7 13 51 0
7 14 51 13 0
14 7 51 13 0
7 14 14 50 0
14 7 14 50 0
7 14 50 14 0
14 7 50 14 0
7 14 15 49 0
14 7 15 49 0
7 14 49 15 0
14 7 49 15 0
8 13 13 51 0
13 8 13 51 0
8 13 51 13 0
13 8 51 13 0
8 13 14 50 0
13 8 14 50 0
8 13 50 14 0
13 8 50 14 0
8 13 15 49 0
13 8 15 49 0
8 13 49 15 0
13 8 49 15 0
6 15 12 52 0
15 6 12 52 0
6 15 52 12 0
15 6 52 12 0
7 14 12 52 0
14 7 12 52 0
7 14 52 12 0
14 7 52 12 0
8 13 12 52 0
13 8 12 52 0
8 13 52 12 0
13 8 52 12 0
9 12 12 52 0
12 9 12 52 0
9 12 52 12 0
12 9 52 12 0
9 12 13 51 0
12 9 13 51 0
9 12 51 13 0
12 9 51 13 0
9 12 14 50 0
12 9 14 50 0
9 12 50 14 0
12 9 50 14 0
9 12 15 49 0
12 9 15 49 0
9 12 49 15 0
12 9 49 15 0
9 12 16 48 0
12 9 16 48 0
9 12 48 16 0
12 9 48 16 0
9 12 17 47 1
12 9 17 47 1
9 12 47 17 1
12 9 47 17 1
10 11 13 51 0
11 10 13 51 0
10 11 51 13 0
11 10 51 13 0
10 11 14 50 0
11 10 14 50 0
10 11 50 14 0
11 10 50 14 0
10 11 15 49 0
11 10 15 49 0
10 11 49 15 0
11 10 49 15 0
10 11 16 48 0
11 10 16 48 0
10 11 48 16 0
11 10 48 16 0
10 11 17 47 2
11 10 17 47 2
10 11 47 17 2
11 10 47 17 2
10 11 18 46 8
11 10 18 46 8
10 11 46 18 8
11 10 46 18 8
10 11 19 45 25
11 10 19 45 25
10 11 45 19 25
11 10 45 19 25
10 11 20 44 65
11 10 20 44 65
10 11 44 20 65
11 10 44 20 65
10 11 21 43 142
11 10 21 43 142
10 11 43 21 142
11 10 43 21 142
10 11 22 42 280
11 10 22 42 280
10 11 42 22 280
11 10 42 22 280
10 11 23 41 500
11 10 23 41 500
10 11 41 23 500
11 10 41 23 500
10 11 24 40 824
11 10 24 40 824
10 11 40 24 824
11 10 40 24 824
10 11 25 39 1256
11 10 25 39 1256
10 11 39 25 1256
11 10 39 25 1256
10 11 26 38 1800
11 10 26 38 1800
10 11 38 26 1800
11 10 38 26 1800
10 11 27 37 2414
11 10 27 37 2414
10 11 37 27 2414
11 10 37 27 2414
10 11 28 36 3065
11 10 28 36 3065
10 11 36 28 3065
11 10 36 28 3065
10 11 29 35 3673
11 10 29 35 3673
10 11 35 29 3673
11 10 35 29 3673
10 11 30 34 4181
11 10 30 34 4181
10 11 34 30 4181
11 10 34 30 4181
10 11 31 33 4509
11 10 31 33 4509
10 11 33 31 4509
11 10 33 31 4509
10 11 32 32 4632
11 10 32 32 4632
7 14 10 54 0
14 7 10 54 0
7 14 54 10 0
14 7 54 10 0
7 14 11 53 0
14 7 11 53 0
7 14 53 11 0
14 7 53 11 0
8 13 10 54 0
13 8 10 54 0
8 13 54 10 0
13 8 54 10 0
8 13 11 53 0
13 8 11 53 0
8 13 53 11 0
13 8 53 11 0
9 12 10 54 0
12 9 10 54 0
9 12 54 10 0
12 9 54 10 0
9 12 11 53 0
12 9 11 53 0
9 12 53 11 0
12 9 53 11 0
10 11 10 54 0
11 10 10 54 0
10 11 54 10 0
11 10 54 10 0
10 11 11 53 0
11 10 11 53 0
10 11 53 11 0
11 10 53 11 0
10 11 12 52 0
11 10 12 52 0
10 11 52 12 0
11 10 52 12 0
9 12 9 55 0
12 9 9 55 0
9 12 55 9 0
12 9 55 9 0
10 11 9 55 0
11 10 9 55 0
10 11 55 9 0
11 10 55 9 0
