4 21 27 49 0
21 4 27 49 0
4 21 49 27 0
21 4 49 27 0
4 21 28 48 0
21 4 28 48 0
4 21 48 28 0
21 4 48 28 0
4 21 29 47 0
21 4 29 47 0
4 21 47 29 0
21 4 47 29 0
4 21 30 46 0
21 4 30 46 0
4 21 46 30 0
21 4 46 30 0
4 21 31 45 0
21 4 31 45 0
4 21 45 31 0
21 4 45 31 0
4 21 32 44 0
21 4 32 44 0
4 21 44 32 0
21 4 44 32 0
4 21 33 43 0
21 4 33 43 0
4 21 43 33 0
21 4 43 33 0
4 21 34 42 0
21 4 34 42 0
4 21 42 34 0
21 4 42 34 0
4 21 35 41 0
21 4 35 41 0
4 21 41 35 0
21 4 41 35 0
4 21 36 40 0
21 4 36 40 0
4 21 40 36 0
21 4 40 36 0
4 21 37 39 0
21 4 37 39 0
4 21 39 37 0
21 4 39 37 0
5 20 27 49 0
20 5 27 49 0
5 20 49 27 0
20 5 49 27 0
5 20 28 48 0
20 5 28 48 0
5 20 48 28 0
20 5 48 28 0
5 20 29 47 0
20 5 29 47 0
5 20 47 29 0
20 5 47 29 0
5 20 30 46 0
20 5 30 46 0
5 20 46 30 0
20 5 46 30 0
5 20 31 45 0
20 5 31 45 0
5 20 45 31 0
20 5 45 31 0
5 20 32 44 0
20 5 32 44 0
5 20 44 32 0
20 5 44 32 0
5 20 33 43 0
20 5 33 43 0
5 20 43 33 0
20 5 43 33 0
5 20 34 42 0
20 5 34 42 0
5 20 42 34 0
20 5 42 34 0
5 20 35 41 0
20 5 35 41 0
5 20 41 35 0
20 5 41 35 0
5 20 36 40 0
20 5 36 40 0
5 20 40 36 0
20 5 40 36 0
5 20 37 39 0
20 5 37 39 0
5 20 39 37 0
20 5 39 37 0
6 19 27 49 0
19 6 27 49 0
6 19 49 27 0
19 6 49 27 0
6 19 28 48 0
19 6 28 48 0
6 19 48 28 0
19 6 48 28 0
6 19 29 47 0
19 6 29 47 0
6 19 47 29 0
19 6 47 29 0
6 19 30 46 0
19 6 30 46 0
6 19 46 30 0
19 6 46 30 0
6 19 31 45 0
19 6 31 45 0
6 19 45 31 0
19 6 45 31 0
6 19 32 44 0
19 6 32 44 0
6 19 44 32 0
19 6 44 32 0
6 19 33 43 0
19 6 33 43 0
6 19 43 33 0
19 6 43 33 0
6 19 34 42 0
19 6 34 42 0
6 19 42 34 0
19 6 42 34 0
6 19 35 41 1
19 6 35 41 1
6 19 41 35 1
19 6 41 35 1
6 19 36 40 1
19 6 36 40 1
6 19 40 36 1
19 6 40 36 1
6 19 37 39 1
19 6 37 39 1
6 19 39 37 1
19 6 39 37 1
7 18 27 49 0
18 7 27 49 0
7 18 49 27 0
18 7 49 27 0
7 18 28 48 0
18 7 28 48 0
7 18 48 28 0
18 7 48 28 0
7 18 29 47 0
18 7 29 47 0
7 18 47 29 0
18 7 47 29 0
7 18 30 46 1
18 7 30 46 1
7 18 46 30 1
18 7 46 30 1
7 18 31 45 3
18 7 31 45 3
7 18 45 31 3
18 7 45 31 3
7 18 32 44 6
18 7 32 44 6
7 18 44 32 6
18 7 44 32 6
7 18 33 43 10
18 7 33 43 10
7 18 43 33 10
18 7 43 33 10
7 18 34 42 15
18 7 34 42 15
7 18 42 34 15
18 7 42 34 15
7 18 35 41 22
18 7 35 41 22
7 18 41 35 22
18 7 41 35 22
7 18 36 40 27
18 7 36 40 27
7 18 40 36 27
18 7 40 36 27
7 18 37 39 30
18 7 37 39 30
7 18 39 37 30
18 7 39 37 30
4 21 38 38 0
21 4 38 38 0
5 20 38 38 0
20 5 38 38 0
6 19 38 38 1
19 6 38 38 1
7 18 38 38 31
18 7 38 38 31
5 20 24 52 0
20 5 24 52 0
5 20 52 24 0
20 5 52 24 0
5 20 25 51 0
20 5 25 51 0
5 20 51 25 0
20 5 51 25 0
5 20 26 50 0
20 5 26 50 0
5 20 50 26 0
20 5 50 26 0
6 19 24 52 0
19 6 24 52 0
6 19 52 24 0
19 6 52 24 0
6 19 25 51 0
19 6 25 51 0
6 19 51 25 0
19 6 51 25 0
6 19 26 50 0
19 6 26 50 0
6 19 50 26 0
19 6 50 26 0
7 18 24 52 0
18 7 24 52 0
7 18 52 24 0
18 7 52 24 0
7 18 25 51 0
18 7 25 51 0
7 18 51 25 0
18 7 51 25 0
7 18 26 50 0
18 7 26 50 0
7 18 50 26 0
18 7 50 26 0
8 17 24 52 0
17 8 24 52 0
8 17 52 24 0
17 8 52 24 0
8 17 25 51 0
17 8 25 51 0
8 17 51 25 0
17 8 51 25 0
8 17 26 50 0
17 8 26 50 0
8 17 50 26 0
17 8 50 26 0
8 17 27 49 1
17 8 27 49 1
8 17 49 27 1
17 8 49 27 1
8 17 28 48 3
17 8 28 48 3
8 17 48 28 3
17 8 48 28 3
8 17 29 47 8
17 8 29 47 8
8 17 47 29 8
17 8 47 29 8
8 17 30 46 18
17 8 30 46 18
8 17 46 30 18
17 8 46 30 18
8 17 31 45 36
17 8 31 45 36
8 17 45 31 36
17 8 45 31 36
8 17 32 44 60
17 8 32 44 60
8 17 44 32 60
17 8 44 32 60
8 17 33 43 92
17 8 33 43 92
8 17 43 33 92
17 8 43 33 92
8 17 34 42 127
17 8 34 42 127
8 17 42 34 127
17 8 42 34 127
8 17 35 41 166
17 8 35 41 166
8 17 41 35 166
17 8 41 35 166
8 17 36 40 197
17 8 36 40 197
8 17 40 36 197
17 8 40 36 197
8 17 37 39 219
17 8 37 39 219
8 17 39 37 219
17 8 39 37 219
8 17 38 38 225
17 8 38 38 225
6 19 23 53 0
19 6 23 53 0
6 19 53 23 0
19 6 53 23 0
7 18 23 53 0
18 7 23 53 0
7 18 53 23 0
18 7 53 23 0
8 17 23 53 0
17 8 23 53 0
8 17 53 23 0
17 8 53 23 0
9 16 23 53 0
16 9 23 53 0
9 16 53 23 0
16 9 53 23 0
9 16 24 52 0
16 9 24 52 0
9 16 52 24 0
16 9 52 24 0
9 16 25 51 0
16 9 25 51 0
9 16 51 25 0
16 9 51 25 0
9 16 26 50 2
16 9 26 50 2
9 16 50 26 2
16 9 50 26 2
9 16 27 49 8
16 9 27 49 8
9 16 49 27 8
16 9 49 27 8
9 16 28 48 22
16 9 28 48 22
9 16 48 28 22
16 9 48 28 22
9 16 29 47 50
16 9 29 47 50
9 16 47 29 50
16 9 47 29 50
9 16 30 46 97
16 9 30 46 97
9 16 46 30 97
16 9 46 30 97
9 16 31 45 170
16 9 31 45 170
9 16 45 31 170
16 9 45 31 170
9 16 32 44 268
16 9 32 44 268
9 16 44 32 268
16 9 44 32 268
9 16 33 43 388
16 9 33 43 388
9 16 43 33 388
16 9 43 33 388
9 16 34 42 519
16 9 34 42 519
9 16 42 34 519
16 9 42 34 519
9 16 35 41 652
16 9 35 41 652
9 16 41 35 652
16 9 41 35 652
9 16 36 40 761
16 9 36 40 761
9 16 40 36 761
16 9 40 36 761
9 16 37 39 836
16 9 37 39 836
9 16 39 37 836
16 9 39 37 836
9 16 38 38 861
16 9 38 38 861
10 15 24 52 1
15 10 24 52 1
10 15 52 24 1
15 10 52 24 1
10 15 25 51 4
15 10 25 51 4
10 15 51 25 4
15 10 51 25 4
10 15 26 50 14
15 10 26 50 14
10 15 50 26 14
15 10 50 26 14
10 15 27 49 38
15 10 27 49 38
10 15 49 27 38
15 10 49 27 38
10 15 28 48 86
15 10 28 48 86
10 15 48 28 86
15 10 48 28 86
10 15 29 47 172
15 10 29 47 172
10 15 47 29 172
15 10 47 29 172
10 15 30 46 306
15 10 30 46 306
10 15 46 30 306
15 10 46 30 306
10 15 31 45 501
15 10 31 45 501
10 15 45 31 501
15 10 45 31 501
10 15 32 44 753
15 10 32 44 753
10 15 44 32 753
15 10 44 32 753
10 15 33 43 1054
15 10 33 43 1054
10 15 43 33 1054
15 10 43 33 1054
10 15 34 42 1375
15 10 34 42 1375
10 15 42 34 1375
15 10 42 34 1375
10 15 35 41 1691
15 10 35 41 1691
10 15 41 35 1691
15 10 41 35 1691
10 15 36 40 1950
15 10 36 40 1950
10 15 40 36 1950
15 10 40 36 1950
10 15 37 39 2127
15 10 37 39 2127
10 15 39 37 2127
15 10 39 37 2127
10 15 38 38 2186
15 10 38 38 2186
11 14 27 49 89
14 11 27 49 89
11 14 49 27 89
14 11 49 27 89
11 14 28 48 189
14 11 28 48 189
11 14 48 28 189
14 11 48 28 189
11 14 29 47 358
14 11 29 47 358
11 14 47 29 358
14 11 47 29 358
11 14 30 46 615
14 11 30 46 615
11 14 46 30 615
14 11 46 30 615
11 14 31 45 975
14 11 31 45 975
11 14 45 31 975
14 11 45 31 975
11 14 32 44 1431
14 11 32 44 1431
11 14 44 32 1431
14 11 44 32 1431
11 14 33 43 1966
14 11 33 43 1966
11 14 43 33 1966
14 11 43 33 1966
11 14 34 42 2531
14 11 34 42 2531
11 14 42 34 2531
14 11 42 34 2531
11 14 35 41 3077
14 11 35 41 3077
11 14 41 35 3077
14 11 41 35 3077
11 14 36 40 3526
14 11 36 40 3526
11 14 40 36 3526
14 11 40 36 3526
11 14 37 39 3828
14 11 37 39 3828
11 14 39 37 3828
14 11 39 37 3828
11 14 38 38 3930
14 11 38 38 3930
6 19 21 55 0
19 6 21 55 0
6 19 55 21 0
19 6 55 21 0
6 19 22 54 0
19 6 22 54 0
6 19 54 22 0
19 6 54 22 0
7 18 21 55 0
18 7 21 55 0
7 18 55 21 0
18 7 55 21 0
7 18 22 54 0
18 7 22 54 0
7 18 54 22 0
18 7 54 22 0
8 17 21 55 0
17 8 21 55 0
8 17 55 21 0
17 8 55 21 0
8 17 22 54 0
17 8 22 54 0
8 17 54 22 0
17 8 54 22 0
9 16 21 55 0
16 9 21 55 0
9 16 55 21 0
16 9 55 21 0
9 16 22 54 0
16 9 22 54 0
9 16 54 22 0
16 9 54 22 0
7 18 19 57 0
18 7 19 57 0
7 18 57 19 0
18 7 57 19 0
7 18 20 56 0
18 7 20 56 0
7 18 56 20 0
18 7 56 20 0
8 17 19 57 0
17 8 19 57 0
8 17 57 19 0
17 8 57 19 0
8 17 20 56 0
17 8 20 56 0
8 17 56 20 0
17 8 56 20 0
9 16 19 57 0
16 9 19 57 0
9 16 57 19 0
16 9 57 19 0
9 16 20 56 0
16 9 20 56 0
9 16 56 20 0
16 9 56 20 0
10 15 19 57 0
15 10 19 57 0
10 15 57 19 0
15 10 57 19 0
10 15 20 56 0
15 10 20 56 0
10 15 56 20 0
15 10 56 20 0
10 15 21 55 0
15 10 21 55 0
10 15 55 21 0
15 10 55 21 0
10 15 22 54 0
15 10 22 54 0
10 15 54 22 0
15 10 54 22 0
10 15 23 53 0
15 10 23 53 0
10 15 53 23 0
15 10 53 23 0
11 14 19 57 0
14 11 19 57 0
11 14 57 19 0
14 11 57 19 0
11 14 20 56 0
14 11 20 56 0
11 14 56 20 0
14 11 56 20 0
11 14 21 55 0
14 11 21 55 0
11 14 55 21 0
14 11 55 21 0
11 14 22 54 0
14 11 22 54 0
11 14 54 22 0
14 11 54 22 0
11 14 23 53 0
14 11 23 53 0
11 14 53 23 0
14 11 53 23 0
11 14 24 52 3
14 11 24 52 3
11 14 52 24 3
14 11 52 24 3
11 14 25 51 12
14 11 25 51 12
11 14 51 25 12
14 11 51 25 12
11 14 26 50 36
14 11 26 50 36
11 14 50 26 36
14 11 50 26 36
12 13 21 55 0
13 12 21 55 0
12 13 55 21 0
13 12 55 21 0
12 13 22 54 0
13 12 22 54 0
12 13 54 22 0
13 12 54 22 0
12 13 23 53 1
13 12 23 53 1
12 13 53 23 1
13 12 53 23 1
12 13 24 52 6
13 12 24 52 6
12 13 52 24 6
13 12 52 24 6
12 13 25 51 21
13 12 25 51 21
12 13 51 25 21
13 12 51 25 21
12 13 26 50 58
13 12 26 50 58
12 13 50 26 58
13 12 50 26 58
12 13 27 49 136
13 12 27 49 136
12 13 49 27 136
13 12 49 27 136
12 13 28 48 278
13 12 28 48 278
12 13 48 28 278
13 12 48 28 278
12 13 29 47 514
13 12 29 47 514
12 13 47 29 514
13 12 47 29 514
12 13 30 46 865
13 12 30 46 865
12 13 46 30 865
13 12 46 30 865
12 13 31 45 1351
13 12 31 45 1351
12 13 45 31 1351
13 12 45 31 1351
12 13 32 44 1960
13 12 32 44 1960
12 13 44 32 1960
13 12 44 32 1960
12 13 33 43 2668
13 12 33 43 2668
12 13 43 33 2668
13 12 43 33 2668
12 13 34 42 3411
13 12 34 42 3411
12 13 42 34 3411
13 12 42 34 3411
12 13 35 41 4127
13 12 35 41 4127
12 13 41 35 4127
13 12 41 35 4127
12 13 36 40 4712
13 12 36 40 4712
12 13 40 36 4712
13 12 40 36 4712
12 13 37 39 5105
13 12 37 39 5105
12 13 39 37 5105
13 12 39 37 5105
12 13 38 38 5238
13 12 38 38 5238
8 17 17 59 0
17 8 17 59 0
8 17 59 17 0
17 8 59 17 0
8 17 18 58 0
17 8 18 58 0
8 17 58 18 0
17 8 58 18 0
9 16 17 59 0
16 9 17 59 0
9 16 59 17 0
16 9 59 17 0
9 16 18 58 0
16 9 18 58 0
9 16 58 18 0
16 9 58 18 0
10 15 17 59 0
15 10 17 59 0
10 15 59 17 0
15 10 59 17 0
10 15 18 58 0
15 10 18 58 0
10 15 58 18 0
15 10 58 18 0
11 14 17 59 0
14 11 17 59 0
11 14 59 17 0
14 11 59 17 0
11 14 18 58 0
14 11 18 58 0
11 14 58 18 0
14 11 58 18 0
9 16 16 60 0
16 9 16 60 0
9 16 60 16 0
16 9 60 16 0
10 15 16 60 0
15 10 16 60 0
10 15 60 16 0
15 10 60 16 0
11 14 16 60 0
14 11 16 60 0
11 14 60 16 0
14 11 60 16 0
12 13 16 60 0
13 12 16 60 0
12 13 60 16 0
13 12 60 16 0
12 13 17 59 0
13 12 17 59 0
12 13 59 17 0
13 12 59 17 0
12 13 18 58 0
13 12 18 58 0
12 13 58 18 0
13 12 58 18 0
12 13 19 57 0
13 12 19 57 0
12 13 57 19 0
13 12 57 19 0
12 13 20 56 0
13 12 20 56 0
12 13 56 20 0
13 12 56 20 0
10 15 15 61 0
15 10 15 61 0
10 15 61 15 0
15 10 61 15 0
11 14 15 61 0
14 11 15 61 0
11 14 61 15 0
14 11 61 15 0
12 13 15 61 0
13 12 15 61 0
12 13 61 15 0
13 12 61 15 0
