0 7 3 19 0
7 0 3 19 0
0 7 19 3 0
7 0 19 3 0
0 7 4 18 0
7 0 4 18 0
0 7 18 4 0
7 0 18 4 0
0 7 5 17 0
7 0 5 17 0
0 7 17 5 0
7 0 17 5 0
0 7 6 16 1
7 0 6 16 1
0 7 16 6 1
7 0 16 6 1
0 7 7 15 2
7 0 7 15 2
0 7 15 7 2
7 0 15 7 2
1 6 3 19 1
6 1 3 19 1
1 6 19 3 1
6 1 19 3 1
1 6 4 18 3
6 1 4 18 3
1 6 18 4 3
6 1 18 4 3
1 6 5 17 7
6 1 5 17 7
1 6 17 5 7
6 1 17 5 7
1 6 6 16 13
6 1 6 16 13
1 6 16 6 13
6 1 16 6 13
1 6 7 15 21
6 1 7 15 21
1 6 15 7 21
6 1 15 7 21
0 7 8 14 3
7 0 8 14 3
0 7 14 8 3
7 0 14 8 3
1 6 8 14 29
6 1 8 14 29
1 6 14 8 29
6 1 14 8 29
0 7 9 13 5
7 0 9 13 5
0 7 13 9 5
7 0 13 9 5
1 6 9 13 38
6 1 9 13 38
1 6 13 9 38
6 1 13 9 38
0 7 10 12 6
7 0 10 12 6
0 7 12 10 6
7 0 12 10 6
1 6 10 12 43
6 1 10 12 43
1 6 12 10 43
6 1 12 10 43
0 7 11 11 6
7 0 11 11 6
1 6 11 11 45
6 1 11 11 45
1 6 1 21 0
6 1 1 21 0
1 6 21 1 0
6 1 21 1 0
1 6 2 20 0
6 1 2 20 0
1 6 20 2 0
6 1 20 2 0
2 5 1 21 0
5 2 1 21 0
2 5 21 1 0
5 2 21 1 0
2 5 2 20 1
5 2 2 20 1
2 5 20 2 1
5 2 20 2 1
2 5 3 19 4
5 2 3 19 4
2 5 19 3 4
5 2 19 3 4
2 5 4 18 11
5 2 4 18 11
2 5 18 4 11
5 2 18 4 11
2 5 5 17 23
5 2 5 17 23
2 5 17 5 23
5 2 17 5 23
2 5 6 16 39
5 2 6 16 39
2 5 16 6 39
5 2 16 6 39
2 5 7 15 60
5 2 7 15 60
2 5 15 7 60
5 2 15 7 60
2 5 8 14 82
5 2 8 14 82
2 5 14 8 82
5 2 14 8 82
2 5 9 13 103
5 2 9 13 103
2 5 13 9 103
5 2 13 9 103
2 5 10 12 116
5 2 10 12 116
2 5 12 10 116
5 2 12 10 116
2 5 11 11 121
5 2 11 11 121
3 4 1 21 0
4 3 1 21 0
3 4 21 1 0
4 3 21 1 0
3 4 2 20 2
4 3 2 20 2
3 4 20 2 2
4 3 20 2 2
3 4 3 19 8
4 3 3 19 8
3 4 19 3 8
4 3 19 3 8
3 4 4 18 20
4 3 4 18 20
3 4 18 4 20
4 3 18 4 20
3 4 5 17 39
4 3 5 17 39
3 4 17 5 39
4 3 17 5 39
3 4 6 16 65
4 3 6 16 65
3 4 16 6 65
4 3 16 6 65
3 4 7 15 98
4 3 7 15 98
3 4 15 7 98
4 3 15 7 98
3 4 8 14 132
4 3 8 14 132
3 4 14 8 132
4 3 14 8 132
3 4 9 13 164
4 3 9 13 164
3 4 13 9 164
4 3 13 9 164
3 4 10 12 184
4 3 10 12 184
3 4 12 10 184
4 3 12 10 184
3 4 11 11 191
4 3 11 11 191
3 4 0 22 0
4 3 0 22 0
3 4 22 0 0
4 3 22 0 0
