9 24 42 58 0
24 9 42 58 0
9 24 58 42 0
24 9 58 42 0
9 24 43 57 0
24 9 43 57 0
9 24 57 43 0
24 9 57 43 0
9 24 44 56 0
24 9 44 56 0
9 24 56 44 0
24 9 56 44 0
9 24 45 55 0
24 9 45 55 0
9 24 55 45 0
24 9 55 45 0
9 24 46 54 0
24 9 46 54 0
9 24 54 46 0
24 9 54 46 0
9 24 47 53 0
24 9 47 53 0
9 24 53 47 0
24 9 53 47 0
9 24 48 52 0
24 9 48 52 0
9 24 52 48 0
24 9 52 48 0
9 24 49 51 0
24 9 49 51 0
9 24 51 49 0
24 9 51 49 0
9 24 50 50 0
24 9 50 50 0
10 23 42 58 0
23 10 42 58 0
10 23 58 42 0
23 10 58 42 0
10 23 43 57 0
23 10 43 57 0
10 23 57 43 0
23 10 57 43 0
10 23 44 56 0
23 10 44 56 0
10 23 56 44 0
23 10 56 44 0
10 23 45 55 0
23 10 45 55 0
10 23 55 45 0
23 10 55 45 0
10 23 46 54 0
23 10 46 54 0
10 23 54 46 0
23 10 54 46 0
10 23 47 53 0
23 10 47 53 0
10 23 53 47 0
23 10 53 47 0
10 23 48 52 0
23 10 48 52 0
10 23 52 48 0
23 10 52 48 0
10 23 49 51 0
23 10 49 51 0
10 23 51 49 0
23 10 51 49 0
10 23 50 50 0
23 10 50 50 0
11 22 42 58 0
22 11 42 58 0
11 22 58 42 0
22 11 58 42 0
11 22 43 57 0
22 11 43 57 0
11 22 57 43 0
22 11 57 43 0
11 22 44 56 0
22 11 44 56 0
11 22 56 44 0
22 11 56 44 0
11 22 45 55 0
22 11 45 55 0
11 22 55 45 0
22 11 55 45 0
11 22 46 54 0
22 11 46 54 0
11 22 54 46 0
22 11 54 46 0
11 22 47 53 0
22 11 47 53 0
11 22 53 47 0
22 11 53 47 0
11 22 48 52 0
22 11 48 52 0
11 22 52 48 0
22 11 52 48 0
11 22 49 51 0
22 11 49 51 0
11 22 51 49 0
22 11 51 49 0
11 22 50 50 0
22 11 50 50 0
12 21 42 58 0
21 12 42 58 0
12 21 58 42 0
21 12 58 42 0
12 21 43 57 0
21 12 43 57 0
12 21 57 43 0
21 12 57 43 0
12 21 44 56 0
21 12 44 56 0
12 21 56 44 0
21 12 56 44 0
12 21 45 55 0
21 12 45 55 0
12 21 55 45 0
21 12 55 45 0
12 21 46 54 0
21 12 46 54 0
12 21 54 46 0
21 12 54 46 0
12 21 47 53 0
21 12 47 53 0
12 21 53 47 0
21 12 53 47 0
12 21 48 52 0
21 12 48 52 0
12 21 52 48 0
21 12 52 48 0
12 21 49 51 0
21 12 49 51 0
12 21 51 49 0
21 12 51 49 0
12 21 50 50 0
21 12 50 50 0
10 23 37 63 0
23 10 37 63 0
10 23 63 37 0
23 10 63 37 0
10 23 38 62 0
23 10 38 62 0
10 23 62 38 0
23 10 62 38 0
10 23 39 61 0
23 10 39 61 0
10 23 61 39 0
23 10 61 39 0
10 23 40 60 0
23 10 40 60 0
10 23 60 40 0
23 10 60 40 0
10 23 41 59 0
23 10 41 59 0
10 23 59 41 0
23 10 59 41 0
11 22 37 63 0
22 11 37 63 0
11 22 63 37 0
22 11 63 37 0
11 22 38 62 0
22 11 38 62 0
11 22 62 38 0
22 11 62 38 0
11 22 39 61 0
22 11 39 61 0
11 22 61 39 0
22 11 61 39 0
11 22 40 60 0
22 11 40 60 0
11 22 60 40 0
22 11 60 40 0
11 22 41 59 0
22 11 41 59 0
11 22 59 41 0
22 11 59 41 0
12 21 37 63 0
21 12 37 63 0
12 21 63 37 0
21 12 63 37 0
12 21 38 62 0
21 12 38 62 0
12 21 62 38 0
21 12 62 38 0
12 21 39 61 0
21 12 39 61 0
12 21 61 39 0
21 12 61 39 0
12 21 40 60 0
21 12 40 60 0
12 21 60 40 0
21 12 60 40 0
12 21 41 59 0
21 12 41 59 0
12 21 59 41 0
21 12 59 41 0
13 20 37 63 0
20 13 37 63 0
13 20 63 37 0
20 13 63 37 0
13 20 38 62 0
20 13 38 62 0
13 20 62 38 0
20 13 62 38 0
13 20 39 61 0
20 13 39 61 0
13 20 61 39 0
20 13 61 39 0
13 20 40 60 0
20 13 40 60 0
13 20 60 40 0
20 13 60 40 0
13 20 41 59 0
20 13 41 59 0
13 20 59 41 0
20 13 59 41 0
13 20 42 58 0
20 13 42 58 0
13 20 58 42 0
20 13 58 42 0
13 20 43 57 0
20 13 43 57 0
13 20 57 43 0
20 13 57 43 0
13 20 44 56 1
20 13 44 56 1
13 20 56 44 1
20 13 56 44 1
13 20 45 55 2
20 13 45 55 2
13 20 55 45 2
20 13 55 45 2
13 20 46 54 4
20 13 46 54 4
13 20 54 46 4
20 13 54 46 4
13 20 47 53 7
20 13 47 53 7
13 20 53 47 7
20 13 53 47 7
13 20 48 52 9
20 13 48 52 9
13 20 52 48 9
20 13 52 48 9
13 20 49 51 11
20 13 49 51 11
13 20 51 49 11
20 13 51 49 11
13 20 50 50 12
20 13 50 50 12
11 22 34 66 0
22 11 34 66 0
11 22 66 34 0
22 11 66 34 0
11 22 35 65 0
22 11 35 65 0
11 22 65 35 0
22 11 65 35 0
11 22 36 64 0
22 11 36 64 0
11 22 64 36 0
22 11 64 36 0
12 21 34 66 0
21 12 34 66 0
12 21 66 34 0
21 12 66 34 0
12 21 35 65 0
21 12 35 65 0
12 21 65 35 0
21 12 65 35 0
12 21 36 64 0
21 12 36 64 0
12 21 64 36 0
21 12 64 36 0
13 20 34 66 0
20 13 34 66 0
13 20 66 34 0
20 13 66 34 0
13 20 35 65 0
20 13 35 65 0
13 20 65 35 0
20 13 65 35 0
13 20 36 64 0
20 13 36 64 0
13 20 64 36 0
20 13 64 36 0
14 19 34 66 0
19 14 34 66 0
14 19 66 34 0
19 14 66 34 0
14 19 35 65 0
19 14 35 65 0
14 19 65 35 0
19 14 65 35 0
14 19 36 64 0
19 14 36 64 0
14 19 64 36 0
19 14 64 36 0
14 19 37 63 0
19 14 37 63 0
14 19 63 37 0
19 14 63 37 0
14 19 38 62 0
19 14 38 62 0
14 19 62 38 0
19 14 62 38 0
14 19 39 61 0
19 14 39 61 0
14 19 61 39 0
19 14 61 39 0
14 19 40 60 0
19 14 40 60 0
14 19 60 40 0
19 14 60 40 0
14 19 41 59 1
19 14 41 59 1
14 19 59 41 1
19 14 59 41 1
14 19 42 58 3
19 14 42 58 3
14 19 58 42 3
19 14 58 42 3
14 19 43 57 7
19 14 43 57 7
14 19 57 43 7
19 14 57 43 7
14 19 44 56 14
19 14 44 56 14
14 19 56 44 14
19 14 56 44 14
14 19 45 55 24
19 14 45 55 24
14 19 55 45 24
19 14 55 45 24
14 19 46 54 36
19 14 46 54 36
14 19 54 46 36
19 14 54 46 36
14 19 47 53 50
19 14 47 53 50
14 19 53 47 50
19 14 53 47 50
14 19 48 52 61
19 14 48 52 61
14 19 52 48 61
19 14 52 48 61
14 19 49 51 70
19 14 49 51 70
14 19 51 49 70
19 14 51 49 70
14 19 50 50 73
19 14 50 50 73
12 21 33 67 0
21 12 33 67 0
12 21 67 33 0
21 12 67 33 0
13 20 33 67 0
20 13 33 67 0
13 20 67 33 0
20 13 67 33 0
14 19 33 67 0
19 14 33 67 0
14 19 67 33 0
19 14 67 33 0
15 18 33 67 0
18 15 33 67 0
15 18 67 33 0
18 15 67 33 0
15 18 34 66 0
18 15 34 66 0
15 18 66 34 0
18 15 66 34 0
15 18 35 65 0
18 15 35 65 0
15 18 65 35 0
18 15 65 35 0
15 18 36 64 0
18 15 36 64 0
15 18 64 36 0
18 15 64 36 0
15 18 37 63 0
18 15 37 63 0
15 18 63 37 0
18 15 63 37 0
15 18 38 62 0
18 15 38 62 0
15 18 62 38 0
18 15 62 38 0
15 18 39 61 0
18 15 39 61 0
15 18 61 39 0
18 15 61 39 0
15 18 40 60 1
18 15 40 60 1
15 18 60 40 1
18 15 60 40 1
15 18 41 59 4
18 15 41 59 4
15 18 59 41 4
18 15 59 41 4
15 18 42 58 11
18 15 42 58 11
15 18 58 42 11
18 15 58 42 11
15 18 43 57 23
18 15 43 57 23
15 18 57 43 23
18 15 57 43 23
15 18 44 56 42
18 15 44 56 42
15 18 56 44 42
18 15 56 44 42
15 18 45 55 69
18 15 45 55 69
15 18 55 45 69
18 15 55 45 69
15 18 46 54 100
18 15 46 54 100
15 18 54 46 100
18 15 54 46 100
15 18 47 53 133
18 15 47 53 133
15 18 53 47 133
18 15 53 47 133
15 18 48 52 161
18 15 48 52 161
15 18 52 48 161
18 15 52 48 161
15 18 49 51 182
18 15 49 51 182
15 18 51 49 182
18 15 51 49 182
15 18 50 50 189
18 15 50 50 189
16 17 34 66 0
17 16 34 66 0
16 17 66 34 0
17 16 66 34 0
16 17 35 65 0
17 16 35 65 0
16 17 65 35 0
17 16 65 35 0
16 17 36 64 0
17 16 36 64 0
16 17 64 36 0
17 16 64 36 0
16 17 37 63 0
17 16 37 63 0
16 17 63 37 0
17 16 63 37 0
16 17 38 62 0
17 16 38 62 0
16 17 62 38 0
17 16 62 38 0
16 17 39 61 0
17 16 39 61 0
16 17 61 39 0
17 16 61 39 0
16 17 40 60 2
17 16 40 60 2
16 17 60 40 2
17 16 60 40 2
16 17 41 59 8
17 16 41 59 8
16 17 59 41 8
17 16 59 41 8
16 17 42 58 20
17 16 42 58 20
16 17 58 42 20
17 16 58 42 20
16 17 43 57 40
17 16 43 57 40
16 17 57 43 40
17 16 57 43 40
16 17 44 56 71
17 16 44 56 71
16 17 56 44 71
17 16 56 44 71
16 17 45 55 113
17 16 45 55 113
16 17 55 45 113
17 16 55 45 113
16 17 46 54 161
17 16 46 54 161
16 17 54 46 161
17 16 54 46 161
16 17 47 53 211
17 16 47 53 211
16 17 53 47 211
17 16 53 47 211
16 17 48 52 253
17 16 48 52 253
16 17 52 48 253
17 16 52 48 253
16 17 49 51 284
17 16 49 51 284
16 17 51 49 284
17 16 51 49 284
16 17 50 50 295
17 16 50 50 295
13 20 31 69 0
20 13 31 69 0
13 20 69 31 0
20 13 69 31 0
13 20 32 68 0
20 13 32 68 0
13 20 68 32 0
20 13 68 32 0
14 19 31 69 0
19 14 31 69 0
14 19 69 31 0
19 14 69 31 0
14 19 32 68 0
19 14 32 68 0
14 19 68 32 0
19 14 68 32 0
15 18 31 69 0
18 15 31 69 0
15 18 69 31 0
18 15 69 31 0
15 18 32 68 0
18 15 32 68 0
15 18 68 32 0
18 15 68 32 0
16 17 31 69 0
17 16 31 69 0
16 17 69 31 0
17 16 69 31 0
16 17 32 68 0
17 16 32 68 0
16 17 68 32 0
17 16 68 32 0
16 17 33 67 0
17 16 33 67 0
16 17 67 33 0
17 16 67 33 0
15 18 30 70 0
18 15 30 70 0
15 18 70 30 0
18 15 70 30 0
16 17 30 70 0
17 16 30 70 0
16 17 70 30 0
17 16 70 30 0
