0 15 15 31 0
15 0 15 31 0
0 15 31 15 0
15 0 31 15 0
0 15 16 30 0
15 0 16 30 0
0 15 30 16 0
15 0 30 16 0
0 15 17 29 0
15 0 17 29 0
0 15 29 17 0
15 0 29 17 0
0 15 18 28 0
15 0 18 28 0
0 15 28 18 0
15 0 28 18 0
0 15 19 27 0
15 0 19 27 0
0 15 27 19 0
15 0 27 19 0
0 15 20 26 0
15 0 20 26 0
0 15 26 20 0
15 0 26 20 0
0 15 21 25 0
15 0 21 25 0
0 15 25 21 0
15 0 25 21 0
0 15 22 24 0
15 0 22 24 0
0 15 24 22 0
15 0 24 22 0
0 15 23 23 0
15 0 23 23 0
1 14 15 31 0
14 1 15 31 0
1 14 31 15 0
14 1 31 15 0
1 14 16 30 0
14 1 16 30 0
1 14 30 16 0
14 1 30 16 0
1 14 17 29 0
14 1 17 29 0
1 14 29 17 0
14 1 29 17 0
1 14 18 28 0
14 1 18 28 0
1 14 28 18 0
14 1 28 18 0
1 14 19 27 0
14 1 19 27 0
1 14 27 19 0
14 1 27 19 0
1 14 20 26 1
14 1 20 26 1
1 14 26 20 1
14 1 26 20 1
1 14 21 25 1
14 1 21 25 1
1 14 25 21 1
14 1 25 21 1
1 14 22 24 1
14 1 22 24 1
1 14 24 22 1
14 1 24 22 1
1 14 23 23 1
14 1 23 23 1
2 13 15 31 0
13 2 15 31 0
2 13 31 15 0
13 2 31 15 0
2 13 16 30 0
13 2 16 30 0
2 13 30 16 0
13 2 30 16 0
2 13 17 29 0
13 2 17 29 0
2 13 29 17 0
13 2 29 17 0
2 13 18 28 0
13 2 18 28 0
2 13 28 18 0
13 2 28 18 0
2 13 19 27 0
13 2 19 27 0
2 13 27 19 0
13 2 27 19 0
2 13 20 26 2
13 2 20 26 2
2 13 26 20 2
13 2 26 20 2
2 13 21 25 3
13 2 21 25 3
2 13 25 21 3
13 2 25 21 3
2 13 22 24 3
13 2 22 24 3
2 13 24 22 3
13 2 24 22 3
2 13 23 23 3
13 2 23 23 3
3 12 15 31 1
12 3 15 31 1
3 12 31 15 1
12 3 31 15 1
3 12 16 30 2
12 3 16 30 2
3 12 30 16 2
12 3 30 16 2
3 12 17 29 3
12 3 17 29 3
3 12 29 17 3
12 3 29 17 3
3 12 18 28 4
12 3 18 28 4
3 12 28 18 4
12 3 28 18 4
3 12 19 27 5
12 3 19 27 5
3 12 27 19 5
12 3 27 19 5
3 12 20 26 8
12 3 20 26 8
3 12 26 20 8
12 3 26 20 8
3 12 21 25 10
12 3 21 25 10
3 12 25 21 10
12 3 25 21 10
3 12 22 24 11
12 3 22 24 11
3 12 24 22 11
12 3 24 22 11
3 12 23 23 11
12 3 23 23 11
1 14 10 36 0
14 1 10 36 0
1 14 36 10 0
14 1 36 10 0
1 14 11 35 0
14 1 11 35 0
1 14 35 11 0
14 1 35 11 0
1 14 12 34 0
14 1 12 34 0
1 14 34 12 0
14 1 34 12 0
1 14 13 33 0
14 1 13 33 0
1 14 33 13 0
14 1 33 13 0
1 14 14 32 0
14 1 14 32 0
1 14 32 14 0
14 1 32 14 0
2 13 10 36 0
13 2 10 36 0
2 13 36 10 0
13 2 36 10 0
2 13 11 35 0
13 2 11 35 0
2 13 35 11 0
13 2 35 11 0
2 13 12 34 0
13 2 12 34 0
2 13 34 12 0
13 2 34 12 0
2 13 13 33 0
13 2 13 33 0
2 13 33 13 0
13 2 33 13 0
2 13 14 32 0
13 2 14 32 0
2 13 32 14 0
13 2 32 14 0
3 12 10 36 0
12 3 10 36 0
3 12 36 10 0
12 3 36 10 0
3 12 11 35 0
12 3 11 35 0
3 12 35 11 0
12 3 35 11 0
3 12 12 34 0
12 3 12 34 0
3 12 34 12 0
12 3 34 12 0
3 12 13 33 0
12 3 13 33 0
3 12 33 13 0
12 3 33 13 0
3 12 14 32 0
12 3 14 32 0
3 12 32 14 0
12 3 32 14 0
4 11 10 36 0
11 4 10 36 0
4 11 36 10 0
11 4 36 10 0
4 11 11 35 0
11 4 11 35 0
4 11 35 11 0
11 4 35 11 0
4 11 12 34 0
11 4 12 34 0
4 11 34 12 0
11 4 34 12 0
4 11 13 33 0
11 4 13 33 0
4 11 33 13 0
11 4 33 13 0
4 11 14 32 0
11 4 14 32 0
4 11 32 14 0
11 4 32 14 0
4 11 15 31 1
11 4 15 31 1
4 11 31 15 1
11 4 31 15 1
4 11 16 30 3
11 4 16 30 3
4 11 30 16 3
11 4 30 16 3
4 11 17 29 5
11 4 17 29 5
4 11 29 17 5
11 4 29 17 5
4 11 18 28 7
11 4 18 28 7
4 11 28 18 7
11 4 28 18 7
4 11 19 27 9
11 4 19 27 9
4 11 27 19 9
11 4 27 19 9
4 11 20 26 13
11 4 20 26 13
4 11 26 20 13
11 4 26 20 13
4 11 21 25 16
11 4 21 25 16
4 11 25 21 16
11 4 25 21 16
4 11 22 24 18
11 4 22 24 18
4 11 24 22 18
11 4 24 22 18
4 11 23 23 19
11 4 23 23 19
5 10 10 36 0
10 5 10 36 0
5 10 36 10 0
10 5 36 10 0
5 10 11 35 0
10 5 11 35 0
5 10 35 11 0
10 5 35 11 0
5 10 12 34 0
10 5 12 34 0
5 10 34 12 0
10 5 34 12 0
5 10 13 33 0
10 5 13 33 0
5 10 33 13 0
10 5 33 13 0
5 10 14 32 0
10 5 14 32 0
5 10 32 14 0
10 5 32 14 0
5 10 15 31 1
10 5 15 31 1
5 10 31 15 1
10 5 31 15 1
5 10 16 30 3
10 5 16 30 3
5 10 30 16 3
10 5 30 16 3
5 10 17 29 6
10 5 17 29 6
5 10 29 17 6
10 5 29 17 6
5 10 18 28 9
10 5 18 28 9
5 10 28 18 9
10 5 28 18 9
5 10 19 27 12
10 5 19 27 12
5 10 27 19 12
10 5 27 19 12
5 10 20 26 17
10 5 20 26 17
5 10 26 20 17
10 5 26 20 17
5 10 21 25 21
10 5 21 25 21
5 10 25 21 21
10 5 25 21 21
5 10 22 24 24
10 5 22 24 24
5 10 24 22 24
10 5 24 22 24
5 10 23 23 25
10 5 23 23 25
2 13 7 39 0
13 2 7 39 0
2 13 39 7 0
13 2 39 7 0
2 13 8 38 0
13 2 8 38 0
2 13 38 8 0
13 2 38 8 0
2 13 9 37 0
13 2 9 37 0
2 13 37 9 0
13 2 37 9 0
3 12 7 39 0
12 3 7 39 0
3 12 39 7 0
12 3 39 7 0
3 12 8 38 0
12 3 8 38 0
3 12 38 8 0
12 3 38 8 0
3 12 9 37 0
12 3 9 37 0
3 12 37 9 0
12 3 37 9 0
4 11 7 39 0
11 4 7 39 0
4 11 39 7 0
11 4 39 7 0
4 11 8 38 0
11 4 8 38 0
4 11 38 8 0
11 4 38 8 0
4 11 9 37 0
11 4 9 37 0
4 11 37 9 0
11 4 37 9 0
5 10 7 39 0
10 5 7 39 0
5 10 39 7 0
10 5 39 7 0
5 10 8 38 0
10 5 8 38 0
5 10 38 8 0
10 5 38 8 0
5 10 9 37 0
10 5 9 37 0
5 10 37 9 0
10 5 37 9 0
3 12 6 40 0
12 3 6 40 0
3 12 40 6 0
12 3 40 6 0
4 11 6 40 0
11 4 6 40 0
4 11 40 6 0
11 4 40 6 0
5 10 6 40 0
10 5 6 40 0
5 10 40 6 0
10 5 40 6 0
6 9 6 40 0
9 6 6 40 0
6 9 40 6 0
9 6 40 6 0
6 9 7 39 0
9 6 7 39 0
6 9 39 7 0
9 6 39 7 0
6 9 8 38 0
9 6 8 38 0
6 9 38 8 0
9 6 38 8 0
6 9 9 37 0
9 6 9 37 0
6 9 37 9 0
9 6 37 9 0
6 9 10 36 0
9 6 10 36 0
6 9 36 10 0
9 6 36 10 0
6 9 11 35 0
9 6 11 35 0
6 9 35 11 0
9 6 35 11 0
6 9 12 34 0
9 6 12 34 0
6 9 34 12 0
9 6 34 12 0
6 9 13 33 0
9 6 13 33 0
6 9 33 13 0
9 6 33 13 0
6 9 14 32 0
9 6 14 32 0
6 9 32 14 0
9 6 32 14 0
6 9 15 31 1
9 6 15 31 1
6 9 31 15 1
9 6 31 15 1
6 9 16 30 3
9 6 16 30 3
6 9 30 16 3
9 6 30 16 3
6 9 17 29 6
9 6 17 29 6
6 9 29 17 6
9 6 29 17 6
6 9 18 28 10
9 6 18 28 10
6 9 28 18 10
9 6 28 18 10
6 9 19 27 14
9 6 19 27 14
6 9 27 19 14
9 6 27 19 14
6 9 20 26 20
9 6 20 26 20
6 9 26 20 20
9 6 26 20 20
6 9 21 25 25
9 6 21 25 25
6 9 25 21 25
9 6 25 21 25
6 9 22 24 28
9 6 22 24 28
6 9 24 22 28
9 6 24 22 28
6 9 23 23 29
9 6 23 23 29
7 8 7 39 0
8 7 7 39 0
7 8 39 7 0
8 7 39 7 0
7 8 8 38 0
8 7 8 38 0
7 8 38 8 0
8 7 38 8 0
7 8 9 37 0
8 7 9 37 0
7 8 37 9 0
8 7 37 9 0
7 8 10 36 0
8 7 10 36 0
7 8 36 10 0
8 7 36 10 0
7 8 11 35 0
8 7 11 35 0
7 8 35 11 0
8 7 35 11 0
7 8 12 34 0
8 7 12 34 0
7 8 34 12 0
8 7 34 12 0
7 8 13 33 0
8 7 13 33 0
7 8 33 13 0
8 7 33 13 0
7 8 14 32 0
8 7 14 32 0
7 8 32 14 0
8 7 32 14 0
7 8 15 31 1
8 7 15 31 1
7 8 31 15 1
8 7 31 15 1
7 8 16 30 3
8 7 16 30 3
7 8 30 16 3
8 7 30 16 3
7 8 17 29 6
8 7 17 29 6
7 8 29 17 6
8 7 29 17 6
7 8 18 28 10
8 7 18 28 10
7 8 28 18 10
8 7 28 18 10
7 8 19 27 15
8 7 19 27 15
7 8 27 19 15
8 7 27 19 15
7 8 20 26 22
8 7 20 26 22
7 8 26 20 22
8 7 26 20 22
7 8 21 25 27
8 7 21 25 27
7 8 25 21 27
8 7 25 21 27
7 8 22 24 30
8 7 22 24 30
7 8 24 22 30
8 7 24 22 30
7 8 23 23 31
8 7 23 23 31
4 11 4 42 0
11 4 4 42 0
4 11 42 4 0
11 4 42 4 0
4 11 5 41 0
11 4 5 41 0
4 11 41 5 0
11 4 41 5 0
5 10 4 42 0
10 5 4 42 0
5 10 42 4 0
10 5 42 4 0
5 10 5 41 0
10 5 5 41 0
5 10 41 5 0
10 5 41 5 0
6 9 4 42 0
9 6 4 42 0
6 9 42 4 0
9 6 42 4 0
6 9 5 41 0
9 6 5 41 0
6 9 41 5 0
9 6 41 5 0
7 8 4 42 0
8 7 4 42 0
7 8 42 4 0
8 7 42 4 0
7 8 5 41 0
8 7 5 41 0
7 8 41 5 0
8 7 41 5 0
7 8 6 40 0
8 7 6 40 0
7 8 40 6 0
8 7 40 6 0
6 9 3 43 0
9 6 3 43 0
6 9 43 3 0
9 6 43 3 0
7 8 3 43 0
8 7 3 43 0
7 8 43 3 0
8 7 43 3 0
