0 9 3 25 0
9 0 3 25 0
0 9 25 3 0
9 0 25 3 0
0 9 4 24 0
9 0 4 24 0
0 9 24 4 0
9 0 24 4 0
0 9 5 23 0
9 0 5 23 0
0 9 23 5 0
9 0 23 5 0
0 9 6 22 0
9 0 6 22 0
0 9 22 6 0
9 0 22 6 0
0 9 7 21 0
9 0 7 21 0
0 9 21 7 0
9 0 21 7 0
0 9 8 20 0
9 0 8 20 0
0 9 20 8 0
9 0 20 8 0
0 9 9 19 0
9 0 9 19 0
0 9 19 9 0
9 0 19 9 0
0 9 10 18 0
9 0 10 18 0
0 9 18 10 0
9 0 18 10 0
0 9 11 17 0
9 0 11 17 0
0 9 17 11 0
9 0 17 11 0
0 9 12 16 0
9 0 12 16 0
0 9 16 12 0
9 0 16 12 0
0 9 13 15 0
9 0 13 15 0
0 9 15 13 0
9 0 15 13 0
1 8 3 25 0
8 1 3 25 0
1 8 25 3 0
8 1 25 3 0
1 8 4 24 0
8 1 4 24 0
1 8 24 4 0
8 1 24 4 0
1 8 5 23 0
8 1 5 23 0
1 8 23 5 0
8 1 23 5 0
1 8 6 22 0
8 1 6 22 0
1 8 22 6 0
8 1 22 6 0
1 8 7 21 0
8 1 7 21 0
1 8 21 7 0
8 1 21 7 0
1 8 8 20 0
8 1 8 20 0
1 8 20 8 0
8 1 20 8 0
1 8 9 19 0
8 1 9 19 0
1 8 19 9 0
8 1 19 9 0
1 8 10 18 0
8 1 10 18 0
1 8 18 10 0
8 1 18 10 0
1 8 11 17 0
8 1 11 17 0
1 8 17 11 0
8 1 17 11 0
1 8 12 16 0
8 1 12 16 0
1 8 16 12 0
8 1 16 12 0
1 8 13 15 0
8 1 13 15 0
1 8 15 13 0
8 1 15 13 0
2 7 3 25 0
7 2 3 25 0
2 7 25 3 0
7 2 25 3 0
2 7 4 24 0
7 2 4 24 0
2 7 24 4 0
7 2 24 4 0
2 7 5 23 0
7 2 5 23 0
2 7 23 5 0
7 2 23 5 0
2 7 6 22 0
7 2 6 22 0
2 7 22 6 0
7 2 22 6 0
2 7 7 21 0
7 2 7 21 0
2 7 21 7 0
7 2 21 7 0
2 7 8 20 0
7 2 8 20 0
2 7 20 8 0
7 2 20 8 0
2 7 9 19 0
7 2 9 19 0
2 7 19 9 0
7 2 19 9 0
2 7 10 18 0
7 2 10 18 0
2 7 18 10 0
7 2 18 10 0
2 7 11 17 0
7 2 11 17 0
2 7 17 11 0
7 2 17 11 0
2 7 12 16 0
7 2 12 16 0
2 7 16 12 0
7 2 16 12 0
2 7 13 15 0
7 2 13 15 0
2 7 15 13 0
7 2 15 13 0
3 6 3 25 0
6 3 3 25 0
3 6 25 3 0
6 3 25 3 0
3 6 4 24 0
6 3 4 24 0
3 6 24 4 0
6 3 24 4 0
3 6 5 23 0
6 3 5 23 0
3 6 23 5 0
6 3 23 5 0
3 6 6 22 0
6 3 6 22 0
3 6 22 6 0
6 3 22 6 0
3 6 7 21 0
6 3 7 21 0
3 6 21 7 0
6 3 21 7 0
3 6 8 20 0
6 3 8 20 0
3 6 20 8 0
6 3 20 8 0
3 6 9 19 0
6 3 9 19 0
3 6 19 9 0
6 3 19 9 0
3 6 10 18 0
6 3 10 18 0
3 6 18 10 0
6 3 18 10 0
3 6 11 17 0
6 3 11 17 0
3 6 17 11 0
6 3 17 11 0
3 6 12 16 0
6 3 12 16 0
3 6 16 12 0
6 3 16 12 0
3 6 13 15 0
6 3 13 15 0
3 6 15 13 0
6 3 15 13 0
0 9 14 14 0
9 0 14 14 0
1 8 14 14 0
8 1 14 14 0
2 7 14 14 0
7 2 14 14 0
3 6 14 14 0
6 3 14 14 0
1 8 1 27 0
8 1 1 27 0
1 8 27 1 0
8 1 27 1 0
1 8 2 26 0
8 1 2 26 0
1 8 26 2 0
8 1 26 2 0
2 7 1 27 0
7 2 1 27 0
2 7 27 1 0
7 2 27 1 0
2 7 2 26 0
7 2 2 26 0
2 7 26 2 0
7 2 26 2 0
3 6 1 27 0
6 3 1 27 0
3 6 27 1 0
6 3 27 1 0
3 6 2 26 0
6 3 2 26 0
3 6 26 2 0
6 3 26 2 0
4 5 1 27 0
5 4 1 27 0
4 5 27 1 0
5 4 27 1 0
4 5 2 26 0
5 4 2 26 0
4 5 26 2 0
5 4 26 2 0
4 5 3 25 0
5 4 3 25 0
4 5 25 3 0
5 4 25 3 0
4 5 4 24 0
5 4 4 24 0
4 5 24 4 0
5 4 24 4 0
4 5 5 23 0
5 4 5 23 0
4 5 23 5 0
5 4 23 5 0
4 5 6 22 0
5 4 6 22 0
4 5 22 6 0
5 4 22 6 0
4 5 7 21 0
5 4 7 21 0
4 5 21 7 0
5 4 21 7 0
4 5 8 20 0
5 4 8 20 0
4 5 20 8 0
5 4 20 8 0
4 5 9 19 0
5 4 9 19 0
4 5 19 9 0
5 4 19 9 0
4 5 10 18 0
5 4 10 18 0
4 5 18 10 0
5 4 18 10 0
4 5 11 17 0
5 4 11 17 0
4 5 17 11 0
5 4 17 11 0
4 5 12 16 0
5 4 12 16 0
4 5 16 12 0
5 4 16 12 0
4 5 13 15 0
5 4 13 15 0
4 5 15 13 0
5 4 15 13 0
4 5 14 14 0
5 4 14 14 0
3 6 0 28 0
6 3 0 28 0
3 6 28 0 0
6 3 28 0 0
4 5 0 28 0
5 4 0 28 0
4 5 28 0 0
5 4 28 0 0
