0 5 1 15 0
5 0 1 15 0
0 5 15 1 0
5 0 15 1 0
0 5 2 14 0
5 0 2 14 0
0 5 14 2 0
5 0 14 2 0
0 5 3 13 1
5 0 3 13 1
0 5 13 3 1
5 0 13 3 1
0 5 4 12 2
5 0 4 12 2
0 5 12 4 2
5 0 12 4 2
0 5 5 11 4
5 0 5 11 4
0 5 11 5 4
5 0 11 5 4
1 4 1 15 1
4 1 1 15 1
1 4 15 1 1
4 1 15 1 1
1 4 2 14 3
4 1 2 14 3
1 4 14 2 3
4 1 14 2 3
1 4 3 13 7
4 1 3 13 7
1 4 13 3 7
4 1 13 3 7
1 4 4 12 12
4 1 4 12 12
1 4 12 4 12
4 1 12 4 12
1 4 5 11 18
4 1 5 11 18
1 4 11 5 18
4 1 11 5 18
0 5 6 10 5
5 0 6 10 5
0 5 10 6 5
5 0 10 6 5
1 4 6 10 23
4 1 6 10 23
1 4 10 6 23
4 1 10 6 23
0 5 7 9 7
5 0 7 9 7
0 5 9 7 7
5 0 9 7 7
1 4 7 9 28
4 1 7 9 28
1 4 9 7 28
4 1 9 7 28
0 5 8 8 7
5 0 8 8 7
1 4 8 8 29
4 1 8 8 29
1 4 0 16 0
4 1 0 16 0
1 4 16 0 0
4 1 16 0 0
2 3 0 16 0
3 2 0 16 0
2 3 16 0 0
3 2 16 0 0
2 3 1 15 2
3 2 1 15 2
2 3 15 1 2
3 2 15 1 2
2 3 2 14 6
3 2 2 14 6
2 3 14 2 6
3 2 14 2 6
2 3 3 13 13
3 2 3 13 13
2 3 13 3 13
3 2 13 3 13
2 3 4 12 22
3 2 4 12 22
2 3 12 4 22
3 2 12 4 22
2 3 5 11 32
3 2 5 11 32
2 3 11 5 32
3 2 11 5 32
2 3 6 10 41
3 2 6 10 41
2 3 10 6 41
3 2 10 6 41
2 3 7 9 49
3 2 7 9 49
2 3 9 7 49
3 2 9 7 49
2 3 8 8 51
3 2 8 8 51
