0 13 10 30 0
13 0 10 30 0
0 13 30 10 0
13 0 30 10 0
0 13 11 29 0
13 0 11 29 0
0 13 29 11 0
13 0 29 11 0
0 13 12 28 0
13 0 12 28 0
0 13 28 12 0
13 0 28 12 0
0 13 13 27 0
13 0 13 27 0
0 13 27 13 0
13 0 27 13 0
0 13 14 26 0
13 0 14 26 0
0 13 26 14 0
13 0 26 14 0
0 13 15 25 0
13 0 15 25 0
0 13 25 15 0
13 0 25 15 0
0 13 16 24 0
13 0 16 24 0
0 13 24 16 0
13 0 24 16 0
0 13 17 23 0
13 0 17 23 0
0 13 23 17 0
13 0 23 17 0
0 13 18 22 0
13 0 18 22 0
0 13 22 18 0
13 0 22 18 0
0 13 19 21 0
13 0 19 21 0
0 13 21 19 0
13 0 21 19 0
0 13 20 20 1
13 0 20 20 1
1 12 10 30 0
12 1 10 30 0
1 12 30 10 0
12 1 30 10 0
1 12 11 29 0
12 1 11 29 0
1 12 29 11 0
12 1 29 11 0
1 12 12 28 0
12 1 12 28 0
1 12 28 12 0
12 1 28 12 0
1 12 13 27 0
12 1 13 27 0
1 12 27 13 0
12 1 27 13 0
1 12 14 26 0
12 1 14 26 0
1 12 26 14 0
12 1 26 14 0
1 12 15 25 0
12 1 15 25 0
1 12 25 15 0
12 1 25 15 0
1 12 16 24 0
12 1 16 24 0
1 12 24 16 0
12 1 24 16 0
1 12 17 23 0
12 1 17 23 0
1 12 23 17 0
12 1 23 17 0
1 12 18 22 0
12 1 18 22 0
1 12 22 18 0
12 1 22 18 0
1 12 19 21 0
12 1 19 21 0
1 12 21 19 0
12 1 21 19 0
1 12 20 20 1
12 1 20 20 1
2 11 10 30 0
11 2 10 30 0
2 11 30 10 0
11 2 30 10 0
2 11 11 29 0
11 2 11 29 0
2 11 29 11 0
11 2 29 11 0
2 11 12 28 0
11 2 12 28 0
2 11 28 12 0
11 2 28 12 0
2 11 13 27 0
11 2 13 27 0
2 11 27 13 0
11 2 27 13 0
2 11 14 26 0
11 2 14 26 0
2 11 26 14 0
11 2 26 14 0
2 11 15 25 0
11 2 15 25 0
2 11 25 15 0
11 2 25 15 0
2 11 16 24 0
11 2 16 24 0
2 11 24 16 0
11 2 24 16 0
2 11 17 23 0
11 2 17 23 0
2 11 23 17 0
11 2 23 17 0
2 11 18 22 0
11 2 18 22 0
2 11 22 18 0
11 2 22 18 0
2 11 19 21 0
11 2 19 21 0
2 11 21 19 0
11 2 21 19 0
2 11 20 20 1
11 2 20 20 1
3 10 10 30 0
10 3 10 30 0
3 10 30 10 0
10 3 30 10 0
3 10 11 29 0
10 3 11 29 0
3 10 29 11 0
10 3 29 11 0
3 10 12 28 0
10 3 12 28 0
3 10 28 12 0
10 3 28 12 0
3 10 13 27 0
10 3 13 27 0
3 10 27 13 0
10 3 27 13 0
3 10 14 26 0
10 3 14 26 0
3 10 26 14 0
10 3 26 14 0
3 10 15 25 0
10 3 15 25 0
3 10 25 15 0
10 3 25 15 0
3 10 16 24 0
10 3 16 24 0
3 10 24 16 0
10 3 24 16 0
3 10 17 23 0
10 3 17 23 0
3 10 23 17 0
10 3 23 17 0
3 10 18 22 0
10 3 18 22 0
3 10 22 18 0
10 3 22 18 0
3 10 19 21 0
10 3 19 21 0
3 10 21 19 0
10 3 21 19 0
3 10 20 20 1
10 3 20 20 1
1 12 6 34 0
12 1 6 34 0
1 12 34 6 0
12 1 34 6 0
1 12 7 33 0
12 1 7 33 0
1 12 33 7 0
12 1 33 7 0
1 12 8 32 0
12 1 8 32 0
1 12 32 8 0
12 1 32 8 0
1 12 9 31 0
12 1 9 31 0
1 12 31 9 0
12 1 31 9 0
2 11 6 34 0
11 2 6 34 0
2 11 34 6 0
11 2 34 6 0
2 11 7 33 0
11 2 7 33 0
2 11 33 7 0
11 2 33 7 0
2 11 8 32 0
11 2 8 32 0
2 11 32 8 0
11 2 32 8 0
2 11 9 31 0
11 2 9 31 0
2 11 31 9 0
11 2 31 9 0
3 10 6 34 0
10 3 6 34 0
3 10 34 6 0
10 3 34 6 0
3 10 7 33 0
10 3 7 33 0
3 10 33 7 0
10 3 33 7 0
3 10 8 32 0
10 3 8 32 0
3 10 32 8 0
10 3 32 8 0
3 10 9 31 0
10 3 9 31 0
3 10 31 9 0
10 3 31 9 0
4 9 6 34 0
9 4 6 34 0
4 9 34 6 0
9 4 34 6 0
4 9 7 33 0
9 4 7 33 0
4 9 33 7 0
9 4 33 7 0
4 9 8 32 0
9 4 8 32 0
4 9 32 8 0
9 4 32 8 0
4 9 9 31 0
9 4 9 31 0
4 9 31 9 0
9 4 31 9 0
4 9 10 30 0
9 4 10 30 0
4 9 30 10 0
9 4 30 10 0
4 9 11 29 0
9 4 11 29 0
4 9 29 11 0
9 4 29 11 0
4 9 12 28 0
9 4 12 28 0
4 9 28 12 0
9 4 28 12 0
4 9 13 27 0
9 4 13 27 0
4 9 27 13 0
9 4 27 13 0
4 9 14 26 0
9 4 14 26 0
4 9 26 14 0
9 4 26 14 0
4 9 15 25 0
9 4 15 25 0
4 9 25 15 0
9 4 25 15 0
4 9 16 24 0
9 4 16 24 0
4 9 24 16 0
9 4 24 16 0
4 9 17 23 0
9 4 17 23 0
4 9 23 17 0
9 4 23 17 0
4 9 18 22 0
9 4 18 22 0
4 9 22 18 0
9 4 22 18 0
4 9 19 21 0
9 4 19 21 0
4 9 21 19 0
9 4 21 19 0
4 9 20 20 1
9 4 20 20 1
5 8 6 34 0
8 5 6 34 0
5 8 34 6 0
8 5 34 6 0
5 8 7 33 0
8 5 7 33 0
5 8 33 7 0
8 5 33 7 0
5 8 8 32 0
8 5 8 32 0
5 8 32 8 0
8 5 32 8 0
5 8 9 31 0
8 5 9 31 0
5 8 31 9 0
8 5 31 9 0
5 8 10 30 0
8 5 10 30 0
5 8 30 10 0
8 5 30 10 0
5 8 11 29 0
8 5 11 29 0
5 8 29 11 0
8 5 29 11 0
5 8 12 28 0
8 5 12 28 0
5 8 28 12 0
8 5 28 12 0
5 8 13 27 0
8 5 13 27 0
5 8 27 13 0
8 5 27 13 0
5 8 14 26 0
8 5 14 26 0
5 8 26 14 0
8 5 26 14 0
5 8 15 25 0
8 5 15 25 0
5 8 25 15 0
8 5 25 15 0
5 8 16 24 0
8 5 16 24 0
5 8 24 16 0
8 5 24 16 0
5 8 17 23 0
8 5 17 23 0
5 8 23 17 0
8 5 23 17 0
5 8 18 22 0
8 5 18 22 0
5 8 22 18 0
8 5 22 18 0
5 8 19 21 0
8 5 19 21 0
5 8 21 19 0
8 5 21 19 0
5 8 20 20 1
8 5 20 20 1
2 11 4 36 0
11 2 4 36 0
2 11 36 4 0
11 2 36 4 0
2 11 5 35 0
11 2 5 35 0
2 11 35 5 0
11 2 35 5 0
3 10 4 36 0
10 3 4 36 0
3 10 36 4 0
10 3 36 4 0
3 10 5 35 0
10 3 5 35 0
3 10 35 5 0
10 3 35 5 0
4 9 4 36 0
9 4 4 36 0
4 9 36 4 0
9 4 36 4 0
4 9 5 35 0
9 4 5 35 0
4 9 35 5 0
9 4 35 5 0
5 8 4 36 0
8 5 4 36 0
5 8 36 4 0
8 5 36 4 0
5 8 5 35 0
8 5 5 35 0
5 8 35 5 0
8 5 35 5 0
3 10 3 37 0
10 3 3 37 0
3 10 37 3 0
10 3 37 3 0
4 9 3 37 0
9 4 3 37 0
4 9 37 3 0
9 4 37 3 0
5 8 3 37 0
8 5 3 37 0
5 8 37 3 0
8 5 37 3 0
6 7 3 37 0
7 6 3 37 0
6 7 37 3 0
7 6 37 3 0
6 7 4 36 0
7 6 4 36 0
6 7 36 4 0
7 6 36 4 0
6 7 5 35 0
7 6 5 35 0
6 7 35 5 0
7 6 35 5 0
6 7 6 34 0
7 6 6 34 0
6 7 34 6 0
7 6 34 6 0
6 7 7 33 0
7 6 7 33 0
6 7 33 7 0
7 6 33 7 0
6 7 8 32 0
7 6 8 32 0
6 7 32 8 0
7 6 32 8 0
6 7 9 31 0
7 6 9 31 0
6 7 31 9 0
7 6 31 9 0
6 7 10 30 0
7 6 10 30 0
6 7 30 10 0
7 6 30 10 0
6 7 11 29 0
7 6 11 29 0
6 7 29 11 0
7 6 29 11 0
6 7 12 28 0
7 6 12 28 0
6 7 28 12 0
7 6 28 12 0
6 7 13 27 0
7 6 13 27 0
6 7 27 13 0
7 6 27 13 0
6 7 14 26 0
7 6 14 26 0
6 7 26 14 0
7 6 26 14 0
6 7 15 25 0
7 6 15 25 0
6 7 25 15 0
7 6 25 15 0
6 7 16 24 0
7 6 16 24 0
6 7 24 16 0
7 6 24 16 0
6 7 17 23 0
7 6 17 23 0
6 7 23 17 0
7 6 23 17 0
6 7 18 22 0
7 6 18 22 0
6 7 22 18 0
7 6 22 18 0
6 7 19 21 0
7 6 19 21 0
6 7 21 19 0
7 6 21 19 0
6 7 20 20 1
7 6 20 20 1
4 9 2 38 0
9 4 2 38 0
4 9 38 2 0
9 4 38 2 0
5 8 2 38 0
8 5 2 38 0
5 8 38 2 0
8 5 38 2 0
6 7 2 38 0
7 6 2 38 0
6 7 38 2 0
7 6 38 2 0
