0 11 10 24 0
11 0 10 24 0
0 11 24 10 0
11 0 24 10 0
0 11 11 23 0
11 0 11 23 0
0 11 23 11 0
11 0 23 11 0
0 11 12 22 0
11 0 12 22 0
0 11 22 12 0
11 0 22 12 0
0 11 13 21 0
11 0 13 21 0
0 11 21 13 0
11 0 21 13 0
0 11 14 20 0
11 0 14 20 0
0 11 20 14 0
11 0 20 14 0
1 10 10 24 1
10 1 10 24 1
1 10 24 10 1
10 1 24 10 1
1 10 11 23 2
10 1 11 23 2
1 10 23 11 2
10 1 23 11 2
1 10 12 22 4
10 1 12 22 4
1 10 22 12 4
10 1 22 12 4
1 10 13 21 6
10 1 13 21 6
1 10 21 13 6
10 1 21 13 6
1 10 14 20 9
10 1 14 20 9
1 10 20 14 9
10 1 20 14 9
0 11 15 19 0
11 0 15 19 0
0 11 19 15 0
11 0 19 15 0
1 10 15 19 11
10 1 15 19 11
1 10 19 15 11
10 1 19 15 11
0 11 16 18 0
11 0 16 18 0
0 11 18 16 0
11 0 18 16 0
1 10 16 18 13
10 1 16 18 13
1 10 18 16 13
10 1 18 16 13
1 10 6 28 0
10 1 6 28 0
1 10 28 6 0
10 1 28 6 0
1 10 7 27 0
10 1 7 27 0
1 10 27 7 0
10 1 27 7 0
1 10 8 26 0
10 1 8 26 0
1 10 26 8 0
10 1 26 8 0
1 10 9 25 0
10 1 9 25 0
1 10 25 9 0
10 1 25 9 0
2 9 6 28 0
9 2 6 28 0
2 9 28 6 0
9 2 28 6 0
2 9 7 27 1
9 2 7 27 1
2 9 27 7 1
9 2 27 7 1
2 9 8 26 3
9 2 8 26 3
2 9 26 8 3
9 2 26 8 3
2 9 9 25 7
9 2 9 25 7
2 9 25 9 7
9 2 25 9 7
2 9 10 24 15
9 2 10 24 15
2 9 24 10 15
9 2 24 10 15
2 9 11 23 26
9 2 11 23 26
2 9 23 11 26
9 2 23 11 26
2 9 12 22 41
9 2 12 22 41
2 9 22 12 41
9 2 22 12 41
2 9 13 21 58
9 2 13 21 58
2 9 21 13 58
9 2 21 13 58
2 9 14 20 76
9 2 14 20 76
2 9 20 14 76
9 2 20 14 76
2 9 15 19 91
9 2 15 19 91
2 9 19 15 91
9 2 19 15 91
2 9 16 18 102
9 2 16 18 102
2 9 18 16 102
9 2 18 16 102
3 8 6 28 1
8 3 6 28 1
3 8 28 6 1
8 3 28 6 1
3 8 7 27 5
8 3 7 27 5
3 8 27 7 5
8 3 27 7 5
3 8 8 26 14
8 3 8 26 14
3 8 26 8 14
8 3 26 8 14
3 8 9 25 30
8 3 9 25 30
3 8 25 9 30
8 3 25 9 30
3 8 10 24 58
8 3 10 24 58
3 8 24 10 58
8 3 24 10 58
3 8 11 23 96
8 3 11 23 96
3 8 23 11 96
8 3 23 11 96
3 8 12 22 146
8 3 12 22 146
3 8 22 12 146
8 3 22 12 146
3 8 13 21 201
8 3 13 21 201
3 8 21 13 201
8 3 21 13 201
3 8 14 20 258
8 3 14 20 258
3 8 20 14 258
8 3 20 14 258
3 8 15 19 305
8 3 15 19 305
3 8 19 15 305
8 3 19 15 305
3 8 16 18 339
8 3 16 18 339
3 8 18 16 339
8 3 18 16 339
0 11 17 17 0
11 0 17 17 0
1 10 17 17 13
10 1 17 17 13
2 9 17 17 105
9 2 17 17 105
3 8 17 17 349
8 3 17 17 349
2 9 4 30 0
9 2 4 30 0
2 9 30 4 0
9 2 30 4 0
2 9 5 29 0
9 2 5 29 0
2 9 29 5 0
9 2 29 5 0
3 8 4 30 0
8 3 4 30 0
3 8 30 4 0
8 3 30 4 0
3 8 5 29 0
8 3 5 29 0
3 8 29 5 0
8 3 29 5 0
3 8 3 31 0
8 3 3 31 0
3 8 31 3 0
8 3 31 3 0
4 7 3 31 0
7 4 3 31 0
4 7 31 3 0
7 4 31 3 0
4 7 4 30 0
7 4 4 30 0
4 7 30 4 0
7 4 30 4 0
4 7 5 29 1
7 4 5 29 1
4 7 29 5 1
7 4 29 5 1
4 7 6 28 5
7 4 6 28 5
4 7 28 6 5
7 4 28 6 5
4 7 7 27 16
7 4 7 27 16
4 7 27 7 16
7 4 27 7 16
4 7 8 26 38
7 4 8 26 38
4 7 26 8 38
7 4 26 8 38
4 7 9 25 76
7 4 9 25 76
4 7 25 9 76
7 4 25 9 76
4 7 10 24 137
7 4 10 24 137
4 7 24 10 137
7 4 24 10 137
4 7 11 23 219
7 4 11 23 219
4 7 23 11 219
7 4 23 11 219
4 7 12 22 322
7 4 12 22 322
4 7 22 12 322
7 4 22 12 322
4 7 13 21 435
7 4 13 21 435
4 7 21 13 435
7 4 21 13 435
4 7 14 20 549
7 4 14 20 549
4 7 20 14 549
7 4 20 14 549
4 7 15 19 644
7 4 15 19 644
4 7 19 15 644
7 4 19 15 644
4 7 16 18 710
7 4 16 18 710
4 7 18 16 710
7 4 18 16 710
4 7 17 17 731
7 4 17 17 731
5 6 4 30 0
6 5 4 30 0
5 6 30 4 0
6 5 30 4 0
5 6 5 29 2
6 5 5 29 2
5 6 29 5 2
6 5 29 5 2
5 6 6 28 9
6 5 6 28 9
5 6 28 6 9
6 5 28 6 9
5 6 7 27 26
6 5 7 27 26
5 6 27 7 26
6 5 27 7 26
5 6 8 26 59
6 5 8 26 59
5 6 26 8 59
6 5 26 8 59
5 6 9 25 115
6 5 9 25 115
5 6 25 9 115
6 5 25 9 115
5 6 10 24 203
6 5 10 24 203
5 6 24 10 203
6 5 24 10 203
5 6 11 23 320
6 5 11 23 320
5 6 23 11 320
6 5 23 11 320
5 6 12 22 465
6 5 12 22 465
5 6 22 12 465
6 5 22 12 465
5 6 13 21 623
6 5 13 21 623
5 6 21 13 623
6 5 21 13 623
5 6 14 20 782
6 5 14 20 782
5 6 20 14 782
6 5 20 14 782
5 6 15 19 914
6 5 15 19 914
5 6 19 15 914
6 5 19 15 914
5 6 16 18 1005
6 5 16 18 1005
5 6 18 16 1005
6 5 18 16 1005
5 6 17 17 1034
6 5 17 17 1034
4 7 2 32 0
7 4 2 32 0
4 7 32 2 0
7 4 32 2 0
5 6 2 32 0
6 5 2 32 0
5 6 32 2 0
6 5 32 2 0
5 6 3 31 0
6 5 3 31 0
5 6 31 3 0
6 5 31 3 0
