0 11 6 28 0
11 0 6 28 0
0 11 28 6 0
11 0 28 6 0
0 11 7 27 0
11 0 7 27 0
0 11 27 7 0
11 0 27 7 0
0 11 8 26 0
11 0 8 26 0
0 11 26 8 0
11 0 26 8 0
0 11 9 25 0
11 0 9 25 0
0 11 25 9 0
11 0 25 9 0
0 11 10 24 0
11 0 10 24 0
0 11 24 10 0
11 0 24 10 0
0 11 11 23 0
11 0 11 23 0
0 11 23 11 0
11 0 23 11 0
0 11 12 22 0
11 0 12 22 0
0 11 22 12 0
11 0 22 12 0
0 11 13 21 0
11 0 13 21 0
0 11 21 13 0
11 0 21 13 0
0 11 14 20 0
11 0 14 20 0
0 11 20 14 0
11 0 20 14 0
0 11 15 19 0
11 0 15 19 0
0 11 19 15 0
11 0 19 15 0
0 11 16 18 0
11 0 16 18 0
0 11 18 16 0
11 0 18 16 0
1 10 6 28 0
10 1 6 28 0
1 10 28 6 0
10 1 28 6 0
1 10 7 27 0
10 1 7 27 0
1 10 27 7 0
10 1 27 7 0
1 10 8 26 0
10 1 8 26 0
1 10 26 8 0
10 1 26 8 0
1 10 9 25 0
10 1 9 25 0
1 10 25 9 0
10 1 25 9 0
1 10 10 24 0
10 1 10 24 0
1 10 24 10 0
10 1 24 10 0
1 10 11 23 0
10 1 11 23 0
1 10 23 11 0
10 1 23 11 0
1 10 12 22 0
10 1 12 22 0
1 10 22 12 0
10 1 22 12 0
1 10 13 21 0
10 1 13 21 0
1 10 21 13 0
10 1 21 13 0
1 10 14 20 0
10 1 14 20 0
1 10 20 14 0
10 1 20 14 0
1 10 15 19 0
10 1 15 19 0
1 10 19 15 0
10 1 19 15 0
1 10 16 18 0
10 1 16 18 0
1 10 18 16 0
10 1 18 16 0
2 9 6 28 0
9 2 6 28 0
2 9 28 6 0
9 2 28 6 0
2 9 7 27 0
9 2 7 27 0
2 9 27 7 0
9 2 27 7 0
2 9 8 26 0
9 2 8 26 0
2 9 26 8 0
9 2 26 8 0
2 9 9 25 0
9 2 9 25 0
2 9 25 9 0
9 2 25 9 0
2 9 10 24 0
9 2 10 24 0
2 9 24 10 0
9 2 24 10 0
2 9 11 23 0
9 2 11 23 0
2 9 23 11 0
9 2 23 11 0
2 9 12 22 0
9 2 12 22 0
2 9 22 12 0
9 2 22 12 0
2 9 13 21 0
9 2 13 21 0
2 9 21 13 0
9 2 21 13 0
2 9 14 20 0
9 2 14 20 0
2 9 20 14 0
9 2 20 14 0
2 9 15 19 0
9 2 15 19 0
2 9 19 15 0
9 2 19 15 0
2 9 16 18 0
9 2 16 18 0
2 9 18 16 0
9 2 18 16 0
3 8 6 28 0
8 3 6 28 0
3 8 28 6 0
8 3 28 6 0
3 8 7 27 0
8 3 7 27 0
3 8 27 7 0
8 3 27 7 0
3 8 8 26 0
8 3 8 26 0
3 8 26 8 0
8 3 26 8 0
3 8 9 25 0
8 3 9 25 0
3 8 25 9 0
8 3 25 9 0
3 8 10 24 0
8 3 10 24 0
3 8 24 10 0
8 3 24 10 0
3 8 11 23 0
8 3 11 23 0
3 8 23 11 0
8 3 23 11 0
3 8 12 22 0
8 3 12 22 0
3 8 22 12 0
8 3 22 12 0
3 8 13 21 0
8 3 13 21 0
3 8 21 13 0
8 3 21 13 0
3 8 14 20 0
8 3 14 20 0
3 8 20 14 0
8 3 20 14 0
3 8 15 19 0
8 3 15 19 0
3 8 19 15 0
8 3 19 15 0
3 8 16 18 0
8 3 16 18 0
3 8 18 16 0
8 3 18 16 0
0 11 17 17 0
11 0 17 17 0
1 10 17 17 0
10 1 17 17 0
2 9 17 17 0
9 2 17 17 0
3 8 17 17 0
8 3 17 17 0
1 10 3 31 0
10 1 3 31 0
1 10 31 3 0
10 1 31 3 0
1 10 4 30 0
10 1 4 30 0
1 10 30 4 0
10 1 30 4 0
1 10 5 29 0
10 1 5 29 0
1 10 29 5 0
10 1 29 5 0
2 9 3 31 0
9 2 3 31 0
2 9 31 3 0
9 2 31 3 0
2 9 4 30 0
9 2 4 30 0
2 9 30 4 0
9 2 30 4 0
2 9 5 29 0
9 2 5 29 0
2 9 29 5 0
9 2 29 5 0
3 8 3 31 0
8 3 3 31 0
3 8 31 3 0
8 3 31 3 0
3 8 4 30 0
8 3 4 30 0
3 8 30 4 0
8 3 30 4 0
3 8 5 29 0
8 3 5 29 0
3 8 29 5 0
8 3 29 5 0
4 7 3 31 0
7 4 3 31 0
4 7 31 3 0
7 4 31 3 0
4 7 4 30 0
7 4 4 30 0
4 7 30 4 0
7 4 30 4 0
4 7 5 29 0
7 4 5 29 0
4 7 29 5 0
7 4 29 5 0
4 7 6 28 0
7 4 6 28 0
4 7 28 6 0
7 4 28 6 0
4 7 7 27 0
7 4 7 27 0
4 7 27 7 0
7 4 27 7 0
4 7 8 26 0
7 4 8 26 0
4 7 26 8 0
7 4 26 8 0
4 7 9 25 0
7 4 9 25 0
4 7 25 9 0
7 4 25 9 0
4 7 10 24 0
7 4 10 24 0
4 7 24 10 0
7 4 24 10 0
4 7 11 23 0
7 4 11 23 0
4 7 23 11 0
7 4 23 11 0
4 7 12 22 0
7 4 12 22 0
4 7 22 12 0
7 4 22 12 0
4 7 13 21 0
7 4 13 21 0
4 7 21 13 0
7 4 21 13 0
4 7 14 20 0
7 4 14 20 0
4 7 20 14 0
7 4 20 14 0
4 7 15 19 0
7 4 15 19 0
4 7 19 15 0
7 4 19 15 0
4 7 16 18 0
7 4 16 18 0
4 7 18 16 0
7 4 18 16 0
4 7 17 17 0
7 4 17 17 0
5 6 3 31 0
6 5 3 31 0
5 6 31 3 0
6 5 31 3 0
5 6 4 30 0
6 5 4 30 0
5 6 30 4 0
6 5 30 4 0
5 6 5 29 0
6 5 5 29 0
5 6 29 5 0
6 5 29 5 0
5 6 6 28 0
6 5 6 28 0
5 6 28 6 0
6 5 28 6 0
5 6 7 27 0
6 5 7 27 0
5 6 27 7 0
6 5 27 7 0
5 6 8 26 0
6 5 8 26 0
5 6 26 8 0
6 5 26 8 0
5 6 9 25 0
6 5 9 25 0
5 6 25 9 0
6 5 25 9 0
5 6 10 24 0
6 5 10 24 0
5 6 24 10 0
6 5 24 10 0
5 6 11 23 0
6 5 11 23 0
5 6 23 11 0
6 5 23 11 0
5 6 12 22 0
6 5 12 22 0
5 6 22 12 0
6 5 22 12 0
5 6 13 21 0
6 5 13 21 0
5 6 21 13 0
6 5 21 13 0
5 6 14 20 0
6 5 14 20 0
5 6 20 14 0
6 5 20 14 0
5 6 15 19 0
6 5 15 19 0
5 6 19 15 0
6 5 19 15 0
5 6 16 18 0
6 5 16 18 0
5 6 18 16 0
6 5 18 16 0
5 6 17 17 0
6 5 17 17 0
2 9 2 32 0
9 2 2 32 0
2 9 32 2 0
9 2 32 2 0
3 8 2 32 0
8 3 2 32 0
3 8 32 2 0
8 3 32 2 0
4 7 2 32 0
7 4 2 32 0
4 7 32 2 0
7 4 32 2 0
5 6 2 32 0
6 5 2 32 0
5 6 32 2 0
6 5 32 2 0
3 8 1 33 0
8 3 1 33 0
3 8 33 1 0
8 3 33 1 0
4 7 1 33 0
7 4 1 33 0
4 7 33 1 0
7 4 33 1 0
5 6 1 33 0
6 5 1 33 0
5 6 33 1 0
6 5 33 1 0
