7 24 42 52 0
24 7 42 52 0
7 24 52 42 0
24 7 52 42 0
7 24 43 51 0
24 7 43 51 0
7 24 51 43 0
24 7 51 43 0
7 24 44 50 0
24 7 44 50 0
7 24 50 44 0
24 7 50 44 0
7 24 45 49 0
24 7 45 49 0
7 24 49 45 0
24 7 49 45 0
7 24 46 48 0
24 7 46 48 0
7 24 48 46 0
24 7 48 46 0
7 24 47 47 0
24 7 47 47 0
8 23 42 52 0
23 8 42 52 0
8 23 52 42 0
23 8 52 42 0
8 23 43 51 0
23 8 43 51 0
8 23 51 43 0
23 8 51 43 0
8 23 44 50 0
23 8 44 50 0
8 23 50 44 0
23 8 50 44 0
8 23 45 49 0
23 8 45 49 0
8 23 49 45 0
23 8 49 45 0
8 23 46 48 0
23 8 46 48 0
8 23 48 46 0
23 8 48 46 0
8 23 47 47 0
23 8 47 47 0
9 22 42 52 0
22 9 42 52 0
9 22 52 42 0
22 9 52 42 0
9 22 43 51 0
22 9 43 51 0
9 22 51 43 0
22 9 51 43 0
9 22 44 50 0
22 9 44 50 0
9 22 50 44 0
22 9 50 44 0
9 22 45 49 0
22 9 45 49 0
9 22 49 45 0
22 9 49 45 0
9 22 46 48 0
22 9 46 48 0
9 22 48 46 0
22 9 48 46 0
9 22 47 47 0
22 9 47 47 0
10 21 42 52 0
21 10 42 52 0
10 21 52 42 0
21 10 52 42 0
10 21 43 51 0
21 10 43 51 0
10 21 51 43 0
21 10 51 43 0
10 21 44 50 0
21 10 44 50 0
10 21 50 44 0
21 10 50 44 0
10 21 45 49 0
21 10 45 49 0
10 21 49 45 0
21 10 49 45 0
10 21 46 48 0
21 10 46 48 0
10 21 48 46 0
21 10 48 46 0
10 21 47 47 0
21 10 47 47 0
8 23 36 58 0
23 8 36 58 0
8 23 58 36 0
23 8 58 36 0
8 23 37 57 0
23 8 37 57 0
8 23 57 37 0
23 8 57 37 0
8 23 38 56 0
23 8 38 56 0
8 23 56 38 0
23 8 56 38 0
8 23 39 55 0
23 8 39 55 0
8 23 55 39 0
23 8 55 39 0
8 23 40 54 0
23 8 40 54 0
8 23 54 40 0
23 8 54 40 0
8 23 41 53 0
23 8 41 53 0
8 23 53 41 0
23 8 53 41 0
9 22 36 58 0
22 9 36 58 0
9 22 58 36 0
22 9 58 36 0
9 22 37 57 0
22 9 37 57 0
9 22 57 37 0
22 9 57 37 0
9 22 38 56 0
22 9 38 56 0
9 22 56 38 0
22 9 56 38 0
9 22 39 55 0
22 9 39 55 0
9 22 55 39 0
22 9 55 39 0
9 22 40 54 0
22 9 40 54 0
9 22 54 40 0
22 9 54 40 0
9 22 41 53 0
22 9 41 53 0
9 22 53 41 0
22 9 53 41 0
10 21 36 58 0
21 10 36 58 0
10 21 58 36 0
21 10 58 36 0
10 21 37 57 0
21 10 37 57 0
10 21 57 37 0
21 10 57 37 0
10 21 38 56 0
21 10 38 56 0
10 21 56 38 0
21 10 56 38 0
10 21 39 55 0
21 10 39 55 0
10 21 55 39 0
21 10 55 39 0
10 21 40 54 0
21 10 40 54 0
10 21 54 40 0
21 10 54 40 0
10 21 41 53 0
21 10 41 53 0
10 21 53 41 0
21 10 53 41 0
11 20 36 58 0
20 11 36 58 0
11 20 58 36 0
20 11 58 36 0
11 20 37 57 0
20 11 37 57 0
11 20 57 37 0
20 11 57 37 0
11 20 38 56 0
20 11 38 56 0
11 20 56 38 0
20 11 56 38 0
11 20 39 55 0
20 11 39 55 0
11 20 55 39 0
20 11 55 39 0
11 20 40 54 0
20 11 40 54 0
11 20 54 40 0
20 11 54 40 0
11 20 41 53 0
20 11 41 53 0
11 20 53 41 0
20 11 53 41 0
11 20 42 52 1
20 11 42 52 1
11 20 52 42 1
20 11 52 42 1
11 20 43 51 2
20 11 43 51 2
11 20 51 43 2
20 11 51 43 2
11 20 44 50 4
20 11 44 50 4
11 20 50 44 4
20 11 50 44 4
11 20 45 49 5
20 11 45 49 5
11 20 49 45 5
20 11 49 45 5
11 20 46 48 7
20 11 46 48 7
11 20 48 46 7
20 11 48 46 7
11 20 47 47 7
20 11 47 47 7
9 22 32 62 0
22 9 32 62 0
9 22 62 32 0
22 9 62 32 0
9 22 33 61 0
22 9 33 61 0
9 22 61 33 0
22 9 61 33 0
9 22 34 60 0
22 9 34 60 0
9 22 60 34 0
22 9 60 34 0
9 22 35 59 0
22 9 35 59 0
9 22 59 35 0
22 9 59 35 0
10 21 32 62 0
21 10 32 62 0
10 21 62 32 0
21 10 62 32 0
10 21 33 61 0
21 10 33 61 0
10 21 61 33 0
21 10 61 33 0
10 21 34 60 0
21 10 34 60 0
10 21 60 34 0
21 10 60 34 0
10 21 35 59 0
21 10 35 59 0
10 21 59 35 0
21 10 59 35 0
11 20 32 62 0
20 11 32 62 0
11 20 62 32 0
20 11 62 32 0
11 20 33 61 0
20 11 33 61 0
11 20 61 33 0
20 11 61 33 0
11 20 34 60 0
20 11 34 60 0
11 20 60 34 0
20 11 60 34 0
11 20 35 59 0
20 11 35 59 0
11 20 59 35 0
20 11 59 35 0
12 19 32 62 0
19 12 32 62 0
12 19 62 32 0
19 12 62 32 0
12 19 33 61 0
19 12 33 61 0
12 19 61 33 0
19 12 61 33 0
12 19 34 60 0
19 12 34 60 0
12 19 60 34 0
19 12 60 34 0
12 19 35 59 0
19 12 35 59 0
12 19 59 35 0
19 12 59 35 0
12 19 36 58 0
19 12 36 58 0
12 19 58 36 0
19 12 58 36 0
12 19 37 57 0
19 12 37 57 0
12 19 57 37 0
19 12 57 37 0
12 19 38 56 1
19 12 38 56 1
12 19 56 38 1
19 12 56 38 1
12 19 39 55 3
19 12 39 55 3
12 19 55 39 3
19 12 55 39 3
12 19 40 54 7
19 12 40 54 7
12 19 54 40 7
19 12 54 40 7
12 19 41 53 14
19 12 41 53 14
12 19 53 41 14
19 12 53 41 14
12 19 42 52 24
19 12 42 52 24
12 19 52 42 24
19 12 52 42 24
12 19 43 51 36
19 12 43 51 36
12 19 51 43 36
19 12 51 43 36
12 19 44 50 50
19 12 44 50 50
12 19 50 44 50
19 12 50 44 50
12 19 45 49 61
19 12 45 49 61
12 19 49 45 61
19 12 49 45 61
12 19 46 48 70
19 12 46 48 70
12 19 48 46 70
19 12 48 46 70
12 19 47 47 73
19 12 47 47 73
10 21 30 64 0
21 10 30 64 0
10 21 64 30 0
21 10 64 30 0
10 21 31 63 0
21 10 31 63 0
10 21 63 31 0
21 10 63 31 0
11 20 30 64 0
20 11 30 64 0
11 20 64 30 0
20 11 64 30 0
11 20 31 63 0
20 11 31 63 0
11 20 63 31 0
20 11 63 31 0
12 19 30 64 0
19 12 30 64 0
12 19 64 30 0
19 12 64 30 0
12 19 31 63 0
19 12 31 63 0
12 19 63 31 0
19 12 63 31 0
13 18 30 64 0
18 13 30 64 0
13 18 64 30 0
18 13 64 30 0
13 18 31 63 0
18 13 31 63 0
13 18 63 31 0
18 13 63 31 0
13 18 32 62 0
18 13 32 62 0
13 18 62 32 0
18 13 62 32 0
13 18 33 61 0
18 13 33 61 0
13 18 61 33 0
18 13 61 33 0
13 18 34 60 0
18 13 34 60 0
13 18 60 34 0
18 13 60 34 0
13 18 35 59 0
18 13 35 59 0
13 18 59 35 0
18 13 59 35 0
13 18 36 58 1
18 13 36 58 1
13 18 58 36 1
18 13 58 36 1
13 18 37 57 3
18 13 37 57 3
13 18 57 37 3
18 13 57 37 3
13 18 38 56 9
18 13 38 56 9
13 18 56 38 9
18 13 56 38 9
13 18 39 55 20
18 13 39 55 20
13 18 55 39 20
18 13 55 39 20
13 18 40 54 40
18 13 40 54 40
13 18 54 40 40
18 13 54 40 40
13 18 41 53 69
18 13 41 53 69
13 18 53 41 69
18 13 53 41 69
13 18 42 52 108
18 13 42 52 108
13 18 52 42 108
18 13 52 42 108
13 18 43 51 152
18 13 43 51 152
13 18 51 43 152
18 13 51 43 152
13 18 44 50 200
18 13 44 50 200
13 18 50 44 200
18 13 50 44 200
13 18 45 49 239
18 13 45 49 239
13 18 49 45 239
18 13 49 45 239
13 18 46 48 268
18 13 46 48 268
13 18 48 46 268
18 13 48 46 268
13 18 47 47 277
18 13 47 47 277
14 17 30 64 0
17 14 30 64 0
14 17 64 30 0
17 14 64 30 0
14 17 31 63 0
17 14 31 63 0
14 17 63 31 0
17 14 63 31 0
14 17 32 62 0
17 14 32 62 0
14 17 62 32 0
17 14 62 32 0
14 17 33 61 0
17 14 33 61 0
14 17 61 33 0
17 14 61 33 0
14 17 34 60 0
17 14 34 60 0
14 17 60 34 0
17 14 60 34 0
14 17 35 59 0
17 14 35 59 0
14 17 59 35 0
17 14 59 35 0
14 17 36 58 3
17 14 36 58 3
14 17 58 36 3
17 14 58 36 3
14 17 37 57 10
17 14 37 57 10
14 17 57 37 10
17 14 57 37 10
14 17 38 56 26
17 14 38 56 26
14 17 56 38 26
17 14 56 38 26
14 17 39 55 55
17 14 39 55 55
14 17 55 39 55
17 14 55 39 55
14 17 40 54 103
17 14 40 54 103
14 17 54 40 103
17 14 54 40 103
14 17 41 53 170
17 14 41 53 170
14 17 53 41 170
17 14 53 41 170
14 17 42 52 256
17 14 42 52 256
14 17 52 42 256
17 14 52 42 256
14 17 43 51 352
17 14 43 51 352
14 17 51 43 352
17 14 51 43 352
14 17 44 50 451
17 14 44 50 451
14 17 50 44 451
17 14 50 44 451
14 17 45 49 534
17 14 45 49 534
14 17 49 45 534
17 14 49 45 534
14 17 46 48 592
17 14 46 48 592
14 17 48 46 592
17 14 48 46 592
14 17 47 47 611
17 14 47 47 611
15 16 32 62 0
16 15 32 62 0
15 16 62 32 0
16 15 62 32 0
15 16 33 61 0
16 15 33 61 0
15 16 61 33 0
16 15 61 33 0
15 16 34 60 0
16 15 34 60 0
15 16 60 34 0
16 15 60 34 0
15 16 35 59 1
16 15 35 59 1
15 16 59 35 1
16 15 59 35 1
15 16 36 58 6
16 15 36 58 6
15 16 58 36 6
16 15 58 36 6
15 16 37 57 18
16 15 37 57 18
15 16 57 37 18
16 15 57 37 18
15 16 38 56 44
16 15 38 56 44
15 16 56 38 44
16 15 56 38 44
15 16 39 55 89
16 15 39 55 89
15 16 55 39 89
16 15 55 39 89
15 16 40 54 161
16 15 40 54 161
15 16 54 40 161
16 15 54 40 161
15 16 41 53 260
16 15 41 53 260
15 16 53 41 260
16 15 53 41 260
15 16 42 52 385
16 15 42 52 385
15 16 52 42 385
16 15 52 42 385
15 16 43 51 523
16 15 43 51 523
15 16 51 43 523
16 15 51 43 523
15 16 44 50 664
16 15 44 50 664
15 16 50 44 664
16 15 50 44 664
15 16 45 49 781
16 15 45 49 781
15 16 49 45 781
16 15 49 45 781
15 16 46 48 863
16 15 46 48 863
15 16 48 46 863
16 15 48 46 863
15 16 47 47 890
16 15 47 47 890
11 20 28 66 0
20 11 28 66 0
11 20 66 28 0
20 11 66 28 0
11 20 29 65 0
20 11 29 65 0
11 20 65 29 0
20 11 65 29 0
12 19 28 66 0
19 12 28 66 0
12 19 66 28 0
19 12 66 28 0
12 19 29 65 0
19 12 29 65 0
12 19 65 29 0
19 12 65 29 0
13 18 28 66 0
18 13 28 66 0
13 18 66 28 0
18 13 66 28 0
13 18 29 65 0
18 13 29 65 0
13 18 65 29 0
18 13 65 29 0
14 17 28 66 0
17 14 28 66 0
14 17 66 28 0
17 14 66 28 0
14 17 29 65 0
17 14 29 65 0
14 17 65 29 0
17 14 65 29 0
12 19 27 67 0
19 12 27 67 0
12 19 67 27 0
19 12 67 27 0
13 18 27 67 0
18 13 27 67 0
13 18 67 27 0
18 13 67 27 0
14 17 27 67 0
17 14 27 67 0
14 17 67 27 0
17 14 67 27 0
15 16 27 67 0
16 15 27 67 0
15 16 67 27 0
16 15 67 27 0
15 16 28 66 0
16 15 28 66 0
15 16 66 28 0
16 15 66 28 0
15 16 29 65 0
16 15 29 65 0
15 16 65 29 0
16 15 65 29 0
15 16 30 64 0
16 15 30 64 0
15 16 64 30 0
16 15 64 30 0
15 16 31 63 0
16 15 31 63 0
15 16 63 31 0
16 15 63 31 0
13 18 26 68 0
18 13 26 68 0
13 18 68 26 0
18 13 68 26 0
14 17 26 68 0
17 14 26 68 0
14 17 68 26 0
17 14 68 26 0
15 16 26 68 0
16 15 26 68 0
15 16 68 26 0
16 15 68 26 0
