5 22 31 51 0
22 5 31 51 0
5 22 51 31 0
22 5 51 31 0
5 22 32 50 0
22 5 32 50 0
5 22 50 32 0
22 5 50 32 0
5 22 33 49 0
22 5 33 49 0
5 22 49 33 0
22 5 49 33 0
5 22 34 48 0
22 5 34 48 0
5 22 48 34 0
22 5 48 34 0
5 22 35 47 0
22 5 35 47 0
5 22 47 35 0
22 5 47 35 0
5 22 36 46 0
22 5 36 46 0
5 22 46 36 0
22 5 46 36 0
5 22 37 45 0
22 5 37 45 0
5 22 45 37 0
22 5 45 37 0
5 22 38 44 0
22 5 38 44 0
5 22 44 38 0
22 5 44 38 0
5 22 39 43 0
22 5 39 43 0
5 22 43 39 0
22 5 43 39 0
5 22 40 42 0
22 5 40 42 0
5 22 42 40 0
22 5 42 40 0
5 22 41 41 0
22 5 41 41 0
6 21 31 51 0
21 6 31 51 0
6 21 51 31 0
21 6 51 31 0
6 21 32 50 0
21 6 32 50 0
6 21 50 32 0
21 6 50 32 0
6 21 33 49 0
21 6 33 49 0
6 21 49 33 0
21 6 49 33 0
6 21 34 48 0
21 6 34 48 0
6 21 48 34 0
21 6 48 34 0
6 21 35 47 0
21 6 35 47 0
6 21 47 35 0
21 6 47 35 0
6 21 36 46 0
21 6 36 46 0
6 21 46 36 0
21 6 46 36 0
6 21 37 45 0
21 6 37 45 0
6 21 45 37 0
21 6 45 37 0
6 21 38 44 0
21 6 38 44 0
6 21 44 38 0
21 6 44 38 0
6 21 39 43 0
21 6 39 43 0
6 21 43 39 0
21 6 43 39 0
6 21 40 42 0
21 6 40 42 0
6 21 42 40 0
21 6 42 40 0
6 21 41 41 0
21 6 41 41 0
7 20 31 51 0
20 7 31 51 0
7 20 51 31 0
20 7 51 31 0
7 20 32 50 0
20 7 32 50 0
7 20 50 32 0
20 7 50 32 0
7 20 33 49 0
20 7 33 49 0
7 20 49 33 0
20 7 49 33 0
7 20 34 48 0
20 7 34 48 0
7 20 48 34 0
20 7 48 34 0
7 20 35 47 0
20 7 35 47 0
7 20 47 35 0
20 7 47 35 0
7 20 36 46 0
20 7 36 46 0
7 20 46 36 0
20 7 46 36 0
7 20 37 45 0
20 7 37 45 0
7 20 45 37 0
20 7 45 37 0
7 20 38 44 0
20 7 38 44 0
7 20 44 38 0
20 7 44 38 0
7 20 39 43 0
20 7 39 43 0
7 20 43 39 0
20 7 43 39 0
7 20 40 42 0
20 7 40 42 0
7 20 42 40 0
20 7 42 40 0
7 20 41 41 1
20 7 41 41 1
8 19 31 51 0
19 8 31 51 0
8 19 51 31 0
19 8 51 31 0
8 19 32 50 0
19 8 32 50 0
8 19 50 32 0
19 8 50 32 0
8 19 33 49 0
19 8 33 49 0
8 19 49 33 0
19 8 49 33 0
8 19 34 48 0
19 8 34 48 0
8 19 48 34 0
19 8 48 34 0
8 19 35 47 1
19 8 35 47 1
8 19 47 35 1
19 8 47 35 1
8 19 36 46 3
19 8 36 46 3
8 19 46 36 3
19 8 46 36 3
8 19 37 45 5
19 8 37 45 5
8 19 45 37 5
19 8 45 37 5
8 19 38 44 7
19 8 38 44 7
8 19 44 38 7
19 8 44 38 7
8 19 39 43 9
19 8 39 43 9
8 19 43 39 9
19 8 43 39 9
8 19 40 42 11
19 8 40 42 11
8 19 42 40 11
19 8 42 40 11
8 19 41 41 13
19 8 41 41 13
6 21 27 55 0
21 6 27 55 0
6 21 55 27 0
21 6 55 27 0
6 21 28 54 0
21 6 28 54 0
6 21 54 28 0
21 6 54 28 0
6 21 29 53 0
21 6 29 53 0
6 21 53 29 0
21 6 53 29 0
6 21 30 52 0
21 6 30 52 0
6 21 52 30 0
21 6 52 30 0
7 20 27 55 0
20 7 27 55 0
7 20 55 27 0
20 7 55 27 0
7 20 28 54 0
20 7 28 54 0
7 20 54 28 0
20 7 54 28 0
7 20 29 53 0
20 7 29 53 0
7 20 53 29 0
20 7 53 29 0
7 20 30 52 0
20 7 30 52 0
7 20 52 30 0
20 7 52 30 0
8 19 27 55 0
19 8 27 55 0
8 19 55 27 0
19 8 55 27 0
8 19 28 54 0
19 8 28 54 0
8 19 54 28 0
19 8 54 28 0
8 19 29 53 0
19 8 29 53 0
8 19 53 29 0
19 8 53 29 0
8 19 30 52 0
19 8 30 52 0
8 19 52 30 0
19 8 52 30 0
9 18 27 55 0
18 9 27 55 0
9 18 55 27 0
18 9 55 27 0
9 18 28 54 0
18 9 28 54 0
9 18 54 28 0
18 9 54 28 0
9 18 29 53 0
18 9 29 53 0
9 18 53 29 0
18 9 53 29 0
9 18 30 52 0
18 9 30 52 0
9 18 52 30 0
18 9 52 30 0
9 18 31 51 1
18 9 31 51 1
9 18 51 31 1
18 9 51 31 1
9 18 32 50 3
18 9 32 50 3
9 18 50 32 3
18 9 50 32 3
9 18 33 49 8
18 9 33 49 8
9 18 49 33 8
18 9 49 33 8
9 18 34 48 15
18 9 34 48 15
9 18 48 34 15
18 9 48 34 15
9 18 35 47 28
18 9 35 47 28
9 18 47 35 28
18 9 47 35 28
9 18 36 46 45
18 9 36 46 45
9 18 46 36 45
18 9 46 36 45
9 18 37 45 66
18 9 37 45 66
9 18 45 37 66
18 9 45 37 66
9 18 38 44 85
18 9 38 44 85
9 18 44 38 85
18 9 44 38 85
9 18 39 43 104
18 9 39 43 104
9 18 43 39 104
18 9 43 39 104
9 18 40 42 116
18 9 40 42 116
9 18 42 40 116
18 9 42 40 116
9 18 41 41 123
18 9 41 41 123
7 20 25 57 0
20 7 25 57 0
7 20 57 25 0
20 7 57 25 0
7 20 26 56 0
20 7 26 56 0
7 20 56 26 0
20 7 56 26 0
8 19 25 57 0
19 8 25 57 0
8 19 57 25 0
19 8 57 25 0
8 19 26 56 0
19 8 26 56 0
8 19 56 26 0
19 8 56 26 0
9 18 25 57 0
18 9 25 57 0
9 18 57 25 0
18 9 57 25 0
9 18 26 56 0
18 9 26 56 0
9 18 56 26 0
18 9 56 26 0
10 17 25 57 0
17 10 25 57 0
10 17 57 25 0
17 10 57 25 0
10 17 26 56 0
17 10 26 56 0
10 17 56 26 0
17 10 56 26 0
10 17 27 55 0
17 10 27 55 0
10 17 55 27 0
17 10 55 27 0
10 17 28 54 0
17 10 28 54 0
10 17 54 28 0
17 10 54 28 0
10 17 29 53 1
17 10 29 53 1
10 17 53 29 1
17 10 53 29 1
10 17 30 52 3
17 10 30 52 3
10 17 52 30 3
17 10 52 30 3
10 17 31 51 10
17 10 31 51 10
10 17 51 31 10
17 10 51 31 10
10 17 32 50 25
17 10 32 50 25
10 17 50 32 25
17 10 50 32 25
10 17 33 49 52
17 10 33 49 52
10 17 49 33 52
17 10 49 33 52
10 17 34 48 93
17 10 34 48 93
10 17 48 34 93
17 10 48 34 93
10 17 35 47 153
17 10 35 47 153
10 17 47 35 153
17 10 47 35 153
10 17 36 46 227
17 10 36 46 227
10 17 46 36 227
17 10 46 36 227
10 17 37 45 312
17 10 37 45 312
10 17 45 37 312
17 10 45 37 312
10 17 38 44 395
17 10 38 44 395
10 17 44 38 395
17 10 44 38 395
10 17 39 43 467
17 10 39 43 467
10 17 43 39 467
17 10 43 39 467
10 17 40 42 515
17 10 40 42 515
10 17 42 40 515
17 10 42 40 515
10 17 41 41 535
17 10 41 41 535
11 16 25 57 0
16 11 25 57 0
11 16 57 25 0
16 11 57 25 0
11 16 26 56 0
16 11 26 56 0
11 16 56 26 0
16 11 56 26 0
11 16 27 55 0
16 11 27 55 0
11 16 55 27 0
16 11 55 27 0
11 16 28 54 1
16 11 28 54 1
11 16 54 28 1
16 11 54 28 1
11 16 29 53 6
16 11 29 53 6
11 16 53 29 6
16 11 53 29 6
11 16 30 52 18
16 11 30 52 18
11 16 52 30 18
16 11 52 30 18
11 16 31 51 45
16 11 31 51 45
11 16 51 31 45
16 11 51 31 45
11 16 32 50 96
16 11 32 50 96
11 16 50 32 96
16 11 50 32 96
11 16 33 49 181
16 11 33 49 181
11 16 49 33 181
16 11 49 33 181
11 16 34 48 304
16 11 34 48 304
11 16 48 34 304
16 11 48 34 304
11 16 35 47 472
16 11 35 47 472
11 16 47 35 472
16 11 47 35 472
11 16 36 46 672
16 11 36 46 672
11 16 46 36 672
16 11 46 36 672
11 16 37 45 895
16 11 37 45 895
11 16 45 37 895
16 11 45 37 895
11 16 38 44 1109
16 11 38 44 1109
11 16 44 38 1109
16 11 44 38 1109
11 16 39 43 1293
16 11 39 43 1293
11 16 43 39 1293
16 11 43 39 1293
11 16 40 42 1413
16 11 40 42 1413
11 16 42 40 1413
16 11 42 40 1413
11 16 41 41 1460
16 11 41 41 1460
12 15 27 55 1
15 12 27 55 1
12 15 55 27 1
15 12 55 27 1
12 15 28 54 5
15 12 28 54 5
12 15 54 28 5
15 12 54 28 5
12 15 29 53 18
15 12 29 53 18
12 15 53 29 18
15 12 53 29 18
12 15 30 52 48
15 12 30 52 48
12 15 52 30 48
15 12 52 30 48
12 15 31 51 109
15 12 31 51 109
12 15 51 31 109
15 12 51 31 109
12 15 32 50 216
15 12 32 50 216
12 15 50 32 216
15 12 50 32 216
12 15 33 49 387
15 12 33 49 387
12 15 49 33 387
15 12 49 33 387
12 15 34 48 628
15 12 34 48 628
12 15 48 34 628
15 12 48 34 628
12 15 35 47 945
15 12 35 47 945
12 15 47 35 945
15 12 47 35 945
12 15 36 46 1319
15 12 36 46 1319
12 15 46 36 1319
15 12 46 36 1319
12 15 37 45 1725
15 12 37 45 1725
12 15 45 37 1725
15 12 45 37 1725
12 15 38 44 2113
15 12 38 44 2113
12 15 44 38 2113
15 12 44 38 2113
12 15 39 43 2442
15 12 39 43 2442
12 15 43 39 2442
15 12 43 39 2442
12 15 40 42 2658
15 12 40 42 2658
12 15 42 40 2658
15 12 42 40 2658
12 15 41 41 2738
15 12 41 41 2738
13 14 31 51 165
14 13 31 51 165
13 14 51 31 165
14 13 51 31 165
13 14 32 50 318
14 13 32 50 318
13 14 50 32 318
14 13 50 32 318
13 14 33 49 557
14 13 33 49 557
13 14 49 33 557
14 13 49 33 557
13 14 34 48 889
14 13 34 48 889
13 14 48 34 889
14 13 48 34 889
13 14 35 47 1322
14 13 35 47 1322
13 14 47 35 1322
14 13 47 35 1322
13 14 36 46 1826
14 13 36 46 1826
13 14 46 36 1826
14 13 46 36 1826
13 14 37 45 2370
14 13 37 45 2370
13 14 45 37 2370
14 13 45 37 2370
13 14 38 44 2887
14 13 38 44 2887
13 14 44 38 2887
14 13 44 38 2887
13 14 39 43 3323
14 13 39 43 3323
13 14 43 39 3323
14 13 43 39 3323
13 14 40 42 3609
14 13 40 42 3609
13 14 42 40 3609
14 13 42 40 3609
13 14 41 41 3716
14 13 41 41 3716
8 19 22 60 0
19 8 22 60 0
8 19 60 22 0
19 8 60 22 0
8 19 23 59 0
19 8 23 59 0
8 19 59 23 0
19 8 59 23 0
8 19 24 58 0
19 8 24 58 0
8 19 58 24 0
19 8 58 24 0
9 18 22 60 0
18 9 22 60 0
9 18 60 22 0
18 9 60 22 0
9 18 23 59 0
18 9 23 59 0
9 18 59 23 0
18 9 59 23 0
9 18 24 58 0
18 9 24 58 0
9 18 58 24 0
18 9 58 24 0
10 17 22 60 0
17 10 22 60 0
10 17 60 22 0
17 10 60 22 0
10 17 23 59 0
17 10 23 59 0
10 17 59 23 0
17 10 59 23 0
10 17 24 58 0
17 10 24 58 0
10 17 58 24 0
17 10 58 24 0
11 16 22 60 0
16 11 22 60 0
11 16 60 22 0
16 11 60 22 0
11 16 23 59 0
16 11 23 59 0
11 16 59 23 0
16 11 59 23 0
11 16 24 58 0
16 11 24 58 0
11 16 58 24 0
16 11 58 24 0
9 18 21 61 0
18 9 21 61 0
9 18 61 21 0
18 9 61 21 0
10 17 21 61 0
17 10 21 61 0
10 17 61 21 0
17 10 61 21 0
11 16 21 61 0
16 11 21 61 0
11 16 61 21 0
16 11 61 21 0
12 15 21 61 0
15 12 21 61 0
12 15 61 21 0
15 12 61 21 0
12 15 22 60 0
15 12 22 60 0
12 15 60 22 0
15 12 60 22 0
12 15 23 59 0
15 12 23 59 0
12 15 59 23 0
15 12 59 23 0
12 15 24 58 0
15 12 24 58 0
12 15 58 24 0
15 12 58 24 0
12 15 25 57 0
15 12 25 57 0
12 15 57 25 0
15 12 57 25 0
12 15 26 56 0
15 12 26 56 0
12 15 56 26 0
15 12 56 26 0
13 14 22 60 0
14 13 22 60 0
13 14 60 22 0
14 13 60 22 0
13 14 23 59 0
14 13 23 59 0
13 14 59 23 0
14 13 59 23 0
13 14 24 58 0
14 13 24 58 0
13 14 58 24 0
14 13 58 24 0
13 14 25 57 0
14 13 25 57 0
13 14 57 25 0
14 13 57 25 0
13 14 26 56 0
14 13 26 56 0
13 14 56 26 0
14 13 56 26 0
13 14 27 55 2
14 13 27 55 2
13 14 55 27 2
14 13 55 27 2
13 14 28 54 9
14 13 28 54 9
13 14 54 28 9
14 13 54 28 9
13 14 29 53 30
14 13 29 53 30
13 14 53 29 30
14 13 53 29 30
13 14 30 52 75
14 13 30 52 75
13 14 52 30 75
14 13 52 30 75
10 17 19 63 0
17 10 19 63 0
10 17 63 19 0
17 10 63 19 0
10 17 20 62 0
17 10 20 62 0
10 17 62 20 0
17 10 62 20 0
11 16 19 63 0
16 11 19 63 0
11 16 63 19 0
16 11 63 19 0
11 16 20 62 0
16 11 20 62 0
11 16 62 20 0
16 11 62 20 0
12 15 19 63 0
15 12 19 63 0
12 15 63 19 0
15 12 63 19 0
12 15 20 62 0
15 12 20 62 0
12 15 62 20 0
15 12 62 20 0
13 14 19 63 0
14 13 19 63 0
13 14 63 19 0
14 13 63 19 0
13 14 20 62 0
14 13 20 62 0
13 14 62 20 0
14 13 62 20 0
13 14 21 61 0
14 13 21 61 0
13 14 61 21 0
14 13 61 21 0
12 15 18 64 0
15 12 18 64 0
12 15 64 18 0
15 12 64 18 0
13 14 18 64 0
14 13 18 64 0
13 14 64 18 0
14 13 64 18 0
