3 18 24 40 0
18 3 24 40 0
3 18 40 24 0
18 3 40 24 0
3 18 25 39 0
18 3 25 39 0
3 18 39 25 0
18 3 39 25 0
3 18 26 38 0
18 3 26 38 0
3 18 38 26 0
18 3 38 26 0
3 18 27 37 0
18 3 27 37 0
3 18 37 27 0
18 3 37 27 0
3 18 28 36 0
18 3 28 36 0
3 18 36 28 0
18 3 36 28 0
4 17 24 40 0
17 4 24 40 0
4 17 40 24 0
17 4 40 24 0
4 17 25 39 0
17 4 25 39 0
4 17 39 25 0
17 4 39 25 0
4 17 26 38 0
17 4 26 38 0
4 17 38 26 0
17 4 38 26 0
4 17 27 37 0
17 4 27 37 0
4 17 37 27 0
17 4 37 27 0
4 17 28 36 0
17 4 28 36 0
4 17 36 28 0
17 4 36 28 0
3 18 29 35 0
18 3 29 35 0
3 18 35 29 0
18 3 35 29 0
4 17 29 35 0
17 4 29 35 0
4 17 35 29 0
17 4 35 29 0
3 18 30 34 0
18 3 30 34 0
3 18 34 30 0
18 3 34 30 0
4 17 30 34 0
17 4 30 34 0
4 17 34 30 0
17 4 34 30 0
3 18 31 33 0
18 3 31 33 0
3 18 33 31 0
18 3 33 31 0
4 17 31 33 0
17 4 31 33 0
4 17 33 31 0
17 4 33 31 0
3 18 32 32 0
18 3 32 32 0
4 17 32 32 0
17 4 32 32 0
4 17 22 42 0
17 4 22 42 0
4 17 42 22 0
17 4 42 22 0
4 17 23 41 0
17 4 23 41 0
4 17 41 23 0
17 4 41 23 0
5 16 22 42 0
16 5 22 42 0
5 16 42 22 0
16 5 42 22 0
5 16 23 41 0
16 5 23 41 0
5 16 41 23 0
16 5 41 23 0
5 16 24 40 0
16 5 24 40 0
5 16 40 24 0
16 5 40 24 0
5 16 25 39 0
16 5 25 39 0
5 16 39 25 0
16 5 39 25 0
5 16 26 38 0
16 5 26 38 0
5 16 38 26 0
16 5 38 26 0
5 16 27 37 0
16 5 27 37 0
5 16 37 27 0
16 5 37 27 0
5 16 28 36 0
16 5 28 36 0
5 16 36 28 0
16 5 36 28 0
5 16 29 35 0
16 5 29 35 0
5 16 35 29 0
16 5 35 29 0
5 16 30 34 0
16 5 30 34 0
5 16 34 30 0
16 5 34 30 0
5 16 31 33 0
16 5 31 33 0
5 16 33 31 0
16 5 33 31 0
5 16 32 32 0
16 5 32 32 0
6 15 22 42 0
15 6 22 42 0
6 15 42 22 0
15 6 42 22 0
6 15 23 41 0
15 6 23 41 0
6 15 41 23 0
15 6 41 23 0
6 15 24 40 0
15 6 24 40 0
6 15 40 24 0
15 6 40 24 0
6 15 25 39 0
15 6 25 39 0
6 15 39 25 0
15 6 39 25 0
6 15 26 38 0
15 6 26 38 0
6 15 38 26 0
15 6 38 26 0
6 15 27 37 0
15 6 27 37 0
6 15 37 27 0
15 6 37 27 0
6 15 28 36 0
15 6 28 36 0
6 15 36 28 0
15 6 36 28 0
6 15 29 35 0
15 6 29 35 0
6 15 35 29 0
15 6 35 29 0
6 15 30 34 0
15 6 30 34 0
6 15 34 30 0
15 6 34 30 0
6 15 31 33 0
15 6 31 33 0
6 15 33 31 0
15 6 33 31 0
6 15 32 32 0
15 6 32 32 0
7 14 24 40 0
14 7 24 40 0
7 14 40 24 0
14 7 40 24 0
7 14 25 39 0
14 7 25 39 0
7 14 39 25 0
14 7 39 25 0
7 14 26 38 0
14 7 26 38 0
7 14 38 26 0
14 7 38 26 0
7 14 27 37 0
14 7 27 37 0
7 14 37 27 0
14 7 37 27 0
7 14 28 36 0
14 7 28 36 0
7 14 36 28 0
14 7 36 28 0
7 14 29 35 0
14 7 29 35 0
7 14 35 29 0
14 7 35 29 0
7 14 30 34 0
14 7 30 34 0
7 14 34 30 0
14 7 34 30 0
7 14 31 33 0
14 7 31 33 0
7 14 33 31 0
14 7 33 31 0
7 14 32 32 0
14 7 32 32 0
4 17 21 43 0
17 4 21 43 0
4 17 43 21 0
17 4 43 21 0
5 16 21 43 0
16 5 21 43 0
5 16 43 21 0
16 5 43 21 0
5 16 18 46 0
16 5 18 46 0
5 16 46 18 0
16 5 46 18 0
5 16 19 45 0
16 5 19 45 0
5 16 45 19 0
16 5 45 19 0
5 16 20 44 0
16 5 20 44 0
5 16 44 20 0
16 5 44 20 0
6 15 18 46 0
15 6 18 46 0
6 15 46 18 0
15 6 46 18 0
6 15 19 45 0
15 6 19 45 0
6 15 45 19 0
15 6 45 19 0
6 15 20 44 0
15 6 20 44 0
6 15 44 20 0
15 6 44 20 0
6 15 21 43 0
15 6 21 43 0
6 15 43 21 0
15 6 43 21 0
6 15 17 47 0
15 6 17 47 0
6 15 47 17 0
15 6 47 17 0
7 14 17 47 0
14 7 17 47 0
7 14 47 17 0
14 7 47 17 0
7 14 18 46 0
14 7 18 46 0
7 14 46 18 0
14 7 46 18 0
7 14 19 45 0
14 7 19 45 0
7 14 45 19 0
14 7 45 19 0
7 14 20 44 0
14 7 20 44 0
7 14 44 20 0
14 7 44 20 0
7 14 21 43 0
14 7 21 43 0
7 14 43 21 0
14 7 43 21 0
7 14 22 42 0
14 7 22 42 0
7 14 42 22 0
14 7 42 22 0
7 14 23 41 0
14 7 23 41 0
7 14 41 23 0
14 7 41 23 0
8 13 18 46 0
13 8 18 46 0
8 13 46 18 0
13 8 46 18 0
8 13 19 45 0
13 8 19 45 0
8 13 45 19 0
13 8 45 19 0
8 13 20 44 0
13 8 20 44 0
8 13 44 20 0
13 8 44 20 0
8 13 21 43 0
13 8 21 43 0
8 13 43 21 0
13 8 43 21 0
8 13 22 42 0
13 8 22 42 0
8 13 42 22 0
13 8 42 22 0
8 13 23 41 0
13 8 23 41 0
8 13 41 23 0
13 8 41 23 0
8 13 24 40 0
13 8 24 40 0
8 13 40 24 0
13 8 40 24 0
8 13 25 39 0
13 8 25 39 0
8 13 39 25 0
13 8 39 25 0
8 13 26 38 0
13 8 26 38 0
8 13 38 26 0
13 8 38 26 0
8 13 27 37 0
13 8 27 37 0
8 13 37 27 0
13 8 37 27 0
8 13 28 36 0
13 8 28 36 0
8 13 36 28 0
13 8 36 28 0
8 13 29 35 0
13 8 29 35 0
8 13 35 29 0
13 8 35 29 0
8 13 30 34 0
13 8 30 34 0
8 13 34 30 0
13 8 34 30 0
8 13 31 33 0
13 8 31 33 0
8 13 33 31 0
13 8 33 31 0
8 13 32 32 0
13 8 32 32 0
9 12 21 43 0
12 9 21 43 0
9 12 43 21 0
12 9 43 21 0
9 12 22 42 0
12 9 22 42 0
9 12 42 22 0
12 9 42 22 0
9 12 23 41 0
12 9 23 41 0
9 12 41 23 0
12 9 41 23 0
9 12 24 40 0
12 9 24 40 0
9 12 40 24 0
12 9 40 24 0
9 12 25 39 0
12 9 25 39 0
9 12 39 25 0
12 9 39 25 0
9 12 26 38 0
12 9 26 38 0
9 12 38 26 0
12 9 38 26 0
9 12 27 37 0
12 9 27 37 0
9 12 37 27 0
12 9 37 27 0
9 12 28 36 0
12 9 28 36 0
9 12 36 28 0
12 9 36 28 0
9 12 29 35 0
12 9 29 35 0
9 12 35 29 0
12 9 35 29 0
9 12 30 34 0
12 9 30 34 0
9 12 34 30 0
12 9 34 30 0
9 12 31 33 0
12 9 31 33 0
9 12 33 31 0
12 9 33 31 0
9 12 32 32 0
12 9 32 32 0
6 15 16 48 0
15 6 16 48 0
6 15 48 16 0
15 6 48 16 0
7 14 16 48 0
14 7 16 48 0
7 14 48 16 0
14 7 48 16 0
7 14 14 50 0
14 7 14 50 0
7 14 50 14 0
14 7 50 14 0
7 14 15 49 0
14 7 15 49 0
7 14 49 15 0
14 7 49 15 0
8 13 14 50 0
13 8 14 50 0
8 13 50 14 0
13 8 50 14 0
8 13 15 49 0
13 8 15 49 0
8 13 49 15 0
13 8 49 15 0
8 13 16 48 0
13 8 16 48 0
8 13 48 16 0
13 8 48 16 0
8 13 17 47 0
13 8 17 47 0
8 13 47 17 0
13 8 47 17 0
9 12 14 50 0
12 9 14 50 0
9 12 50 14 0
12 9 50 14 0
9 12 15 49 0
12 9 15 49 0
9 12 49 15 0
12 9 49 15 0
9 12 16 48 0
12 9 16 48 0
9 12 48 16 0
12 9 48 16 0
9 12 17 47 0
12 9 17 47 0
9 12 47 17 0
12 9 47 17 0
9 12 18 46 0
12 9 18 46 0
9 12 46 18 0
12 9 46 18 0
9 12 19 45 0
12 9 19 45 0
9 12 45 19 0
12 9 45 19 0
9 12 20 44 0
12 9 20 44 0
9 12 44 20 0
12 9 44 20 0
10 11 16 48 0
11 10 16 48 0
10 11 48 16 0
11 10 48 16 0
10 11 17 47 0
11 10 17 47 0
10 11 47 17 0
11 10 47 17 0
10 11 18 46 0
11 10 18 46 0
10 11 46 18 0
11 10 46 18 0
10 11 19 45 0
11 10 19 45 0
10 11 45 19 0
11 10 45 19 0
10 11 20 44 0
11 10 20 44 0
10 11 44 20 0
11 10 44 20 0
10 11 21 43 0
11 10 21 43 0
10 11 43 21 0
11 10 43 21 0
10 11 22 42 0
11 10 22 42 0
10 11 42 22 0
11 10 42 22 0
10 11 23 41 0
11 10 23 41 0
10 11 41 23 0
11 10 41 23 0
10 11 24 40 0
11 10 24 40 0
10 11 40 24 0
11 10 40 24 0
10 11 25 39 0
11 10 25 39 0
10 11 39 25 0
11 10 39 25 0
10 11 26 38 0
11 10 26 38 0
10 11 38 26 0
11 10 38 26 0
10 11 27 37 0
11 10 27 37 0
10 11 37 27 0
11 10 37 27 0
10 11 28 36 0
11 10 28 36 0
10 11 36 28 0
11 10 36 28 0
10 11 29 35 0
11 10 29 35 0
10 11 35 29 0
11 10 35 29 0
10 11 30 34 0
11 10 30 34 0
10 11 34 30 0
11 10 34 30 0
10 11 31 33 0
11 10 31 33 0
10 11 33 31 0
11 10 33 31 0
10 11 32 32 0
11 10 32 32 0
8 13 13 51 0
13 8 13 51 0
8 13 51 13 0
13 8 51 13 0
9 12 13 51 0
12 9 13 51 0
9 12 51 13 0
12 9 51 13 0
9 12 12 52 0
12 9 12 52 0
9 12 52 12 0
12 9 52 12 0
10 11 12 52 0
11 10 12 52 0
10 11 52 12 0
11 10 52 12 0
10 11 13 51 0
11 10 13 51 0
10 11 51 13 0
11 10 51 13 0
10 11 14 50 0
11 10 14 50 0
10 11 50 14 0
11 10 50 14 0
10 11 15 49 0
11 10 15 49 0
10 11 49 15 0
11 10 49 15 0
