1 18 21 37 0
18 1 21 37 0
1 18 37 21 0
18 1 37 21 0
1 18 22 36 0
18 1 22 36 0
1 18 36 22 0
18 1 36 22 0
1 18 23 35 0
18 1 23 35 0
1 18 35 23 0
18 1 35 23 0
1 18 24 34 0
18 1 24 34 0
1 18 34 24 0
18 1 34 24 0
1 18 25 33 0
18 1 25 33 0
1 18 33 25 0
18 1 33 25 0
1 18 26 32 0
18 1 26 32 0
1 18 32 26 0
18 1 32 26 0
1 18 27 31 0
18 1 27 31 0
1 18 31 27 0
18 1 31 27 0
1 18 28 30 0
18 1 28 30 0
1 18 30 28 0
18 1 30 28 0
1 18 29 29 0
18 1 29 29 0
2 17 21 37 0
17 2 21 37 0
2 17 37 21 0
17 2 37 21 0
2 17 22 36 0
17 2 22 36 0
2 17 36 22 0
17 2 36 22 0
2 17 23 35 0
17 2 23 35 0
2 17 35 23 0
17 2 35 23 0
2 17 24 34 0
17 2 24 34 0
2 17 34 24 0
17 2 34 24 0
2 17 25 33 0
17 2 25 33 0
2 17 33 25 0
17 2 33 25 0
2 17 26 32 0
17 2 26 32 0
2 17 32 26 0
17 2 32 26 0
2 17 27 31 0
17 2 27 31 0
2 17 31 27 0
17 2 31 27 0
2 17 28 30 0
17 2 28 30 0
2 17 30 28 0
17 2 30 28 0
2 17 29 29 0
17 2 29 29 0
3 16 21 37 0
16 3 21 37 0
3 16 37 21 0
16 3 37 21 0
3 16 22 36 0
16 3 22 36 0
3 16 36 22 0
16 3 36 22 0
3 16 23 35 1
16 3 23 35 1
3 16 35 23 1
16 3 35 23 1
3 16 24 34 1
16 3 24 34 1
3 16 34 24 1
16 3 34 24 1
3 16 25 33 2
16 3 25 33 2
3 16 33 25 2
16 3 33 25 2
3 16 26 32 3
16 3 26 32 3
3 16 32 26 3
16 3 32 26 3
3 16 27 31 4
16 3 27 31 4
3 16 31 27 4
16 3 31 27 4
3 16 28 30 4
16 3 28 30 4
3 16 30 28 4
16 3 30 28 4
3 16 29 29 5
16 3 29 29 5
4 15 21 37 1
15 4 21 37 1
4 15 37 21 1
15 4 37 21 1
4 15 22 36 3
15 4 22 36 3
4 15 36 22 3
15 4 36 22 3
4 15 23 35 7
15 4 23 35 7
4 15 35 23 7
15 4 35 23 7
4 15 24 34 11
15 4 24 34 11
4 15 34 24 11
15 4 34 24 11
4 15 25 33 17
15 4 25 33 17
4 15 33 25 17
15 4 33 25 17
4 15 26 32 24
15 4 26 32 24
4 15 32 26 24
15 4 32 26 24
4 15 27 31 30
15 4 27 31 30
4 15 31 27 30
15 4 31 27 30
4 15 28 30 33
15 4 28 30 33
4 15 30 28 33
15 4 30 28 33
4 15 29 29 35
15 4 29 29 35
5 14 21 37 15
14 5 21 37 15
5 14 37 21 15
14 5 37 21 15
5 14 22 36 28
14 5 22 36 28
5 14 36 22 28
14 5 36 22 28
5 14 23 35 47
14 5 23 35 47
5 14 35 23 47
14 5 35 23 47
5 14 24 34 69
14 5 24 34 69
5 14 34 24 69
14 5 34 24 69
5 14 25 33 96
14 5 25 33 96
5 14 33 25 96
14 5 33 25 96
5 14 26 32 123
14 5 26 32 123
5 14 32 26 123
14 5 32 26 123
5 14 27 31 148
14 5 27 31 148
5 14 31 27 148
14 5 31 27 148
5 14 28 30 162
14 5 28 30 162
5 14 30 28 162
14 5 30 28 162
5 14 29 29 169
14 5 29 29 169
2 17 16 42 0
17 2 16 42 0
2 17 42 16 0
17 2 42 16 0
2 17 17 41 0
17 2 17 41 0
2 17 41 17 0
17 2 41 17 0
2 17 18 40 0
17 2 18 40 0
2 17 40 18 0
17 2 40 18 0
2 17 19 39 0
17 2 19 39 0
2 17 39 19 0
17 2 39 19 0
2 17 20 38 0
17 2 20 38 0
2 17 38 20 0
17 2 38 20 0
3 16 16 42 0
16 3 16 42 0
3 16 42 16 0
16 3 42 16 0
3 16 17 41 0
16 3 17 41 0
3 16 41 17 0
16 3 41 17 0
3 16 18 40 0
16 3 18 40 0
3 16 40 18 0
16 3 40 18 0
3 16 19 39 0
16 3 19 39 0
3 16 39 19 0
16 3 39 19 0
3 16 20 38 0
16 3 20 38 0
3 16 38 20 0
16 3 38 20 0
4 15 16 42 0
15 4 16 42 0
4 15 42 16 0
15 4 42 16 0
4 15 17 41 0
15 4 17 41 0
4 15 41 17 0
15 4 41 17 0
4 15 18 40 0
15 4 18 40 0
4 15 40 18 0
15 4 40 18 0
4 15 19 39 0
15 4 19 39 0
4 15 39 19 0
15 4 39 19 0
4 15 20 38 0
15 4 20 38 0
4 15 38 20 0
15 4 38 20 0
5 14 16 42 0
14 5 16 42 0
5 14 42 16 0
14 5 42 16 0
5 14 17 41 0
14 5 17 41 0
5 14 41 17 0
14 5 41 17 0
5 14 18 40 1
14 5 18 40 1
5 14 40 18 1
14 5 40 18 1
5 14 19 39 3
14 5 19 39 3
5 14 39 19 3
14 5 39 19 3
5 14 20 38 7
14 5 20 38 7
5 14 38 20 7
14 5 38 20 7
3 16 15 43 0
16 3 15 43 0
3 16 43 15 0
16 3 43 15 0
4 15 15 43 0
15 4 15 43 0
4 15 43 15 0
15 4 43 15 0
5 14 15 43 0
14 5 15 43 0
5 14 43 15 0
14 5 43 15 0
6 13 15 43 0
13 6 15 43 0
6 13 43 15 0
13 6 43 15 0
6 13 16 42 0
13 6 16 42 0
6 13 42 16 0
13 6 42 16 0
6 13 17 41 1
13 6 17 41 1
6 13 41 17 1
13 6 41 17 1
6 13 18 40 5
13 6 18 40 5
6 13 40 18 5
13 6 40 18 5
6 13 19 39 14
13 6 19 39 14
6 13 39 19 14
13 6 39 19 14
6 13 20 38 31
13 6 20 38 31
6 13 38 20 31
13 6 38 20 31
6 13 21 37 60
13 6 21 37 60
6 13 37 21 60
13 6 37 21 60
6 13 22 36 103
13 6 22 36 103
6 13 36 22 103
13 6 36 22 103
6 13 23 35 162
13 6 23 35 162
6 13 35 23 162
13 6 35 23 162
6 13 24 34 230
13 6 24 34 230
6 13 34 24 230
13 6 34 24 230
6 13 25 33 307
13 6 25 33 307
6 13 33 25 307
13 6 33 25 307
6 13 26 32 383
13 6 26 32 383
6 13 32 26 383
13 6 32 26 383
6 13 27 31 448
13 6 27 31 448
6 13 31 27 448
13 6 31 27 448
6 13 28 30 490
13 6 28 30 490
6 13 30 28 490
13 6 30 28 490
6 13 29 29 507
13 6 29 29 507
7 12 16 42 3
12 7 16 42 3
7 12 42 16 3
12 7 42 16 3
7 12 17 41 9
12 7 17 41 9
7 12 41 17 9
12 7 41 17 9
7 12 18 40 22
12 7 18 40 22
7 12 40 18 22
12 7 40 18 22
7 12 19 39 49
12 7 19 39 49
7 12 39 19 49
12 7 39 19 49
7 12 20 38 94
12 7 20 38 94
7 12 38 20 94
12 7 38 20 94
7 12 21 37 166
12 7 21 37 166
7 12 37 21 166
12 7 37 21 166
7 12 22 36 266
12 7 22 36 266
7 12 36 22 266
12 7 36 22 266
7 12 23 35 399
12 7 23 35 399
7 12 35 23 399
12 7 35 23 399
7 12 24 34 550
12 7 24 34 550
7 12 34 24 550
12 7 34 24 550
7 12 25 33 716
12 7 25 33 716
7 12 33 25 716
12 7 33 25 716
7 12 26 32 873
12 7 26 32 873
7 12 32 26 873
12 7 32 26 873
7 12 27 31 1008
12 7 27 31 1008
7 12 31 27 1008
12 7 31 27 1008
7 12 28 30 1093
12 7 28 30 1093
7 12 30 28 1093
12 7 30 28 1093
7 12 29 29 1128
12 7 29 29 1128
3 16 13 45 0
16 3 13 45 0
3 16 45 13 0
16 3 45 13 0
3 16 14 44 0
16 3 14 44 0
3 16 44 14 0
16 3 44 14 0
4 15 13 45 0
15 4 13 45 0
4 15 45 13 0
15 4 45 13 0
4 15 14 44 0
15 4 14 44 0
4 15 44 14 0
15 4 44 14 0
5 14 13 45 0
14 5 13 45 0
5 14 45 13 0
14 5 45 13 0
5 14 14 44 0
14 5 14 44 0
5 14 44 14 0
14 5 44 14 0
6 13 13 45 0
13 6 13 45 0
6 13 45 13 0
13 6 45 13 0
6 13 14 44 0
13 6 14 44 0
6 13 44 14 0
13 6 44 14 0
4 15 11 47 0
15 4 11 47 0
4 15 47 11 0
15 4 47 11 0
4 15 12 46 0
15 4 12 46 0
4 15 46 12 0
15 4 46 12 0
5 14 11 47 0
14 5 11 47 0
5 14 47 11 0
14 5 47 11 0
5 14 12 46 0
14 5 12 46 0
5 14 46 12 0
14 5 46 12 0
6 13 11 47 0
13 6 11 47 0
6 13 47 11 0
13 6 47 11 0
6 13 12 46 0
13 6 12 46 0
6 13 46 12 0
13 6 46 12 0
7 12 11 47 0
12 7 11 47 0
7 12 47 11 0
12 7 47 11 0
7 12 12 46 0
12 7 12 46 0
7 12 46 12 0
12 7 46 12 0
7 12 13 45 0
12 7 13 45 0
7 12 45 13 0
12 7 45 13 0
7 12 14 44 0
12 7 14 44 0
7 12 44 14 0
12 7 44 14 0
7 12 15 43 1
12 7 15 43 1
7 12 43 15 1
12 7 43 15 1
8 11 11 47 0
11 8 11 47 0
8 11 47 11 0
11 8 47 11 0
8 11 12 46 0
11 8 12 46 0
8 11 46 12 0
11 8 46 12 0
8 11 13 45 0
11 8 13 45 0
8 11 45 13 0
11 8 45 13 0
8 11 14 44 0
11 8 14 44 0
8 11 44 14 0
11 8 44 14 0
8 11 15 43 2
11 8 15 43 2
8 11 43 15 2
11 8 43 15 2
8 11 16 42 7
11 8 16 42 7
8 11 42 16 7
11 8 42 16 7
8 11 17 41 20
11 8 17 41 20
8 11 41 17 20
11 8 41 17 20
8 11 18 40 47
11 8 18 40 47
8 11 40 18 47
11 8 40 18 47
8 11 19 39 98
11 8 19 39 98
8 11 39 19 98
11 8 39 19 98
8 11 20 38 180
11 8 20 38 180
8 11 38 20 180
11 8 38 20 180
8 11 21 37 306
11 8 21 37 306
8 11 37 21 306
11 8 37 21 306
8 11 22 36 477
11 8 22 36 477
8 11 36 22 477
11 8 36 22 477
8 11 23 35 697
11 8 23 35 697
8 11 35 23 697
11 8 35 23 697
8 11 24 34 947
11 8 24 34 947
8 11 34 24 947
11 8 34 24 947
8 11 25 33 1216
11 8 25 33 1216
8 11 33 25 1216
11 8 33 25 1216
8 11 26 32 1469
11 8 26 32 1469
8 11 32 26 1469
11 8 32 26 1469
8 11 27 31 1683
11 8 27 31 1683
8 11 31 27 1683
11 8 31 27 1683
8 11 28 30 1820
11 8 28 30 1820
8 11 30 28 1820
11 8 30 28 1820
8 11 29 29 1872
11 8 29 29 1872
9 10 13 45 0
10 9 13 45 0
9 10 45 13 0
10 9 45 13 0
9 10 14 44 1
10 9 14 44 1
9 10 44 14 1
10 9 44 14 1
9 10 15 43 4
10 9 15 43 4
9 10 43 15 4
10 9 43 15 4
9 10 16 42 12
10 9 16 42 12
9 10 42 16 12
10 9 42 16 12
9 10 17 41 32
10 9 17 41 32
9 10 41 17 32
10 9 41 17 32
9 10 18 40 70
10 9 18 40 70
9 10 40 18 70
10 9 40 18 70
9 10 19 39 140
10 9 19 39 140
9 10 39 19 140
10 9 39 19 140
9 10 20 38 251
10 9 20 38 251
9 10 38 20 251
10 9 38 20 251
9 10 21 37 417
10 9 21 37 417
9 10 37 21 417
10 9 37 21 417
9 10 22 36 640
10 9 22 36 640
9 10 36 22 640
10 9 36 22 640
9 10 23 35 924
10 9 23 35 924
9 10 35 23 924
10 9 35 23 924
9 10 24 34 1243
10 9 24 34 1243
9 10 34 24 1243
10 9 34 24 1243
9 10 25 33 1585
10 9 25 33 1585
9 10 33 25 1585
10 9 33 25 1585
9 10 26 32 1906
10 9 26 32 1906
9 10 32 26 1906
10 9 32 26 1906
9 10 27 31 2175
10 9 27 31 2175
9 10 31 27 2175
10 9 31 27 2175
9 10 28 30 2347
10 9 28 30 2347
9 10 30 28 2347
10 9 30 28 2347
9 10 29 29 2413
10 9 29 29 2413
5 14 9 49 0
14 5 9 49 0
5 14 49 9 0
14 5 49 9 0
5 14 10 48 0
14 5 10 48 0
5 14 48 10 0
14 5 48 10 0
6 13 9 49 0
13 6 9 49 0
6 13 49 9 0
13 6 49 9 0
6 13 10 48 0
13 6 10 48 0
6 13 48 10 0
13 6 48 10 0
7 12 9 49 0
12 7 9 49 0
7 12 49 9 0
12 7 49 9 0
7 12 10 48 0
12 7 10 48 0
7 12 48 10 0
12 7 48 10 0
8 11 9 49 0
11 8 9 49 0
8 11 49 9 0
11 8 49 9 0
8 11 10 48 0
11 8 10 48 0
8 11 48 10 0
11 8 48 10 0
6 13 8 50 0
13 6 8 50 0
6 13 50 8 0
13 6 50 8 0
7 12 8 50 0
12 7 8 50 0
7 12 50 8 0
12 7 50 8 0
8 11 8 50 0
11 8 8 50 0
8 11 50 8 0
11 8 50 8 0
9 10 8 50 0
10 9 8 50 0
9 10 50 8 0
10 9 50 8 0
9 10 9 49 0
10 9 9 49 0
9 10 49 9 0
10 9 49 9 0
9 10 10 48 0
10 9 10 48 0
9 10 48 10 0
10 9 48 10 0
9 10 11 47 0
10 9 11 47 0
9 10 47 11 0
10 9 47 11 0
9 10 12 46 0
10 9 12 46 0
9 10 46 12 0
10 9 46 12 0
7 12 7 51 0
12 7 7 51 0
7 12 51 7 0
12 7 51 7 0
8 11 7 51 0
11 8 7 51 0
8 11 51 7 0
11 8 51 7 0
9 10 7 51 0
10 9 7 51 0
9 10 51 7 0
10 9 51 7 0
