6 23 36 52 0
23 6 36 52 0
6 23 52 36 0
23 6 52 36 0
6 23 37 51 0
23 6 37 51 0
6 23 51 37 0
23 6 51 37 0
6 23 38 50 0
23 6 38 50 0
6 23 50 38 0
23 6 50 38 0
6 23 39 49 0
23 6 39 49 0
6 23 49 39 0
23 6 49 39 0
6 23 40 48 0
23 6 40 48 0
6 23 48 40 0
23 6 48 40 0
6 23 41 47 0
23 6 41 47 0
6 23 47 41 0
23 6 47 41 0
6 23 42 46 0
23 6 42 46 0
6 23 46 42 0
23 6 46 42 0
6 23 43 45 0
23 6 43 45 0
6 23 45 43 0
23 6 45 43 0
6 23 44 44 0
23 6 44 44 0
7 22 36 52 0
22 7 36 52 0
7 22 52 36 0
22 7 52 36 0
7 22 37 51 0
22 7 37 51 0
7 22 51 37 0
22 7 51 37 0
7 22 38 50 0
22 7 38 50 0
7 22 50 38 0
22 7 50 38 0
7 22 39 49 0
22 7 39 49 0
7 22 49 39 0
22 7 49 39 0
7 22 40 48 0
22 7 40 48 0
7 22 48 40 0
22 7 48 40 0
7 22 41 47 0
22 7 41 47 0
7 22 47 41 0
22 7 47 41 0
7 22 42 46 0
22 7 42 46 0
7 22 46 42 0
22 7 46 42 0
7 22 43 45 0
22 7 43 45 0
7 22 45 43 0
22 7 45 43 0
7 22 44 44 0
22 7 44 44 0
8 21 36 52 0
21 8 36 52 0
8 21 52 36 0
21 8 52 36 0
8 21 37 51 0
21 8 37 51 0
8 21 51 37 0
21 8 51 37 0
8 21 38 50 0
21 8 38 50 0
8 21 50 38 0
21 8 50 38 0
8 21 39 49 0
21 8 39 49 0
8 21 49 39 0
21 8 49 39 0
8 21 40 48 0
21 8 40 48 0
8 21 48 40 0
21 8 48 40 0
8 21 41 47 0
21 8 41 47 0
8 21 47 41 0
21 8 47 41 0
8 21 42 46 0
21 8 42 46 0
8 21 46 42 0
21 8 46 42 0
8 21 43 45 0
21 8 43 45 0
8 21 45 43 0
21 8 45 43 0
8 21 44 44 0
21 8 44 44 0
9 20 36 52 0
20 9 36 52 0
9 20 52 36 0
20 9 52 36 0
9 20 37 51 0
20 9 37 51 0
9 20 51 37 0
20 9 51 37 0
9 20 38 50 0
20 9 38 50 0
9 20 50 38 0
20 9 50 38 0
9 20 39 49 0
20 9 39 49 0
9 20 49 39 0
20 9 49 39 0
9 20 40 48 0
20 9 40 48 0
9 20 48 40 0
20 9 48 40 0
9 20 41 47 1
20 9 41 47 1
9 20 47 41 1
20 9 47 41 1
9 20 42 46 2
20 9 42 46 2
9 20 46 42 2
20 9 46 42 2
9 20 43 45 2
20 9 43 45 2
9 20 45 43 2
20 9 45 43 2
9 20 44 44 2
20 9 44 44 2
7 22 31 57 0
22 7 31 57 0
7 22 57 31 0
22 7 57 31 0
7 22 32 56 0
22 7 32 56 0
7 22 56 32 0
22 7 56 32 0
7 22 33 55 0
22 7 33 55 0
7 22 55 33 0
22 7 55 33 0
7 22 34 54 0
22 7 34 54 0
7 22 54 34 0
22 7 54 34 0
7 22 35 53 0
22 7 35 53 0
7 22 53 35 0
22 7 53 35 0
8 21 31 57 0
21 8 31 57 0
8 21 57 31 0
21 8 57 31 0
8 21 32 56 0
21 8 32 56 0
8 21 56 32 0
21 8 56 32 0
8 21 33 55 0
21 8 33 55 0
8 21 55 33 0
21 8 55 33 0
8 21 34 54 0
21 8 34 54 0
8 21 54 34 0
21 8 54 34 0
8 21 35 53 0
21 8 35 53 0
8 21 53 35 0
21 8 53 35 0
9 20 31 57 0
20 9 31 57 0
9 20 57 31 0
20 9 57 31 0
9 20 32 56 0
20 9 32 56 0
9 20 56 32 0
20 9 56 32 0
9 20 33 55 0
20 9 33 55 0
9 20 55 33 0
20 9 55 33 0
9 20 34 54 0
20 9 34 54 0
9 20 54 34 0
20 9 54 34 0
9 20 35 53 0
20 9 35 53 0
9 20 53 35 0
20 9 53 35 0
10 19 31 57 0
19 10 31 57 0
10 19 57 31 0
19 10 57 31 0
10 19 32 56 0
19 10 32 56 0
10 19 56 32 0
19 10 56 32 0
10 19 33 55 0
19 10 33 55 0
10 19 55 33 0
19 10 55 33 0
10 19 34 54 0
19 10 34 54 0
10 19 54 34 0
19 10 54 34 0
10 19 35 53 0
19 10 35 53 0
10 19 53 35 0
19 10 53 35 0
10 19 36 52 1
19 10 36 52 1
10 19 52 36 1
19 10 52 36 1
10 19 37 51 3
19 10 37 51 3
10 19 51 37 3
19 10 51 37 3
10 19 38 50 7
19 10 38 50 7
10 19 50 38 7
19 10 50 38 7
10 19 39 49 12
19 10 39 49 12
10 19 49 39 12
19 10 49 39 12
10 19 40 48 19
19 10 40 48 19
10 19 48 40 19
19 10 48 40 19
10 19 41 47 27
19 10 41 47 27
10 19 47 41 27
19 10 47 41 27
10 19 42 46 35
19 10 42 46 35
10 19 46 42 35
19 10 46 42 35
10 19 43 45 39
19 10 43 45 39
10 19 45 43 39
19 10 45 43 39
10 19 44 44 41
19 10 44 44 41
8 21 28 60 0
21 8 28 60 0
8 21 60 28 0
21 8 60 28 0
8 21 29 59 0
21 8 29 59 0
8 21 59 29 0
21 8 59 29 0
8 21 30 58 0
21 8 30 58 0
8 21 58 30 0
21 8 58 30 0
9 20 28 60 0
20 9 28 60 0
9 20 60 28 0
20 9 60 28 0
9 20 29 59 0
20 9 29 59 0
9 20 59 29 0
20 9 59 29 0
9 20 30 58 0
20 9 30 58 0
9 20 58 30 0
20 9 58 30 0
10 19 28 60 0
19 10 28 60 0
10 19 60 28 0
19 10 60 28 0
10 19 29 59 0
19 10 29 59 0
10 19 59 29 0
19 10 59 29 0
10 19 30 58 0
19 10 30 58 0
10 19 58 30 0
19 10 58 30 0
11 18 28 60 0
18 11 28 60 0
11 18 60 28 0
18 11 60 28 0
11 18 29 59 0
18 11 29 59 0
11 18 59 29 0
18 11 59 29 0
11 18 30 58 0
18 11 30 58 0
11 18 58 30 0
18 11 58 30 0
11 18 31 57 0
18 11 31 57 0
11 18 57 31 0
18 11 57 31 0
11 18 32 56 0
18 11 32 56 0
11 18 56 32 0
18 11 56 32 0
11 18 33 55 1
18 11 33 55 1
11 18 55 33 1
18 11 55 33 1
11 18 34 54 3
18 11 34 54 3
11 18 54 34 3
18 11 54 34 3
11 18 35 53 8
18 11 35 53 8
11 18 53 35 8
18 11 53 35 8
11 18 36 52 18
18 11 36 52 18
11 18 52 36 18
18 11 52 36 18
11 18 37 51 35
18 11 37 51 35
11 18 51 37 35
18 11 51 37 35
11 18 38 50 61
18 11 38 50 61
11 18 50 38 61
18 11 50 38 61
11 18 39 49 94
18 11 39 49 94
11 18 49 39 94
18 11 49 39 94
11 18 40 48 133
18 11 40 48 133
11 18 48 40 133
18 11 48 40 133
11 18 41 47 173
18 11 41 47 173
11 18 47 41 173
18 11 47 41 173
11 18 42 46 209
18 11 42 46 209
11 18 46 42 209
18 11 46 42 209
11 18 43 45 232
18 11 43 45 232
11 18 45 43 232
18 11 45 43 232
11 18 44 44 241
18 11 44 44 241
9 20 27 61 0
20 9 27 61 0
9 20 61 27 0
20 9 61 27 0
10 19 27 61 0
19 10 27 61 0
10 19 61 27 0
19 10 61 27 0
11 18 27 61 0
18 11 27 61 0
11 18 61 27 0
18 11 61 27 0
12 17 27 61 0
17 12 27 61 0
12 17 61 27 0
17 12 61 27 0
12 17 28 60 0
17 12 28 60 0
12 17 60 28 0
17 12 60 28 0
12 17 29 59 0
17 12 29 59 0
12 17 59 29 0
17 12 59 29 0
12 17 30 58 0
17 12 30 58 0
12 17 58 30 0
17 12 58 30 0
12 17 31 57 0
17 12 31 57 0
12 17 57 31 0
17 12 57 31 0
12 17 32 56 1
17 12 32 56 1
12 17 56 32 1
17 12 56 32 1
12 17 33 55 5
17 12 33 55 5
12 17 55 33 5
17 12 55 33 5
12 17 34 54 15
17 12 34 54 15
12 17 54 34 15
17 12 54 34 15
12 17 35 53 36
17 12 35 53 36
12 17 53 35 36
17 12 53 35 36
12 17 36 52 74
17 12 36 52 74
12 17 52 36 74
17 12 52 36 74
12 17 37 51 132
17 12 37 51 132
12 17 51 37 132
17 12 51 37 132
12 17 38 50 215
17 12 38 50 215
12 17 50 38 215
17 12 50 38 215
12 17 39 49 317
17 12 39 49 317
12 17 49 39 317
17 12 49 39 317
12 17 40 48 433
17 12 40 48 433
12 17 48 40 433
17 12 48 40 433
12 17 41 47 547
17 12 41 47 547
12 17 47 41 547
17 12 47 41 547
12 17 42 46 647
17 12 42 46 647
12 17 46 42 647
17 12 46 42 647
12 17 43 45 712
17 12 43 45 712
12 17 45 43 712
17 12 45 43 712
12 17 44 44 737
17 12 44 44 737
13 16 28 60 0
16 13 28 60 0
13 16 60 28 0
16 13 60 28 0
13 16 29 59 0
16 13 29 59 0
13 16 59 29 0
16 13 59 29 0
13 16 30 58 0
16 13 30 58 0
13 16 58 30 0
16 13 58 30 0
13 16 31 57 1
16 13 31 57 1
13 16 57 31 1
16 13 57 31 1
13 16 32 56 5
16 13 32 56 5
13 16 56 32 5
16 13 56 32 5
13 16 33 55 17
16 13 33 55 17
13 16 55 33 17
16 13 55 33 17
13 16 34 54 43
16 13 34 54 43
13 16 54 34 43
16 13 54 34 43
13 16 35 53 93
16 13 35 53 93
13 16 53 35 93
16 13 53 35 93
13 16 36 52 177
16 13 36 52 177
13 16 52 36 177
16 13 52 36 177
13 16 37 51 301
16 13 37 51 301
13 16 51 37 301
16 13 51 37 301
13 16 38 50 470
16 13 38 50 470
13 16 50 38 470
16 13 50 38 470
13 16 39 49 674
16 13 39 49 674
13 16 49 39 674
16 13 49 39 674
13 16 40 48 900
16 13 40 48 900
13 16 48 40 900
16 13 48 40 900
13 16 41 47 1120
16 13 41 47 1120
13 16 47 41 1120
16 13 47 41 1120
13 16 42 46 1309
16 13 42 46 1309
13 16 46 42 1309
16 13 46 42 1309
13 16 43 45 1433
16 13 43 45 1433
13 16 45 43 1433
16 13 45 43 1433
13 16 44 44 1479
16 13 44 44 1479
14 15 31 57 2
15 14 31 57 2
14 15 57 31 2
15 14 57 31 2
14 15 32 56 9
15 14 32 56 9
14 15 56 32 9
15 14 56 32 9
14 15 33 55 28
15 14 33 55 28
14 15 55 33 28
15 14 55 33 28
14 15 34 54 68
15 14 34 54 68
14 15 54 34 68
15 14 54 34 68
14 15 35 53 142
15 14 35 53 142
14 15 53 35 142
15 14 53 35 142
14 15 36 52 264
15 14 36 52 264
14 15 52 36 264
15 14 52 36 264
14 15 37 51 441
15 14 37 51 441
14 15 51 37 441
15 14 51 37 441
14 15 38 50 678
15 14 38 50 678
14 15 50 38 678
15 14 50 38 678
14 15 39 49 961
15 14 39 49 961
14 15 49 39 961
15 14 49 39 961
14 15 40 48 1272
15 14 40 48 1272
14 15 48 40 1272
15 14 48 40 1272
14 15 41 47 1573
15 14 41 47 1573
14 15 47 41 1573
15 14 47 41 1573
14 15 42 46 1830
15 14 42 46 1830
14 15 46 42 1830
15 14 46 42 1830
14 15 43 45 1998
15 14 43 45 1998
14 15 45 43 1998
15 14 45 43 1998
14 15 44 44 2060
15 14 44 44 2060
9 20 26 62 0
20 9 26 62 0
9 20 62 26 0
20 9 62 26 0
10 19 26 62 0
19 10 26 62 0
10 19 62 26 0
19 10 62 26 0
11 18 26 62 0
18 11 26 62 0
11 18 62 26 0
18 11 62 26 0
12 17 26 62 0
17 12 26 62 0
12 17 62 26 0
17 12 62 26 0
10 19 24 64 0
19 10 24 64 0
10 19 64 24 0
19 10 64 24 0
10 19 25 63 0
19 10 25 63 0
10 19 63 25 0
19 10 63 25 0
11 18 24 64 0
18 11 24 64 0
11 18 64 24 0
18 11 64 24 0
11 18 25 63 0
18 11 25 63 0
11 18 63 25 0
18 11 63 25 0
12 17 24 64 0
17 12 24 64 0
12 17 64 24 0
17 12 64 24 0
12 17 25 63 0
17 12 25 63 0
12 17 63 25 0
17 12 63 25 0
13 16 24 64 0
16 13 24 64 0
13 16 64 24 0
16 13 64 24 0
13 16 25 63 0
16 13 25 63 0
13 16 63 25 0
16 13 63 25 0
13 16 26 62 0
16 13 26 62 0
13 16 62 26 0
16 13 62 26 0
13 16 27 61 0
16 13 27 61 0
13 16 61 27 0
16 13 61 27 0
14 15 24 64 0
15 14 24 64 0
14 15 64 24 0
15 14 64 24 0
14 15 25 63 0
15 14 25 63 0
14 15 63 25 0
15 14 63 25 0
14 15 26 62 0
15 14 26 62 0
14 15 62 26 0
15 14 62 26 0
14 15 27 61 0
15 14 27 61 0
14 15 61 27 0
15 14 61 27 0
14 15 28 60 0
15 14 28 60 0
14 15 60 28 0
15 14 60 28 0
14 15 29 59 0
15 14 29 59 0
14 15 59 29 0
15 14 59 29 0
14 15 30 58 0
15 14 30 58 0
14 15 58 30 0
15 14 58 30 0
11 18 23 65 0
18 11 23 65 0
11 18 65 23 0
18 11 65 23 0
12 17 23 65 0
17 12 23 65 0
12 17 65 23 0
17 12 65 23 0
13 16 23 65 0
16 13 23 65 0
13 16 65 23 0
16 13 65 23 0
14 15 23 65 0
15 14 23 65 0
14 15 65 23 0
15 14 65 23 0
12 17 22 66 0
17 12 22 66 0
12 17 66 22 0
17 12 66 22 0
13 16 22 66 0
16 13 22 66 0
13 16 66 22 0
16 13 66 22 0
14 15 22 66 0
15 14 22 66 0
14 15 66 22 0
15 14 66 22 0
