13 32 26 34 0
32 13 26 34 0
13 32 34 26 0
32 13 34 26 0
13 32 27 33 0
32 13 27 33 0
13 32 33 27 0
32 13 33 27 0
13 32 28 32 0
32 13 28 32 0
13 32 32 28 0
32 13 32 28 0
13 32 29 31 0
32 13 29 31 0
13 32 31 29 0
32 13 31 29 0
13 32 30 30 0
32 13 30 30 0
14 31 26 34 0
31 14 26 34 0
14 31 34 26 0
31 14 34 26 0
14 31 27 33 0
31 14 27 33 0
14 31 33 27 0
31 14 33 27 0
14 31 28 32 0
31 14 28 32 0
14 31 32 28 0
31 14 32 28 0
14 31 29 31 0
31 14 29 31 0
14 31 31 29 0
31 14 31 29 0
14 31 30 30 0
31 14 30 30 0
15 30 26 34 0
30 15 26 34 0
15 30 34 26 0
30 15 34 26 0
15 30 27 33 0
30 15 27 33 0
15 30 33 27 0
30 15 33 27 0
15 30 28 32 0
30 15 28 32 0
15 30 32 28 0
30 15 32 28 0
15 30 29 31 0
30 15 29 31 0
15 30 31 29 0
30 15 31 29 0
15 30 30 30 0
30 15 30 30 0
16 29 26 34 0
29 16 26 34 0
16 29 34 26 0
29 16 34 26 0
16 29 27 33 0
29 16 27 33 0
16 29 33 27 0
29 16 33 27 0
16 29 28 32 0
29 16 28 32 0
16 29 32 28 0
29 16 32 28 0
16 29 29 31 0
29 16 29 31 0
16 29 31 29 0
29 16 31 29 0
16 29 30 30 1
29 16 30 30 1
14 31 23 37 0
31 14 23 37 0
14 31 37 23 0
31 14 37 23 0
14 31 24 36 0
31 14 24 36 0
14 31 36 24 0
31 14 36 24 0
14 31 25 35 0
31 14 25 35 0
14 31 35 25 0
31 14 35 25 0
15 30 23 37 0
30 15 23 37 0
15 30 37 23 0
30 15 37 23 0
15 30 24 36 0
30 15 24 36 0
15 30 36 24 0
30 15 36 24 0
15 30 25 35 0
30 15 25 35 0
15 30 35 25 0
30 15 35 25 0
16 29 23 37 0
29 16 23 37 0
16 29 37 23 0
29 16 37 23 0
16 29 24 36 0
29 16 24 36 0
16 29 36 24 0
29 16 36 24 0
16 29 25 35 0
29 16 25 35 0
16 29 35 25 0
29 16 35 25 0
17 28 23 37 0
28 17 23 37 0
17 28 37 23 0
28 17 37 23 0
17 28 24 36 0
28 17 24 36 0
17 28 36 24 0
28 17 36 24 0
17 28 25 35 0
28 17 25 35 0
17 28 35 25 0
28 17 35 25 0
17 28 26 34 0
28 17 26 34 0
17 28 34 26 0
28 17 34 26 0
17 28 27 33 0
28 17 27 33 0
17 28 33 27 0
28 17 33 27 0
17 28 28 32 0
28 17 28 32 0
17 28 32 28 0
28 17 32 28 0
17 28 29 31 0
28 17 29 31 0
17 28 31 29 0
28 17 31 29 0
17 28 30 30 1
28 17 30 30 1
15 30 22 38 0
30 15 22 38 0
15 30 38 22 0
30 15 38 22 0
16 29 22 38 0
29 16 22 38 0
16 29 38 22 0
29 16 38 22 0
17 28 22 38 0
28 17 22 38 0
17 28 38 22 0
28 17 38 22 0
18 27 22 38 0
27 18 22 38 0
18 27 38 22 0
27 18 38 22 0
18 27 23 37 0
27 18 23 37 0
18 27 37 23 0
27 18 37 23 0
18 27 24 36 0
27 18 24 36 0
18 27 36 24 0
27 18 36 24 0
18 27 25 35 0
27 18 25 35 0
18 27 35 25 0
27 18 35 25 0
18 27 26 34 0
27 18 26 34 0
18 27 34 26 0
27 18 34 26 0
18 27 27 33 0
27 18 27 33 0
18 27 33 27 0
27 18 33 27 0
18 27 28 32 0
27 18 28 32 0
18 27 32 28 0
27 18 32 28 0
18 27 29 31 0
27 18 29 31 0
18 27 31 29 0
27 18 31 29 0
18 27 30 30 1
27 18 30 30 1
19 26 23 37 0
26 19 23 37 0
19 26 37 23 0
26 19 37 23 0
19 26 24 36 0
26 19 24 36 0
19 26 36 24 0
26 19 36 24 0
19 26 25 35 0
26 19 25 35 0
19 26 35 25 0
26 19 35 25 0
19 26 26 34 0
26 19 26 34 0
19 26 34 26 0
26 19 34 26 0
19 26 27 33 0
26 19 27 33 0
19 26 33 27 0
26 19 33 27 0
19 26 28 32 0
26 19 28 32 0
19 26 32 28 0
26 19 32 28 0
19 26 29 31 0
26 19 29 31 0
19 26 31 29 0
26 19 31 29 0
19 26 30 30 1
26 19 30 30 1
20 25 26 34 0
25 20 26 34 0
20 25 34 26 0
25 20 34 26 0
20 25 27 33 0
25 20 27 33 0
20 25 33 27 0
25 20 33 27 0
20 25 28 32 0
25 20 28 32 0
20 25 32 28 0
25 20 32 28 0
20 25 29 31 0
25 20 29 31 0
20 25 31 29 0
25 20 31 29 0
20 25 30 30 1
25 20 30 30 1
16 29 20 40 0
29 16 20 40 0
16 29 40 20 0
29 16 40 20 0
16 29 21 39 0
29 16 21 39 0
16 29 39 21 0
29 16 39 21 0
17 28 20 40 0
28 17 20 40 0
17 28 40 20 0
28 17 40 20 0
17 28 21 39 0
28 17 21 39 0
17 28 39 21 0
28 17 39 21 0
18 27 20 40 0
27 18 20 40 0
18 27 40 20 0
27 18 40 20 0
18 27 21 39 0
27 18 21 39 0
18 27 39 21 0
27 18 39 21 0
19 26 20 40 0
26 19 20 40 0
19 26 40 20 0
26 19 40 20 0
19 26 21 39 0
26 19 21 39 0
19 26 39 21 0
26 19 39 21 0
19 26 22 38 0
26 19 22 38 0
19 26 38 22 0
26 19 38 22 0
20 25 20 40 0
25 20 20 40 0
20 25 40 20 0
25 20 40 20 0
20 25 21 39 0
25 20 21 39 0
20 25 39 21 0
25 20 39 21 0
20 25 22 38 0
25 20 22 38 0
20 25 38 22 0
25 20 38 22 0
20 25 23 37 0
25 20 23 37 0
20 25 37 23 0
25 20 37 23 0
20 25 24 36 0
25 20 24 36 0
20 25 36 24 0
25 20 36 24 0
20 25 25 35 0
25 20 25 35 0
20 25 35 25 0
25 20 35 25 0
21 24 22 38 1
24 21 22 38 1
21 24 38 22 1
24 21 38 22 1
21 24 23 37 2
24 21 23 37 2
21 24 37 23 2
24 21 37 23 2
21 24 24 36 3
24 21 24 36 3
21 24 36 24 3
24 21 36 24 3
21 24 25 35 4
24 21 25 35 4
21 24 35 25 4
24 21 35 25 4
21 24 26 34 4
24 21 26 34 4
21 24 34 26 4
24 21 34 26 4
21 24 27 33 4
24 21 27 33 4
21 24 33 27 4
24 21 33 27 4
21 24 28 32 4
24 21 28 32 4
21 24 32 28 4
24 21 32 28 4
21 24 29 31 4
24 21 29 31 4
21 24 31 29 4
24 21 31 29 4
21 24 30 30 5
24 21 30 30 5
22 23 26 34 4
23 22 26 34 4
22 23 34 26 4
23 22 34 26 4
22 23 27 33 4
23 22 27 33 4
22 23 33 27 4
23 22 33 27 4
22 23 28 32 4
23 22 28 32 4
22 23 32 28 4
23 22 32 28 4
22 23 29 31 4
23 22 29 31 4
22 23 31 29 4
23 22 31 29 4
22 23 30 30 5
23 22 30 30 5
18 27 19 41 0
27 18 19 41 0
18 27 41 19 0
27 18 41 19 0
19 26 19 41 0
26 19 19 41 0
19 26 41 19 0
26 19 41 19 0
20 25 19 41 0
25 20 19 41 0
20 25 41 19 0
25 20 41 19 0
21 24 19 41 0
24 21 19 41 0
21 24 41 19 0
24 21 41 19 0
21 24 20 40 0
24 21 20 40 0
21 24 40 20 0
24 21 40 20 0
21 24 21 39 0
24 21 21 39 0
21 24 39 21 0
24 21 39 21 0
22 23 20 40 0
23 22 20 40 0
22 23 40 20 0
23 22 40 20 0
22 23 21 39 0
23 22 21 39 0
22 23 39 21 0
23 22 39 21 0
22 23 22 38 1
23 22 22 38 1
22 23 38 22 1
23 22 38 22 1
22 23 23 37 2
23 22 23 37 2
22 23 37 23 2
23 22 37 23 2
22 23 24 36 3
23 22 24 36 3
22 23 36 24 3
23 22 36 24 3
22 23 25 35 4
23 22 25 35 4
22 23 35 25 4
23 22 35 25 4
19 26 18 42 0
26 19 18 42 0
19 26 42 18 0
26 19 42 18 0
20 25 18 42 0
25 20 18 42 0
20 25 42 18 0
25 20 42 18 0
21 24 18 42 0
24 21 18 42 0
21 24 42 18 0
24 21 42 18 0
22 23 18 42 0
23 22 18 42 0
22 23 42 18 0
23 22 42 18 0
22 23 19 41 0
23 22 19 41 0
22 23 41 19 0
23 22 41 19 0
