11 31 23 33 0
31 11 23 33 0
11 31 33 23 0
31 11 33 23 0
11 31 24 32 0
31 11 24 32 0
11 31 32 24 0
31 11 32 24 0
11 31 25 31 0
31 11 25 31 0
11 31 31 25 0
31 11 31 25 0
11 31 26 30 0
31 11 26 30 0
11 31 30 26 0
31 11 30 26 0
11 31 27 29 0
31 11 27 29 0
11 31 29 27 0
31 11 29 27 0
12 30 23 33 0
30 12 23 33 0
12 30 33 23 0
30 12 33 23 0
12 30 24 32 0
30 12 24 32 0
12 30 32 24 0
30 12 32 24 0
12 30 25 31 0
30 12 25 31 0
12 30 31 25 0
30 12 31 25 0
12 30 26 30 0
30 12 26 30 0
12 30 30 26 0
30 12 30 26 0
12 30 27 29 0
30 12 27 29 0
12 30 29 27 0
30 12 29 27 0
13 29 23 33 0
29 13 23 33 0
13 29 33 23 0
29 13 33 23 0
13 29 24 32 0
29 13 24 32 0
13 29 32 24 0
29 13 32 24 0
13 29 25 31 0
29 13 25 31 0
13 29 31 25 0
29 13 31 25 0
13 29 26 30 0
29 13 26 30 0
13 29 30 26 0
29 13 30 26 0
13 29 27 29 0
29 13 27 29 0
13 29 29 27 0
29 13 29 27 0
14 28 23 33 0
28 14 23 33 0
14 28 33 23 0
28 14 33 23 0
14 28 24 32 0
28 14 24 32 0
14 28 32 24 0
28 14 32 24 0
14 28 25 31 0
28 14 25 31 0
14 28 31 25 0
28 14 31 25 0
14 28 26 30 1
28 14 26 30 1
14 28 30 26 1
28 14 30 26 1
14 28 27 29 1
28 14 27 29 1
14 28 29 27 1
28 14 29 27 1
11 31 28 28 0
31 11 28 28 0
12 30 28 28 0
30 12 28 28 0
13 29 28 28 0
29 13 28 28 0
14 28 28 28 1
28 14 28 28 1
12 30 21 35 0
30 12 21 35 0
12 30 35 21 0
30 12 35 21 0
12 30 22 34 0
30 12 22 34 0
12 30 34 22 0
30 12 34 22 0
13 29 21 35 0
29 13 21 35 0
13 29 35 21 0
29 13 35 21 0
13 29 22 34 0
29 13 22 34 0
13 29 34 22 0
29 13 34 22 0
14 28 21 35 0
28 14 21 35 0
14 28 35 21 0
28 14 35 21 0
14 28 22 34 0
28 14 22 34 0
14 28 34 22 0
28 14 34 22 0
15 27 21 35 0
27 15 21 35 0
15 27 35 21 0
27 15 35 21 0
15 27 22 34 0
27 15 22 34 0
15 27 34 22 0
27 15 34 22 0
15 27 23 33 0
27 15 23 33 0
15 27 33 23 0
27 15 33 23 0
15 27 24 32 0
27 15 24 32 0
15 27 32 24 0
27 15 32 24 0
15 27 25 31 0
27 15 25 31 0
15 27 31 25 0
27 15 31 25 0
15 27 26 30 2
27 15 26 30 2
15 27 30 26 2
27 15 30 26 2
15 27 27 29 3
27 15 27 29 3
15 27 29 27 3
27 15 29 27 3
15 27 28 28 3
27 15 28 28 3
16 26 21 35 0
26 16 21 35 0
16 26 35 21 0
26 16 35 21 0
16 26 22 34 0
26 16 22 34 0
16 26 34 22 0
26 16 34 22 0
16 26 23 33 1
26 16 23 33 1
16 26 33 23 1
26 16 33 23 1
16 26 24 32 2
26 16 24 32 2
16 26 32 24 2
26 16 32 24 2
16 26 25 31 3
26 16 25 31 3
16 26 31 25 3
26 16 31 25 3
16 26 26 30 7
26 16 26 30 7
16 26 30 26 7
26 16 30 26 7
16 26 27 29 9
26 16 27 29 9
16 26 29 27 9
26 16 29 27 9
16 26 28 28 10
26 16 28 28 10
17 25 23 33 2
25 17 23 33 2
17 25 33 23 2
25 17 33 23 2
17 25 24 32 5
25 17 24 32 5
17 25 32 24 5
25 17 32 24 5
17 25 25 31 8
25 17 25 31 8
17 25 31 25 8
25 17 31 25 8
17 25 26 30 14
25 17 26 30 14
17 25 30 26 14
25 17 30 26 14
17 25 27 29 18
25 17 27 29 18
17 25 29 27 18
25 17 29 27 18
17 25 28 28 19
25 17 28 28 19
13 29 19 37 0
29 13 19 37 0
13 29 37 19 0
29 13 37 19 0
13 29 20 36 0
29 13 20 36 0
13 29 36 20 0
29 13 36 20 0
14 28 19 37 0
28 14 19 37 0
14 28 37 19 0
28 14 37 19 0
14 28 20 36 0
28 14 20 36 0
14 28 36 20 0
28 14 36 20 0
15 27 19 37 0
27 15 19 37 0
15 27 37 19 0
27 15 37 19 0
15 27 20 36 0
27 15 20 36 0
15 27 36 20 0
27 15 36 20 0
16 26 19 37 0
26 16 19 37 0
16 26 37 19 0
26 16 37 19 0
16 26 20 36 0
26 16 20 36 0
16 26 36 20 0
26 16 36 20 0
14 28 18 38 0
28 14 18 38 0
14 28 38 18 0
28 14 38 18 0
15 27 18 38 0
27 15 18 38 0
15 27 38 18 0
27 15 38 18 0
16 26 18 38 0
26 16 18 38 0
16 26 38 18 0
26 16 38 18 0
17 25 18 38 0
25 17 18 38 0
17 25 38 18 0
25 17 38 18 0
17 25 19 37 0
25 17 19 37 0
17 25 37 19 0
25 17 37 19 0
17 25 20 36 0
25 17 20 36 0
17 25 36 20 0
25 17 36 20 0
17 25 21 35 0
25 17 21 35 0
17 25 35 21 0
25 17 35 21 0
17 25 22 34 0
25 17 22 34 0
17 25 34 22 0
25 17 34 22 0
18 24 19 37 0
24 18 19 37 0
18 24 37 19 0
24 18 37 19 0
18 24 20 36 1
24 18 20 36 1
18 24 36 20 1
24 18 36 20 1
18 24 21 35 2
24 18 21 35 2
18 24 35 21 2
24 18 35 21 2
18 24 22 34 4
24 18 22 34 4
18 24 34 22 4
24 18 34 22 4
18 24 23 33 8
24 18 23 33 8
18 24 33 23 8
24 18 33 23 8
18 24 24 32 14
24 18 24 32 14
18 24 32 24 14
24 18 32 24 14
18 24 25 31 20
24 18 25 31 20
18 24 31 25 20
24 18 31 25 20
18 24 26 30 29
24 18 26 30 29
18 24 30 26 29
24 18 30 26 29
18 24 27 29 34
24 18 27 29 34
18 24 29 27 34
24 18 29 27 34
18 24 28 28 36
24 18 28 28 36
19 23 22 34 12
23 19 22 34 12
19 23 34 22 12
23 19 34 22 12
19 23 23 33 20
23 19 23 33 20
19 23 33 23 20
23 19 33 23 20
19 23 24 32 29
23 19 24 32 29
19 23 32 24 29
23 19 32 24 29
19 23 25 31 39
23 19 25 31 39
19 23 31 25 39
23 19 31 25 39
19 23 26 30 50
23 19 26 30 50
19 23 30 26 50
23 19 30 26 50
19 23 27 29 57
23 19 27 29 57
19 23 29 27 57
23 19 29 27 57
19 23 28 28 59
23 19 28 28 59
15 27 17 39 0
27 15 17 39 0
15 27 39 17 0
27 15 39 17 0
16 26 17 39 0
26 16 17 39 0
16 26 39 17 0
26 16 39 17 0
17 25 17 39 0
25 17 17 39 0
17 25 39 17 0
25 17 39 17 0
18 24 17 39 0
24 18 17 39 0
18 24 39 17 0
24 18 39 17 0
18 24 18 38 0
24 18 18 38 0
18 24 38 18 0
24 18 38 18 0
19 23 17 39 0
23 19 17 39 0
19 23 39 17 0
23 19 39 17 0
19 23 18 38 0
23 19 18 38 0
19 23 38 18 0
23 19 38 18 0
19 23 19 37 1
23 19 19 37 1
19 23 37 19 1
23 19 37 19 1
19 23 20 36 3
23 19 20 36 3
19 23 36 20 3
23 19 36 20 3
19 23 21 35 7
23 19 21 35 7
19 23 35 21 7
23 19 35 21 7
20 22 19 37 1
22 20 19 37 1
20 22 37 19 1
22 20 37 19 1
20 22 20 36 4
22 20 20 36 4
20 22 36 20 4
22 20 36 20 4
20 22 21 35 9
22 20 21 35 9
20 22 35 21 9
22 20 35 21 9
20 22 22 34 17
22 20 22 34 17
20 22 34 22 17
22 20 34 22 17
20 22 23 33 27
22 20 23 33 27
20 22 33 23 27
22 20 33 23 27
20 22 24 32 39
22 20 24 32 39
20 22 32 24 39
22 20 32 24 39
20 22 25 31 50
22 20 25 31 50
20 22 31 25 50
22 20 31 25 50
20 22 26 30 63
22 20 26 30 63
20 22 30 26 63
22 20 30 26 63
20 22 27 29 71
22 20 27 29 71
20 22 29 27 71
22 20 29 27 71
20 22 28 28 74
22 20 28 28 74
21 21 23 33 36
21 21 33 23 36
21 21 24 32 49
21 21 32 24 49
21 21 25 31 62
21 21 31 25 62
21 21 26 30 75
21 21 30 26 75
21 21 27 29 84
21 21 29 27 84
21 21 28 28 87
20 22 17 39 0
22 20 17 39 0
20 22 39 17 0
22 20 39 17 0
20 22 18 38 0
22 20 18 38 0
20 22 38 18 0
22 20 38 18 0
21 21 18 38 0
21 21 38 18 0
21 21 19 37 2
21 21 37 19 2
21 21 20 36 6
21 21 36 20 6
21 21 21 35 13
21 21 35 21 13
21 21 22 34 23
21 21 34 22 23
16 26 16 40 0
26 16 16 40 0
16 26 40 16 0
26 16 40 16 0
17 25 16 40 0
25 17 16 40 0
17 25 40 16 0
25 17 40 16 0
18 24 16 40 0
24 18 16 40 0
18 24 40 16 0
24 18 40 16 0
19 23 16 40 0
23 19 16 40 0
19 23 40 16 0
23 19 40 16 0
20 22 16 40 0
22 20 16 40 0
20 22 40 16 0
22 20 40 16 0
18 24 15 41 0
24 18 15 41 0
18 24 41 15 0
24 18 41 15 0
19 23 15 41 0
23 19 15 41 0
19 23 41 15 0
23 19 41 15 0
20 22 15 41 0
22 20 15 41 0
20 22 41 15 0
22 20 41 15 0
21 21 15 41 0
21 21 41 15 0
21 21 16 40 0
21 21 40 16 0
21 21 17 39 0
21 21 39 17 0
