15 33 30 34 0
33 15 30 34 0
15 33 34 30 0
33 15 34 30 0
15 33 31 33 0
33 15 31 33 0
15 33 33 31 0
33 15 33 31 0
15 33 32 32 0
33 15 32 32 0
16 32 30 34 0
32 16 30 34 0
16 32 34 30 0
32 16 34 30 0
16 32 31 33 0
32 16 31 33 0
16 32 33 31 0
32 16 33 31 0
16 32 32 32 0
32 16 32 32 0
17 31 30 34 0
31 17 30 34 0
17 31 34 30 0
31 17 34 30 0
17 31 31 33 0
31 17 31 33 0
17 31 33 31 0
31 17 33 31 0
17 31 32 32 0
31 17 32 32 0
18 30 30 34 0
30 18 30 34 0
18 30 34 30 0
30 18 34 30 0
18 30 31 33 0
30 18 31 33 0
18 30 33 31 0
30 18 33 31 0
18 30 32 32 0
30 18 32 32 0
16 32 26 38 0
32 16 26 38 0
16 32 38 26 0
32 16 38 26 0
16 32 27 37 0
32 16 27 37 0
16 32 37 27 0
32 16 37 27 0
16 32 28 36 0
32 16 28 36 0
16 32 36 28 0
32 16 36 28 0
16 32 29 35 0
32 16 29 35 0
16 32 35 29 0
32 16 35 29 0
17 31 26 38 0
31 17 26 38 0
17 31 38 26 0
31 17 38 26 0
17 31 27 37 0
31 17 27 37 0
17 31 37 27 0
31 17 37 27 0
17 31 28 36 0
31 17 28 36 0
17 31 36 28 0
31 17 36 28 0
17 31 29 35 0
31 17 29 35 0
17 31 35 29 0
31 17 35 29 0
18 30 26 38 0
30 18 26 38 0
18 30 38 26 0
30 18 38 26 0
18 30 27 37 0
30 18 27 37 0
18 30 37 27 0
30 18 37 27 0
18 30 28 36 0
30 18 28 36 0
18 30 36 28 0
30 18 36 28 0
18 30 29 35 0
30 18 29 35 0
18 30 35 29 0
30 18 35 29 0
19 29 26 38 0
29 19 26 38 0
19 29 38 26 0
29 19 38 26 0
19 29 27 37 0
29 19 27 37 0
19 29 37 27 0
29 19 37 27 0
19 29 28 36 0
29 19 28 36 0
19 29 36 28 0
29 19 36 28 0
19 29 29 35 0
29 19 29 35 0
19 29 35 29 0
29 19 35 29 0
19 29 30 34 0
29 19 30 34 0
19 29 34 30 0
29 19 34 30 0
19 29 31 33 0
29 19 31 33 0
19 29 33 31 0
29 19 33 31 0
19 29 32 32 0
29 19 32 32 0
17 31 24 40 0
31 17 24 40 0
17 31 40 24 0
31 17 40 24 0
17 31 25 39 0
31 17 25 39 0
17 31 39 25 0
31 17 39 25 0
18 30 24 40 0
30 18 24 40 0
18 30 40 24 0
30 18 40 24 0
18 30 25 39 0
30 18 25 39 0
18 30 39 25 0
30 18 39 25 0
19 29 24 40 0
29 19 24 40 0
19 29 40 24 0
29 19 40 24 0
19 29 25 39 0
29 19 25 39 0
19 29 39 25 0
29 19 39 25 0
20 28 24 40 0
28 20 24 40 0
20 28 40 24 0
28 20 40 24 0
20 28 25 39 0
28 20 25 39 0
20 28 39 25 0
28 20 39 25 0
20 28 26 38 0
28 20 26 38 0
20 28 38 26 0
28 20 38 26 0
20 28 27 37 0
28 20 27 37 0
20 28 37 27 0
28 20 37 27 0
20 28 28 36 0
28 20 28 36 0
20 28 36 28 0
28 20 36 28 0
20 28 29 35 0
28 20 29 35 0
20 28 35 29 0
28 20 35 29 0
20 28 30 34 0
28 20 30 34 0
20 28 34 30 0
28 20 34 30 0
20 28 31 33 0
28 20 31 33 0
20 28 33 31 0
28 20 33 31 0
20 28 32 32 0
28 20 32 32 0
21 27 24 40 0
27 21 24 40 0
21 27 40 24 0
27 21 40 24 0
21 27 25 39 0
27 21 25 39 0
21 27 39 25 0
27 21 39 25 0
21 27 26 38 0
27 21 26 38 0
21 27 38 26 0
27 21 38 26 0
21 27 27 37 0
27 21 27 37 0
21 27 37 27 0
27 21 37 27 0
21 27 28 36 0
27 21 28 36 0
21 27 36 28 0
27 21 36 28 0
21 27 29 35 0
27 21 29 35 0
21 27 35 29 0
27 21 35 29 0
21 27 30 34 0
27 21 30 34 0
21 27 34 30 0
27 21 34 30 0
21 27 31 33 0
27 21 31 33 0
21 27 33 31 0
27 21 33 31 0
21 27 32 32 0
27 21 32 32 0
22 26 26 38 0
26 22 26 38 0
22 26 38 26 0
26 22 38 26 0
22 26 27 37 0
26 22 27 37 0
22 26 37 27 0
26 22 37 27 0
22 26 28 36 0
26 22 28 36 0
22 26 36 28 0
26 22 36 28 0
22 26 29 35 0
26 22 29 35 0
22 26 35 29 0
26 22 35 29 0
22 26 30 34 0
26 22 30 34 0
22 26 34 30 0
26 22 34 30 0
22 26 31 33 0
26 22 31 33 0
22 26 33 31 0
26 22 33 31 0
22 26 32 32 0
26 22 32 32 0
23 25 30 34 0
25 23 30 34 0
23 25 34 30 0
25 23 34 30 0
23 25 31 33 0
25 23 31 33 0
23 25 33 31 0
25 23 33 31 0
23 25 32 32 0
25 23 32 32 0
18 30 23 41 0
30 18 23 41 0
18 30 41 23 0
30 18 41 23 0
19 29 23 41 0
29 19 23 41 0
19 29 41 23 0
29 19 41 23 0
20 28 23 41 0
28 20 23 41 0
20 28 41 23 0
28 20 41 23 0
21 27 23 41 0
27 21 23 41 0
21 27 41 23 0
27 21 41 23 0
19 29 22 42 0
29 19 22 42 0
19 29 42 22 0
29 19 42 22 0
20 28 22 42 0
28 20 22 42 0
20 28 42 22 0
28 20 42 22 0
21 27 22 42 0
27 21 22 42 0
21 27 42 22 0
27 21 42 22 0
22 26 22 42 0
26 22 22 42 0
22 26 42 22 0
26 22 42 22 0
22 26 23 41 0
26 22 23 41 0
22 26 41 23 0
26 22 41 23 0
22 26 24 40 0
26 22 24 40 0
22 26 40 24 0
26 22 40 24 0
22 26 25 39 0
26 22 25 39 0
22 26 39 25 0
26 22 39 25 0
23 25 23 41 0
25 23 23 41 0
23 25 41 23 0
25 23 41 23 0
23 25 24 40 0
25 23 24 40 0
23 25 40 24 0
25 23 40 24 0
23 25 25 39 0
25 23 25 39 0
23 25 39 25 0
25 23 39 25 0
23 25 26 38 0
25 23 26 38 0
23 25 38 26 0
25 23 38 26 0
23 25 27 37 0
25 23 27 37 0
23 25 37 27 0
25 23 37 27 0
23 25 28 36 0
25 23 28 36 0
23 25 36 28 0
25 23 36 28 0
23 25 29 35 0
25 23 29 35 0
23 25 35 29 0
25 23 35 29 0
24 24 26 38 1
24 24 38 26 1
24 24 27 37 1
24 24 37 27 1
24 24 28 36 1
24 24 36 28 1
24 24 29 35 1
24 24 35 29 1
24 24 30 34 1
24 24 34 30 1
24 24 31 33 1
24 24 33 31 1
24 24 32 32 1
23 25 22 42 0
25 23 22 42 0
23 25 42 22 0
25 23 42 22 0
24 24 22 42 0
24 24 42 22 0
24 24 23 41 0
24 24 41 23 0
24 24 24 40 0
24 24 40 24 0
24 24 25 39 1
24 24 39 25 1
21 27 21 43 0
27 21 21 43 0
21 27 43 21 0
27 21 43 21 0
22 26 21 43 0
26 22 21 43 0
22 26 43 21 0
26 22 43 21 0
23 25 21 43 0
25 23 21 43 0
23 25 43 21 0
25 23 43 21 0
24 24 21 43 0
24 24 43 21 0
