0 12 15 26 0
12 0 15 26 0
0 12 26 15 0
12 0 26 15 0
0 12 16 25 0
12 0 16 25 0
0 12 25 16 0
12 0 25 16 0
0 12 17 24 0
12 0 17 24 0
0 12 24 17 0
12 0 24 17 0
0 12 18 23 0
12 0 18 23 0
0 12 23 18 0
12 0 23 18 0
0 12 19 22 0
12 0 19 22 0
0 12 22 19 0
12 0 22 19 0
0 12 20 21 0
12 0 20 21 0
0 12 21 20 0
12 0 21 20 0
1 11 10 31 0
11 1 10 31 0
1 11 31 10 0
11 1 31 10 0
1 11 11 30 0
11 1 11 30 0
1 11 30 11 0
11 1 30 11 0
1 11 12 29 0
11 1 12 29 0
1 11 29 12 0
11 1 29 12 0
1 11 13 28 0
11 1 13 28 0
1 11 28 13 0
11 1 28 13 0
1 11 14 27 0
11 1 14 27 0
1 11 27 14 0
11 1 27 14 0
1 11 15 26 0
11 1 15 26 0
1 11 26 15 0
11 1 26 15 0
1 11 16 25 0
11 1 16 25 0
1 11 25 16 0
11 1 25 16 0
1 11 17 24 0
11 1 17 24 0
1 11 24 17 0
11 1 24 17 0
1 11 18 23 0
11 1 18 23 0
1 11 23 18 0
11 1 23 18 0
1 11 19 22 0
11 1 19 22 0
1 11 22 19 0
11 1 22 19 0
1 11 20 21 0
11 1 20 21 0
1 11 21 20 0
11 1 21 20 0
2 10 10 31 0
10 2 10 31 0
2 10 31 10 0
10 2 31 10 0
2 10 11 30 0
10 2 11 30 0
2 10 30 11 0
10 2 30 11 0
2 10 12 29 0
10 2 12 29 0
2 10 29 12 0
10 2 29 12 0
2 10 13 28 0
10 2 13 28 0
2 10 28 13 0
10 2 28 13 0
2 10 14 27 0
10 2 14 27 0
2 10 27 14 0
10 2 27 14 0
2 10 15 26 0
10 2 15 26 0
2 10 26 15 0
10 2 26 15 0
2 10 16 25 0
10 2 16 25 0
2 10 25 16 0
10 2 25 16 0
2 10 17 24 0
10 2 17 24 0
2 10 24 17 0
10 2 24 17 0
2 10 18 23 0
10 2 18 23 0
2 10 23 18 0
10 2 23 18 0
2 10 19 22 0
10 2 19 22 0
2 10 22 19 0
10 2 22 19 0
2 10 20 21 0
10 2 20 21 0
2 10 21 20 0
10 2 21 20 0
2 10 7 34 0
10 2 7 34 0
2 10 34 7 0
10 2 34 7 0
2 10 8 33 0
10 2 8 33 0
2 10 33 8 0
10 2 33 8 0
2 10 9 32 0
10 2 9 32 0
2 10 32 9 0
10 2 32 9 0
3 9 6 35 0
9 3 6 35 0
3 9 35 6 0
9 3 35 6 0
3 9 7 34 0
9 3 7 34 0
3 9 34 7 0
9 3 34 7 0
3 9 8 33 0
9 3 8 33 0
3 9 33 8 0
9 3 33 8 0
3 9 9 32 0
9 3 9 32 0
3 9 32 9 0
9 3 32 9 0
3 9 10 31 0
9 3 10 31 0
3 9 31 10 0
9 3 31 10 0
3 9 11 30 0
9 3 11 30 0
3 9 30 11 0
9 3 30 11 0
3 9 12 29 0
9 3 12 29 0
3 9 29 12 0
9 3 29 12 0
3 9 13 28 0
9 3 13 28 0
3 9 28 13 0
9 3 28 13 0
3 9 14 27 0
9 3 14 27 0
3 9 27 14 0
9 3 27 14 0
3 9 15 26 0
9 3 15 26 0
3 9 26 15 0
9 3 26 15 0
3 9 16 25 0
9 3 16 25 0
3 9 25 16 0
9 3 25 16 0
3 9 17 24 0
9 3 17 24 0
3 9 24 17 0
9 3 24 17 0
3 9 18 23 0
9 3 18 23 0
3 9 23 18 0
9 3 23 18 0
3 9 19 22 0
9 3 19 22 0
3 9 22 19 0
9 3 22 19 0
3 9 20 21 0
9 3 20 21 0
3 9 21 20 0
9 3 21 20 0
4 8 7 34 0
8 4 7 34 0
4 8 34 7 0
8 4 34 7 0
4 8 8 33 0
8 4 8 33 0
4 8 33 8 0
8 4 33 8 0
4 8 9 32 0
8 4 9 32 0
4 8 32 9 0
8 4 32 9 0
4 8 10 31 0
8 4 10 31 0
4 8 31 10 0
8 4 31 10 0
4 8 11 30 0
8 4 11 30 0
4 8 30 11 0
8 4 30 11 0
4 8 12 29 0
8 4 12 29 0
4 8 29 12 0
8 4 29 12 0
4 8 13 28 0
8 4 13 28 0
4 8 28 13 0
8 4 28 13 0
4 8 14 27 0
8 4 14 27 0
4 8 27 14 0
8 4 27 14 0
4 8 15 26 0
8 4 15 26 0
4 8 26 15 0
8 4 26 15 0
4 8 16 25 0
8 4 16 25 0
4 8 25 16 0
8 4 25 16 0
4 8 17 24 0
8 4 17 24 0
4 8 24 17 0
8 4 24 17 0
4 8 18 23 0
8 4 18 23 0
4 8 23 18 0
8 4 23 18 0
4 8 19 22 0
8 4 19 22 0
4 8 22 19 0
8 4 22 19 0
4 8 20 21 0
8 4 20 21 0
4 8 21 20 0
8 4 21 20 0
4 8 4 37 0
8 4 4 37 0
4 8 37 4 0
8 4 37 4 0
4 8 5 36 0
8 4 5 36 0
4 8 36 5 0
8 4 36 5 0
4 8 6 35 0
8 4 6 35 0
4 8 35 6 0
8 4 35 6 0
5 7 4 37 0
7 5 4 37 0
5 7 37 4 0
7 5 37 4 0
5 7 5 36 0
7 5 5 36 0
5 7 36 5 0
7 5 36 5 0
5 7 6 35 0
7 5 6 35 0
5 7 35 6 0
7 5 35 6 0
5 7 7 34 0
7 5 7 34 0
5 7 34 7 0
7 5 34 7 0
5 7 8 33 0
7 5 8 33 0
5 7 33 8 0
7 5 33 8 0
5 7 9 32 0
7 5 9 32 0
5 7 32 9 0
7 5 32 9 0
5 7 10 31 0
7 5 10 31 0
5 7 31 10 0
7 5 31 10 0
5 7 11 30 0
7 5 11 30 0
5 7 30 11 0
7 5 30 11 0
5 7 12 29 0
7 5 12 29 0
5 7 29 12 0
7 5 29 12 0
5 7 13 28 0
7 5 13 28 0
5 7 28 13 0
7 5 28 13 0
5 7 14 27 0
7 5 14 27 0
5 7 27 14 0
7 5 27 14 0
5 7 15 26 0
7 5 15 26 0
5 7 26 15 0
7 5 26 15 0
5 7 16 25 0
7 5 16 25 0
5 7 25 16 0
7 5 25 16 0
5 7 17 24 0
7 5 17 24 0
5 7 24 17 0
7 5 24 17 0
5 7 18 23 0
7 5 18 23 0
5 7 23 18 0
7 5 23 18 0
5 7 19 22 0
7 5 19 22 0
5 7 22 19 0
7 5 22 19 0
5 7 20 21 0
7 5 20 21 0
5 7 21 20 0
7 5 21 20 0
6 6 6 35 0
6 6 35 6 0
6 6 7 34 0
6 6 34 7 0
6 6 8 33 0
6 6 33 8 0
6 6 9 32 0
6 6 32 9 0
6 6 10 31 0
6 6 31 10 0
6 6 11 30 0
6 6 30 11 0
6 6 12 29 0
6 6 29 12 0
6 6 13 28 0
6 6 28 13 0
6 6 14 27 0
6 6 27 14 0
6 6 15 26 0
6 6 26 15 0
6 6 16 25 0
6 6 25 16 0
6 6 17 24 0
6 6 24 17 0
6 6 18 23 0
6 6 23 18 0
6 6 19 22 0
6 6 22 19 0
6 6 20 21 0
6 6 21 20 0
6 6 3 38 0
6 6 38 3 0
6 6 4 37 0
6 6 37 4 0
6 6 5 36 0
6 6 36 5 0
