0 12 10 31 0
12 0 10 31 0
0 12 31 10 0
12 0 31 10 0
0 12 11 30 0
12 0 11 30 0
0 12 30 11 0
12 0 30 11 0
0 12 12 29 0
12 0 12 29 0
0 12 29 12 0
12 0 29 12 0
0 12 13 28 0
12 0 13 28 0
0 12 28 13 0
12 0 28 13 0
0 12 14 27 0
12 0 14 27 0
0 12 27 14 0
12 0 27 14 0
0 12 15 26 0
12 0 15 26 0
0 12 26 15 0
12 0 26 15 0
0 12 16 25 0
12 0 16 25 0
0 12 25 16 0
12 0 25 16 0
0 12 17 24 0
12 0 17 24 0
0 12 24 17 0
12 0 24 17 0
0 12 18 23 0
12 0 18 23 0
0 12 23 18 0
12 0 23 18 0
0 12 19 22 0
12 0 19 22 0
0 12 22 19 0
12 0 22 19 0
0 12 20 21 0
12 0 20 21 0
0 12 21 20 0
12 0 21 20 0
1 11 10 31 0
11 1 10 31 0
1 11 31 10 0
11 1 31 10 0
1 11 11 30 0
11 1 11 30 0
1 11 30 11 0
11 1 30 11 0
1 11 12 29 0
11 1 12 29 0
1 11 29 12 0
11 1 29 12 0
1 11 13 28 0
11 1 13 28 0
1 11 28 13 0
11 1 28 13 0
1 11 14 27 0
11 1 14 27 0
1 11 27 14 0
11 1 27 14 0
1 11 15 26 0
11 1 15 26 0
1 11 26 15 0
11 1 26 15 0
1 11 16 25 0
11 1 16 25 0
1 11 25 16 0
11 1 25 16 0
1 11 17 24 0
11 1 17 24 0
1 11 24 17 0
11 1 24 17 0
1 11 18 23 0
11 1 18 23 0
1 11 23 18 0
11 1 23 18 0
1 11 19 22 0
11 1 19 22 0
1 11 22 19 0
11 1 22 19 0
1 11 20 21 0
11 1 20 21 0
1 11 21 20 0
11 1 21 20 0
2 10 10 31 1
10 2 10 31 1
2 10 31 10 1
10 2 31 10 1
2 10 11 30 2
10 2 11 30 2
2 10 30 11 2
10 2 30 11 2
2 10 12 29 4
10 2 12 29 4
2 10 29 12 4
10 2 29 12 4
2 10 13 28 6
10 2 13 28 6
2 10 28 13 6
10 2 28 13 6
2 10 14 27 9
10 2 14 27 9
2 10 27 14 9
10 2 27 14 9
2 10 15 26 11
10 2 15 26 11
2 10 26 15 11
10 2 26 15 11
2 10 16 25 13
10 2 16 25 13
2 10 25 16 13
10 2 25 16 13
2 10 17 24 14
10 2 17 24 14
2 10 24 17 14
10 2 24 17 14
2 10 18 23 15
10 2 18 23 15
2 10 23 18 15
10 2 23 18 15
2 10 19 22 15
10 2 19 22 15
2 10 22 19 15
10 2 22 19 15
2 10 20 21 15
10 2 20 21 15
2 10 21 20 15
10 2 21 20 15
1 11 6 35 0
11 1 6 35 0
1 11 35 6 0
11 1 35 6 0
1 11 7 34 0
11 1 7 34 0
1 11 34 7 0
11 1 34 7 0
1 11 8 33 0
11 1 8 33 0
1 11 33 8 0
11 1 33 8 0
1 11 9 32 0
11 1 9 32 0
1 11 32 9 0
11 1 32 9 0
2 10 6 35 0
10 2 6 35 0
2 10 35 6 0
10 2 35 6 0
2 10 7 34 0
10 2 7 34 0
2 10 34 7 0
10 2 34 7 0
2 10 8 33 0
10 2 8 33 0
2 10 33 8 0
10 2 33 8 0
2 10 9 32 0
10 2 9 32 0
2 10 32 9 0
10 2 32 9 0
3 9 6 35 0
9 3 6 35 0
3 9 35 6 0
9 3 35 6 0
3 9 7 34 1
9 3 7 34 1
3 9 34 7 1
9 3 34 7 1
3 9 8 33 3
9 3 8 33 3
3 9 33 8 3
9 3 33 8 3
3 9 9 32 7
9 3 9 32 7
3 9 32 9 7
9 3 32 9 7
3 9 10 31 14
9 3 10 31 14
3 9 31 10 14
9 3 31 10 14
3 9 11 30 24
9 3 11 30 24
3 9 30 11 24
9 3 30 11 24
3 9 12 29 37
9 3 12 29 37
3 9 29 12 37
9 3 29 12 37
3 9 13 28 52
9 3 13 28 52
3 9 28 13 52
9 3 28 13 52
3 9 14 27 68
9 3 14 27 68
3 9 27 14 68
9 3 27 14 68
3 9 15 26 83
9 3 15 26 83
3 9 26 15 83
9 3 26 15 83
3 9 16 25 96
9 3 16 25 96
3 9 25 16 96
9 3 25 16 96
3 9 17 24 106
9 3 17 24 106
3 9 24 17 106
9 3 24 17 106
3 9 18 23 113
9 3 18 23 113
3 9 23 18 113
9 3 23 18 113
3 9 19 22 117
9 3 19 22 117
3 9 22 19 117
9 3 22 19 117
3 9 20 21 119
9 3 20 21 119
3 9 21 20 119
9 3 21 20 119
4 8 6 35 1
8 4 6 35 1
4 8 35 6 1
8 4 35 6 1
4 8 7 34 4
8 4 7 34 4
4 8 34 7 4
8 4 34 7 4
4 8 8 33 11
8 4 8 33 11
4 8 33 8 11
8 4 33 8 11
4 8 9 32 23
8 4 9 32 23
4 8 32 9 23
8 4 32 9 23
4 8 10 31 44
8 4 10 31 44
4 8 31 10 44
8 4 31 10 44
4 8 11 30 72
8 4 11 30 72
4 8 30 11 72
8 4 30 11 72
4 8 12 29 109
8 4 12 29 109
4 8 29 12 109
8 4 29 12 109
4 8 13 28 150
8 4 13 28 150
4 8 28 13 150
8 4 28 13 150
4 8 14 27 195
8 4 14 27 195
4 8 27 14 195
8 4 27 14 195
4 8 15 26 236
8 4 15 26 236
4 8 26 15 236
8 4 26 15 236
4 8 16 25 273
8 4 16 25 273
4 8 25 16 273
8 4 25 16 273
4 8 17 24 301
8 4 17 24 301
4 8 24 17 301
8 4 24 17 301
4 8 18 23 322
8 4 18 23 322
4 8 23 18 322
8 4 23 18 322
4 8 19 22 334
8 4 19 22 334
4 8 22 19 334
8 4 22 19 334
4 8 20 21 340
8 4 20 21 340
4 8 21 20 340
8 4 21 20 340
2 10 4 37 0
10 2 4 37 0
2 10 37 4 0
10 2 37 4 0
2 10 5 36 0
10 2 5 36 0
2 10 36 5 0
10 2 36 5 0
3 9 4 37 0
9 3 4 37 0
3 9 37 4 0
9 3 37 4 0
3 9 5 36 0
9 3 5 36 0
3 9 36 5 0
9 3 36 5 0
4 8 4 37 0
8 4 4 37 0
4 8 37 4 0
8 4 37 4 0
4 8 5 36 0
8 4 5 36 0
4 8 36 5 0
8 4 36 5 0
3 9 3 38 0
9 3 3 38 0
3 9 38 3 0
9 3 38 3 0
4 8 3 38 0
8 4 3 38 0
4 8 38 3 0
8 4 38 3 0
5 7 3 38 0
7 5 3 38 0
5 7 38 3 0
7 5 38 3 0
5 7 4 37 0
7 5 4 37 0
5 7 37 4 0
7 5 37 4 0
5 7 5 36 1
7 5 5 36 1
5 7 36 5 1
7 5 36 5 1
5 7 6 35 4
7 5 6 35 4
5 7 35 6 4
7 5 35 6 4
5 7 7 34 12
7 5 7 34 12
5 7 34 7 12
7 5 34 7 12
5 7 8 33 27
7 5 8 33 27
5 7 33 8 27
7 5 33 8 27
5 7 9 32 53
7 5 9 32 53
5 7 32 9 53
7 5 32 9 53
5 7 10 31 93
7 5 10 31 93
5 7 31 10 93
7 5 31 10 93
5 7 11 30 147
7 5 11 30 147
5 7 30 11 147
7 5 30 11 147
5 7 12 29 214
7 5 12 29 214
5 7 29 12 214
7 5 29 12 214
5 7 13 28 290
7 5 13 28 290
5 7 28 13 290
7 5 28 13 290
5 7 14 27 370
7 5 14 27 370
5 7 27 14 370
7 5 27 14 370
5 7 15 26 446
7 5 15 26 446
5 7 26 15 446
7 5 26 15 446
5 7 16 25 513
7 5 16 25 513
5 7 25 16 513
7 5 25 16 513
5 7 17 24 567
7 5 17 24 567
5 7 24 17 567
7 5 24 17 567
5 7 18 23 607
7 5 18 23 607
5 7 23 18 607
7 5 23 18 607
5 7 19 22 632
7 5 19 22 632
5 7 22 19 632
7 5 22 19 632
5 7 20 21 644
7 5 20 21 644
5 7 21 20 644
7 5 21 20 644
6 6 4 37 0
6 6 37 4 0
6 6 5 36 1
6 6 36 5 1
6 6 6 35 5
6 6 35 6 5
6 6 7 34 14
6 6 34 7 14
6 6 8 33 32
6 6 33 8 32
6 6 9 32 62
6 6 32 9 62
6 6 10 31 110
6 6 31 10 110
6 6 11 30 173
6 6 30 11 173
6 6 12 29 253
6 6 29 12 253
6 6 13 28 342
6 6 28 13 342
6 6 14 27 438
6 6 27 14 438
6 6 15 26 527
6 6 26 15 527
6 6 16 25 607
6 6 25 16 607
6 6 17 24 670
6 6 24 17 670
6 6 18 23 718
6 6 23 18 718
6 6 19 22 747
6 6 22 19 747
6 6 20 21 761
6 6 21 20 761
4 8 2 39 0
8 4 2 39 0
4 8 39 2 0
8 4 39 2 0
5 7 2 39 0
7 5 2 39 0
5 7 39 2 0
7 5 39 2 0
6 6 2 39 0
6 6 39 2 0
6 6 3 38 0
6 6 38 3 0
