5 21 31 52 0
21 5 31 52 0
5 21 52 31 0
21 5 52 31 0
5 21 32 51 0
21 5 32 51 0
5 21 51 32 0
21 5 51 32 0
5 21 33 50 0
21 5 33 50 0
5 21 50 33 0
21 5 50 33 0
5 21 34 49 0
21 5 34 49 0
5 21 49 34 0
21 5 49 34 0
5 21 35 48 0
21 5 35 48 0
5 21 48 35 0
21 5 48 35 0
5 21 36 47 0
21 5 36 47 0
5 21 47 36 0
21 5 47 36 0
5 21 37 46 0
21 5 37 46 0
5 21 46 37 0
21 5 46 37 0
5 21 38 45 0
21 5 38 45 0
5 21 45 38 0
21 5 45 38 0
5 21 39 44 0
21 5 39 44 0
5 21 44 39 0
21 5 44 39 0
5 21 40 43 0
21 5 40 43 0
5 21 43 40 0
21 5 43 40 0
5 21 41 42 0
21 5 41 42 0
5 21 42 41 0
21 5 42 41 0
6 20 31 52 0
20 6 31 52 0
6 20 52 31 0
20 6 52 31 0
6 20 32 51 0
20 6 32 51 0
6 20 51 32 0
20 6 51 32 0
6 20 33 50 0
20 6 33 50 0
6 20 50 33 0
20 6 50 33 0
6 20 34 49 0
20 6 34 49 0
6 20 49 34 0
20 6 49 34 0
6 20 35 48 0
20 6 35 48 0
6 20 48 35 0
20 6 48 35 0
6 20 36 47 0
20 6 36 47 0
6 20 47 36 0
20 6 47 36 0
6 20 37 46 0
20 6 37 46 0
6 20 46 37 0
20 6 46 37 0
6 20 38 45 0
20 6 38 45 0
6 20 45 38 0
20 6 45 38 0
6 20 39 44 0
20 6 39 44 0
6 20 44 39 0
20 6 44 39 0
6 20 40 43 0
20 6 40 43 0
6 20 43 40 0
20 6 43 40 0
6 20 41 42 0
20 6 41 42 0
6 20 42 41 0
20 6 42 41 0
7 19 31 52 0
19 7 31 52 0
7 19 52 31 0
19 7 52 31 0
7 19 32 51 0
19 7 32 51 0
7 19 51 32 0
19 7 51 32 0
7 19 33 50 0
19 7 33 50 0
7 19 50 33 0
19 7 50 33 0
7 19 34 49 0
19 7 34 49 0
7 19 49 34 0
19 7 49 34 0
7 19 35 48 0
19 7 35 48 0
7 19 48 35 0
19 7 48 35 0
7 19 36 47 1
19 7 36 47 1
7 19 47 36 1
19 7 47 36 1
7 19 37 46 2
19 7 37 46 2
7 19 46 37 2
19 7 46 37 2
7 19 38 45 3
19 7 38 45 3
7 19 45 38 3
19 7 45 38 3
7 19 39 44 4
19 7 39 44 4
7 19 44 39 4
19 7 44 39 4
7 19 40 43 5
19 7 40 43 5
7 19 43 40 5
19 7 43 40 5
7 19 41 42 6
19 7 41 42 6
7 19 42 41 6
19 7 42 41 6
6 20 27 56 0
20 6 27 56 0
6 20 56 27 0
20 6 56 27 0
6 20 28 55 0
20 6 28 55 0
6 20 55 28 0
20 6 55 28 0
6 20 29 54 0
20 6 29 54 0
6 20 54 29 0
20 6 54 29 0
6 20 30 53 0
20 6 30 53 0
6 20 53 30 0
20 6 53 30 0
7 19 27 56 0
19 7 27 56 0
7 19 56 27 0
19 7 56 27 0
7 19 28 55 0
19 7 28 55 0
7 19 55 28 0
19 7 55 28 0
7 19 29 54 0
19 7 29 54 0
7 19 54 29 0
19 7 54 29 0
7 19 30 53 0
19 7 30 53 0
7 19 53 30 0
19 7 53 30 0
8 18 27 56 0
18 8 27 56 0
8 18 56 27 0
18 8 56 27 0
8 18 28 55 0
18 8 28 55 0
8 18 55 28 0
18 8 55 28 0
8 18 29 54 0
18 8 29 54 0
8 18 54 29 0
18 8 54 29 0
8 18 30 53 0
18 8 30 53 0
8 18 53 30 0
18 8 53 30 0
8 18 31 52 0
18 8 31 52 0
8 18 52 31 0
18 8 52 31 0
8 18 32 51 1
18 8 32 51 1
8 18 51 32 1
18 8 51 32 1
8 18 33 50 3
18 8 33 50 3
8 18 50 33 3
18 8 50 33 3
8 18 34 49 7
18 8 34 49 7
8 18 49 34 7
18 8 49 34 7
8 18 35 48 13
18 8 35 48 13
8 18 48 35 13
18 8 48 35 13
8 18 36 47 24
18 8 36 47 24
8 18 47 36 24
18 8 47 36 24
8 18 37 46 37
18 8 37 46 37
8 18 46 37 37
18 8 46 37 37
8 18 38 45 51
18 8 38 45 51
8 18 45 38 51
18 8 45 38 51
8 18 39 44 64
18 8 39 44 64
8 18 44 39 64
18 8 44 39 64
8 18 40 43 75
18 8 40 43 75
8 18 43 40 75
18 8 43 40 75
8 18 41 42 82
18 8 41 42 82
8 18 42 41 82
18 8 42 41 82
7 19 25 58 0
19 7 25 58 0
7 19 58 25 0
19 7 58 25 0
7 19 26 57 0
19 7 26 57 0
7 19 57 26 0
19 7 57 26 0
8 18 25 58 0
18 8 25 58 0
8 18 58 25 0
18 8 58 25 0
8 18 26 57 0
18 8 26 57 0
8 18 57 26 0
18 8 57 26 0
9 17 25 58 0
17 9 25 58 0
9 17 58 25 0
17 9 58 25 0
9 17 26 57 0
17 9 26 57 0
9 17 57 26 0
17 9 57 26 0
9 17 27 56 0
17 9 27 56 0
9 17 56 27 0
17 9 56 27 0
9 17 28 55 0
17 9 28 55 0
9 17 55 28 0
17 9 55 28 0
9 17 29 54 0
17 9 29 54 0
9 17 54 29 0
17 9 54 29 0
9 17 30 53 1
17 9 30 53 1
9 17 53 30 1
17 9 53 30 1
9 17 31 52 4
17 9 31 52 4
9 17 52 31 4
17 9 52 31 4
9 17 32 51 13
17 9 32 51 13
9 17 51 32 13
17 9 51 32 13
9 17 33 50 30
17 9 33 50 30
9 17 50 33 30
17 9 50 33 30
9 17 34 49 59
17 9 34 49 59
9 17 49 34 59
17 9 49 34 59
9 17 35 48 101
17 9 35 48 101
9 17 48 35 101
17 9 48 35 101
9 17 36 47 159
17 9 36 47 159
9 17 47 36 159
17 9 47 36 159
9 17 37 46 227
17 9 37 46 227
9 17 46 37 227
17 9 46 37 227
9 17 38 45 299
17 9 38 45 299
9 17 45 38 299
17 9 45 38 299
9 17 39 44 365
17 9 39 44 365
9 17 44 39 365
17 9 44 39 365
9 17 40 43 417
17 9 40 43 417
9 17 43 40 417
17 9 43 40 417
9 17 41 42 446
17 9 41 42 446
9 17 42 41 446
17 9 42 41 446
10 16 25 58 0
16 10 25 58 0
10 16 58 25 0
16 10 58 25 0
10 16 26 57 0
16 10 26 57 0
10 16 57 26 0
16 10 57 26 0
10 16 27 56 0
16 10 27 56 0
10 16 56 27 0
16 10 56 27 0
10 16 28 55 1
16 10 28 55 1
10 16 55 28 1
16 10 55 28 1
10 16 29 54 4
16 10 29 54 4
10 16 54 29 4
16 10 54 29 4
10 16 30 53 14
16 10 30 53 14
10 16 53 30 14
16 10 53 30 14
10 16 31 52 34
16 10 31 52 34
10 16 52 31 34
16 10 52 31 34
10 16 32 51 76
16 10 32 51 76
10 16 51 32 76
16 10 51 32 76
10 16 33 50 146
16 10 33 50 146
10 16 50 33 146
16 10 50 33 146
10 16 34 49 255
16 10 34 49 255
10 16 49 34 255
16 10 49 34 255
10 16 35 48 403
16 10 35 48 403
10 16 48 35 403
16 10 48 35 403
10 16 36 47 593
16 10 36 47 593
10 16 47 36 593
16 10 47 36 593
10 16 37 46 808
16 10 37 46 808
10 16 46 37 808
16 10 46 37 808
10 16 38 45 1031
16 10 38 45 1031
10 16 45 38 1031
16 10 45 38 1031
10 16 39 44 1232
16 10 39 44 1232
10 16 44 39 1232
16 10 44 39 1232
10 16 40 43 1387
16 10 40 43 1387
10 16 43 40 1387
16 10 43 40 1387
10 16 41 42 1471
16 10 41 42 1471
10 16 42 41 1471
16 10 42 41 1471
11 15 27 56 1
15 11 27 56 1
11 15 56 27 1
15 11 56 27 1
11 15 28 55 5
15 11 28 55 5
11 15 55 28 5
15 11 55 28 5
11 15 29 54 17
15 11 29 54 17
11 15 54 29 17
15 11 54 29 17
11 15 30 53 47
15 11 30 53 47
11 15 53 30 47
15 11 53 30 47
11 15 31 52 106
15 11 31 52 106
11 15 52 31 106
15 11 52 31 106
11 15 32 51 214
15 11 32 51 214
11 15 51 32 214
15 11 51 32 214
11 15 33 50 387
15 11 33 50 387
11 15 50 33 387
15 11 50 33 387
11 15 34 49 641
15 11 34 49 641
11 15 49 34 641
15 11 49 34 641
11 15 35 48 978
15 11 35 48 978
11 15 48 35 978
15 11 48 35 978
11 15 36 47 1393
15 11 36 47 1393
11 15 47 36 1393
15 11 47 36 1393
11 15 37 46 1855
15 11 37 46 1855
11 15 46 37 1855
15 11 46 37 1855
11 15 38 45 2324
15 11 38 45 2324
11 15 45 38 2324
15 11 45 38 2324
11 15 39 44 2744
15 11 39 44 2744
11 15 44 39 2744
15 11 44 39 2744
11 15 40 43 3063
15 11 40 43 3063
11 15 43 40 3063
15 11 43 40 3063
11 15 41 42 3235
15 11 41 42 3235
11 15 42 41 3235
15 11 42 41 3235
12 14 31 52 208
14 12 31 52 208
12 14 52 31 208
14 12 52 31 208
12 14 32 51 397
14 12 32 51 397
12 14 51 32 397
14 12 51 32 397
12 14 33 50 687
14 12 33 50 687
12 14 50 33 687
14 12 50 33 687
12 14 34 49 1103
14 12 34 49 1103
12 14 49 34 1103
14 12 49 34 1103
12 14 35 48 1642
14 12 35 48 1642
12 14 48 35 1642
14 12 48 35 1642
12 14 36 47 2297
14 12 36 47 2297
12 14 47 36 2297
14 12 47 36 2297
12 14 37 46 3016
14 12 37 46 3016
12 14 46 37 3016
14 12 46 37 3016
12 14 38 45 3740
14 12 38 45 3740
12 14 45 38 3740
14 12 45 38 3740
12 14 39 44 4383
14 12 39 44 4383
12 14 44 39 4383
14 12 44 39 4383
12 14 40 43 4870
14 12 40 43 4870
12 14 43 40 4870
14 12 43 40 4870
12 14 41 42 5132
14 12 41 42 5132
12 14 42 41 5132
14 12 42 41 5132
8 18 22 61 0
18 8 22 61 0
8 18 61 22 0
18 8 61 22 0
8 18 23 60 0
18 8 23 60 0
8 18 60 23 0
18 8 60 23 0
8 18 24 59 0
18 8 24 59 0
8 18 59 24 0
18 8 59 24 0
9 17 22 61 0
17 9 22 61 0
9 17 61 22 0
17 9 61 22 0
9 17 23 60 0
17 9 23 60 0
9 17 60 23 0
17 9 60 23 0
9 17 24 59 0
17 9 24 59 0
9 17 59 24 0
17 9 59 24 0
10 16 22 61 0
16 10 22 61 0
10 16 61 22 0
16 10 61 22 0
10 16 23 60 0
16 10 23 60 0
10 16 60 23 0
16 10 60 23 0
10 16 24 59 0
16 10 24 59 0
10 16 59 24 0
16 10 59 24 0
9 17 21 62 0
17 9 21 62 0
9 17 62 21 0
17 9 62 21 0
10 16 21 62 0
16 10 21 62 0
10 16 62 21 0
16 10 62 21 0
11 15 21 62 0
15 11 21 62 0
11 15 62 21 0
15 11 62 21 0
11 15 22 61 0
15 11 22 61 0
11 15 61 22 0
15 11 61 22 0
11 15 23 60 0
15 11 23 60 0
11 15 60 23 0
15 11 60 23 0
11 15 24 59 0
15 11 24 59 0
11 15 59 24 0
15 11 59 24 0
11 15 25 58 0
15 11 25 58 0
11 15 58 25 0
15 11 58 25 0
11 15 26 57 0
15 11 26 57 0
11 15 57 26 0
15 11 57 26 0
12 14 22 61 0
14 12 22 61 0
12 14 61 22 0
14 12 61 22 0
12 14 23 60 0
14 12 23 60 0
12 14 60 23 0
14 12 60 23 0
12 14 24 59 0
14 12 24 59 0
12 14 59 24 0
14 12 59 24 0
12 14 25 58 0
14 12 25 58 0
12 14 58 25 0
14 12 58 25 0
12 14 26 57 1
14 12 26 57 1
12 14 57 26 1
14 12 57 26 1
12 14 27 56 4
14 12 27 56 4
12 14 56 27 4
14 12 56 27 4
12 14 28 55 15
14 12 28 55 15
12 14 55 28 15
14 12 55 28 15
12 14 29 54 41
14 12 29 54 41
12 14 54 29 41
14 12 54 29 41
12 14 30 53 100
14 12 30 53 100
12 14 53 30 100
14 12 53 30 100
13 13 25 58 0
13 13 58 25 0
13 13 26 57 1
13 13 57 26 1
13 13 27 56 5
13 13 56 27 5
13 13 28 55 18
13 13 55 28 18
13 13 29 54 50
13 13 54 29 50
13 13 30 53 120
13 13 53 30 120
13 13 31 52 250
13 13 52 31 250
13 13 32 51 473
13 13 51 32 473
13 13 33 50 815
13 13 50 33 815
13 13 34 49 1300
13 13 49 34 1300
13 13 35 48 1928
13 13 48 35 1928
13 13 36 47 2685
13 13 47 36 2685
13 13 37 46 3515
13 13 46 37 3515
13 13 38 45 4346
13 13 45 38 4346
13 13 39 44 5084
13 13 44 39 5084
13 13 40 43 5641
13 13 43 40 5641
13 13 41 42 5941
13 13 42 41 5941
10 16 19 64 0
16 10 19 64 0
10 16 64 19 0
16 10 64 19 0
10 16 20 63 0
16 10 20 63 0
10 16 63 20 0
16 10 63 20 0
11 15 19 64 0
15 11 19 64 0
11 15 64 19 0
15 11 64 19 0
11 15 20 63 0
15 11 20 63 0
11 15 63 20 0
15 11 63 20 0
12 14 19 64 0
14 12 19 64 0
12 14 64 19 0
14 12 64 19 0
12 14 20 63 0
14 12 20 63 0
12 14 63 20 0
14 12 63 20 0
12 14 21 62 0
14 12 21 62 0
12 14 62 21 0
14 12 62 21 0
13 13 19 64 0
13 13 64 19 0
13 13 20 63 0
13 13 63 20 0
13 13 21 62 0
13 13 62 21 0
13 13 22 61 0
13 13 61 22 0
13 13 23 60 0
13 13 60 23 0
13 13 24 59 0
13 13 59 24 0
12 14 18 65 0
14 12 18 65 0
12 14 65 18 0
14 12 65 18 0
13 13 18 65 0
13 13 65 18 0
