0 16 21 32 0
16 0 21 32 0
0 16 32 21 0
16 0 32 21 0
0 16 22 31 0
16 0 22 31 0
0 16 31 22 0
16 0 31 22 0
0 16 23 30 0
16 0 23 30 0
0 16 30 23 0
16 0 30 23 0
0 16 24 29 0
16 0 24 29 0
0 16 29 24 0
16 0 29 24 0
0 16 25 28 0
16 0 25 28 0
0 16 28 25 0
16 0 28 25 0
0 16 26 27 0
16 0 26 27 0
0 16 27 26 0
16 0 27 26 0
1 15 21 32 0
15 1 21 32 0
1 15 32 21 0
15 1 32 21 0
1 15 22 31 0
15 1 22 31 0
1 15 31 22 0
15 1 31 22 0
1 15 23 30 0
15 1 23 30 0
1 15 30 23 0
15 1 30 23 0
1 15 24 29 0
15 1 24 29 0
1 15 29 24 0
15 1 29 24 0
1 15 25 28 0
15 1 25 28 0
1 15 28 25 0
15 1 28 25 0
1 15 26 27 0
15 1 26 27 0
1 15 27 26 0
15 1 27 26 0
2 14 21 32 1
14 2 21 32 1
2 14 32 21 1
14 2 32 21 1
2 14 22 31 2
14 2 22 31 2
2 14 31 22 2
14 2 31 22 2
2 14 23 30 3
14 2 23 30 3
2 14 30 23 3
14 2 30 23 3
2 14 24 29 4
14 2 24 29 4
2 14 29 24 4
14 2 29 24 4
2 14 25 28 5
14 2 25 28 5
2 14 28 25 5
14 2 28 25 5
2 14 26 27 6
14 2 26 27 6
2 14 27 26 6
14 2 27 26 6
1 15 15 38 0
15 1 15 38 0
1 15 38 15 0
15 1 38 15 0
1 15 16 37 0
15 1 16 37 0
1 15 37 16 0
15 1 37 16 0
1 15 17 36 0
15 1 17 36 0
1 15 36 17 0
15 1 36 17 0
1 15 18 35 0
15 1 18 35 0
1 15 35 18 0
15 1 35 18 0
1 15 19 34 0
15 1 19 34 0
1 15 34 19 0
15 1 34 19 0
1 15 20 33 0
15 1 20 33 0
1 15 33 20 0
15 1 33 20 0
2 14 15 38 0
14 2 15 38 0
2 14 38 15 0
14 2 38 15 0
2 14 16 37 0
14 2 16 37 0
2 14 37 16 0
14 2 37 16 0
2 14 17 36 0
14 2 17 36 0
2 14 36 17 0
14 2 36 17 0
2 14 18 35 0
14 2 18 35 0
2 14 35 18 0
14 2 35 18 0
2 14 19 34 0
14 2 19 34 0
2 14 34 19 0
14 2 34 19 0
2 14 20 33 0
14 2 20 33 0
2 14 33 20 0
14 2 33 20 0
3 13 15 38 0
13 3 15 38 0
3 13 38 15 0
13 3 38 15 0
3 13 16 37 1
13 3 16 37 1
3 13 37 16 1
13 3 37 16 1
3 13 17 36 3
13 3 17 36 3
3 13 36 17 3
13 3 36 17 3
3 13 18 35 6
13 3 18 35 6
3 13 35 18 6
13 3 35 18 6
3 13 19 34 11
13 3 19 34 11
3 13 34 19 11
13 3 34 19 11
3 13 20 33 18
13 3 20 33 18
3 13 33 20 18
13 3 33 20 18
3 13 21 32 28
13 3 21 32 28
3 13 32 21 28
13 3 32 21 28
3 13 22 31 40
13 3 22 31 40
3 13 31 22 40
13 3 31 22 40
3 13 23 30 52
13 3 23 30 52
3 13 30 23 52
13 3 30 23 52
3 13 24 29 63
13 3 24 29 63
3 13 29 24 63
13 3 29 24 63
3 13 25 28 72
13 3 25 28 72
3 13 28 25 72
13 3 28 25 72
3 13 26 27 78
13 3 26 27 78
3 13 27 26 78
13 3 27 26 78
4 12 15 38 8
12 4 15 38 8
4 12 38 15 8
12 4 38 15 8
4 12 16 37 17
12 4 16 37 17
4 12 37 16 17
12 4 37 16 17
4 12 17 36 34
12 4 17 36 34
4 12 36 17 34
12 4 36 17 34
4 12 18 35 59
12 4 18 35 59
4 12 35 18 59
12 4 35 18 59
4 12 19 34 95
12 4 19 34 95
4 12 34 19 95
12 4 34 19 95
4 12 20 33 140
12 4 20 33 140
4 12 33 20 140
12 4 33 20 140
4 12 21 32 196
12 4 21 32 196
4 12 32 21 196
12 4 32 21 196
4 12 22 31 257
12 4 22 31 257
4 12 31 22 257
12 4 31 22 257
4 12 23 30 318
12 4 23 30 318
4 12 30 23 318
12 4 30 23 318
4 12 24 29 371
12 4 24 29 371
4 12 29 24 371
12 4 29 24 371
4 12 25 28 412
12 4 25 28 412
4 12 28 25 412
12 4 28 25 412
4 12 26 27 435
12 4 26 27 435
4 12 27 26 435
12 4 27 26 435
2 14 11 42 0
14 2 11 42 0
2 14 42 11 0
14 2 42 11 0
2 14 12 41 0
14 2 12 41 0
2 14 41 12 0
14 2 41 12 0
2 14 13 40 0
14 2 13 40 0
2 14 40 13 0
14 2 40 13 0
2 14 14 39 0
14 2 14 39 0
2 14 39 14 0
14 2 39 14 0
3 13 11 42 0
13 3 11 42 0
3 13 42 11 0
13 3 42 11 0
3 13 12 41 0
13 3 12 41 0
3 13 41 12 0
13 3 41 12 0
3 13 13 40 0
13 3 13 40 0
3 13 40 13 0
13 3 40 13 0
3 13 14 39 0
13 3 14 39 0
3 13 39 14 0
13 3 39 14 0
4 12 11 42 0
12 4 11 42 0
4 12 42 11 0
12 4 42 11 0
4 12 12 41 0
12 4 12 41 0
4 12 41 12 0
12 4 41 12 0
4 12 13 40 1
12 4 13 40 1
4 12 40 13 1
12 4 40 13 1
4 12 14 39 3
12 4 14 39 3
4 12 39 14 3
12 4 39 14 3
3 13 10 43 0
13 3 10 43 0
3 13 43 10 0
13 3 43 10 0
4 12 10 43 0
12 4 10 43 0
4 12 43 10 0
12 4 43 10 0
5 11 10 43 0
11 5 10 43 0
5 11 43 10 0
11 5 43 10 0
5 11 11 42 0
11 5 11 42 0
5 11 42 11 0
11 5 42 11 0
5 11 12 41 2
11 5 12 41 2
5 11 41 12 2
11 5 41 12 2
5 11 13 40 7
11 5 13 40 7
5 11 40 13 7
11 5 40 13 7
5 11 14 39 19
11 5 14 39 19
5 11 39 14 19
11 5 39 14 19
5 11 15 38 43
11 5 15 38 43
5 11 38 15 43
11 5 38 15 43
5 11 16 37 84
11 5 16 37 84
5 11 37 16 84
11 5 37 16 84
5 11 17 36 149
11 5 17 36 149
5 11 36 17 149
11 5 36 17 149
5 11 18 35 243
11 5 18 35 243
5 11 35 18 243
11 5 35 18 243
5 11 19 34 368
11 5 19 34 368
5 11 34 19 368
11 5 34 19 368
5 11 20 33 522
11 5 20 33 522
5 11 33 20 522
11 5 33 20 522
5 11 21 32 700
11 5 21 32 700
5 11 32 21 700
11 5 32 21 700
5 11 22 31 889
11 5 22 31 889
5 11 31 22 889
11 5 31 22 889
5 11 23 30 1073
11 5 23 30 1073
5 11 30 23 1073
11 5 30 23 1073
5 11 24 29 1233
11 5 24 29 1233
5 11 29 24 1233
11 5 29 24 1233
5 11 25 28 1352
11 5 25 28 1352
5 11 28 25 1352
11 5 28 25 1352
5 11 26 27 1416
11 5 26 27 1416
5 11 27 26 1416
11 5 27 26 1416
6 10 11 42 4
10 6 11 42 4
6 10 42 11 4
10 6 42 11 4
6 10 12 41 12
10 6 12 41 12
6 10 41 12 12
10 6 41 12 12
6 10 13 40 31
10 6 13 40 31
6 10 40 13 31
10 6 40 13 31
6 10 14 39 68
10 6 14 39 68
6 10 39 14 68
10 6 39 14 68
6 10 15 38 135
10 6 15 38 135
6 10 38 15 135
10 6 38 15 135
6 10 16 37 242
10 6 16 37 242
6 10 37 16 242
10 6 37 16 242
6 10 17 36 404
10 6 17 36 404
6 10 36 17 404
10 6 36 17 404
6 10 18 35 626
10 6 18 35 626
6 10 35 18 626
10 6 35 18 626
6 10 19 34 915
10 6 19 34 915
6 10 34 19 915
10 6 34 19 915
6 10 20 33 1260
10 6 20 33 1260
6 10 33 20 1260
10 6 33 20 1260
6 10 21 32 1650
10 6 21 32 1650
6 10 32 21 1650
10 6 32 21 1650
6 10 22 31 2055
10 6 22 31 2055
6 10 31 22 2055
10 6 31 22 2055
6 10 23 30 2445
10 6 23 30 2445
6 10 30 23 2445
10 6 30 23 2445
6 10 24 29 2779
10 6 24 29 2779
6 10 29 24 2779
10 6 29 24 2779
6 10 25 28 3026
10 6 25 28 3026
6 10 28 25 3026
10 6 28 25 3026
6 10 26 27 3157
10 6 26 27 3157
6 10 27 26 3157
10 6 27 26 3157
3 13 9 44 0
13 3 9 44 0
3 13 44 9 0
13 3 44 9 0
4 12 9 44 0
12 4 9 44 0
4 12 44 9 0
12 4 44 9 0
5 11 9 44 0
11 5 9 44 0
5 11 44 9 0
11 5 44 9 0
4 12 7 46 0
12 4 7 46 0
4 12 46 7 0
12 4 46 7 0
4 12 8 45 0
12 4 8 45 0
4 12 45 8 0
12 4 45 8 0
5 11 7 46 0
11 5 7 46 0
5 11 46 7 0
11 5 46 7 0
5 11 8 45 0
11 5 8 45 0
5 11 45 8 0
11 5 45 8 0
6 10 7 46 0
10 6 7 46 0
6 10 46 7 0
10 6 46 7 0
6 10 8 45 0
10 6 8 45 0
6 10 45 8 0
10 6 45 8 0
6 10 9 44 0
10 6 9 44 0
6 10 44 9 0
10 6 44 9 0
6 10 10 43 1
10 6 10 43 1
6 10 43 10 1
10 6 43 10 1
7 9 7 46 0
9 7 7 46 0
7 9 46 7 0
9 7 46 7 0
7 9 8 45 0
9 7 8 45 0
7 9 45 8 0
9 7 45 8 0
7 9 9 44 0
9 7 9 44 0
7 9 44 9 0
9 7 44 9 0
7 9 10 43 2
9 7 10 43 2
7 9 43 10 2
9 7 43 10 2
7 9 11 42 8
9 7 11 42 8
7 9 42 11 8
9 7 42 11 8
7 9 12 41 24
9 7 12 41 24
7 9 41 12 24
9 7 41 12 24
7 9 13 40 59
9 7 13 40 59
7 9 40 13 59
9 7 40 13 59
7 9 14 39 126
9 7 14 39 126
7 9 39 14 126
9 7 39 14 126
7 9 15 38 241
9 7 15 38 241
7 9 38 15 241
9 7 38 15 241
7 9 16 37 423
9 7 16 37 423
7 9 37 16 423
9 7 37 16 423
7 9 17 36 689
9 7 17 36 689
7 9 36 17 689
9 7 36 17 689
7 9 18 35 1050
9 7 18 35 1050
7 9 35 18 1050
9 7 35 18 1050
7 9 19 34 1509
9 7 19 34 1509
7 9 34 19 1509
9 7 34 19 1509
7 9 20 33 2054
9 7 20 33 2054
7 9 33 20 2054
9 7 33 20 2054
7 9 21 32 2661
9 7 21 32 2661
7 9 32 21 2661
9 7 32 21 2661
7 9 22 31 3288
9 7 22 31 3288
7 9 31 22 3288
9 7 31 22 3288
7 9 23 30 3885
9 7 23 30 3885
7 9 30 23 3885
9 7 30 23 3885
7 9 24 29 4396
9 7 24 29 4396
7 9 29 24 4396
9 7 29 24 4396
7 9 25 28 4771
9 7 25 28 4771
7 9 28 25 4771
9 7 28 25 4771
7 9 26 27 4970
9 7 26 27 4970
7 9 27 26 4970
9 7 27 26 4970
8 8 9 44 1
8 8 44 9 1
8 8 10 43 4
8 8 43 10 4
8 8 11 42 13
8 8 42 11 13
8 8 12 41 34
8 8 41 12 34
8 8 13 40 79
8 8 40 13 79
8 8 14 39 161
8 8 39 14 161
8 8 15 38 302
8 8 38 15 302
8 8 16 37 519
8 8 37 16 519
8 8 17 36 836
8 8 36 17 836
8 8 18 35 1261
8 8 35 18 1261
8 8 19 34 1800
8 8 34 19 1800
8 8 20 33 2434
8 8 33 20 2434
8 8 21 32 3141
8 8 32 21 3141
8 8 22 31 3866
8 8 31 22 3866
8 8 23 30 4556
8 8 30 23 4556
8 8 24 29 5144
8 8 29 24 5144
8 8 25 28 5576
8 8 28 25 5576
8 8 26 27 5805
8 8 27 26 5805
5 11 6 47 0
11 5 6 47 0
5 11 47 6 0
11 5 47 6 0
6 10 6 47 0
10 6 6 47 0
6 10 47 6 0
10 6 47 6 0
7 9 6 47 0
9 7 6 47 0
7 9 47 6 0
9 7 47 6 0
6 10 5 48 0
10 6 5 48 0
6 10 48 5 0
10 6 48 5 0
7 9 5 48 0
9 7 5 48 0
7 9 48 5 0
9 7 48 5 0
8 8 5 48 0
8 8 48 5 0
8 8 6 47 0
8 8 47 6 0
8 8 7 46 0
8 8 46 7 0
8 8 8 45 0
8 8 45 8 0
