17 23 52 73 0
23 17 52 73 0
17 23 73 52 0
23 17 73 52 0
17 23 53 72 0
23 17 53 72 0
17 23 72 53 0
23 17 72 53 0
17 23 54 71 0
23 17 54 71 0
17 23 71 54 0
23 17 71 54 0
17 23 55 70 0
23 17 55 70 0
17 23 70 55 0
23 17 70 55 0
17 23 56 69 0
23 17 56 69 0
17 23 69 56 0
23 17 69 56 0
17 23 57 68 0
23 17 57 68 0
17 23 68 57 0
23 17 68 57 0
17 23 58 67 0
23 17 58 67 0
17 23 67 58 0
23 17 67 58 0
17 23 59 66 0
23 17 59 66 0
17 23 66 59 0
23 17 66 59 0
17 23 60 65 0
23 17 60 65 0
17 23 65 60 0
23 17 65 60 0
17 23 61 64 0
23 17 61 64 0
17 23 64 61 0
23 17 64 61 0
17 23 62 63 0
23 17 62 63 0
17 23 63 62 0
23 17 63 62 0
18 22 52 73 0
22 18 52 73 0
18 22 73 52 0
22 18 73 52 0
18 22 53 72 0
22 18 53 72 0
18 22 72 53 0
22 18 72 53 0
18 22 54 71 0
22 18 54 71 0
18 22 71 54 0
22 18 71 54 0
18 22 55 70 0
22 18 55 70 0
18 22 70 55 0
22 18 70 55 0
18 22 56 69 0
22 18 56 69 0
18 22 69 56 0
22 18 69 56 0
18 22 57 68 0
22 18 57 68 0
18 22 68 57 0
22 18 68 57 0
18 22 58 67 0
22 18 58 67 0
18 22 67 58 0
22 18 67 58 0
18 22 59 66 0
22 18 59 66 0
18 22 66 59 0
22 18 66 59 0
18 22 60 65 0
22 18 60 65 0
18 22 65 60 0
22 18 65 60 0
18 22 61 64 0
22 18 61 64 0
18 22 64 61 0
22 18 64 61 0
18 22 62 63 0
22 18 62 63 0
18 22 63 62 0
22 18 63 62 0
19 21 52 73 0
21 19 52 73 0
19 21 73 52 0
21 19 73 52 0
19 21 53 72 0
21 19 53 72 0
19 21 72 53 0
21 19 72 53 0
19 21 54 71 0
21 19 54 71 0
19 21 71 54 0
21 19 71 54 0
19 21 55 70 0
21 19 55 70 0
19 21 70 55 0
21 19 70 55 0
19 21 56 69 0
21 19 56 69 0
19 21 69 56 0
21 19 69 56 0
19 21 57 68 0
21 19 57 68 0
19 21 68 57 0
21 19 68 57 0
19 21 58 67 0
21 19 58 67 0
19 21 67 58 0
21 19 67 58 0
19 21 59 66 0
21 19 59 66 0
19 21 66 59 0
21 19 66 59 0
19 21 60 65 0
21 19 60 65 0
19 21 65 60 0
21 19 65 60 0
19 21 61 64 0
21 19 61 64 0
19 21 64 61 0
21 19 64 61 0
19 21 62 63 0
21 19 62 63 0
19 21 63 62 0
21 19 63 62 0
18 22 51 74 0
22 18 51 74 0
18 22 74 51 0
22 18 74 51 0
19 21 51 74 0
21 19 51 74 0
19 21 74 51 0
21 19 74 51 0
20 20 51 74 0
20 20 74 51 0
20 20 52 73 0
20 20 73 52 0
20 20 53 72 0
20 20 72 53 0
20 20 54 71 0
20 20 71 54 0
20 20 55 70 0
20 20 70 55 0
20 20 56 69 0
20 20 69 56 0
20 20 57 68 0
20 20 68 57 0
20 20 58 67 0
20 20 67 58 0
20 20 59 66 0
20 20 66 59 0
20 20 60 65 0
20 20 65 60 0
20 20 61 64 0
20 20 64 61 0
20 20 62 63 0
20 20 63 62 0
