1 17 21 38 0
17 1 21 38 0
1 17 38 21 0
17 1 38 21 0
1 17 22 37 0
17 1 22 37 0
1 17 37 22 0
17 1 37 22 0
1 17 23 36 0
17 1 23 36 0
1 17 36 23 0
17 1 36 23 0
1 17 24 35 0
17 1 24 35 0
1 17 35 24 0
17 1 35 24 0
1 17 25 34 0
17 1 25 34 0
1 17 34 25 0
17 1 34 25 0
1 17 26 33 0
17 1 26 33 0
1 17 33 26 0
17 1 33 26 0
1 17 27 32 0
17 1 27 32 0
1 17 32 27 0
17 1 32 27 0
1 17 28 31 0
17 1 28 31 0
1 17 31 28 0
17 1 31 28 0
1 17 29 30 0
17 1 29 30 0
1 17 30 29 0
17 1 30 29 0
2 16 21 38 0
16 2 21 38 0
2 16 38 21 0
16 2 38 21 0
2 16 22 37 0
16 2 22 37 0
2 16 37 22 0
16 2 37 22 0
2 16 23 36 0
16 2 23 36 0
2 16 36 23 0
16 2 36 23 0
2 16 24 35 0
16 2 24 35 0
2 16 35 24 0
16 2 35 24 0
2 16 25 34 0
16 2 25 34 0
2 16 34 25 0
16 2 34 25 0
2 16 26 33 0
16 2 26 33 0
2 16 33 26 0
16 2 33 26 0
2 16 27 32 0
16 2 27 32 0
2 16 32 27 0
16 2 32 27 0
2 16 28 31 0
16 2 28 31 0
2 16 31 28 0
16 2 31 28 0
2 16 29 30 0
16 2 29 30 0
2 16 30 29 0
16 2 30 29 0
3 15 21 38 0
15 3 21 38 0
3 15 38 21 0
15 3 38 21 0
3 15 22 37 1
15 3 22 37 1
3 15 37 22 1
15 3 37 22 1
3 15 23 36 2
15 3 23 36 2
3 15 36 23 2
15 3 36 23 2
3 15 24 35 4
15 3 24 35 4
3 15 35 24 4
15 3 35 24 4
3 15 25 34 6
15 3 25 34 6
3 15 34 25 6
15 3 34 25 6
3 15 26 33 9
15 3 26 33 9
3 15 33 26 9
15 3 33 26 9
3 15 27 32 12
15 3 27 32 12
3 15 32 27 12
15 3 32 27 12
3 15 28 31 14
15 3 28 31 14
3 15 31 28 14
15 3 31 28 14
3 15 29 30 15
15 3 29 30 15
3 15 30 29 15
15 3 30 29 15
4 14 21 38 13
14 4 21 38 13
4 14 38 21 13
14 4 38 21 13
4 14 22 37 25
14 4 22 37 25
4 14 37 22 25
14 4 37 22 25
4 14 23 36 41
14 4 23 36 41
4 14 36 23 41
14 4 36 23 41
4 14 24 35 62
14 4 24 35 62
4 14 35 24 62
14 4 35 24 62
4 14 25 34 85
14 4 25 34 85
4 14 34 25 85
14 4 34 25 85
4 14 26 33 111
14 4 26 33 111
4 14 33 26 111
14 4 33 26 111
4 14 27 32 135
14 4 27 32 135
4 14 32 27 135
14 4 32 27 135
4 14 28 31 153
14 4 28 31 153
4 14 31 28 153
14 4 31 28 153
4 14 29 30 162
14 4 29 30 162
4 14 30 29 162
14 4 30 29 162
2 16 16 43 0
16 2 16 43 0
2 16 43 16 0
16 2 43 16 0
2 16 17 42 0
16 2 17 42 0
2 16 42 17 0
16 2 42 17 0
2 16 18 41 0
16 2 18 41 0
2 16 41 18 0
16 2 41 18 0
2 16 19 40 0
16 2 19 40 0
2 16 40 19 0
16 2 40 19 0
2 16 20 39 0
16 2 20 39 0
2 16 39 20 0
16 2 39 20 0
3 15 16 43 0
15 3 16 43 0
3 15 43 16 0
15 3 43 16 0
3 15 17 42 0
15 3 17 42 0
3 15 42 17 0
15 3 42 17 0
3 15 18 41 0
15 3 18 41 0
3 15 41 18 0
15 3 41 18 0
3 15 19 40 0
15 3 19 40 0
3 15 40 19 0
15 3 40 19 0
3 15 20 39 0
15 3 20 39 0
3 15 39 20 0
15 3 39 20 0
4 14 16 43 0
14 4 16 43 0
4 14 43 16 0
14 4 43 16 0
4 14 17 42 0
14 4 17 42 0
4 14 42 17 0
14 4 42 17 0
4 14 18 41 1
14 4 18 41 1
4 14 41 18 1
14 4 41 18 1
4 14 19 40 3
14 4 19 40 3
4 14 40 19 3
14 4 40 19 3
4 14 20 39 7
14 4 20 39 7
4 14 39 20 7
14 4 39 20 7
3 15 15 44 0
15 3 15 44 0
3 15 44 15 0
15 3 44 15 0
4 14 15 44 0
14 4 15 44 0
4 14 44 15 0
14 4 44 15 0
5 13 15 44 0
13 5 15 44 0
5 13 44 15 0
13 5 44 15 0
5 13 16 43 1
13 5 16 43 1
5 13 43 16 1
13 5 43 16 1
5 13 17 42 4
13 5 17 42 4
5 13 42 17 4
13 5 42 17 4
5 13 18 41 12
13 5 18 41 12
5 13 41 18 12
13 5 41 18 12
5 13 19 40 28
13 5 19 40 28
5 13 40 19 28
13 5 40 19 28
5 13 20 39 56
13 5 20 39 56
5 13 39 20 56
13 5 39 20 56
5 13 21 38 99
13 5 21 38 99
5 13 38 21 99
13 5 38 21 99
5 13 22 37 163
13 5 22 37 163
5 13 37 22 163
13 5 37 22 163
5 13 23 36 246
13 5 23 36 246
5 13 36 23 246
13 5 36 23 246
5 13 24 35 347
13 5 24 35 347
5 13 35 24 347
13 5 35 24 347
5 13 25 34 457
13 5 25 34 457
5 13 34 25 457
13 5 34 25 457
5 13 26 33 570
13 5 26 33 570
5 13 33 26 570
13 5 33 26 570
5 13 27 32 671
13 5 27 32 671
5 13 32 27 671
13 5 32 27 671
5 13 28 31 747
13 5 28 31 747
5 13 31 28 747
13 5 31 28 747
5 13 29 30 787
13 5 29 30 787
5 13 30 29 787
13 5 30 29 787
6 12 16 43 13
12 6 16 43 13
6 12 43 16 13
12 6 43 16 13
6 12 17 42 31
12 6 17 42 31
6 12 42 17 31
12 6 42 17 31
6 12 18 41 69
12 6 18 41 69
6 12 41 18 69
12 6 41 18 69
6 12 19 40 134
12 6 19 40 134
6 12 40 19 134
12 6 40 19 134
6 12 20 39 240
12 6 20 39 240
6 12 39 20 240
12 6 39 20 240
6 12 21 38 392
12 6 21 38 392
6 12 38 21 392
12 6 38 21 392
6 12 22 37 602
12 6 22 37 602
6 12 37 22 602
12 6 37 22 602
6 12 23 36 863
12 6 23 36 863
6 12 36 23 863
12 6 36 23 863
6 12 24 35 1170
12 6 24 35 1170
6 12 35 24 1170
12 6 35 24 1170
6 12 25 34 1496
12 6 25 34 1496
6 12 34 25 1496
12 6 34 25 1496
6 12 26 33 1820
12 6 26 33 1820
6 12 33 26 1820
12 6 33 26 1820
6 12 27 32 2103
12 6 27 32 2103
6 12 32 27 2103
12 6 32 27 2103
6 12 28 31 2315
12 6 28 31 2315
6 12 31 28 2315
12 6 31 28 2315
6 12 29 30 2427
12 6 29 30 2427
6 12 30 29 2427
12 6 30 29 2427
3 15 13 46 0
15 3 13 46 0
3 15 46 13 0
15 3 46 13 0
3 15 14 45 0
15 3 14 45 0
3 15 45 14 0
15 3 45 14 0
4 14 13 46 0
14 4 13 46 0
4 14 46 13 0
14 4 46 13 0
4 14 14 45 0
14 4 14 45 0
4 14 45 14 0
14 4 45 14 0
5 13 13 46 0
13 5 13 46 0
5 13 46 13 0
13 5 46 13 0
5 13 14 45 0
13 5 14 45 0
5 13 45 14 0
13 5 45 14 0
4 14 11 48 0
14 4 11 48 0
4 14 48 11 0
14 4 48 11 0
4 14 12 47 0
14 4 12 47 0
4 14 47 12 0
14 4 47 12 0
5 13 11 48 0
13 5 11 48 0
5 13 48 11 0
13 5 48 11 0
5 13 12 47 0
13 5 12 47 0
5 13 47 12 0
13 5 47 12 0
6 12 11 48 0
12 6 11 48 0
6 12 48 11 0
12 6 48 11 0
6 12 12 47 0
12 6 12 47 0
6 12 47 12 0
12 6 47 12 0
6 12 13 46 0
12 6 13 46 0
6 12 46 13 0
12 6 46 13 0
6 12 14 45 1
12 6 14 45 1
6 12 45 14 1
12 6 45 14 1
6 12 15 44 4
12 6 15 44 4
6 12 44 15 4
12 6 44 15 4
7 11 11 48 0
11 7 11 48 0
7 11 48 11 0
11 7 48 11 0
7 11 12 47 0
11 7 12 47 0
7 11 47 12 0
11 7 47 12 0
7 11 13 46 1
11 7 13 46 1
7 11 46 13 1
11 7 46 13 1
7 11 14 45 5
11 7 14 45 5
7 11 45 14 5
11 7 45 14 5
7 11 15 44 16
11 7 15 44 16
7 11 44 15 16
11 7 44 15 16
7 11 16 43 43
11 7 16 43 43
7 11 43 16 43
11 7 43 16 43
7 11 17 42 96
11 7 17 42 96
7 11 42 17 96
11 7 42 17 96
7 11 18 41 194
11 7 18 41 194
7 11 41 18 194
11 7 41 18 194
7 11 19 40 355
11 7 19 40 355
7 11 40 19 355
11 7 40 19 355
7 11 20 39 602
11 7 20 39 602
7 11 39 20 602
11 7 39 20 602
7 11 21 38 948
11 7 21 38 948
7 11 38 21 948
11 7 38 21 948
7 11 22 37 1406
11 7 22 37 1406
7 11 37 22 1406
11 7 37 22 1406
7 11 23 36 1965
11 7 23 36 1965
7 11 36 23 1965
11 7 36 23 1965
7 11 24 35 2605
11 7 24 35 2605
7 11 35 24 2605
11 7 35 24 2605
7 11 25 34 3279
11 7 25 34 3279
7 11 34 25 3279
11 7 34 25 3279
7 11 26 33 3935
11 7 26 33 3935
7 11 33 26 3935
11 7 33 26 3935
7 11 27 32 4504
11 7 27 32 4504
7 11 32 27 4504
11 7 32 27 4504
7 11 28 31 4926
11 7 28 31 4926
7 11 31 28 4926
11 7 31 28 4926
7 11 29 30 5150
11 7 29 30 5150
7 11 30 29 5150
11 7 30 29 5150
8 10 13 46 4
10 8 13 46 4
8 10 46 13 4
10 8 46 13 4
8 10 14 45 14
10 8 14 45 14
8 10 45 14 14
10 8 45 14 14
8 10 15 44 37
10 8 15 44 37
8 10 44 15 37
10 8 44 15 37
8 10 16 43 89
10 8 16 43 89
8 10 43 16 89
10 8 43 16 89
8 10 17 42 185
10 8 17 42 185
8 10 42 17 185
10 8 42 17 185
8 10 18 41 356
10 8 18 41 356
8 10 41 18 356
10 8 41 18 356
8 10 19 40 626
10 8 19 40 626
8 10 40 19 626
10 8 40 19 626
8 10 20 39 1031
10 8 20 39 1031
8 10 39 20 1031
10 8 39 20 1031
8 10 21 38 1585
10 8 21 38 1585
8 10 38 21 1585
10 8 38 21 1585
8 10 22 37 2308
10 8 22 37 2308
8 10 37 22 2308
10 8 37 22 2308
8 10 23 36 3176
10 8 23 36 3176
8 10 36 23 3176
10 8 36 23 3176
8 10 24 35 4160
10 8 24 35 4160
8 10 35 24 4160
10 8 35 24 4160
8 10 25 34 5185
10 8 25 34 5185
8 10 34 25 5185
10 8 34 25 5185
8 10 26 33 6177
10 8 26 33 6177
8 10 33 26 6177
10 8 33 26 6177
8 10 27 32 7032
10 8 27 32 7032
8 10 32 27 7032
10 8 32 27 7032
8 10 28 31 7664
10 8 28 31 7664
8 10 31 28 7664
10 8 31 28 7664
8 10 29 30 7998
10 8 29 30 7998
8 10 30 29 7998
10 8 30 29 7998
5 13 9 50 0
13 5 9 50 0
5 13 50 9 0
13 5 50 9 0
5 13 10 49 0
13 5 10 49 0
5 13 49 10 0
13 5 49 10 0
6 12 9 50 0
12 6 9 50 0
6 12 50 9 0
12 6 50 9 0
6 12 10 49 0
12 6 10 49 0
6 12 49 10 0
12 6 49 10 0
7 11 9 50 0
11 7 9 50 0
7 11 50 9 0
11 7 50 9 0
7 11 10 49 0
11 7 10 49 0
7 11 49 10 0
11 7 49 10 0
6 12 8 51 0
12 6 8 51 0
6 12 51 8 0
12 6 51 8 0
7 11 8 51 0
11 7 8 51 0
7 11 51 8 0
11 7 51 8 0
8 10 8 51 0
10 8 8 51 0
8 10 51 8 0
10 8 51 8 0
8 10 9 50 0
10 8 9 50 0
8 10 50 9 0
10 8 50 9 0
8 10 10 49 0
10 8 10 49 0
8 10 49 10 0
10 8 49 10 0
8 10 11 48 0
10 8 11 48 0
8 10 48 11 0
10 8 48 11 0
8 10 12 47 1
10 8 12 47 1
8 10 47 12 1
10 8 47 12 1
9 9 9 50 0
9 9 50 9 0
9 9 10 49 0
9 9 49 10 0
9 9 11 48 0
9 9 48 11 0
9 9 12 47 1
9 9 47 12 1
9 9 13 46 5
9 9 46 13 5
9 9 14 45 17
9 9 45 14 17
9 9 15 44 46
9 9 44 15 46
9 9 16 43 108
9 9 43 16 108
9 9 17 42 224
9 9 42 17 224
9 9 18 41 426
9 9 41 18 426
9 9 19 40 745
9 9 40 19 745
9 9 20 39 1217
9 9 39 20 1217
9 9 21 38 1863
9 9 38 21 1863
9 9 22 37 2698
9 9 37 22 2698
9 9 23 36 3700
9 9 36 23 3700
9 9 24 35 4829
9 9 35 24 4829
9 9 25 34 6005
9 9 34 25 6005
9 9 26 33 7138
9 9 33 26 7138
9 9 27 32 8115
9 9 32 27 8115
9 9 28 31 8835
9 9 31 28 8835
9 9 29 30 9216
9 9 30 29 9216
7 11 7 52 0
11 7 7 52 0
7 11 52 7 0
11 7 52 7 0
8 10 7 52 0
10 8 7 52 0
8 10 52 7 0
10 8 52 7 0
9 9 7 52 0
9 9 52 7 0
9 9 8 51 0
9 9 51 8 0
