21 23 63 74 0
23 21 63 74 0
21 23 74 63 0
23 21 74 63 0
21 23 64 73 0
23 21 64 73 0
21 23 73 64 0
23 21 73 64 0
21 23 65 72 0
23 21 65 72 0
21 23 72 65 0
23 21 72 65 0
21 23 66 71 0
23 21 66 71 0
21 23 71 66 0
23 21 71 66 0
21 23 67 70 0
23 21 67 70 0
21 23 70 67 0
23 21 70 67 0
21 23 68 69 0
23 21 68 69 0
21 23 69 68 0
23 21 69 68 0
22 22 63 74 0
22 22 74 63 0
22 22 64 73 0
22 22 73 64 0
22 22 65 72 0
22 22 72 65 0
22 22 66 71 0
22 22 71 66 0
22 22 67 70 0
22 22 70 67 0
22 22 68 69 0
22 22 69 68 0
