19 23 57 74 0
23 19 57 74 0
19 23 74 57 0
23 19 74 57 0
19 23 58 73 0
23 19 58 73 0
19 23 73 58 0
23 19 73 58 0
19 23 59 72 0
23 19 59 72 0
19 23 72 59 0
23 19 72 59 0
19 23 60 71 0
23 19 60 71 0
19 23 71 60 0
23 19 71 60 0
19 23 61 70 0
23 19 61 70 0
19 23 70 61 0
23 19 70 61 0
19 23 62 69 0
23 19 62 69 0
19 23 69 62 0
23 19 69 62 0
19 23 63 68 0
23 19 63 68 0
19 23 68 63 0
23 19 68 63 0
19 23 64 67 0
23 19 64 67 0
19 23 67 64 0
23 19 67 64 0
19 23 65 66 0
23 19 65 66 0
19 23 66 65 0
23 19 66 65 0
20 22 57 74 0
22 20 57 74 0
20 22 74 57 0
22 20 74 57 0
20 22 58 73 0
22 20 58 73 0
20 22 73 58 0
22 20 73 58 0
20 22 59 72 0
22 20 59 72 0
20 22 72 59 0
22 20 72 59 0
20 22 60 71 0
22 20 60 71 0
20 22 71 60 0
22 20 71 60 0
20 22 61 70 0
22 20 61 70 0
20 22 70 61 0
22 20 70 61 0
20 22 62 69 0
22 20 62 69 0
20 22 69 62 0
22 20 69 62 0
20 22 63 68 0
22 20 63 68 0
20 22 68 63 0
22 20 68 63 0
20 22 64 67 0
22 20 64 67 0
20 22 67 64 0
22 20 67 64 0
20 22 65 66 0
22 20 65 66 0
20 22 66 65 0
22 20 66 65 0
21 21 57 74 0
21 21 74 57 0
21 21 58 73 0
21 21 73 58 0
21 21 59 72 0
21 21 72 59 0
21 21 60 71 0
21 21 71 60 0
21 21 61 70 0
21 21 70 61 0
21 21 62 69 0
21 21 69 62 0
21 21 63 68 0
21 21 68 63 0
21 21 64 67 0
21 21 67 64 0
21 21 65 66 0
21 21 66 65 0
