0 14 15 32 0
14 0 15 32 0
0 14 32 15 0
14 0 32 15 0
0 14 16 31 0
14 0 16 31 0
0 14 31 16 0
14 0 31 16 0
0 14 17 30 0
14 0 17 30 0
0 14 30 17 0
14 0 30 17 0
0 14 18 29 0
14 0 18 29 0
0 14 29 18 0
14 0 29 18 0
0 14 19 28 0
14 0 19 28 0
0 14 28 19 0
14 0 28 19 0
0 14 20 27 0
14 0 20 27 0
0 14 27 20 0
14 0 27 20 0
0 14 21 26 0
14 0 21 26 0
0 14 26 21 0
14 0 26 21 0
0 14 22 25 0
14 0 22 25 0
0 14 25 22 0
14 0 25 22 0
0 14 23 24 0
14 0 23 24 0
0 14 24 23 0
14 0 24 23 0
1 13 15 32 0
13 1 15 32 0
1 13 32 15 0
13 1 32 15 0
1 13 16 31 0
13 1 16 31 0
1 13 31 16 0
13 1 31 16 0
1 13 17 30 0
13 1 17 30 0
1 13 30 17 0
13 1 30 17 0
1 13 18 29 0
13 1 18 29 0
1 13 29 18 0
13 1 29 18 0
1 13 19 28 0
13 1 19 28 0
1 13 28 19 0
13 1 28 19 0
1 13 20 27 0
13 1 20 27 0
1 13 27 20 0
13 1 27 20 0
1 13 21 26 1
13 1 21 26 1
1 13 26 21 1
13 1 26 21 1
1 13 22 25 1
13 1 22 25 1
1 13 25 22 1
13 1 25 22 1
1 13 23 24 1
13 1 23 24 1
1 13 24 23 1
13 1 24 23 1
2 12 15 32 1
12 2 15 32 1
2 12 32 15 1
12 2 32 15 1
2 12 16 31 2
12 2 16 31 2
2 12 31 16 2
12 2 31 16 2
2 12 17 30 4
12 2 17 30 4
2 12 30 17 4
12 2 30 17 4
2 12 18 29 6
12 2 18 29 6
2 12 29 18 6
12 2 29 18 6
2 12 19 28 9
12 2 19 28 9
2 12 28 19 9
12 2 28 19 9
2 12 20 27 12
12 2 20 27 12
2 12 27 20 12
12 2 27 20 12
2 12 21 26 16
12 2 21 26 16
2 12 26 21 16
12 2 26 21 16
2 12 22 25 18
12 2 22 25 18
2 12 25 22 18
12 2 25 22 18
2 12 23 24 19
12 2 23 24 19
2 12 24 23 19
12 2 24 23 19
1 13 10 37 0
13 1 10 37 0
1 13 37 10 0
13 1 37 10 0
1 13 11 36 0
13 1 11 36 0
1 13 36 11 0
13 1 36 11 0
1 13 12 35 0
13 1 12 35 0
1 13 35 12 0
13 1 35 12 0
1 13 13 34 0
13 1 13 34 0
1 13 34 13 0
13 1 34 13 0
1 13 14 33 0
13 1 14 33 0
1 13 33 14 0
13 1 33 14 0
2 12 10 37 0
12 2 10 37 0
2 12 37 10 0
12 2 37 10 0
2 12 11 36 0
12 2 11 36 0
2 12 36 11 0
12 2 36 11 0
2 12 12 35 0
12 2 12 35 0
2 12 35 12 0
12 2 35 12 0
2 12 13 34 0
12 2 13 34 0
2 12 34 13 0
12 2 34 13 0
2 12 14 33 0
12 2 14 33 0
2 12 33 14 0
12 2 33 14 0
3 11 10 37 0
11 3 10 37 0
3 11 37 10 0
11 3 37 10 0
3 11 11 36 1
11 3 11 36 1
3 11 36 11 1
11 3 36 11 1
3 11 12 35 3
11 3 12 35 3
3 11 35 12 3
11 3 35 12 3
3 11 13 34 7
11 3 13 34 7
3 11 34 13 7
11 3 34 13 7
3 11 14 33 13
11 3 14 33 13
3 11 33 14 13
11 3 33 14 13
3 11 15 32 23
11 3 15 32 23
3 11 32 15 23
11 3 32 15 23
3 11 16 31 36
11 3 16 31 36
3 11 31 16 36
11 3 31 16 36
3 11 17 30 53
11 3 17 30 53
3 11 30 17 53
11 3 30 17 53
3 11 18 29 72
11 3 18 29 72
3 11 29 18 72
11 3 29 18 72
3 11 19 28 93
11 3 19 28 93
3 11 28 19 93
11 3 28 19 93
3 11 20 27 113
11 3 20 27 113
3 11 27 20 113
11 3 27 20 113
3 11 21 26 132
11 3 21 26 132
3 11 26 21 132
11 3 26 21 132
3 11 22 25 145
11 3 22 25 145
3 11 25 22 145
11 3 25 22 145
3 11 23 24 152
11 3 23 24 152
3 11 24 23 152
11 3 24 23 152
4 10 10 37 3
10 4 10 37 3
4 10 37 10 3
10 4 37 10 3
4 10 11 36 9
10 4 11 36 9
4 10 36 11 9
10 4 36 11 9
4 10 12 35 20
10 4 12 35 20
4 10 35 12 20
10 4 35 12 20
4 10 13 34 40
10 4 13 34 40
4 10 34 13 40
10 4 34 13 40
4 10 14 33 69
10 4 14 33 69
4 10 33 14 69
10 4 33 14 69
4 10 15 32 112
10 4 15 32 112
4 10 32 15 112
10 4 32 15 112
4 10 16 31 165
10 4 16 31 165
4 10 31 16 165
10 4 31 16 165
4 10 17 30 231
10 4 17 30 231
4 10 30 17 231
10 4 30 17 231
4 10 18 29 302
10 4 18 29 302
4 10 29 18 302
10 4 29 18 302
4 10 19 28 377
10 4 19 28 377
4 10 28 19 377
10 4 28 19 377
4 10 20 27 446
10 4 20 27 446
4 10 27 20 446
10 4 27 20 446
4 10 21 26 507
10 4 21 26 507
4 10 26 21 507
10 4 26 21 507
4 10 22 25 550
10 4 22 25 550
4 10 25 22 550
10 4 25 22 550
4 10 23 24 573
10 4 23 24 573
4 10 24 23 573
10 4 24 23 573
2 12 7 40 0
12 2 7 40 0
2 12 40 7 0
12 2 40 7 0
2 12 8 39 0
12 2 8 39 0
2 12 39 8 0
12 2 39 8 0
2 12 9 38 0
12 2 9 38 0
2 12 38 9 0
12 2 38 9 0
3 11 7 40 0
11 3 7 40 0
3 11 40 7 0
11 3 40 7 0
3 11 8 39 0
11 3 8 39 0
3 11 39 8 0
11 3 39 8 0
3 11 9 38 0
11 3 9 38 0
3 11 38 9 0
11 3 38 9 0
4 10 7 40 0
10 4 7 40 0
4 10 40 7 0
10 4 40 7 0
4 10 8 39 0
10 4 8 39 0
4 10 39 8 0
10 4 39 8 0
4 10 9 38 1
10 4 9 38 1
4 10 38 9 1
10 4 38 9 1
3 11 6 41 0
11 3 6 41 0
3 11 41 6 0
11 3 41 6 0
4 10 6 41 0
10 4 6 41 0
4 10 41 6 0
10 4 41 6 0
5 9 6 41 0
9 5 6 41 0
5 9 41 6 0
9 5 41 6 0
5 9 7 40 0
9 5 7 40 0
5 9 40 7 0
9 5 40 7 0
5 9 8 39 1
9 5 8 39 1
5 9 39 8 1
9 5 39 8 1
5 9 9 38 5
9 5 9 38 5
5 9 38 9 5
9 5 38 9 5
5 9 10 37 14
9 5 10 37 14
5 9 37 10 14
9 5 37 10 14
5 9 11 36 33
9 5 11 36 33
5 9 36 11 33
9 5 36 11 33
5 9 12 35 67
9 5 12 35 67
5 9 35 12 67
9 5 35 12 67
5 9 13 34 122
9 5 13 34 122
5 9 34 13 122
9 5 34 13 122
5 9 14 33 201
9 5 14 33 201
5 9 33 14 201
9 5 33 14 201
5 9 15 32 309
9 5 15 32 309
5 9 32 15 309
9 5 32 15 309
5 9 16 31 442
9 5 16 31 442
5 9 31 16 442
9 5 31 16 442
5 9 17 30 599
9 5 17 30 599
5 9 30 17 599
9 5 30 17 599
5 9 18 29 768
9 5 18 29 768
5 9 29 18 768
9 5 29 18 768
5 9 19 28 940
9 5 19 28 940
5 9 28 19 940
9 5 28 19 940
5 9 20 27 1099
9 5 20 27 1099
5 9 27 20 1099
9 5 27 20 1099
5 9 21 26 1235
9 5 21 26 1235
5 9 26 21 1235
9 5 26 21 1235
5 9 22 25 1332
9 5 22 25 1332
5 9 25 22 1332
9 5 25 22 1332
5 9 23 24 1383
9 5 23 24 1383
5 9 24 23 1383
9 5 24 23 1383
6 8 7 40 1
8 6 7 40 1
6 8 40 7 1
8 6 40 7 1
6 8 8 39 4
8 6 8 39 4
6 8 39 8 4
8 6 39 8 4
6 8 9 38 13
8 6 9 38 13
6 8 38 9 13
8 6 38 9 13
6 8 10 37 31
8 6 10 37 31
6 8 37 10 31
8 6 37 10 31
6 8 11 36 68
8 6 11 36 68
6 8 36 11 68
8 6 36 11 68
6 8 12 35 129
8 6 12 35 129
6 8 35 12 129
8 6 35 12 129
6 8 13 34 226
8 6 13 34 226
6 8 34 13 226
8 6 34 13 226
6 8 14 33 361
8 6 14 33 361
6 8 33 14 361
8 6 33 14 361
6 8 15 32 544
8 6 15 32 544
6 8 32 15 544
8 6 32 15 544
6 8 16 31 765
8 6 16 31 765
6 8 31 16 765
8 6 31 16 765
6 8 17 30 1023
8 6 17 30 1023
6 8 30 17 1023
8 6 30 17 1023
6 8 18 29 1297
8 6 18 29 1297
6 8 29 18 1297
8 6 29 18 1297
6 8 19 28 1575
8 6 19 28 1575
6 8 28 19 1575
8 6 28 19 1575
6 8 20 27 1829
8 6 20 27 1829
6 8 27 20 1829
8 6 27 20 1829
6 8 21 26 2045
8 6 21 26 2045
6 8 26 21 2045
8 6 26 21 2045
6 8 22 25 2198
8 6 22 25 2198
6 8 25 22 2198
8 6 25 22 2198
6 8 23 24 2279
8 6 23 24 2279
6 8 24 23 2279
8 6 24 23 2279
4 10 4 43 0
10 4 4 43 0
4 10 43 4 0
10 4 43 4 0
4 10 5 42 0
10 4 5 42 0
4 10 42 5 0
10 4 42 5 0
5 9 4 43 0
9 5 4 43 0
5 9 43 4 0
9 5 43 4 0
5 9 5 42 0
9 5 5 42 0
5 9 42 5 0
9 5 42 5 0
6 8 4 43 0
8 6 4 43 0
6 8 43 4 0
8 6 43 4 0
6 8 5 42 0
8 6 5 42 0
6 8 42 5 0
8 6 42 5 0
6 8 6 41 0
8 6 6 41 0
6 8 41 6 0
8 6 41 6 0
7 7 4 43 0
7 7 43 4 0
7 7 5 42 0
7 7 42 5 0
7 7 6 41 0
7 7 41 6 0
7 7 7 40 1
7 7 40 7 1
7 7 8 39 5
7 7 39 8 5
7 7 9 38 16
7 7 38 9 16
7 7 10 37 39
7 7 37 10 39
7 7 11 36 84
7 7 36 11 84
7 7 12 35 159
7 7 35 12 159
7 7 13 34 275
7 7 34 13 275
7 7 14 33 437
7 7 33 14 437
7 7 15 32 653
7 7 32 15 653
7 7 16 31 915
7 7 31 16 915
7 7 17 30 1217
7 7 30 17 1217
7 7 18 29 1539
7 7 29 18 1539
7 7 19 28 1863
7 7 28 19 1863
7 7 20 27 2161
7 7 27 20 2161
7 7 21 26 2412
7 7 26 21 2412
7 7 22 25 2591
7 7 25 22 2591
7 7 23 24 2685
7 7 24 23 2685
6 8 3 44 0
8 6 3 44 0
6 8 44 3 0
8 6 44 3 0
7 7 3 44 0
7 7 44 3 0
