7 23 42 53 0
23 7 42 53 0
7 23 53 42 0
23 7 53 42 0
7 23 43 52 0
23 7 43 52 0
7 23 52 43 0
23 7 52 43 0
7 23 44 51 0
23 7 44 51 0
7 23 51 44 0
23 7 51 44 0
7 23 45 50 0
23 7 45 50 0
7 23 50 45 0
23 7 50 45 0
7 23 46 49 0
23 7 46 49 0
7 23 49 46 0
23 7 49 46 0
7 23 47 48 0
23 7 47 48 0
7 23 48 47 0
23 7 48 47 0
8 22 42 53 0
22 8 42 53 0
8 22 53 42 0
22 8 53 42 0
8 22 43 52 0
22 8 43 52 0
8 22 52 43 0
22 8 52 43 0
8 22 44 51 0
22 8 44 51 0
8 22 51 44 0
22 8 51 44 0
8 22 45 50 0
22 8 45 50 0
8 22 50 45 0
22 8 50 45 0
8 22 46 49 0
22 8 46 49 0
8 22 49 46 0
22 8 49 46 0
8 22 47 48 0
22 8 47 48 0
8 22 48 47 0
22 8 48 47 0
9 21 42 53 0
21 9 42 53 0
9 21 53 42 0
21 9 53 42 0
9 21 43 52 0
21 9 43 52 0
9 21 52 43 0
21 9 52 43 0
9 21 44 51 0
21 9 44 51 0
9 21 51 44 0
21 9 51 44 0
9 21 45 50 0
21 9 45 50 0
9 21 50 45 0
21 9 50 45 0
9 21 46 49 0
21 9 46 49 0
9 21 49 46 0
21 9 49 46 0
9 21 47 48 0
21 9 47 48 0
9 21 48 47 0
21 9 48 47 0
8 22 36 59 0
22 8 36 59 0
8 22 59 36 0
22 8 59 36 0
8 22 37 58 0
22 8 37 58 0
8 22 58 37 0
22 8 58 37 0
8 22 38 57 0
22 8 38 57 0
8 22 57 38 0
22 8 57 38 0
8 22 39 56 0
22 8 39 56 0
8 22 56 39 0
22 8 56 39 0
8 22 40 55 0
22 8 40 55 0
8 22 55 40 0
22 8 55 40 0
8 22 41 54 0
22 8 41 54 0
8 22 54 41 0
22 8 54 41 0
9 21 36 59 0
21 9 36 59 0
9 21 59 36 0
21 9 59 36 0
9 21 37 58 0
21 9 37 58 0
9 21 58 37 0
21 9 58 37 0
9 21 38 57 0
21 9 38 57 0
9 21 57 38 0
21 9 57 38 0
9 21 39 56 0
21 9 39 56 0
9 21 56 39 0
21 9 56 39 0
9 21 40 55 0
21 9 40 55 0
9 21 55 40 0
21 9 55 40 0
9 21 41 54 0
21 9 41 54 0
9 21 54 41 0
21 9 54 41 0
10 20 36 59 0
20 10 36 59 0
10 20 59 36 0
20 10 59 36 0
10 20 37 58 0
20 10 37 58 0
10 20 58 37 0
20 10 58 37 0
10 20 38 57 0
20 10 38 57 0
10 20 57 38 0
20 10 57 38 0
10 20 39 56 0
20 10 39 56 0
10 20 56 39 0
20 10 56 39 0
10 20 40 55 0
20 10 40 55 0
10 20 55 40 0
20 10 55 40 0
10 20 41 54 0
20 10 41 54 0
10 20 54 41 0
20 10 54 41 0
10 20 42 53 0
20 10 42 53 0
10 20 53 42 0
20 10 53 42 0
10 20 43 52 1
20 10 43 52 1
10 20 52 43 1
20 10 52 43 1
10 20 44 51 2
20 10 44 51 2
10 20 51 44 2
20 10 51 44 2
10 20 45 50 3
20 10 45 50 3
10 20 50 45 3
20 10 50 45 3
10 20 46 49 4
20 10 46 49 4
10 20 49 46 4
20 10 49 46 4
10 20 47 48 5
20 10 47 48 5
10 20 48 47 5
20 10 48 47 5
9 21 32 63 0
21 9 32 63 0
9 21 63 32 0
21 9 63 32 0
9 21 33 62 0
21 9 33 62 0
9 21 62 33 0
21 9 62 33 0
9 21 34 61 0
21 9 34 61 0
9 21 61 34 0
21 9 61 34 0
9 21 35 60 0
21 9 35 60 0
9 21 60 35 0
21 9 60 35 0
10 20 32 63 0
20 10 32 63 0
10 20 63 32 0
20 10 63 32 0
10 20 33 62 0
20 10 33 62 0
10 20 62 33 0
20 10 62 33 0
10 20 34 61 0
20 10 34 61 0
10 20 61 34 0
20 10 61 34 0
10 20 35 60 0
20 10 35 60 0
10 20 60 35 0
20 10 60 35 0
11 19 32 63 0
19 11 32 63 0
11 19 63 32 0
19 11 63 32 0
11 19 33 62 0
19 11 33 62 0
11 19 62 33 0
19 11 62 33 0
11 19 34 61 0
19 11 34 61 0
11 19 61 34 0
19 11 61 34 0
11 19 35 60 0
19 11 35 60 0
11 19 60 35 0
19 11 60 35 0
11 19 36 59 0
19 11 36 59 0
11 19 59 36 0
19 11 59 36 0
11 19 37 58 0
19 11 37 58 0
11 19 58 37 0
19 11 58 37 0
11 19 38 57 0
19 11 38 57 0
11 19 57 38 0
19 11 57 38 0
11 19 39 56 1
19 11 39 56 1
11 19 56 39 1
19 11 56 39 1
11 19 40 55 3
19 11 40 55 3
11 19 55 40 3
19 11 55 40 3
11 19 41 54 7
19 11 41 54 7
11 19 54 41 7
19 11 54 41 7
11 19 42 53 13
19 11 42 53 13
11 19 53 42 13
19 11 53 42 13
11 19 43 52 22
19 11 43 52 22
11 19 52 43 22
19 11 52 43 22
11 19 44 51 32
19 11 44 51 32
11 19 51 44 32
19 11 51 44 32
11 19 45 50 42
19 11 45 50 42
11 19 50 45 42
19 11 50 45 42
11 19 46 49 50
19 11 46 49 50
11 19 49 46 50
19 11 49 46 50
11 19 47 48 55
19 11 47 48 55
11 19 48 47 55
19 11 48 47 55
10 20 30 65 0
20 10 30 65 0
10 20 65 30 0
20 10 65 30 0
10 20 31 64 0
20 10 31 64 0
10 20 64 31 0
20 10 64 31 0
11 19 30 65 0
19 11 30 65 0
11 19 65 30 0
19 11 65 30 0
11 19 31 64 0
19 11 31 64 0
11 19 64 31 0
19 11 64 31 0
12 18 30 65 0
18 12 30 65 0
12 18 65 30 0
18 12 65 30 0
12 18 31 64 0
18 12 31 64 0
12 18 64 31 0
18 12 64 31 0
12 18 32 63 0
18 12 32 63 0
12 18 63 32 0
18 12 63 32 0
12 18 33 62 0
18 12 33 62 0
12 18 62 33 0
18 12 62 33 0
12 18 34 61 0
18 12 34 61 0
12 18 61 34 0
18 12 61 34 0
12 18 35 60 0
18 12 35 60 0
12 18 60 35 0
18 12 60 35 0
12 18 36 59 0
18 12 36 59 0
12 18 59 36 0
18 12 59 36 0
12 18 37 58 1
18 12 37 58 1
12 18 58 37 1
18 12 58 37 1
12 18 38 57 3
18 12 38 57 3
12 18 57 38 3
18 12 57 38 3
12 18 39 56 10
18 12 39 56 10
12 18 56 39 10
18 12 56 39 10
12 18 40 55 22
18 12 40 55 22
12 18 55 40 22
18 12 55 40 22
12 18 41 54 43
18 12 41 54 43
12 18 54 41 43
18 12 54 41 43
12 18 42 53 72
18 12 42 53 72
12 18 53 42 72
18 12 53 42 72
12 18 43 52 110
18 12 43 52 110
12 18 52 43 110
18 12 52 43 110
12 18 44 51 151
18 12 44 51 151
12 18 51 44 151
18 12 51 44 151
12 18 45 50 191
18 12 45 50 191
12 18 50 45 191
18 12 50 45 191
12 18 46 49 222
18 12 46 49 222
12 18 49 46 222
18 12 49 46 222
12 18 47 48 240
18 12 47 48 240
12 18 48 47 240
18 12 48 47 240
13 17 30 65 0
17 13 30 65 0
13 17 65 30 0
17 13 65 30 0
13 17 31 64 0
17 13 31 64 0
13 17 64 31 0
17 13 64 31 0
13 17 32 63 0
17 13 32 63 0
13 17 63 32 0
17 13 63 32 0
13 17 33 62 0
17 13 33 62 0
13 17 62 33 0
17 13 62 33 0
13 17 34 61 0
17 13 34 61 0
13 17 61 34 0
17 13 61 34 0
13 17 35 60 0
17 13 35 60 0
13 17 60 35 0
17 13 60 35 0
13 17 36 59 1
17 13 36 59 1
13 17 59 36 1
17 13 59 36 1
13 17 37 58 6
17 13 37 58 6
13 17 58 37 6
17 13 58 37 6
13 17 38 57 17
17 13 38 57 17
13 17 57 38 17
17 13 57 38 17
13 17 39 56 40
17 13 39 56 40
13 17 56 39 40
17 13 56 39 40
13 17 40 55 79
17 13 40 55 79
13 17 55 40 79
17 13 55 40 79
13 17 41 54 139
17 13 41 54 139
13 17 54 41 139
17 13 54 41 139
13 17 42 53 218
17 13 42 53 218
13 17 53 42 218
17 13 53 42 218
13 17 43 52 314
17 13 43 52 314
13 17 52 43 314
17 13 52 43 314
13 17 44 51 416
17 13 44 51 416
13 17 51 44 416
17 13 51 44 416
13 17 45 50 512
17 13 45 50 512
13 17 50 45 512
17 13 50 45 512
13 17 46 49 586
17 13 46 49 586
13 17 49 46 586
17 13 49 46 586
13 17 47 48 627
17 13 47 48 627
13 17 48 47 627
17 13 48 47 627
14 16 32 63 0
16 14 32 63 0
14 16 63 32 0
16 14 63 32 0
14 16 33 62 0
16 14 33 62 0
14 16 62 33 0
16 14 62 33 0
14 16 34 61 0
16 14 34 61 0
14 16 61 34 0
16 14 61 34 0
14 16 35 60 1
16 14 35 60 1
14 16 60 35 1
16 14 60 35 1
14 16 36 59 4
16 14 36 59 4
14 16 59 36 4
16 14 59 36 4
14 16 37 58 15
16 14 37 58 15
14 16 58 37 15
16 14 58 37 15
14 16 38 57 37
16 14 38 57 37
14 16 57 38 37
16 14 57 38 37
14 16 39 56 81
16 14 39 56 81
14 16 56 39 81
16 14 56 39 81
14 16 40 55 151
16 14 40 55 151
14 16 55 40 151
16 14 55 40 151
14 16 41 54 256
16 14 41 54 256
14 16 54 41 256
16 14 54 41 256
14 16 42 53 391
16 14 42 53 391
14 16 53 42 391
16 14 53 42 391
14 16 43 52 553
16 14 43 52 553
14 16 52 43 553
16 14 52 43 553
14 16 44 51 722
16 14 44 51 722
14 16 51 44 722
16 14 51 44 722
14 16 45 50 880
16 14 45 50 880
14 16 50 45 880
16 14 50 45 880
14 16 46 49 1001
16 14 46 49 1001
14 16 49 46 1001
16 14 49 46 1001
14 16 47 48 1068
16 14 47 48 1068
14 16 48 47 1068
16 14 48 47 1068
15 15 36 59 6
15 15 59 36 6
15 15 37 58 20
15 15 58 37 20
15 15 38 57 49
15 15 57 38 49
15 15 39 56 104
15 15 56 39 104
15 15 40 55 191
15 15 55 40 191
15 15 41 54 318
15 15 54 41 318
15 15 42 53 481
15 15 53 42 481
15 15 43 52 673
15 15 52 43 673
15 15 44 51 873
15 15 51 44 873
15 15 45 50 1058
15 15 50 45 1058
15 15 46 49 1200
15 15 49 46 1200
15 15 47 48 1278
15 15 48 47 1278
11 19 28 67 0
19 11 28 67 0
11 19 67 28 0
19 11 67 28 0
11 19 29 66 0
19 11 29 66 0
11 19 66 29 0
19 11 66 29 0
12 18 28 67 0
18 12 28 67 0
12 18 67 28 0
18 12 67 28 0
12 18 29 66 0
18 12 29 66 0
12 18 66 29 0
18 12 66 29 0
13 17 28 67 0
17 13 28 67 0
13 17 67 28 0
17 13 67 28 0
13 17 29 66 0
17 13 29 66 0
13 17 66 29 0
17 13 66 29 0
12 18 27 68 0
18 12 27 68 0
12 18 68 27 0
18 12 68 27 0
13 17 27 68 0
17 13 27 68 0
13 17 68 27 0
17 13 68 27 0
14 16 27 68 0
16 14 27 68 0
14 16 68 27 0
16 14 68 27 0
14 16 28 67 0
16 14 28 67 0
14 16 67 28 0
16 14 67 28 0
14 16 29 66 0
16 14 29 66 0
14 16 66 29 0
16 14 66 29 0
14 16 30 65 0
16 14 30 65 0
14 16 65 30 0
16 14 65 30 0
14 16 31 64 0
16 14 31 64 0
14 16 64 31 0
16 14 64 31 0
15 15 28 67 0
15 15 67 28 0
15 15 29 66 0
15 15 66 29 0
15 15 30 65 0
15 15 65 30 0
15 15 31 64 0
15 15 64 31 0
15 15 32 63 0
15 15 63 32 0
15 15 33 62 0
15 15 62 33 0
15 15 34 61 0
15 15 61 34 0
15 15 35 60 1
15 15 60 35 1
13 17 26 69 0
17 13 26 69 0
13 17 69 26 0
17 13 69 26 0
14 16 26 69 0
16 14 26 69 0
14 16 69 26 0
16 14 69 26 0
15 15 26 69 0
15 15 69 26 0
15 15 27 68 0
15 15 68 27 0
