0 10 10 25 0
10 0 10 25 0
0 10 25 10 0
10 0 25 10 0
0 10 11 24 0
10 0 11 24 0
0 10 24 11 0
10 0 24 11 0
0 10 12 23 0
10 0 12 23 0
0 10 23 12 0
10 0 23 12 0
0 10 13 22 0
10 0 13 22 0
0 10 22 13 0
10 0 22 13 0
0 10 14 21 0
10 0 14 21 0
0 10 21 14 0
10 0 21 14 0
0 10 15 20 1
10 0 15 20 1
0 10 20 15 1
10 0 20 15 1
0 10 16 19 1
10 0 16 19 1
0 10 19 16 1
10 0 19 16 1
0 10 17 18 1
10 0 17 18 1
0 10 18 17 1
10 0 18 17 1
1 9 6 29 0
9 1 6 29 0
1 9 29 6 0
9 1 29 6 0
1 9 7 28 0
9 1 7 28 0
1 9 28 7 0
9 1 28 7 0
1 9 8 27 0
9 1 8 27 0
1 9 27 8 0
9 1 27 8 0
1 9 9 26 0
9 1 9 26 0
1 9 26 9 0
9 1 26 9 0
1 9 10 25 0
9 1 10 25 0
1 9 25 10 0
9 1 25 10 0
1 9 11 24 1
9 1 11 24 1
1 9 24 11 1
9 1 24 11 1
1 9 12 23 2
9 1 12 23 2
1 9 23 12 2
9 1 23 12 2
1 9 13 22 4
9 1 13 22 4
1 9 22 13 4
9 1 22 13 4
1 9 14 21 6
9 1 14 21 6
1 9 21 14 6
9 1 21 14 6
1 9 15 20 9
9 1 15 20 9
1 9 20 15 9
9 1 20 15 9
1 9 16 19 11
9 1 16 19 11
1 9 19 16 11
9 1 19 16 11
1 9 17 18 12
9 1 17 18 12
1 9 18 17 12
9 1 18 17 12
2 8 6 29 0
8 2 6 29 0
2 8 29 6 0
8 2 29 6 0
2 8 7 28 0
8 2 7 28 0
2 8 28 7 0
8 2 28 7 0
2 8 8 27 0
8 2 8 27 0
2 8 27 8 0
8 2 27 8 0
2 8 9 26 1
8 2 9 26 1
2 8 26 9 1
8 2 26 9 1
2 8 10 25 2
8 2 10 25 2
2 8 25 10 2
8 2 25 10 2
2 8 11 24 6
8 2 11 24 6
2 8 24 11 6
8 2 24 11 6
2 8 12 23 11
8 2 12 23 11
2 8 23 12 11
8 2 23 12 11
2 8 13 22 19
8 2 13 22 19
2 8 22 13 19
8 2 22 13 19
2 8 14 21 27
8 2 14 21 27
2 8 21 14 27
8 2 21 14 27
2 8 15 20 37
8 2 15 20 37
2 8 20 15 37
8 2 20 15 37
2 8 16 19 44
8 2 16 19 44
2 8 19 16 44
8 2 19 16 44
2 8 17 18 48
8 2 17 18 48
2 8 18 17 48
8 2 18 17 48
2 8 4 31 0
8 2 4 31 0
2 8 31 4 0
8 2 31 4 0
2 8 5 30 0
8 2 5 30 0
2 8 30 5 0
8 2 30 5 0
3 7 3 32 0
7 3 3 32 0
3 7 32 3 0
7 3 32 3 0
3 7 4 31 0
7 3 4 31 0
3 7 31 4 0
7 3 31 4 0
3 7 5 30 0
7 3 5 30 0
3 7 30 5 0
7 3 30 5 0
3 7 6 29 0
7 3 6 29 0
3 7 29 6 0
7 3 29 6 0
3 7 7 28 0
7 3 7 28 0
3 7 28 7 0
7 3 28 7 0
3 7 8 27 1
7 3 8 27 1
3 7 27 8 1
7 3 27 8 1
3 7 9 26 4
7 3 9 26 4
3 7 26 9 4
7 3 26 9 4
3 7 10 25 9
7 3 10 25 9
3 7 25 10 9
7 3 25 10 9
3 7 11 24 19
7 3 11 24 19
3 7 24 11 19
7 3 24 11 19
3 7 12 23 33
7 3 12 23 33
3 7 23 12 33
7 3 23 12 33
3 7 13 22 52
7 3 13 22 52
3 7 22 13 52
7 3 22 13 52
3 7 14 21 72
7 3 14 21 72
3 7 21 14 72
7 3 21 14 72
3 7 15 20 93
7 3 15 20 93
3 7 20 15 93
7 3 20 15 93
3 7 16 19 109
7 3 16 19 109
3 7 19 16 109
7 3 19 16 109
3 7 17 18 118
7 3 17 18 118
3 7 18 17 118
7 3 18 17 118
4 6 4 31 0
6 4 4 31 0
4 6 31 4 0
6 4 31 4 0
4 6 5 30 0
6 4 5 30 0
4 6 30 5 0
6 4 30 5 0
4 6 6 29 0
6 4 6 29 0
4 6 29 6 0
6 4 29 6 0
4 6 7 28 1
6 4 7 28 1
4 6 28 7 1
6 4 28 7 1
4 6 8 27 3
6 4 8 27 3
4 6 27 8 3
6 4 27 8 3
4 6 9 26 9
6 4 9 26 9
4 6 26 9 9
6 4 26 9 9
4 6 10 25 18
6 4 10 25 18
4 6 25 10 18
6 4 25 10 18
4 6 11 24 36
6 4 11 24 36
4 6 24 11 36
6 4 24 11 36
4 6 12 23 59
6 4 12 23 59
4 6 23 12 59
6 4 23 12 59
4 6 13 22 90
6 4 13 22 90
4 6 22 13 90
6 4 22 13 90
4 6 14 21 122
6 4 14 21 122
4 6 21 14 122
6 4 21 14 122
4 6 15 20 156
6 4 15 20 156
4 6 20 15 156
6 4 20 15 156
4 6 16 19 181
6 4 16 19 181
4 6 19 16 181
6 4 19 16 181
4 6 17 18 195
6 4 17 18 195
4 6 18 17 195
6 4 18 17 195
4 6 2 33 0
6 4 2 33 0
4 6 33 2 0
6 4 33 2 0
4 6 3 32 0
6 4 3 32 0
4 6 32 3 0
6 4 32 3 0
5 5 2 33 0
5 5 33 2 0
5 5 3 32 0
5 5 32 3 0
5 5 4 31 0
5 5 31 4 0
5 5 5 30 0
5 5 30 5 0
5 5 6 29 0
5 5 29 6 0
5 5 7 28 1
5 5 28 7 1
5 5 8 27 4
5 5 27 8 4
5 5 9 26 11
5 5 26 9 11
5 5 10 25 23
5 5 25 10 23
5 5 11 24 44
5 5 24 11 44
5 5 12 23 72
5 5 23 12 72
5 5 13 22 108
5 5 22 13 108
5 5 14 21 146
5 5 21 14 146
5 5 15 20 185
5 5 20 15 185
5 5 16 19 214
5 5 19 16 214
5 5 17 18 230
5 5 18 17 230
