13 23 45 68 0
23 13 45 68 0
13 23 68 45 0
23 13 68 45 0
13 23 46 67 0
23 13 46 67 0
13 23 67 46 0
23 13 67 46 0
13 23 47 66 0
23 13 47 66 0
13 23 66 47 0
23 13 66 47 0
13 23 48 65 0
23 13 48 65 0
13 23 65 48 0
23 13 65 48 0
13 23 49 64 0
23 13 49 64 0
13 23 64 49 0
23 13 64 49 0
13 23 50 63 0
23 13 50 63 0
13 23 63 50 0
23 13 63 50 0
13 23 51 62 0
23 13 51 62 0
13 23 62 51 0
23 13 62 51 0
13 23 52 61 0
23 13 52 61 0
13 23 61 52 0
23 13 61 52 0
13 23 53 60 0
23 13 53 60 0
13 23 60 53 0
23 13 60 53 0
13 23 54 59 0
23 13 54 59 0
13 23 59 54 0
23 13 59 54 0
13 23 55 58 0
23 13 55 58 0
13 23 58 55 0
23 13 58 55 0
13 23 56 57 0
23 13 56 57 0
13 23 57 56 0
23 13 57 56 0
14 22 45 68 0
22 14 45 68 0
14 22 68 45 0
22 14 68 45 0
14 22 46 67 0
22 14 46 67 0
14 22 67 46 0
22 14 67 46 0
14 22 47 66 0
22 14 47 66 0
14 22 66 47 0
22 14 66 47 0
14 22 48 65 0
22 14 48 65 0
14 22 65 48 0
22 14 65 48 0
14 22 49 64 0
22 14 49 64 0
14 22 64 49 0
22 14 64 49 0
14 22 50 63 0
22 14 50 63 0
14 22 63 50 0
22 14 63 50 0
14 22 51 62 0
22 14 51 62 0
14 22 62 51 0
22 14 62 51 0
14 22 52 61 0
22 14 52 61 0
14 22 61 52 0
22 14 61 52 0
14 22 53 60 0
22 14 53 60 0
14 22 60 53 0
22 14 60 53 0
14 22 54 59 0
22 14 54 59 0
14 22 59 54 0
22 14 59 54 0
14 22 55 58 0
22 14 55 58 0
14 22 58 55 0
22 14 58 55 0
14 22 56 57 0
22 14 56 57 0
14 22 57 56 0
22 14 57 56 0
15 21 45 68 0
21 15 45 68 0
15 21 68 45 0
21 15 68 45 0
15 21 46 67 0
21 15 46 67 0
15 21 67 46 0
21 15 67 46 0
15 21 47 66 0
21 15 47 66 0
15 21 66 47 0
21 15 66 47 0
15 21 48 65 0
21 15 48 65 0
15 21 65 48 0
21 15 65 48 0
15 21 49 64 0
21 15 49 64 0
15 21 64 49 0
21 15 64 49 0
15 21 50 63 0
21 15 50 63 0
15 21 63 50 0
21 15 63 50 0
15 21 51 62 0
21 15 51 62 0
15 21 62 51 0
21 15 62 51 0
15 21 52 61 0
21 15 52 61 0
15 21 61 52 0
21 15 61 52 0
15 21 53 60 0
21 15 53 60 0
15 21 60 53 0
21 15 60 53 0
15 21 54 59 0
21 15 54 59 0
15 21 59 54 0
21 15 59 54 0
15 21 55 58 0
21 15 55 58 0
15 21 58 55 0
21 15 58 55 0
15 21 56 57 0
21 15 56 57 0
15 21 57 56 0
21 15 57 56 0
14 22 42 71 0
22 14 42 71 0
14 22 71 42 0
22 14 71 42 0
14 22 43 70 0
22 14 43 70 0
14 22 70 43 0
22 14 70 43 0
14 22 44 69 0
22 14 44 69 0
14 22 69 44 0
22 14 69 44 0
15 21 42 71 0
21 15 42 71 0
15 21 71 42 0
21 15 71 42 0
15 21 43 70 0
21 15 43 70 0
15 21 70 43 0
21 15 70 43 0
15 21 44 69 0
21 15 44 69 0
15 21 69 44 0
21 15 69 44 0
16 20 42 71 0
20 16 42 71 0
16 20 71 42 0
20 16 71 42 0
16 20 43 70 0
20 16 43 70 0
16 20 70 43 0
20 16 70 43 0
16 20 44 69 0
20 16 44 69 0
16 20 69 44 0
20 16 69 44 0
16 20 45 68 0
20 16 45 68 0
16 20 68 45 0
20 16 68 45 0
16 20 46 67 0
20 16 46 67 0
16 20 67 46 0
20 16 67 46 0
16 20 47 66 0
20 16 47 66 0
16 20 66 47 0
20 16 66 47 0
16 20 48 65 0
20 16 48 65 0
16 20 65 48 0
20 16 65 48 0
16 20 49 64 0
20 16 49 64 0
16 20 64 49 0
20 16 64 49 0
16 20 50 63 0
20 16 50 63 0
16 20 63 50 0
20 16 63 50 0
16 20 51 62 0
20 16 51 62 0
16 20 62 51 0
20 16 62 51 0
16 20 52 61 1
20 16 52 61 1
16 20 61 52 1
20 16 61 52 1
16 20 53 60 2
20 16 53 60 2
16 20 60 53 2
20 16 60 53 2
16 20 54 59 3
20 16 54 59 3
16 20 59 54 3
20 16 59 54 3
16 20 55 58 4
20 16 55 58 4
16 20 58 55 4
20 16 58 55 4
16 20 56 57 5
20 16 56 57 5
16 20 57 56 5
20 16 57 56 5
15 21 41 72 0
21 15 41 72 0
15 21 72 41 0
21 15 72 41 0
16 20 41 72 0
20 16 41 72 0
16 20 72 41 0
20 16 72 41 0
17 19 41 72 0
19 17 41 72 0
17 19 72 41 0
19 17 72 41 0
17 19 42 71 0
19 17 42 71 0
17 19 71 42 0
19 17 71 42 0
17 19 43 70 0
19 17 43 70 0
17 19 70 43 0
19 17 70 43 0
17 19 44 69 0
19 17 44 69 0
17 19 69 44 0
19 17 69 44 0
17 19 45 68 0
19 17 45 68 0
17 19 68 45 0
19 17 68 45 0
17 19 46 67 0
19 17 46 67 0
17 19 67 46 0
19 17 67 46 0
17 19 47 66 0
19 17 47 66 0
17 19 66 47 0
19 17 66 47 0
17 19 48 65 0
19 17 48 65 0
17 19 65 48 0
19 17 65 48 0
17 19 49 64 0
19 17 49 64 0
17 19 64 49 0
19 17 64 49 0
17 19 50 63 0
19 17 50 63 0
17 19 63 50 0
19 17 63 50 0
17 19 51 62 1
19 17 51 62 1
17 19 62 51 1
19 17 62 51 1
17 19 52 61 3
19 17 52 61 3
17 19 61 52 3
19 17 61 52 3
17 19 53 60 5
19 17 53 60 5
17 19 60 53 5
19 17 60 53 5
17 19 54 59 7
19 17 54 59 7
17 19 59 54 7
19 17 59 54 7
17 19 55 58 9
19 17 55 58 9
17 19 58 55 9
19 17 58 55 9
17 19 56 57 11
19 17 56 57 11
17 19 57 56 11
19 17 57 56 11
18 18 42 71 0
18 18 71 42 0
18 18 43 70 0
18 18 70 43 0
18 18 44 69 0
18 18 69 44 0
18 18 45 68 0
18 18 68 45 0
18 18 46 67 0
18 18 67 46 0
18 18 47 66 0
18 18 66 47 0
18 18 48 65 0
18 18 65 48 0
18 18 49 64 0
18 18 64 49 0
18 18 50 63 0
18 18 63 50 0
18 18 51 62 2
18 18 62 51 2
18 18 52 61 5
18 18 61 52 5
18 18 53 60 8
18 18 60 53 8
18 18 54 59 11
18 18 59 54 11
18 18 55 58 14
18 18 58 55 14
18 18 56 57 17
18 18 57 56 17
16 20 40 73 0
20 16 40 73 0
16 20 73 40 0
20 16 73 40 0
17 19 40 73 0
19 17 40 73 0
17 19 73 40 0
19 17 73 40 0
18 18 40 73 0
18 18 73 40 0
18 18 41 72 0
18 18 72 41 0
