4 20 27 50 0
20 4 27 50 0
4 20 50 27 0
20 4 50 27 0
4 20 28 49 0
20 4 28 49 0
4 20 49 28 0
20 4 49 28 0
4 20 29 48 0
20 4 29 48 0
4 20 48 29 0
20 4 48 29 0
4 20 30 47 0
20 4 30 47 0
4 20 47 30 0
20 4 47 30 0
4 20 31 46 0
20 4 31 46 0
4 20 46 31 0
20 4 46 31 0
4 20 32 45 0
20 4 32 45 0
4 20 45 32 0
20 4 45 32 0
4 20 33 44 0
20 4 33 44 0
4 20 44 33 0
20 4 44 33 0
4 20 34 43 0
20 4 34 43 0
4 20 43 34 0
20 4 43 34 0
4 20 35 42 0
20 4 35 42 0
4 20 42 35 0
20 4 42 35 0
4 20 36 41 0
20 4 36 41 0
4 20 41 36 0
20 4 41 36 0
4 20 37 40 0
20 4 37 40 0
4 20 40 37 0
20 4 40 37 0
4 20 38 39 0
20 4 38 39 0
4 20 39 38 0
20 4 39 38 0
5 19 27 50 0
19 5 27 50 0
5 19 50 27 0
19 5 50 27 0
5 19 28 49 0
19 5 28 49 0
5 19 49 28 0
19 5 49 28 0
5 19 29 48 0
19 5 29 48 0
5 19 48 29 0
19 5 48 29 0
5 19 30 47 0
19 5 30 47 0
5 19 47 30 0
19 5 47 30 0
5 19 31 46 0
19 5 31 46 0
5 19 46 31 0
19 5 46 31 0
5 19 32 45 0
19 5 32 45 0
5 19 45 32 0
19 5 45 32 0
5 19 33 44 0
19 5 33 44 0
5 19 44 33 0
19 5 44 33 0
5 19 34 43 0
19 5 34 43 0
5 19 43 34 0
19 5 43 34 0
5 19 35 42 0
19 5 35 42 0
5 19 42 35 0
19 5 42 35 0
5 19 36 41 0
19 5 36 41 0
5 19 41 36 0
19 5 41 36 0
5 19 37 40 0
19 5 37 40 0
5 19 40 37 0
19 5 40 37 0
5 19 38 39 0
19 5 38 39 0
5 19 39 38 0
19 5 39 38 0
6 18 27 50 0
18 6 27 50 0
6 18 50 27 0
18 6 50 27 0
6 18 28 49 0
18 6 28 49 0
6 18 49 28 0
18 6 49 28 0
6 18 29 48 0
18 6 29 48 0
6 18 48 29 0
18 6 48 29 0
6 18 30 47 0
18 6 30 47 0
6 18 47 30 0
18 6 47 30 0
6 18 31 46 1
18 6 31 46 1
6 18 46 31 1
18 6 46 31 1
6 18 32 45 2
18 6 32 45 2
6 18 45 32 2
18 6 45 32 2
6 18 33 44 4
18 6 33 44 4
6 18 44 33 4
18 6 44 33 4
6 18 34 43 6
18 6 34 43 6
6 18 43 34 6
18 6 43 34 6
6 18 35 42 9
18 6 35 42 9
6 18 42 35 9
18 6 42 35 9
6 18 36 41 12
18 6 36 41 12
6 18 41 36 12
18 6 41 36 12
6 18 37 40 14
18 6 37 40 14
6 18 40 37 14
18 6 40 37 14
6 18 38 39 15
18 6 38 39 15
6 18 39 38 15
18 6 39 38 15
5 19 24 53 0
19 5 24 53 0
5 19 53 24 0
19 5 53 24 0
5 19 25 52 0
19 5 25 52 0
5 19 52 25 0
19 5 52 25 0
5 19 26 51 0
19 5 26 51 0
5 19 51 26 0
19 5 51 26 0
6 18 24 53 0
18 6 24 53 0
6 18 53 24 0
18 6 53 24 0
6 18 25 52 0
18 6 25 52 0
6 18 52 25 0
18 6 52 25 0
6 18 26 51 0
18 6 26 51 0
6 18 51 26 0
18 6 51 26 0
7 17 24 53 0
17 7 24 53 0
7 17 53 24 0
17 7 53 24 0
7 17 25 52 0
17 7 25 52 0
7 17 52 25 0
17 7 52 25 0
7 17 26 51 0
17 7 26 51 0
7 17 51 26 0
17 7 51 26 0
7 17 27 50 0
17 7 27 50 0
7 17 50 27 0
17 7 50 27 0
7 17 28 49 1
17 7 28 49 1
7 17 49 28 1
17 7 49 28 1
7 17 29 48 3
17 7 29 48 3
7 17 48 29 3
17 7 48 29 3
7 17 30 47 8
17 7 30 47 8
7 17 47 30 8
17 7 47 30 8
7 17 31 46 18
17 7 31 46 18
7 17 46 31 18
17 7 46 31 18
7 17 32 45 33
17 7 32 45 33
7 17 45 32 33
17 7 45 32 33
7 17 33 44 53
17 7 33 44 53
7 17 44 33 53
17 7 44 33 53
7 17 34 43 77
17 7 34 43 77
7 17 43 34 77
17 7 43 34 77
7 17 35 42 104
17 7 35 42 104
7 17 42 35 104
17 7 42 35 104
7 17 36 41 129
17 7 36 41 129
7 17 41 36 129
17 7 41 36 129
7 17 37 40 148
17 7 37 40 148
7 17 40 37 148
17 7 40 37 148
7 17 38 39 158
17 7 38 39 158
7 17 39 38 158
17 7 39 38 158
6 18 23 54 0
18 6 23 54 0
6 18 54 23 0
18 6 54 23 0
7 17 23 54 0
17 7 23 54 0
7 17 54 23 0
17 7 54 23 0
8 16 23 54 0
16 8 23 54 0
8 16 54 23 0
16 8 54 23 0
8 16 24 53 0
16 8 24 53 0
8 16 53 24 0
16 8 53 24 0
8 16 25 52 0
16 8 25 52 0
8 16 52 25 0
16 8 52 25 0
8 16 26 51 1
16 8 26 51 1
8 16 51 26 1
16 8 51 26 1
8 16 27 50 5
16 8 27 50 5
8 16 50 27 5
16 8 50 27 5
8 16 28 49 15
16 8 28 49 15
8 16 49 28 15
16 8 49 28 15
8 16 29 48 35
16 8 29 48 35
8 16 48 29 35
16 8 48 29 35
8 16 30 47 70
16 8 30 47 70
8 16 47 30 70
16 8 47 30 70
8 16 31 46 127
16 8 31 46 127
8 16 46 31 127
16 8 46 31 127
8 16 32 45 206
16 8 32 45 206
8 16 45 32 206
16 8 45 32 206
8 16 33 44 307
16 8 33 44 307
8 16 44 33 307
16 8 44 33 307
8 16 34 43 422
16 8 34 43 422
8 16 43 34 422
16 8 43 34 422
8 16 35 42 543
16 8 35 42 543
8 16 42 35 543
16 8 42 35 543
8 16 36 41 653
16 8 36 41 653
8 16 41 36 653
16 8 41 36 653
8 16 37 40 737
16 8 37 40 737
8 16 40 37 737
16 8 40 37 737
8 16 38 39 782
16 8 38 39 782
8 16 39 38 782
16 8 39 38 782
9 15 24 53 1
15 9 24 53 1
9 15 53 24 1
15 9 53 24 1
9 15 25 52 4
15 9 25 52 4
9 15 52 25 4
15 9 52 25 4
9 15 26 51 13
15 9 26 51 13
9 15 51 26 13
15 9 51 26 13
9 15 27 50 35
15 9 27 50 35
9 15 50 27 35
15 9 50 27 35
9 15 28 49 80
15 9 28 49 80
9 15 49 28 80
15 9 49 28 80
9 15 29 48 160
15 9 29 48 160
9 15 48 29 160
15 9 48 29 160
9 15 30 47 289
15 9 30 47 289
9 15 47 30 289
15 9 47 30 289
9 15 31 46 478
15 9 31 46 478
9 15 46 31 478
15 9 46 31 478
9 15 32 45 730
15 9 32 45 730
9 15 45 32 730
15 9 45 32 730
9 15 33 44 1038
15 9 33 44 1038
9 15 44 33 1038
15 9 44 33 1038
9 15 34 43 1381
15 9 34 43 1381
9 15 43 34 1381
15 9 43 34 1381
9 15 35 42 1729
15 9 35 42 1729
9 15 42 35 1729
15 9 42 35 1729
9 15 36 41 2041
15 9 36 41 2041
9 15 41 36 2041
15 9 41 36 2041
9 15 37 40 2277
15 9 37 40 2277
9 15 40 37 2277
15 9 40 37 2277
9 15 38 39 2404
15 9 38 39 2404
9 15 39 38 2404
15 9 39 38 2404
10 14 27 50 112
14 10 27 50 112
10 14 50 27 112
14 10 50 27 112
10 14 28 49 230
14 10 28 49 230
10 14 49 28 230
14 10 49 28 230
10 14 29 48 428
14 10 29 48 428
10 14 48 29 428
14 10 48 29 428
10 14 30 47 728
14 10 30 47 728
10 14 47 30 728
14 10 47 30 728
10 14 31 46 1151
14 10 31 46 1151
10 14 46 31 1151
14 10 46 31 1151
10 14 32 45 1696
14 10 32 45 1696
10 14 45 32 1696
14 10 45 32 1696
10 14 33 44 2347
14 10 33 44 2347
10 14 44 33 2347
14 10 44 33 2347
10 14 34 43 3058
14 10 34 43 3058
10 14 43 34 3058
14 10 43 34 3058
10 14 35 42 3769
14 10 35 42 3769
10 14 42 35 3769
14 10 42 35 3769
10 14 36 41 4399
14 10 36 41 4399
10 14 41 36 4399
14 10 41 36 4399
10 14 37 40 4873
14 10 37 40 4873
10 14 40 37 4873
14 10 40 37 4873
10 14 38 39 5127
14 10 38 39 5127
10 14 39 38 5127
14 10 39 38 5127
6 18 21 56 0
18 6 21 56 0
6 18 56 21 0
18 6 56 21 0
6 18 22 55 0
18 6 22 55 0
6 18 55 22 0
18 6 55 22 0
7 17 21 56 0
17 7 21 56 0
7 17 56 21 0
17 7 56 21 0
7 17 22 55 0
17 7 22 55 0
7 17 55 22 0
17 7 55 22 0
8 16 21 56 0
16 8 21 56 0
8 16 56 21 0
16 8 56 21 0
8 16 22 55 0
16 8 22 55 0
8 16 55 22 0
16 8 55 22 0
7 17 19 58 0
17 7 19 58 0
7 17 58 19 0
17 7 58 19 0
7 17 20 57 0
17 7 20 57 0
7 17 57 20 0
17 7 57 20 0
8 16 19 58 0
16 8 19 58 0
8 16 58 19 0
16 8 58 19 0
8 16 20 57 0
16 8 20 57 0
8 16 57 20 0
16 8 57 20 0
9 15 19 58 0
15 9 19 58 0
9 15 58 19 0
15 9 58 19 0
9 15 20 57 0
15 9 20 57 0
9 15 57 20 0
15 9 57 20 0
9 15 21 56 0
15 9 21 56 0
9 15 56 21 0
15 9 56 21 0
9 15 22 55 0
15 9 22 55 0
9 15 55 22 0
15 9 55 22 0
9 15 23 54 0
15 9 23 54 0
9 15 54 23 0
15 9 54 23 0
10 14 19 58 0
14 10 19 58 0
10 14 58 19 0
14 10 58 19 0
10 14 20 57 0
14 10 20 57 0
10 14 57 20 0
14 10 57 20 0
10 14 21 56 0
14 10 21 56 0
10 14 56 21 0
14 10 56 21 0
10 14 22 55 0
14 10 22 55 0
10 14 55 22 0
14 10 55 22 0
10 14 23 54 1
14 10 23 54 1
10 14 54 23 1
14 10 54 23 1
10 14 24 53 5
14 10 24 53 5
10 14 53 24 5
14 10 53 24 5
10 14 25 52 18
14 10 25 52 18
10 14 52 25 18
14 10 52 25 18
10 14 26 51 48
14 10 26 51 48
10 14 51 26 48
14 10 51 26 48
11 13 21 56 0
13 11 21 56 0
11 13 56 21 0
13 11 56 21 0
11 13 22 55 1
13 11 22 55 1
11 13 55 22 1
13 11 55 22 1
11 13 23 54 4
13 11 23 54 4
11 13 54 23 4
13 11 54 23 4
11 13 24 53 14
13 11 24 53 14
11 13 53 24 14
13 11 53 24 14
11 13 25 52 40
13 11 25 52 40
11 13 52 25 40
13 11 52 25 40
11 13 26 51 98
13 11 26 51 98
11 13 51 26 98
13 11 51 26 98
11 13 27 50 212
13 11 27 50 212
11 13 50 27 212
13 11 50 27 212
11 13 28 49 415
13 11 28 49 415
11 13 49 28 415
13 11 49 28 415
11 13 29 48 743
13 11 29 48 743
11 13 48 29 743
13 11 48 29 743
11 13 30 47 1230
13 11 30 47 1230
11 13 47 30 1230
13 11 47 30 1230
11 13 31 46 1900
13 11 31 46 1900
11 13 46 31 1900
13 11 46 31 1900
11 13 32 45 2751
13 11 32 45 2751
11 13 45 32 2751
13 11 45 32 2751
11 13 33 44 3752
13 11 33 44 3752
11 13 44 33 3752
13 11 44 33 3752
11 13 34 43 4836
13 11 34 43 4836
11 13 43 34 4836
13 11 43 34 4836
11 13 35 42 5909
13 11 35 42 5909
11 13 42 35 5909
13 11 42 35 5909
11 13 36 41 6856
13 11 36 41 6856
11 13 41 36 6856
13 11 41 36 6856
11 13 37 40 7564
13 11 37 40 7564
11 13 40 37 7564
13 11 40 37 7564
11 13 38 39 7943
13 11 38 39 7943
11 13 39 38 7943
13 11 39 38 7943
12 12 25 52 51
12 12 52 25 51
12 12 26 51 122
12 12 51 26 122
12 12 27 50 261
12 12 50 27 261
12 12 28 49 503
12 12 49 28 503
12 12 29 48 891
12 12 48 29 891
12 12 30 47 1461
12 12 47 30 1461
12 12 31 46 2241
12 12 46 31 2241
12 12 32 45 3225
12 12 45 32 3225
12 12 33 44 4379
12 12 44 33 4379
12 12 34 43 5623
12 12 43 34 5623
12 12 35 42 6853
12 12 42 35 6853
12 12 36 41 7936
12 12 41 36 7936
12 12 37 40 8745
12 12 40 37 8745
12 12 38 39 9177
12 12 39 38 9177
8 16 17 60 0
16 8 17 60 0
8 16 60 17 0
16 8 60 17 0
8 16 18 59 0
16 8 18 59 0
8 16 59 18 0
16 8 59 18 0
9 15 17 60 0
15 9 17 60 0
9 15 60 17 0
15 9 60 17 0
9 15 18 59 0
15 9 18 59 0
9 15 59 18 0
15 9 59 18 0
10 14 17 60 0
14 10 17 60 0
10 14 60 17 0
14 10 60 17 0
10 14 18 59 0
14 10 18 59 0
10 14 59 18 0
14 10 59 18 0
9 15 16 61 0
15 9 16 61 0
9 15 61 16 0
15 9 61 16 0
10 14 16 61 0
14 10 16 61 0
10 14 61 16 0
14 10 61 16 0
11 13 16 61 0
13 11 16 61 0
11 13 61 16 0
13 11 61 16 0
11 13 17 60 0
13 11 17 60 0
11 13 60 17 0
13 11 60 17 0
11 13 18 59 0
13 11 18 59 0
11 13 59 18 0
13 11 59 18 0
11 13 19 58 0
13 11 19 58 0
11 13 58 19 0
13 11 58 19 0
11 13 20 57 0
13 11 20 57 0
11 13 57 20 0
13 11 57 20 0
12 12 17 60 0
12 12 60 17 0
12 12 18 59 0
12 12 59 18 0
12 12 19 58 0
12 12 58 19 0
12 12 20 57 0
12 12 57 20 0
12 12 21 56 0
12 12 56 21 0
12 12 22 55 1
12 12 55 22 1
12 12 23 54 5
12 12 54 23 5
12 12 24 53 18
12 12 53 24 18
10 14 15 62 0
14 10 15 62 0
10 14 62 15 0
14 10 62 15 0
11 13 15 62 0
13 11 15 62 0
11 13 62 15 0
13 11 62 15 0
12 12 15 62 0
12 12 62 15 0
12 12 16 61 0
12 12 61 16 0
