15 23 48 71 0
23 15 48 71 0
15 23 71 48 0
23 15 71 48 0
15 23 49 70 0
23 15 49 70 0
15 23 70 49 0
23 15 70 49 0
15 23 50 69 0
23 15 50 69 0
15 23 69 50 0
23 15 69 50 0
15 23 51 68 0
23 15 51 68 0
15 23 68 51 0
23 15 68 51 0
15 23 52 67 0
23 15 52 67 0
15 23 67 52 0
23 15 67 52 0
15 23 53 66 0
23 15 53 66 0
15 23 66 53 0
23 15 66 53 0
15 23 54 65 0
23 15 54 65 0
15 23 65 54 0
23 15 65 54 0
15 23 55 64 0
23 15 55 64 0
15 23 64 55 0
23 15 64 55 0
15 23 56 63 0
23 15 56 63 0
15 23 63 56 0
23 15 63 56 0
15 23 57 62 0
23 15 57 62 0
15 23 62 57 0
23 15 62 57 0
15 23 58 61 0
23 15 58 61 0
15 23 61 58 0
23 15 61 58 0
15 23 59 60 0
23 15 59 60 0
15 23 60 59 0
23 15 60 59 0
16 22 48 71 0
22 16 48 71 0
16 22 71 48 0
22 16 71 48 0
16 22 49 70 0
22 16 49 70 0
16 22 70 49 0
22 16 70 49 0
16 22 50 69 0
22 16 50 69 0
16 22 69 50 0
22 16 69 50 0
16 22 51 68 0
22 16 51 68 0
16 22 68 51 0
22 16 68 51 0
16 22 52 67 0
22 16 52 67 0
16 22 67 52 0
22 16 67 52 0
16 22 53 66 0
22 16 53 66 0
16 22 66 53 0
22 16 66 53 0
16 22 54 65 0
22 16 54 65 0
16 22 65 54 0
22 16 65 54 0
16 22 55 64 0
22 16 55 64 0
16 22 64 55 0
22 16 64 55 0
16 22 56 63 0
22 16 56 63 0
16 22 63 56 0
22 16 63 56 0
16 22 57 62 0
22 16 57 62 0
16 22 62 57 0
22 16 62 57 0
16 22 58 61 0
22 16 58 61 0
16 22 61 58 0
22 16 61 58 0
16 22 59 60 0
22 16 59 60 0
16 22 60 59 0
22 16 60 59 0
17 21 48 71 0
21 17 48 71 0
17 21 71 48 0
21 17 71 48 0
17 21 49 70 0
21 17 49 70 0
17 21 70 49 0
21 17 70 49 0
17 21 50 69 0
21 17 50 69 0
17 21 69 50 0
21 17 69 50 0
17 21 51 68 0
21 17 51 68 0
17 21 68 51 0
21 17 68 51 0
17 21 52 67 0
21 17 52 67 0
17 21 67 52 0
21 17 67 52 0
17 21 53 66 0
21 17 53 66 0
17 21 66 53 0
21 17 66 53 0
17 21 54 65 0
21 17 54 65 0
17 21 65 54 0
21 17 65 54 0
17 21 55 64 0
21 17 55 64 0
17 21 64 55 0
21 17 64 55 0
17 21 56 63 0
21 17 56 63 0
17 21 63 56 0
21 17 63 56 0
17 21 57 62 0
21 17 57 62 0
17 21 62 57 0
21 17 62 57 0
17 21 58 61 0
21 17 58 61 0
17 21 61 58 0
21 17 61 58 0
17 21 59 60 0
21 17 59 60 0
17 21 60 59 0
21 17 60 59 0
16 22 46 73 0
22 16 46 73 0
16 22 73 46 0
22 16 73 46 0
16 22 47 72 0
22 16 47 72 0
16 22 72 47 0
22 16 72 47 0
17 21 46 73 0
21 17 46 73 0
17 21 73 46 0
21 17 73 46 0
17 21 47 72 0
21 17 47 72 0
17 21 72 47 0
21 17 72 47 0
18 20 46 73 0
20 18 46 73 0
18 20 73 46 0
20 18 73 46 0
18 20 47 72 0
20 18 47 72 0
18 20 72 47 0
20 18 72 47 0
18 20 48 71 0
20 18 48 71 0
18 20 71 48 0
20 18 71 48 0
18 20 49 70 0
20 18 49 70 0
18 20 70 49 0
20 18 70 49 0
18 20 50 69 0
20 18 50 69 0
18 20 69 50 0
20 18 69 50 0
18 20 51 68 0
20 18 51 68 0
18 20 68 51 0
20 18 68 51 0
18 20 52 67 0
20 18 52 67 0
18 20 67 52 0
20 18 67 52 0
18 20 53 66 0
20 18 53 66 0
18 20 66 53 0
20 18 66 53 0
18 20 54 65 0
20 18 54 65 0
18 20 65 54 0
20 18 65 54 0
18 20 55 64 0
20 18 55 64 0
18 20 64 55 0
20 18 64 55 0
18 20 56 63 0
20 18 56 63 0
18 20 63 56 0
20 18 63 56 0
18 20 57 62 1
20 18 57 62 1
18 20 62 57 1
20 18 62 57 1
18 20 58 61 1
20 18 58 61 1
18 20 61 58 1
20 18 61 58 1
18 20 59 60 1
20 18 59 60 1
18 20 60 59 1
20 18 60 59 1
19 19 46 73 0
19 19 73 46 0
19 19 47 72 0
19 19 72 47 0
19 19 48 71 0
19 19 71 48 0
19 19 49 70 0
19 19 70 49 0
19 19 50 69 0
19 19 69 50 0
19 19 51 68 0
19 19 68 51 0
19 19 52 67 0
19 19 67 52 0
19 19 53 66 0
19 19 66 53 0
19 19 54 65 0
19 19 65 54 0
19 19 55 64 0
19 19 64 55 0
19 19 56 63 0
19 19 63 56 0
19 19 57 62 1
19 19 62 57 1
19 19 58 61 1
19 19 61 58 1
19 19 59 60 1
19 19 60 59 1
18 20 45 74 0
20 18 45 74 0
18 20 74 45 0
20 18 74 45 0
19 19 45 74 0
19 19 74 45 0
