6 22 36 53 0
22 6 36 53 0
6 22 53 36 0
22 6 53 36 0
6 22 37 52 0
22 6 37 52 0
6 22 52 37 0
22 6 52 37 0
6 22 38 51 0
22 6 38 51 0
6 22 51 38 0
22 6 51 38 0
6 22 39 50 0
22 6 39 50 0
6 22 50 39 0
22 6 50 39 0
6 22 40 49 0
22 6 40 49 0
6 22 49 40 0
22 6 49 40 0
6 22 41 48 0
22 6 41 48 0
6 22 48 41 0
22 6 48 41 0
6 22 42 47 0
22 6 42 47 0
6 22 47 42 0
22 6 47 42 0
6 22 43 46 0
22 6 43 46 0
6 22 46 43 0
22 6 46 43 0
6 22 44 45 0
22 6 44 45 0
6 22 45 44 0
22 6 45 44 0
7 21 36 53 0
21 7 36 53 0
7 21 53 36 0
21 7 53 36 0
7 21 37 52 0
21 7 37 52 0
7 21 52 37 0
21 7 52 37 0
7 21 38 51 0
21 7 38 51 0
7 21 51 38 0
21 7 51 38 0
7 21 39 50 0
21 7 39 50 0
7 21 50 39 0
21 7 50 39 0
7 21 40 49 0
21 7 40 49 0
7 21 49 40 0
21 7 49 40 0
7 21 41 48 0
21 7 41 48 0
7 21 48 41 0
21 7 48 41 0
7 21 42 47 0
21 7 42 47 0
7 21 47 42 0
21 7 47 42 0
7 21 43 46 0
21 7 43 46 0
7 21 46 43 0
21 7 46 43 0
7 21 44 45 0
21 7 44 45 0
7 21 45 44 0
21 7 45 44 0
8 20 36 53 0
20 8 36 53 0
8 20 53 36 0
20 8 53 36 0
8 20 37 52 0
20 8 37 52 0
8 20 52 37 0
20 8 52 37 0
8 20 38 51 0
20 8 38 51 0
8 20 51 38 0
20 8 51 38 0
8 20 39 50 0
20 8 39 50 0
8 20 50 39 0
20 8 50 39 0
8 20 40 49 0
20 8 40 49 0
8 20 49 40 0
20 8 49 40 0
8 20 41 48 0
20 8 41 48 0
8 20 48 41 0
20 8 48 41 0
8 20 42 47 1
20 8 42 47 1
8 20 47 42 1
20 8 47 42 1
8 20 43 46 1
20 8 43 46 1
8 20 46 43 1
20 8 46 43 1
8 20 44 45 1
20 8 44 45 1
8 20 45 44 1
20 8 45 44 1
7 21 31 58 0
21 7 31 58 0
7 21 58 31 0
21 7 58 31 0
7 21 32 57 0
21 7 32 57 0
7 21 57 32 0
21 7 57 32 0
7 21 33 56 0
21 7 33 56 0
7 21 56 33 0
21 7 56 33 0
7 21 34 55 0
21 7 34 55 0
7 21 55 34 0
21 7 55 34 0
7 21 35 54 0
21 7 35 54 0
7 21 54 35 0
21 7 54 35 0
8 20 31 58 0
20 8 31 58 0
8 20 58 31 0
20 8 58 31 0
8 20 32 57 0
20 8 32 57 0
8 20 57 32 0
20 8 57 32 0
8 20 33 56 0
20 8 33 56 0
8 20 56 33 0
20 8 56 33 0
8 20 34 55 0
20 8 34 55 0
8 20 55 34 0
20 8 55 34 0
8 20 35 54 0
20 8 35 54 0
8 20 54 35 0
20 8 54 35 0
9 19 31 58 0
19 9 31 58 0
9 19 58 31 0
19 9 58 31 0
9 19 32 57 0
19 9 32 57 0
9 19 57 32 0
19 9 57 32 0
9 19 33 56 0
19 9 33 56 0
9 19 56 33 0
19 9 56 33 0
9 19 34 55 0
19 9 34 55 0
9 19 55 34 0
19 9 55 34 0
9 19 35 54 0
19 9 35 54 0
9 19 54 35 0
19 9 54 35 0
9 19 36 53 0
19 9 36 53 0
9 19 53 36 0
19 9 53 36 0
9 19 37 52 1
19 9 37 52 1
9 19 52 37 1
19 9 52 37 1
9 19 38 51 3
19 9 38 51 3
9 19 51 38 3
19 9 51 38 3
9 19 39 50 6
19 9 39 50 6
9 19 50 39 6
19 9 50 39 6
9 19 40 49 10
19 9 40 49 10
9 19 49 40 10
19 9 49 40 10
9 19 41 48 15
19 9 41 48 15
9 19 48 41 15
19 9 48 41 15
9 19 42 47 21
19 9 42 47 21
9 19 47 42 21
19 9 47 42 21
9 19 43 46 25
19 9 43 46 25
9 19 46 43 25
19 9 46 43 25
9 19 44 45 27
19 9 44 45 27
9 19 45 44 27
19 9 45 44 27
8 20 28 61 0
20 8 28 61 0
8 20 61 28 0
20 8 61 28 0
8 20 29 60 0
20 8 29 60 0
8 20 60 29 0
20 8 60 29 0
8 20 30 59 0
20 8 30 59 0
8 20 59 30 0
20 8 59 30 0
9 19 28 61 0
19 9 28 61 0
9 19 61 28 0
19 9 61 28 0
9 19 29 60 0
19 9 29 60 0
9 19 60 29 0
19 9 60 29 0
9 19 30 59 0
19 9 30 59 0
9 19 59 30 0
19 9 59 30 0
10 18 28 61 0
18 10 28 61 0
10 18 61 28 0
18 10 61 28 0
10 18 29 60 0
18 10 29 60 0
10 18 60 29 0
18 10 60 29 0
10 18 30 59 0
18 10 30 59 0
10 18 59 30 0
18 10 59 30 0
10 18 31 58 0
18 10 31 58 0
10 18 58 31 0
18 10 58 31 0
10 18 32 57 0
18 10 32 57 0
10 18 57 32 0
18 10 57 32 0
10 18 33 56 0
18 10 33 56 0
10 18 56 33 0
18 10 56 33 0
10 18 34 55 1
18 10 34 55 1
10 18 55 34 1
18 10 55 34 1
10 18 35 54 3
18 10 35 54 3
10 18 54 35 3
18 10 54 35 3
10 18 36 53 8
18 10 36 53 8
10 18 53 36 8
18 10 53 36 8
10 18 37 52 18
18 10 37 52 18
10 18 52 37 18
18 10 52 37 18
10 18 38 51 35
18 10 38 51 35
10 18 51 38 35
18 10 51 38 35
10 18 39 50 58
18 10 39 50 58
10 18 50 39 58
18 10 50 39 58
10 18 40 49 87
18 10 40 49 87
10 18 49 40 87
18 10 49 40 87
10 18 41 48 119
18 10 41 48 119
10 18 48 41 119
18 10 48 41 119
10 18 42 47 151
18 10 42 47 151
10 18 47 42 151
18 10 47 42 151
10 18 43 46 175
18 10 43 46 175
10 18 46 43 175
18 10 46 43 175
10 18 44 45 188
18 10 44 45 188
10 18 45 44 188
18 10 45 44 188
9 19 27 62 0
19 9 27 62 0
9 19 62 27 0
19 9 62 27 0
10 18 27 62 0
18 10 27 62 0
10 18 62 27 0
18 10 62 27 0
11 17 27 62 0
17 11 27 62 0
11 17 62 27 0
17 11 62 27 0
11 17 28 61 0
17 11 28 61 0
11 17 61 28 0
17 11 61 28 0
11 17 29 60 0
17 11 29 60 0
11 17 60 29 0
17 11 60 29 0
11 17 30 59 0
17 11 30 59 0
11 17 59 30 0
17 11 59 30 0
11 17 31 58 0
17 11 31 58 0
11 17 58 31 0
17 11 58 31 0
11 17 32 57 0
17 11 32 57 0
11 17 57 32 0
17 11 57 32 0
11 17 33 56 2
17 11 33 56 2
11 17 56 33 2
17 11 56 33 2
11 17 34 55 8
17 11 34 55 8
11 17 55 34 8
17 11 55 34 8
11 17 35 54 22
17 11 35 54 22
11 17 54 35 22
17 11 54 35 22
11 17 36 53 49
17 11 36 53 49
11 17 53 36 49
17 11 53 36 49
11 17 37 52 94
17 11 37 52 94
11 17 52 37 94
17 11 52 37 94
11 17 38 51 161
17 11 38 51 161
11 17 51 38 161
17 11 51 38 161
11 17 39 50 249
17 11 39 50 249
11 17 50 39 249
17 11 50 39 249
11 17 40 49 353
17 11 40 49 353
11 17 49 40 353
17 11 49 40 353
11 17 41 48 463
17 11 41 48 463
11 17 48 41 463
17 11 48 41 463
11 17 42 47 566
17 11 42 47 566
11 17 47 42 566
17 11 47 42 566
11 17 43 46 645
17 11 43 46 645
11 17 46 43 645
17 11 46 43 645
11 17 44 45 688
17 11 44 45 688
11 17 45 44 688
17 11 45 44 688
12 16 28 61 0
16 12 28 61 0
12 16 61 28 0
16 12 61 28 0
12 16 29 60 0
16 12 29 60 0
12 16 60 29 0
16 12 60 29 0
12 16 30 59 0
16 12 30 59 0
12 16 59 30 0
16 12 59 30 0
12 16 31 58 1
16 12 31 58 1
12 16 58 31 1
16 12 58 31 1
12 16 32 57 4
16 12 32 57 4
12 16 57 32 4
16 12 57 32 4
12 16 33 56 13
16 12 33 56 13
12 16 56 33 13
16 12 56 33 13
12 16 34 55 35
16 12 34 55 35
12 16 55 34 35
16 12 55 34 35
12 16 35 54 78
16 12 35 54 78
12 16 54 35 78
16 12 54 35 78
12 16 36 53 153
16 12 36 53 153
12 16 53 36 153
16 12 53 36 153
12 16 37 52 269
16 12 37 52 269
12 16 52 37 269
16 12 52 37 269
12 16 38 51 433
16 12 38 51 433
12 16 51 38 433
16 12 51 38 433
12 16 39 50 640
16 12 39 50 640
12 16 50 39 640
16 12 50 39 640
12 16 40 49 879
16 12 40 49 879
12 16 49 40 879
16 12 49 40 879
12 16 41 48 1126
16 12 41 48 1126
12 16 48 41 1126
16 12 48 41 1126
12 16 42 47 1353
16 12 42 47 1353
12 16 47 42 1353
16 12 47 42 1353
12 16 43 46 1526
16 12 43 46 1526
12 16 46 43 1526
16 12 46 43 1526
12 16 44 45 1620
16 12 44 45 1620
12 16 45 44 1620
16 12 45 44 1620
13 15 31 58 2
15 13 31 58 2
13 15 58 31 2
15 13 58 31 2
13 15 32 57 9
15 13 32 57 9
13 15 57 32 9
15 13 57 32 9
13 15 33 56 28
15 13 33 56 28
13 15 56 33 28
15 13 56 33 28
13 15 34 55 70
15 13 34 55 70
13 15 55 34 70
15 13 55 34 70
13 15 35 54 149
15 13 35 54 149
13 15 54 35 149
15 13 54 35 149
13 15 36 53 281
15 13 36 53 281
13 15 53 36 281
15 13 53 36 281
13 15 37 52 480
15 13 37 52 480
13 15 52 37 480
15 13 52 37 480
13 15 38 51 752
15 13 38 51 752
13 15 51 38 752
15 13 51 38 752
13 15 39 50 1090
15 13 39 50 1090
13 15 50 39 1090
15 13 50 39 1090
13 15 40 49 1473
15 13 40 49 1473
13 15 49 40 1473
15 13 49 40 1473
13 15 41 48 1865
15 13 41 48 1865
13 15 48 41 1865
15 13 48 41 1865
13 15 42 47 2221
15 13 42 47 2221
13 15 47 42 2221
15 13 47 42 2221
13 15 43 46 2491
15 13 43 46 2491
13 15 46 43 2491
15 13 46 43 2491
13 15 44 45 2637
15 13 44 45 2637
13 15 45 44 2637
15 13 45 44 2637
14 14 36 53 347
14 14 53 36 347
14 14 37 52 583
14 14 52 37 583
14 14 38 51 904
14 14 51 38 904
14 14 39 50 1300
14 14 50 39 1300
14 14 40 49 1747
14 14 49 40 1747
14 14 41 48 2203
14 14 48 41 2203
14 14 42 47 2617
14 14 47 42 2617
14 14 43 46 2930
14 14 46 43 2930
14 14 44 45 3099
14 14 45 44 3099
9 19 26 63 0
19 9 26 63 0
9 19 63 26 0
19 9 63 26 0
10 18 26 63 0
18 10 26 63 0
10 18 63 26 0
18 10 63 26 0
11 17 26 63 0
17 11 26 63 0
11 17 63 26 0
17 11 63 26 0
10 18 24 65 0
18 10 24 65 0
10 18 65 24 0
18 10 65 24 0
10 18 25 64 0
18 10 25 64 0
10 18 64 25 0
18 10 64 25 0
11 17 24 65 0
17 11 24 65 0
11 17 65 24 0
17 11 65 24 0
11 17 25 64 0
17 11 25 64 0
11 17 64 25 0
17 11 64 25 0
12 16 24 65 0
16 12 24 65 0
12 16 65 24 0
16 12 65 24 0
12 16 25 64 0
16 12 25 64 0
12 16 64 25 0
16 12 64 25 0
12 16 26 63 0
16 12 26 63 0
12 16 63 26 0
16 12 63 26 0
12 16 27 62 0
16 12 27 62 0
12 16 62 27 0
16 12 62 27 0
13 15 24 65 0
15 13 24 65 0
13 15 65 24 0
15 13 65 24 0
13 15 25 64 0
15 13 25 64 0
13 15 64 25 0
15 13 64 25 0
13 15 26 63 0
15 13 26 63 0
13 15 63 26 0
15 13 63 26 0
13 15 27 62 0
15 13 27 62 0
13 15 62 27 0
15 13 62 27 0
13 15 28 61 0
15 13 28 61 0
13 15 61 28 0
15 13 61 28 0
13 15 29 60 0
15 13 29 60 0
13 15 60 29 0
15 13 60 29 0
13 15 30 59 0
15 13 30 59 0
13 15 59 30 0
15 13 59 30 0
14 14 26 63 0
14 14 63 26 0
14 14 27 62 0
14 14 62 27 0
14 14 28 61 0
14 14 61 28 0
14 14 29 60 0
14 14 60 29 0
14 14 30 59 1
14 14 59 30 1
14 14 31 58 4
14 14 58 31 4
14 14 32 57 14
14 14 57 32 14
14 14 33 56 39
14 14 56 33 39
14 14 34 55 92
14 14 55 34 92
14 14 35 54 188
14 14 54 35 188
11 17 23 66 0
17 11 23 66 0
11 17 66 23 0
17 11 66 23 0
12 16 23 66 0
16 12 23 66 0
12 16 66 23 0
16 12 66 23 0
13 15 23 66 0
15 13 23 66 0
13 15 66 23 0
15 13 66 23 0
12 16 22 67 0
16 12 22 67 0
12 16 67 22 0
16 12 67 22 0
13 15 22 67 0
15 13 22 67 0
13 15 67 22 0
15 13 67 22 0
14 14 22 67 0
14 14 67 22 0
14 14 23 66 0
14 14 66 23 0
14 14 24 65 0
14 14 65 24 0
14 14 25 64 0
14 14 64 25 0
