3 19 24 47 0
19 3 24 47 0
3 19 47 24 0
19 3 47 24 0
3 19 25 46 0
19 3 25 46 0
3 19 46 25 0
19 3 46 25 0
3 19 26 45 0
19 3 26 45 0
3 19 45 26 0
19 3 45 26 0
3 19 27 44 0
19 3 27 44 0
3 19 44 27 0
19 3 44 27 0
3 19 28 43 0
19 3 28 43 0
3 19 43 28 0
19 3 43 28 0
3 19 29 42 0
19 3 29 42 0
3 19 42 29 0
19 3 42 29 0
3 19 30 41 0
19 3 30 41 0
3 19 41 30 0
19 3 41 30 0
3 19 31 40 0
19 3 31 40 0
3 19 40 31 0
19 3 40 31 0
3 19 32 39 0
19 3 32 39 0
3 19 39 32 0
19 3 39 32 0
3 19 33 38 0
19 3 33 38 0
3 19 38 33 0
19 3 38 33 0
3 19 34 37 0
19 3 34 37 0
3 19 37 34 0
19 3 37 34 0
3 19 35 36 0
19 3 35 36 0
3 19 36 35 0
19 3 36 35 0
4 18 24 47 0
18 4 24 47 0
4 18 47 24 0
18 4 47 24 0
4 18 25 46 0
18 4 25 46 0
4 18 46 25 0
18 4 46 25 0
4 18 26 45 0
18 4 26 45 0
4 18 45 26 0
18 4 45 26 0
4 18 27 44 0
18 4 27 44 0
4 18 44 27 0
18 4 44 27 0
4 18 28 43 0
18 4 28 43 0
4 18 43 28 0
18 4 43 28 0
4 18 29 42 0
18 4 29 42 0
4 18 42 29 0
18 4 42 29 0
4 18 30 41 0
18 4 30 41 0
4 18 41 30 0
18 4 41 30 0
4 18 31 40 0
18 4 31 40 0
4 18 40 31 0
18 4 40 31 0
4 18 32 39 0
18 4 32 39 0
4 18 39 32 0
18 4 39 32 0
4 18 33 38 0
18 4 33 38 0
4 18 38 33 0
18 4 38 33 0
4 18 34 37 0
18 4 34 37 0
4 18 37 34 0
18 4 37 34 0
4 18 35 36 0
18 4 35 36 0
4 18 36 35 0
18 4 36 35 0
5 17 24 47 0
17 5 24 47 0
5 17 47 24 0
17 5 47 24 0
5 17 25 46 0
17 5 25 46 0
5 17 46 25 0
17 5 46 25 0
5 17 26 45 0
17 5 26 45 0
5 17 45 26 0
17 5 45 26 0
5 17 27 44 1
17 5 27 44 1
5 17 44 27 1
17 5 44 27 1
5 17 28 43 2
17 5 28 43 2
5 17 43 28 2
17 5 43 28 2
5 17 29 42 4
17 5 29 42 4
5 17 42 29 4
17 5 42 29 4
5 17 30 41 7
17 5 30 41 7
5 17 41 30 7
17 5 41 30 7
5 17 31 40 11
17 5 31 40 11
5 17 40 31 11
17 5 40 31 11
5 17 32 39 15
17 5 32 39 15
5 17 39 32 15
17 5 39 32 15
5 17 33 38 19
17 5 33 38 19
5 17 38 33 19
17 5 38 33 19
5 17 34 37 22
17 5 34 37 22
5 17 37 34 22
17 5 37 34 22
5 17 35 36 24
17 5 35 36 24
5 17 36 35 24
17 5 36 35 24
4 18 22 49 0
18 4 22 49 0
4 18 49 22 0
18 4 49 22 0
4 18 23 48 0
18 4 23 48 0
4 18 48 23 0
18 4 48 23 0
5 17 22 49 0
17 5 22 49 0
5 17 49 22 0
17 5 49 22 0
5 17 23 48 0
17 5 23 48 0
5 17 48 23 0
17 5 48 23 0
6 16 22 49 0
16 6 22 49 0
6 16 49 22 0
16 6 49 22 0
6 16 23 48 0
16 6 23 48 0
6 16 48 23 0
16 6 48 23 0
6 16 24 47 0
16 6 24 47 0
6 16 47 24 0
16 6 47 24 0
6 16 25 46 2
16 6 25 46 2
6 16 46 25 2
16 6 46 25 2
6 16 26 45 6
16 6 26 45 6
6 16 45 26 6
16 6 45 26 6
6 16 27 44 15
16 6 27 44 15
6 16 44 27 15
16 6 44 27 15
6 16 28 43 29
16 6 28 43 29
6 16 43 28 29
16 6 43 28 29
6 16 29 42 51
16 6 29 42 51
6 16 42 29 51
16 6 42 29 51
6 16 30 41 79
16 6 30 41 79
6 16 41 30 79
16 6 41 30 79
6 16 31 40 113
16 6 31 40 113
6 16 40 31 113
16 6 40 31 113
6 16 32 39 148
16 6 32 39 148
6 16 39 32 148
16 6 39 32 148
6 16 33 38 181
16 6 33 38 181
6 16 38 33 181
16 6 38 33 181
6 16 34 37 206
16 6 34 37 206
6 16 37 34 206
16 6 37 34 206
6 16 35 36 220
16 6 35 36 220
6 16 36 35 220
16 6 36 35 220
7 15 22 49 1
15 7 22 49 1
7 15 49 22 1
15 7 49 22 1
7 15 23 48 4
15 7 23 48 4
7 15 48 23 4
15 7 48 23 4
7 15 24 47 11
15 7 24 47 11
7 15 47 24 11
15 7 47 24 11
7 15 25 46 28
15 7 25 46 28
7 15 46 25 28
15 7 46 25 28
7 15 26 45 59
15 7 26 45 59
7 15 45 26 59
15 7 45 26 59
7 15 27 44 112
15 7 27 44 112
7 15 44 27 112
15 7 44 27 112
7 15 28 43 190
15 7 28 43 190
7 15 43 28 190
15 7 43 28 190
7 15 29 42 298
15 7 29 42 298
7 15 42 29 298
15 7 42 29 298
7 15 30 41 431
15 7 30 41 431
7 15 41 30 431
15 7 41 30 431
7 15 31 40 582
15 7 31 40 582
7 15 40 31 582
15 7 40 31 582
7 15 32 39 735
15 7 32 39 735
7 15 39 32 735
15 7 39 32 735
7 15 33 38 874
15 7 33 38 874
7 15 38 33 874
15 7 38 33 874
7 15 34 37 979
15 7 34 37 979
7 15 37 34 979
15 7 37 34 979
7 15 35 36 1036
15 7 35 36 1036
7 15 36 35 1036
15 7 36 35 1036
8 14 24 47 60
14 8 24 47 60
8 14 47 24 60
14 8 47 24 60
8 14 25 46 129
14 8 25 46 129
8 14 46 25 129
14 8 46 25 129
8 14 26 45 243
14 8 26 45 243
8 14 45 26 243
14 8 45 26 243
8 14 27 44 423
14 8 27 44 423
8 14 44 27 423
14 8 44 27 423
8 14 28 43 673
14 8 28 43 673
8 14 43 28 673
14 8 43 28 673
8 14 29 42 1002
14 8 29 42 1002
8 14 42 29 1002
14 8 42 29 1002
8 14 30 41 1393
14 8 30 41 1393
8 14 41 30 1393
14 8 41 30 1393
8 14 31 40 1825
14 8 31 40 1825
8 14 40 31 1825
14 8 40 31 1825
8 14 32 39 2254
14 8 32 39 2254
8 14 39 32 2254
14 8 39 32 2254
8 14 33 38 2638
14 8 33 38 2638
8 14 38 33 2638
14 8 38 33 2638
8 14 34 37 2925
14 8 34 37 2925
8 14 37 34 2925
14 8 37 34 2925
8 14 35 36 3080
14 8 35 36 3080
8 14 36 35 3080
14 8 36 35 3080
4 18 21 50 0
18 4 21 50 0
4 18 50 21 0
18 4 50 21 0
5 17 21 50 0
17 5 21 50 0
5 17 50 21 0
17 5 50 21 0
6 16 21 50 0
16 6 21 50 0
6 16 50 21 0
16 6 50 21 0
5 17 18 53 0
17 5 18 53 0
5 17 53 18 0
17 5 53 18 0
5 17 19 52 0
17 5 19 52 0
5 17 52 19 0
17 5 52 19 0
5 17 20 51 0
17 5 20 51 0
5 17 51 20 0
17 5 51 20 0
6 16 18 53 0
16 6 18 53 0
6 16 53 18 0
16 6 53 18 0
6 16 19 52 0
16 6 19 52 0
6 16 52 19 0
16 6 52 19 0
6 16 20 51 0
16 6 20 51 0
6 16 51 20 0
16 6 51 20 0
7 15 18 53 0
15 7 18 53 0
7 15 53 18 0
15 7 53 18 0
7 15 19 52 0
15 7 19 52 0
7 15 52 19 0
15 7 52 19 0
7 15 20 51 0
15 7 20 51 0
7 15 51 20 0
15 7 51 20 0
7 15 21 50 0
15 7 21 50 0
7 15 50 21 0
15 7 50 21 0
6 16 17 54 0
16 6 17 54 0
6 16 54 17 0
16 6 54 17 0
7 15 17 54 0
15 7 17 54 0
7 15 54 17 0
15 7 54 17 0
8 14 17 54 0
14 8 17 54 0
8 14 54 17 0
14 8 54 17 0
8 14 18 53 0
14 8 18 53 0
8 14 53 18 0
14 8 53 18 0
8 14 19 52 0
14 8 19 52 0
8 14 52 19 0
14 8 52 19 0
8 14 20 51 0
14 8 20 51 0
8 14 51 20 0
14 8 51 20 0
8 14 21 50 2
14 8 21 50 2
8 14 50 21 2
14 8 50 21 2
8 14 22 49 8
14 8 22 49 8
8 14 49 22 8
14 8 49 22 8
8 14 23 48 25
14 8 23 48 25
8 14 48 23 25
14 8 48 23 25
9 13 18 53 0
13 9 18 53 0
9 13 53 18 0
13 9 53 18 0
9 13 19 52 1
13 9 19 52 1
9 13 52 19 1
13 9 52 19 1
9 13 20 51 4
13 9 20 51 4
9 13 51 20 4
13 9 51 20 4
9 13 21 50 13
13 9 21 50 13
9 13 50 21 13
13 9 50 21 13
9 13 22 49 36
13 9 22 49 36
9 13 49 22 36
13 9 49 22 36
9 13 23 48 87
13 9 23 48 87
9 13 48 23 87
13 9 48 23 87
9 13 24 47 184
13 9 24 47 184
9 13 47 24 184
13 9 47 24 184
9 13 25 46 356
13 9 25 46 356
9 13 46 25 356
13 9 46 25 356
9 13 26 45 629
13 9 26 45 629
9 13 45 26 629
13 9 45 26 629
9 13 27 44 1034
13 9 27 44 1034
9 13 44 27 1034
13 9 44 27 1034
9 13 28 43 1583
13 9 28 43 1583
9 13 43 28 1583
13 9 43 28 1583
9 13 29 42 2279
13 9 29 42 2279
9 13 42 29 2279
13 9 42 29 2279
9 13 30 41 3091
13 9 30 41 3091
9 13 41 30 3091
13 9 41 30 3091
9 13 31 40 3970
13 9 31 40 3970
9 13 40 31 3970
13 9 40 31 3970
9 13 32 39 4834
13 9 32 39 4834
9 13 39 32 4834
13 9 39 32 4834
9 13 33 38 5596
13 9 33 38 5596
9 13 38 33 5596
13 9 38 33 5596
9 13 34 37 6164
13 9 34 37 6164
9 13 37 34 6164
13 9 37 34 6164
9 13 35 36 6469
13 9 35 36 6469
9 13 36 35 6469
13 9 36 35 6469
10 12 21 50 27
12 10 21 50 27
10 12 50 21 27
12 10 50 21 27
10 12 22 49 70
12 10 22 49 70
10 12 49 22 70
12 10 49 22 70
10 12 23 48 162
12 10 23 48 162
10 12 48 23 162
12 10 48 23 162
10 12 24 47 329
12 10 24 47 329
10 12 47 24 329
12 10 47 24 329
10 12 25 46 617
12 10 25 46 617
10 12 46 25 617
12 10 46 25 617
10 12 26 45 1060
12 10 26 45 1060
10 12 45 26 1060
12 10 45 26 1060
10 12 27 44 1704
12 10 27 44 1704
10 12 44 27 1704
12 10 44 27 1704
10 12 28 43 2560
12 10 28 43 2560
10 12 43 28 2560
12 10 43 28 2560
10 12 29 42 3632
12 10 29 42 3632
10 12 42 29 3632
12 10 42 29 3632
10 12 30 41 4866
12 10 30 41 4866
10 12 41 30 4866
12 10 41 30 4866
10 12 31 40 6191
12 10 31 40 6191
10 12 40 31 6191
12 10 40 31 6191
10 12 32 39 7483
12 10 32 39 7483
10 12 39 32 7483
12 10 39 32 7483
10 12 33 38 8618
12 10 33 38 8618
10 12 38 33 8618
12 10 38 33 8618
10 12 34 37 9460
12 10 34 37 9460
10 12 37 34 9460
12 10 37 34 9460
10 12 35 36 9911
12 10 35 36 9911
10 12 36 35 9911
12 10 36 35 9911
6 16 16 55 0
16 6 16 55 0
6 16 55 16 0
16 6 55 16 0
7 15 16 55 0
15 7 16 55 0
7 15 55 16 0
15 7 55 16 0
8 14 16 55 0
14 8 16 55 0
8 14 55 16 0
14 8 55 16 0
7 15 14 57 0
15 7 14 57 0
7 15 57 14 0
15 7 57 14 0
7 15 15 56 0
15 7 15 56 0
7 15 56 15 0
15 7 56 15 0
8 14 14 57 0
14 8 14 57 0
8 14 57 14 0
14 8 57 14 0
8 14 15 56 0
14 8 15 56 0
8 14 56 15 0
14 8 56 15 0
9 13 14 57 0
13 9 14 57 0
9 13 57 14 0
13 9 57 14 0
9 13 15 56 0
13 9 15 56 0
9 13 56 15 0
13 9 56 15 0
9 13 16 55 0
13 9 16 55 0
9 13 55 16 0
13 9 55 16 0
9 13 17 54 0
13 9 17 54 0
9 13 54 17 0
13 9 54 17 0
10 12 14 57 0
12 10 14 57 0
10 12 57 14 0
12 10 57 14 0
10 12 15 56 0
12 10 15 56 0
10 12 56 15 0
12 10 56 15 0
10 12 16 55 0
12 10 16 55 0
10 12 55 16 0
12 10 55 16 0
10 12 17 54 0
12 10 17 54 0
10 12 54 17 0
12 10 54 17 0
10 12 18 53 0
12 10 18 53 0
10 12 53 18 0
12 10 53 18 0
10 12 19 52 2
12 10 19 52 2
10 12 52 19 2
12 10 52 19 2
10 12 20 51 8
12 10 20 51 8
10 12 51 20 8
12 10 51 20 8
11 11 16 55 0
11 11 55 16 0
11 11 17 54 0
11 11 54 17 0
11 11 18 53 1
11 11 53 18 1
11 11 19 52 4
11 11 52 19 4
11 11 20 51 13
11 11 51 20 13
11 11 21 50 38
11 11 50 21 38
11 11 22 49 93
11 11 49 22 93
11 11 23 48 205
11 11 48 23 205
11 11 24 47 408
11 11 47 24 408
11 11 25 46 749
11 11 46 25 749
11 11 26 45 1272
11 11 45 26 1272
11 11 27 44 2023
11 11 44 27 2023
11 11 28 43 3018
11 11 43 28 3018
11 11 29 42 4254
11 11 42 29 4254
11 11 30 41 5675
11 11 41 30 5675
11 11 31 40 7192
11 11 40 31 7192
11 11 32 39 8670
11 11 39 32 8670
11 11 33 38 9964
11 11 38 33 9964
11 11 34 37 10924
11 11 37 34 10924
11 11 35 36 11437
11 11 36 35 11437
8 14 13 58 0
14 8 13 58 0
8 14 58 13 0
14 8 58 13 0
9 13 13 58 0
13 9 13 58 0
9 13 58 13 0
13 9 58 13 0
10 12 13 58 0
12 10 13 58 0
10 12 58 13 0
12 10 58 13 0
9 13 12 59 0
13 9 12 59 0
9 13 59 12 0
13 9 59 12 0
10 12 12 59 0
12 10 12 59 0
10 12 59 12 0
12 10 59 12 0
11 11 12 59 0
11 11 59 12 0
11 11 13 58 0
11 11 58 13 0
11 11 14 57 0
11 11 57 14 0
11 11 15 56 0
11 11 56 15 0
