0 8 6 23 0
8 0 6 23 0
0 8 23 6 0
8 0 23 6 0
0 8 7 22 0
8 0 7 22 0
0 8 22 7 0
8 0 22 7 0
0 8 8 21 0
8 0 8 21 0
0 8 21 8 0
8 0 21 8 0
0 8 9 20 0
8 0 9 20 0
0 8 20 9 0
8 0 20 9 0
0 8 10 19 1
8 0 10 19 1
0 8 19 10 1
8 0 19 10 1
0 8 11 18 2
8 0 11 18 2
0 8 18 11 2
8 0 18 11 2
0 8 12 17 3
8 0 12 17 3
0 8 17 12 3
8 0 17 12 3
0 8 13 16 4
8 0 13 16 4
0 8 16 13 4
8 0 16 13 4
0 8 14 15 5
8 0 14 15 5
0 8 15 14 5
8 0 15 14 5
1 7 3 26 0
7 1 3 26 0
1 7 26 3 0
7 1 26 3 0
1 7 4 25 0
7 1 4 25 0
1 7 25 4 0
7 1 25 4 0
1 7 5 24 0
7 1 5 24 0
1 7 24 5 0
7 1 24 5 0
1 7 6 23 0
7 1 6 23 0
1 7 23 6 0
7 1 23 6 0
1 7 7 22 1
7 1 7 22 1
1 7 22 7 1
7 1 22 7 1
1 7 8 21 3
7 1 8 21 3
1 7 21 8 3
7 1 21 8 3
1 7 9 20 6
7 1 9 20 6
1 7 20 9 6
7 1 20 9 6
1 7 10 19 11
7 1 10 19 11
1 7 19 10 11
7 1 19 10 11
1 7 11 18 17
7 1 11 18 17
1 7 18 11 17
7 1 18 11 17
1 7 12 17 23
7 1 12 17 23
1 7 17 12 23
7 1 17 12 23
1 7 13 16 28
7 1 13 16 28
1 7 16 13 28
7 1 16 13 28
1 7 14 15 31
7 1 14 15 31
1 7 15 14 31
7 1 15 14 31
2 6 3 26 0
6 2 3 26 0
2 6 26 3 0
6 2 26 3 0
2 6 4 25 0
6 2 4 25 0
2 6 25 4 0
6 2 25 4 0
2 6 5 24 0
6 2 5 24 0
2 6 24 5 0
6 2 24 5 0
2 6 6 23 1
6 2 6 23 1
2 6 23 6 1
6 2 23 6 1
2 6 7 22 4
6 2 7 22 4
2 6 22 7 4
6 2 22 7 4
2 6 8 21 10
6 2 8 21 10
2 6 21 8 10
6 2 21 8 10
2 6 9 20 19
6 2 9 20 19
2 6 20 9 19
6 2 20 9 19
2 6 10 19 33
6 2 10 19 33
2 6 19 10 33
6 2 19 10 33
2 6 11 18 49
6 2 11 18 49
2 6 18 11 49
6 2 18 11 49
2 6 12 17 65
6 2 12 17 65
2 6 17 12 65
6 2 17 12 65
2 6 13 16 78
6 2 13 16 78
2 6 16 13 78
6 2 16 13 78
2 6 14 15 86
6 2 14 15 86
2 6 15 14 86
6 2 15 14 86
2 6 2 27 0
6 2 2 27 0
2 6 27 2 0
6 2 27 2 0
3 5 1 28 0
5 3 1 28 0
3 5 28 1 0
5 3 28 1 0
3 5 2 27 0
5 3 2 27 0
3 5 27 2 0
5 3 27 2 0
3 5 3 26 0
5 3 3 26 0
3 5 26 3 0
5 3 26 3 0
3 5 4 25 0
5 3 4 25 0
3 5 25 4 0
5 3 25 4 0
3 5 5 24 1
5 3 5 24 1
3 5 24 5 1
5 3 24 5 1
3 5 6 23 4
5 3 6 23 4
3 5 23 6 4
5 3 23 6 4
3 5 7 22 11
5 3 7 22 11
3 5 22 7 11
5 3 22 7 11
3 5 8 21 23
5 3 8 21 23
3 5 21 8 23
5 3 21 8 23
3 5 9 20 41
5 3 9 20 41
3 5 20 9 41
5 3 20 9 41
3 5 10 19 66
5 3 10 19 66
3 5 19 10 66
5 3 19 10 66
3 5 11 18 94
5 3 11 18 94
3 5 18 11 94
5 3 18 11 94
3 5 12 17 121
5 3 12 17 121
3 5 17 12 121
5 3 17 12 121
3 5 13 16 143
5 3 13 16 143
3 5 16 13 143
5 3 16 13 143
3 5 14 15 156
5 3 14 15 156
3 5 15 14 156
5 3 15 14 156
4 4 2 27 0
4 4 27 2 0
4 4 3 26 0
4 4 26 3 0
4 4 4 25 0
4 4 25 4 0
4 4 5 24 1
4 4 24 5 1
4 4 6 23 5
4 4 23 6 5
4 4 7 22 13
4 4 22 7 13
4 4 8 21 27
4 4 21 8 27
4 4 9 20 48
4 4 20 9 48
4 4 10 19 78
4 4 19 10 78
4 4 11 18 111
4 4 18 11 111
4 4 12 17 143
4 4 17 12 143
4 4 13 16 169
4 4 16 13 169
4 4 14 15 185
4 4 15 14 185
4 4 1 28 0
4 4 28 1 0
