0 6 3 20 0
6 0 3 20 0
0 6 20 3 0
6 0 20 3 0
0 6 4 19 0
6 0 4 19 0
0 6 19 4 0
6 0 19 4 0
0 6 5 18 0
6 0 5 18 0
0 6 18 5 0
6 0 18 5 0
0 6 6 17 1
6 0 6 17 1
0 6 17 6 1
6 0 17 6 1
0 6 7 16 2
6 0 7 16 2
0 6 16 7 2
6 0 16 7 2
0 6 8 15 4
6 0 8 15 4
0 6 15 8 4
6 0 15 8 4
0 6 9 14 6
6 0 9 14 6
0 6 14 9 6
6 0 14 9 6
0 6 10 13 8
6 0 10 13 8
0 6 13 10 8
6 0 13 10 8
0 6 11 12 9
6 0 11 12 9
0 6 12 11 9
6 0 12 11 9
1 5 1 22 0
5 1 1 22 0
1 5 22 1 0
5 1 22 1 0
1 5 2 21 0
5 1 2 21 0
1 5 21 2 0
5 1 21 2 0
1 5 3 20 0
5 1 3 20 0
1 5 20 3 0
5 1 20 3 0
1 5 4 19 1
5 1 4 19 1
1 5 19 4 1
5 1 19 4 1
1 5 5 18 3
5 1 5 18 3
1 5 18 5 3
5 1 18 5 3
1 5 6 17 7
5 1 6 17 7
1 5 17 6 7
5 1 17 6 7
1 5 7 16 12
5 1 7 16 12
1 5 16 7 12
5 1 16 7 12
1 5 8 15 19
5 1 8 15 19
1 5 15 8 19
5 1 15 8 19
1 5 9 14 26
5 1 9 14 26
1 5 14 9 26
5 1 14 9 26
1 5 10 13 32
5 1 10 13 32
1 5 13 10 32
5 1 13 10 32
1 5 11 12 35
5 1 11 12 35
1 5 12 11 35
5 1 12 11 35
2 4 1 22 0
4 2 1 22 0
2 4 22 1 0
4 2 22 1 0
2 4 2 21 0
4 2 2 21 0
2 4 21 2 0
4 2 21 2 0
2 4 3 20 0
4 2 3 20 0
2 4 20 3 0
4 2 20 3 0
2 4 4 19 2
4 2 4 19 2
2 4 19 4 2
4 2 19 4 2
2 4 5 18 6
4 2 5 18 6
2 4 18 5 6
4 2 18 5 6
2 4 6 17 14
4 2 6 17 14
2 4 17 6 14
4 2 17 6 14
2 4 7 16 24
4 2 7 16 24
2 4 16 7 24
4 2 16 7 24
2 4 8 15 38
4 2 8 15 38
2 4 15 8 38
4 2 15 8 38
2 4 9 14 52
4 2 9 14 52
2 4 14 9 52
4 2 14 9 52
2 4 10 13 64
4 2 10 13 64
2 4 13 10 64
4 2 13 10 64
2 4 11 12 70
4 2 11 12 70
2 4 12 11 70
4 2 12 11 70
3 3 0 23 0
3 3 23 0 0
3 3 1 22 0
3 3 22 1 0
3 3 2 21 0
3 3 21 2 0
3 3 3 20 1
3 3 20 3 1
3 3 4 19 4
3 3 19 4 4
3 3 5 18 10
3 3 18 5 10
3 3 6 17 20
3 3 17 6 20
3 3 7 16 33
3 3 16 7 33
3 3 8 15 50
3 3 15 8 50
3 3 9 14 67
3 3 14 9 67
3 3 10 13 81
3 3 13 10 81
3 3 11 12 88
3 3 12 11 88
