9 30 21 33 0
30 9 21 33 0
9 30 33 21 0
30 9 33 21 0
9 30 22 32 0
30 9 22 32 0
9 30 32 22 0
30 9 32 22 0
9 30 23 31 0
30 9 23 31 0
9 30 31 23 0
30 9 31 23 0
9 30 24 30 0
30 9 24 30 0
9 30 30 24 0
30 9 30 24 0
9 30 25 29 0
30 9 25 29 0
9 30 29 25 0
30 9 29 25 0
9 30 26 28 0
30 9 26 28 0
9 30 28 26 0
30 9 28 26 0
9 30 27 27 0
30 9 27 27 0
10 29 21 33 0
29 10 21 33 0
10 29 33 21 0
29 10 33 21 0
10 29 22 32 0
29 10 22 32 0
10 29 32 22 0
29 10 32 22 0
10 29 23 31 0
29 10 23 31 0
10 29 31 23 0
29 10 31 23 0
10 29 24 30 0
29 10 24 30 0
10 29 30 24 0
29 10 30 24 0
10 29 25 29 0
29 10 25 29 0
10 29 29 25 0
29 10 29 25 0
10 29 26 28 0
29 10 26 28 0
10 29 28 26 0
29 10 28 26 0
10 29 27 27 0
29 10 27 27 0
11 28 21 33 0
28 11 21 33 0
11 28 33 21 0
28 11 33 21 0
11 28 22 32 0
28 11 22 32 0
11 28 32 22 0
28 11 32 22 0
11 28 23 31 0
28 11 23 31 0
11 28 31 23 0
28 11 31 23 0
11 28 24 30 0
28 11 24 30 0
11 28 30 24 0
28 11 30 24 0
11 28 25 29 0
28 11 25 29 0
11 28 29 25 0
28 11 29 25 0
11 28 26 28 0
28 11 26 28 0
11 28 28 26 0
28 11 28 26 0
11 28 27 27 0
28 11 27 27 0
12 27 21 33 0
27 12 21 33 0
12 27 33 21 0
27 12 33 21 0
12 27 22 32 0
27 12 22 32 0
12 27 32 22 0
27 12 32 22 0
12 27 23 31 1
27 12 23 31 1
12 27 31 23 1
27 12 31 23 1
12 27 24 30 2
27 12 24 30 2
12 27 30 24 2
27 12 30 24 2
12 27 25 29 4
27 12 25 29 4
12 27 29 25 4
27 12 29 25 4
12 27 26 28 5
27 12 26 28 5
12 27 28 26 5
27 12 28 26 5
12 27 27 27 6
27 12 27 27 6
10 29 20 34 0
29 10 20 34 0
10 29 34 20 0
29 10 34 20 0
11 28 20 34 0
28 11 20 34 0
11 28 34 20 0
28 11 34 20 0
12 27 20 34 0
27 12 20 34 0
12 27 34 20 0
27 12 34 20 0
13 26 20 34 0
26 13 20 34 0
13 26 34 20 0
26 13 34 20 0
13 26 21 33 0
26 13 21 33 0
13 26 33 21 0
26 13 33 21 0
13 26 22 32 2
26 13 22 32 2
13 26 32 22 2
26 13 32 22 2
13 26 23 31 7
26 13 23 31 7
13 26 31 23 7
26 13 31 23 7
13 26 24 30 14
26 13 24 30 14
13 26 30 24 14
26 13 30 24 14
13 26 25 29 24
26 13 25 29 24
13 26 29 25 24
26 13 29 25 24
13 26 26 28 31
26 13 26 28 31
13 26 28 26 31
26 13 28 26 31
13 26 27 27 34
26 13 27 27 34
14 25 21 33 4
25 14 21 33 4
14 25 33 21 4
25 14 33 21 4
14 25 22 32 14
25 14 22 32 14
14 25 32 22 14
25 14 32 22 14
14 25 23 31 34
25 14 23 31 34
14 25 31 23 34
25 14 31 23 34
14 25 24 30 61
25 14 24 30 61
14 25 30 24 61
25 14 30 24 61
14 25 25 29 94
25 14 25 29 94
14 25 29 25 94
25 14 29 25 94
14 25 26 28 118
25 14 26 28 118
14 25 28 26 118
25 14 28 26 118
14 25 27 27 128
25 14 27 27 128
10 29 19 35 0
29 10 19 35 0
10 29 35 19 0
29 10 35 19 0
11 28 19 35 0
28 11 19 35 0
11 28 35 19 0
28 11 35 19 0
12 27 19 35 0
27 12 19 35 0
12 27 35 19 0
27 12 35 19 0
13 26 19 35 0
26 13 19 35 0
13 26 35 19 0
26 13 35 19 0
11 28 17 37 0
28 11 17 37 0
11 28 37 17 0
28 11 37 17 0
11 28 18 36 0
28 11 18 36 0
11 28 36 18 0
28 11 36 18 0
12 27 17 37 0
27 12 17 37 0
12 27 37 17 0
27 12 37 17 0
12 27 18 36 0
27 12 18 36 0
12 27 36 18 0
27 12 36 18 0
13 26 17 37 0
26 13 17 37 0
13 26 37 17 0
26 13 37 17 0
13 26 18 36 0
26 13 18 36 0
13 26 36 18 0
26 13 36 18 0
14 25 17 37 0
25 14 17 37 0
14 25 37 17 0
25 14 37 17 0
14 25 18 36 0
25 14 18 36 0
14 25 36 18 0
25 14 36 18 0
14 25 19 35 0
25 14 19 35 0
14 25 35 19 0
25 14 35 19 0
14 25 20 34 1
25 14 20 34 1
14 25 34 20 1
25 14 34 20 1
15 24 17 37 0
24 15 17 37 0
15 24 37 17 0
24 15 37 17 0
15 24 18 36 0
24 15 18 36 0
15 24 36 18 0
24 15 36 18 0
15 24 19 35 0
24 15 19 35 0
15 24 35 19 0
24 15 35 19 0
15 24 20 34 4
24 15 20 34 4
15 24 34 20 4
24 15 34 20 4
15 24 21 33 17
24 15 21 33 17
15 24 33 21 17
24 15 33 21 17
15 24 22 32 48
24 15 22 32 48
15 24 32 22 48
24 15 32 22 48
15 24 23 31 103
24 15 23 31 103
15 24 31 23 103
24 15 31 23 103
15 24 24 30 176
24 15 24 30 176
15 24 30 24 176
24 15 30 24 176
15 24 25 29 256
24 15 25 29 256
15 24 29 25 256
24 15 29 25 256
15 24 26 28 316
24 15 26 28 316
15 24 28 26 316
24 15 28 26 316
15 24 27 27 340
24 15 27 27 340
16 23 19 35 3
23 16 19 35 3
16 23 35 19 3
23 16 35 19 3
16 23 20 34 16
23 16 20 34 16
16 23 34 20 16
23 16 34 20 16
16 23 21 33 51
23 16 21 33 51
16 23 33 21 51
23 16 33 21 51
16 23 22 32 123
23 16 22 32 123
16 23 32 22 123
23 16 32 22 123
16 23 23 31 241
23 16 23 31 241
16 23 31 23 241
23 16 31 23 241
16 23 24 30 390
23 16 24 30 390
16 23 30 24 390
23 16 30 24 390
16 23 25 29 549
23 16 25 29 549
16 23 29 25 549
23 16 29 25 549
16 23 26 28 666
23 16 26 28 666
16 23 28 26 666
23 16 28 26 666
16 23 27 27 712
23 16 27 27 712
12 27 16 38 0
27 12 16 38 0
12 27 38 16 0
27 12 38 16 0
13 26 16 38 0
26 13 16 38 0
13 26 38 16 0
26 13 38 16 0
14 25 16 38 0
25 14 16 38 0
14 25 38 16 0
25 14 38 16 0
15 24 16 38 0
24 15 16 38 0
15 24 38 16 0
24 15 38 16 0
13 26 15 39 0
26 13 15 39 0
13 26 39 15 0
26 13 39 15 0
14 25 15 39 0
25 14 15 39 0
14 25 39 15 0
25 14 39 15 0
15 24 15 39 0
24 15 15 39 0
15 24 39 15 0
24 15 39 15 0
16 23 15 39 0
23 16 15 39 0
16 23 39 15 0
23 16 39 15 0
16 23 16 38 0
23 16 16 38 0
16 23 38 16 0
23 16 38 16 0
16 23 17 37 0
23 16 17 37 0
16 23 37 17 0
23 16 37 17 0
16 23 18 36 0
23 16 18 36 0
16 23 36 18 0
23 16 36 18 0
17 22 16 38 0
22 17 16 38 0
17 22 38 16 0
22 17 38 16 0
17 22 17 37 0
22 17 17 37 0
17 22 37 17 0
22 17 37 17 0
17 22 18 36 1
22 17 18 36 1
17 22 36 18 1
22 17 36 18 1
17 22 19 35 9
22 17 19 35 9
17 22 35 19 9
22 17 35 19 9
17 22 20 34 37
22 17 20 34 37
17 22 34 20 37
22 17 34 20 37
17 22 21 33 105
22 17 21 33 105
17 22 33 21 105
22 17 33 21 105
17 22 22 32 235
22 17 22 32 235
17 22 32 22 235
22 17 32 22 235
17 22 23 31 437
22 17 23 31 437
17 22 31 23 437
22 17 31 23 437
17 22 24 30 687
22 17 24 30 687
17 22 30 24 687
22 17 30 24 687
17 22 25 29 945
22 17 25 29 945
17 22 29 25 945
22 17 29 25 945
17 22 26 28 1135
22 17 26 28 1135
17 22 28 26 1135
22 17 28 26 1135
17 22 27 27 1208
22 17 27 27 1208
18 21 19 35 17
21 18 19 35 17
18 21 35 19 17
21 18 35 19 17
18 21 20 34 62
21 18 20 34 62
18 21 34 20 62
21 18 34 20 62
18 21 21 33 166
21 18 21 33 166
18 21 33 21 166
21 18 33 21 166
18 21 22 32 355
21 18 22 32 355
18 21 32 22 355
21 18 32 22 355
18 21 23 31 641
21 18 23 31 641
18 21 31 23 641
21 18 31 23 641
18 21 24 30 990
21 18 24 30 990
18 21 30 24 990
21 18 30 24 990
18 21 25 29 1343
21 18 25 29 1343
18 21 29 25 1343
21 18 29 25 1343
18 21 26 28 1602
21 18 26 28 1602
18 21 28 26 1602
21 18 28 26 1602
18 21 27 27 1702
21 18 27 27 1702
17 22 15 39 0
22 17 15 39 0
17 22 39 15 0
22 17 39 15 0
18 21 15 39 0
21 18 15 39 0
18 21 39 15 0
21 18 39 15 0
18 21 16 38 0
21 18 16 38 0
18 21 38 16 0
21 18 38 16 0
18 21 17 37 0
21 18 17 37 0
18 21 37 17 0
21 18 37 17 0
18 21 18 36 3
21 18 18 36 3
18 21 36 18 3
21 18 36 18 3
19 20 17 37 0
20 19 17 37 0
19 20 37 17 0
20 19 37 17 0
19 20 18 36 4
20 19 18 36 4
19 20 36 18 4
20 19 36 18 4
19 20 19 35 23
20 19 19 35 23
19 20 35 19 23
20 19 35 19 23
19 20 20 34 80
20 19 20 34 80
19 20 34 20 80
20 19 34 20 80
19 20 21 33 207
20 19 21 33 207
19 20 33 21 207
20 19 33 21 207
19 20 22 32 435
20 19 22 32 435
19 20 32 22 435
20 19 32 22 435
19 20 23 31 774
20 19 23 31 774
19 20 31 23 774
20 19 31 23 774
19 20 24 30 1184
20 19 24 30 1184
19 20 30 24 1184
20 19 30 24 1184
19 20 25 29 1597
20 19 25 29 1597
19 20 29 25 1597
20 19 29 25 1597
19 20 26 28 1899
20 19 26 28 1899
19 20 28 26 1899
20 19 28 26 1899
19 20 27 27 2014
20 19 27 27 2014
19 20 16 38 0
20 19 16 38 0
19 20 38 16 0
20 19 38 16 0
14 25 14 40 0
25 14 14 40 0
14 25 40 14 0
25 14 40 14 0
15 24 14 40 0
24 15 14 40 0
15 24 40 14 0
24 15 40 14 0
16 23 14 40 0
23 16 14 40 0
16 23 40 14 0
23 16 40 14 0
17 22 14 40 0
22 17 14 40 0
17 22 40 14 0
22 17 40 14 0
15 24 13 41 0
24 15 13 41 0
15 24 41 13 0
24 15 41 13 0
16 23 13 41 0
23 16 13 41 0
16 23 41 13 0
23 16 41 13 0
17 22 13 41 0
22 17 13 41 0
17 22 41 13 0
22 17 41 13 0
18 21 13 41 0
21 18 13 41 0
18 21 41 13 0
21 18 41 13 0
18 21 14 40 0
21 18 14 40 0
18 21 40 14 0
21 18 40 14 0
19 20 13 41 0
20 19 13 41 0
19 20 41 13 0
20 19 41 13 0
19 20 14 40 0
20 19 14 40 0
19 20 40 14 0
20 19 40 14 0
19 20 15 39 0
20 19 15 39 0
19 20 39 15 0
20 19 39 15 0
18 21 12 42 0
21 18 12 42 0
18 21 42 12 0
21 18 42 12 0
19 20 12 42 0
20 19 12 42 0
19 20 42 12 0
20 19 42 12 0
