15 33 30 36 0
33 15 30 36 0
15 33 36 30 0
33 15 36 30 0
15 33 31 35 0
33 15 31 35 0
15 33 35 31 0
33 15 35 31 0
15 33 32 34 0
33 15 32 34 0
15 33 34 32 0
33 15 34 32 0
15 33 33 33 0
33 15 33 33 0
16 32 30 36 0
32 16 30 36 0
16 32 36 30 0
32 16 36 30 0
16 32 31 35 0
32 16 31 35 0
16 32 35 31 0
32 16 35 31 0
16 32 32 34 0
32 16 32 34 0
16 32 34 32 0
32 16 34 32 0
16 32 33 33 0
32 16 33 33 0
17 31 30 36 0
31 17 30 36 0
17 31 36 30 0
31 17 36 30 0
17 31 31 35 0
31 17 31 35 0
17 31 35 31 0
31 17 35 31 0
17 31 32 34 0
31 17 32 34 0
17 31 34 32 0
31 17 34 32 0
17 31 33 33 0
31 17 33 33 0
18 30 30 36 0
30 18 30 36 0
18 30 36 30 0
30 18 36 30 0
18 30 31 35 0
30 18 31 35 0
18 30 35 31 0
30 18 35 31 0
18 30 32 34 0
30 18 32 34 0
18 30 34 32 0
30 18 34 32 0
18 30 33 33 0
30 18 33 33 0
16 32 26 40 0
32 16 26 40 0
16 32 40 26 0
32 16 40 26 0
16 32 27 39 0
32 16 27 39 0
16 32 39 27 0
32 16 39 27 0
16 32 28 38 0
32 16 28 38 0
16 32 38 28 0
32 16 38 28 0
16 32 29 37 0
32 16 29 37 0
16 32 37 29 0
32 16 37 29 0
17 31 26 40 0
31 17 26 40 0
17 31 40 26 0
31 17 40 26 0
17 31 27 39 0
31 17 27 39 0
17 31 39 27 0
31 17 39 27 0
17 31 28 38 0
31 17 28 38 0
17 31 38 28 0
31 17 38 28 0
17 31 29 37 0
31 17 29 37 0
17 31 37 29 0
31 17 37 29 0
18 30 26 40 0
30 18 26 40 0
18 30 40 26 0
30 18 40 26 0
18 30 27 39 0
30 18 27 39 0
18 30 39 27 0
30 18 39 27 0
18 30 28 38 0
30 18 28 38 0
18 30 38 28 0
30 18 38 28 0
18 30 29 37 0
30 18 29 37 0
18 30 37 29 0
30 18 37 29 0
19 29 26 40 0
29 19 26 40 0
19 29 40 26 0
29 19 40 26 0
19 29 27 39 0
29 19 27 39 0
19 29 39 27 0
29 19 39 27 0
19 29 28 38 0
29 19 28 38 0
19 29 38 28 0
29 19 38 28 0
19 29 29 37 0
29 19 29 37 0
19 29 37 29 0
29 19 37 29 0
19 29 30 36 0
29 19 30 36 0
19 29 36 30 0
29 19 36 30 0
19 29 31 35 1
29 19 31 35 1
19 29 35 31 1
29 19 35 31 1
19 29 32 34 2
29 19 32 34 2
19 29 34 32 2
29 19 34 32 2
19 29 33 33 2
29 19 33 33 2
17 31 24 42 0
31 17 24 42 0
17 31 42 24 0
31 17 42 24 0
17 31 25 41 0
31 17 25 41 0
17 31 41 25 0
31 17 41 25 0
18 30 24 42 0
30 18 24 42 0
18 30 42 24 0
30 18 42 24 0
18 30 25 41 0
30 18 25 41 0
18 30 41 25 0
30 18 41 25 0
19 29 24 42 0
29 19 24 42 0
19 29 42 24 0
29 19 42 24 0
19 29 25 41 0
29 19 25 41 0
19 29 41 25 0
29 19 41 25 0
20 28 24 42 0
28 20 24 42 0
20 28 42 24 0
28 20 42 24 0
20 28 25 41 0
28 20 25 41 0
20 28 41 25 0
28 20 41 25 0
20 28 26 40 0
28 20 26 40 0
20 28 40 26 0
28 20 40 26 0
20 28 27 39 0
28 20 27 39 0
20 28 39 27 0
28 20 39 27 0
20 28 28 38 0
28 20 28 38 0
20 28 38 28 0
28 20 38 28 0
20 28 29 37 1
28 20 29 37 1
20 28 37 29 1
28 20 37 29 1
20 28 30 36 2
28 20 30 36 2
20 28 36 30 2
28 20 36 30 2
20 28 31 35 5
28 20 31 35 5
20 28 35 31 5
28 20 35 31 5
20 28 32 34 7
28 20 32 34 7
20 28 34 32 7
28 20 34 32 7
20 28 33 33 8
28 20 33 33 8
21 27 24 42 0
27 21 24 42 0
21 27 42 24 0
27 21 42 24 0
21 27 25 41 0
27 21 25 41 0
21 27 41 25 0
27 21 41 25 0
21 27 26 40 0
27 21 26 40 0
21 27 40 26 0
27 21 40 26 0
21 27 27 39 0
27 21 27 39 0
21 27 39 27 0
27 21 39 27 0
21 27 28 38 0
27 21 28 38 0
21 27 38 28 0
27 21 38 28 0
21 27 29 37 2
27 21 29 37 2
21 27 37 29 2
27 21 37 29 2
21 27 30 36 5
27 21 30 36 5
21 27 36 30 5
27 21 36 30 5
21 27 31 35 10
27 21 31 35 10
21 27 35 31 10
27 21 35 31 10
21 27 32 34 14
27 21 32 34 14
21 27 34 32 14
27 21 34 32 14
21 27 33 33 16
27 21 33 33 16
22 26 26 40 0
26 22 26 40 0
22 26 40 26 0
26 22 40 26 0
22 26 27 39 0
26 22 27 39 0
22 26 39 27 0
26 22 39 27 0
22 26 28 38 1
26 22 28 38 1
22 26 38 28 1
26 22 38 28 1
22 26 29 37 5
26 22 29 37 5
22 26 37 29 5
26 22 37 29 5
22 26 30 36 10
26 22 30 36 10
22 26 36 30 10
26 22 36 30 10
22 26 31 35 19
26 22 31 35 19
22 26 35 31 19
26 22 35 31 19
22 26 32 34 25
26 22 32 34 25
22 26 34 32 25
26 22 34 32 25
22 26 33 33 28
26 22 33 33 28
23 25 30 36 14
25 23 30 36 14
23 25 36 30 14
25 23 36 30 14
23 25 31 35 25
25 23 31 35 25
23 25 35 31 25
25 23 35 31 25
23 25 32 34 33
25 23 32 34 33
23 25 34 32 33
25 23 34 32 33
23 25 33 33 36
25 23 33 33 36
18 30 23 43 0
30 18 23 43 0
18 30 43 23 0
30 18 43 23 0
19 29 23 43 0
29 19 23 43 0
19 29 43 23 0
29 19 43 23 0
20 28 23 43 0
28 20 23 43 0
20 28 43 23 0
28 20 43 23 0
21 27 23 43 0
27 21 23 43 0
21 27 43 23 0
27 21 43 23 0
19 29 22 44 0
29 19 22 44 0
19 29 44 22 0
29 19 44 22 0
20 28 22 44 0
28 20 22 44 0
20 28 44 22 0
28 20 44 22 0
21 27 22 44 0
27 21 22 44 0
21 27 44 22 0
27 21 44 22 0
22 26 22 44 0
26 22 22 44 0
22 26 44 22 0
26 22 44 22 0
22 26 23 43 0
26 22 23 43 0
22 26 43 23 0
26 22 43 23 0
22 26 24 42 0
26 22 24 42 0
22 26 42 24 0
26 22 42 24 0
22 26 25 41 0
26 22 25 41 0
22 26 41 25 0
26 22 41 25 0
23 25 23 43 0
25 23 23 43 0
23 25 43 23 0
25 23 43 23 0
23 25 24 42 0
25 23 24 42 0
23 25 42 24 0
25 23 42 24 0
23 25 25 41 0
25 23 25 41 0
23 25 41 25 0
25 23 41 25 0
23 25 26 40 0
25 23 26 40 0
23 25 40 26 0
25 23 40 26 0
23 25 27 39 0
25 23 27 39 0
23 25 39 27 0
25 23 39 27 0
23 25 28 38 2
25 23 28 38 2
23 25 38 28 2
25 23 38 28 2
23 25 29 37 7
25 23 29 37 7
23 25 37 29 7
25 23 37 29 7
24 24 26 40 0
24 24 40 26 0
24 24 27 39 1
24 24 39 27 1
24 24 28 38 3
24 24 38 28 3
24 24 29 37 9
24 24 37 29 9
24 24 30 36 17
24 24 36 30 17
24 24 31 35 29
24 24 35 31 29
24 24 32 34 37
24 24 34 32 37
24 24 33 33 41
23 25 22 44 0
25 23 22 44 0
23 25 44 22 0
25 23 44 22 0
24 24 22 44 0
24 24 44 22 0
24 24 23 43 0
24 24 43 23 0
24 24 24 42 0
24 24 42 24 0
24 24 25 41 0
24 24 41 25 0
21 27 21 45 0
27 21 21 45 0
21 27 45 21 0
27 21 45 21 0
22 26 21 45 0
26 22 21 45 0
22 26 45 21 0
26 22 45 21 0
23 25 21 45 0
25 23 21 45 0
23 25 45 21 0
25 23 45 21 0
24 24 21 45 0
24 24 45 21 0
