7 29 20 30 0
29 7 20 30 0
7 29 30 20 0
29 7 30 20 0
7 29 21 29 0
29 7 21 29 0
7 29 29 21 0
29 7 29 21 0
7 29 22 28 0
29 7 22 28 0
7 29 28 22 0
29 7 28 22 0
7 29 23 27 0
29 7 23 27 0
7 29 27 23 0
29 7 27 23 0
7 29 24 26 0
29 7 24 26 0
7 29 26 24 0
29 7 26 24 0
7 29 25 25 0
29 7 25 25 0
8 28 20 30 0
28 8 20 30 0
8 28 30 20 0
28 8 30 20 0
8 28 21 29 0
28 8 21 29 0
8 28 29 21 0
28 8 29 21 0
8 28 22 28 0
28 8 22 28 0
8 28 28 22 0
28 8 28 22 0
8 28 23 27 0
28 8 23 27 0
8 28 27 23 0
28 8 27 23 0
8 28 24 26 0
28 8 24 26 0
8 28 26 24 0
28 8 26 24 0
8 28 25 25 0
28 8 25 25 0
9 27 20 30 0
27 9 20 30 0
9 27 30 20 0
27 9 30 20 0
9 27 21 29 0
27 9 21 29 0
9 27 29 21 0
27 9 29 21 0
9 27 22 28 0
27 9 22 28 0
9 27 28 22 0
27 9 28 22 0
9 27 23 27 0
27 9 23 27 0
9 27 27 23 0
27 9 27 23 0
9 27 24 26 0
27 9 24 26 0
9 27 26 24 0
27 9 26 24 0
9 27 25 25 0
27 9 25 25 0
10 26 20 30 0
26 10 20 30 0
10 26 30 20 0
26 10 30 20 0
10 26 21 29 1
26 10 21 29 1
10 26 29 21 1
26 10 29 21 1
10 26 22 28 2
26 10 22 28 2
10 26 28 22 2
26 10 28 22 2
10 26 23 27 4
26 10 23 27 4
10 26 27 23 4
26 10 27 23 4
10 26 24 26 5
26 10 24 26 5
10 26 26 24 5
26 10 26 24 5
10 26 25 25 6
26 10 25 25 6
11 25 20 30 3
25 11 20 30 3
11 25 30 20 3
25 11 30 20 3
11 25 21 29 9
25 11 21 29 9
11 25 29 21 9
25 11 29 21 9
11 25 22 28 18
25 11 22 28 18
11 25 28 22 18
25 11 28 22 18
11 25 23 27 28
25 11 23 27 28
11 25 27 23 28
25 11 27 23 28
11 25 24 26 36
25 11 24 26 36
11 25 26 24 36
25 11 26 24 36
11 25 25 25 40
25 11 25 25 40
8 28 17 33 0
28 8 17 33 0
8 28 33 17 0
28 8 33 17 0
8 28 18 32 0
28 8 18 32 0
8 28 32 18 0
28 8 32 18 0
8 28 19 31 0
28 8 19 31 0
8 28 31 19 0
28 8 31 19 0
9 27 17 33 0
27 9 17 33 0
9 27 33 17 0
27 9 33 17 0
9 27 18 32 0
27 9 18 32 0
9 27 32 18 0
27 9 32 18 0
9 27 19 31 0
27 9 19 31 0
9 27 31 19 0
27 9 31 19 0
10 26 17 33 0
26 10 17 33 0
10 26 33 17 0
26 10 33 17 0
10 26 18 32 0
26 10 18 32 0
10 26 32 18 0
26 10 32 18 0
10 26 19 31 0
26 10 19 31 0
10 26 31 19 0
26 10 31 19 0
11 25 17 33 0
25 11 17 33 0
11 25 33 17 0
25 11 33 17 0
11 25 18 32 0
25 11 18 32 0
11 25 32 18 0
25 11 32 18 0
11 25 19 31 1
25 11 19 31 1
11 25 31 19 1
25 11 31 19 1
9 27 16 34 0
27 9 16 34 0
9 27 34 16 0
27 9 34 16 0
10 26 16 34 0
26 10 16 34 0
10 26 34 16 0
26 10 34 16 0
11 25 16 34 0
25 11 16 34 0
11 25 34 16 0
25 11 34 16 0
12 24 16 34 0
24 12 16 34 0
12 24 34 16 0
24 12 34 16 0
12 24 17 33 0
24 12 17 33 0
12 24 33 17 0
24 12 33 17 0
12 24 18 32 1
24 12 18 32 1
12 24 32 18 1
24 12 32 18 1
12 24 19 31 7
24 12 19 31 7
12 24 31 19 7
24 12 31 19 7
12 24 20 30 20
24 12 20 30 20
12 24 30 20 20
24 12 30 20 20
12 24 21 29 46
24 12 21 29 46
12 24 29 21 46
24 12 29 21 46
12 24 22 28 81
24 12 22 28 81
12 24 28 22 81
24 12 28 22 81
12 24 23 27 120
24 12 23 27 120
12 24 27 23 120
24 12 27 23 120
12 24 24 26 149
24 12 24 26 149
12 24 26 24 149
24 12 26 24 149
12 24 25 25 163
24 12 25 25 163
13 23 17 33 1
23 13 17 33 1
13 23 33 17 1
23 13 33 17 1
13 23 18 32 8
23 13 18 32 8
13 23 32 18 8
23 13 32 18 8
13 23 19 31 30
23 13 19 31 30
13 23 31 19 30
23 13 31 19 30
13 23 20 30 75
23 13 20 30 75
13 23 30 20 75
23 13 30 20 75
13 23 21 29 151
23 13 21 29 151
13 23 29 21 151
23 13 29 21 151
13 23 22 28 251
23 13 22 28 251
13 23 28 22 251
23 13 28 22 251
13 23 23 27 355
23 13 23 27 355
13 23 27 23 355
23 13 27 23 355
13 23 24 26 434
23 13 24 26 434
13 23 26 24 434
23 13 26 24 434
13 23 25 25 466
23 13 25 25 466
10 26 14 36 0
26 10 14 36 0
10 26 36 14 0
26 10 36 14 0
10 26 15 35 0
26 10 15 35 0
10 26 35 15 0
26 10 35 15 0
11 25 14 36 0
25 11 14 36 0
11 25 36 14 0
25 11 36 14 0
11 25 15 35 0
25 11 15 35 0
11 25 35 15 0
25 11 35 15 0
12 24 14 36 0
24 12 14 36 0
12 24 36 14 0
24 12 36 14 0
12 24 15 35 0
24 12 15 35 0
12 24 35 15 0
24 12 35 15 0
13 23 14 36 0
23 13 14 36 0
13 23 36 14 0
23 13 36 14 0
13 23 15 35 0
23 13 15 35 0
13 23 35 15 0
23 13 35 15 0
13 23 16 34 0
23 13 16 34 0
13 23 34 16 0
23 13 34 16 0
14 22 14 36 0
22 14 14 36 0
14 22 36 14 0
22 14 36 14 0
14 22 15 35 0
22 14 15 35 0
14 22 35 15 0
22 14 35 15 0
14 22 16 34 1
22 14 16 34 1
14 22 34 16 1
22 14 34 16 1
14 22 17 33 8
22 14 17 33 8
14 22 33 17 8
22 14 33 17 8
14 22 18 32 31
22 14 18 32 31
14 22 32 18 31
22 14 32 18 31
14 22 19 31 92
22 14 19 31 92
14 22 31 19 92
22 14 31 19 92
14 22 20 30 203
22 14 20 30 203
14 22 30 20 203
22 14 30 20 203
14 22 21 29 379
22 14 21 29 379
14 22 29 21 379
22 14 29 21 379
14 22 22 28 597
22 14 22 28 597
14 22 28 22 597
22 14 28 22 597
14 22 23 27 821
22 14 23 27 821
14 22 27 23 821
22 14 27 23 821
14 22 24 26 985
22 14 24 26 985
14 22 26 24 985
22 14 26 24 985
14 22 25 25 1052
22 14 25 25 1052
15 21 16 34 4
21 15 16 34 4
15 21 34 16 4
21 15 34 16 4
15 21 17 33 22
21 15 17 33 22
15 21 33 17 22
21 15 33 17 22
15 21 18 32 75
21 15 18 32 75
15 21 32 18 75
21 15 32 18 75
15 21 19 31 197
21 15 19 31 197
15 21 31 19 197
21 15 31 19 197
15 21 20 30 412
21 15 20 30 412
15 21 30 20 412
21 15 30 20 412
15 21 21 29 733
21 15 21 29 733
15 21 29 21 733
21 15 29 21 733
15 21 22 28 1124
21 15 22 28 1124
15 21 28 22 1124
21 15 28 22 1124
15 21 23 27 1513
21 15 23 27 1513
15 21 27 23 1513
21 15 27 23 1513
15 21 24 26 1800
21 15 24 26 1800
15 21 26 24 1800
21 15 26 24 1800
15 21 25 25 1910
21 15 25 25 1910
12 24 13 37 0
24 12 13 37 0
12 24 37 13 0
24 12 37 13 0
13 23 13 37 0
23 13 13 37 0
13 23 37 13 0
23 13 37 13 0
14 22 13 37 0
22 14 13 37 0
14 22 37 13 0
22 14 37 13 0
15 21 13 37 0
21 15 13 37 0
15 21 37 13 0
21 15 37 13 0
15 21 14 36 0
21 15 14 36 0
15 21 36 14 0
21 15 36 14 0
15 21 15 35 0
21 15 15 35 0
15 21 35 15 0
21 15 35 15 0
16 20 14 36 0
20 16 14 36 0
16 20 36 14 0
20 16 36 14 0
16 20 15 35 1
20 16 15 35 1
16 20 35 15 1
20 16 35 15 1
16 20 16 34 10
20 16 16 34 10
16 20 34 16 10
20 16 34 16 10
16 20 17 33 45
20 16 17 33 45
16 20 33 17 45
20 16 33 17 45
16 20 18 32 137
20 16 18 32 137
16 20 32 18 137
20 16 32 18 137
16 20 19 31 336
20 16 19 31 336
16 20 31 19 336
20 16 31 19 336
16 20 20 30 672
20 16 20 30 672
16 20 30 20 672
20 16 30 20 672
16 20 21 29 1162
20 16 21 29 1162
16 20 29 21 1162
20 16 29 21 1162
16 20 22 28 1743
20 16 22 28 1743
16 20 28 22 1743
20 16 28 22 1743
16 20 23 27 2318
20 16 23 27 2318
16 20 27 23 2318
20 16 27 23 2318
16 20 24 26 2735
20 16 24 26 2735
16 20 26 24 2735
20 16 26 24 2735
16 20 25 25 2897
20 16 25 25 2897
17 19 17 33 65
19 17 17 33 65
17 19 33 17 65
19 17 33 17 65
17 19 18 32 192
19 17 18 32 192
17 19 32 18 192
19 17 32 18 192
17 19 19 31 454
19 17 19 31 454
17 19 31 19 454
19 17 31 19 454
17 19 20 30 892
19 17 20 30 892
17 19 30 20 892
19 17 30 20 892
17 19 21 29 1515
19 17 21 29 1515
17 19 29 21 1515
19 17 29 21 1515
17 19 22 28 2252
19 17 22 28 2252
17 19 28 22 2252
19 17 28 22 2252
17 19 23 27 2970
19 17 23 27 2970
17 19 27 23 2970
19 17 27 23 2970
17 19 24 26 3494
19 17 24 26 3494
17 19 26 24 3494
19 17 26 24 3494
17 19 25 25 3692
19 17 25 25 3692
17 19 14 36 0
19 17 14 36 0
17 19 36 14 0
19 17 36 14 0
17 19 15 35 2
19 17 15 35 2
17 19 35 15 2
19 17 35 15 2
17 19 16 34 16
19 17 16 34 16
17 19 34 16 16
19 17 34 16 16
18 18 16 34 19
18 18 34 16 19
18 18 17 33 75
18 18 33 17 75
18 18 18 32 215
18 18 32 18 215
18 18 19 31 504
18 18 31 19 504
18 18 20 30 980
18 18 30 20 980
18 18 21 29 1658
18 18 29 21 1658
18 18 22 28 2452
18 18 28 22 2452
18 18 23 27 3229
18 18 27 23 3229
18 18 24 26 3790
18 18 26 24 3790
18 18 25 25 4006
11 25 13 37 0
25 11 13 37 0
11 25 37 13 0
25 11 37 13 0
12 24 12 38 0
24 12 12 38 0
12 24 38 12 0
24 12 38 12 0
13 23 12 38 0
23 13 12 38 0
13 23 38 12 0
23 13 38 12 0
14 22 12 38 0
22 14 12 38 0
14 22 38 12 0
22 14 38 12 0
15 21 12 38 0
21 15 12 38 0
15 21 38 12 0
21 15 38 12 0
13 23 11 39 0
23 13 11 39 0
13 23 39 11 0
23 13 39 11 0
14 22 11 39 0
22 14 11 39 0
14 22 39 11 0
22 14 39 11 0
15 21 11 39 0
21 15 11 39 0
15 21 39 11 0
21 15 39 11 0
16 20 11 39 0
20 16 11 39 0
16 20 39 11 0
20 16 39 11 0
16 20 12 38 0
20 16 12 38 0
16 20 38 12 0
20 16 38 12 0
16 20 13 37 0
20 16 13 37 0
16 20 37 13 0
20 16 37 13 0
17 19 12 38 0
19 17 12 38 0
17 19 38 12 0
19 17 38 12 0
17 19 13 37 0
19 17 13 37 0
17 19 37 13 0
19 17 37 13 0
18 18 15 35 3
18 18 35 15 3
17 19 11 39 0
19 17 11 39 0
17 19 39 11 0
19 17 39 11 0
18 18 11 39 0
18 18 39 11 0
18 18 12 38 0
18 18 38 12 0
18 18 13 37 0
18 18 37 13 0
18 18 14 36 0
18 18 36 14 0
15 21 10 40 0
21 15 10 40 0
15 21 40 10 0
21 15 40 10 0
16 20 10 40 0
20 16 10 40 0
16 20 40 10 0
20 16 40 10 0
17 19 10 40 0
19 17 10 40 0
17 19 40 10 0
19 17 40 10 0
18 18 10 40 0
18 18 40 10 0
