13 32 26 36 0
32 13 26 36 0
13 32 36 26 0
32 13 36 26 0
13 32 27 35 0
32 13 27 35 0
13 32 35 27 0
32 13 35 27 0
13 32 28 34 0
32 13 28 34 0
13 32 34 28 0
32 13 34 28 0
13 32 29 33 0
32 13 29 33 0
13 32 33 29 0
32 13 33 29 0
13 32 30 32 0
32 13 30 32 0
13 32 32 30 0
32 13 32 30 0
13 32 31 31 0
32 13 31 31 0
14 31 26 36 0
31 14 26 36 0
14 31 36 26 0
31 14 36 26 0
14 31 27 35 0
31 14 27 35 0
14 31 35 27 0
31 14 35 27 0
14 31 28 34 0
31 14 28 34 0
14 31 34 28 0
31 14 34 28 0
14 31 29 33 0
31 14 29 33 0
14 31 33 29 0
31 14 33 29 0
14 31 30 32 0
31 14 30 32 0
14 31 32 30 0
31 14 32 30 0
14 31 31 31 0
31 14 31 31 0
15 30 26 36 0
30 15 26 36 0
15 30 36 26 0
30 15 36 26 0
15 30 27 35 0
30 15 27 35 0
15 30 35 27 0
30 15 35 27 0
15 30 28 34 0
30 15 28 34 0
15 30 34 28 0
30 15 34 28 0
15 30 29 33 0
30 15 29 33 0
15 30 33 29 0
30 15 33 29 0
15 30 30 32 0
30 15 30 32 0
15 30 32 30 0
30 15 32 30 0
15 30 31 31 0
30 15 31 31 0
16 29 26 36 0
29 16 26 36 0
16 29 36 26 0
29 16 36 26 0
16 29 27 35 0
29 16 27 35 0
16 29 35 27 0
29 16 35 27 0
16 29 28 34 0
29 16 28 34 0
16 29 34 28 0
29 16 34 28 0
16 29 29 33 0
29 16 29 33 0
16 29 33 29 0
29 16 33 29 0
16 29 30 32 1
29 16 30 32 1
16 29 32 30 1
29 16 32 30 1
16 29 31 31 1
29 16 31 31 1
14 31 23 39 0
31 14 23 39 0
14 31 39 23 0
31 14 39 23 0
14 31 24 38 0
31 14 24 38 0
14 31 38 24 0
31 14 38 24 0
14 31 25 37 0
31 14 25 37 0
14 31 37 25 0
31 14 37 25 0
15 30 23 39 0
30 15 23 39 0
15 30 39 23 0
30 15 39 23 0
15 30 24 38 0
30 15 24 38 0
15 30 38 24 0
30 15 38 24 0
15 30 25 37 0
30 15 25 37 0
15 30 37 25 0
30 15 37 25 0
16 29 23 39 0
29 16 23 39 0
16 29 39 23 0
29 16 39 23 0
16 29 24 38 0
29 16 24 38 0
16 29 38 24 0
29 16 38 24 0
16 29 25 37 0
29 16 25 37 0
16 29 37 25 0
29 16 37 25 0
17 28 23 39 0
28 17 23 39 0
17 28 39 23 0
28 17 39 23 0
17 28 24 38 0
28 17 24 38 0
17 28 38 24 0
28 17 38 24 0
17 28 25 37 0
28 17 25 37 0
17 28 37 25 0
28 17 37 25 0
17 28 26 36 0
28 17 26 36 0
17 28 36 26 0
28 17 36 26 0
17 28 27 35 1
28 17 27 35 1
17 28 35 27 1
28 17 35 27 1
17 28 28 34 3
28 17 28 34 3
17 28 34 28 3
28 17 34 28 3
17 28 29 33 5
28 17 29 33 5
17 28 33 29 5
28 17 33 29 5
17 28 30 32 8
28 17 30 32 8
17 28 32 30 8
28 17 32 30 8
17 28 31 31 9
28 17 31 31 9
15 30 22 40 0
30 15 22 40 0
15 30 40 22 0
30 15 40 22 0
16 29 22 40 0
29 16 22 40 0
16 29 40 22 0
29 16 40 22 0
17 28 22 40 0
28 17 22 40 0
17 28 40 22 0
28 17 40 22 0
18 27 22 40 0
27 18 22 40 0
18 27 40 22 0
27 18 40 22 0
18 27 23 39 0
27 18 23 39 0
18 27 39 23 0
27 18 39 23 0
18 27 24 38 0
27 18 24 38 0
18 27 38 24 0
27 18 38 24 0
18 27 25 37 0
27 18 25 37 0
18 27 37 25 0
27 18 37 25 0
18 27 26 36 1
27 18 26 36 1
18 27 36 26 1
27 18 36 26 1
18 27 27 35 4
27 18 27 35 4
18 27 35 27 4
27 18 35 27 4
18 27 28 34 11
27 18 28 34 11
18 27 34 28 11
27 18 34 28 11
18 27 29 33 18
27 18 29 33 18
18 27 33 29 18
27 18 33 29 18
18 27 30 32 26
27 18 30 32 26
18 27 32 30 26
27 18 32 30 26
18 27 31 31 28
27 18 31 31 28
19 26 23 39 0
26 19 23 39 0
19 26 39 23 0
26 19 39 23 0
19 26 24 38 0
26 19 24 38 0
19 26 38 24 0
26 19 38 24 0
19 26 25 37 1
26 19 25 37 1
19 26 37 25 1
26 19 37 25 1
19 26 26 36 5
26 19 26 36 5
19 26 36 26 5
26 19 36 26 5
19 26 27 35 14
26 19 27 35 14
19 26 35 27 14
26 19 35 27 14
19 26 28 34 30
26 19 28 34 30
19 26 34 28 30
26 19 34 28 30
19 26 29 33 47
26 19 29 33 47
19 26 33 29 47
26 19 33 29 47
19 26 30 32 63
26 19 30 32 63
19 26 32 30 63
26 19 32 30 63
19 26 31 31 68
26 19 31 31 68
20 25 26 36 12
25 20 26 36 12
20 25 36 26 12
25 20 36 26 12
20 25 27 35 30
25 20 27 35 30
20 25 35 27 30
25 20 35 27 30
20 25 28 34 59
25 20 28 34 59
20 25 34 28 59
25 20 34 28 59
20 25 29 33 89
25 20 29 33 89
20 25 33 29 89
25 20 33 29 89
20 25 30 32 116
25 20 30 32 116
20 25 32 30 116
25 20 32 30 116
20 25 31 31 125
25 20 31 31 125
16 29 20 42 0
29 16 20 42 0
16 29 42 20 0
29 16 42 20 0
16 29 21 41 0
29 16 21 41 0
16 29 41 21 0
29 16 41 21 0
17 28 20 42 0
28 17 20 42 0
17 28 42 20 0
28 17 42 20 0
17 28 21 41 0
28 17 21 41 0
17 28 41 21 0
28 17 41 21 0
18 27 20 42 0
27 18 20 42 0
18 27 42 20 0
27 18 42 20 0
18 27 21 41 0
27 18 21 41 0
18 27 41 21 0
27 18 41 21 0
19 26 20 42 0
26 19 20 42 0
19 26 42 20 0
26 19 42 20 0
19 26 21 41 0
26 19 21 41 0
19 26 41 21 0
26 19 41 21 0
19 26 22 40 0
26 19 22 40 0
19 26 40 22 0
26 19 40 22 0
20 25 20 42 0
25 20 20 42 0
20 25 42 20 0
25 20 42 20 0
20 25 21 41 0
25 20 21 41 0
20 25 41 21 0
25 20 41 21 0
20 25 22 40 0
25 20 22 40 0
20 25 40 22 0
25 20 40 22 0
20 25 23 39 0
25 20 23 39 0
20 25 39 23 0
25 20 39 23 0
20 25 24 38 0
25 20 24 38 0
20 25 38 24 0
25 20 38 24 0
20 25 25 37 3
25 20 25 37 3
20 25 37 25 3
25 20 37 25 3
21 24 22 40 0
24 21 22 40 0
21 24 40 22 0
24 21 40 22 0
21 24 23 39 0
24 21 23 39 0
21 24 39 23 0
24 21 39 23 0
21 24 24 38 1
24 21 24 38 1
21 24 38 24 1
24 21 38 24 1
21 24 25 37 7
24 21 25 37 7
21 24 37 25 7
24 21 37 25 7
21 24 26 36 22
24 21 26 36 22
21 24 36 26 22
24 21 36 26 22
21 24 27 35 50
24 21 27 35 50
21 24 35 27 50
24 21 35 27 50
21 24 28 34 92
24 21 28 34 92
21 24 34 28 92
24 21 34 28 92
21 24 29 33 135
24 21 29 33 135
21 24 33 29 135
24 21 33 29 135
21 24 30 32 172
24 21 30 32 172
21 24 32 30 172
24 21 32 30 172
21 24 31 31 185
24 21 31 31 185
22 23 26 36 29
23 22 26 36 29
22 23 36 26 29
23 22 36 26 29
22 23 27 35 63
23 22 27 35 63
22 23 35 27 63
23 22 35 27 63
22 23 28 34 114
23 22 28 34 114
22 23 34 28 114
23 22 34 28 114
22 23 29 33 165
23 22 29 33 165
22 23 33 29 165
23 22 33 29 165
22 23 30 32 209
23 22 30 32 209
22 23 32 30 209
23 22 32 30 209
22 23 31 31 224
23 22 31 31 224
18 27 19 43 0
27 18 19 43 0
18 27 43 19 0
27 18 43 19 0
19 26 19 43 0
26 19 19 43 0
19 26 43 19 0
26 19 43 19 0
20 25 19 43 0
25 20 19 43 0
20 25 43 19 0
25 20 43 19 0
21 24 19 43 0
24 21 19 43 0
21 24 43 19 0
24 21 43 19 0
21 24 20 42 0
24 21 20 42 0
21 24 42 20 0
24 21 42 20 0
21 24 21 41 0
24 21 21 41 0
21 24 41 21 0
24 21 41 21 0
22 23 20 42 0
23 22 20 42 0
22 23 42 20 0
23 22 42 20 0
22 23 21 41 0
23 22 21 41 0
22 23 41 21 0
23 22 41 21 0
22 23 22 40 0
23 22 22 40 0
22 23 40 22 0
23 22 40 22 0
22 23 23 39 0
23 22 23 39 0
22 23 39 23 0
23 22 39 23 0
22 23 24 38 2
23 22 24 38 2
22 23 38 24 2
23 22 38 24 2
22 23 25 37 10
23 22 25 37 10
22 23 37 25 10
23 22 37 25 10
19 26 18 44 0
26 19 18 44 0
19 26 44 18 0
26 19 44 18 0
20 25 18 44 0
25 20 18 44 0
20 25 44 18 0
25 20 44 18 0
21 24 18 44 0
24 21 18 44 0
21 24 44 18 0
24 21 44 18 0
22 23 18 44 0
23 22 18 44 0
22 23 44 18 0
23 22 44 18 0
22 23 19 43 0
23 22 19 43 0
22 23 43 19 0
23 22 43 19 0
