0 18 10 16 0
18 0 10 16 0
0 18 16 10 0
18 0 16 10 0
0 18 11 15 0
18 0 11 15 0
0 18 15 11 0
18 0 15 11 0
0 18 12 14 0
18 0 12 14 0
0 18 14 12 0
18 0 14 12 0
0 18 13 13 0
18 0 13 13 0
1 17 10 16 0
17 1 10 16 0
1 17 16 10 0
17 1 16 10 0
1 17 11 15 0
17 1 11 15 0
1 17 15 11 0
17 1 15 11 0
1 17 12 14 0
17 1 12 14 0
1 17 14 12 0
17 1 14 12 0
1 17 13 13 0
17 1 13 13 0
2 16 10 16 2
16 2 10 16 2
2 16 16 10 2
16 2 16 10 2
2 16 11 15 3
16 2 11 15 3
2 16 15 11 3
16 2 15 11 3
2 16 12 14 5
16 2 12 14 5
2 16 14 12 5
16 2 14 12 5
2 16 13 13 5
16 2 13 13 5
3 15 10 16 17
15 3 10 16 17
3 15 16 10 17
15 3 16 10 17
3 15 11 15 26
15 3 11 15 26
3 15 15 11 26
15 3 15 11 26
3 15 12 14 34
15 3 12 14 34
3 15 14 12 34
15 3 14 12 34
3 15 13 13 37
15 3 13 13 37
1 17 6 20 0
17 1 6 20 0
1 17 20 6 0
17 1 20 6 0
1 17 7 19 0
17 1 7 19 0
1 17 19 7 0
17 1 19 7 0
1 17 8 18 0
17 1 8 18 0
1 17 18 8 0
17 1 18 8 0
1 17 9 17 0
17 1 9 17 0
1 17 17 9 0
17 1 17 9 0
2 16 6 20 0
16 2 6 20 0
2 16 20 6 0
16 2 20 6 0
2 16 7 19 0
16 2 7 19 0
2 16 19 7 0
16 2 19 7 0
2 16 8 18 0
16 2 8 18 0
2 16 18 8 0
16 2 18 8 0
2 16 9 17 0
16 2 9 17 0
2 16 17 9 0
16 2 17 9 0
3 15 6 20 0
15 3 6 20 0
3 15 20 6 0
15 3 20 6 0
3 15 7 19 1
15 3 7 19 1
3 15 19 7 1
15 3 19 7 1
3 15 8 18 3
15 3 8 18 3
3 15 18 8 3
15 3 18 8 3
3 15 9 17 8
15 3 9 17 8
3 15 17 9 8
15 3 17 9 8
4 14 6 20 2
14 4 6 20 2
4 14 20 6 2
14 4 20 6 2
4 14 7 19 8
14 4 7 19 8
4 14 19 7 8
14 4 19 7 8
4 14 8 18 21
14 4 8 18 21
4 14 18 8 21
14 4 18 8 21
4 14 9 17 42
14 4 9 17 42
4 14 17 9 42
14 4 17 9 42
4 14 10 16 74
14 4 10 16 74
4 14 16 10 74
14 4 16 10 74
4 14 11 15 104
14 4 11 15 104
4 14 15 11 104
14 4 15 11 104
4 14 12 14 131
14 4 12 14 131
4 14 14 12 131
14 4 14 12 131
4 14 13 13 139
14 4 13 13 139
5 13 6 20 13
13 5 6 20 13
5 13 20 6 13
13 5 20 6 13
5 13 7 19 35
13 5 7 19 35
5 13 19 7 35
13 5 19 7 35
5 13 8 18 75
13 5 8 18 75
5 13 18 8 75
13 5 18 8 75
5 13 9 17 136
13 5 9 17 136
5 13 17 9 136
13 5 17 9 136
5 13 10 16 215
13 5 10 16 215
5 13 16 10 215
13 5 16 10 215
5 13 11 15 292
13 5 11 15 292
5 13 15 11 292
13 5 15 11 292
5 13 12 14 352
13 5 12 14 352
5 13 14 12 352
13 5 14 12 352
5 13 13 13 374
13 5 13 13 374
6 12 6 20 37
12 6 6 20 37
6 12 20 6 37
12 6 20 6 37
6 12 7 19 88
12 6 7 19 88
6 12 19 7 88
12 6 19 7 88
6 12 8 18 177
12 6 8 18 177
6 12 18 8 177
12 6 18 8 177
6 12 9 17 301
12 6 9 17 301
6 12 17 9 301
12 6 17 9 301
6 12 10 16 457
12 6 10 16 457
6 12 16 10 457
12 6 16 10 457
6 12 11 15 603
12 6 11 15 603
6 12 15 11 603
12 6 15 11 603
6 12 12 14 717
12 6 12 14 717
6 12 14 12 717
12 6 14 12 717
6 12 13 13 755
12 6 13 13 755
2 16 4 22 0
16 2 4 22 0
2 16 22 4 0
16 2 22 4 0
2 16 5 21 0
16 2 5 21 0
2 16 21 5 0
16 2 21 5 0
3 15 4 22 0
15 3 4 22 0
3 15 22 4 0
15 3 22 4 0
3 15 5 21 0
15 3 5 21 0
3 15 21 5 0
15 3 21 5 0
4 14 4 22 0
14 4 4 22 0
4 14 22 4 0
14 4 22 4 0
4 14 5 21 0
14 4 5 21 0
4 14 21 5 0
14 4 21 5 0
5 13 4 22 1
13 5 4 22 1
5 13 22 4 1
13 5 22 4 1
5 13 5 21 4
13 5 5 21 4
5 13 21 5 4
13 5 21 5 4
3 15 3 23 0
15 3 3 23 0
3 15 23 3 0
15 3 23 3 0
4 14 3 23 0
14 4 3 23 0
4 14 23 3 0
14 4 23 3 0
5 13 3 23 0
13 5 3 23 0
5 13 23 3 0
13 5 23 3 0
6 12 3 23 0
12 6 3 23 0
6 12 23 3 0
12 6 23 3 0
6 12 4 22 3
12 6 4 22 3
6 12 22 4 3
12 6 22 4 3
6 12 5 21 12
12 6 5 21 12
6 12 21 5 12
12 6 21 5 12
7 11 3 23 1
11 7 3 23 1
7 11 23 3 1
11 7 23 3 1
7 11 4 22 7
11 7 4 22 7
7 11 22 4 7
11 7 22 4 7
7 11 5 21 26
11 7 5 21 26
7 11 21 5 26
11 7 21 5 26
7 11 6 20 72
11 7 6 20 72
7 11 20 6 72
11 7 20 6 72
7 11 7 19 163
11 7 7 19 163
7 11 19 7 163
11 7 19 7 163
7 11 8 18 311
11 7 8 18 311
7 11 18 8 311
11 7 18 8 311
7 11 9 17 516
11 7 9 17 516
7 11 17 9 516
11 7 17 9 516
7 11 10 16 759
11 7 10 16 759
7 11 16 10 759
11 7 16 10 759
7 11 11 15 990
11 7 11 15 990
7 11 15 11 990
11 7 15 11 990
7 11 12 14 1161
11 7 12 14 1161
7 11 14 12 1161
11 7 14 12 1161
7 11 13 13 1223
11 7 13 13 1223
8 10 3 23 2
10 8 3 23 2
8 10 23 3 2
10 8 23 3 2
8 10 4 22 12
10 8 4 22 12
8 10 22 4 12
10 8 22 4 12
8 10 5 21 40
10 8 5 21 40
8 10 21 5 40
10 8 21 5 40
8 10 6 20 107
10 8 6 20 107
8 10 20 6 107
10 8 20 6 107
8 10 7 19 232
10 8 7 19 232
8 10 19 7 232
10 8 19 7 232
8 10 8 18 434
10 8 8 18 434
8 10 18 8 434
10 8 18 8 434
8 10 9 17 704
10 8 9 17 704
8 10 17 9 704
10 8 17 9 704
8 10 10 16 1024
10 8 10 16 1024
8 10 16 10 1024
10 8 16 10 1024
8 10 11 15 1320
10 8 11 15 1320
8 10 15 11 1320
10 8 15 11 1320
8 10 12 14 1543
10 8 12 14 1543
8 10 14 12 1543
10 8 14 12 1543
8 10 13 13 1619
10 8 13 13 1619
9 9 4 22 13
9 9 22 4 13
9 9 5 21 45
9 9 21 5 45
9 9 6 20 119
9 9 20 6 119
9 9 7 19 259
9 9 19 7 259
9 9 8 18 480
9 9 18 8 480
9 9 9 17 778
9 9 17 9 778
9 9 10 16 1124
9 9 16 10 1124
9 9 11 15 1449
9 9 15 11 1449
9 9 12 14 1688
9 9 14 12 1688
9 9 13 13 1774
4 14 2 24 0
14 4 2 24 0
4 14 24 2 0
14 4 24 2 0
5 13 2 24 0
13 5 2 24 0
5 13 24 2 0
13 5 24 2 0
6 12 2 24 0
12 6 2 24 0
6 12 24 2 0
12 6 24 2 0
7 11 2 24 0
11 7 2 24 0
7 11 24 2 0
11 7 24 2 0
8 10 2 24 0
10 8 2 24 0
8 10 24 2 0
10 8 24 2 0
6 12 1 25 0
12 6 1 25 0
6 12 25 1 0
12 6 25 1 0
7 11 1 25 0
11 7 1 25 0
7 11 25 1 0
11 7 25 1 0
8 10 1 25 0
10 8 1 25 0
8 10 25 1 0
10 8 25 1 0
9 9 1 25 0
9 9 25 1 0
9 9 2 24 0
9 9 24 2 0
9 9 3 23 2
9 9 23 3 2
