27 33 36 46 0
33 27 36 46 0
27 33 46 36 0
33 27 46 36 0
27 33 37 45 0
33 27 37 45 0
27 33 45 37 0
33 27 45 37 0
27 33 38 44 0
33 27 38 44 0
27 33 44 38 0
33 27 44 38 0
27 33 39 43 0
33 27 39 43 0
27 33 43 39 0
33 27 43 39 0
27 33 40 42 0
33 27 40 42 0
27 33 42 40 0
33 27 42 40 0
27 33 41 41 0
33 27 41 41 0
28 32 36 46 0
32 28 36 46 0
28 32 46 36 0
32 28 46 36 0
28 32 37 45 0
32 28 37 45 0
28 32 45 37 0
32 28 45 37 0
28 32 38 44 0
32 28 38 44 0
28 32 44 38 0
32 28 44 38 0
28 32 39 43 0
32 28 39 43 0
28 32 43 39 0
32 28 43 39 0
28 32 40 42 0
32 28 40 42 0
28 32 42 40 0
32 28 42 40 0
28 32 41 41 0
32 28 41 41 0
29 31 36 46 0
31 29 36 46 0
29 31 46 36 0
31 29 46 36 0
29 31 37 45 0
31 29 37 45 0
29 31 45 37 0
31 29 45 37 0
29 31 38 44 0
31 29 38 44 0
29 31 44 38 0
31 29 44 38 0
29 31 39 43 0
31 29 39 43 0
29 31 43 39 0
31 29 43 39 0
29 31 40 42 0
31 29 40 42 0
29 31 42 40 0
31 29 42 40 0
29 31 41 41 0
31 29 41 41 0
30 30 36 46 0
30 30 46 36 0
30 30 37 45 0
30 30 45 37 0
30 30 38 44 0
30 30 44 38 0
30 30 39 43 0
30 30 43 39 0
30 30 40 42 0
30 30 42 40 0
30 30 41 41 0
