0 9 3 11 0
9 0 3 11 0
0 9 11 3 0
9 0 11 3 0
0 9 4 10 0
9 0 4 10 0
0 9 10 4 0
9 0 10 4 0
0 9 5 9 0
9 0 5 9 0
0 9 9 5 0
9 0 9 5 0
0 9 6 8 0
9 0 6 8 0
0 9 8 6 0
9 0 8 6 0
0 9 7 7 0
9 0 7 7 0
1 8 1 13 0
8 1 1 13 0
1 8 13 1 0
8 1 13 1 0
1 8 2 12 0
8 1 2 12 0
1 8 12 2 0
8 1 12 2 0
1 8 3 11 0
8 1 3 11 0
1 8 11 3 0
8 1 11 3 0
1 8 4 10 0
8 1 4 10 0
1 8 10 4 0
8 1 10 4 0
1 8 5 9 0
8 1 5 9 0
1 8 9 5 0
8 1 9 5 0
1 8 6 8 0
8 1 6 8 0
1 8 8 6 0
8 1 8 6 0
1 8 7 7 0
8 1 7 7 0
2 7 1 13 0
7 2 1 13 0
2 7 13 1 0
7 2 13 1 0
2 7 2 12 0
7 2 2 12 0
2 7 12 2 0
7 2 12 2 0
2 7 3 11 0
7 2 3 11 0
2 7 11 3 0
7 2 11 3 0
2 7 4 10 0
7 2 4 10 0
2 7 10 4 0
7 2 10 4 0
2 7 5 9 0
7 2 5 9 0
2 7 9 5 0
7 2 9 5 0
2 7 6 8 0
7 2 6 8 0
2 7 8 6 0
7 2 8 6 0
2 7 7 7 0
7 2 7 7 0
3 6 1 13 0
6 3 1 13 0
3 6 13 1 0
6 3 13 1 0
3 6 2 12 0
6 3 2 12 0
3 6 12 2 0
6 3 12 2 0
3 6 3 11 0
6 3 3 11 0
3 6 11 3 0
6 3 11 3 0
3 6 4 10 0
6 3 4 10 0
3 6 10 4 0
6 3 10 4 0
3 6 5 9 0
6 3 5 9 0
3 6 9 5 0
6 3 9 5 0
3 6 6 8 0
6 3 6 8 0
3 6 8 6 0
6 3 8 6 0
3 6 7 7 0
6 3 7 7 0
3 6 0 14 0
6 3 0 14 0
3 6 14 0 0
6 3 14 0 0
4 5 0 14 0
5 4 0 14 0
4 5 14 0 0
5 4 14 0 0
4 5 1 13 0
5 4 1 13 0
4 5 13 1 0
5 4 13 1 0
4 5 2 12 0
5 4 2 12 0
4 5 12 2 0
5 4 12 2 0
4 5 3 11 0
5 4 3 11 0
4 5 11 3 0
5 4 11 3 0
4 5 4 10 0
5 4 4 10 0
4 5 10 4 0
5 4 10 4 0
4 5 5 9 0
5 4 5 9 0
4 5 9 5 0
5 4 9 5 0
4 5 6 8 0
5 4 6 8 0
4 5 8 6 0
5 4 8 6 0
4 5 7 7 0
5 4 7 7 0
