4 26 16 26 0
26 4 16 26 0
4 26 26 16 0
26 4 26 16 0
4 26 17 25 0
26 4 17 25 0
4 26 25 17 0
26 4 25 17 0
4 26 18 24 0
26 4 18 24 0
4 26 24 18 0
26 4 24 18 0
4 26 19 23 0
26 4 19 23 0
4 26 23 19 0
26 4 23 19 0
4 26 20 22 0
26 4 20 22 0
4 26 22 20 0
26 4 22 20 0
4 26 21 21 0
26 4 21 21 0
5 25 16 26 0
25 5 16 26 0
5 25 26 16 0
25 5 26 16 0
5 25 17 25 0
25 5 17 25 0
5 25 25 17 0
25 5 25 17 0
5 25 18 24 0
25 5 18 24 0
5 25 24 18 0
25 5 24 18 0
5 25 19 23 0
25 5 19 23 0
5 25 23 19 0
25 5 23 19 0
5 25 20 22 0
25 5 20 22 0
5 25 22 20 0
25 5 22 20 0
5 25 21 21 0
25 5 21 21 0
6 24 16 26 0
24 6 16 26 0
6 24 26 16 0
24 6 26 16 0
6 24 17 25 0
24 6 17 25 0
6 24 25 17 0
24 6 25 17 0
6 24 18 24 0
24 6 18 24 0
6 24 24 18 0
24 6 24 18 0
6 24 19 23 0
24 6 19 23 0
6 24 23 19 0
24 6 23 19 0
6 24 20 22 1
24 6 20 22 1
6 24 22 20 1
24 6 22 20 1
6 24 21 21 1
24 6 21 21 1
7 23 16 26 1
23 7 16 26 1
7 23 26 16 1
23 7 26 16 1
7 23 17 25 3
23 7 17 25 3
7 23 25 17 3
23 7 25 17 3
7 23 18 24 6
23 7 18 24 6
7 23 24 18 6
23 7 24 18 6
7 23 19 23 10
23 7 19 23 10
7 23 23 19 10
23 7 23 19 10
7 23 20 22 14
23 7 20 22 14
7 23 22 20 14
23 7 22 20 14
7 23 21 21 15
23 7 21 21 15
5 25 13 29 0
25 5 13 29 0
5 25 29 13 0
25 5 29 13 0
5 25 14 28 0
25 5 14 28 0
5 25 28 14 0
25 5 28 14 0
5 25 15 27 0
25 5 15 27 0
5 25 27 15 0
25 5 27 15 0
6 24 13 29 0
24 6 13 29 0
6 24 29 13 0
24 6 29 13 0
6 24 14 28 0
24 6 14 28 0
6 24 28 14 0
24 6 28 14 0
6 24 15 27 0
24 6 15 27 0
6 24 27 15 0
24 6 27 15 0
7 23 13 29 0
23 7 13 29 0
7 23 29 13 0
23 7 29 13 0
7 23 14 28 0
23 7 14 28 0
7 23 28 14 0
23 7 28 14 0
7 23 15 27 0
23 7 15 27 0
7 23 27 15 0
23 7 27 15 0
8 22 13 29 0
22 8 13 29 0
8 22 29 13 0
22 8 29 13 0
8 22 14 28 1
22 8 14 28 1
8 22 28 14 1
22 8 28 14 1
8 22 15 27 3
22 8 15 27 3
8 22 27 15 3
22 8 27 15 3
8 22 16 26 11
22 8 16 26 11
8 22 26 16 11
22 8 26 16 11
8 22 17 25 24
22 8 17 25 24
8 22 25 17 24
22 8 25 17 24
8 22 18 24 44
22 8 18 24 44
8 22 24 18 44
22 8 24 18 44
8 22 19 23 65
22 8 19 23 65
8 22 23 19 65
22 8 23 19 65
8 22 20 22 84
22 8 20 22 84
8 22 22 20 84
22 8 22 20 84
8 22 21 21 89
22 8 21 21 89
9 21 13 29 1
21 9 13 29 1
9 21 29 13 1
21 9 29 13 1
9 21 14 28 7
21 9 14 28 7
9 21 28 14 7
21 9 28 14 7
9 21 15 27 23
21 9 15 27 23
9 21 27 15 23
21 9 27 15 23
9 21 16 26 57
21 9 16 26 57
9 21 26 16 57
21 9 26 16 57
9 21 17 25 112
21 9 17 25 112
9 21 25 17 112
21 9 25 17 112
9 21 18 24 185
21 9 18 24 185
9 21 24 18 185
21 9 24 18 185
9 21 19 23 260
21 9 19 23 260
9 21 23 19 260
21 9 23 19 260
9 21 20 22 319
21 9 20 22 319
9 21 22 20 319
21 9 22 20 319
9 21 21 21 340
21 9 21 21 340
6 24 12 30 0
24 6 12 30 0
6 24 30 12 0
24 6 30 12 0
7 23 12 30 0
23 7 12 30 0
7 23 30 12 0
23 7 30 12 0
8 22 12 30 0
22 8 12 30 0
8 22 30 12 0
22 8 30 12 0
9 21 12 30 0
21 9 12 30 0
9 21 30 12 0
21 9 30 12 0
7 23 11 31 0
23 7 11 31 0
7 23 31 11 0
23 7 31 11 0
8 22 11 31 0
22 8 11 31 0
8 22 31 11 0
22 8 31 11 0
9 21 11 31 0
21 9 11 31 0
9 21 31 11 0
21 9 31 11 0
10 20 11 31 0
20 10 11 31 0
10 20 31 11 0
20 10 31 11 0
10 20 12 30 1
20 10 12 30 1
10 20 30 12 1
20 10 30 12 1
10 20 13 29 8
20 10 13 29 8
10 20 29 13 8
20 10 29 13 8
10 20 14 28 32
20 10 14 28 32
10 20 28 14 32
20 10 28 14 32
10 20 15 27 86
20 10 15 27 86
10 20 27 15 86
20 10 27 15 86
10 20 16 26 191
20 10 16 26 191
10 20 26 16 191
20 10 26 16 191
10 20 17 25 346
20 10 17 25 346
10 20 25 17 346
20 10 25 17 346
10 20 18 24 543
20 10 18 24 543
10 20 24 18 543
20 10 24 18 543
10 20 19 23 737
20 10 19 23 737
10 20 23 19 737
20 10 23 19 737
10 20 20 22 888
20 10 20 22 888
10 20 22 20 888
20 10 22 20 888
10 20 21 21 939
20 10 21 21 939
11 19 12 30 7
19 11 12 30 7
11 19 30 12 7
19 11 30 12 7
11 19 13 29 31
19 11 13 29 31
11 19 29 13 31
19 11 29 13 31
11 19 14 28 97
19 11 14 28 97
11 19 28 14 97
19 11 28 14 97
11 19 15 27 235
19 11 15 27 235
11 19 27 15 235
19 11 27 15 235
11 19 16 26 476
19 11 16 26 476
11 19 26 16 476
19 11 26 16 476
11 19 17 25 821
19 11 17 25 821
11 19 25 17 821
19 11 25 17 821
11 19 18 24 1237
19 11 18 24 1237
11 19 24 18 1237
19 11 24 18 1237
11 19 19 23 1644
19 11 19 23 1644
11 19 23 19 1644
19 11 23 19 1644
11 19 20 22 1948
19 11 20 22 1948
11 19 22 20 1948
19 11 22 20 1948
11 19 21 21 2057
19 11 21 21 2057
11 19 11 31 1
19 11 11 31 1
11 19 31 11 1
19 11 31 11 1
12 18 11 31 3
18 12 11 31 3
12 18 31 11 3
18 12 31 11 3
12 18 12 30 20
18 12 12 30 20
12 18 30 12 20
18 12 30 12 20
12 18 13 29 74
18 12 13 29 74
12 18 29 13 74
18 12 29 13 74
12 18 14 28 211
18 12 14 28 211
12 18 28 14 211
18 12 28 14 211
12 18 15 27 478
18 12 15 27 478
12 18 27 15 478
18 12 27 15 478
12 18 16 26 924
18 12 16 26 924
12 18 26 16 924
18 12 26 16 924
12 18 17 25 1539
18 12 17 25 1539
12 18 25 17 1539
18 12 25 17 1539
12 18 18 24 2269
18 12 18 24 2269
12 18 24 18 2269
18 12 24 18 2269
12 18 19 23 2965
18 12 19 23 2965
12 18 23 19 2965
18 12 23 19 2965
12 18 20 22 3484
18 12 20 22 3484
12 18 22 20 3484
18 12 22 20 3484
12 18 21 21 3667
18 12 21 21 3667
13 17 13 29 137
17 13 13 29 137
13 17 29 13 137
17 13 29 13 137
13 17 14 28 360
17 13 14 28 360
13 17 28 14 360
17 13 28 14 360
13 17 15 27 782
17 13 15 27 782
13 17 27 15 782
17 13 27 15 782
13 17 16 26 1461
17 13 16 26 1461
13 17 26 16 1461
17 13 26 16 1461
13 17 17 25 2384
17 13 17 25 2384
13 17 25 17 2384
17 13 25 17 2384
13 17 18 24 3453
17 13 18 24 3453
13 17 24 18 3453
17 13 24 18 3453
13 17 19 23 4472
17 13 19 23 4472
13 17 23 19 4472
17 13 23 19 4472
13 17 20 22 5216
17 13 20 22 5216
13 17 22 20 5216
17 13 22 20 5216
13 17 21 21 5484
17 13 21 21 5484
13 17 12 30 41
17 13 12 30 41
13 17 30 12 41
17 13 30 12 41
14 16 13 29 192
16 14 13 29 192
14 16 29 13 192
16 14 29 13 192
14 16 14 28 490
16 14 14 28 490
14 16 28 14 490
16 14 28 14 490
14 16 15 27 1037
16 14 15 27 1037
14 16 27 15 1037
16 14 27 15 1037
14 16 16 26 1909
16 14 16 26 1909
14 16 26 16 1909
16 14 26 16 1909
14 16 17 25 3074
16 14 17 25 3074
14 16 25 17 3074
16 14 25 17 3074
14 16 18 24 4418
16 14 18 24 4418
14 16 24 18 4418
16 14 24 18 4418
14 16 19 23 5684
16 14 19 23 5684
14 16 23 19 5684
16 14 23 19 5684
14 16 20 22 6612
16 14 20 22 6612
14 16 22 20 6612
16 14 22 20 6612
14 16 21 21 6940
16 14 21 21 6940
15 15 16 26 2083
15 15 26 16 2083
15 15 17 25 3345
15 15 25 17 3345
15 15 18 24 4791
15 15 24 18 4791
15 15 19 23 6156
15 15 23 19 6156
15 15 20 22 7148
15 15 22 20 7148
15 15 21 21 7506
7 23 10 32 0
23 7 10 32 0
7 23 32 10 0
23 7 32 10 0
8 22 10 32 0
22 8 10 32 0
8 22 32 10 0
22 8 32 10 0
9 21 10 32 0
21 9 10 32 0
9 21 32 10 0
21 9 32 10 0
10 20 10 32 0
20 10 10 32 0
10 20 32 10 0
20 10 32 10 0
8 22 9 33 0
22 8 9 33 0
8 22 33 9 0
22 8 33 9 0
9 21 9 33 0
21 9 9 33 0
9 21 33 9 0
21 9 33 9 0
10 20 9 33 0
20 10 9 33 0
10 20 33 9 0
20 10 33 9 0
11 19 9 33 0
19 11 9 33 0
11 19 33 9 0
19 11 33 9 0
11 19 10 32 0
19 11 10 32 0
11 19 32 10 0
19 11 32 10 0
12 18 10 32 0
18 12 10 32 0
12 18 32 10 0
18 12 32 10 0
9 21 8 34 0
21 9 8 34 0
9 21 34 8 0
21 9 34 8 0
10 20 8 34 0
20 10 8 34 0
10 20 34 8 0
20 10 34 8 0
11 19 8 34 0
19 11 8 34 0
11 19 34 8 0
19 11 34 8 0
12 18 8 34 0
18 12 8 34 0
12 18 34 8 0
18 12 34 8 0
12 18 9 33 0
18 12 9 33 0
12 18 33 9 0
18 12 33 9 0
13 17 8 34 0
17 13 8 34 0
13 17 34 8 0
17 13 34 8 0
13 17 9 33 0
17 13 9 33 0
13 17 33 9 0
17 13 33 9 0
13 17 10 32 1
17 13 10 32 1
13 17 32 10 1
17 13 32 10 1
13 17 11 31 9
17 13 11 31 9
13 17 31 11 9
17 13 31 11 9
14 16 10 32 2
16 14 10 32 2
14 16 32 10 2
16 14 32 10 2
14 16 11 31 14
16 14 11 31 14
14 16 31 11 14
16 14 31 11 14
14 16 12 30 61
16 14 12 30 61
14 16 30 12 61
16 14 30 12 61
14 16 8 34 0
16 14 8 34 0
14 16 34 8 0
16 14 34 8 0
14 16 9 33 0
16 14 9 33 0
14 16 33 9 0
16 14 33 9 0
15 15 9 33 0
15 15 33 9 0
15 15 10 32 2
15 15 32 10 2
15 15 11 31 16
15 15 31 11 16
15 15 12 30 69
15 15 30 12 69
15 15 13 29 215
15 15 29 13 215
15 15 14 28 541
15 15 28 14 541
15 15 15 27 1140
15 15 27 15 1140
10 20 7 35 0
20 10 7 35 0
10 20 35 7 0
20 10 35 7 0
11 19 7 35 0
19 11 7 35 0
11 19 35 7 0
19 11 35 7 0
12 18 7 35 0
18 12 7 35 0
12 18 35 7 0
18 12 35 7 0
13 17 7 35 0
17 13 7 35 0
13 17 35 7 0
17 13 35 7 0
14 16 7 35 0
16 14 7 35 0
14 16 35 7 0
16 14 35 7 0
12 18 6 36 0
18 12 6 36 0
12 18 36 6 0
18 12 36 6 0
13 17 6 36 0
17 13 6 36 0
13 17 36 6 0
17 13 36 6 0
14 16 6 36 0
16 14 6 36 0
14 16 36 6 0
16 14 36 6 0
15 15 6 36 0
15 15 36 6 0
15 15 7 35 0
15 15 35 7 0
15 15 8 34 0
15 15 34 8 0
