11 31 23 35 0
31 11 23 35 0
11 31 35 23 0
31 11 35 23 0
11 31 24 34 0
31 11 24 34 0
11 31 34 24 0
31 11 34 24 0
11 31 25 33 0
31 11 25 33 0
11 31 33 25 0
31 11 33 25 0
11 31 26 32 0
31 11 26 32 0
11 31 32 26 0
31 11 32 26 0
11 31 27 31 0
31 11 27 31 0
11 31 31 27 0
31 11 31 27 0
11 31 28 30 0
31 11 28 30 0
11 31 30 28 0
31 11 30 28 0
11 31 29 29 0
31 11 29 29 0
12 30 23 35 0
30 12 23 35 0
12 30 35 23 0
30 12 35 23 0
12 30 24 34 0
30 12 24 34 0
12 30 34 24 0
30 12 34 24 0
12 30 25 33 0
30 12 25 33 0
12 30 33 25 0
30 12 33 25 0
12 30 26 32 0
30 12 26 32 0
12 30 32 26 0
30 12 32 26 0
12 30 27 31 0
30 12 27 31 0
12 30 31 27 0
30 12 31 27 0
12 30 28 30 0
30 12 28 30 0
12 30 30 28 0
30 12 30 28 0
12 30 29 29 0
30 12 29 29 0
13 29 23 35 0
29 13 23 35 0
13 29 35 23 0
29 13 35 23 0
13 29 24 34 0
29 13 24 34 0
13 29 34 24 0
29 13 34 24 0
13 29 25 33 0
29 13 25 33 0
13 29 33 25 0
29 13 33 25 0
13 29 26 32 0
29 13 26 32 0
13 29 32 26 0
29 13 32 26 0
13 29 27 31 0
29 13 27 31 0
13 29 31 27 0
29 13 31 27 0
13 29 28 30 0
29 13 28 30 0
13 29 30 28 0
29 13 30 28 0
13 29 29 29 0
29 13 29 29 0
14 28 23 35 0
28 14 23 35 0
14 28 35 23 0
28 14 35 23 0
14 28 24 34 0
28 14 24 34 0
14 28 34 24 0
28 14 34 24 0
14 28 25 33 0
28 14 25 33 0
14 28 33 25 0
28 14 33 25 0
14 28 26 32 1
28 14 26 32 1
14 28 32 26 1
28 14 32 26 1
14 28 27 31 2
28 14 27 31 2
14 28 31 27 2
28 14 31 27 2
14 28 28 30 3
28 14 28 30 3
14 28 30 28 3
28 14 30 28 3
14 28 29 29 3
28 14 29 29 3
12 30 21 37 0
30 12 21 37 0
12 30 37 21 0
30 12 37 21 0
12 30 22 36 0
30 12 22 36 0
12 30 36 22 0
30 12 36 22 0
13 29 21 37 0
29 13 21 37 0
13 29 37 21 0
29 13 37 21 0
13 29 22 36 0
29 13 22 36 0
13 29 36 22 0
29 13 36 22 0
14 28 21 37 0
28 14 21 37 0
14 28 37 21 0
28 14 37 21 0
14 28 22 36 0
28 14 22 36 0
14 28 36 22 0
28 14 36 22 0
15 27 21 37 0
27 15 21 37 0
15 27 37 21 0
27 15 37 21 0
15 27 22 36 0
27 15 22 36 0
15 27 36 22 0
27 15 36 22 0
15 27 23 35 0
27 15 23 35 0
15 27 35 23 0
27 15 35 23 0
15 27 24 34 1
27 15 24 34 1
15 27 34 24 1
27 15 34 24 1
15 27 25 33 3
27 15 25 33 3
15 27 33 25 3
27 15 33 25 3
15 27 26 32 8
27 15 26 32 8
15 27 32 26 8
27 15 32 26 8
15 27 27 31 14
27 15 27 31 14
15 27 31 27 14
27 15 31 27 14
15 27 28 30 19
27 15 28 30 19
15 27 30 28 19
27 15 30 28 19
15 27 29 29 21
27 15 29 29 21
16 26 21 37 0
26 16 21 37 0
16 26 37 21 0
26 16 37 21 0
16 26 22 36 0
26 16 22 36 0
16 26 36 22 0
26 16 36 22 0
16 26 23 35 1
26 16 23 35 1
16 26 35 23 1
26 16 35 23 1
16 26 24 34 6
26 16 24 34 6
16 26 34 24 6
26 16 34 24 6
16 26 25 33 15
26 16 25 33 15
16 26 33 25 15
26 16 33 25 15
16 26 26 32 32
26 16 26 32 32
16 26 32 26 32
26 16 32 26 32
16 26 27 31 50
26 16 27 31 50
16 26 31 27 50
26 16 31 27 50
16 26 28 30 66
26 16 28 30 66
16 26 30 28 66
26 16 30 28 66
16 26 29 29 71
26 16 29 29 71
17 25 23 35 6
25 17 23 35 6
17 25 35 23 6
25 17 35 23 6
17 25 24 34 21
25 17 24 34 21
17 25 34 24 21
25 17 34 24 21
17 25 25 33 48
25 17 25 33 48
17 25 33 25 48
25 17 33 25 48
17 25 26 32 89
25 17 26 32 89
17 25 32 26 89
25 17 32 26 89
17 25 27 31 133
25 17 27 31 133
17 25 31 27 133
25 17 31 27 133
17 25 28 30 169
25 17 28 30 169
17 25 30 28 169
25 17 30 28 169
17 25 29 29 182
25 17 29 29 182
13 29 19 39 0
29 13 19 39 0
13 29 39 19 0
29 13 39 19 0
13 29 20 38 0
29 13 20 38 0
13 29 38 20 0
29 13 38 20 0
14 28 19 39 0
28 14 19 39 0
14 28 39 19 0
28 14 39 19 0
14 28 20 38 0
28 14 20 38 0
14 28 38 20 0
28 14 38 20 0
15 27 19 39 0
27 15 19 39 0
15 27 39 19 0
27 15 39 19 0
15 27 20 38 0
27 15 20 38 0
15 27 38 20 0
27 15 38 20 0
16 26 19 39 0
26 16 19 39 0
16 26 39 19 0
26 16 39 19 0
16 26 20 38 0
26 16 20 38 0
16 26 38 20 0
26 16 38 20 0
14 28 18 40 0
28 14 18 40 0
14 28 40 18 0
28 14 40 18 0
15 27 18 40 0
27 15 18 40 0
15 27 40 18 0
27 15 40 18 0
16 26 18 40 0
26 16 18 40 0
16 26 40 18 0
26 16 40 18 0
17 25 18 40 0
25 17 18 40 0
17 25 40 18 0
25 17 40 18 0
17 25 19 39 0
25 17 19 39 0
17 25 39 19 0
25 17 39 19 0
17 25 20 38 0
25 17 20 38 0
17 25 38 20 0
25 17 38 20 0
17 25 21 37 0
25 17 21 37 0
17 25 37 21 0
25 17 37 21 0
17 25 22 36 1
25 17 22 36 1
17 25 36 22 1
25 17 36 22 1
18 24 19 39 0
24 18 19 39 0
18 24 39 19 0
24 18 39 19 0
18 24 20 38 0
24 18 20 38 0
18 24 38 20 0
24 18 38 20 0
18 24 21 37 0
24 18 21 37 0
18 24 37 21 0
24 18 37 21 0
18 24 22 36 4
24 18 22 36 4
18 24 36 22 4
24 18 36 22 4
18 24 23 35 17
24 18 23 35 17
18 24 35 23 17
24 18 35 23 17
18 24 24 34 50
24 18 24 34 50
18 24 34 24 50
24 18 34 24 50
18 24 25 33 105
24 18 25 33 105
18 24 33 25 105
24 18 33 25 105
18 24 26 32 184
24 18 26 32 184
18 24 32 26 184
24 18 32 26 184
18 24 27 31 265
24 18 27 31 265
18 24 31 27 265
24 18 31 27 265
18 24 28 30 331
24 18 28 30 331
18 24 30 28 331
24 18 30 28 331
18 24 29 29 353
24 18 29 29 353
19 23 22 36 11
23 19 22 36 11
19 23 36 22 11
23 19 36 22 11
19 23 23 35 37
23 19 23 35 37
19 23 35 23 37
23 19 35 23 37
19 23 24 34 93
23 19 24 34 93
19 23 34 24 93
23 19 34 24 93
19 23 25 33 184
23 19 25 33 184
19 23 33 25 184
23 19 33 25 184
19 23 26 32 306
23 19 26 32 306
19 23 32 26 306
23 19 32 26 306
19 23 27 31 432
23 19 27 31 432
19 23 31 27 432
23 19 31 27 432
19 23 28 30 530
23 19 28 30 530
19 23 30 28 530
23 19 30 28 530
19 23 29 29 565
23 19 29 29 565
15 27 17 41 0
27 15 17 41 0
15 27 41 17 0
27 15 41 17 0
16 26 17 41 0
26 16 17 41 0
16 26 41 17 0
26 16 41 17 0
17 25 17 41 0
25 17 17 41 0
17 25 41 17 0
25 17 41 17 0
18 24 17 41 0
24 18 17 41 0
18 24 41 17 0
24 18 41 17 0
18 24 18 40 0
24 18 18 40 0
18 24 40 18 0
24 18 40 18 0
19 23 17 41 0
23 19 17 41 0
19 23 41 17 0
23 19 41 17 0
19 23 18 40 0
23 19 18 40 0
19 23 40 18 0
23 19 40 18 0
19 23 19 39 0
23 19 19 39 0
19 23 39 19 0
23 19 39 19 0
19 23 20 38 0
23 19 20 38 0
19 23 38 20 0
23 19 38 20 0
19 23 21 37 2
23 19 21 37 2
19 23 37 21 2
23 19 37 21 2
20 22 19 39 0
22 20 19 39 0
20 22 39 19 0
22 20 39 19 0
20 22 20 38 0
22 20 20 38 0
20 22 38 20 0
22 20 38 20 0
20 22 21 37 3
22 20 21 37 3
20 22 37 21 3
22 20 37 21 3
20 22 22 36 17
22 20 22 36 17
20 22 36 22 17
22 20 36 22 17
20 22 23 35 53
22 20 23 35 53
20 22 35 23 53
22 20 35 23 53
20 22 24 34 130
22 20 24 34 130
20 22 34 24 130
22 20 34 24 130
20 22 25 33 249
22 20 25 33 249
20 22 33 25 249
22 20 33 25 249
20 22 26 32 408
22 20 26 32 408
20 22 32 26 408
22 20 32 26 408
20 22 27 31 568
22 20 27 31 568
20 22 31 27 568
22 20 31 27 568
20 22 28 30 694
22 20 28 30 694
20 22 30 28 694
22 20 30 28 694
20 22 29 29 737
22 20 29 29 737
21 21 23 35 61
21 21 35 23 61
21 21 24 34 146
21 21 34 24 146
21 21 25 33 278
21 21 33 25 278
21 21 26 32 450
21 21 32 26 450
21 21 27 31 625
21 21 31 27 625
21 21 28 30 760
21 21 30 28 760
21 21 29 29 808
20 22 17 41 0
22 20 17 41 0
20 22 41 17 0
22 20 41 17 0
20 22 18 40 0
22 20 18 40 0
20 22 40 18 0
22 20 40 18 0
21 21 18 40 0
21 21 40 18 0
21 21 19 39 0
21 21 39 19 0
21 21 20 38 0
21 21 38 20 0
21 21 21 37 4
21 21 37 21 4
21 21 22 36 20
21 21 36 22 20
16 26 16 42 0
26 16 16 42 0
16 26 42 16 0
26 16 42 16 0
17 25 16 42 0
25 17 16 42 0
17 25 42 16 0
25 17 42 16 0
18 24 16 42 0
24 18 16 42 0
18 24 42 16 0
24 18 42 16 0
19 23 16 42 0
23 19 16 42 0
19 23 42 16 0
23 19 42 16 0
20 22 16 42 0
22 20 16 42 0
20 22 42 16 0
22 20 42 16 0
18 24 15 43 0
24 18 15 43 0
18 24 43 15 0
24 18 43 15 0
19 23 15 43 0
23 19 15 43 0
19 23 43 15 0
23 19 43 15 0
20 22 15 43 0
22 20 15 43 0
20 22 43 15 0
22 20 43 15 0
21 21 15 43 0
21 21 43 15 0
21 21 16 42 0
21 21 42 16 0
21 21 17 41 0
21 21 41 17 0
