1 20 10 20 0
20 1 10 20 0
1 20 20 10 0
20 1 20 10 0
1 20 11 19 0
20 1 11 19 0
1 20 19 11 0
20 1 19 11 0
1 20 12 18 0
20 1 12 18 0
1 20 18 12 0
20 1 18 12 0
1 20 13 17 0
20 1 13 17 0
1 20 17 13 0
20 1 17 13 0
1 20 14 16 0
20 1 14 16 0
1 20 16 14 0
20 1 16 14 0
1 20 15 15 0
20 1 15 15 0
2 19 10 20 0
19 2 10 20 0
2 19 20 10 0
19 2 20 10 0
2 19 11 19 0
19 2 11 19 0
2 19 19 11 0
19 2 19 11 0
2 19 12 18 0
19 2 12 18 0
2 19 18 12 0
19 2 18 12 0
2 19 13 17 0
19 2 13 17 0
2 19 17 13 0
19 2 17 13 0
2 19 14 16 0
19 2 14 16 0
2 19 16 14 0
19 2 16 14 0
2 19 15 15 0
19 2 15 15 0
3 18 10 20 0
18 3 10 20 0
3 18 20 10 0
18 3 20 10 0
3 18 11 19 1
18 3 11 19 1
3 18 19 11 1
18 3 19 11 1
3 18 12 18 3
18 3 12 18 3
3 18 18 12 3
18 3 18 12 3
3 18 13 17 5
18 3 13 17 5
3 18 17 13 5
18 3 17 13 5
3 18 14 16 7
18 3 14 16 7
3 18 16 14 7
18 3 16 14 7
3 18 15 15 8
18 3 15 15 8
4 17 10 20 5
17 4 10 20 5
4 17 20 10 5
17 4 20 10 5
4 17 11 19 13
17 4 11 19 13
4 17 19 11 13
17 4 19 11 13
4 17 12 18 25
17 4 12 18 25
4 17 18 12 25
17 4 18 12 25
4 17 13 17 38
17 4 13 17 38
4 17 17 13 38
17 4 17 13 38
4 17 14 16 49
17 4 14 16 49
4 17 16 14 49
17 4 16 14 49
4 17 15 15 53
17 4 15 15 53
5 16 10 20 33
16 5 10 20 33
5 16 20 10 33
16 5 20 10 33
5 16 11 19 67
16 5 11 19 67
5 16 19 11 67
16 5 19 11 67
5 16 12 18 112
16 5 12 18 112
5 16 18 12 112
16 5 18 12 112
5 16 13 17 159
16 5 13 17 159
5 16 17 13 159
16 5 17 13 159
5 16 14 16 196
16 5 14 16 196
5 16 16 14 196
16 5 16 14 196
5 16 15 15 209
16 5 15 15 209
6 15 10 20 118
15 6 10 20 118
6 15 20 10 118
15 6 20 10 118
6 15 11 19 214
15 6 11 19 214
6 15 19 11 214
15 6 19 11 214
6 15 12 18 335
15 6 12 18 335
6 15 18 12 335
15 6 18 12 335
6 15 13 17 455
15 6 13 17 455
6 15 17 13 455
15 6 17 13 455
6 15 14 16 547
15 6 14 16 547
6 15 16 14 547
15 6 16 14 547
6 15 15 15 580
15 6 15 15 580
2 19 7 23 0
19 2 7 23 0
2 19 23 7 0
19 2 23 7 0
2 19 8 22 0
19 2 8 22 0
2 19 22 8 0
19 2 22 8 0
2 19 9 21 0
19 2 9 21 0
2 19 21 9 0
19 2 21 9 0
3 18 7 23 0
18 3 7 23 0
3 18 23 7 0
18 3 23 7 0
3 18 8 22 0
18 3 8 22 0
3 18 22 8 0
18 3 22 8 0
3 18 9 21 0
18 3 9 21 0
3 18 21 9 0
18 3 21 9 0
4 17 7 23 0
17 4 7 23 0
4 17 23 7 0
17 4 23 7 0
4 17 8 22 0
17 4 8 22 0
4 17 22 8 0
17 4 22 8 0
4 17 9 21 1
17 4 9 21 1
4 17 21 9 1
17 4 21 9 1
5 16 7 23 1
16 5 7 23 1
5 16 23 7 1
16 5 23 7 1
5 16 8 22 4
16 5 8 22 4
5 16 22 8 4
16 5 22 8 4
5 16 9 21 13
16 5 9 21 13
5 16 21 9 13
16 5 21 9 13
3 18 6 24 0
18 3 6 24 0
3 18 24 6 0
18 3 24 6 0
4 17 6 24 0
17 4 6 24 0
4 17 24 6 0
17 4 24 6 0
5 16 6 24 0
16 5 6 24 0
5 16 24 6 0
16 5 24 6 0
6 15 6 24 1
15 6 6 24 1
6 15 24 6 1
15 6 24 6 1
6 15 7 23 6
15 6 7 23 6
6 15 23 7 6
15 6 23 7 6
6 15 8 22 21
15 6 8 22 21
6 15 22 8 21
15 6 22 8 21
6 15 9 21 55
15 6 9 21 55
6 15 21 9 55
15 6 21 9 55
7 14 6 24 5
14 7 6 24 5
7 14 24 6 5
14 7 24 6 5
7 14 7 23 21
14 7 7 23 21
7 14 23 7 21
14 7 23 7 21
7 14 8 22 62
14 7 8 22 62
7 14 22 8 62
14 7 22 8 62
7 14 9 21 146
14 7 9 21 146
7 14 21 9 146
14 7 21 9 146
7 14 10 20 291
14 7 10 20 291
7 14 20 10 291
14 7 20 10 291
7 14 11 19 498
14 7 11 19 498
7 14 19 11 498
14 7 19 11 498
7 14 12 18 747
14 7 12 18 747
7 14 18 12 747
14 7 18 12 747
7 14 13 17 990
14 7 13 17 990
7 14 17 13 990
14 7 17 13 990
7 14 14 16 1171
14 7 14 16 1171
7 14 16 14 1171
14 7 16 14 1171
7 14 15 15 1236
14 7 15 15 1236
8 13 6 24 14
13 8 6 24 14
8 13 24 6 14
13 8 24 6 14
8 13 7 23 49
13 8 7 23 49
8 13 23 7 49
13 8 23 7 49
8 13 8 22 131
13 8 8 22 131
8 13 22 8 131
13 8 22 8 131
8 13 9 21 289
13 8 9 21 289
8 13 21 9 289
13 8 21 9 289
8 13 10 20 548
13 8 10 20 548
8 13 20 10 548
13 8 20 10 548
8 13 11 19 905
13 8 11 19 905
8 13 19 11 905
13 8 19 11 905
8 13 12 18 1323
13 8 12 18 1323
8 13 18 12 1323
13 8 18 12 1323
8 13 13 17 1724
13 8 13 17 1724
8 13 17 13 1724
13 8 17 13 1724
8 13 14 16 2019
13 8 14 16 2019
8 13 16 14 2019
13 8 16 14 2019
8 13 15 15 2125
13 8 15 15 2125
9 12 7 23 80
12 9 7 23 80
9 12 23 7 80
12 9 23 7 80
9 12 8 22 206
12 9 8 22 206
9 12 22 8 206
12 9 22 8 206
9 12 9 21 442
12 9 9 21 442
9 12 21 9 442
12 9 21 9 442
9 12 10 20 816
12 9 10 20 816
9 12 20 10 816
12 9 20 10 816
9 12 11 19 1322
12 9 11 19 1322
9 12 19 11 1322
12 9 19 11 1322
9 12 12 18 1906
12 9 12 18 1906
9 12 18 12 1906
12 9 18 12 1906
9 12 13 17 2459
12 9 13 17 2459
9 12 17 13 2459
12 9 17 13 2459
9 12 14 16 2863
12 9 14 16 2863
9 12 16 14 2863
12 9 16 14 2863
9 12 15 15 3009
12 9 15 15 3009
4 17 4 26 0
17 4 4 26 0
4 17 26 4 0
17 4 26 4 0
4 17 5 25 0
17 4 5 25 0
4 17 25 5 0
17 4 25 5 0
5 16 4 26 0
16 5 4 26 0
5 16 26 4 0
16 5 26 4 0
5 16 5 25 0
16 5 5 25 0
5 16 25 5 0
16 5 25 5 0
6 15 4 26 0
15 6 4 26 0
6 15 26 4 0
15 6 26 4 0
6 15 5 25 0
15 6 5 25 0
6 15 25 5 0
15 6 25 5 0
7 14 4 26 0
14 7 4 26 0
7 14 26 4 0
14 7 26 4 0
7 14 5 25 1
14 7 5 25 1
7 14 25 5 1
14 7 25 5 1
8 13 4 26 0
13 8 4 26 0
8 13 26 4 0
13 8 26 4 0
8 13 5 25 3
13 8 5 25 3
8 13 25 5 3
13 8 25 5 3
6 15 3 27 0
15 6 3 27 0
6 15 27 3 0
15 6 27 3 0
7 14 3 27 0
14 7 3 27 0
7 14 27 3 0
14 7 27 3 0
8 13 3 27 0
13 8 3 27 0
8 13 27 3 0
13 8 27 3 0
9 12 3 27 0
12 9 3 27 0
9 12 27 3 0
12 9 27 3 0
9 12 4 26 0
12 9 4 26 0
9 12 26 4 0
12 9 26 4 0
9 12 5 25 5
12 9 5 25 5
9 12 25 5 5
12 9 25 5 5
9 12 6 24 24
12 9 6 24 24
9 12 24 6 24
12 9 24 6 24
10 11 4 26 1
11 10 4 26 1
10 11 26 4 1
11 10 26 4 1
10 11 5 25 8
11 10 5 25 8
10 11 25 5 8
11 10 25 5 8
10 11 6 24 33
11 10 6 24 33
10 11 24 6 33
11 10 24 6 33
10 11 7 23 104
11 10 7 23 104
10 11 23 7 104
11 10 23 7 104
10 11 8 22 260
11 10 8 22 260
10 11 22 8 260
11 10 22 8 260
10 11 9 21 546
11 10 9 21 546
10 11 21 9 546
11 10 21 9 546
10 11 10 20 995
11 10 10 20 995
10 11 20 10 995
11 10 20 10 995
10 11 11 19 1596
11 10 11 19 1596
10 11 19 11 1596
11 10 19 11 1596
10 11 12 18 2284
11 10 12 18 2284
10 11 18 12 2284
11 10 18 12 2284
10 11 13 17 2933
11 10 13 17 2933
10 11 17 13 2933
11 10 17 13 2933
10 11 14 16 3405
11 10 14 16 3405
10 11 16 14 3405
11 10 16 14 3405
10 11 15 15 3574
11 10 15 15 3574
7 14 2 28 0
14 7 2 28 0
7 14 28 2 0
14 7 28 2 0
8 13 2 28 0
13 8 2 28 0
8 13 28 2 0
13 8 28 2 0
9 12 2 28 0
12 9 2 28 0
9 12 28 2 0
12 9 28 2 0
10 11 2 28 0
11 10 2 28 0
10 11 28 2 0
11 10 28 2 0
10 11 3 27 0
11 10 3 27 0
10 11 27 3 0
11 10 27 3 0
