0 15 6 16 0
15 0 6 16 0
0 15 16 6 0
15 0 16 6 0
0 15 7 15 0
15 0 7 15 0
0 15 15 7 0
15 0 15 7 0
0 15 8 14 0
15 0 8 14 0
0 15 14 8 0
15 0 14 8 0
0 15 9 13 0
15 0 9 13 0
0 15 13 9 0
15 0 13 9 0
0 15 10 12 0
15 0 10 12 0
0 15 12 10 0
15 0 12 10 0
0 15 11 11 0
15 0 11 11 0
1 14 6 16 0
14 1 6 16 0
1 14 16 6 0
14 1 16 6 0
1 14 7 15 0
14 1 7 15 0
1 14 15 7 0
14 1 15 7 0
1 14 8 14 0
14 1 8 14 0
1 14 14 8 0
14 1 14 8 0
1 14 9 13 1
14 1 9 13 1
1 14 13 9 1
14 1 13 9 1
1 14 10 12 2
14 1 10 12 2
1 14 12 10 2
14 1 12 10 2
1 14 11 11 2
14 1 11 11 2
2 13 6 16 1
13 2 6 16 1
2 13 16 6 1
13 2 16 6 1
2 13 7 15 3
13 2 7 15 3
2 13 15 7 3
13 2 15 7 3
2 13 8 14 6
13 2 8 14 6
2 13 14 8 6
13 2 14 8 6
2 13 9 13 11
13 2 9 13 11
2 13 13 9 11
13 2 13 9 11
2 13 10 12 15
13 2 10 12 15
2 13 12 10 15
13 2 12 10 15
2 13 11 11 16
13 2 11 11 16
3 12 6 16 9
12 3 6 16 9
3 12 16 6 9
12 3 16 6 9
3 12 7 15 19
12 3 7 15 19
3 12 15 7 19
12 3 15 7 19
3 12 8 14 32
12 3 8 14 32
3 12 14 8 32
12 3 14 8 32
3 12 9 13 48
12 3 9 13 48
3 12 13 9 48
12 3 13 9 48
3 12 10 12 60
12 3 10 12 60
3 12 12 10 60
12 3 12 10 60
3 12 11 11 64
12 3 11 11 64
1 14 3 19 0
14 1 3 19 0
1 14 19 3 0
14 1 19 3 0
1 14 4 18 0
14 1 4 18 0
1 14 18 4 0
14 1 18 4 0
1 14 5 17 0
14 1 5 17 0
1 14 17 5 0
14 1 17 5 0
2 13 3 19 0
13 2 3 19 0
2 13 19 3 0
13 2 19 3 0
2 13 4 18 0
13 2 4 18 0
2 13 18 4 0
13 2 18 4 0
2 13 5 17 0
13 2 5 17 0
2 13 17 5 0
13 2 17 5 0
3 12 3 19 0
12 3 3 19 0
3 12 19 3 0
12 3 19 3 0
3 12 4 18 1
12 3 4 18 1
3 12 18 4 1
12 3 18 4 1
3 12 5 17 3
12 3 5 17 3
3 12 17 5 3
12 3 17 5 3
4 11 3 19 1
11 4 3 19 1
4 11 19 3 1
11 4 19 3 1
4 11 4 18 5
11 4 4 18 5
4 11 18 4 5
11 4 18 4 5
4 11 5 17 14
11 4 5 17 14
4 11 17 5 14
11 4 17 5 14
4 11 6 16 32
11 4 6 16 32
4 11 16 6 32
11 4 16 6 32
4 11 7 15 60
11 4 7 15 60
4 11 15 7 60
11 4 15 7 60
4 11 8 14 94
11 4 8 14 94
4 11 14 8 94
11 4 14 8 94
4 11 9 13 131
11 4 9 13 131
4 11 13 9 131
11 4 13 9 131
4 11 10 12 158
11 4 10 12 158
4 11 12 10 158
11 4 12 10 158
4 11 11 11 168
11 4 11 11 168
5 10 3 19 5
10 5 3 19 5
5 10 19 3 5
10 5 19 3 5
5 10 4 18 16
10 5 4 18 16
5 10 18 4 16
10 5 18 4 16
5 10 5 17 38
10 5 5 17 38
5 10 17 5 38
10 5 17 5 38
5 10 6 16 77
10 5 6 16 77
5 10 16 6 77
10 5 16 6 77
5 10 7 15 133
10 5 7 15 133
5 10 15 7 133
10 5 15 7 133
5 10 8 14 199
10 5 8 14 199
5 10 14 8 199
10 5 14 8 199
5 10 9 13 266
10 5 9 13 266
5 10 13 9 266
10 5 13 9 266
5 10 10 12 314
10 5 10 12 314
5 10 12 10 314
10 5 12 10 314
5 10 11 11 332
10 5 11 11 332
6 9 3 19 9
9 6 3 19 9
6 9 19 3 9
9 6 19 3 9
6 9 4 18 28
9 6 4 18 28
6 9 18 4 28
9 6 18 4 28
6 9 5 17 65
9 6 5 17 65
6 9 17 5 65
9 6 17 5 65
6 9 6 16 127
9 6 6 16 127
6 9 16 6 127
9 6 16 6 127
6 9 7 15 213
9 6 7 15 213
6 9 15 7 213
9 6 15 7 213
6 9 8 14 312
9 6 8 14 312
6 9 14 8 312
9 6 14 8 312
6 9 9 13 410
9 6 9 13 410
6 9 13 9 410
9 6 13 9 410
6 9 10 12 480
9 6 10 12 480
6 9 12 10 480
9 6 12 10 480
6 9 11 11 506
9 6 11 11 506
2 13 2 20 0
13 2 2 20 0
2 13 20 2 0
13 2 20 2 0
3 12 2 20 0
12 3 2 20 0
3 12 20 2 0
12 3 20 2 0
4 11 2 20 0
11 4 2 20 0
4 11 20 2 0
11 4 20 2 0
5 10 2 20 1
10 5 2 20 1
5 10 20 2 1
10 5 20 2 1
3 12 1 21 0
12 3 1 21 0
3 12 21 1 0
12 3 21 1 0
4 11 1 21 0
11 4 1 21 0
4 11 21 1 0
11 4 21 1 0
5 10 1 21 0
10 5 1 21 0
5 10 21 1 0
10 5 21 1 0
6 9 1 21 0
9 6 1 21 0
6 9 21 1 0
9 6 21 1 0
6 9 2 20 2
9 6 2 20 2
6 9 20 2 2
9 6 20 2 2
7 8 1 21 0
8 7 1 21 0
7 8 21 1 0
8 7 21 1 0
7 8 2 20 3
8 7 2 20 3
7 8 20 2 3
8 7 20 2 3
7 8 3 19 13
8 7 3 19 13
7 8 19 3 13
8 7 19 3 13
7 8 4 18 38
8 7 4 18 38
7 8 18 4 38
8 7 18 4 38
7 8 5 17 86
8 7 5 17 86
7 8 17 5 86
8 7 17 5 86
7 8 6 16 164
8 7 6 16 164
7 8 16 6 164
8 7 16 6 164
7 8 7 15 270
8 7 7 15 270
7 8 15 7 270
8 7 15 7 270
7 8 8 14 391
8 7 8 14 391
7 8 14 8 391
8 7 14 8 391
7 8 9 13 509
8 7 9 13 509
7 8 13 9 509
8 7 13 9 509
7 8 10 12 593
8 7 10 12 593
7 8 12 10 593
8 7 12 10 593
7 8 11 11 624
8 7 11 11 624
6 9 0 22 0
9 6 0 22 0
6 9 22 0 0
9 6 22 0 0
7 8 0 22 0
8 7 0 22 0
7 8 22 0 0
8 7 22 0 0
