3 24 13 25 0
24 3 13 25 0
3 24 25 13 0
24 3 25 13 0
3 24 14 24 0
24 3 14 24 0
3 24 24 14 0
24 3 24 14 0
3 24 15 23 0
24 3 15 23 0
3 24 23 15 0
24 3 23 15 0
3 24 16 22 0
24 3 16 22 0
3 24 22 16 0
24 3 22 16 0
3 24 17 21 0
24 3 17 21 0
3 24 21 17 0
24 3 21 17 0
3 24 18 20 0
24 3 18 20 0
3 24 20 18 0
24 3 20 18 0
3 24 19 19 0
24 3 19 19 0
4 23 13 25 0
23 4 13 25 0
4 23 25 13 0
23 4 25 13 0
4 23 14 24 0
23 4 14 24 0
4 23 24 14 0
23 4 24 14 0
4 23 15 23 0
23 4 15 23 0
4 23 23 15 0
23 4 23 15 0
4 23 16 22 0
23 4 16 22 0
4 23 22 16 0
23 4 22 16 0
4 23 17 21 0
23 4 17 21 0
4 23 21 17 0
23 4 21 17 0
4 23 18 20 0
23 4 18 20 0
4 23 20 18 0
23 4 20 18 0
4 23 19 19 0
23 4 19 19 0
5 22 13 25 0
22 5 13 25 0
5 22 25 13 0
22 5 25 13 0
5 22 14 24 0
22 5 14 24 0
5 22 24 14 0
22 5 24 14 0
5 22 15 23 0
22 5 15 23 0
5 22 23 15 0
22 5 23 15 0
5 22 16 22 1
22 5 16 22 1
5 22 22 16 1
22 5 22 16 1
5 22 17 21 2
22 5 17 21 2
5 22 21 17 2
22 5 21 17 2
5 22 18 20 3
22 5 18 20 3
5 22 20 18 3
22 5 20 18 3
5 22 19 19 4
22 5 19 19 4
6 21 13 25 1
21 6 13 25 1
6 21 25 13 1
21 6 25 13 1
6 21 14 24 3
21 6 14 24 3
6 21 24 14 3
21 6 24 14 3
6 21 15 23 8
21 6 15 23 8
6 21 23 15 8
21 6 23 15 8
6 21 16 22 16
21 6 16 22 16
6 21 22 16 16
21 6 22 16 16
6 21 17 21 25
21 6 17 21 25
6 21 21 17 25
21 6 21 17 25
6 21 18 20 32
21 6 18 20 32
6 21 20 18 32
21 6 20 18 32
6 21 19 19 36
21 6 19 19 36
4 23 11 27 0
23 4 11 27 0
4 23 27 11 0
23 4 27 11 0
4 23 12 26 0
23 4 12 26 0
4 23 26 12 0
23 4 26 12 0
5 22 11 27 0
22 5 11 27 0
5 22 27 11 0
22 5 27 11 0
5 22 12 26 0
22 5 12 26 0
5 22 26 12 0
22 5 26 12 0
6 21 11 27 0
21 6 11 27 0
6 21 27 11 0
21 6 27 11 0
6 21 12 26 0
21 6 12 26 0
6 21 26 12 0
21 6 26 12 0
7 20 11 27 0
20 7 11 27 0
7 20 27 11 0
20 7 27 11 0
7 20 12 26 2
20 7 12 26 2
7 20 26 12 2
20 7 26 12 2
7 20 13 25 9
20 7 13 25 9
7 20 25 13 9
20 7 25 13 9
7 20 14 24 24
20 7 14 24 24
7 20 24 14 24
20 7 24 14 24
7 20 15 23 51
20 7 15 23 51
7 20 23 15 51
20 7 23 15 51
7 20 16 22 88
20 7 16 22 88
7 20 22 16 88
20 7 22 16 88
7 20 17 21 127
20 7 17 21 127
7 20 21 17 127
20 7 21 17 127
7 20 18 20 157
20 7 18 20 157
7 20 20 18 157
20 7 20 18 157
7 20 19 19 170
20 7 19 19 170
8 19 11 27 4
19 8 11 27 4
8 19 27 11 4
19 8 27 11 4
8 19 12 26 16
19 8 12 26 16
8 19 26 12 16
19 8 26 12 16
8 19 13 25 47
19 8 13 25 47
8 19 25 13 47
19 8 25 13 47
8 19 14 24 105
19 8 14 24 105
8 19 24 14 105
19 8 24 14 105
8 19 15 23 197
19 8 15 23 197
8 19 23 15 197
19 8 23 15 197
8 19 16 22 314
19 8 16 22 314
8 19 22 16 314
19 8 22 16 314
8 19 17 21 433
19 8 17 21 433
8 19 21 17 433
19 8 21 17 433
8 19 18 20 522
19 8 18 20 522
8 19 20 18 522
19 8 20 18 522
8 19 19 19 558
19 8 19 19 558
6 21 10 28 0
21 6 10 28 0
6 21 28 10 0
21 6 28 10 0
7 20 10 28 0
20 7 10 28 0
7 20 28 10 0
20 7 28 10 0
8 19 10 28 1
19 8 10 28 1
8 19 28 10 1
19 8 28 10 1
9 18 10 28 4
18 9 10 28 4
9 18 28 10 4
18 9 28 10 4
9 18 11 27 18
18 9 11 27 18
9 18 27 11 18
18 9 27 11 18
9 18 12 26 59
18 9 12 26 59
9 18 26 12 59
18 9 26 12 59
9 18 13 25 149
18 9 13 25 149
9 18 25 13 149
18 9 25 13 149
9 18 14 24 306
18 9 14 24 306
9 18 24 14 306
18 9 24 14 306
9 18 15 23 537
18 9 15 23 537
9 18 23 15 537
18 9 23 15 537
9 18 16 22 818
18 9 16 22 818
9 18 22 16 818
18 9 22 16 818
9 18 17 21 1096
18 9 17 21 1096
9 18 21 17 1096
18 9 21 17 1096
9 18 18 20 1301
18 9 18 20 1301
9 18 20 18 1301
18 9 20 18 1301
9 18 19 19 1380
18 9 19 19 1380
10 17 11 27 53
17 10 11 27 53
10 17 27 11 53
17 10 27 11 53
10 17 12 26 151
17 10 12 26 151
10 17 26 12 151
17 10 26 12 151
10 17 13 25 349
17 10 13 25 349
10 17 25 13 349
17 10 25 13 349
10 17 14 24 676
17 10 14 24 676
10 17 24 14 676
17 10 24 14 676
10 17 15 23 1137
17 10 15 23 1137
10 17 23 15 1137
17 10 23 15 1137
10 17 16 22 1680
17 10 16 22 1680
10 17 22 16 1680
17 10 22 16 1680
10 17 17 21 2208
17 10 17 21 2208
10 17 21 17 2208
17 10 21 17 2208
10 17 18 20 2592
17 10 18 20 2592
10 17 20 18 2592
17 10 20 18 2592
10 17 19 19 2738
17 10 19 19 2738
11 16 11 27 112
16 11 11 27 112
11 16 27 11 112
16 11 27 11 112
11 16 12 26 293
16 11 12 26 293
11 16 26 12 293
16 11 26 12 293
11 16 13 25 639
16 11 13 25 639
11 16 25 13 639
16 11 25 13 639
11 16 14 24 1191
16 11 14 24 1191
11 16 24 14 1191
16 11 24 14 1191
11 16 15 23 1947
16 11 15 23 1947
11 16 23 15 1947
16 11 23 15 1947
11 16 16 22 2821
16 11 16 22 2821
11 16 22 16 2821
16 11 22 16 2821
11 16 17 21 3658
16 11 17 21 3658
11 16 21 17 3658
16 11 21 17 3658
11 16 18 20 4263
16 11 18 20 4263
11 16 20 18 4263
16 11 20 18 4263
11 16 19 19 4490
16 11 19 19 4490
12 15 13 25 939
15 12 13 25 939
12 15 25 13 939
15 12 25 13 939
12 15 14 24 1712
15 12 14 24 1712
12 15 24 14 1712
15 12 24 14 1712
12 15 15 23 2753
15 12 15 23 2753
12 15 23 15 2753
15 12 23 15 2753
12 15 16 22 3942
15 12 16 22 3942
12 15 22 16 3942
15 12 22 16 3942
12 15 17 21 5071
15 12 17 21 5071
12 15 21 17 5071
15 12 21 17 5071
12 15 18 20 5883
15 12 18 20 5883
12 15 20 18 5883
15 12 20 18 5883
12 15 19 19 6186
15 12 19 19 6186
5 22 9 29 0
22 5 9 29 0
5 22 29 9 0
22 5 29 9 0
5 22 10 28 0
22 5 10 28 0
5 22 28 10 0
22 5 28 10 0
6 21 9 29 0
21 6 9 29 0
6 21 29 9 0
21 6 29 9 0
7 20 9 29 0
20 7 9 29 0
7 20 29 9 0
20 7 29 9 0
8 19 9 29 0
19 8 9 29 0
8 19 29 9 0
19 8 29 9 0
9 18 9 29 0
18 9 9 29 0
9 18 29 9 0
18 9 29 9 0
6 21 8 30 0
21 6 8 30 0
6 21 30 8 0
21 6 30 8 0
7 20 8 30 0
20 7 8 30 0
7 20 30 8 0
20 7 30 8 0
8 19 8 30 0
19 8 8 30 0
8 19 30 8 0
19 8 30 8 0
9 18 8 30 0
18 9 8 30 0
9 18 30 8 0
18 9 30 8 0
7 20 7 31 0
20 7 7 31 0
7 20 31 7 0
20 7 31 7 0
8 19 7 31 0
19 8 7 31 0
8 19 31 7 0
19 8 31 7 0
9 18 7 31 0
18 9 7 31 0
9 18 31 7 0
18 9 31 7 0
10 17 7 31 0
17 10 7 31 0
10 17 31 7 0
17 10 31 7 0
10 17 8 30 0
17 10 8 30 0
10 17 30 8 0
17 10 30 8 0
10 17 9 29 2
17 10 9 29 2
10 17 29 9 2
17 10 29 9 2
10 17 10 28 14
17 10 10 28 14
10 17 28 10 14
17 10 28 10 14
11 16 8 30 1
16 11 8 30 1
11 16 30 8 1
16 11 30 8 1
11 16 9 29 7
16 11 9 29 7
11 16 29 9 7
16 11 29 9 7
11 16 10 28 34
16 11 10 28 34
11 16 28 10 34
16 11 28 10 34
11 16 7 31 0
16 11 7 31 0
11 16 31 7 0
16 11 31 7 0
12 15 7 31 0
15 12 7 31 0
12 15 31 7 0
15 12 31 7 0
12 15 8 30 2
15 12 8 30 2
12 15 30 8 2
15 12 30 8 2
12 15 9 29 13
15 12 9 29 13
12 15 29 9 13
15 12 29 9 13
12 15 10 28 57
15 12 10 28 57
12 15 28 10 57
15 12 28 10 57
12 15 11 27 177
15 12 11 27 177
12 15 27 11 177
15 12 27 11 177
12 15 12 26 444
15 12 12 26 444
12 15 26 12 444
15 12 26 12 444
13 14 9 29 18
14 13 9 29 18
13 14 29 9 18
14 13 29 9 18
13 14 10 28 74
14 13 10 28 74
13 14 28 10 74
14 13 28 10 74
13 14 11 27 222
14 13 11 27 222
13 14 27 11 222
14 13 27 11 222
13 14 12 26 545
14 13 12 26 545
13 14 26 12 545
14 13 26 12 545
13 14 13 25 1135
14 13 13 25 1135
13 14 25 13 1135
14 13 25 13 1135
13 14 14 24 2047
14 13 14 24 2047
13 14 24 14 2047
14 13 24 14 2047
13 14 15 23 3266
14 13 15 23 3266
13 14 23 15 3266
14 13 23 15 3266
13 14 16 22 4650
14 13 16 22 4650
13 14 22 16 4650
14 13 22 16 4650
13 14 17 21 5958
14 13 17 21 5958
13 14 21 17 5958
14 13 21 17 5958
13 14 18 20 6897
14 13 18 20 6897
13 14 20 18 6897
14 13 20 18 6897
13 14 19 19 7246
14 13 19 19 7246
13 14 8 30 3
14 13 8 30 3
13 14 30 8 3
14 13 30 8 3
8 19 6 32 0
19 8 6 32 0
8 19 32 6 0
19 8 32 6 0
9 18 6 32 0
18 9 6 32 0
9 18 32 6 0
18 9 32 6 0
10 17 6 32 0
17 10 6 32 0
10 17 32 6 0
17 10 32 6 0
11 16 6 32 0
16 11 6 32 0
11 16 32 6 0
16 11 32 6 0
9 18 5 33 0
18 9 5 33 0
9 18 33 5 0
18 9 33 5 0
10 17 5 33 0
17 10 5 33 0
10 17 33 5 0
17 10 33 5 0
11 16 5 33 0
16 11 5 33 0
11 16 33 5 0
16 11 33 5 0
12 15 5 33 0
15 12 5 33 0
12 15 33 5 0
15 12 33 5 0
12 15 6 32 0
15 12 6 32 0
12 15 32 6 0
15 12 32 6 0
13 14 5 33 0
14 13 5 33 0
13 14 33 5 0
14 13 33 5 0
13 14 6 32 0
14 13 6 32 0
13 14 32 6 0
14 13 32 6 0
13 14 7 31 0
14 13 7 31 0
13 14 31 7 0
14 13 31 7 0
12 15 4 34 0
15 12 4 34 0
12 15 34 4 0
15 12 34 4 0
13 14 4 34 0
14 13 4 34 0
13 14 34 4 0
14 13 34 4 0
