0 12 3 15 0
12 0 3 15 0
0 12 15 3 0
12 0 15 3 0
0 12 4 14 0
12 0 4 14 0
0 12 14 4 0
12 0 14 4 0
0 12 5 13 0
12 0 5 13 0
0 12 13 5 0
12 0 13 5 0
0 12 6 12 0
12 0 6 12 0
0 12 12 6 0
12 0 12 6 0
0 12 7 11 0
12 0 7 11 0
0 12 11 7 0
12 0 11 7 0
0 12 8 10 0
12 0 8 10 0
0 12 10 8 0
12 0 10 8 0
0 12 9 9 1
12 0 9 9 1
1 11 3 15 0
11 1 3 15 0
1 11 15 3 0
11 1 15 3 0
1 11 4 14 0
11 1 4 14 0
1 11 14 4 0
11 1 14 4 0
1 11 5 13 0
11 1 5 13 0
1 11 13 5 0
11 1 13 5 0
1 11 6 12 1
11 1 6 12 1
1 11 12 6 1
11 1 12 6 1
1 11 7 11 2
11 1 7 11 2
1 11 11 7 2
11 1 11 7 2
1 11 8 10 3
11 1 8 10 3
1 11 10 8 3
11 1 10 8 3
1 11 9 9 4
11 1 9 9 4
2 10 3 15 1
10 2 3 15 1
2 10 15 3 1
10 2 15 3 1
2 10 4 14 2
10 2 4 14 2
2 10 14 4 2
10 2 14 4 2
2 10 5 13 5
10 2 5 13 5
2 10 13 5 5
10 2 13 5 5
2 10 6 12 8
10 2 6 12 8
2 10 12 6 8
10 2 12 6 8
2 10 7 11 13
10 2 7 11 13
2 10 11 7 13
10 2 11 7 13
2 10 8 10 15
10 2 8 10 15
2 10 10 8 15
10 2 10 8 15
2 10 9 9 18
10 2 9 9 18
3 9 3 15 4
9 3 3 15 4
3 9 15 3 4
9 3 15 3 4
3 9 4 14 9
9 3 4 14 9
3 9 14 4 9
9 3 14 4 9
3 9 5 13 17
9 3 5 13 17
3 9 13 5 17
9 3 13 5 17
3 9 6 12 27
9 3 6 12 27
3 9 12 6 27
9 3 12 6 27
3 9 7 11 37
9 3 7 11 37
3 9 11 7 37
9 3 11 7 37
3 9 8 10 44
9 3 8 10 44
3 9 10 8 44
9 3 10 8 44
3 9 9 9 48
9 3 9 9 48
1 11 1 17 0
11 1 1 17 0
1 11 17 1 0
11 1 17 1 0
1 11 2 16 0
11 1 2 16 0
1 11 16 2 0
11 1 16 2 0
2 10 1 17 0
10 2 1 17 0
2 10 17 1 0
10 2 17 1 0
2 10 2 16 0
10 2 2 16 0
2 10 16 2 0
10 2 16 2 0
3 9 1 17 0
9 3 1 17 0
3 9 17 1 0
9 3 17 1 0
3 9 2 16 1
9 3 2 16 1
3 9 16 2 1
9 3 16 2 1
4 8 1 17 1
8 4 1 17 1
4 8 17 1 1
8 4 17 1 1
4 8 2 16 4
8 4 2 16 4
4 8 16 2 4
8 4 16 2 4
4 8 3 15 11
8 4 3 15 11
4 8 15 3 11
8 4 15 3 11
4 8 4 14 22
8 4 4 14 22
4 8 14 4 22
8 4 14 4 22
4 8 5 13 39
8 4 5 13 39
4 8 13 5 39
8 4 13 5 39
4 8 6 12 56
8 4 6 12 56
4 8 12 6 56
8 4 12 6 56
4 8 7 11 75
8 4 7 11 75
4 8 11 7 75
8 4 11 7 75
4 8 8 10 86
8 4 8 10 86
4 8 10 8 86
8 4 10 8 86
4 8 9 9 93
8 4 9 9 93
5 7 1 17 2
7 5 1 17 2
5 7 17 1 2
7 5 17 1 2
5 7 2 16 8
7 5 2 16 8
5 7 16 2 8
7 5 16 2 8
5 7 3 15 19
7 5 3 15 19
5 7 15 3 19
7 5 15 3 19
5 7 4 14 37
7 5 4 14 37
5 7 14 4 37
7 5 14 4 37
5 7 5 13 61
7 5 5 13 61
5 7 13 5 61
7 5 13 5 61
5 7 6 12 87
7 5 6 12 87
5 7 12 6 87
7 5 12 6 87
5 7 7 11 112
7 5 7 11 112
5 7 11 7 112
7 5 11 7 112
5 7 8 10 129
7 5 8 10 129
5 7 10 8 129
7 5 10 8 129
5 7 9 9 136
7 5 9 9 136
6 6 1 17 2
6 6 17 1 2
6 6 2 16 8
6 6 16 2 8
6 6 3 15 21
6 6 15 3 21
6 6 4 14 40
6 6 14 4 40
6 6 5 13 68
6 6 13 5 68
6 6 6 12 96
6 6 12 6 96
6 6 7 11 125
6 6 11 7 125
6 6 8 10 142
6 6 10 8 142
6 6 9 9 152
3 9 0 18 0
9 3 0 18 0
3 9 18 0 0
9 3 18 0 0
4 8 0 18 0
8 4 0 18 0
4 8 18 0 0
8 4 18 0 0
5 7 0 18 0
7 5 0 18 0
5 7 18 0 0
7 5 18 0 0
6 6 0 18 0
6 6 18 0 0
