5 28 20 26 0
28 5 20 26 0
5 28 26 20 0
28 5 26 20 0
5 28 21 25 0
28 5 21 25 0
5 28 25 21 0
28 5 25 21 0
5 28 22 24 0
28 5 22 24 0
5 28 24 22 0
28 5 24 22 0
5 28 23 23 0
28 5 23 23 0
6 27 20 26 0
27 6 20 26 0
6 27 26 20 0
27 6 26 20 0
6 27 21 25 0
27 6 21 25 0
6 27 25 21 0
27 6 25 21 0
6 27 22 24 0
27 6 22 24 0
6 27 24 22 0
27 6 24 22 0
6 27 23 23 0
27 6 23 23 0
7 26 20 26 0
26 7 20 26 0
7 26 26 20 0
26 7 26 20 0
7 26 21 25 0
26 7 21 25 0
7 26 25 21 0
26 7 25 21 0
7 26 22 24 0
26 7 22 24 0
7 26 24 22 0
26 7 24 22 0
7 26 23 23 0
26 7 23 23 0
8 25 20 26 1
25 8 20 26 1
8 25 26 20 1
25 8 26 20 1
8 25 21 25 2
25 8 21 25 2
8 25 25 21 2
25 8 25 21 2
8 25 22 24 3
25 8 22 24 3
8 25 24 22 3
25 8 24 22 3
8 25 23 23 3
25 8 23 23 3
6 27 16 30 0
27 6 16 30 0
6 27 30 16 0
27 6 30 16 0
6 27 17 29 0
27 6 17 29 0
6 27 29 17 0
27 6 29 17 0
6 27 18 28 0
27 6 18 28 0
6 27 28 18 0
27 6 28 18 0
6 27 19 27 0
27 6 19 27 0
6 27 27 19 0
27 6 27 19 0
7 26 16 30 0
26 7 16 30 0
7 26 30 16 0
26 7 30 16 0
7 26 17 29 0
26 7 17 29 0
7 26 29 17 0
26 7 29 17 0
7 26 18 28 0
26 7 18 28 0
7 26 28 18 0
26 7 28 18 0
7 26 19 27 0
26 7 19 27 0
7 26 27 19 0
26 7 27 19 0
8 25 16 30 0
25 8 16 30 0
8 25 30 16 0
25 8 30 16 0
8 25 17 29 0
25 8 17 29 0
8 25 29 17 0
25 8 29 17 0
8 25 18 28 0
25 8 18 28 0
8 25 28 18 0
25 8 28 18 0
8 25 19 27 0
25 8 19 27 0
8 25 27 19 0
25 8 27 19 0
9 24 16 30 0
24 9 16 30 0
9 24 30 16 0
24 9 30 16 0
9 24 17 29 1
24 9 17 29 1
9 24 29 17 1
24 9 29 17 1
9 24 18 28 3
24 9 18 28 3
9 24 28 18 3
24 9 28 18 3
9 24 19 27 7
24 9 19 27 7
9 24 27 19 7
24 9 27 19 7
9 24 20 26 14
24 9 20 26 14
9 24 26 20 14
24 9 26 20 14
9 24 21 25 22
24 9 21 25 22
9 24 25 21 22
24 9 25 21 22
9 24 22 24 29
24 9 22 24 29
9 24 24 22 29
24 9 24 22 29
9 24 23 23 31
24 9 23 23 31
10 23 16 30 1
23 10 16 30 1
10 23 30 16 1
23 10 30 16 1
10 23 17 29 6
23 10 17 29 6
10 23 29 17 6
23 10 29 17 6
10 23 18 28 19
23 10 18 28 19
10 23 28 18 19
23 10 28 18 19
10 23 19 27 41
23 10 19 27 41
10 23 27 19 41
23 10 27 19 41
10 23 20 26 73
23 10 20 26 73
10 23 26 20 73
23 10 26 20 73
10 23 21 25 107
23 10 21 25 107
10 23 25 21 107
23 10 25 21 107
10 23 22 24 135
23 10 22 24 135
10 23 24 22 135
23 10 24 22 135
10 23 23 23 144
23 10 23 23 144
7 26 14 32 0
26 7 14 32 0
7 26 32 14 0
26 7 32 14 0
7 26 15 31 0
26 7 15 31 0
7 26 31 15 0
26 7 31 15 0
8 25 14 32 0
25 8 14 32 0
8 25 32 14 0
25 8 32 14 0
8 25 15 31 0
25 8 15 31 0
8 25 31 15 0
25 8 31 15 0
9 24 14 32 0
24 9 14 32 0
9 24 32 14 0
24 9 32 14 0
9 24 15 31 0
24 9 15 31 0
9 24 31 15 0
24 9 31 15 0
10 23 14 32 0
23 10 14 32 0
10 23 32 14 0
23 10 32 14 0
10 23 15 31 0
23 10 15 31 0
10 23 31 15 0
23 10 31 15 0
8 25 13 33 0
25 8 13 33 0
8 25 33 13 0
25 8 33 13 0
9 24 13 33 0
24 9 13 33 0
9 24 33 13 0
24 9 33 13 0
10 23 13 33 0
23 10 13 33 0
10 23 33 13 0
23 10 33 13 0
11 22 13 33 0
22 11 13 33 0
11 22 33 13 0
22 11 33 13 0
11 22 14 32 0
22 11 14 32 0
11 22 32 14 0
22 11 32 14 0
11 22 15 31 2
22 11 15 31 2
11 22 31 15 2
22 11 31 15 2
11 22 16 30 10
22 11 16 30 10
11 22 30 16 10
22 11 30 16 10
11 22 17 29 33
22 11 17 29 33
11 22 29 17 33
22 11 29 17 33
11 22 18 28 81
22 11 18 28 81
11 22 28 18 81
22 11 28 18 81
11 22 19 27 157
22 11 19 27 157
11 22 27 19 157
22 11 27 19 157
11 22 20 26 257
22 11 20 26 257
11 22 26 20 257
22 11 26 20 257
11 22 21 25 360
22 11 21 25 360
11 22 25 21 360
22 11 25 21 360
11 22 22 24 440
22 11 22 24 440
11 22 24 22 440
22 11 24 22 440
11 22 23 23 468
22 11 23 23 468
12 21 14 32 1
21 12 14 32 1
12 21 32 14 1
21 12 32 14 1
12 21 15 31 10
21 12 15 31 10
12 21 31 15 10
21 12 31 15 10
12 21 16 30 39
21 12 16 30 39
12 21 30 16 39
21 12 30 16 39
12 21 17 29 107
21 12 17 29 107
12 21 29 17 107
21 12 29 17 107
12 21 18 28 235
21 12 18 28 235
12 21 28 18 235
21 12 28 18 235
12 21 19 27 426
21 12 19 27 426
12 21 27 19 426
21 12 27 19 426
12 21 20 26 666
21 12 20 26 666
12 21 26 20 666
21 12 26 20 666
12 21 21 25 905
21 12 21 25 905
12 21 25 21 905
21 12 25 21 905
12 21 22 24 1087
21 12 22 24 1087
12 21 24 22 1087
21 12 24 22 1087
12 21 23 23 1151
21 12 23 23 1151
9 24 12 34 0
24 9 12 34 0
9 24 34 12 0
24 9 34 12 0
10 23 12 34 0
23 10 12 34 0
10 23 34 12 0
23 10 34 12 0
11 22 12 34 0
22 11 12 34 0
11 22 34 12 0
22 11 34 12 0
12 21 12 34 0
21 12 12 34 0
12 21 34 12 0
21 12 34 12 0
12 21 13 33 0
21 12 13 33 0
12 21 33 13 0
21 12 33 13 0
13 20 12 34 0
20 13 12 34 0
13 20 34 12 0
20 13 34 12 0
13 20 13 33 1
20 13 13 33 1
13 20 33 13 1
20 13 33 13 1
13 20 14 32 7
20 13 14 32 7
13 20 32 14 7
20 13 32 14 7
13 20 15 31 33
20 13 15 31 33
13 20 31 15 33
20 13 31 15 33
13 20 16 30 104
20 13 16 30 104
13 20 30 16 104
20 13 30 16 104
13 20 17 29 256
20 13 17 29 256
13 20 29 17 256
20 13 29 17 256
13 20 18 28 522
20 13 18 28 522
13 20 28 18 522
20 13 28 18 522
13 20 19 27 904
20 13 19 27 904
13 20 27 19 904
20 13 27 19 904
13 20 20 26 1367
20 13 20 26 1367
13 20 26 20 1367
20 13 26 20 1367
13 20 21 25 1820
20 13 21 25 1820
13 20 25 21 1820
20 13 25 21 1820
13 20 22 24 2158
20 13 22 24 2158
13 20 24 22 2158
20 13 24 22 2158
13 20 23 23 2279
20 13 23 23 2279
14 19 14 32 18
19 14 14 32 18
14 19 32 14 18
19 14 32 14 18
14 19 15 31 71
19 14 15 31 71
14 19 31 15 71
19 14 31 15 71
14 19 16 30 204
19 14 16 30 204
14 19 30 16 204
19 14 30 16 204
14 19 17 29 472
19 14 17 29 472
14 19 29 17 472
19 14 29 17 472
14 19 18 28 921
19 14 18 28 921
14 19 28 18 921
19 14 28 18 921
14 19 19 27 1548
19 14 19 27 1548
14 19 27 19 1548
19 14 27 19 1548
14 19 20 26 2291
19 14 20 26 2291
14 19 26 20 2291
19 14 26 20 2291
14 19 21 25 3008
19 14 21 25 3008
14 19 25 21 3008
19 14 25 21 3008
14 19 22 24 3538
19 14 22 24 3538
14 19 24 22 3538
19 14 24 22 3538
14 19 23 23 3728
19 14 23 23 3728
14 19 12 34 0
19 14 12 34 0
14 19 34 12 0
19 14 34 12 0
14 19 13 33 3
19 14 13 33 3
14 19 33 13 3
19 14 33 13 3
15 18 13 33 6
18 15 13 33 6
15 18 33 13 6
18 15 33 13 6
15 18 14 32 32
18 15 14 32 32
15 18 32 14 32
18 15 32 14 32
15 18 15 31 115
18 15 15 31 115
15 18 31 15 115
18 15 31 15 115
15 18 16 30 313
18 15 16 30 313
15 18 30 16 313
18 15 30 16 313
15 18 17 29 698
18 15 17 29 698
15 18 29 17 698
18 15 29 17 698
15 18 18 28 1327
18 15 18 28 1327
15 18 28 18 1327
18 15 28 18 1327
15 18 19 27 2191
18 15 19 27 2191
15 18 27 19 2191
18 15 27 19 2191
15 18 20 26 3201
18 15 20 26 3201
15 18 26 20 3201
18 15 26 20 3201
15 18 21 25 4168
18 15 21 25 4168
15 18 25 21 4168
18 15 25 21 4168
15 18 22 24 4877
18 15 22 24 4877
15 18 24 22 4877
18 15 24 22 4877
15 18 23 23 5132
18 15 23 23 5132
16 17 16 30 387
17 16 16 30 387
16 17 30 16 387
17 16 30 16 387
16 17 17 29 847
17 16 17 29 847
16 17 29 17 847
17 16 29 17 847
16 17 18 28 1590
17 16 18 28 1590
16 17 28 18 1590
17 16 28 18 1590
16 17 19 27 2601
17 16 19 27 2601
16 17 27 19 2601
17 16 27 19 2601
16 17 20 26 3777
17 16 20 26 3777
16 17 26 20 3777
17 16 26 20 3777
16 17 21 25 4897
17 16 21 25 4897
16 17 25 21 4897
17 16 25 21 4897
16 17 22 24 5716
17 16 22 24 5716
16 17 24 22 5716
17 16 24 22 5716
16 17 23 23 6010
17 16 23 23 6010
16 17 14 32 43
17 16 14 32 43
16 17 32 14 43
17 16 32 14 43
16 17 15 31 146
17 16 15 31 146
16 17 31 15 146
17 16 31 15 146
10 23 10 36 0
23 10 10 36 0
10 23 36 10 0
23 10 36 10 0
10 23 11 35 0
23 10 11 35 0
10 23 35 11 0
23 10 35 11 0
11 22 10 36 0
22 11 10 36 0
11 22 36 10 0
22 11 36 10 0
11 22 11 35 0
22 11 11 35 0
11 22 35 11 0
22 11 35 11 0
12 21 10 36 0
21 12 10 36 0
12 21 36 10 0
21 12 36 10 0
12 21 11 35 0
21 12 11 35 0
12 21 35 11 0
21 12 35 11 0
13 20 10 36 0
20 13 10 36 0
13 20 36 10 0
20 13 36 10 0
13 20 11 35 0
20 13 11 35 0
13 20 35 11 0
20 13 35 11 0
14 19 10 36 0
19 14 10 36 0
14 19 36 10 0
19 14 36 10 0
14 19 11 35 0
19 14 11 35 0
14 19 35 11 0
19 14 35 11 0
15 18 12 34 0
18 15 12 34 0
15 18 34 12 0
18 15 34 12 0
12 21 9 37 0
21 12 9 37 0
12 21 37 9 0
21 12 37 9 0
13 20 9 37 0
20 13 9 37 0
13 20 37 9 0
20 13 37 9 0
14 19 9 37 0
19 14 9 37 0
14 19 37 9 0
19 14 37 9 0
15 18 9 37 0
18 15 9 37 0
15 18 37 9 0
18 15 37 9 0
15 18 10 36 0
18 15 10 36 0
15 18 36 10 0
18 15 36 10 0
15 18 11 35 0
18 15 11 35 0
15 18 35 11 0
18 15 35 11 0
16 17 10 36 0
17 16 10 36 0
16 17 36 10 0
17 16 36 10 0
16 17 11 35 0
17 16 11 35 0
16 17 35 11 0
17 16 35 11 0
16 17 12 34 1
17 16 12 34 1
16 17 34 12 1
17 16 34 12 1
16 17 13 33 9
17 16 13 33 9
16 17 33 13 9
17 16 33 13 9
13 20 8 38 0
20 13 8 38 0
13 20 38 8 0
20 13 38 8 0
14 19 8 38 0
19 14 8 38 0
14 19 38 8 0
19 14 38 8 0
15 18 8 38 0
18 15 8 38 0
15 18 38 8 0
18 15 38 8 0
16 17 8 38 0
17 16 8 38 0
16 17 38 8 0
17 16 38 8 0
16 17 9 37 0
17 16 9 37 0
16 17 37 9 0
17 16 37 9 0
