4 28 16 24 0
28 4 16 24 0
4 28 24 16 0
28 4 24 16 0
4 28 17 23 0
28 4 17 23 0
4 28 23 17 0
28 4 23 17 0
4 28 18 22 0
28 4 18 22 0
4 28 22 18 0
28 4 22 18 0
4 28 19 21 0
28 4 19 21 0
4 28 21 19 0
28 4 21 19 0
4 28 20 20 0
28 4 20 20 0
5 27 16 24 0
27 5 16 24 0
5 27 24 16 0
27 5 24 16 0
5 27 17 23 0
27 5 17 23 0
5 27 23 17 0
27 5 23 17 0
5 27 18 22 0
27 5 18 22 0
5 27 22 18 0
27 5 22 18 0
5 27 19 21 0
27 5 19 21 0
5 27 21 19 0
27 5 21 19 0
5 27 20 20 0
27 5 20 20 0
6 26 16 24 0
26 6 16 24 0
6 26 24 16 0
26 6 24 16 0
6 26 17 23 0
26 6 17 23 0
6 26 23 17 0
26 6 23 17 0
6 26 18 22 0
26 6 18 22 0
6 26 22 18 0
26 6 22 18 0
6 26 19 21 0
26 6 19 21 0
6 26 21 19 0
26 6 21 19 0
6 26 20 20 0
26 6 20 20 0
7 25 16 24 0
25 7 16 24 0
7 25 24 16 0
25 7 24 16 0
7 25 17 23 1
25 7 17 23 1
7 25 23 17 1
25 7 23 17 1
7 25 18 22 2
25 7 18 22 2
7 25 22 18 2
25 7 22 18 2
7 25 19 21 3
25 7 19 21 3
7 25 21 19 3
25 7 21 19 3
7 25 20 20 3
25 7 20 20 3
8 24 16 24 7
24 8 16 24 7
8 24 24 16 7
24 8 24 16 7
8 24 17 23 14
24 8 17 23 14
8 24 23 17 14
24 8 23 17 14
8 24 18 22 22
24 8 18 22 22
8 24 22 18 22
24 8 22 18 22
8 24 19 21 28
24 8 19 21 28
8 24 21 19 28
24 8 21 19 28
8 24 20 20 31
24 8 20 20 31
9 23 16 24 45
23 9 16 24 45
9 23 24 16 45
23 9 24 16 45
9 23 17 23 78
23 9 17 23 78
9 23 23 17 78
23 9 23 17 78
9 23 18 22 112
23 9 18 22 112
9 23 22 18 112
23 9 22 18 112
9 23 19 21 139
23 9 19 21 139
9 23 21 19 139
23 9 21 19 139
9 23 20 20 149
23 9 20 20 149
5 27 13 27 0
27 5 13 27 0
5 27 27 13 0
27 5 27 13 0
5 27 14 26 0
27 5 14 26 0
5 27 26 14 0
27 5 26 14 0
5 27 15 25 0
27 5 15 25 0
5 27 25 15 0
27 5 25 15 0
6 26 13 27 0
26 6 13 27 0
6 26 27 13 0
26 6 27 13 0
6 26 14 26 0
26 6 14 26 0
6 26 26 14 0
26 6 26 14 0
6 26 15 25 0
26 6 15 25 0
6 26 25 15 0
26 6 25 15 0
7 25 13 27 0
25 7 13 27 0
7 25 27 13 0
25 7 27 13 0
7 25 14 26 0
25 7 14 26 0
7 25 26 14 0
25 7 26 14 0
7 25 15 25 0
25 7 15 25 0
7 25 25 15 0
25 7 25 15 0
8 24 13 27 0
24 8 13 27 0
8 24 27 13 0
24 8 27 13 0
8 24 14 26 1
24 8 14 26 1
8 24 26 14 1
24 8 26 14 1
8 24 15 25 3
24 8 15 25 3
8 24 25 15 3
24 8 25 15 3
9 23 13 27 2
23 9 13 27 2
9 23 27 13 2
23 9 27 13 2
9 23 14 26 8
23 9 14 26 8
9 23 26 14 8
23 9 26 14 8
9 23 15 25 22
23 9 15 25 22
9 23 25 15 22
23 9 25 15 22
10 22 13 27 15
22 10 13 27 15
10 22 27 13 15
22 10 27 13 15
10 22 14 26 43
22 10 14 26 43
10 22 26 14 43
22 10 26 14 43
10 22 15 25 96
22 10 15 25 96
10 22 25 15 96
22 10 25 15 96
10 22 16 24 179
22 10 16 24 179
10 22 24 16 179
22 10 24 16 179
10 22 17 23 285
22 10 17 23 285
10 22 23 17 285
22 10 23 17 285
10 22 18 22 393
22 10 18 22 393
10 22 22 18 393
22 10 22 18 393
10 22 19 21 474
22 10 19 21 474
10 22 21 19 474
22 10 21 19 474
10 22 20 20 506
22 10 20 20 506
11 21 13 27 56
21 11 13 27 56
11 21 27 13 56
21 11 27 13 56
11 21 14 26 140
21 11 14 26 140
11 21 26 14 140
21 11 26 14 140
11 21 15 25 289
21 11 15 25 289
11 21 25 15 289
21 11 25 15 289
11 21 16 24 505
21 11 16 24 505
11 21 24 16 505
21 11 24 16 505
11 21 17 23 772
21 11 17 23 772
11 21 23 17 772
21 11 23 17 772
11 21 18 22 1033
21 11 18 22 1033
11 21 22 18 1033
21 11 22 18 1033
11 21 19 21 1229
21 11 19 21 1229
11 21 21 19 1229
21 11 21 19 1229
11 21 20 20 1301
21 11 20 20 1301
6 26 12 28 0
26 6 12 28 0
6 26 28 12 0
26 6 28 12 0
7 25 12 28 0
25 7 12 28 0
7 25 28 12 0
25 7 28 12 0
8 24 12 28 0
24 8 12 28 0
8 24 28 12 0
24 8 28 12 0
9 23 12 28 0
23 9 12 28 0
9 23 28 12 0
23 9 28 12 0
10 22 12 28 4
22 10 12 28 4
10 22 28 12 4
22 10 28 12 4
11 21 12 28 17
21 11 12 28 17
11 21 28 12 17
21 11 28 12 17
7 25 11 29 0
25 7 11 29 0
7 25 29 11 0
25 7 29 11 0
8 24 11 29 0
24 8 11 29 0
8 24 29 11 0
24 8 29 11 0
9 23 11 29 0
23 9 11 29 0
9 23 29 11 0
23 9 29 11 0
10 22 11 29 1
22 10 11 29 1
10 22 29 11 1
22 10 29 11 1
11 21 11 29 4
21 11 11 29 4
11 21 29 11 4
21 11 29 11 4
12 20 11 29 14
20 12 11 29 14
12 20 29 11 14
20 12 29 11 14
12 20 12 28 52
20 12 12 28 52
12 20 28 12 52
20 12 28 12 52
12 20 13 27 148
20 12 13 27 148
12 20 27 13 148
20 12 27 13 148
12 20 14 26 342
20 12 14 26 342
12 20 26 14 342
20 12 26 14 342
12 20 15 25 664
20 12 15 25 664
12 20 25 15 664
20 12 25 15 664
12 20 16 24 1118
20 12 16 24 1118
12 20 24 16 1118
20 12 24 16 1118
12 20 17 23 1655
20 12 17 23 1655
12 20 23 17 1655
20 12 23 17 1655
12 20 18 22 2177
20 12 18 22 2177
12 20 22 18 2177
20 12 22 18 2177
12 20 19 21 2558
20 12 19 21 2558
12 20 21 19 2558
20 12 21 19 2558
12 20 20 20 2701
20 12 20 20 2701
13 19 12 28 115
19 13 12 28 115
13 19 28 12 115
19 13 28 12 115
13 19 13 27 303
19 13 13 27 303
13 19 27 13 303
19 13 27 13 303
13 19 14 26 660
19 13 14 26 660
13 19 26 14 660
19 13 26 14 660
13 19 15 25 1235
19 13 15 25 1235
13 19 25 15 1235
19 13 25 15 1235
13 19 16 24 2018
19 13 16 24 2018
13 19 24 16 2018
19 13 24 16 2018
13 19 17 23 2930
19 13 17 23 2930
13 19 23 17 2930
19 13 23 17 2930
13 19 18 22 3799
19 13 18 22 3799
13 19 22 18 3799
19 13 22 18 3799
13 19 19 21 4433
19 13 19 21 4433
13 19 21 19 4433
19 13 21 19 4433
13 19 20 20 4665
19 13 20 20 4665
13 19 11 29 35
19 13 11 29 35
13 19 29 11 35
19 13 29 11 35
14 18 11 29 62
18 14 11 29 62
14 18 29 11 62
18 14 29 11 62
14 18 12 28 194
18 14 12 28 194
14 18 28 12 194
18 14 28 12 194
14 18 13 27 487
18 14 13 27 487
14 18 27 13 487
18 14 27 13 487
14 18 14 26 1031
18 14 14 26 1031
14 18 26 14 1031
18 14 26 14 1031
14 18 15 25 1882
18 14 15 25 1882
14 18 25 15 1882
18 14 25 15 1882
14 18 16 24 3027
18 14 16 24 3027
14 18 24 16 3027
18 14 24 16 3027
14 18 17 23 4336
18 14 17 23 4336
14 18 23 17 4336
18 14 23 17 4336
14 18 18 22 5579
18 14 18 22 5579
14 18 22 18 5579
18 14 22 18 5579
14 18 19 21 6474
18 14 19 21 6474
14 18 21 19 6474
18 14 21 19 6474
14 18 20 20 6806
18 14 20 20 6806
15 17 13 27 651
17 15 13 27 651
15 17 27 13 651
17 15 27 13 651
15 17 14 26 1346
17 15 14 26 1346
15 17 26 14 1346
17 15 26 14 1346
15 17 15 25 2424
17 15 15 25 2424
15 17 25 15 2424
17 15 25 15 2424
15 17 16 24 3853
17 15 16 24 3853
15 17 24 16 3853
17 15 24 16 3853
15 17 17 23 5481
17 15 17 23 5481
15 17 23 17 5481
17 15 23 17 5481
15 17 18 22 7011
17 15 18 22 7011
15 17 22 18 7011
17 15 22 18 7011
15 17 19 21 8116
17 15 19 21 8116
15 17 21 19 8116
17 15 21 19 8116
15 17 20 20 8518
17 15 20 20 8518
15 17 12 28 266
17 15 12 28 266
15 17 28 12 266
17 15 28 12 266
16 16 13 27 708
16 16 27 13 708
16 16 14 26 1462
16 16 26 14 1462
16 16 15 25 2622
16 16 25 15 2622
16 16 16 24 4161
16 16 24 16 4161
16 16 17 23 5904
16 16 23 17 5904
16 16 18 22 7546
16 16 22 18 7546
16 16 19 21 8724
16 16 21 19 8724
16 16 20 20 9158
7 25 10 30 0
25 7 10 30 0
7 25 30 10 0
25 7 30 10 0
8 24 10 30 0
24 8 10 30 0
8 24 30 10 0
24 8 30 10 0
9 23 10 30 0
23 9 10 30 0
9 23 30 10 0
23 9 30 10 0
10 22 10 30 0
22 10 10 30 0
10 22 30 10 0
22 10 30 10 0
11 21 10 30 0
21 11 10 30 0
11 21 30 10 0
21 11 30 10 0
12 20 10 30 2
20 12 10 30 2
12 20 30 10 2
20 12 30 10 2
8 24 9 31 0
24 8 9 31 0
8 24 31 9 0
24 8 31 9 0
9 23 9 31 0
23 9 9 31 0
9 23 31 9 0
23 9 31 9 0
10 22 9 31 0
22 10 9 31 0
10 22 31 9 0
22 10 31 9 0
11 21 9 31 0
21 11 9 31 0
11 21 31 9 0
21 11 31 9 0
12 20 9 31 0
20 12 9 31 0
12 20 31 9 0
20 12 31 9 0
13 19 9 31 1
19 13 9 31 1
13 19 31 9 1
19 13 31 9 1
13 19 10 30 7
19 13 10 30 7
13 19 30 10 7
19 13 30 10 7
14 18 10 30 14
18 14 10 30 14
14 18 30 10 14
18 14 30 10 14
9 23 8 32 0
23 9 8 32 0
9 23 32 8 0
23 9 32 8 0
10 22 8 32 0
22 10 8 32 0
10 22 32 8 0
22 10 32 8 0
11 21 8 32 0
21 11 8 32 0
11 21 32 8 0
21 11 32 8 0
12 20 8 32 0
20 12 8 32 0
12 20 32 8 0
20 12 32 8 0
13 19 8 32 0
19 13 8 32 0
13 19 32 8 0
19 13 32 8 0
14 18 8 32 0
18 14 8 32 0
14 18 32 8 0
18 14 32 8 0
14 18 9 31 2
18 14 9 31 2
14 18 31 9 2
18 14 31 9 2
15 17 8 32 0
17 15 8 32 0
15 17 32 8 0
17 15 32 8 0
15 17 9 31 4
17 15 9 31 4
15 17 31 9 4
17 15 31 9 4
15 17 10 30 22
17 15 10 30 22
15 17 30 10 22
17 15 30 10 22
15 17 11 29 90
17 15 11 29 90
15 17 29 11 90
17 15 29 11 90
16 16 10 30 24
16 16 30 10 24
16 16 11 29 98
16 16 29 11 98
16 16 12 28 291
16 16 28 12 291
16 16 8 32 0
16 16 32 8 0
16 16 9 31 4
16 16 31 9 4
10 22 7 33 0
22 10 7 33 0
10 22 33 7 0
22 10 33 7 0
11 21 7 33 0
21 11 7 33 0
11 21 33 7 0
21 11 33 7 0
12 20 7 33 0
20 12 7 33 0
12 20 33 7 0
20 12 33 7 0
13 19 7 33 0
19 13 7 33 0
13 19 33 7 0
19 13 33 7 0
14 18 7 33 0
18 14 7 33 0
14 18 33 7 0
18 14 33 7 0
15 17 7 33 0
17 15 7 33 0
15 17 33 7 0
17 15 33 7 0
16 16 7 33 0
16 16 33 7 0
12 20 6 34 0
20 12 6 34 0
12 20 34 6 0
20 12 34 6 0
13 19 6 34 0
19 13 6 34 0
13 19 34 6 0
19 13 34 6 0
14 18 6 34 0
18 14 6 34 0
14 18 34 6 0
18 14 34 6 0
15 17 6 34 0
17 15 6 34 0
15 17 34 6 0
17 15 34 6 0
16 16 6 34 0
16 16 34 6 0
