2 24 11 21 0
24 2 11 21 0
2 24 21 11 0
24 2 21 11 0
2 24 12 20 0
24 2 12 20 0
2 24 20 12 0
24 2 20 12 0
2 24 13 19 0
24 2 13 19 0
2 24 19 13 0
24 2 19 13 0
2 24 14 18 0
24 2 14 18 0
2 24 18 14 0
24 2 18 14 0
2 24 15 17 0
24 2 15 17 0
2 24 17 15 0
24 2 17 15 0
3 23 11 21 0
23 3 11 21 0
3 23 21 11 0
23 3 21 11 0
3 23 12 20 0
23 3 12 20 0
3 23 20 12 0
23 3 20 12 0
3 23 13 19 0
23 3 13 19 0
3 23 19 13 0
23 3 19 13 0
3 23 14 18 0
23 3 14 18 0
3 23 18 14 0
23 3 18 14 0
3 23 15 17 0
23 3 15 17 0
3 23 17 15 0
23 3 17 15 0
4 22 11 21 0
22 4 11 21 0
4 22 21 11 0
22 4 21 11 0
4 22 12 20 0
22 4 12 20 0
4 22 20 12 0
22 4 20 12 0
4 22 13 19 1
22 4 13 19 1
4 22 19 13 1
22 4 19 13 1
4 22 14 18 2
22 4 14 18 2
4 22 18 14 2
22 4 18 14 2
4 22 15 17 3
22 4 15 17 3
4 22 17 15 3
22 4 17 15 3
5 21 11 21 3
21 5 11 21 3
5 21 21 11 3
21 5 21 11 3
5 21 12 20 7
21 5 12 20 7
5 21 20 12 7
21 5 20 12 7
5 21 13 19 13
21 5 13 19 13
5 21 19 13 13
21 5 19 13 13
5 21 14 18 21
21 5 14 18 21
5 21 18 14 21
21 5 18 14 21
5 21 15 17 27
21 5 15 17 27
5 21 17 15 27
21 5 17 15 27
6 20 11 21 18
20 6 11 21 18
6 20 21 11 18
20 6 21 11 18
6 20 12 20 38
20 6 12 20 38
6 20 20 12 38
20 6 20 12 38
6 20 13 19 67
20 6 13 19 67
6 20 19 13 67
20 6 19 13 67
6 20 14 18 98
20 6 14 18 98
6 20 18 14 98
20 6 18 14 98
6 20 15 17 123
20 6 15 17 123
6 20 17 15 123
20 6 17 15 123
7 19 11 21 73
19 7 11 21 73
7 19 21 11 73
19 7 21 11 73
7 19 12 20 142
19 7 12 20 142
7 19 20 12 142
19 7 20 12 142
7 19 13 19 231
19 7 13 19 231
7 19 19 13 231
19 7 19 13 231
7 19 14 18 325
19 7 14 18 325
7 19 18 14 325
19 7 18 14 325
7 19 15 17 396
19 7 15 17 396
7 19 17 15 396
19 7 17 15 396
2 24 16 16 0
24 2 16 16 0
3 23 16 16 0
23 3 16 16 0
4 22 16 16 3
22 4 16 16 3
5 21 16 16 29
21 5 16 16 29
6 20 16 16 131
20 6 16 16 131
7 19 16 16 422
19 7 16 16 422
3 23 10 22 0
23 3 10 22 0
3 23 22 10 0
23 3 22 10 0
4 22 10 22 0
22 4 10 22 0
4 22 22 10 0
22 4 22 10 0
5 21 10 22 1
21 5 10 22 1
5 21 22 10 1
21 5 22 10 1
6 20 10 22 6
20 6 10 22 6
6 20 22 10 6
20 6 22 10 6
7 19 10 22 30
19 7 10 22 30
7 19 22 10 30
19 7 22 10 30
8 18 10 22 96
18 8 10 22 96
8 18 22 10 96
18 8 22 10 96
8 18 11 21 212
18 8 11 21 212
8 18 21 11 212
18 8 21 11 212
8 18 12 20 385
18 8 12 20 385
8 18 20 12 385
18 8 20 12 385
8 18 13 19 603
18 8 13 19 603
8 18 19 13 603
18 8 19 13 603
8 18 14 18 821
18 8 14 18 821
8 18 18 14 821
18 8 18 14 821
8 18 15 17 987
18 8 15 17 987
8 18 17 15 987
18 8 17 15 987
8 18 16 16 1045
18 8 16 16 1045
9 17 10 22 234
17 9 10 22 234
9 17 22 10 234
17 9 22 10 234
9 17 11 21 478
17 9 11 21 478
9 17 21 11 478
17 9 21 11 478
9 17 12 20 833
17 9 12 20 833
9 17 20 12 833
17 9 20 12 833
9 17 13 19 1261
17 9 13 19 1261
9 17 19 13 1261
17 9 19 13 1261
9 17 14 18 1685
17 9 14 18 1685
9 17 18 14 1685
17 9 18 14 1685
9 17 15 17 1998
17 9 15 17 1998
9 17 17 15 1998
17 9 17 15 1998
9 17 16 16 2113
17 9 16 16 2113
10 16 10 22 448
16 10 10 22 448
10 16 22 10 448
16 10 22 10 448
10 16 11 21 877
16 10 11 21 877
10 16 21 11 877
16 10 21 11 877
10 16 12 20 1478
16 10 12 20 1478
10 16 20 12 1478
16 10 20 12 1478
10 16 13 19 2192
16 10 13 19 2192
10 16 19 13 2192
16 10 19 13 2192
10 16 14 18 2883
16 10 14 18 2883
10 16 18 14 2883
16 10 18 14 2883
10 16 15 17 3394
16 10 15 17 3394
10 16 17 15 3394
16 10 17 15 3394
10 16 16 16 3577
16 10 16 16 3577
11 15 11 21 1324
15 11 11 21 1324
11 15 21 11 1324
15 11 21 11 1324
11 15 12 20 2193
15 11 12 20 2193
11 15 20 12 2193
15 11 20 12 2193
11 15 13 19 3204
15 11 13 19 3204
11 15 19 13 3204
15 11 19 13 3204
11 15 14 18 4180
15 11 14 18 4180
11 15 18 14 4180
15 11 18 14 4180
11 15 15 17 4890
15 11 15 17 4890
11 15 17 15 4890
15 11 17 15 4890
11 15 16 16 5150
15 11 16 16 5150
3 23 9 23 0
23 3 9 23 0
3 23 23 9 0
23 3 23 9 0
4 22 9 23 0
22 4 9 23 0
4 22 23 9 0
22 4 23 9 0
5 21 9 23 0
21 5 9 23 0
5 21 23 9 0
21 5 23 9 0
6 20 9 23 1
20 6 9 23 1
6 20 23 9 1
20 6 23 9 1
7 19 9 23 9
19 7 9 23 9
7 19 23 9 9
19 7 23 9 9
8 18 9 23 35
18 8 9 23 35
8 18 23 9 35
18 8 23 9 35
4 22 7 25 0
22 4 7 25 0
4 22 25 7 0
22 4 25 7 0
4 22 8 24 0
22 4 8 24 0
4 22 24 8 0
22 4 24 8 0
5 21 7 25 0
21 5 7 25 0
5 21 25 7 0
21 5 25 7 0
5 21 8 24 0
21 5 8 24 0
5 21 24 8 0
21 5 24 8 0
6 20 7 25 0
20 6 7 25 0
6 20 25 7 0
20 6 25 7 0
6 20 8 24 0
20 6 8 24 0
6 20 24 8 0
20 6 24 8 0
7 19 7 25 0
19 7 7 25 0
7 19 25 7 0
19 7 25 7 0
7 19 8 24 2
19 7 8 24 2
7 19 24 8 2
19 7 24 8 2
8 18 7 25 1
18 8 7 25 1
8 18 25 7 1
18 8 25 7 1
8 18 8 24 9
18 8 8 24 9
8 18 24 8 9
18 8 24 8 9
9 17 7 25 6
17 9 7 25 6
9 17 25 7 6
17 9 25 7 6
9 17 8 24 30
17 9 8 24 30
9 17 24 8 30
17 9 24 8 30
9 17 9 23 94
17 9 9 23 94
9 17 23 9 94
17 9 23 9 94
10 16 7 25 17
16 10 7 25 17
10 16 25 7 17
16 10 25 7 17
10 16 8 24 67
16 10 8 24 67
10 16 24 8 67
16 10 24 8 67
10 16 9 23 193
16 10 9 23 193
10 16 23 9 193
16 10 23 9 193
6 20 6 26 0
20 6 6 26 0
6 20 26 6 0
20 6 26 6 0
7 19 6 26 0
19 7 6 26 0
7 19 26 6 0
19 7 26 6 0
8 18 6 26 0
18 8 6 26 0
8 18 26 6 0
18 8 26 6 0
9 17 6 26 1
17 9 6 26 1
9 17 26 6 1
17 9 26 6 1
10 16 6 26 3
16 10 6 26 3
10 16 26 6 3
16 10 26 6 3
11 15 6 26 6
15 11 6 26 6
11 15 26 6 6
15 11 26 6 6
11 15 7 25 31
15 11 7 25 31
11 15 25 7 31
15 11 25 7 31
11 15 8 24 114
15 11 8 24 114
11 15 24 8 114
15 11 24 8 114
11 15 9 23 310
15 11 9 23 310
11 15 23 9 310
15 11 23 9 310
11 15 10 22 696
15 11 10 22 696
11 15 22 10 696
15 11 22 10 696
12 14 7 25 47
14 12 7 25 47
12 14 25 7 47
14 12 25 7 47
12 14 8 24 158
14 12 8 24 158
12 14 24 8 158
14 12 24 8 158
12 14 9 23 416
14 12 9 23 416
12 14 23 9 416
14 12 23 9 416
12 14 10 22 907
14 12 10 22 907
12 14 22 10 907
14 12 22 10 907
12 14 11 21 1699
14 12 11 21 1699
12 14 21 11 1699
14 12 21 11 1699
12 14 12 20 2775
14 12 12 20 2775
12 14 20 12 2775
14 12 20 12 2775
12 14 13 19 4025
14 12 13 19 4025
12 14 19 13 4025
14 12 19 13 4025
12 14 14 18 5216
14 12 14 18 5216
12 14 18 14 5216
14 12 18 14 5216
12 14 15 17 6086
14 12 15 17 6086
12 14 17 15 6086
14 12 17 15 6086
12 14 16 16 6398
14 12 16 16 6398
13 13 7 25 51
13 13 25 7 51
13 13 8 24 173
13 13 24 8 173
13 13 9 23 452
13 13 23 9 452
13 13 10 22 984
13 13 22 10 984
13 13 11 21 1834
13 13 21 11 1834
13 13 12 20 2991
13 13 20 12 2991
13 13 13 19 4325
13 13 19 13 4325
13 13 14 18 5601
13 13 18 14 5601
13 13 15 17 6525
13 13 17 15 6525
13 13 16 16 6862
5 21 6 26 0
21 5 6 26 0
5 21 26 6 0
21 5 26 6 0
6 20 5 27 0
20 6 5 27 0
6 20 27 5 0
20 6 27 5 0
7 19 5 27 0
19 7 5 27 0
7 19 27 5 0
19 7 27 5 0
8 18 5 27 0
18 8 5 27 0
8 18 27 5 0
18 8 27 5 0
9 17 5 27 0
17 9 5 27 0
9 17 27 5 0
17 9 27 5 0
10 16 5 27 0
16 10 5 27 0
10 16 27 5 0
16 10 27 5 0
11 15 5 27 0
15 11 5 27 0
11 15 27 5 0
15 11 27 5 0
7 19 4 28 0
19 7 4 28 0
7 19 28 4 0
19 7 28 4 0
8 18 4 28 0
18 8 4 28 0
8 18 28 4 0
18 8 28 4 0
9 17 4 28 0
17 9 4 28 0
9 17 28 4 0
17 9 28 4 0
10 16 4 28 0
16 10 4 28 0
10 16 28 4 0
16 10 28 4 0
11 15 4 28 0
15 11 4 28 0
11 15 28 4 0
15 11 28 4 0
12 14 4 28 0
14 12 4 28 0
12 14 28 4 0
14 12 28 4 0
12 14 5 27 1
14 12 5 27 1
12 14 27 5 1
14 12 27 5 1
12 14 6 26 10
14 12 6 26 10
12 14 26 6 10
14 12 26 6 10
13 13 5 27 1
13 13 27 5 1
13 13 6 26 11
13 13 26 6 11
13 13 4 28 0
13 13 28 4 0
9 17 3 29 0
17 9 3 29 0
9 17 29 3 0
17 9 29 3 0
10 16 3 29 0
16 10 3 29 0
10 16 29 3 0
16 10 29 3 0
11 15 3 29 0
15 11 3 29 0
11 15 29 3 0
15 11 29 3 0
12 14 3 29 0
14 12 3 29 0
12 14 29 3 0
14 12 29 3 0
13 13 3 29 0
13 13 29 3 0
