21 35 31 41 0
35 21 31 41 0
21 35 41 31 0
35 21 41 31 0
21 35 32 40 0
35 21 32 40 0
21 35 40 32 0
35 21 40 32 0
21 35 33 39 0
35 21 33 39 0
21 35 39 33 0
35 21 39 33 0
21 35 34 38 0
35 21 34 38 0
21 35 38 34 0
35 21 38 34 0
21 35 35 37 0
35 21 35 37 0
21 35 37 35 0
35 21 37 35 0
22 34 31 41 0
34 22 31 41 0
22 34 41 31 0
34 22 41 31 0
22 34 32 40 0
34 22 32 40 0
22 34 40 32 0
34 22 40 32 0
22 34 33 39 0
34 22 33 39 0
22 34 39 33 0
34 22 39 33 0
22 34 34 38 0
34 22 34 38 0
22 34 38 34 0
34 22 38 34 0
22 34 35 37 0
34 22 35 37 0
22 34 37 35 0
34 22 37 35 0
23 33 31 41 0
33 23 31 41 0
23 33 41 31 0
33 23 41 31 0
23 33 32 40 0
33 23 32 40 0
23 33 40 32 0
33 23 40 32 0
23 33 33 39 0
33 23 33 39 0
23 33 39 33 0
33 23 39 33 0
23 33 34 38 0
33 23 34 38 0
23 33 38 34 0
33 23 38 34 0
23 33 35 37 0
33 23 35 37 0
23 33 37 35 0
33 23 37 35 0
24 32 31 41 0
32 24 31 41 0
24 32 41 31 0
32 24 41 31 0
24 32 32 40 0
32 24 32 40 0
24 32 40 32 0
32 24 40 32 0
24 32 33 39 0
32 24 33 39 0
24 32 39 33 0
32 24 39 33 0
24 32 34 38 0
32 24 34 38 0
24 32 38 34 0
32 24 38 34 0
24 32 35 37 0
32 24 35 37 0
24 32 37 35 0
32 24 37 35 0
25 31 31 41 0
31 25 31 41 0
25 31 41 31 0
31 25 41 31 0
25 31 32 40 0
31 25 32 40 0
25 31 40 32 0
31 25 40 32 0
25 31 33 39 0
31 25 33 39 0
25 31 39 33 0
31 25 39 33 0
25 31 34 38 0
31 25 34 38 0
25 31 38 34 0
31 25 38 34 0
25 31 35 37 0
31 25 35 37 0
25 31 37 35 0
31 25 37 35 0
26 30 31 41 0
30 26 31 41 0
26 30 41 31 0
30 26 41 31 0
26 30 32 40 0
30 26 32 40 0
26 30 40 32 0
30 26 40 32 0
26 30 33 39 0
30 26 33 39 0
26 30 39 33 0
30 26 39 33 0
26 30 34 38 0
30 26 34 38 0
26 30 38 34 0
30 26 38 34 0
26 30 35 37 0
30 26 35 37 0
26 30 37 35 0
30 26 37 35 0
21 35 36 36 0
35 21 36 36 0
22 34 36 36 0
34 22 36 36 0
23 33 36 36 0
33 23 36 36 0
24 32 36 36 0
32 24 36 36 0
25 31 36 36 0
31 25 36 36 0
26 30 36 36 0
30 26 36 36 0
22 34 29 43 0
34 22 29 43 0
22 34 43 29 0
34 22 43 29 0
22 34 30 42 0
34 22 30 42 0
22 34 42 30 0
34 22 42 30 0
23 33 29 43 0
33 23 29 43 0
23 33 43 29 0
33 23 43 29 0
23 33 30 42 0
33 23 30 42 0
23 33 42 30 0
33 23 42 30 0
24 32 29 43 0
32 24 29 43 0
24 32 43 29 0
32 24 43 29 0
24 32 30 42 0
32 24 30 42 0
24 32 42 30 0
32 24 42 30 0
25 31 29 43 0
31 25 29 43 0
25 31 43 29 0
31 25 43 29 0
25 31 30 42 0
31 25 30 42 0
25 31 42 30 0
31 25 42 30 0
26 30 29 43 0
30 26 29 43 0
26 30 43 29 0
30 26 43 29 0
26 30 30 42 0
30 26 30 42 0
26 30 42 30 0
30 26 42 30 0
27 29 29 43 0
29 27 29 43 0
27 29 43 29 0
29 27 43 29 0
27 29 30 42 0
29 27 30 42 0
27 29 42 30 0
29 27 42 30 0
27 29 31 41 0
29 27 31 41 0
27 29 41 31 0
29 27 41 31 0
27 29 32 40 0
29 27 32 40 0
27 29 40 32 0
29 27 40 32 0
27 29 33 39 1
29 27 33 39 1
27 29 39 33 1
29 27 39 33 1
27 29 34 38 1
29 27 34 38 1
27 29 38 34 1
29 27 38 34 1
27 29 35 37 1
29 27 35 37 1
27 29 37 35 1
29 27 37 35 1
27 29 36 36 1
29 27 36 36 1
28 28 29 43 0
28 28 43 29 0
28 28 30 42 0
28 28 42 30 0
28 28 31 41 0
28 28 41 31 0
28 28 32 40 0
28 28 40 32 0
28 28 33 39 1
28 28 39 33 1
28 28 34 38 1
28 28 38 34 1
28 28 35 37 1
28 28 37 35 1
28 28 36 36 1
24 32 28 44 0
32 24 28 44 0
24 32 44 28 0
32 24 44 28 0
25 31 28 44 0
31 25 28 44 0
25 31 44 28 0
31 25 44 28 0
26 30 28 44 0
30 26 28 44 0
26 30 44 28 0
30 26 44 28 0
27 29 28 44 0
29 27 28 44 0
27 29 44 28 0
29 27 44 28 0
28 28 28 44 0
28 28 44 28 0
