0 11 3 9 0
11 0 3 9 0
0 11 9 3 0
11 0 9 3 0
1 10 3 9 0
10 1 3 9 0
1 10 9 3 0
10 1 9 3 0
2 9 3 9 0
9 2 3 9 0
2 9 9 3 0
9 2 9 3 0
0 11 4 8 0
11 0 4 8 0
0 11 8 4 0
11 0 8 4 0
1 10 4 8 0
10 1 4 8 0
1 10 8 4 0
10 1 8 4 0
2 9 4 8 0
9 2 4 8 0
2 9 8 4 0
9 2 8 4 0
0 11 5 7 0
11 0 5 7 0
0 11 7 5 0
11 0 7 5 0
1 10 5 7 0
10 1 5 7 0
1 10 7 5 0
10 1 7 5 0
2 9 5 7 0
9 2 5 7 0
2 9 7 5 0
9 2 7 5 0
1 10 1 11 0
10 1 1 11 0
1 10 11 1 0
10 1 11 1 0
2 9 1 11 0
9 2 1 11 0
2 9 11 1 0
9 2 11 1 0
3 8 1 11 0
8 3 1 11 0
3 8 11 1 0
8 3 11 1 0
1 10 2 10 0
10 1 2 10 0
1 10 10 2 0
10 1 10 2 0
2 9 2 10 0
9 2 2 10 0
2 9 10 2 0
9 2 10 2 0
3 8 2 10 0
8 3 2 10 0
3 8 10 2 0
8 3 10 2 0
3 8 3 9 0
8 3 3 9 0
3 8 9 3 0
8 3 9 3 0
3 8 4 8 0
8 3 4 8 0
3 8 8 4 0
8 3 8 4 0
3 8 5 7 0
8 3 5 7 0
3 8 7 5 0
8 3 7 5 0
4 7 1 11 0
7 4 1 11 0
4 7 11 1 0
7 4 11 1 0
4 7 2 10 0
7 4 2 10 0
4 7 10 2 0
7 4 10 2 0
4 7 3 9 0
7 4 3 9 0
4 7 9 3 0
7 4 9 3 0
4 7 4 8 0
7 4 4 8 0
4 7 8 4 0
7 4 8 4 0
4 7 5 7 0
7 4 5 7 0
4 7 7 5 0
7 4 7 5 0
5 6 1 11 0
6 5 1 11 0
5 6 11 1 0
6 5 11 1 0
5 6 2 10 0
6 5 2 10 0
5 6 10 2 0
6 5 10 2 0
5 6 3 9 0
6 5 3 9 0
5 6 9 3 0
6 5 9 3 0
5 6 4 8 0
6 5 4 8 0
5 6 8 4 0
6 5 8 4 0
5 6 5 7 0
6 5 5 7 0
5 6 7 5 0
6 5 7 5 0
0 11 6 6 0
11 0 6 6 0
1 10 6 6 0
10 1 6 6 0
2 9 6 6 0
9 2 6 6 0
3 8 6 6 0
8 3 6 6 0
4 7 6 6 0
7 4 6 6 0
5 6 6 6 0
6 5 6 6 0
3 8 0 12 0
8 3 0 12 0
3 8 12 0 0
8 3 12 0 0
4 7 0 12 0
7 4 0 12 0
4 7 12 0 0
7 4 12 0 0
5 6 0 12 0
6 5 0 12 0
5 6 12 0 0
6 5 12 0 0
