7 31 20 28 0
31 7 20 28 0
7 31 28 20 0
31 7 28 20 0
7 31 21 27 0
31 7 21 27 0
7 31 27 21 0
31 7 27 21 0
7 31 22 26 0
31 7 22 26 0
7 31 26 22 0
31 7 26 22 0
7 31 23 25 0
31 7 23 25 0
7 31 25 23 0
31 7 25 23 0
7 31 24 24 0
31 7 24 24 0
8 30 20 28 0
30 8 20 28 0
8 30 28 20 0
30 8 28 20 0
8 30 21 27 0
30 8 21 27 0
8 30 27 21 0
30 8 27 21 0
8 30 22 26 0
30 8 22 26 0
8 30 26 22 0
30 8 26 22 0
8 30 23 25 0
30 8 23 25 0
8 30 25 23 0
30 8 25 23 0
8 30 24 24 0
30 8 24 24 0
9 29 20 28 0
29 9 20 28 0
9 29 28 20 0
29 9 28 20 0
9 29 21 27 0
29 9 21 27 0
9 29 27 21 0
29 9 27 21 0
9 29 22 26 0
29 9 22 26 0
9 29 26 22 0
29 9 26 22 0
9 29 23 25 0
29 9 23 25 0
9 29 25 23 0
29 9 25 23 0
9 29 24 24 0
29 9 24 24 0
10 28 20 28 0
28 10 20 28 0
10 28 28 20 0
28 10 28 20 0
10 28 21 27 0
28 10 21 27 0
10 28 27 21 0
28 10 27 21 0
10 28 22 26 0
28 10 22 26 0
10 28 26 22 0
28 10 26 22 0
10 28 23 25 0
28 10 23 25 0
10 28 25 23 0
28 10 25 23 0
10 28 24 24 0
28 10 24 24 0
11 27 20 28 1
27 11 20 28 1
11 27 28 20 1
27 11 28 20 1
11 27 21 27 2
27 11 21 27 2
11 27 27 21 2
27 11 27 21 2
11 27 22 26 4
27 11 22 26 4
11 27 26 22 4
27 11 26 22 4
11 27 23 25 5
27 11 23 25 5
11 27 25 23 5
27 11 25 23 5
11 27 24 24 6
27 11 24 24 6
12 26 20 28 11
26 12 20 28 11
12 26 28 20 11
26 12 28 20 11
12 26 21 27 21
26 12 21 27 21
12 26 27 21 21
26 12 27 21 21
12 26 22 26 32
26 12 22 26 32
12 26 26 22 32
26 12 26 22 32
12 26 23 25 41
26 12 23 25 41
12 26 25 23 41
26 12 25 23 41
12 26 24 24 45
26 12 24 24 45
13 25 20 28 63
25 13 20 28 63
13 25 28 20 63
25 13 28 20 63
13 25 21 27 104
25 13 21 27 104
13 25 27 21 104
25 13 27 21 104
13 25 22 26 148
25 13 22 26 148
13 25 26 22 148
25 13 26 22 148
13 25 23 25 181
25 13 23 25 181
13 25 25 23 181
25 13 25 23 181
13 25 24 24 195
25 13 24 24 195
8 30 17 31 0
30 8 17 31 0
8 30 31 17 0
30 8 31 17 0
8 30 18 30 0
30 8 18 30 0
8 30 30 18 0
30 8 30 18 0
8 30 19 29 0
30 8 19 29 0
8 30 29 19 0
30 8 29 19 0
9 29 17 31 0
29 9 17 31 0
9 29 31 17 0
29 9 31 17 0
9 29 18 30 0
29 9 18 30 0
9 29 30 18 0
29 9 30 18 0
9 29 19 29 0
29 9 19 29 0
9 29 29 19 0
29 9 29 19 0
10 28 17 31 0
28 10 17 31 0
10 28 31 17 0
28 10 31 17 0
10 28 18 30 0
28 10 18 30 0
10 28 30 18 0
28 10 30 18 0
10 28 19 29 0
28 10 19 29 0
10 28 29 19 0
28 10 29 19 0
11 27 17 31 0
27 11 17 31 0
11 27 31 17 0
27 11 31 17 0
11 27 18 30 0
27 11 18 30 0
11 27 30 18 0
27 11 30 18 0
11 27 19 29 0
27 11 19 29 0
11 27 29 19 0
27 11 29 19 0
12 26 17 31 0
26 12 17 31 0
12 26 31 17 0
26 12 31 17 0
12 26 18 30 1
26 12 18 30 1
12 26 30 18 1
26 12 30 18 1
12 26 19 29 4
26 12 19 29 4
12 26 29 19 4
26 12 29 19 4
13 25 17 31 4
25 13 17 31 4
13 25 31 17 4
25 13 31 17 4
13 25 18 30 13
25 13 18 30 13
13 25 30 18 13
25 13 30 18 13
13 25 19 29 31
25 13 19 29 31
13 25 29 19 31
25 13 29 19 31
9 29 16 32 0
29 9 16 32 0
9 29 32 16 0
29 9 32 16 0
10 28 16 32 0
28 10 16 32 0
10 28 32 16 0
28 10 32 16 0
11 27 16 32 0
27 11 16 32 0
11 27 32 16 0
27 11 32 16 0
12 26 16 32 0
26 12 16 32 0
12 26 32 16 0
26 12 32 16 0
13 25 16 32 1
25 13 16 32 1
13 25 32 16 1
25 13 32 16 1
14 24 16 32 6
24 14 16 32 6
14 24 32 16 6
24 14 32 16 6
14 24 17 31 21
24 14 17 31 21
14 24 31 17 21
24 14 31 17 21
14 24 18 30 55
24 14 18 30 55
14 24 30 18 55
24 14 30 18 55
14 24 19 29 118
24 14 19 29 118
14 24 29 19 118
24 14 29 19 118
14 24 20 28 215
24 14 20 28 215
14 24 28 20 215
24 14 28 20 215
14 24 21 27 336
24 14 21 27 336
14 24 27 21 336
24 14 27 21 336
14 24 22 26 457
24 14 22 26 457
14 24 26 22 457
24 14 26 22 457
14 24 23 25 549
24 14 23 25 549
14 24 25 23 549
24 14 25 23 549
14 24 24 24 583
24 14 24 24 583
15 23 17 31 65
23 15 17 31 65
15 23 31 17 65
23 15 31 17 65
15 23 18 30 156
23 15 18 30 156
15 23 30 18 156
23 15 30 18 156
15 23 19 29 310
23 15 19 29 310
15 23 29 19 310
23 15 29 19 310
15 23 20 28 535
23 15 20 28 535
15 23 28 20 535
23 15 28 20 535
15 23 21 27 803
23 15 21 27 803
15 23 27 21 803
23 15 27 21 803
15 23 22 26 1068
23 15 22 26 1068
15 23 26 22 1068
23 15 26 22 1068
15 23 23 25 1262
23 15 23 25 1262
15 23 25 23 1262
23 15 25 23 1262
15 23 24 24 1336
23 15 24 24 1336
10 28 14 34 0
28 10 14 34 0
10 28 34 14 0
28 10 34 14 0
10 28 15 33 0
28 10 15 33 0
10 28 33 15 0
28 10 33 15 0
11 27 14 34 0
27 11 14 34 0
11 27 34 14 0
27 11 34 14 0
11 27 15 33 0
27 11 15 33 0
11 27 33 15 0
27 11 33 15 0
12 26 14 34 0
26 12 14 34 0
12 26 34 14 0
26 12 34 14 0
12 26 15 33 0
26 12 15 33 0
12 26 33 15 0
26 12 33 15 0
13 25 14 34 0
25 13 14 34 0
13 25 34 14 0
25 13 34 14 0
13 25 15 33 0
25 13 15 33 0
13 25 33 15 0
25 13 33 15 0
14 24 14 34 0
24 14 14 34 0
14 24 34 14 0
24 14 34 14 0
14 24 15 33 1
24 14 15 33 1
14 24 33 15 1
24 14 33 15 1
15 23 14 34 1
23 15 14 34 1
15 23 34 14 1
23 15 34 14 1
15 23 15 33 5
23 15 15 33 5
15 23 33 15 5
23 15 33 15 5
15 23 16 32 22
23 15 16 32 22
15 23 32 16 22
23 15 32 16 22
16 22 14 34 3
22 16 14 34 3
16 22 34 14 3
22 16 34 14 3
16 22 15 33 15
22 16 15 33 15
16 22 33 15 15
22 16 33 15 15
16 22 16 32 54
22 16 16 32 54
16 22 32 16 54
22 16 32 16 54
16 22 17 31 147
22 16 17 31 147
16 22 31 17 147
22 16 31 17 147
16 22 18 30 329
22 16 18 30 329
16 22 30 18 329
22 16 30 18 329
16 22 19 29 627
22 16 19 29 627
16 22 29 19 627
22 16 29 19 627
16 22 20 28 1042
22 16 20 28 1042
16 22 28 20 1042
22 16 28 20 1042
16 22 21 27 1528
22 16 21 27 1528
16 22 27 21 1528
22 16 27 21 1528
16 22 22 26 1996
22 16 22 26 1996
16 22 26 22 1996
22 16 26 22 1996
16 22 23 25 2339
22 16 23 25 2339
16 22 25 23 2339
22 16 25 23 2339
16 22 24 24 2465
22 16 24 24 2465
17 21 16 32 96
21 17 16 32 96
17 21 32 16 96
21 17 32 16 96
17 21 17 31 249
21 17 17 31 249
17 21 31 17 249
21 17 31 17 249
17 21 18 30 541
21 17 18 30 541
17 21 30 18 541
21 17 30 18 541
17 21 19 29 1003
21 17 19 29 1003
17 21 29 19 1003
21 17 29 19 1003
17 21 20 28 1636
21 17 20 28 1636
17 21 28 20 1636
21 17 28 20 1636
17 21 21 27 2362
21 17 21 27 2362
17 21 27 21 2362
21 17 27 21 2362
17 21 22 26 3058
21 17 22 26 3058
17 21 26 22 3058
21 17 26 22 3058
17 21 23 25 3560
21 17 23 25 3560
17 21 25 23 3560
21 17 25 23 3560
17 21 24 24 3747
21 17 24 24 3747
12 26 13 35 0
26 12 13 35 0
12 26 35 13 0
26 12 35 13 0
13 25 13 35 0
25 13 13 35 0
13 25 35 13 0
25 13 35 13 0
14 24 13 35 0
24 14 13 35 0
14 24 35 13 0
24 14 35 13 0
15 23 13 35 0
23 15 13 35 0
15 23 35 13 0
23 15 35 13 0
16 22 13 35 0
22 16 13 35 0
16 22 35 13 0
22 16 35 13 0
17 21 13 35 0
21 17 13 35 0
17 21 35 13 0
21 17 35 13 0
17 21 14 34 6
21 17 14 34 6
17 21 34 14 6
21 17 34 14 6
17 21 15 33 28
21 17 15 33 28
17 21 33 15 28
21 17 33 15 28
18 20 14 34 10
20 18 14 34 10
18 20 34 14 10
20 18 34 14 10
18 20 15 33 43
20 18 15 33 43
18 20 33 15 43
20 18 33 15 43
18 20 16 32 137
20 18 16 32 137
18 20 32 16 137
20 18 32 16 137
18 20 17 31 345
20 18 17 31 345
18 20 31 17 345
20 18 31 17 345
18 20 18 30 729
20 18 18 30 729
18 20 30 18 729
20 18 30 18 729
18 20 19 29 1331
20 18 19 29 1331
18 20 29 19 1331
20 18 29 19 1331
18 20 20 28 2140
20 18 20 28 2140
18 20 28 20 2140
20 18 28 20 2140
18 20 21 27 3065
20 18 21 27 3065
18 20 27 21 3065
20 18 27 21 3065
18 20 22 26 3940
20 18 22 26 3940
18 20 26 22 3940
20 18 26 22 3940
18 20 23 25 4574
20 18 23 25 4574
18 20 25 23 4574
20 18 25 23 4574
18 20 24 24 4805
20 18 24 24 4805
19 19 17 31 378
19 19 31 17 378
19 19 18 30 798
19 19 30 18 798
19 19 19 29 1450
19 19 29 19 1450
19 19 20 28 2328
19 19 28 20 2328
19 19 21 27 3325
19 19 27 21 3325
19 19 22 26 4271
19 19 26 22 4271
19 19 23 25 4951
19 19 25 23 4951
19 19 24 24 5202
19 19 14 34 11
19 19 34 14 11
19 19 15 33 47
19 19 33 15 47
19 19 16 32 151
19 19 32 16 151
11 27 13 35 0
27 11 13 35 0
11 27 35 13 0
27 11 35 13 0
12 26 12 36 0
26 12 12 36 0
12 26 36 12 0
26 12 36 12 0
13 25 12 36 0
25 13 12 36 0
13 25 36 12 0
25 13 36 12 0
14 24 12 36 0
24 14 12 36 0
14 24 36 12 0
24 14 36 12 0
15 23 12 36 0
23 15 12 36 0
15 23 36 12 0
23 15 36 12 0
16 22 12 36 0
22 16 12 36 0
16 22 36 12 0
22 16 36 12 0
17 21 12 36 0
21 17 12 36 0
17 21 36 12 0
21 17 36 12 0
13 25 11 37 0
25 13 11 37 0
13 25 37 11 0
25 13 37 11 0
14 24 11 37 0
24 14 11 37 0
14 24 37 11 0
24 14 37 11 0
15 23 11 37 0
23 15 11 37 0
15 23 37 11 0
23 15 37 11 0
16 22 11 37 0
22 16 11 37 0
16 22 37 11 0
22 16 37 11 0
17 21 11 37 0
21 17 11 37 0
17 21 37 11 0
21 17 37 11 0
18 20 11 37 0
20 18 11 37 0
18 20 37 11 0
20 18 37 11 0
18 20 12 36 0
20 18 12 36 0
18 20 36 12 0
20 18 36 12 0
18 20 13 35 1
20 18 13 35 1
18 20 35 13 1
20 18 35 13 1
19 19 12 36 0
19 19 36 12 0
19 19 13 35 1
19 19 35 13 1
19 19 11 37 0
19 19 37 11 0
15 23 10 38 0
23 15 10 38 0
15 23 38 10 0
23 15 38 10 0
16 22 10 38 0
22 16 10 38 0
16 22 38 10 0
22 16 38 10 0
17 21 10 38 0
21 17 10 38 0
17 21 38 10 0
21 17 38 10 0
18 20 10 38 0
20 18 10 38 0
18 20 38 10 0
20 18 38 10 0
19 19 10 38 0
19 19 38 10 0
