18 35 30 38 0
35 18 30 38 0
18 35 38 30 0
35 18 38 30 0
18 35 31 37 0
35 18 31 37 0
18 35 37 31 0
35 18 37 31 0
18 35 32 36 0
35 18 32 36 0
18 35 36 32 0
35 18 36 32 0
18 35 33 35 0
35 18 33 35 0
18 35 35 33 0
35 18 35 33 0
18 35 34 34 0
35 18 34 34 0
19 34 30 38 0
34 19 30 38 0
19 34 38 30 0
34 19 38 30 0
19 34 31 37 0
34 19 31 37 0
19 34 37 31 0
34 19 37 31 0
19 34 32 36 0
34 19 32 36 0
19 34 36 32 0
34 19 36 32 0
19 34 33 35 0
34 19 33 35 0
19 34 35 33 0
34 19 35 33 0
19 34 34 34 0
34 19 34 34 0
20 33 30 38 0
33 20 30 38 0
20 33 38 30 0
33 20 38 30 0
20 33 31 37 0
33 20 31 37 0
20 33 37 31 0
33 20 37 31 0
20 33 32 36 0
33 20 32 36 0
20 33 36 32 0
33 20 36 32 0
20 33 33 35 0
33 20 33 35 0
20 33 35 33 0
33 20 35 33 0
20 33 34 34 0
33 20 34 34 0
21 32 30 38 0
32 21 30 38 0
21 32 38 30 0
32 21 38 30 0
21 32 31 37 0
32 21 31 37 0
21 32 37 31 0
32 21 37 31 0
21 32 32 36 0
32 21 32 36 0
21 32 36 32 0
32 21 36 32 0
21 32 33 35 0
32 21 33 35 0
21 32 35 33 0
32 21 35 33 0
21 32 34 34 0
32 21 34 34 0
22 31 30 38 0
31 22 30 38 0
22 31 38 30 0
31 22 38 30 0
22 31 31 37 0
31 22 31 37 0
22 31 37 31 0
31 22 37 31 0
22 31 32 36 0
31 22 32 36 0
22 31 36 32 0
31 22 36 32 0
22 31 33 35 0
31 22 33 35 0
22 31 35 33 0
31 22 35 33 0
22 31 34 34 0
31 22 34 34 0
23 30 30 38 0
30 23 30 38 0
23 30 38 30 0
30 23 38 30 0
23 30 31 37 0
30 23 31 37 0
23 30 37 31 0
30 23 37 31 0
23 30 32 36 0
30 23 32 36 0
23 30 36 32 0
30 23 36 32 0
23 30 33 35 0
30 23 33 35 0
23 30 35 33 0
30 23 35 33 0
23 30 34 34 0
30 23 34 34 0
19 34 27 41 0
34 19 27 41 0
19 34 41 27 0
34 19 41 27 0
19 34 28 40 0
34 19 28 40 0
19 34 40 28 0
34 19 40 28 0
19 34 29 39 0
34 19 29 39 0
19 34 39 29 0
34 19 39 29 0
20 33 27 41 0
33 20 27 41 0
20 33 41 27 0
33 20 41 27 0
20 33 28 40 0
33 20 28 40 0
20 33 40 28 0
33 20 40 28 0
20 33 29 39 0
33 20 29 39 0
20 33 39 29 0
33 20 39 29 0
21 32 27 41 0
32 21 27 41 0
21 32 41 27 0
32 21 41 27 0
21 32 28 40 0
32 21 28 40 0
21 32 40 28 0
32 21 40 28 0
21 32 29 39 0
32 21 29 39 0
21 32 39 29 0
32 21 39 29 0
22 31 27 41 0
31 22 27 41 0
22 31 41 27 0
31 22 41 27 0
22 31 28 40 0
31 22 28 40 0
22 31 40 28 0
31 22 40 28 0
22 31 29 39 0
31 22 29 39 0
22 31 39 29 0
31 22 39 29 0
23 30 27 41 0
30 23 27 41 0
23 30 41 27 0
30 23 41 27 0
23 30 28 40 0
30 23 28 40 0
23 30 40 28 0
30 23 40 28 0
23 30 29 39 0
30 23 29 39 0
23 30 39 29 0
30 23 39 29 0
24 29 27 41 0
29 24 27 41 0
24 29 41 27 0
29 24 41 27 0
24 29 28 40 0
29 24 28 40 0
24 29 40 28 0
29 24 40 28 0
24 29 29 39 0
29 24 29 39 0
24 29 39 29 0
29 24 39 29 0
24 29 30 38 1
29 24 30 38 1
24 29 38 30 1
29 24 38 30 1
24 29 31 37 2
29 24 31 37 2
24 29 37 31 2
29 24 37 31 2
24 29 32 36 3
29 24 32 36 3
24 29 36 32 3
29 24 36 32 3
24 29 33 35 4
29 24 33 35 4
24 29 35 33 4
29 24 35 33 4
24 29 34 34 4
29 24 34 34 4
20 33 26 42 0
33 20 26 42 0
20 33 42 26 0
33 20 42 26 0
21 32 26 42 0
32 21 26 42 0
21 32 42 26 0
32 21 42 26 0
22 31 26 42 0
31 22 26 42 0
22 31 42 26 0
31 22 42 26 0
23 30 26 42 0
30 23 26 42 0
23 30 42 26 0
30 23 42 26 0
24 29 26 42 0
29 24 26 42 0
24 29 42 26 0
29 24 42 26 0
25 28 26 42 0
28 25 26 42 0
25 28 42 26 0
28 25 42 26 0
25 28 27 41 0
28 25 27 41 0
25 28 41 27 0
28 25 41 27 0
25 28 28 40 0
28 25 28 40 0
25 28 40 28 0
28 25 40 28 0
25 28 29 39 1
28 25 29 39 1
25 28 39 29 1
28 25 39 29 1
25 28 30 38 3
28 25 30 38 3
25 28 38 30 3
28 25 38 30 3
25 28 31 37 5
28 25 31 37 5
25 28 37 31 5
28 25 37 31 5
25 28 32 36 7
28 25 32 36 7
25 28 36 32 7
28 25 36 32 7
25 28 33 35 9
28 25 33 35 9
25 28 35 33 9
28 25 35 33 9
25 28 34 34 9
28 25 34 34 9
26 27 27 41 0
27 26 27 41 0
26 27 41 27 0
27 26 41 27 0
26 27 28 40 0
27 26 28 40 0
26 27 40 28 0
27 26 40 28 0
26 27 29 39 2
27 26 29 39 2
26 27 39 29 2
27 26 39 29 2
26 27 30 38 5
27 26 30 38 5
26 27 38 30 5
27 26 38 30 5
26 27 31 37 8
27 26 31 37 8
26 27 37 31 8
27 26 37 31 8
26 27 32 36 11
27 26 32 36 11
26 27 36 32 11
27 26 36 32 11
26 27 33 35 14
27 26 33 35 14
26 27 35 33 14
27 26 35 33 14
26 27 34 34 14
27 26 34 34 14
21 32 25 43 0
32 21 25 43 0
21 32 43 25 0
32 21 43 25 0
22 31 25 43 0
31 22 25 43 0
22 31 43 25 0
31 22 43 25 0
23 30 25 43 0
30 23 25 43 0
23 30 43 25 0
30 23 43 25 0
24 29 25 43 0
29 24 25 43 0
24 29 43 25 0
29 24 43 25 0
25 28 25 43 0
28 25 25 43 0
25 28 43 25 0
28 25 43 25 0
26 27 25 43 0
27 26 25 43 0
26 27 43 25 0
27 26 43 25 0
26 27 26 42 0
27 26 26 42 0
26 27 42 26 0
27 26 42 26 0
24 29 24 44 0
29 24 24 44 0
24 29 44 24 0
29 24 44 24 0
25 28 24 44 0
28 25 24 44 0
25 28 44 24 0
28 25 44 24 0
26 27 24 44 0
27 26 24 44 0
26 27 44 24 0
27 26 44 24 0
