13 34 26 34 0
34 13 26 34 0
13 34 34 26 0
34 13 34 26 0
13 34 27 33 0
34 13 27 33 0
13 34 33 27 0
34 13 33 27 0
13 34 28 32 0
34 13 28 32 0
13 34 32 28 0
34 13 32 28 0
13 34 29 31 0
34 13 29 31 0
13 34 31 29 0
34 13 31 29 0
13 34 30 30 0
34 13 30 30 0
14 33 26 34 0
33 14 26 34 0
14 33 34 26 0
33 14 34 26 0
14 33 27 33 0
33 14 27 33 0
14 33 33 27 0
33 14 33 27 0
14 33 28 32 0
33 14 28 32 0
14 33 32 28 0
33 14 32 28 0
14 33 29 31 0
33 14 29 31 0
14 33 31 29 0
33 14 31 29 0
14 33 30 30 0
33 14 30 30 0
15 32 26 34 0
32 15 26 34 0
15 32 34 26 0
32 15 34 26 0
15 32 27 33 0
32 15 27 33 0
15 32 33 27 0
32 15 33 27 0
15 32 28 32 0
32 15 28 32 0
15 32 32 28 0
32 15 32 28 0
15 32 29 31 0
32 15 29 31 0
15 32 31 29 0
32 15 31 29 0
15 32 30 30 0
32 15 30 30 0
16 31 26 34 0
31 16 26 34 0
16 31 34 26 0
31 16 34 26 0
16 31 27 33 0
31 16 27 33 0
16 31 33 27 0
31 16 33 27 0
16 31 28 32 0
31 16 28 32 0
16 31 32 28 0
31 16 32 28 0
16 31 29 31 0
31 16 29 31 0
16 31 31 29 0
31 16 31 29 0
16 31 30 30 0
31 16 30 30 0
17 30 26 34 0
30 17 26 34 0
17 30 34 26 0
30 17 34 26 0
17 30 27 33 0
30 17 27 33 0
17 30 33 27 0
30 17 33 27 0
17 30 28 32 0
30 17 28 32 0
17 30 32 28 0
30 17 32 28 0
17 30 29 31 0
30 17 29 31 0
17 30 31 29 0
30 17 31 29 0
17 30 30 30 0
30 17 30 30 0
18 29 26 34 0
29 18 26 34 0
18 29 34 26 0
29 18 34 26 0
18 29 27 33 1
29 18 27 33 1
18 29 33 27 1
29 18 33 27 1
18 29 28 32 2
29 18 28 32 2
18 29 32 28 2
29 18 32 28 2
18 29 29 31 3
29 18 29 31 3
18 29 31 29 3
29 18 31 29 3
18 29 30 30 4
29 18 30 30 4
14 33 23 37 0
33 14 23 37 0
14 33 37 23 0
33 14 37 23 0
14 33 24 36 0
33 14 24 36 0
14 33 36 24 0
33 14 36 24 0
14 33 25 35 0
33 14 25 35 0
14 33 35 25 0
33 14 35 25 0
15 32 23 37 0
32 15 23 37 0
15 32 37 23 0
32 15 37 23 0
15 32 24 36 0
32 15 24 36 0
15 32 36 24 0
32 15 36 24 0
15 32 25 35 0
32 15 25 35 0
15 32 35 25 0
32 15 35 25 0
16 31 23 37 0
31 16 23 37 0
16 31 37 23 0
31 16 37 23 0
16 31 24 36 0
31 16 24 36 0
16 31 36 24 0
31 16 36 24 0
16 31 25 35 0
31 16 25 35 0
16 31 35 25 0
31 16 35 25 0
17 30 23 37 0
30 17 23 37 0
17 30 37 23 0
30 17 37 23 0
17 30 24 36 0
30 17 24 36 0
17 30 36 24 0
30 17 36 24 0
17 30 25 35 0
30 17 25 35 0
17 30 35 25 0
30 17 35 25 0
18 29 23 37 0
29 18 23 37 0
18 29 37 23 0
29 18 37 23 0
18 29 24 36 0
29 18 24 36 0
18 29 36 24 0
29 18 36 24 0
18 29 25 35 0
29 18 25 35 0
18 29 35 25 0
29 18 35 25 0
19 28 23 37 0
28 19 23 37 0
19 28 37 23 0
28 19 37 23 0
19 28 24 36 1
28 19 24 36 1
19 28 36 24 1
28 19 36 24 1
19 28 25 35 3
28 19 25 35 3
19 28 35 25 3
28 19 35 25 3
19 28 26 34 7
28 19 26 34 7
19 28 34 26 7
28 19 34 26 7
19 28 27 33 13
28 19 27 33 13
19 28 33 27 13
28 19 33 27 13
19 28 28 32 20
28 19 28 32 20
19 28 32 28 20
28 19 32 28 20
19 28 29 31 25
28 19 29 31 25
19 28 31 29 25
28 19 31 29 25
19 28 30 30 28
28 19 30 30 28
15 32 22 38 0
32 15 22 38 0
15 32 38 22 0
32 15 38 22 0
16 31 22 38 0
31 16 22 38 0
16 31 38 22 0
31 16 38 22 0
17 30 22 38 0
30 17 22 38 0
17 30 38 22 0
30 17 38 22 0
18 29 22 38 0
29 18 22 38 0
18 29 38 22 0
29 18 38 22 0
19 28 22 38 0
28 19 22 38 0
19 28 38 22 0
28 19 38 22 0
20 27 22 38 0
27 20 22 38 0
20 27 38 22 0
27 20 38 22 0
20 27 23 37 1
27 20 23 37 1
20 27 37 23 1
27 20 37 23 1
20 27 24 36 5
27 20 24 36 5
20 27 36 24 5
27 20 36 24 5
20 27 25 35 13
27 20 25 35 13
20 27 35 25 13
27 20 35 25 13
20 27 26 34 27
27 20 26 34 27
20 27 34 26 27
27 20 34 26 27
20 27 27 33 45
27 20 27 33 45
20 27 33 27 45
27 20 33 27 45
20 27 28 32 65
27 20 28 32 65
20 27 32 28 65
27 20 32 28 65
20 27 29 31 79
27 20 29 31 79
20 27 31 29 79
27 20 31 29 79
20 27 30 30 86
27 20 30 30 86
21 26 23 37 5
26 21 23 37 5
21 26 37 23 5
26 21 37 23 5
21 26 24 36 16
26 21 24 36 16
21 26 36 24 16
26 21 36 24 16
21 26 25 35 36
26 21 25 35 36
21 26 35 25 36
26 21 35 25 36
21 26 26 34 68
26 21 26 34 68
21 26 34 26 68
26 21 34 26 68
21 26 27 33 107
26 21 27 33 107
21 26 33 27 107
26 21 33 27 107
21 26 28 32 148
26 21 28 32 148
21 26 32 28 148
26 21 32 28 148
21 26 29 31 177
26 21 29 31 177
21 26 31 29 177
26 21 31 29 177
21 26 30 30 190
26 21 30 30 190
22 25 26 34 115
25 22 26 34 115
22 25 34 26 115
25 22 34 26 115
22 25 27 33 177
25 22 27 33 177
22 25 33 27 177
25 22 33 27 177
22 25 28 32 240
25 22 28 32 240
22 25 32 28 240
25 22 32 28 240
22 25 29 31 285
25 22 29 31 285
22 25 31 29 285
25 22 31 29 285
22 25 30 30 304
25 22 30 30 304
16 31 20 40 0
31 16 20 40 0
16 31 40 20 0
31 16 40 20 0
16 31 21 39 0
31 16 21 39 0
16 31 39 21 0
31 16 39 21 0
17 30 20 40 0
30 17 20 40 0
17 30 40 20 0
30 17 40 20 0
17 30 21 39 0
30 17 21 39 0
17 30 39 21 0
30 17 39 21 0
18 29 20 40 0
29 18 20 40 0
18 29 40 20 0
29 18 40 20 0
18 29 21 39 0
29 18 21 39 0
18 29 39 21 0
29 18 39 21 0
19 28 20 40 0
28 19 20 40 0
19 28 40 20 0
28 19 40 20 0
19 28 21 39 0
28 19 21 39 0
19 28 39 21 0
28 19 39 21 0
20 27 20 40 0
27 20 20 40 0
20 27 40 20 0
27 20 40 20 0
20 27 21 39 0
27 20 21 39 0
20 27 39 21 0
27 20 39 21 0
21 26 20 40 0
26 21 20 40 0
21 26 40 20 0
26 21 40 20 0
21 26 21 39 0
26 21 21 39 0
21 26 39 21 0
26 21 39 21 0
21 26 22 38 1
26 21 22 38 1
21 26 38 22 1
26 21 38 22 1
22 25 20 40 0
25 22 20 40 0
22 25 40 20 0
25 22 40 20 0
22 25 21 39 0
25 22 21 39 0
22 25 39 21 0
25 22 39 21 0
22 25 22 38 2
25 22 22 38 2
22 25 38 22 2
25 22 38 22 2
22 25 23 37 10
25 22 23 37 10
22 25 37 23 10
25 22 37 23 10
22 25 24 36 29
25 22 24 36 29
22 25 36 24 29
25 22 36 24 29
22 25 25 35 63
25 22 25 35 63
22 25 35 25 63
25 22 35 25 63
23 24 22 38 3
24 23 22 38 3
23 24 38 22 3
24 23 38 22 3
23 24 23 37 14
24 23 23 37 14
23 24 37 23 14
24 23 37 23 14
23 24 24 36 39
24 23 24 36 39
23 24 36 24 39
24 23 36 24 39
23 24 25 35 83
24 23 25 35 83
23 24 35 25 83
24 23 35 25 83
23 24 26 34 149
24 23 26 34 149
23 24 34 26 149
24 23 34 26 149
23 24 27 33 227
24 23 27 33 227
23 24 33 27 227
24 23 33 27 227
23 24 28 32 305
24 23 28 32 305
23 24 32 28 305
24 23 32 28 305
23 24 29 31 361
24 23 29 31 361
23 24 31 29 361
24 23 31 29 361
23 24 30 30 384
24 23 30 30 384
18 29 19 41 0
29 18 19 41 0
18 29 41 19 0
29 18 41 19 0
19 28 19 41 0
28 19 19 41 0
19 28 41 19 0
28 19 41 19 0
20 27 19 41 0
27 20 19 41 0
20 27 41 19 0
27 20 41 19 0
21 26 19 41 0
26 21 19 41 0
21 26 41 19 0
26 21 41 19 0
22 25 19 41 0
25 22 19 41 0
22 25 41 19 0
25 22 41 19 0
23 24 19 41 0
24 23 19 41 0
23 24 41 19 0
24 23 41 19 0
23 24 20 40 0
24 23 20 40 0
23 24 40 20 0
24 23 40 20 0
23 24 21 39 0
24 23 21 39 0
23 24 39 21 0
24 23 39 21 0
19 28 18 42 0
28 19 18 42 0
19 28 42 18 0
28 19 42 18 0
20 27 18 42 0
27 20 18 42 0
20 27 42 18 0
27 20 42 18 0
21 26 18 42 0
26 21 18 42 0
21 26 42 18 0
26 21 42 18 0
22 25 18 42 0
25 22 18 42 0
22 25 42 18 0
25 22 42 18 0
23 24 18 42 0
24 23 18 42 0
23 24 42 18 0
24 23 42 18 0
