11 33 23 33 0
33 11 23 33 0
11 33 33 23 0
33 11 33 23 0
11 33 24 32 0
33 11 24 32 0
11 33 32 24 0
33 11 32 24 0
11 33 25 31 0
33 11 25 31 0
11 33 31 25 0
33 11 31 25 0
11 33 26 30 0
33 11 26 30 0
11 33 30 26 0
33 11 30 26 0
11 33 27 29 0
33 11 27 29 0
11 33 29 27 0
33 11 29 27 0
12 32 23 33 0
32 12 23 33 0
12 32 33 23 0
32 12 33 23 0
12 32 24 32 0
32 12 24 32 0
12 32 32 24 0
32 12 32 24 0
12 32 25 31 0
32 12 25 31 0
12 32 31 25 0
32 12 31 25 0
12 32 26 30 0
32 12 26 30 0
12 32 30 26 0
32 12 30 26 0
12 32 27 29 0
32 12 27 29 0
12 32 29 27 0
32 12 29 27 0
13 31 23 33 0
31 13 23 33 0
13 31 33 23 0
31 13 33 23 0
13 31 24 32 0
31 13 24 32 0
13 31 32 24 0
31 13 32 24 0
13 31 25 31 0
31 13 25 31 0
13 31 31 25 0
31 13 31 25 0
13 31 26 30 0
31 13 26 30 0
13 31 30 26 0
31 13 30 26 0
13 31 27 29 0
31 13 27 29 0
13 31 29 27 0
31 13 29 27 0
14 30 23 33 0
30 14 23 33 0
14 30 33 23 0
30 14 33 23 0
14 30 24 32 0
30 14 24 32 0
14 30 32 24 0
30 14 32 24 0
14 30 25 31 0
30 14 25 31 0
14 30 31 25 0
30 14 31 25 0
14 30 26 30 0
30 14 26 30 0
14 30 30 26 0
30 14 30 26 0
14 30 27 29 0
30 14 27 29 0
14 30 29 27 0
30 14 29 27 0
15 29 23 33 0
29 15 23 33 0
15 29 33 23 0
29 15 33 23 0
15 29 24 32 0
29 15 24 32 0
15 29 32 24 0
29 15 32 24 0
15 29 25 31 0
29 15 25 31 0
15 29 31 25 0
29 15 31 25 0
15 29 26 30 0
29 15 26 30 0
15 29 30 26 0
29 15 30 26 0
15 29 27 29 1
29 15 27 29 1
15 29 29 27 1
29 15 29 27 1
16 28 23 33 1
28 16 23 33 1
16 28 33 23 1
28 16 33 23 1
16 28 24 32 3
28 16 24 32 3
16 28 32 24 3
28 16 32 24 3
16 28 25 31 6
28 16 25 31 6
16 28 31 25 6
28 16 31 25 6
16 28 26 30 10
28 16 26 30 10
16 28 30 26 10
28 16 30 26 10
16 28 27 29 14
28 16 27 29 14
16 28 29 27 14
28 16 29 27 14
11 33 28 28 0
33 11 28 28 0
12 32 28 28 0
32 12 28 28 0
13 31 28 28 0
31 13 28 28 0
14 30 28 28 0
30 14 28 28 0
15 29 28 28 1
29 15 28 28 1
16 28 28 28 15
28 16 28 28 15
12 32 21 35 0
32 12 21 35 0
12 32 35 21 0
32 12 35 21 0
12 32 22 34 0
32 12 22 34 0
12 32 34 22 0
32 12 34 22 0
13 31 21 35 0
31 13 21 35 0
13 31 35 21 0
31 13 35 21 0
13 31 22 34 0
31 13 22 34 0
13 31 34 22 0
31 13 34 22 0
14 30 21 35 0
30 14 21 35 0
14 30 35 21 0
30 14 35 21 0
14 30 22 34 0
30 14 22 34 0
14 30 34 22 0
30 14 34 22 0
15 29 21 35 0
29 15 21 35 0
15 29 35 21 0
29 15 35 21 0
15 29 22 34 0
29 15 22 34 0
15 29 34 22 0
29 15 34 22 0
16 28 21 35 0
28 16 21 35 0
16 28 35 21 0
28 16 35 21 0
16 28 22 34 0
28 16 22 34 0
16 28 34 22 0
28 16 34 22 0
17 27 21 35 1
27 17 21 35 1
17 27 35 21 1
27 17 35 21 1
17 27 22 34 3
27 17 22 34 3
17 27 34 22 3
27 17 34 22 3
17 27 23 33 10
27 17 23 33 10
17 27 33 23 10
27 17 33 23 10
17 27 24 32 21
27 17 24 32 21
17 27 32 24 21
27 17 32 24 21
17 27 25 31 37
27 17 25 31 37
17 27 31 25 37
27 17 31 25 37
17 27 26 30 54
27 17 26 30 54
17 27 30 26 54
27 17 30 26 54
17 27 27 29 69
27 17 27 29 69
17 27 29 27 69
27 17 29 27 69
17 27 28 28 73
27 17 28 28 73
18 26 21 35 6
26 18 21 35 6
18 26 35 21 6
26 18 35 21 6
18 26 22 34 17
26 18 22 34 17
18 26 34 22 17
26 18 34 22 17
18 26 23 33 40
26 18 23 33 40
18 26 33 23 40
26 18 33 23 40
18 26 24 32 76
26 18 24 32 76
18 26 32 24 76
26 18 32 24 76
18 26 25 31 122
26 18 25 31 122
18 26 31 25 122
26 18 31 25 122
18 26 26 30 170
26 18 26 30 170
18 26 30 26 170
26 18 30 26 170
18 26 27 29 207
26 18 27 29 207
18 26 29 27 207
26 18 29 27 207
18 26 28 28 220
26 18 28 28 220
19 25 23 33 103
25 19 23 33 103
19 25 33 23 103
25 19 33 23 103
19 25 24 32 183
25 19 24 32 183
19 25 32 24 183
25 19 32 24 183
19 25 25 31 282
25 19 25 31 282
19 25 31 25 282
25 19 31 25 282
19 25 26 30 380
25 19 26 30 380
19 25 30 26 380
25 19 30 26 380
19 25 27 29 455
25 19 27 29 455
19 25 29 27 455
25 19 29 27 455
19 25 28 28 481
25 19 28 28 481
13 31 19 37 0
31 13 19 37 0
13 31 37 19 0
31 13 37 19 0
13 31 20 36 0
31 13 20 36 0
13 31 36 20 0
31 13 36 20 0
14 30 19 37 0
30 14 19 37 0
14 30 37 19 0
30 14 37 19 0
14 30 20 36 0
30 14 20 36 0
14 30 36 20 0
30 14 36 20 0
15 29 19 37 0
29 15 19 37 0
15 29 37 19 0
29 15 37 19 0
15 29 20 36 0
29 15 20 36 0
15 29 36 20 0
29 15 36 20 0
16 28 19 37 0
28 16 19 37 0
16 28 37 19 0
28 16 37 19 0
16 28 20 36 0
28 16 20 36 0
16 28 36 20 0
28 16 36 20 0
17 27 19 37 0
27 17 19 37 0
17 27 37 19 0
27 17 37 19 0
17 27 20 36 0
27 17 20 36 0
17 27 36 20 0
27 17 36 20 0
18 26 19 37 0
26 18 19 37 0
18 26 37 19 0
26 18 37 19 0
18 26 20 36 1
26 18 20 36 1
18 26 36 20 1
26 18 36 20 1
14 30 18 38 0
30 14 18 38 0
14 30 38 18 0
30 14 38 18 0
15 29 18 38 0
29 15 18 38 0
15 29 38 18 0
29 15 38 18 0
16 28 18 38 0
28 16 18 38 0
16 28 38 18 0
28 16 38 18 0
17 27 18 38 0
27 17 18 38 0
17 27 38 18 0
27 17 38 18 0
18 26 18 38 0
26 18 18 38 0
18 26 38 18 0
26 18 38 18 0
19 25 18 38 0
25 19 18 38 0
19 25 38 18 0
25 19 38 18 0
19 25 19 37 1
25 19 19 37 1
19 25 37 19 1
25 19 37 19 1
19 25 20 36 5
25 19 20 36 5
19 25 36 20 5
25 19 36 20 5
19 25 21 35 19
25 19 21 35 19
19 25 35 21 19
25 19 35 21 19
19 25 22 34 48
25 19 22 34 48
19 25 34 22 48
25 19 34 22 48
20 24 19 37 2
24 20 19 37 2
20 24 37 19 2
24 20 37 19 2
20 24 20 36 11
24 20 20 36 11
20 24 36 20 11
24 20 36 20 11
20 24 21 35 37
24 20 21 35 37
20 24 35 21 37
24 20 35 21 37
20 24 22 34 91
24 20 22 34 91
20 24 34 22 91
24 20 34 22 91
20 24 23 33 186
24 20 23 33 186
20 24 33 23 186
24 20 33 23 186
20 24 24 32 322
24 20 24 32 322
20 24 32 24 322
24 20 32 24 322
20 24 25 31 484
24 20 25 31 484
20 24 31 25 484
24 20 31 25 484
20 24 26 30 644
24 20 26 30 644
20 24 30 26 644
24 20 30 26 644
20 24 27 29 762
24 20 27 29 762
20 24 29 27 762
24 20 29 27 762
20 24 28 28 805
24 20 28 28 805
21 23 22 34 134
23 21 22 34 134
21 23 34 22 134
23 21 34 22 134
21 23 23 33 267
23 21 23 33 267
21 23 33 23 267
23 21 33 23 267
21 23 24 32 451
23 21 24 32 451
21 23 32 24 451
23 21 32 24 451
21 23 25 31 670
23 21 25 31 670
21 23 31 25 670
23 21 31 25 670
21 23 26 30 881
23 21 26 30 881
21 23 30 26 881
23 21 30 26 881
21 23 27 29 1038
23 21 27 29 1038
21 23 29 27 1038
23 21 29 27 1038
21 23 28 28 1093
23 21 28 28 1093
15 29 17 39 0
29 15 17 39 0
15 29 39 17 0
29 15 39 17 0
16 28 17 39 0
28 16 17 39 0
16 28 39 17 0
28 16 39 17 0
17 27 17 39 0
27 17 17 39 0
17 27 39 17 0
27 17 39 17 0
18 26 17 39 0
26 18 17 39 0
18 26 39 17 0
26 18 39 17 0
19 25 17 39 0
25 19 17 39 0
19 25 39 17 0
25 19 39 17 0
20 24 17 39 0
24 20 17 39 0
20 24 39 17 0
24 20 39 17 0
20 24 18 38 0
24 20 18 38 0
20 24 38 18 0
24 20 38 18 0
21 23 17 39 0
23 21 17 39 0
21 23 39 17 0
23 21 39 17 0
21 23 18 38 0
23 21 18 38 0
21 23 38 18 0
23 21 38 18 0
21 23 19 37 4
23 21 19 37 4
21 23 37 19 4
23 21 37 19 4
21 23 20 36 18
23 21 20 36 18
21 23 36 20 18
23 21 36 20 18
21 23 21 35 57
23 21 21 35 57
21 23 35 21 57
23 21 35 21 57
22 22 19 37 4
22 22 37 19 4
22 22 20 36 20
22 22 36 20 20
22 22 21 35 63
22 22 35 21 63
22 22 22 34 149
22 22 34 22 149
22 22 23 33 295
22 22 33 23 295
22 22 24 32 498
22 22 32 24 498
22 22 25 31 737
22 22 31 25 737
22 22 26 30 969
22 22 30 26 969
22 22 27 29 1139
22 22 29 27 1139
22 22 28 28 1200
22 22 17 39 0
22 22 39 17 0
22 22 18 38 0
22 22 38 18 0
16 28 16 40 0
28 16 16 40 0
16 28 40 16 0
28 16 40 16 0
17 27 16 40 0
27 17 16 40 0
17 27 40 16 0
27 17 40 16 0
18 26 16 40 0
26 18 16 40 0
18 26 40 16 0
26 18 40 16 0
19 25 16 40 0
25 19 16 40 0
19 25 40 16 0
25 19 40 16 0
20 24 16 40 0
24 20 16 40 0
20 24 40 16 0
24 20 40 16 0
21 23 16 40 0
23 21 16 40 0
21 23 40 16 0
23 21 40 16 0
22 22 16 40 0
22 22 40 16 0
18 26 15 41 0
26 18 15 41 0
18 26 41 15 0
26 18 41 15 0
19 25 15 41 0
25 19 15 41 0
19 25 41 15 0
25 19 41 15 0
20 24 15 41 0
24 20 15 41 0
20 24 41 15 0
24 20 41 15 0
21 23 15 41 0
23 21 15 41 0
21 23 41 15 0
23 21 41 15 0
22 22 15 41 0
22 22 41 15 0
