15 35 30 34 0
35 15 30 34 0
15 35 34 30 0
35 15 34 30 0
15 35 31 33 0
35 15 31 33 0
15 35 33 31 0
35 15 33 31 0
15 35 32 32 0
35 15 32 32 0
16 34 30 34 0
34 16 30 34 0
16 34 34 30 0
34 16 34 30 0
16 34 31 33 0
34 16 31 33 0
16 34 33 31 0
34 16 33 31 0
16 34 32 32 0
34 16 32 32 0
17 33 30 34 0
33 17 30 34 0
17 33 34 30 0
33 17 34 30 0
17 33 31 33 0
33 17 31 33 0
17 33 33 31 0
33 17 33 31 0
17 33 32 32 0
33 17 32 32 0
18 32 30 34 0
32 18 30 34 0
18 32 34 30 0
32 18 34 30 0
18 32 31 33 0
32 18 31 33 0
18 32 33 31 0
32 18 33 31 0
18 32 32 32 0
32 18 32 32 0
19 31 30 34 0
31 19 30 34 0
19 31 34 30 0
31 19 34 30 0
19 31 31 33 0
31 19 31 33 0
19 31 33 31 0
31 19 33 31 0
19 31 32 32 0
31 19 32 32 0
20 30 30 34 0
30 20 30 34 0
20 30 34 30 0
30 20 34 30 0
20 30 31 33 0
30 20 31 33 0
20 30 33 31 0
30 20 33 31 0
20 30 32 32 0
30 20 32 32 0
16 34 26 38 0
34 16 26 38 0
16 34 38 26 0
34 16 38 26 0
16 34 27 37 0
34 16 27 37 0
16 34 37 27 0
34 16 37 27 0
16 34 28 36 0
34 16 28 36 0
16 34 36 28 0
34 16 36 28 0
16 34 29 35 0
34 16 29 35 0
16 34 35 29 0
34 16 35 29 0
17 33 26 38 0
33 17 26 38 0
17 33 38 26 0
33 17 38 26 0
17 33 27 37 0
33 17 27 37 0
17 33 37 27 0
33 17 37 27 0
17 33 28 36 0
33 17 28 36 0
17 33 36 28 0
33 17 36 28 0
17 33 29 35 0
33 17 29 35 0
17 33 35 29 0
33 17 35 29 0
18 32 26 38 0
32 18 26 38 0
18 32 38 26 0
32 18 38 26 0
18 32 27 37 0
32 18 27 37 0
18 32 37 27 0
32 18 37 27 0
18 32 28 36 0
32 18 28 36 0
18 32 36 28 0
32 18 36 28 0
18 32 29 35 0
32 18 29 35 0
18 32 35 29 0
32 18 35 29 0
19 31 26 38 0
31 19 26 38 0
19 31 38 26 0
31 19 38 26 0
19 31 27 37 0
31 19 27 37 0
19 31 37 27 0
31 19 37 27 0
19 31 28 36 0
31 19 28 36 0
19 31 36 28 0
31 19 36 28 0
19 31 29 35 0
31 19 29 35 0
19 31 35 29 0
31 19 35 29 0
20 30 26 38 0
30 20 26 38 0
20 30 38 26 0
30 20 38 26 0
20 30 27 37 0
30 20 27 37 0
20 30 37 27 0
30 20 37 27 0
20 30 28 36 0
30 20 28 36 0
20 30 36 28 0
30 20 36 28 0
20 30 29 35 0
30 20 29 35 0
20 30 35 29 0
30 20 35 29 0
21 29 26 38 0
29 21 26 38 0
21 29 38 26 0
29 21 38 26 0
21 29 27 37 0
29 21 27 37 0
21 29 37 27 0
29 21 37 27 0
21 29 28 36 1
29 21 28 36 1
21 29 36 28 1
29 21 36 28 1
21 29 29 35 2
29 21 29 35 2
21 29 35 29 2
29 21 35 29 2
21 29 30 34 4
29 21 30 34 4
21 29 34 30 4
29 21 34 30 4
21 29 31 33 5
29 21 31 33 5
21 29 33 31 5
29 21 33 31 5
21 29 32 32 6
29 21 32 32 6
17 33 24 40 0
33 17 24 40 0
17 33 40 24 0
33 17 40 24 0
17 33 25 39 0
33 17 25 39 0
17 33 39 25 0
33 17 39 25 0
18 32 24 40 0
32 18 24 40 0
18 32 40 24 0
32 18 40 24 0
18 32 25 39 0
32 18 25 39 0
18 32 39 25 0
32 18 39 25 0
19 31 24 40 0
31 19 24 40 0
19 31 40 24 0
31 19 40 24 0
19 31 25 39 0
31 19 25 39 0
19 31 39 25 0
31 19 39 25 0
20 30 24 40 0
30 20 24 40 0
20 30 40 24 0
30 20 40 24 0
20 30 25 39 0
30 20 25 39 0
20 30 39 25 0
30 20 39 25 0
21 29 24 40 0
29 21 24 40 0
21 29 40 24 0
29 21 40 24 0
21 29 25 39 0
29 21 25 39 0
21 29 39 25 0
29 21 39 25 0
22 28 24 40 0
28 22 24 40 0
22 28 40 24 0
28 22 40 24 0
22 28 25 39 0
28 22 25 39 0
22 28 39 25 0
28 22 39 25 0
22 28 26 38 1
28 22 26 38 1
22 28 38 26 1
28 22 38 26 1
22 28 27 37 3
28 22 27 37 3
22 28 37 27 3
28 22 37 27 3
22 28 28 36 7
28 22 28 36 7
22 28 36 28 7
28 22 36 28 7
22 28 29 35 12
28 22 29 35 12
22 28 35 29 12
28 22 35 29 12
22 28 30 34 18
28 22 30 34 18
22 28 34 30 18
28 22 34 30 18
22 28 31 33 22
28 22 31 33 22
22 28 33 31 22
28 22 33 31 22
22 28 32 32 24
28 22 32 32 24
23 27 24 40 0
27 23 24 40 0
23 27 40 24 0
27 23 40 24 0
23 27 25 39 0
27 23 25 39 0
23 27 39 25 0
27 23 39 25 0
23 27 26 38 3
27 23 26 38 3
23 27 38 26 3
27 23 38 26 3
23 27 27 37 8
27 23 27 37 8
23 27 37 27 8
27 23 37 27 8
23 27 28 36 17
27 23 28 36 17
23 27 36 28 17
27 23 36 28 17
23 27 29 35 28
27 23 29 35 28
23 27 35 29 28
27 23 35 29 28
23 27 30 34 40
27 23 30 34 40
23 27 34 30 40
27 23 34 30 40
23 27 31 33 48
27 23 31 33 48
23 27 33 31 48
27 23 33 31 48
23 27 32 32 52
27 23 32 32 52
24 26 26 38 6
26 24 26 38 6
24 26 38 26 6
26 24 38 26 6
24 26 27 37 15
26 24 27 37 15
24 26 37 27 15
26 24 37 27 15
24 26 28 36 29
26 24 28 36 29
24 26 36 28 29
26 24 36 28 29
24 26 29 35 47
26 24 29 35 47
24 26 35 29 47
26 24 35 29 47
24 26 30 34 65
26 24 30 34 65
24 26 34 30 65
26 24 34 30 65
24 26 31 33 78
26 24 31 33 78
24 26 33 31 78
26 24 33 31 78
24 26 32 32 83
26 24 32 32 83
25 25 30 34 73
25 25 34 30 73
25 25 31 33 87
25 25 33 31 87
25 25 32 32 93
18 32 23 41 0
32 18 23 41 0
18 32 41 23 0
32 18 41 23 0
19 31 23 41 0
31 19 23 41 0
19 31 41 23 0
31 19 41 23 0
20 30 23 41 0
30 20 23 41 0
20 30 41 23 0
30 20 41 23 0
21 29 23 41 0
29 21 23 41 0
21 29 41 23 0
29 21 41 23 0
22 28 23 41 0
28 22 23 41 0
22 28 41 23 0
28 22 41 23 0
23 27 23 41 0
27 23 23 41 0
23 27 41 23 0
27 23 41 23 0
19 31 22 42 0
31 19 22 42 0
19 31 42 22 0
31 19 42 22 0
20 30 22 42 0
30 20 22 42 0
20 30 42 22 0
30 20 42 22 0
21 29 22 42 0
29 21 22 42 0
21 29 42 22 0
29 21 42 22 0
22 28 22 42 0
28 22 22 42 0
22 28 42 22 0
28 22 42 22 0
23 27 22 42 0
27 23 22 42 0
23 27 42 22 0
27 23 42 22 0
24 26 22 42 0
26 24 22 42 0
24 26 42 22 0
26 24 42 22 0
24 26 23 41 0
26 24 23 41 0
24 26 41 23 0
26 24 41 23 0
24 26 24 40 0
26 24 24 40 0
24 26 40 24 0
26 24 40 24 0
24 26 25 39 1
26 24 25 39 1
24 26 39 25 1
26 24 39 25 1
25 25 23 41 0
25 25 41 23 0
25 25 24 40 0
25 25 40 24 0
25 25 25 39 1
25 25 39 25 1
25 25 26 38 7
25 25 38 26 7
25 25 27 37 17
25 25 37 27 17
25 25 28 36 33
25 25 36 28 33
25 25 29 35 53
25 25 35 29 53
25 25 22 42 0
25 25 42 22 0
21 29 21 43 0
29 21 21 43 0
21 29 43 21 0
29 21 43 21 0
22 28 21 43 0
28 22 21 43 0
22 28 43 21 0
28 22 43 21 0
23 27 21 43 0
27 23 21 43 0
23 27 43 21 0
27 23 43 21 0
24 26 21 43 0
26 24 21 43 0
24 26 43 21 0
26 24 43 21 0
25 25 21 43 0
25 25 43 21 0
