9 32 21 31 0
32 9 21 31 0
9 32 31 21 0
32 9 31 21 0
9 32 22 30 0
32 9 22 30 0
9 32 30 22 0
32 9 30 22 0
9 32 23 29 0
32 9 23 29 0
9 32 29 23 0
32 9 29 23 0
9 32 24 28 0
32 9 24 28 0
9 32 28 24 0
32 9 28 24 0
9 32 25 27 0
32 9 25 27 0
9 32 27 25 0
32 9 27 25 0
10 31 21 31 0
31 10 21 31 0
10 31 31 21 0
31 10 31 21 0
10 31 22 30 0
31 10 22 30 0
10 31 30 22 0
31 10 30 22 0
10 31 23 29 0
31 10 23 29 0
10 31 29 23 0
31 10 29 23 0
10 31 24 28 0
31 10 24 28 0
10 31 28 24 0
31 10 28 24 0
10 31 25 27 0
31 10 25 27 0
10 31 27 25 0
31 10 27 25 0
11 30 21 31 0
30 11 21 31 0
11 30 31 21 0
30 11 31 21 0
11 30 22 30 0
30 11 22 30 0
11 30 30 22 0
30 11 30 22 0
11 30 23 29 0
30 11 23 29 0
11 30 29 23 0
30 11 29 23 0
11 30 24 28 0
30 11 24 28 0
11 30 28 24 0
30 11 28 24 0
11 30 25 27 0
30 11 25 27 0
11 30 27 25 0
30 11 27 25 0
12 29 21 31 0
29 12 21 31 0
12 29 31 21 0
29 12 31 21 0
12 29 22 30 0
29 12 22 30 0
12 29 30 22 0
29 12 30 22 0
12 29 23 29 0
29 12 23 29 0
12 29 29 23 0
29 12 29 23 0
12 29 24 28 0
29 12 24 28 0
12 29 28 24 0
29 12 28 24 0
12 29 25 27 0
29 12 25 27 0
12 29 27 25 0
29 12 27 25 0
13 28 21 31 0
28 13 21 31 0
13 28 31 21 0
28 13 31 21 0
13 28 22 30 0
28 13 22 30 0
13 28 30 22 0
28 13 30 22 0
13 28 23 29 1
28 13 23 29 1
13 28 29 23 1
28 13 29 23 1
13 28 24 28 2
28 13 24 28 2
13 28 28 24 2
28 13 28 24 2
13 28 25 27 3
28 13 25 27 3
13 28 27 25 3
28 13 27 25 3
14 27 21 31 3
27 14 21 31 3
14 27 31 21 3
27 14 31 21 3
14 27 22 30 7
27 14 22 30 7
14 27 30 22 7
27 14 30 22 7
14 27 23 29 15
27 14 23 29 15
14 27 29 23 15
27 14 29 23 15
14 27 24 28 23
27 14 24 28 23
14 27 28 24 23
27 14 28 24 23
14 27 25 27 30
27 14 25 27 30
14 27 27 25 30
27 14 27 25 30
9 32 26 26 0
32 9 26 26 0
10 31 26 26 0
31 10 26 26 0
11 30 26 26 0
30 11 26 26 0
12 29 26 26 0
29 12 26 26 0
13 28 26 26 3
28 13 26 26 3
14 27 26 26 32
27 14 26 26 32
10 31 20 32 0
31 10 20 32 0
10 31 32 20 0
31 10 32 20 0
11 30 20 32 0
30 11 20 32 0
11 30 32 20 0
30 11 32 20 0
12 29 20 32 0
29 12 20 32 0
12 29 32 20 0
29 12 32 20 0
13 28 20 32 0
28 13 20 32 0
13 28 32 20 0
28 13 32 20 0
14 27 20 32 1
27 14 20 32 1
14 27 32 20 1
27 14 32 20 1
15 26 20 32 8
26 15 20 32 8
15 26 32 20 8
26 15 32 20 8
15 26 21 31 21
26 15 21 31 21
15 26 31 21 21
26 15 31 21 21
15 26 22 30 42
26 15 22 30 42
15 26 30 22 42
26 15 30 22 42
15 26 23 29 73
26 15 23 29 73
15 26 29 23 73
26 15 29 23 73
15 26 24 28 104
26 15 24 28 104
15 26 28 24 104
26 15 28 24 104
15 26 25 27 130
26 15 25 27 130
15 26 27 25 130
26 15 27 25 130
15 26 26 26 138
26 15 26 26 138
16 25 21 31 83
25 16 21 31 83
16 25 31 21 83
25 16 31 21 83
16 25 22 30 150
25 16 22 30 150
16 25 30 22 150
25 16 30 22 150
16 25 23 29 238
25 16 23 29 238
16 25 29 23 238
25 16 29 23 238
16 25 24 28 324
25 16 24 28 324
16 25 28 24 324
25 16 28 24 324
16 25 25 27 392
25 16 25 27 392
16 25 27 25 392
25 16 27 25 392
16 25 26 26 415
25 16 26 26 415
10 31 19 33 0
31 10 19 33 0
10 31 33 19 0
31 10 33 19 0
11 30 19 33 0
30 11 19 33 0
11 30 33 19 0
30 11 33 19 0
12 29 19 33 0
29 12 19 33 0
12 29 33 19 0
29 12 33 19 0
13 28 19 33 0
28 13 19 33 0
13 28 33 19 0
28 13 33 19 0
14 27 19 33 0
27 14 19 33 0
14 27 33 19 0
27 14 33 19 0
15 26 19 33 2
26 15 19 33 2
15 26 33 19 2
26 15 33 19 2
11 30 17 35 0
30 11 17 35 0
11 30 35 17 0
30 11 35 17 0
11 30 18 34 0
30 11 18 34 0
11 30 34 18 0
30 11 34 18 0
12 29 17 35 0
29 12 17 35 0
12 29 35 17 0
29 12 35 17 0
12 29 18 34 0
29 12 18 34 0
12 29 34 18 0
29 12 34 18 0
13 28 17 35 0
28 13 17 35 0
13 28 35 17 0
28 13 35 17 0
13 28 18 34 0
28 13 18 34 0
13 28 34 18 0
28 13 34 18 0
14 27 17 35 0
27 14 17 35 0
14 27 35 17 0
27 14 35 17 0
14 27 18 34 0
27 14 18 34 0
14 27 34 18 0
27 14 34 18 0
15 26 17 35 0
26 15 17 35 0
15 26 35 17 0
26 15 35 17 0
15 26 18 34 0
26 15 18 34 0
15 26 34 18 0
26 15 34 18 0
16 25 17 35 1
25 16 17 35 1
16 25 35 17 1
25 16 35 17 1
16 25 18 34 4
25 16 18 34 4
16 25 34 18 4
25 16 34 18 4
16 25 19 33 14
25 16 19 33 14
16 25 33 19 14
25 16 33 19 14
16 25 20 32 38
25 16 20 32 38
16 25 32 20 38
25 16 32 20 38
17 24 17 35 3
24 17 17 35 3
17 24 35 17 3
24 17 35 17 3
17 24 18 34 13
24 17 18 34 13
17 24 34 18 13
24 17 34 18 13
17 24 19 33 41
24 17 19 33 41
17 24 33 19 41
24 17 33 19 41
17 24 20 32 101
24 17 20 32 101
17 24 32 20 101
24 17 32 20 101
17 24 21 31 207
24 17 21 31 207
17 24 31 21 207
24 17 31 21 207
17 24 22 30 358
24 17 22 30 358
17 24 30 22 358
24 17 30 22 358
17 24 23 29 546
24 17 23 29 546
17 24 29 23 546
24 17 29 23 546
17 24 24 28 727
24 17 24 28 727
17 24 28 24 727
24 17 28 24 727
17 24 25 27 865
24 17 25 27 865
17 24 27 25 865
24 17 27 25 865
17 24 26 26 913
24 17 26 26 913
18 23 19 33 89
23 18 19 33 89
18 23 33 19 89
23 18 33 19 89
18 23 20 32 205
23 18 20 32 205
18 23 32 20 205
23 18 32 20 205
18 23 21 31 399
23 18 21 31 399
18 23 31 21 399
23 18 31 21 399
18 23 22 30 668
23 18 22 30 668
18 23 30 22 668
23 18 30 22 668
18 23 23 29 991
23 18 23 29 991
18 23 29 23 991
23 18 29 23 991
18 23 24 28 1299
23 18 24 28 1299
18 23 28 24 1299
23 18 28 24 1299
18 23 25 27 1529
23 18 25 27 1529
18 23 27 25 1529
23 18 27 25 1529
18 23 26 26 1610
23 18 26 26 1610
12 29 16 36 0
29 12 16 36 0
12 29 36 16 0
29 12 36 16 0
13 28 16 36 0
28 13 16 36 0
13 28 36 16 0
28 13 36 16 0
14 27 16 36 0
27 14 16 36 0
14 27 36 16 0
27 14 36 16 0
15 26 16 36 0
26 15 16 36 0
15 26 36 16 0
26 15 36 16 0
16 25 16 36 0
25 16 16 36 0
16 25 36 16 0
25 16 36 16 0
17 24 16 36 0
24 17 16 36 0
17 24 36 16 0
24 17 36 16 0
13 28 15 37 0
28 13 15 37 0
13 28 37 15 0
28 13 37 15 0
14 27 15 37 0
27 14 15 37 0
14 27 37 15 0
27 14 37 15 0
15 26 15 37 0
26 15 15 37 0
15 26 37 15 0
26 15 37 15 0
16 25 15 37 0
25 16 15 37 0
16 25 37 15 0
25 16 37 15 0
17 24 15 37 0
24 17 15 37 0
17 24 37 15 0
24 17 37 15 0
18 23 15 37 0
23 18 15 37 0
18 23 37 15 0
23 18 37 15 0
18 23 16 36 1
23 18 16 36 1
18 23 36 16 1
23 18 36 16 1
18 23 17 35 8
23 18 17 35 8
18 23 35 17 8
23 18 35 17 8
18 23 18 34 31
23 18 18 34 31
18 23 34 18 31
23 18 34 18 31
19 22 16 36 2
22 19 16 36 2
19 22 36 16 2
22 19 36 16 2
19 22 17 35 14
22 19 17 35 14
19 22 35 17 14
22 19 35 17 14
19 22 18 34 51
22 19 18 34 51
19 22 34 18 51
22 19 34 18 51
19 22 19 33 141
22 19 19 33 141
19 22 33 19 141
22 19 33 19 141
19 22 20 32 315
22 19 20 32 315
19 22 32 20 315
22 19 32 20 315
19 22 21 31 599
22 19 21 31 599
19 22 31 21 599
22 19 31 21 599
19 22 22 30 986
22 19 22 30 986
19 22 30 22 986
22 19 30 22 986
19 22 23 29 1443
22 19 23 29 1443
19 22 29 23 1443
22 19 29 23 1443
19 22 24 28 1875
22 19 24 28 1875
19 22 28 24 1875
22 19 28 24 1875
19 22 25 27 2195
22 19 25 27 2195
19 22 27 25 2195
22 19 27 25 2195
19 22 26 26 2308
22 19 26 26 2308
20 21 19 33 178
21 20 19 33 178
20 21 33 19 178
21 20 33 19 178
20 21 20 32 391
21 20 20 32 391
20 21 32 20 391
21 20 32 20 391
20 21 21 31 734
21 20 21 31 734
20 21 31 21 734
21 20 31 21 734
20 21 22 30 1197
21 20 22 30 1197
20 21 30 22 1197
21 20 30 22 1197
20 21 23 29 1739
21 20 23 29 1739
20 21 29 23 1739
21 20 29 23 1739
20 21 24 28 2249
21 20 24 28 2249
20 21 28 24 2249
21 20 28 24 2249
20 21 25 27 2626
21 20 25 27 2626
20 21 27 25 2626
21 20 27 25 2626
20 21 26 26 2759
21 20 26 26 2759
19 22 15 37 0
22 19 15 37 0
19 22 37 15 0
22 19 37 15 0
20 21 15 37 0
21 20 15 37 0
20 21 37 15 0
21 20 37 15 0
20 21 16 36 3
21 20 16 36 3
20 21 36 16 3
21 20 36 16 3
20 21 17 35 19
21 20 17 35 19
20 21 35 17 19
21 20 35 17 19
20 21 18 34 66
21 20 18 34 66
20 21 34 18 66
21 20 34 18 66
14 27 14 38 0
27 14 14 38 0
14 27 38 14 0
27 14 38 14 0
15 26 14 38 0
26 15 14 38 0
15 26 38 14 0
26 15 38 14 0
16 25 14 38 0
25 16 14 38 0
16 25 38 14 0
25 16 38 14 0
17 24 14 38 0
24 17 14 38 0
17 24 38 14 0
24 17 38 14 0
18 23 14 38 0
23 18 14 38 0
18 23 38 14 0
23 18 38 14 0
19 22 14 38 0
22 19 14 38 0
19 22 38 14 0
22 19 38 14 0
15 26 13 39 0
26 15 13 39 0
15 26 39 13 0
26 15 39 13 0
16 25 13 39 0
25 16 13 39 0
16 25 39 13 0
25 16 39 13 0
17 24 13 39 0
24 17 13 39 0
17 24 39 13 0
24 17 39 13 0
18 23 13 39 0
23 18 13 39 0
18 23 39 13 0
23 18 39 13 0
19 22 13 39 0
22 19 13 39 0
19 22 39 13 0
22 19 39 13 0
20 21 13 39 0
21 20 13 39 0
20 21 39 13 0
21 20 39 13 0
20 21 14 38 0
21 20 14 38 0
20 21 38 14 0
21 20 38 14 0
18 23 12 40 0
23 18 12 40 0
18 23 40 12 0
23 18 40 12 0
19 22 12 40 0
22 19 12 40 0
19 22 40 12 0
22 19 40 12 0
20 21 12 40 0
21 20 12 40 0
20 21 40 12 0
21 20 40 12 0
