5 30 20 24 0
30 5 20 24 0
5 30 24 20 0
30 5 24 20 0
5 30 21 23 0
30 5 21 23 0
5 30 23 21 0
30 5 23 21 0
5 30 22 22 0
30 5 22 22 0
6 29 20 24 0
29 6 20 24 0
6 29 24 20 0
29 6 24 20 0
6 29 21 23 0
29 6 21 23 0
6 29 23 21 0
29 6 23 21 0
6 29 22 22 0
29 6 22 22 0
7 28 20 24 0
28 7 20 24 0
7 28 24 20 0
28 7 24 20 0
7 28 21 23 0
28 7 21 23 0
7 28 23 21 0
28 7 23 21 0
7 28 22 22 0
28 7 22 22 0
8 27 20 24 0
27 8 20 24 0
8 27 24 20 0
27 8 24 20 0
8 27 21 23 0
27 8 21 23 0
8 27 23 21 0
27 8 23 21 0
8 27 22 22 0
27 8 22 22 0
9 26 20 24 4
26 9 20 24 4
9 26 24 20 4
26 9 24 20 4
9 26 21 23 5
26 9 21 23 5
9 26 23 21 5
26 9 23 21 5
9 26 22 22 6
26 9 22 22 6
10 25 20 24 32
25 10 20 24 32
10 25 24 20 32
25 10 24 20 32
10 25 21 23 40
25 10 21 23 40
10 25 23 21 40
25 10 23 21 40
10 25 22 22 44
25 10 22 22 44
6 29 16 28 0
29 6 16 28 0
6 29 28 16 0
29 6 28 16 0
6 29 17 27 0
29 6 17 27 0
6 29 27 17 0
29 6 27 17 0
6 29 18 26 0
29 6 18 26 0
6 29 26 18 0
29 6 26 18 0
6 29 19 25 0
29 6 19 25 0
6 29 25 19 0
29 6 25 19 0
7 28 16 28 0
28 7 16 28 0
7 28 28 16 0
28 7 28 16 0
7 28 17 27 0
28 7 17 27 0
7 28 27 17 0
28 7 27 17 0
7 28 18 26 0
28 7 18 26 0
7 28 26 18 0
28 7 26 18 0
7 28 19 25 0
28 7 19 25 0
7 28 25 19 0
28 7 25 19 0
8 27 16 28 0
27 8 16 28 0
8 27 28 16 0
27 8 28 16 0
8 27 17 27 0
27 8 17 27 0
8 27 27 17 0
27 8 27 17 0
8 27 18 26 0
27 8 18 26 0
8 27 26 18 0
27 8 26 18 0
8 27 19 25 0
27 8 19 25 0
8 27 25 19 0
27 8 25 19 0
9 26 16 28 0
26 9 16 28 0
9 26 28 16 0
26 9 28 16 0
9 26 17 27 0
26 9 17 27 0
9 26 27 17 0
26 9 27 17 0
9 26 18 26 1
26 9 18 26 1
9 26 26 18 1
26 9 26 18 1
9 26 19 25 2
26 9 19 25 2
9 26 25 19 2
26 9 25 19 2
10 25 16 28 1
25 10 16 28 1
10 25 28 16 1
25 10 28 16 1
10 25 17 27 4
25 10 17 27 4
10 25 27 17 4
25 10 27 17 4
10 25 18 26 11
25 10 18 26 11
10 25 26 18 11
25 10 26 18 11
10 25 19 25 20
25 10 19 25 20
10 25 25 19 20
25 10 25 19 20
11 24 16 28 13
24 11 16 28 13
11 24 28 16 13
24 11 28 16 13
11 24 17 27 32
24 11 17 27 32
11 24 27 17 32
24 11 27 17 32
11 24 18 26 65
24 11 18 26 65
11 24 26 18 65
24 11 26 18 65
11 24 19 25 106
24 11 19 25 106
11 24 25 19 106
24 11 25 19 106
11 24 20 24 153
24 11 20 24 153
11 24 24 20 153
24 11 24 20 153
11 24 21 23 186
24 11 21 23 186
11 24 23 21 186
24 11 23 21 186
11 24 22 22 200
24 11 22 22 200
12 23 16 28 57
23 12 16 28 57
12 23 28 16 57
23 12 28 16 57
12 23 17 27 124
23 12 17 27 124
12 23 27 17 124
23 12 27 17 124
12 23 18 26 228
23 12 18 26 228
12 23 26 18 228
23 12 26 18 228
12 23 19 25 355
23 12 19 25 355
12 23 25 19 355
23 12 25 19 355
12 23 20 24 488
23 12 20 24 488
12 23 24 20 488
23 12 24 20 488
12 23 21 23 584
23 12 21 23 584
12 23 23 21 584
23 12 23 21 584
12 23 22 22 622
23 12 22 22 622
7 28 14 30 0
28 7 14 30 0
7 28 30 14 0
28 7 30 14 0
7 28 15 29 0
28 7 15 29 0
7 28 29 15 0
28 7 29 15 0
8 27 14 30 0
27 8 14 30 0
8 27 30 14 0
27 8 30 14 0
8 27 15 29 0
27 8 15 29 0
8 27 29 15 0
27 8 29 15 0
9 26 14 30 0
26 9 14 30 0
9 26 30 14 0
26 9 30 14 0
9 26 15 29 0
26 9 15 29 0
9 26 29 15 0
26 9 29 15 0
10 25 14 30 0
25 10 14 30 0
10 25 30 14 0
25 10 30 14 0
10 25 15 29 0
25 10 15 29 0
10 25 29 15 0
25 10 29 15 0
11 24 14 30 1
24 11 14 30 1
11 24 30 14 1
24 11 30 14 1
11 24 15 29 4
24 11 15 29 4
11 24 29 15 4
24 11 29 15 4
12 23 14 30 6
23 12 14 30 6
12 23 30 14 6
23 12 30 14 6
12 23 15 29 21
23 12 15 29 21
12 23 29 15 21
23 12 29 15 21
8 27 13 31 0
27 8 13 31 0
8 27 31 13 0
27 8 31 13 0
9 26 13 31 0
26 9 13 31 0
9 26 31 13 0
26 9 31 13 0
10 25 13 31 0
25 10 13 31 0
10 25 31 13 0
25 10 31 13 0
11 24 13 31 0
24 11 13 31 0
11 24 31 13 0
24 11 31 13 0
12 23 13 31 1
23 12 13 31 1
12 23 31 13 1
23 12 31 13 1
13 22 13 31 6
22 13 13 31 6
13 22 31 13 6
22 13 31 13 6
13 22 14 30 25
22 13 14 30 25
13 22 30 14 25
22 13 30 14 25
13 22 15 29 73
22 13 15 29 73
13 22 29 15 73
22 13 29 15 73
13 22 16 28 175
22 13 16 28 175
13 22 28 16 175
22 13 28 16 175
13 22 17 27 349
22 13 17 27 349
13 22 27 17 349
22 13 27 17 349
13 22 18 26 603
22 13 18 26 603
13 22 26 18 603
22 13 26 18 603
13 22 19 25 903
22 13 19 25 903
13 22 25 19 903
22 13 25 19 903
13 22 20 24 1205
22 13 20 24 1205
13 22 24 20 1205
22 13 24 20 1205
13 22 21 23 1422
22 13 21 23 1422
13 22 23 21 1422
22 13 23 21 1422
13 22 22 22 1506
22 13 22 22 1506
14 21 14 30 63
21 14 14 30 63
14 21 30 14 63
21 14 30 14 63
14 21 15 29 172
21 14 15 29 172
14 21 29 15 172
21 14 29 15 172
14 21 16 28 388
21 14 16 28 388
14 21 28 16 388
21 14 28 16 388
14 21 17 27 740
21 14 17 27 740
14 21 27 17 740
21 14 27 17 740
14 21 18 26 1234
21 14 18 26 1234
14 21 26 18 1234
21 14 26 18 1234
14 21 19 25 1806
21 14 19 25 1806
14 21 25 19 1806
21 14 25 19 1806
14 21 20 24 2367
21 14 20 24 2367
14 21 24 20 2367
21 14 24 20 2367
14 21 21 23 2769
21 14 21 23 2769
14 21 23 21 2769
21 14 23 21 2769
14 21 22 22 2922
21 14 22 22 2922
9 26 12 32 0
26 9 12 32 0
9 26 32 12 0
26 9 32 12 0
10 25 12 32 0
25 10 12 32 0
10 25 32 12 0
25 10 32 12 0
11 24 12 32 0
24 11 12 32 0
11 24 32 12 0
24 11 32 12 0
12 23 12 32 0
23 12 12 32 0
12 23 32 12 0
23 12 32 12 0
13 22 12 32 1
22 13 12 32 1
13 22 32 12 1
22 13 32 12 1
14 21 12 32 3
21 14 12 32 3
14 21 32 12 3
21 14 32 12 3
14 21 13 31 17
21 14 13 31 17
14 21 31 13 17
21 14 31 13 17
15 20 12 32 9
20 15 12 32 9
15 20 32 12 9
20 15 32 12 9
15 20 13 31 39
20 15 13 31 39
15 20 31 13 39
20 15 31 13 39
15 20 14 30 127
20 15 14 30 127
15 20 30 14 127
20 15 30 14 127
15 20 15 29 323
20 15 15 29 323
15 20 29 15 323
20 15 29 15 323
15 20 16 28 694
20 15 16 28 694
15 20 28 16 694
20 15 28 16 694
15 20 17 27 1279
20 15 17 27 1279
15 20 27 17 1279
20 15 27 17 1279
15 20 18 26 2079
20 15 18 26 2079
15 20 26 18 2079
20 15 26 18 2079
15 20 19 25 2991
20 15 19 25 2991
15 20 25 19 2991
20 15 25 19 2991
15 20 20 24 3871
20 15 20 24 3871
15 20 24 20 3871
20 15 24 20 3871
15 20 21 23 4499
20 15 21 23 4499
15 20 23 21 4499
20 15 23 21 4499
15 20 22 22 4736
20 15 22 22 4736
16 19 14 30 193
19 16 14 30 193
16 19 30 14 193
19 16 30 14 193
16 19 15 29 477
19 16 15 29 477
16 19 29 15 477
19 16 29 15 477
16 19 16 28 1000
19 16 16 28 1000
16 19 28 16 1000
19 16 28 16 1000
16 19 17 27 1811
19 16 17 27 1811
16 19 27 17 1811
19 16 27 17 1811
16 19 18 26 2902
19 16 18 26 2902
16 19 26 18 2902
19 16 26 18 2902
16 19 19 25 4135
19 16 19 25 4135
16 19 25 19 4135
19 16 25 19 4135
16 19 20 24 5313
19 16 20 24 5313
16 19 24 20 5313
19 16 24 20 5313
16 19 21 23 6152
19 16 21 23 6152
16 19 23 21 6152
19 16 23 21 6152
16 19 22 22 6466
19 16 22 22 6466
16 19 12 32 15
19 16 12 32 15
16 19 32 12 15
19 16 32 12 15
16 19 13 31 62
19 16 13 31 62
16 19 31 13 62
19 16 31 13 62
17 18 13 31 79
18 17 13 31 79
17 18 31 13 79
18 17 31 13 79
17 18 14 30 239
18 17 14 30 239
17 18 30 14 239
18 17 30 14 239
17 18 15 29 580
18 17 15 29 580
17 18 29 15 580
18 17 29 15 580
17 18 16 28 1200
18 17 16 28 1200
17 18 28 16 1200
18 17 28 16 1200
17 18 17 27 2153
18 17 17 27 2153
17 18 27 17 2153
18 17 27 17 2153
17 18 18 26 3425
18 17 18 26 3425
17 18 26 18 3425
18 17 26 18 3425
17 18 19 25 4856
18 17 19 25 4856
17 18 25 19 4856
18 17 25 19 4856
17 18 20 24 6217
18 17 20 24 6217
17 18 24 20 6217
18 17 24 20 6217
17 18 21 23 7185
18 17 21 23 7185
17 18 23 21 7185
18 17 23 21 7185
17 18 22 22 7546
18 17 22 22 7546
10 25 10 34 0
25 10 10 34 0
10 25 34 10 0
25 10 34 10 0
10 25 11 33 0
25 10 11 33 0
10 25 33 11 0
25 10 33 11 0
11 24 10 34 0
24 11 10 34 0
11 24 34 10 0
24 11 34 10 0
11 24 11 33 0
24 11 11 33 0
11 24 33 11 0
24 11 33 11 0
12 23 10 34 0
23 12 10 34 0
12 23 34 10 0
23 12 34 10 0
12 23 11 33 0
23 12 11 33 0
12 23 33 11 0
23 12 33 11 0
13 22 10 34 0
22 13 10 34 0
13 22 34 10 0
22 13 34 10 0
13 22 11 33 0
22 13 11 33 0
13 22 33 11 0
22 13 33 11 0
14 21 10 34 0
21 14 10 34 0
14 21 34 10 0
21 14 34 10 0
14 21 11 33 0
21 14 11 33 0
14 21 33 11 0
21 14 33 11 0
15 20 10 34 0
20 15 10 34 0
15 20 34 10 0
20 15 34 10 0
15 20 11 33 1
20 15 11 33 1
15 20 33 11 1
20 15 33 11 1
16 19 10 34 0
19 16 10 34 0
16 19 34 10 0
19 16 34 10 0
16 19 11 33 2
19 16 11 33 2
16 19 33 11 2
19 16 33 11 2
17 18 12 32 20
18 17 12 32 20
17 18 32 12 20
18 17 32 12 20
12 23 9 35 0
23 12 9 35 0
12 23 35 9 0
23 12 35 9 0
13 22 9 35 0
22 13 9 35 0
13 22 35 9 0
22 13 35 9 0
14 21 9 35 0
21 14 9 35 0
14 21 35 9 0
21 14 35 9 0
15 20 9 35 0
20 15 9 35 0
15 20 35 9 0
20 15 35 9 0
16 19 9 35 0
19 16 9 35 0
16 19 35 9 0
19 16 35 9 0
17 18 9 35 0
18 17 9 35 0
17 18 35 9 0
18 17 35 9 0
17 18 10 34 0
18 17 10 34 0
17 18 34 10 0
18 17 34 10 0
17 18 11 33 3
18 17 11 33 3
17 18 33 11 3
18 17 33 11 3
13 22 8 36 0
22 13 8 36 0
13 22 36 8 0
22 13 36 8 0
14 21 8 36 0
21 14 8 36 0
14 21 36 8 0
21 14 36 8 0
15 20 8 36 0
20 15 8 36 0
15 20 36 8 0
20 15 36 8 0
16 19 8 36 0
19 16 8 36 0
16 19 36 8 0
19 16 36 8 0
17 18 8 36 0
18 17 8 36 0
17 18 36 8 0
18 17 36 8 0
