3 26 13 23 0
26 3 13 23 0
3 26 23 13 0
26 3 23 13 0
3 26 14 22 0
26 3 14 22 0
3 26 22 14 0
26 3 22 14 0
3 26 15 21 0
26 3 15 21 0
3 26 21 15 0
26 3 21 15 0
3 26 16 20 0
26 3 16 20 0
3 26 20 16 0
26 3 20 16 0
3 26 17 19 0
26 3 17 19 0
3 26 19 17 0
26 3 19 17 0
4 25 13 23 0
25 4 13 23 0
4 25 23 13 0
25 4 23 13 0
4 25 14 22 0
25 4 14 22 0
4 25 22 14 0
25 4 22 14 0
4 25 15 21 0
25 4 15 21 0
4 25 21 15 0
25 4 21 15 0
4 25 16 20 0
25 4 16 20 0
4 25 20 16 0
25 4 20 16 0
4 25 17 19 0
25 4 17 19 0
4 25 19 17 0
25 4 19 17 0
5 24 13 23 0
24 5 13 23 0
5 24 23 13 0
24 5 23 13 0
5 24 14 22 0
24 5 14 22 0
5 24 22 14 0
24 5 22 14 0
5 24 15 21 0
24 5 15 21 0
5 24 21 15 0
24 5 21 15 0
5 24 16 20 0
24 5 16 20 0
5 24 20 16 0
24 5 20 16 0
5 24 17 19 1
24 5 17 19 1
5 24 19 17 1
24 5 19 17 1
6 23 13 23 1
23 6 13 23 1
6 23 23 13 1
23 6 23 13 1
6 23 14 22 3
23 6 14 22 3
6 23 22 14 3
23 6 22 14 3
6 23 15 21 6
23 6 15 21 6
6 23 21 15 6
23 6 21 15 6
6 23 16 20 9
23 6 16 20 9
6 23 20 16 9
23 6 20 16 9
6 23 17 19 13
23 6 17 19 13
6 23 19 17 13
23 6 19 17 13
7 22 13 23 10
22 7 13 23 10
7 22 23 13 10
22 7 23 13 10
7 22 14 22 22
22 7 14 22 22
7 22 22 14 22
22 7 22 14 22
7 22 15 21 40
22 7 15 21 40
7 22 21 15 40
22 7 21 15 40
7 22 16 20 58
22 7 16 20 58
7 22 20 16 58
22 7 20 16 58
7 22 17 19 75
22 7 17 19 75
7 22 19 17 75
22 7 19 17 75
8 21 13 23 52
21 8 13 23 52
8 21 23 13 52
21 8 23 13 52
8 21 14 22 101
21 8 14 22 101
8 21 22 14 101
21 8 22 14 101
8 21 15 21 167
21 8 15 21 167
8 21 21 15 167
21 8 21 15 167
8 21 16 20 233
21 8 16 20 233
8 21 20 16 233
21 8 20 16 233
8 21 17 19 287
21 8 17 19 287
8 21 19 17 287
21 8 19 17 287
3 26 18 18 0
26 3 18 18 0
4 25 18 18 0
25 4 18 18 0
5 24 18 18 1
24 5 18 18 1
6 23 18 18 14
23 6 18 18 14
7 22 18 18 80
22 7 18 18 80
8 21 18 18 305
21 8 18 18 305
4 25 11 25 0
25 4 11 25 0
4 25 25 11 0
25 4 25 11 0
4 25 12 24 0
25 4 12 24 0
4 25 24 12 0
25 4 24 12 0
5 24 11 25 0
24 5 11 25 0
5 24 25 11 0
24 5 25 11 0
5 24 12 24 0
24 5 12 24 0
5 24 24 12 0
24 5 24 12 0
6 23 11 25 0
23 6 11 25 0
6 23 25 11 0
23 6 25 11 0
6 23 12 24 0
23 6 12 24 0
6 23 24 12 0
23 6 24 12 0
7 22 11 25 1
22 7 11 25 1
7 22 25 11 1
22 7 25 11 1
7 22 12 24 3
22 7 12 24 3
7 22 24 12 3
22 7 24 12 3
8 21 11 25 7
21 8 11 25 7
8 21 25 11 7
21 8 25 11 7
8 21 12 24 21
21 8 12 24 21
8 21 24 12 21
21 8 24 12 21
9 20 11 25 29
20 9 11 25 29
9 20 25 11 29
20 9 25 11 29
9 20 12 24 78
20 9 12 24 78
9 20 24 12 78
20 9 24 12 78
9 20 13 23 173
20 9 13 23 173
9 20 23 13 173
20 9 23 13 173
9 20 14 22 314
20 9 14 22 314
9 20 22 14 314
20 9 22 14 314
9 20 15 21 494
20 9 15 21 494
9 20 21 15 494
20 9 21 15 494
9 20 16 20 670
20 9 16 20 670
9 20 20 16 670
20 9 20 16 670
9 20 17 19 808
20 9 17 19 808
9 20 19 17 808
20 9 19 17 808
9 20 18 18 855
20 9 18 18 855
10 19 11 25 91
19 10 11 25 91
10 19 25 11 91
19 10 25 11 91
10 19 12 24 219
19 10 12 24 219
10 19 24 12 219
19 10 24 12 219
10 19 13 23 445
19 10 13 23 445
10 19 23 13 445
19 10 23 13 445
10 19 14 22 767
19 10 14 22 767
10 19 22 14 767
19 10 22 14 767
10 19 15 21 1160
19 10 15 21 1160
10 19 21 15 1160
19 10 21 15 1160
10 19 16 20 1540
19 10 16 20 1540
10 19 20 16 1540
19 10 20 16 1540
10 19 17 19 1829
19 10 17 19 1829
10 19 19 17 1829
19 10 19 17 1829
10 19 18 18 1930
19 10 18 18 1930
6 23 10 26 0
23 6 10 26 0
6 23 26 10 0
23 6 26 10 0
7 22 10 26 0
22 7 10 26 0
7 22 26 10 0
22 7 26 10 0
8 21 10 26 1
21 8 10 26 1
8 21 26 10 1
21 8 26 10 1
9 20 10 26 7
20 9 10 26 7
9 20 26 10 7
20 9 26 10 7
10 19 10 26 29
19 10 10 26 29
10 19 26 10 29
19 10 26 10 29
11 18 10 26 71
18 11 10 26 71
11 18 26 10 71
18 11 26 10 71
11 18 11 25 203
18 11 11 25 203
11 18 25 11 203
18 11 25 11 203
11 18 12 24 461
18 11 12 24 461
11 18 24 12 461
18 11 24 12 461
11 18 13 23 894
18 11 13 23 894
11 18 23 13 894
18 11 23 13 894
11 18 14 22 1493
18 11 14 22 1493
11 18 22 14 1493
18 11 22 14 1493
11 18 15 21 2205
18 11 15 21 2205
11 18 21 15 2205
18 11 21 15 2205
11 18 16 20 2885
18 11 16 20 2885
11 18 20 16 2885
18 11 20 16 2885
11 18 17 19 3393
18 11 17 19 3393
11 18 19 17 3393
18 11 19 17 3393
11 18 18 18 3572
18 11 18 18 3572
12 17 11 25 367
17 12 11 25 367
12 17 25 11 367
17 12 25 11 367
12 17 12 24 796
17 12 12 24 796
12 17 24 12 796
17 12 24 12 796
12 17 13 23 1490
17 12 13 23 1490
12 17 23 13 1490
17 12 23 13 1490
12 17 14 22 2431
17 12 14 22 2431
12 17 22 14 2431
17 12 22 14 2431
12 17 15 21 3528
17 12 15 21 3528
12 17 21 15 3528
17 12 21 15 3528
12 17 16 20 4567
17 12 16 20 4567
12 17 20 16 4567
17 12 20 16 4567
12 17 17 19 5333
17 12 17 19 5333
12 17 19 17 5333
17 12 19 17 5333
12 17 18 18 5605
17 12 18 18 5605
13 16 11 25 531
16 13 11 25 531
13 16 25 11 531
16 13 25 11 531
13 16 12 24 1124
16 13 12 24 1124
13 16 24 12 1124
16 13 24 12 1124
13 16 13 23 2066
16 13 13 23 2066
13 16 23 13 2066
16 13 23 13 2066
13 16 14 22 3326
16 13 14 22 3326
13 16 22 14 3326
16 13 22 14 3326
13 16 15 21 4779
16 13 15 21 4779
13 16 21 15 4779
16 13 21 15 4779
13 16 16 20 6146
16 13 16 20 6146
13 16 20 16 6146
16 13 20 16 6146
13 16 17 19 7148
16 13 17 19 7148
13 16 19 17 7148
16 13 19 17 7148
13 16 18 18 7504
16 13 18 18 7504
14 15 13 23 2432
15 14 13 23 2432
14 15 23 13 2432
15 14 23 13 2432
14 15 14 22 3888
15 14 14 22 3888
14 15 22 14 3888
15 14 22 14 3888
14 15 15 21 5558
15 14 15 21 5558
14 15 21 15 5558
15 14 21 15 5558
14 15 16 20 7124
15 14 16 20 7124
14 15 20 16 7124
15 14 20 16 7124
14 15 17 19 8269
15 14 17 19 8269
14 15 19 17 8269
15 14 19 17 8269
14 15 18 18 8676
15 14 18 18 8676
5 24 9 27 0
24 5 9 27 0
5 24 27 9 0
24 5 27 9 0
5 24 10 26 0
24 5 10 26 0
5 24 26 10 0
24 5 26 10 0
6 23 9 27 0
23 6 9 27 0
6 23 27 9 0
23 6 27 9 0
7 22 9 27 0
22 7 9 27 0
7 22 27 9 0
22 7 27 9 0
8 21 9 27 0
21 8 9 27 0
8 21 27 9 0
21 8 27 9 0
9 20 9 27 1
20 9 9 27 1
9 20 27 9 1
20 9 27 9 1
10 19 9 27 7
19 10 9 27 7
10 19 27 9 7
19 10 27 9 7
11 18 9 27 19
18 11 9 27 19
11 18 27 9 19
18 11 27 9 19
6 23 8 28 0
23 6 8 28 0
6 23 28 8 0
23 6 28 8 0
7 22 8 28 0
22 7 8 28 0
7 22 28 8 0
22 7 28 8 0
8 21 8 28 0
21 8 8 28 0
8 21 28 8 0
21 8 28 8 0
9 20 8 28 0
20 9 8 28 0
9 20 28 8 0
20 9 28 8 0
10 19 8 28 1
19 10 8 28 1
10 19 28 8 1
19 10 28 8 1
11 18 8 28 3
18 11 8 28 3
11 18 28 8 3
18 11 28 8 3
7 22 7 29 0
22 7 7 29 0
7 22 29 7 0
22 7 29 7 0
8 21 7 29 0
21 8 7 29 0
8 21 29 7 0
21 8 29 7 0
9 20 7 29 0
20 9 7 29 0
9 20 29 7 0
20 9 29 7 0
10 19 7 29 0
19 10 7 29 0
10 19 29 7 0
19 10 29 7 0
11 18 7 29 0
18 11 7 29 0
11 18 29 7 0
18 11 29 7 0
12 17 7 29 1
17 12 7 29 1
12 17 29 7 1
17 12 29 7 1
12 17 8 28 9
17 12 8 28 9
12 17 28 8 9
17 12 28 8 9
12 17 9 27 42
17 12 9 27 42
12 17 27 9 42
17 12 27 9 42
12 17 10 26 139
17 12 10 26 139
12 17 26 10 139
17 12 26 10 139
13 16 8 28 15
16 13 8 28 15
13 16 28 8 15
16 13 28 8 15
13 16 9 27 66
16 13 9 27 66
13 16 27 9 66
16 13 27 9 66
13 16 10 26 208
16 13 10 26 208
13 16 26 10 208
16 13 26 10 208
13 16 7 29 2
16 13 7 29 2
13 16 29 7 2
16 13 29 7 2
14 15 7 29 3
15 14 7 29 3
14 15 29 7 3
15 14 29 7 3
14 15 8 28 20
15 14 8 28 20
14 15 28 8 20
15 14 28 8 20
14 15 9 27 84
15 14 9 27 84
14 15 27 9 84
15 14 27 9 84
14 15 10 26 256
15 14 10 26 256
14 15 26 10 256
15 14 26 10 256
14 15 11 25 640
15 14 11 25 640
14 15 25 11 640
15 14 25 11 640
14 15 12 24 1336
15 14 12 24 1336
14 15 24 12 1336
15 14 24 12 1336
8 21 6 30 0
21 8 6 30 0
8 21 30 6 0
21 8 30 6 0
9 20 6 30 0
20 9 6 30 0
9 20 30 6 0
20 9 30 6 0
10 19 6 30 0
19 10 6 30 0
10 19 30 6 0
19 10 30 6 0
11 18 6 30 0
18 11 6 30 0
11 18 30 6 0
18 11 30 6 0
12 17 6 30 0
17 12 6 30 0
12 17 30 6 0
17 12 30 6 0
13 16 6 30 0
16 13 6 30 0
13 16 30 6 0
16 13 30 6 0
9 20 5 31 0
20 9 5 31 0
9 20 31 5 0
20 9 31 5 0
10 19 5 31 0
19 10 5 31 0
10 19 31 5 0
19 10 31 5 0
11 18 5 31 0
18 11 5 31 0
11 18 31 5 0
18 11 31 5 0
12 17 5 31 0
17 12 5 31 0
12 17 31 5 0
17 12 31 5 0
13 16 5 31 0
16 13 5 31 0
13 16 31 5 0
16 13 31 5 0
14 15 5 31 0
15 14 5 31 0
14 15 31 5 0
15 14 31 5 0
14 15 6 30 0
15 14 6 30 0
14 15 30 6 0
15 14 30 6 0
12 17 4 32 0
17 12 4 32 0
12 17 32 4 0
17 12 32 4 0
13 16 4 32 0
16 13 4 32 0
13 16 32 4 0
16 13 32 4 0
14 15 4 32 0
15 14 4 32 0
14 15 32 4 0
15 14 32 4 0
