14 20 36 51 0
20 14 36 51 0
14 20 51 36 0
20 14 51 36 0
14 20 37 50 0
20 14 37 50 0
14 20 50 37 0
20 14 50 37 0
14 20 38 49 0
20 14 38 49 0
14 20 49 38 0
20 14 49 38 0
14 20 39 48 0
20 14 39 48 0
14 20 48 39 0
20 14 48 39 0
14 20 40 47 0
20 14 40 47 0
14 20 47 40 0
20 14 47 40 0
14 20 41 46 0
20 14 41 46 0
14 20 46 41 0
20 14 46 41 0
14 20 42 45 0
20 14 42 45 0
14 20 45 42 0
20 14 45 42 0
14 20 43 44 0
20 14 43 44 0
14 20 44 43 0
20 14 44 43 0
15 19 36 51 0
19 15 36 51 0
15 19 51 36 0
19 15 51 36 0
15 19 37 50 0
19 15 37 50 0
15 19 50 37 0
19 15 50 37 0
15 19 38 49 0
19 15 38 49 0
15 19 49 38 0
19 15 49 38 0
15 19 39 48 0
19 15 39 48 0
15 19 48 39 0
19 15 48 39 0
15 19 40 47 0
19 15 40 47 0
15 19 47 40 0
19 15 47 40 0
15 19 41 46 0
19 15 41 46 0
15 19 46 41 0
19 15 46 41 0
15 19 42 45 0
19 15 42 45 0
15 19 45 42 0
19 15 45 42 0
15 19 43 44 0
19 15 43 44 0
15 19 44 43 0
19 15 44 43 0
16 18 36 51 0
18 16 36 51 0
16 18 51 36 0
18 16 51 36 0
16 18 37 50 0
18 16 37 50 0
16 18 50 37 0
18 16 50 37 0
16 18 38 49 0
18 16 38 49 0
16 18 49 38 0
18 16 49 38 0
16 18 39 48 0
18 16 39 48 0
16 18 48 39 0
18 16 48 39 0
16 18 40 47 0
18 16 40 47 0
16 18 47 40 0
18 16 47 40 0
16 18 41 46 0
18 16 41 46 0
16 18 46 41 0
18 16 46 41 0
16 18 42 45 0
18 16 42 45 0
16 18 45 42 0
18 16 45 42 0
16 18 43 44 0
18 16 43 44 0
16 18 44 43 0
18 16 44 43 0
15 19 35 52 0
19 15 35 52 0
15 19 52 35 0
19 15 52 35 0
16 18 35 52 0
18 16 35 52 0
16 18 52 35 0
18 16 52 35 0
17 17 35 52 0
17 17 52 35 0
17 17 36 51 0
17 17 51 36 0
17 17 37 50 0
17 17 50 37 0
17 17 38 49 0
17 17 49 38 0
17 17 39 48 0
17 17 48 39 0
17 17 40 47 0
17 17 47 40 0
17 17 41 46 0
17 17 46 41 0
17 17 42 45 0
17 17 45 42 0
17 17 43 44 0
17 17 44 43 0
