0 4 1 11 0
4 0 1 11 0
0 4 11 1 0
4 0 11 1 0
0 4 2 10 0
4 0 2 10 0
0 4 10 2 0
4 0 10 2 0
0 4 3 9 1
4 0 3 9 1
0 4 9 3 1
4 0 9 3 1
0 4 4 8 1
4 0 4 8 1
0 4 8 4 1
4 0 8 4 1
0 4 5 7 2
4 0 5 7 2
0 4 7 5 2
4 0 7 5 2
0 4 6 6 2
4 0 6 6 2
1 3 0 12 0
3 1 0 12 0
1 3 12 0 0
3 1 12 0 0
1 3 1 11 0
3 1 1 11 0
1 3 11 1 0
3 1 11 1 0
1 3 2 10 1
3 1 2 10 1
1 3 10 2 1
3 1 10 2 1
1 3 3 9 2
3 1 3 9 2
1 3 9 3 2
3 1 9 3 2
1 3 4 8 3
3 1 4 8 3
1 3 8 4 3
3 1 8 4 3
1 3 5 7 4
3 1 5 7 4
1 3 7 5 4
3 1 7 5 4
1 3 6 6 5
3 1 6 6 5
2 2 0 12 0
2 2 12 0 0
2 2 1 11 0
2 2 11 1 0
2 2 2 10 1
2 2 10 2 1
2 2 3 9 3
2 2 9 3 3
2 2 4 8 4
2 2 8 4 4
2 2 5 7 6
2 2 7 5 6
2 2 6 6 7
