10 20 31 46 0
20 10 31 46 0
10 20 46 31 0
20 10 46 31 0
10 20 32 45 0
20 10 32 45 0
10 20 45 32 0
20 10 45 32 0
10 20 33 44 0
20 10 33 44 0
10 20 44 33 0
20 10 44 33 0
10 20 34 43 0
20 10 34 43 0
10 20 43 34 0
20 10 43 34 0
10 20 35 42 0
20 10 35 42 0
10 20 42 35 0
20 10 42 35 0
10 20 36 41 0
20 10 36 41 0
10 20 41 36 0
20 10 41 36 0
10 20 37 40 0
20 10 37 40 0
10 20 40 37 0
20 10 40 37 0
10 20 38 39 0
20 10 38 39 0
10 20 39 38 0
20 10 39 38 0
11 19 31 46 0
19 11 31 46 0
11 19 46 31 0
19 11 46 31 0
11 19 32 45 0
19 11 32 45 0
11 19 45 32 0
19 11 45 32 0
11 19 33 44 0
19 11 33 44 0
11 19 44 33 0
19 11 44 33 0
11 19 34 43 0
19 11 34 43 0
11 19 43 34 0
19 11 43 34 0
11 19 35 42 0
19 11 35 42 0
11 19 42 35 0
19 11 42 35 0
11 19 36 41 0
19 11 36 41 0
11 19 41 36 0
19 11 41 36 0
11 19 37 40 0
19 11 37 40 0
11 19 40 37 0
19 11 40 37 0
11 19 38 39 0
19 11 38 39 0
11 19 39 38 0
19 11 39 38 0
12 18 31 46 0
18 12 31 46 0
12 18 46 31 0
18 12 46 31 0
12 18 32 45 0
18 12 32 45 0
12 18 45 32 0
18 12 45 32 0
12 18 33 44 0
18 12 33 44 0
12 18 44 33 0
18 12 44 33 0
12 18 34 43 0
18 12 34 43 0
12 18 43 34 0
18 12 43 34 0
12 18 35 42 0
18 12 35 42 0
12 18 42 35 0
18 12 42 35 0
12 18 36 41 0
18 12 36 41 0
12 18 41 36 0
18 12 41 36 0
12 18 37 40 0
18 12 37 40 0
12 18 40 37 0
18 12 40 37 0
12 18 38 39 0
18 12 38 39 0
12 18 39 38 0
18 12 39 38 0
11 19 28 49 0
19 11 28 49 0
11 19 49 28 0
19 11 49 28 0
11 19 29 48 0
19 11 29 48 0
11 19 48 29 0
19 11 48 29 0
11 19 30 47 0
19 11 30 47 0
11 19 47 30 0
19 11 47 30 0
12 18 28 49 0
18 12 28 49 0
12 18 49 28 0
18 12 49 28 0
12 18 29 48 0
18 12 29 48 0
12 18 48 29 0
18 12 48 29 0
12 18 30 47 0
18 12 30 47 0
12 18 47 30 0
18 12 47 30 0
13 17 28 49 0
17 13 28 49 0
13 17 49 28 0
17 13 49 28 0
13 17 29 48 0
17 13 29 48 0
13 17 48 29 0
17 13 48 29 0
13 17 30 47 0
17 13 30 47 0
13 17 47 30 0
17 13 47 30 0
13 17 31 46 0
17 13 31 46 0
13 17 46 31 0
17 13 46 31 0
13 17 32 45 0
17 13 32 45 0
13 17 45 32 0
17 13 45 32 0
13 17 33 44 0
17 13 33 44 0
13 17 44 33 0
17 13 44 33 0
13 17 34 43 0
17 13 34 43 0
13 17 43 34 0
17 13 43 34 0
13 17 35 42 0
17 13 35 42 0
13 17 42 35 0
17 13 42 35 0
13 17 36 41 0
17 13 36 41 0
13 17 41 36 0
17 13 41 36 0
13 17 37 40 0
17 13 37 40 0
13 17 40 37 0
17 13 40 37 0
13 17 38 39 0
17 13 38 39 0
13 17 39 38 0
17 13 39 38 0
12 18 27 50 0
18 12 27 50 0
12 18 50 27 0
18 12 50 27 0
13 17 27 50 0
17 13 27 50 0
13 17 50 27 0
17 13 50 27 0
14 16 27 50 0
16 14 27 50 0
14 16 50 27 0
16 14 50 27 0
14 16 28 49 0
16 14 28 49 0
14 16 49 28 0
16 14 49 28 0
14 16 29 48 0
16 14 29 48 0
14 16 48 29 0
16 14 48 29 0
14 16 30 47 0
16 14 30 47 0
14 16 47 30 0
16 14 47 30 0
14 16 31 46 0
16 14 31 46 0
14 16 46 31 0
16 14 46 31 0
14 16 32 45 0
16 14 32 45 0
14 16 45 32 0
16 14 45 32 0
14 16 33 44 0
16 14 33 44 0
14 16 44 33 0
16 14 44 33 0
14 16 34 43 0
16 14 34 43 0
14 16 43 34 0
16 14 43 34 0
14 16 35 42 0
16 14 35 42 0
14 16 42 35 0
16 14 42 35 0
14 16 36 41 0
16 14 36 41 0
14 16 41 36 0
16 14 41 36 0
14 16 37 40 0
16 14 37 40 0
14 16 40 37 0
16 14 40 37 0
14 16 38 39 0
16 14 38 39 0
14 16 39 38 0
16 14 39 38 0
15 15 28 49 0
15 15 49 28 0
15 15 29 48 0
15 15 48 29 0
15 15 30 47 0
15 15 47 30 0
15 15 31 46 0
15 15 46 31 0
15 15 32 45 0
15 15 45 32 0
15 15 33 44 1
15 15 44 33 1
15 15 34 43 1
15 15 43 34 1
15 15 35 42 1
15 15 42 35 1
15 15 36 41 1
15 15 41 36 1
15 15 37 40 1
15 15 40 37 1
15 15 38 39 1
15 15 39 38 1
13 17 26 51 0
17 13 26 51 0
13 17 51 26 0
17 13 51 26 0
14 16 26 51 0
16 14 26 51 0
14 16 51 26 0
16 14 51 26 0
15 15 26 51 0
15 15 51 26 0
15 15 27 50 0
15 15 50 27 0
