1 15 15 27 0
15 1 15 27 0
1 15 27 15 0
15 1 27 15 0
1 15 16 26 0
15 1 16 26 0
1 15 26 16 0
15 1 26 16 0
1 15 17 25 0
15 1 17 25 0
1 15 25 17 0
15 1 25 17 0
1 15 18 24 0
15 1 18 24 0
1 15 24 18 0
15 1 24 18 0
1 15 19 23 0
15 1 19 23 0
1 15 23 19 0
15 1 23 19 0
1 15 20 22 0
15 1 20 22 0
1 15 22 20 0
15 1 22 20 0
1 15 21 21 0
15 1 21 21 0
2 14 15 27 0
14 2 15 27 0
2 14 27 15 0
14 2 27 15 0
2 14 16 26 0
14 2 16 26 0
2 14 26 16 0
14 2 26 16 0
2 14 17 25 0
14 2 17 25 0
2 14 25 17 0
14 2 25 17 0
2 14 18 24 0
14 2 18 24 0
2 14 24 18 0
14 2 24 18 0
2 14 19 23 0
14 2 19 23 0
2 14 23 19 0
14 2 23 19 0
2 14 20 22 0
14 2 20 22 0
2 14 22 20 0
14 2 22 20 0
2 14 21 21 0
14 2 21 21 0
3 13 15 27 0
13 3 15 27 0
3 13 27 15 0
13 3 27 15 0
3 13 16 26 2
13 3 16 26 2
3 13 26 16 2
13 3 26 16 2
3 13 17 25 4
13 3 17 25 4
3 13 25 17 4
13 3 25 17 4
3 13 18 24 7
13 3 18 24 7
3 13 24 18 7
13 3 24 18 7
3 13 19 23 10
13 3 19 23 10
3 13 23 19 10
13 3 23 19 10
3 13 20 22 13
13 3 20 22 13
3 13 22 20 13
13 3 22 20 13
3 13 21 21 13
13 3 21 21 13
4 12 15 27 11
12 4 15 27 11
4 12 27 15 11
12 4 27 15 11
4 12 16 26 24
12 4 16 26 24
4 12 26 16 24
12 4 26 16 24
4 12 17 25 42
12 4 17 25 42
4 12 25 17 42
12 4 25 17 42
4 12 18 24 63
12 4 18 24 63
4 12 24 18 63
12 4 24 18 63
4 12 19 23 84
12 4 19 23 84
4 12 23 19 84
12 4 23 19 84
4 12 20 22 99
12 4 20 22 99
4 12 22 20 99
12 4 22 20 99
4 12 21 21 104
12 4 21 21 104
2 14 11 31 0
14 2 11 31 0
2 14 31 11 0
14 2 31 11 0
2 14 12 30 0
14 2 12 30 0
2 14 30 12 0
14 2 30 12 0
2 14 13 29 0
14 2 13 29 0
2 14 29 13 0
14 2 29 13 0
2 14 14 28 0
14 2 14 28 0
2 14 28 14 0
14 2 28 14 0
3 13 11 31 0
13 3 11 31 0
3 13 31 11 0
13 3 31 11 0
3 13 12 30 0
13 3 12 30 0
3 13 30 12 0
13 3 30 12 0
3 13 13 29 0
13 3 13 29 0
3 13 29 13 0
13 3 29 13 0
3 13 14 28 0
13 3 14 28 0
3 13 28 14 0
13 3 28 14 0
4 12 11 31 0
12 4 11 31 0
4 12 31 11 0
12 4 31 11 0
4 12 12 30 0
12 4 12 30 0
4 12 30 12 0
12 4 30 12 0
4 12 13 29 1
12 4 13 29 1
4 12 29 13 1
12 4 29 13 1
4 12 14 28 4
12 4 14 28 4
4 12 28 14 4
12 4 28 14 4
3 13 10 32 0
13 3 10 32 0
3 13 32 10 0
13 3 32 10 0
4 12 10 32 0
12 4 10 32 0
4 12 32 10 0
12 4 32 10 0
5 11 10 32 0
11 5 10 32 0
5 11 32 10 0
11 5 32 10 0
5 11 11 31 0
11 5 11 31 0
5 11 31 11 0
11 5 31 11 0
5 11 12 30 3
11 5 12 30 3
5 11 30 12 3
11 5 30 12 3
5 11 13 29 11
11 5 13 29 11
5 11 29 13 11
11 5 29 13 11
5 11 14 28 30
11 5 14 28 30
5 11 28 14 30
11 5 28 14 30
5 11 15 27 63
11 5 15 27 63
5 11 27 15 63
11 5 27 15 63
5 11 16 26 116
11 5 16 26 116
5 11 26 16 116
11 5 26 16 116
5 11 17 25 182
11 5 17 25 182
5 11 25 17 182
11 5 25 17 182
5 11 18 24 258
11 5 18 24 258
5 11 24 18 258
11 5 24 18 258
5 11 19 23 326
11 5 19 23 326
5 11 23 19 326
11 5 23 19 326
5 11 20 22 377
11 5 20 22 377
5 11 22 20 377
11 5 22 20 377
5 11 21 21 393
11 5 21 21 393
6 10 11 31 5
10 6 11 31 5
6 10 31 11 5
10 6 31 11 5
6 10 12 30 17
10 6 12 30 17
6 10 30 12 17
10 6 30 12 17
6 10 13 29 46
10 6 13 29 46
6 10 29 13 46
10 6 29 13 46
6 10 14 28 101
10 6 14 28 101
6 10 28 14 101
10 6 28 14 101
6 10 15 27 191
10 6 15 27 191
6 10 27 15 191
10 6 27 15 191
6 10 16 26 320
10 6 16 26 320
6 10 26 16 320
10 6 26 16 320
6 10 17 25 479
10 6 17 25 479
6 10 25 17 479
10 6 25 17 479
6 10 18 24 649
10 6 18 24 649
6 10 24 18 649
10 6 24 18 649
6 10 19 23 804
10 6 19 23 804
6 10 23 19 804
10 6 23 19 804
6 10 20 22 912
10 6 20 22 912
6 10 22 20 912
10 6 22 20 912
6 10 21 21 950
10 6 21 21 950
3 13 9 33 0
13 3 9 33 0
3 13 33 9 0
13 3 33 9 0
4 12 9 33 0
12 4 9 33 0
4 12 33 9 0
12 4 33 9 0
5 11 9 33 0
11 5 9 33 0
5 11 33 9 0
11 5 33 9 0
4 12 7 35 0
12 4 7 35 0
4 12 35 7 0
12 4 35 7 0
4 12 8 34 0
12 4 8 34 0
4 12 34 8 0
12 4 34 8 0
5 11 7 35 0
11 5 7 35 0
5 11 35 7 0
11 5 35 7 0
5 11 8 34 0
11 5 8 34 0
5 11 34 8 0
11 5 34 8 0
6 10 7 35 0
10 6 7 35 0
6 10 35 7 0
10 6 35 7 0
6 10 8 34 0
10 6 8 34 0
6 10 34 8 0
10 6 34 8 0
6 10 9 33 0
10 6 9 33 0
6 10 33 9 0
10 6 33 9 0
6 10 10 32 1
10 6 10 32 1
6 10 32 10 1
10 6 32 10 1
7 9 7 35 0
9 7 7 35 0
7 9 35 7 0
9 7 35 7 0
7 9 8 34 0
9 7 8 34 0
7 9 34 8 0
9 7 34 8 0
7 9 9 33 0
9 7 9 33 0
7 9 33 9 0
9 7 33 9 0
7 9 10 32 3
9 7 10 32 3
7 9 32 10 3
9 7 32 10 3
7 9 11 31 12
9 7 11 31 12
7 9 31 11 12
9 7 31 11 12
7 9 12 30 38
9 7 12 30 38
7 9 30 12 38
9 7 30 12 38
7 9 13 29 92
9 7 13 29 92
7 9 29 13 92
9 7 29 13 92
7 9 14 28 192
9 7 14 28 192
7 9 28 14 192
9 7 28 14 192
7 9 15 27 345
9 7 15 27 345
7 9 27 15 345
9 7 27 15 345
7 9 16 26 561
9 7 16 26 561
7 9 26 16 561
9 7 26 16 561
7 9 17 25 817
9 7 17 25 817
7 9 25 17 817
9 7 25 17 817
7 9 18 24 1091
9 7 18 24 1091
7 9 24 18 1091
9 7 24 18 1091
7 9 19 23 1332
9 7 19 23 1332
7 9 23 19 1332
9 7 23 19 1332
7 9 20 22 1504
9 7 20 22 1504
7 9 22 20 1504
9 7 22 20 1504
7 9 21 21 1561
9 7 21 21 1561
8 8 9 33 1
8 8 33 9 1
8 8 10 32 5
8 8 32 10 5
8 8 11 31 18
8 8 31 11 18
8 8 12 30 51
8 8 30 12 51
8 8 13 29 119
8 8 29 13 119
8 8 14 28 239
8 8 28 14 239
8 8 15 27 425
8 8 27 15 425
8 8 16 26 678
8 8 26 16 678
8 8 17 25 981
8 8 25 17 981
8 8 18 24 1299
8 8 24 18 1299
8 8 19 23 1582
8 8 23 19 1582
8 8 20 22 1778
8 8 22 20 1778
8 8 21 21 1848
5 11 6 36 0
11 5 6 36 0
5 11 36 6 0
11 5 36 6 0
6 10 6 36 0
10 6 6 36 0
6 10 36 6 0
10 6 36 6 0
7 9 6 36 0
9 7 6 36 0
7 9 36 6 0
9 7 36 6 0
6 10 5 37 0
10 6 5 37 0
6 10 37 5 0
10 6 37 5 0
7 9 5 37 0
9 7 5 37 0
7 9 37 5 0
9 7 37 5 0
8 8 5 37 0
8 8 37 5 0
8 8 6 36 0
8 8 36 6 0
8 8 7 35 0
8 8 35 7 0
8 8 8 34 0
8 8 34 8 0
