4 18 21 36 0
18 4 21 36 0
4 18 36 21 0
18 4 36 21 0
4 18 22 35 0
18 4 22 35 0
4 18 35 22 0
18 4 35 22 0
4 18 23 34 0
18 4 23 34 0
4 18 34 23 0
18 4 34 23 0
4 18 24 33 0
18 4 24 33 0
4 18 33 24 0
18 4 33 24 0
4 18 25 32 0
18 4 25 32 0
4 18 32 25 0
18 4 32 25 0
4 18 26 31 0
18 4 26 31 0
4 18 31 26 0
18 4 31 26 0
4 18 27 30 0
18 4 27 30 0
4 18 30 27 0
18 4 30 27 0
4 18 28 29 0
18 4 28 29 0
4 18 29 28 0
18 4 29 28 0
5 17 21 36 0
17 5 21 36 0
5 17 36 21 0
17 5 36 21 0
5 17 22 35 0
17 5 22 35 0
5 17 35 22 0
17 5 35 22 0
5 17 23 34 0
17 5 23 34 0
5 17 34 23 0
17 5 34 23 0
5 17 24 33 0
17 5 24 33 0
5 17 33 24 0
17 5 33 24 0
5 17 25 32 0
17 5 25 32 0
5 17 32 25 0
17 5 32 25 0
5 17 26 31 0
17 5 26 31 0
5 17 31 26 0
17 5 31 26 0
5 17 27 30 0
17 5 27 30 0
5 17 30 27 0
17 5 30 27 0
5 17 28 29 0
17 5 28 29 0
5 17 29 28 0
17 5 29 28 0
6 16 21 36 0
16 6 21 36 0
6 16 36 21 0
16 6 36 21 0
6 16 22 35 0
16 6 22 35 0
6 16 35 22 0
16 6 35 22 0
6 16 23 34 0
16 6 23 34 0
6 16 34 23 0
16 6 34 23 0
6 16 24 33 0
16 6 24 33 0
6 16 33 24 0
16 6 33 24 0
6 16 25 32 1
16 6 25 32 1
6 16 32 25 1
16 6 32 25 1
6 16 26 31 2
16 6 26 31 2
6 16 31 26 2
16 6 31 26 2
6 16 27 30 3
16 6 27 30 3
6 16 30 27 3
16 6 30 27 3
6 16 28 29 4
16 6 28 29 4
6 16 29 28 4
16 6 29 28 4
5 17 18 39 0
17 5 18 39 0
5 17 39 18 0
17 5 39 18 0
5 17 19 38 0
17 5 19 38 0
5 17 38 19 0
17 5 38 19 0
5 17 20 37 0
17 5 20 37 0
5 17 37 20 0
17 5 37 20 0
6 16 18 39 0
16 6 18 39 0
6 16 39 18 0
16 6 39 18 0
6 16 19 38 0
16 6 19 38 0
6 16 38 19 0
16 6 38 19 0
6 16 20 37 0
16 6 20 37 0
6 16 37 20 0
16 6 37 20 0
7 15 18 39 0
15 7 18 39 0
7 15 39 18 0
15 7 39 18 0
7 15 19 38 0
15 7 19 38 0
7 15 38 19 0
15 7 38 19 0
7 15 20 37 0
15 7 20 37 0
7 15 37 20 0
15 7 37 20 0
7 15 21 36 0
15 7 21 36 0
7 15 36 21 0
15 7 36 21 0
7 15 22 35 1
15 7 22 35 1
7 15 35 22 1
15 7 35 22 1
7 15 23 34 4
15 7 23 34 4
7 15 34 23 4
15 7 34 23 4
7 15 24 33 9
15 7 24 33 9
7 15 33 24 9
15 7 33 24 9
7 15 25 32 17
15 7 25 32 17
7 15 32 25 17
15 7 32 25 17
7 15 26 31 26
15 7 26 31 26
7 15 31 26 26
15 7 31 26 26
7 15 27 30 34
15 7 27 30 34
7 15 30 27 34
15 7 30 27 34
7 15 28 29 39
15 7 28 29 39
7 15 29 28 39
15 7 29 28 39
6 16 17 40 0
16 6 17 40 0
6 16 40 17 0
16 6 40 17 0
7 15 17 40 0
15 7 17 40 0
7 15 40 17 0
15 7 40 17 0
8 14 17 40 0
14 8 17 40 0
8 14 40 17 0
14 8 40 17 0
8 14 18 39 0
14 8 18 39 0
8 14 39 18 0
14 8 39 18 0
8 14 19 38 0
14 8 19 38 0
8 14 38 19 0
14 8 38 19 0
8 14 20 37 1
14 8 20 37 1
8 14 37 20 1
14 8 37 20 1
8 14 21 36 5
14 8 21 36 5
8 14 36 21 5
14 8 36 21 5
8 14 22 35 14
14 8 22 35 14
8 14 35 22 14
14 8 35 22 14
8 14 23 34 31
14 8 23 34 31
8 14 34 23 31
14 8 34 23 31
8 14 24 33 57
14 8 24 33 57
8 14 33 24 57
14 8 33 24 57
8 14 25 32 90
14 8 25 32 90
8 14 32 25 90
14 8 32 25 90
8 14 26 31 125
14 8 26 31 125
8 14 31 26 125
14 8 31 26 125
8 14 27 30 155
14 8 27 30 155
8 14 30 27 155
14 8 30 27 155
8 14 28 29 172
14 8 28 29 172
8 14 29 28 172
14 8 29 28 172
9 13 18 39 0
13 9 18 39 0
9 13 39 18 0
13 9 39 18 0
9 13 19 38 2
13 9 19 38 2
9 13 38 19 2
13 9 38 19 2
9 13 20 37 8
13 9 20 37 8
9 13 37 20 8
13 9 37 20 8
9 13 21 36 23
13 9 21 36 23
9 13 36 21 23
13 9 36 21 23
9 13 22 35 53
13 9 22 35 53
9 13 35 22 53
13 9 35 22 53
9 13 23 34 102
13 9 23 34 102
9 13 34 23 102
13 9 34 23 102
9 13 24 33 170
13 9 24 33 170
9 13 33 24 170
13 9 33 24 170
9 13 25 32 253
13 9 25 32 253
9 13 32 25 253
13 9 32 25 253
9 13 26 31 337
13 9 26 31 337
9 13 31 26 337
13 9 31 26 337
9 13 27 30 406
13 9 27 30 406
9 13 30 27 406
13 9 30 27 406
9 13 28 29 446
13 9 28 29 446
9 13 29 28 446
13 9 29 28 446
10 12 21 36 51
12 10 21 36 51
10 12 36 21 51
12 10 36 21 51
10 12 22 35 108
12 10 22 35 108
10 12 35 22 108
12 10 35 22 108
10 12 23 34 196
12 10 23 34 196
10 12 34 23 196
12 10 34 23 196
10 12 24 33 314
12 10 24 33 314
10 12 33 24 314
12 10 33 24 314
10 12 25 32 453
12 10 25 32 453
10 12 32 25 453
12 10 32 25 453
10 12 26 31 591
12 10 26 31 591
10 12 31 26 591
12 10 31 26 591
10 12 27 30 703
12 10 27 30 703
10 12 30 27 703
12 10 30 27 703
10 12 28 29 767
12 10 28 29 767
10 12 29 28 767
12 10 29 28 767
6 16 16 41 0
16 6 16 41 0
6 16 41 16 0
16 6 41 16 0
7 15 16 41 0
15 7 16 41 0
7 15 41 16 0
15 7 41 16 0
8 14 16 41 0
14 8 16 41 0
8 14 41 16 0
14 8 41 16 0
7 15 14 43 0
15 7 14 43 0
7 15 43 14 0
15 7 43 14 0
7 15 15 42 0
15 7 15 42 0
7 15 42 15 0
15 7 42 15 0
8 14 14 43 0
14 8 14 43 0
8 14 43 14 0
14 8 43 14 0
8 14 15 42 0
14 8 15 42 0
8 14 42 15 0
14 8 42 15 0
9 13 14 43 0
13 9 14 43 0
9 13 43 14 0
13 9 43 14 0
9 13 15 42 0
13 9 15 42 0
9 13 42 15 0
13 9 42 15 0
9 13 16 41 0
13 9 16 41 0
9 13 41 16 0
13 9 41 16 0
9 13 17 40 0
13 9 17 40 0
9 13 40 17 0
13 9 40 17 0
10 12 14 43 0
12 10 14 43 0
10 12 43 14 0
12 10 43 14 0
10 12 15 42 0
12 10 15 42 0
10 12 42 15 0
12 10 42 15 0
10 12 16 41 0
12 10 16 41 0
10 12 41 16 0
12 10 41 16 0
10 12 17 40 0
12 10 17 40 0
10 12 40 17 0
12 10 40 17 0
10 12 18 39 1
12 10 18 39 1
10 12 39 18 1
12 10 39 18 1
10 12 19 38 6
12 10 19 38 6
10 12 38 19 6
12 10 38 19 6
10 12 20 37 20
12 10 20 37 20
10 12 37 20 20
12 10 37 20 20
11 11 16 41 0
11 11 41 16 0
11 11 17 40 0
11 11 40 17 0
11 11 18 39 2
11 11 39 18 2
11 11 19 38 9
11 11 38 19 9
11 11 20 37 27
11 11 37 20 27
11 11 21 36 66
11 11 36 21 66
11 11 22 35 135
11 11 35 22 135
11 11 23 34 241
11 11 34 23 241
11 11 24 33 382
11 11 33 24 382
11 11 25 32 546
11 11 32 25 546
11 11 26 31 708
11 11 31 26 708
11 11 27 30 840
11 11 30 27 840
11 11 28 29 914
11 11 29 28 914
8 14 13 44 0
14 8 13 44 0
8 14 44 13 0
14 8 44 13 0
9 13 13 44 0
13 9 13 44 0
9 13 44 13 0
13 9 44 13 0
10 12 13 44 0
12 10 13 44 0
10 12 44 13 0
12 10 44 13 0
9 13 12 45 0
13 9 12 45 0
9 13 45 12 0
13 9 45 12 0
10 12 12 45 0
12 10 12 45 0
10 12 45 12 0
12 10 45 12 0
11 11 12 45 0
11 11 45 12 0
11 11 13 44 0
11 11 44 13 0
11 11 14 43 0
11 11 43 14 0
11 11 15 42 0
11 11 42 15 0
