16 20 40 52 0
20 16 40 52 0
16 20 52 40 0
20 16 52 40 0
16 20 41 51 0
20 16 41 51 0
16 20 51 41 0
20 16 51 41 0
16 20 42 50 0
20 16 42 50 0
16 20 50 42 0
20 16 50 42 0
16 20 43 49 0
20 16 43 49 0
16 20 49 43 0
20 16 49 43 0
16 20 44 48 0
20 16 44 48 0
16 20 48 44 0
20 16 48 44 0
16 20 45 47 0
20 16 45 47 0
16 20 47 45 0
20 16 47 45 0
16 20 46 46 0
20 16 46 46 0
17 19 40 52 0
19 17 40 52 0
17 19 52 40 0
19 17 52 40 0
17 19 41 51 0
19 17 41 51 0
17 19 51 41 0
19 17 51 41 0
17 19 42 50 0
19 17 42 50 0
17 19 50 42 0
19 17 50 42 0
17 19 43 49 0
19 17 43 49 0
17 19 49 43 0
19 17 49 43 0
17 19 44 48 0
19 17 44 48 0
17 19 48 44 0
19 17 48 44 0
17 19 45 47 0
19 17 45 47 0
17 19 47 45 0
19 17 47 45 0
17 19 46 46 0
19 17 46 46 0
18 18 40 52 0
18 18 52 40 0
18 18 41 51 0
18 18 51 41 0
18 18 42 50 0
18 18 50 42 0
18 18 43 49 0
18 18 49 43 0
18 18 44 48 0
18 18 48 44 0
18 18 45 47 0
18 18 47 45 0
18 18 46 46 0
