0 8 3 19 0
8 0 3 19 0
0 8 19 3 0
8 0 19 3 0
0 8 4 18 0
8 0 4 18 0
0 8 18 4 0
8 0 18 4 0
0 8 5 17 0
8 0 5 17 0
0 8 17 5 0
8 0 17 5 0
0 8 6 16 0
8 0 6 16 0
0 8 16 6 0
8 0 16 6 0
0 8 7 15 0
8 0 7 15 0
0 8 15 7 0
8 0 15 7 0
0 8 8 14 0
8 0 8 14 0
0 8 14 8 0
8 0 14 8 0
0 8 9 13 1
8 0 9 13 1
0 8 13 9 1
8 0 13 9 1
0 8 10 12 1
8 0 10 12 1
0 8 12 10 1
8 0 12 10 1
1 7 3 19 0
7 1 3 19 0
1 7 19 3 0
7 1 19 3 0
1 7 4 18 0
7 1 4 18 0
1 7 18 4 0
7 1 18 4 0
1 7 5 17 0
7 1 5 17 0
1 7 17 5 0
7 1 17 5 0
1 7 6 16 1
7 1 6 16 1
1 7 16 6 1
7 1 16 6 1
1 7 7 15 2
7 1 7 15 2
1 7 15 7 2
7 1 15 7 2
1 7 8 14 4
7 1 8 14 4
1 7 14 8 4
7 1 14 8 4
1 7 9 13 6
7 1 9 13 6
1 7 13 9 6
7 1 13 9 6
1 7 10 12 8
7 1 10 12 8
1 7 12 10 8
7 1 12 10 8
2 6 3 19 1
6 2 3 19 1
2 6 19 3 1
6 2 19 3 1
2 6 4 18 2
6 2 4 18 2
2 6 18 4 2
6 2 18 4 2
2 6 5 17 5
6 2 5 17 5
2 6 17 5 5
6 2 17 5 5
2 6 6 16 9
6 2 6 16 9
2 6 16 6 9
6 2 16 6 9
2 6 7 15 15
6 2 7 15 15
2 6 15 7 15
6 2 15 7 15
2 6 8 14 21
6 2 8 14 21
2 6 14 8 21
6 2 14 8 21
2 6 9 13 28
6 2 9 13 28
2 6 13 9 28
6 2 13 9 28
2 6 10 12 32
6 2 10 12 32
2 6 12 10 32
6 2 12 10 32
0 8 11 11 1
8 0 11 11 1
1 7 11 11 8
7 1 11 11 8
2 6 11 11 34
6 2 11 11 34
1 7 1 21 0
7 1 1 21 0
1 7 21 1 0
7 1 21 1 0
1 7 2 20 0
7 1 2 20 0
1 7 20 2 0
7 1 20 2 0
2 6 1 21 0
6 2 1 21 0
2 6 21 1 0
6 2 21 1 0
2 6 2 20 0
6 2 2 20 0
2 6 20 2 0
6 2 20 2 0
3 5 1 21 0
5 3 1 21 0
3 5 21 1 0
5 3 21 1 0
3 5 2 20 1
5 3 2 20 1
3 5 20 2 1
5 3 20 2 1
3 5 3 19 3
5 3 3 19 3
3 5 19 3 3
5 3 19 3 3
3 5 4 18 7
5 3 4 18 7
3 5 18 4 7
5 3 18 4 7
3 5 5 17 13
5 3 5 17 13
3 5 17 5 13
5 3 17 5 13
3 5 6 16 23
5 3 6 16 23
3 5 16 6 23
5 3 16 6 23
3 5 7 15 34
5 3 7 15 34
3 5 15 7 34
5 3 15 7 34
3 5 8 14 47
5 3 8 14 47
3 5 14 8 47
5 3 14 8 47
3 5 9 13 58
5 3 9 13 58
3 5 13 9 58
5 3 13 9 58
3 5 10 12 67
5 3 10 12 67
3 5 12 10 67
5 3 12 10 67
3 5 11 11 69
5 3 11 11 69
4 4 1 21 0
4 4 21 1 0
4 4 2 20 1
4 4 20 2 1
4 4 3 19 4
4 4 19 3 4
4 4 4 18 9
4 4 18 4 9
4 4 5 17 18
4 4 17 5 18
4 4 6 16 30
4 4 16 6 30
4 4 7 15 45
4 4 15 7 45
4 4 8 14 60
4 4 14 8 60
4 4 9 13 75
4 4 13 9 75
4 4 10 12 84
4 4 12 10 84
4 4 11 11 88
3 5 0 22 0
5 3 0 22 0
3 5 22 0 0
5 3 22 0 0
4 4 0 22 0
4 4 22 0 0
