0 6 3 14 0
6 0 3 14 0
0 6 14 3 0
6 0 14 3 0
0 6 4 13 0
6 0 4 13 0
0 6 13 4 0
6 0 13 4 0
0 6 5 12 0
6 0 5 12 0
0 6 12 5 0
6 0 12 5 0
0 6 6 11 0
6 0 6 11 0
0 6 11 6 0
6 0 11 6 0
0 6 7 10 0
6 0 7 10 0
0 6 10 7 0
6 0 10 7 0
0 6 8 9 0
6 0 8 9 0
0 6 9 8 0
6 0 9 8 0
1 5 1 16 0
5 1 1 16 0
1 5 16 1 0
5 1 16 1 0
1 5 2 15 0
5 1 2 15 0
1 5 15 2 0
5 1 15 2 0
1 5 3 14 0
5 1 3 14 0
1 5 14 3 0
5 1 14 3 0
1 5 4 13 0
5 1 4 13 0
1 5 13 4 0
5 1 13 4 0
1 5 5 12 0
5 1 5 12 0
1 5 12 5 0
5 1 12 5 0
1 5 6 11 0
5 1 6 11 0
1 5 11 6 0
5 1 11 6 0
1 5 7 10 0
5 1 7 10 0
1 5 10 7 0
5 1 10 7 0
1 5 8 9 0
5 1 8 9 0
1 5 9 8 0
5 1 9 8 0
2 4 1 16 0
4 2 1 16 0
2 4 16 1 0
4 2 16 1 0
2 4 2 15 0
4 2 2 15 0
2 4 15 2 0
4 2 15 2 0
2 4 3 14 0
4 2 3 14 0
2 4 14 3 0
4 2 14 3 0
2 4 4 13 0
4 2 4 13 0
2 4 13 4 0
4 2 13 4 0
2 4 5 12 0
4 2 5 12 0
2 4 12 5 0
4 2 12 5 0
2 4 6 11 0
4 2 6 11 0
2 4 11 6 0
4 2 11 6 0
2 4 7 10 0
4 2 7 10 0
2 4 10 7 0
4 2 10 7 0
2 4 8 9 0
4 2 8 9 0
2 4 9 8 0
4 2 9 8 0
3 3 0 17 0
3 3 17 0 0
3 3 1 16 0
3 3 16 1 0
3 3 2 15 0
3 3 15 2 0
3 3 3 14 0
3 3 14 3 0
3 3 4 13 0
3 3 13 4 0
3 3 5 12 0
3 3 12 5 0
3 3 6 11 0
3 3 11 6 0
3 3 7 10 0
3 3 10 7 0
3 3 8 9 0
3 3 9 8 0
