0 14 15 22 0
14 0 15 22 0
0 14 22 15 0
14 0 22 15 0
0 14 16 21 0
14 0 16 21 0
0 14 21 16 0
14 0 21 16 0
0 14 17 20 0
14 0 17 20 0
0 14 20 17 0
14 0 20 17 0
0 14 18 19 0
14 0 18 19 0
0 14 19 18 0
14 0 19 18 0
1 13 15 22 0
13 1 15 22 0
1 13 22 15 0
13 1 22 15 0
1 13 16 21 0
13 1 16 21 0
1 13 21 16 0
13 1 21 16 0
1 13 17 20 0
13 1 17 20 0
1 13 20 17 0
13 1 20 17 0
1 13 18 19 0
13 1 18 19 0
1 13 19 18 0
13 1 19 18 0
2 12 15 22 3
12 2 15 22 3
2 12 22 15 3
12 2 22 15 3
2 12 16 21 5
12 2 16 21 5
2 12 21 16 5
12 2 21 16 5
2 12 17 20 7
12 2 17 20 7
2 12 20 17 7
12 2 20 17 7
2 12 18 19 8
12 2 18 19 8
2 12 19 18 8
12 2 19 18 8
1 13 10 27 0
13 1 10 27 0
1 13 27 10 0
13 1 27 10 0
1 13 11 26 0
13 1 11 26 0
1 13 26 11 0
13 1 26 11 0
1 13 12 25 0
13 1 12 25 0
1 13 25 12 0
13 1 25 12 0
1 13 13 24 0
13 1 13 24 0
1 13 24 13 0
13 1 24 13 0
1 13 14 23 0
13 1 14 23 0
1 13 23 14 0
13 1 23 14 0
2 12 10 27 0
12 2 10 27 0
2 12 27 10 0
12 2 27 10 0
2 12 11 26 0
12 2 11 26 0
2 12 26 11 0
12 2 26 11 0
2 12 12 25 0
12 2 12 25 0
2 12 25 12 0
12 2 25 12 0
2 12 13 24 0
12 2 13 24 0
2 12 24 13 0
12 2 24 13 0
2 12 14 23 1
12 2 14 23 1
2 12 23 14 1
12 2 23 14 1
3 11 10 27 0
11 3 10 27 0
3 11 27 10 0
11 3 27 10 0
3 11 11 26 1
11 3 11 26 1
3 11 26 11 1
11 3 26 11 1
3 11 12 25 4
11 3 12 25 4
3 11 25 12 4
11 3 25 12 4
3 11 13 24 10
11 3 13 24 10
3 11 24 13 10
11 3 24 13 10
3 11 14 23 20
11 3 14 23 20
3 11 23 14 20
11 3 23 14 20
3 11 15 22 34
11 3 15 22 34
3 11 22 15 34
11 3 22 15 34
3 11 16 21 49
11 3 16 21 49
3 11 21 16 49
11 3 21 16 49
3 11 17 20 62
11 3 17 20 62
3 11 20 17 62
11 3 20 17 62
3 11 18 19 70
11 3 18 19 70
3 11 19 18 70
11 3 19 18 70
4 10 10 27 4
10 4 10 27 4
4 10 27 10 4
10 4 27 10 4
4 10 11 26 13
10 4 11 26 13
4 10 26 11 13
10 4 26 11 13
4 10 12 25 31
10 4 12 25 31
4 10 25 12 31
10 4 25 12 31
4 10 13 24 61
10 4 13 24 61
4 10 24 13 61
10 4 24 13 61
4 10 14 23 104
10 4 14 23 104
4 10 23 14 104
10 4 23 14 104
4 10 15 22 157
10 4 15 22 157
4 10 22 15 157
10 4 22 15 157
4 10 16 21 211
10 4 16 21 211
4 10 21 16 211
10 4 21 16 211
4 10 17 20 256
10 4 17 20 256
4 10 20 17 256
10 4 20 17 256
4 10 18 19 282
10 4 18 19 282
4 10 19 18 282
10 4 19 18 282
2 12 7 30 0
12 2 7 30 0
2 12 30 7 0
12 2 30 7 0
2 12 8 29 0
12 2 8 29 0
2 12 29 8 0
12 2 29 8 0
2 12 9 28 0
12 2 9 28 0
2 12 28 9 0
12 2 28 9 0
3 11 7 30 0
11 3 7 30 0
3 11 30 7 0
11 3 30 7 0
3 11 8 29 0
11 3 8 29 0
3 11 29 8 0
11 3 29 8 0
3 11 9 28 0
11 3 9 28 0
3 11 28 9 0
11 3 28 9 0
4 10 7 30 0
10 4 7 30 0
4 10 30 7 0
10 4 30 7 0
4 10 8 29 0
10 4 8 29 0
4 10 29 8 0
10 4 29 8 0
4 10 9 28 1
10 4 9 28 1
4 10 28 9 1
10 4 28 9 1
3 11 6 31 0
11 3 6 31 0
3 11 31 6 0
11 3 31 6 0
4 10 6 31 0
10 4 6 31 0
4 10 31 6 0
10 4 31 6 0
5 9 6 31 0
9 5 6 31 0
5 9 31 6 0
9 5 31 6 0
5 9 7 30 0
9 5 7 30 0
5 9 30 7 0
9 5 30 7 0
5 9 8 29 1
9 5 8 29 1
5 9 29 8 1
9 5 29 8 1
5 9 9 28 6
9 5 9 28 6
5 9 28 9 6
9 5 28 9 6
5 9 10 27 19
9 5 10 27 19
5 9 27 10 19
9 5 27 10 19
5 9 11 26 48
9 5 11 26 48
5 9 26 11 48
9 5 26 11 48
5 9 12 25 100
9 5 12 25 100
5 9 25 12 100
9 5 25 12 100
5 9 13 24 180
9 5 13 24 180
5 9 24 13 180
9 5 24 13 180
5 9 14 23 287
9 5 14 23 287
5 9 23 14 287
9 5 23 14 287
5 9 15 22 412
9 5 15 22 412
5 9 22 15 412
9 5 22 15 412
5 9 16 21 536
9 5 16 21 536
5 9 21 16 536
9 5 21 16 536
5 9 17 20 637
9 5 17 20 637
5 9 20 17 637
9 5 20 17 637
5 9 18 19 694
9 5 18 19 694
5 9 19 18 694
9 5 19 18 694
6 8 7 30 1
8 6 7 30 1
6 8 30 7 1
8 6 30 7 1
6 8 8 29 5
8 6 8 29 5
6 8 29 8 5
8 6 29 8 5
6 8 9 28 17
8 6 9 28 17
6 8 28 9 17
8 6 28 9 17
6 8 10 27 45
8 6 10 27 45
6 8 27 10 45
8 6 27 10 45
6 8 11 26 101
8 6 11 26 101
6 8 26 11 101
8 6 26 11 101
6 8 12 25 195
8 6 12 25 195
6 8 25 12 195
8 6 25 12 195
6 8 13 24 334
8 6 13 24 334
6 8 24 13 334
8 6 24 13 334
6 8 14 23 514
8 6 14 23 514
6 8 23 14 514
8 6 23 14 514
6 8 15 22 719
8 6 15 22 719
6 8 22 15 719
8 6 22 15 719
6 8 16 21 919
8 6 16 21 919
6 8 21 16 919
8 6 21 16 919
6 8 17 20 1080
8 6 17 20 1080
6 8 20 17 1080
8 6 20 17 1080
6 8 18 19 1170
8 6 18 19 1170
6 8 19 18 1170
8 6 19 18 1170
4 10 4 33 0
10 4 4 33 0
4 10 33 4 0
10 4 33 4 0
4 10 5 32 0
10 4 5 32 0
4 10 32 5 0
10 4 32 5 0
5 9 4 33 0
9 5 4 33 0
5 9 33 4 0
9 5 33 4 0
5 9 5 32 0
9 5 5 32 0
5 9 32 5 0
9 5 32 5 0
6 8 4 33 0
8 6 4 33 0
6 8 33 4 0
8 6 33 4 0
6 8 5 32 0
8 6 5 32 0
6 8 32 5 0
8 6 32 5 0
6 8 6 31 0
8 6 6 31 0
6 8 31 6 0
8 6 31 6 0
7 7 4 33 0
7 7 33 4 0
7 7 5 32 0
7 7 32 5 0
7 7 6 31 0
7 7 31 6 0
7 7 7 30 1
7 7 30 7 1
7 7 8 29 6
7 7 29 8 6
7 7 9 28 21
7 7 28 9 21
7 7 10 27 56
7 7 27 10 56
7 7 11 26 124
7 7 26 11 124
7 7 12 25 237
7 7 25 12 237
7 7 13 24 402
7 7 24 13 402
7 7 14 23 614
7 7 23 14 614
7 7 15 22 854
7 7 22 15 854
7 7 16 21 1087
7 7 21 16 1087
7 7 17 20 1274
7 7 20 17 1274
7 7 18 19 1378
7 7 19 18 1378
6 8 3 34 0
8 6 3 34 0
6 8 34 3 0
8 6 34 3 0
7 7 3 34 0
7 7 34 3 0
