8 20 30 42 0
20 8 30 42 0
8 20 42 30 0
20 8 42 30 0
8 20 31 41 0
20 8 31 41 0
8 20 41 31 0
20 8 41 31 0
8 20 32 40 0
20 8 32 40 0
8 20 40 32 0
20 8 40 32 0
8 20 33 39 0
20 8 33 39 0
8 20 39 33 0
20 8 39 33 0
8 20 34 38 0
20 8 34 38 0
8 20 38 34 0
20 8 38 34 0
8 20 35 37 0
20 8 35 37 0
8 20 37 35 0
20 8 37 35 0
8 20 36 36 0
20 8 36 36 0
9 19 30 42 0
19 9 30 42 0
9 19 42 30 0
19 9 42 30 0
9 19 31 41 0
19 9 31 41 0
9 19 41 31 0
19 9 41 31 0
9 19 32 40 0
19 9 32 40 0
9 19 40 32 0
19 9 40 32 0
9 19 33 39 0
19 9 33 39 0
9 19 39 33 0
19 9 39 33 0
9 19 34 38 0
19 9 34 38 0
9 19 38 34 0
19 9 38 34 0
9 19 35 37 0
19 9 35 37 0
9 19 37 35 0
19 9 37 35 0
9 19 36 36 0
19 9 36 36 0
10 18 30 42 0
18 10 30 42 0
10 18 42 30 0
18 10 42 30 0
10 18 31 41 0
18 10 31 41 0
10 18 41 31 0
18 10 41 31 0
10 18 32 40 0
18 10 32 40 0
10 18 40 32 0
18 10 40 32 0
10 18 33 39 0
18 10 33 39 0
10 18 39 33 0
18 10 39 33 0
10 18 34 38 0
18 10 34 38 0
10 18 38 34 0
18 10 38 34 0
10 18 35 37 0
18 10 35 37 0
10 18 37 35 0
18 10 37 35 0
10 18 36 36 0
18 10 36 36 0
9 19 26 46 0
19 9 26 46 0
9 19 46 26 0
19 9 46 26 0
9 19 27 45 0
19 9 27 45 0
9 19 45 27 0
19 9 45 27 0
9 19 28 44 0
19 9 28 44 0
9 19 44 28 0
19 9 44 28 0
9 19 29 43 0
19 9 29 43 0
9 19 43 29 0
19 9 43 29 0
10 18 26 46 0
18 10 26 46 0
10 18 46 26 0
18 10 46 26 0
10 18 27 45 0
18 10 27 45 0
10 18 45 27 0
18 10 45 27 0
10 18 28 44 0
18 10 28 44 0
10 18 44 28 0
18 10 44 28 0
10 18 29 43 0
18 10 29 43 0
10 18 43 29 0
18 10 43 29 0
11 17 26 46 0
17 11 26 46 0
11 17 46 26 0
17 11 46 26 0
11 17 27 45 0
17 11 27 45 0
11 17 45 27 0
17 11 45 27 0
11 17 28 44 0
17 11 28 44 0
11 17 44 28 0
17 11 44 28 0
11 17 29 43 0
17 11 29 43 0
11 17 43 29 0
17 11 43 29 0
11 17 30 42 0
17 11 30 42 0
11 17 42 30 0
17 11 42 30 0
11 17 31 41 0
17 11 31 41 0
11 17 41 31 0
17 11 41 31 0
11 17 32 40 0
17 11 32 40 0
11 17 40 32 0
17 11 40 32 0
11 17 33 39 1
17 11 33 39 1
11 17 39 33 1
17 11 39 33 1
11 17 34 38 1
17 11 34 38 1
11 17 38 34 1
17 11 38 34 1
11 17 35 37 2
17 11 35 37 2
11 17 37 35 2
17 11 37 35 2
11 17 36 36 2
17 11 36 36 2
10 18 24 48 0
18 10 24 48 0
10 18 48 24 0
18 10 48 24 0
10 18 25 47 0
18 10 25 47 0
10 18 47 25 0
18 10 47 25 0
11 17 24 48 0
17 11 24 48 0
11 17 48 24 0
17 11 48 24 0
11 17 25 47 0
17 11 25 47 0
11 17 47 25 0
17 11 47 25 0
12 16 24 48 0
16 12 24 48 0
12 16 48 24 0
16 12 48 24 0
12 16 25 47 0
16 12 25 47 0
12 16 47 25 0
16 12 47 25 0
12 16 26 46 0
16 12 26 46 0
12 16 46 26 0
16 12 46 26 0
12 16 27 45 0
16 12 27 45 0
12 16 45 27 0
16 12 45 27 0
12 16 28 44 0
16 12 28 44 0
12 16 44 28 0
16 12 44 28 0
12 16 29 43 0
16 12 29 43 0
12 16 43 29 0
16 12 43 29 0
12 16 30 42 0
16 12 30 42 0
12 16 42 30 0
16 12 42 30 0
12 16 31 41 1
16 12 31 41 1
12 16 41 31 1
16 12 41 31 1
12 16 32 40 2
16 12 32 40 2
12 16 40 32 2
16 12 40 32 2
12 16 33 39 4
16 12 33 39 4
12 16 39 33 4
16 12 39 33 4
12 16 34 38 6
16 12 34 38 6
12 16 38 34 6
16 12 38 34 6
12 16 35 37 8
16 12 35 37 8
12 16 37 35 8
16 12 37 35 8
12 16 36 36 8
16 12 36 36 8
13 15 24 48 0
15 13 24 48 0
13 15 48 24 0
15 13 48 24 0
13 15 25 47 0
15 13 25 47 0
13 15 47 25 0
15 13 47 25 0
13 15 26 46 0
15 13 26 46 0
13 15 46 26 0
15 13 46 26 0
13 15 27 45 0
15 13 27 45 0
13 15 45 27 0
15 13 45 27 0
13 15 28 44 0
15 13 28 44 0
13 15 44 28 0
15 13 44 28 0
13 15 29 43 1
15 13 29 43 1
13 15 43 29 1
15 13 43 29 1
13 15 30 42 2
15 13 30 42 2
13 15 42 30 2
15 13 42 30 2
13 15 31 41 5
15 13 31 41 5
13 15 41 31 5
15 13 41 31 5
13 15 32 40 8
15 13 32 40 8
13 15 40 32 8
15 13 40 32 8
13 15 33 39 13
15 13 33 39 13
13 15 39 33 13
15 13 39 33 13
13 15 34 38 17
15 13 34 38 17
13 15 38 34 17
15 13 38 34 17
13 15 35 37 21
15 13 35 37 21
13 15 37 35 21
15 13 37 35 21
13 15 36 36 21
15 13 36 36 21
14 14 26 46 0
14 14 46 26 0
14 14 27 45 0
14 14 45 27 0
14 14 28 44 0
14 14 44 28 0
14 14 29 43 1
14 14 43 29 1
14 14 30 42 3
14 14 42 30 3
14 14 31 41 6
14 14 41 31 6
14 14 32 40 10
14 14 40 32 10
14 14 33 39 16
14 14 39 33 16
14 14 34 38 21
14 14 38 34 21
14 14 35 37 25
14 14 37 35 25
14 14 36 36 26
11 17 23 49 0
17 11 23 49 0
11 17 49 23 0
17 11 49 23 0
12 16 23 49 0
16 12 23 49 0
12 16 49 23 0
16 12 49 23 0
13 15 23 49 0
15 13 23 49 0
13 15 49 23 0
15 13 49 23 0
12 16 22 50 0
16 12 22 50 0
12 16 50 22 0
16 12 50 22 0
13 15 22 50 0
15 13 22 50 0
13 15 50 22 0
15 13 50 22 0
14 14 22 50 0
14 14 50 22 0
14 14 23 49 0
14 14 49 23 0
14 14 24 48 0
14 14 48 24 0
14 14 25 47 0
14 14 47 25 0
