5 19 25 37 0
19 5 25 37 0
5 19 37 25 0
19 5 37 25 0
5 19 26 36 0
19 5 26 36 0
5 19 36 26 0
19 5 36 26 0
5 19 27 35 0
19 5 27 35 0
5 19 35 27 0
19 5 35 27 0
5 19 28 34 0
19 5 28 34 0
5 19 34 28 0
19 5 34 28 0
5 19 29 33 0
19 5 29 33 0
5 19 33 29 0
19 5 33 29 0
5 19 30 32 0
19 5 30 32 0
5 19 32 30 0
19 5 32 30 0
5 19 31 31 0
19 5 31 31 0
6 18 25 37 0
18 6 25 37 0
6 18 37 25 0
18 6 37 25 0
6 18 26 36 0
18 6 26 36 0
6 18 36 26 0
18 6 36 26 0
6 18 27 35 0
18 6 27 35 0
6 18 35 27 0
18 6 35 27 0
6 18 28 34 0
18 6 28 34 0
6 18 34 28 0
18 6 34 28 0
6 18 29 33 0
18 6 29 33 0
6 18 33 29 0
18 6 33 29 0
6 18 30 32 0
18 6 30 32 0
6 18 32 30 0
18 6 32 30 0
6 18 31 31 0
18 6 31 31 0
7 17 25 37 0
17 7 25 37 0
7 17 37 25 0
17 7 37 25 0
7 17 26 36 0
17 7 26 36 0
7 17 36 26 0
17 7 36 26 0
7 17 27 35 0
17 7 27 35 0
7 17 35 27 0
17 7 35 27 0
7 17 28 34 0
17 7 28 34 0
7 17 34 28 0
17 7 34 28 0
7 17 29 33 0
17 7 29 33 0
7 17 33 29 0
17 7 33 29 0
7 17 30 32 1
17 7 30 32 1
7 17 32 30 1
17 7 32 30 1
7 17 31 31 1
17 7 31 31 1
6 18 21 41 0
18 6 21 41 0
6 18 41 21 0
18 6 41 21 0
6 18 22 40 0
18 6 22 40 0
6 18 40 22 0
18 6 40 22 0
6 18 23 39 0
18 6 23 39 0
6 18 39 23 0
18 6 39 23 0
6 18 24 38 0
18 6 24 38 0
6 18 38 24 0
18 6 38 24 0
7 17 21 41 0
17 7 21 41 0
7 17 41 21 0
17 7 41 21 0
7 17 22 40 0
17 7 22 40 0
7 17 40 22 0
17 7 40 22 0
7 17 23 39 0
17 7 23 39 0
7 17 39 23 0
17 7 39 23 0
7 17 24 38 0
17 7 24 38 0
7 17 38 24 0
17 7 38 24 0
8 16 21 41 0
16 8 21 41 0
8 16 41 21 0
16 8 41 21 0
8 16 22 40 0
16 8 22 40 0
8 16 40 22 0
16 8 40 22 0
8 16 23 39 0
16 8 23 39 0
8 16 39 23 0
16 8 39 23 0
8 16 24 38 0
16 8 24 38 0
8 16 38 24 0
16 8 38 24 0
8 16 25 37 0
16 8 25 37 0
8 16 37 25 0
16 8 37 25 0
8 16 26 36 1
16 8 26 36 1
8 16 36 26 1
16 8 36 26 1
8 16 27 35 3
16 8 27 35 3
8 16 35 27 3
16 8 35 27 3
8 16 28 34 6
16 8 28 34 6
8 16 34 28 6
16 8 34 28 6
8 16 29 33 9
16 8 29 33 9
8 16 33 29 9
16 8 33 29 9
8 16 30 32 12
16 8 30 32 12
8 16 32 30 12
16 8 32 30 12
8 16 31 31 13
16 8 31 31 13
7 17 19 43 0
17 7 19 43 0
7 17 43 19 0
17 7 43 19 0
7 17 20 42 0
17 7 20 42 0
7 17 42 20 0
17 7 42 20 0
8 16 19 43 0
16 8 19 43 0
8 16 43 19 0
16 8 43 19 0
8 16 20 42 0
16 8 20 42 0
8 16 42 20 0
16 8 42 20 0
9 15 19 43 0
15 9 19 43 0
9 15 43 19 0
15 9 43 19 0
9 15 20 42 0
15 9 20 42 0
9 15 42 20 0
15 9 42 20 0
9 15 21 41 0
15 9 21 41 0
9 15 41 21 0
15 9 41 21 0
9 15 22 40 0
15 9 22 40 0
9 15 40 22 0
15 9 40 22 0
9 15 23 39 0
15 9 23 39 0
9 15 39 23 0
15 9 39 23 0
9 15 24 38 2
15 9 24 38 2
9 15 38 24 2
15 9 38 24 2
9 15 25 37 5
15 9 25 37 5
9 15 37 25 5
15 9 37 25 5
9 15 26 36 13
15 9 26 36 13
9 15 36 26 13
15 9 36 26 13
9 15 27 35 24
15 9 27 35 24
9 15 35 27 24
15 9 35 27 24
9 15 28 34 39
15 9 28 34 39
9 15 34 28 39
15 9 34 28 39
9 15 29 33 52
15 9 29 33 52
9 15 33 29 52
15 9 33 29 52
9 15 30 32 64
15 9 30 32 64
9 15 32 30 64
15 9 32 30 64
9 15 31 31 67
15 9 31 31 67
10 14 19 43 0
14 10 19 43 0
10 14 43 19 0
14 10 43 19 0
10 14 20 42 0
14 10 20 42 0
10 14 42 20 0
14 10 42 20 0
10 14 21 41 0
14 10 21 41 0
10 14 41 21 0
14 10 41 21 0
10 14 22 40 1
14 10 22 40 1
10 14 40 22 1
14 10 40 22 1
10 14 23 39 4
14 10 23 39 4
10 14 39 23 4
14 10 39 23 4
10 14 24 38 12
14 10 24 38 12
10 14 38 24 12
14 10 38 24 12
10 14 25 37 27
14 10 25 37 27
10 14 37 25 27
14 10 37 25 27
10 14 26 36 52
14 10 26 36 52
10 14 36 26 52
14 10 36 26 52
10 14 27 35 85
14 10 27 35 85
10 14 35 27 85
14 10 35 27 85
10 14 28 34 124
14 10 28 34 124
10 14 34 28 124
14 10 34 28 124
10 14 29 33 160
14 10 29 33 160
10 14 33 29 160
14 10 33 29 160
10 14 30 32 187
14 10 30 32 187
10 14 32 30 187
14 10 32 30 187
10 14 31 31 196
14 10 31 31 196
11 13 21 41 0
13 11 21 41 0
11 13 41 21 0
13 11 41 21 0
11 13 22 40 3
13 11 22 40 3
11 13 40 22 3
13 11 40 22 3
11 13 23 39 10
13 11 23 39 10
11 13 39 23 10
13 11 39 23 10
11 13 24 38 27
13 11 24 38 27
11 13 38 24 27
13 11 38 24 27
11 13 25 37 56
13 11 25 37 56
11 13 37 25 56
13 11 37 25 56
11 13 26 36 103
13 11 26 36 103
11 13 36 26 103
13 11 36 26 103
11 13 27 35 161
13 11 27 35 161
11 13 35 27 161
13 11 35 27 161
11 13 28 34 229
13 11 28 34 229
11 13 34 28 229
13 11 34 28 229
11 13 29 33 289
13 11 29 33 289
11 13 33 29 289
13 11 33 29 289
11 13 30 32 335
13 11 30 32 335
11 13 32 30 335
13 11 32 30 335
11 13 31 31 349
13 11 31 31 349
12 12 25 37 75
12 12 37 25 75
12 12 26 36 132
12 12 36 26 132
12 12 27 35 204
12 12 35 27 204
12 12 28 34 284
12 12 34 28 284
12 12 29 33 357
12 12 33 29 357
12 12 30 32 410
12 12 32 30 410
12 12 31 31 428
8 16 17 45 0
16 8 17 45 0
8 16 45 17 0
16 8 45 17 0
8 16 18 44 0
16 8 18 44 0
8 16 44 18 0
16 8 44 18 0
9 15 17 45 0
15 9 17 45 0
9 15 45 17 0
15 9 45 17 0
9 15 18 44 0
15 9 18 44 0
9 15 44 18 0
15 9 44 18 0
10 14 17 45 0
14 10 17 45 0
10 14 45 17 0
14 10 45 17 0
10 14 18 44 0
14 10 18 44 0
10 14 44 18 0
14 10 44 18 0
9 15 16 46 0
15 9 16 46 0
9 15 46 16 0
15 9 46 16 0
10 14 16 46 0
14 10 16 46 0
10 14 46 16 0
14 10 46 16 0
11 13 16 46 0
13 11 16 46 0
11 13 46 16 0
13 11 46 16 0
11 13 17 45 0
13 11 17 45 0
11 13 45 17 0
13 11 45 17 0
11 13 18 44 0
13 11 18 44 0
11 13 44 18 0
13 11 44 18 0
11 13 19 43 0
13 11 19 43 0
11 13 43 19 0
13 11 43 19 0
11 13 20 42 0
13 11 20 42 0
11 13 42 20 0
13 11 42 20 0
12 12 17 45 0
12 12 45 17 0
12 12 18 44 0
12 12 44 18 0
12 12 19 43 0
12 12 43 19 0
12 12 20 42 0
12 12 42 20 0
12 12 21 41 1
12 12 41 21 1
12 12 22 40 5
12 12 40 22 5
12 12 23 39 15
12 12 39 23 15
12 12 24 38 37
12 12 38 24 37
10 14 15 47 0
14 10 15 47 0
10 14 47 15 0
14 10 47 15 0
11 13 15 47 0
13 11 15 47 0
11 13 47 15 0
13 11 47 15 0
12 12 15 47 0
12 12 47 15 0
12 12 16 46 0
12 12 46 16 0
