6 20 30 37 0
20 6 30 37 0
6 20 37 30 0
20 6 37 30 0
6 20 31 36 0
20 6 31 36 0
6 20 36 31 0
20 6 36 31 0
6 20 32 35 0
20 6 32 35 0
6 20 35 32 0
20 6 35 32 0
6 20 33 34 0
20 6 33 34 0
6 20 34 33 0
20 6 34 33 0
7 19 30 37 0
19 7 30 37 0
7 19 37 30 0
19 7 37 30 0
7 19 31 36 0
19 7 31 36 0
7 19 36 31 0
19 7 36 31 0
7 19 32 35 0
19 7 32 35 0
7 19 35 32 0
19 7 35 32 0
7 19 33 34 0
19 7 33 34 0
7 19 34 33 0
19 7 34 33 0
8 18 30 37 0
18 8 30 37 0
8 18 37 30 0
18 8 37 30 0
8 18 31 36 0
18 8 31 36 0
8 18 36 31 0
18 8 36 31 0
8 18 32 35 0
18 8 32 35 0
8 18 35 32 0
18 8 35 32 0
8 18 33 34 0
18 8 33 34 0
8 18 34 33 0
18 8 34 33 0
7 19 25 42 0
19 7 25 42 0
7 19 42 25 0
19 7 42 25 0
7 19 26 41 0
19 7 26 41 0
7 19 41 26 0
19 7 41 26 0
7 19 27 40 0
19 7 27 40 0
7 19 40 27 0
19 7 40 27 0
7 19 28 39 0
19 7 28 39 0
7 19 39 28 0
19 7 39 28 0
7 19 29 38 0
19 7 29 38 0
7 19 38 29 0
19 7 38 29 0
8 18 25 42 0
18 8 25 42 0
8 18 42 25 0
18 8 42 25 0
8 18 26 41 0
18 8 26 41 0
8 18 41 26 0
18 8 41 26 0
8 18 27 40 0
18 8 27 40 0
8 18 40 27 0
18 8 40 27 0
8 18 28 39 0
18 8 28 39 0
8 18 39 28 0
18 8 39 28 0
8 18 29 38 0
18 8 29 38 0
8 18 38 29 0
18 8 38 29 0
9 17 25 42 0
17 9 25 42 0
9 17 42 25 0
17 9 42 25 0
9 17 26 41 0
17 9 26 41 0
9 17 41 26 0
17 9 41 26 0
9 17 27 40 0
17 9 27 40 0
9 17 40 27 0
17 9 40 27 0
9 17 28 39 0
17 9 28 39 0
9 17 39 28 0
17 9 39 28 0
9 17 29 38 0
17 9 29 38 0
9 17 38 29 0
17 9 38 29 0
9 17 30 37 0
17 9 30 37 0
9 17 37 30 0
17 9 37 30 0
9 17 31 36 1
17 9 31 36 1
9 17 36 31 1
17 9 36 31 1
9 17 32 35 2
17 9 32 35 2
9 17 35 32 2
17 9 35 32 2
9 17 33 34 2
17 9 33 34 2
9 17 34 33 2
17 9 34 33 2
8 18 22 45 0
18 8 22 45 0
8 18 45 22 0
18 8 45 22 0
8 18 23 44 0
18 8 23 44 0
8 18 44 23 0
18 8 44 23 0
8 18 24 43 0
18 8 24 43 0
8 18 43 24 0
18 8 43 24 0
9 17 22 45 0
17 9 22 45 0
9 17 45 22 0
17 9 45 22 0
9 17 23 44 0
17 9 23 44 0
9 17 44 23 0
17 9 44 23 0
9 17 24 43 0
17 9 24 43 0
9 17 43 24 0
17 9 43 24 0
10 16 22 45 0
16 10 22 45 0
10 16 45 22 0
16 10 45 22 0
10 16 23 44 0
16 10 23 44 0
10 16 44 23 0
16 10 44 23 0
10 16 24 43 0
16 10 24 43 0
10 16 43 24 0
16 10 43 24 0
10 16 25 42 0
16 10 25 42 0
10 16 42 25 0
16 10 42 25 0
10 16 26 41 0
16 10 26 41 0
10 16 41 26 0
16 10 41 26 0
10 16 27 40 0
16 10 27 40 0
10 16 40 27 0
16 10 40 27 0
10 16 28 39 1
16 10 28 39 1
10 16 39 28 1
16 10 39 28 1
10 16 29 38 3
16 10 29 38 3
10 16 38 29 3
16 10 38 29 3
10 16 30 37 6
16 10 30 37 6
10 16 37 30 6
16 10 37 30 6
10 16 31 36 10
16 10 31 36 10
10 16 36 31 10
16 10 36 31 10
10 16 32 35 14
16 10 32 35 14
10 16 35 32 14
16 10 35 32 14
10 16 33 34 16
16 10 33 34 16
10 16 34 33 16
16 10 34 33 16
9 17 21 46 0
17 9 21 46 0
9 17 46 21 0
17 9 46 21 0
10 16 21 46 0
16 10 21 46 0
10 16 46 21 0
16 10 46 21 0
11 15 21 46 0
15 11 21 46 0
11 15 46 21 0
15 11 46 21 0
11 15 22 45 0
15 11 22 45 0
11 15 45 22 0
15 11 45 22 0
11 15 23 44 0
15 11 23 44 0
11 15 44 23 0
15 11 44 23 0
11 15 24 43 0
15 11 24 43 0
11 15 43 24 0
15 11 43 24 0
11 15 25 42 0
15 11 25 42 0
11 15 42 25 0
15 11 42 25 0
11 15 26 41 1
15 11 26 41 1
11 15 41 26 1
15 11 41 26 1
11 15 27 40 3
15 11 27 40 3
11 15 40 27 3
15 11 40 27 3
11 15 28 39 8
15 11 28 39 8
11 15 39 28 8
15 11 39 28 8
11 15 29 38 16
15 11 29 38 16
11 15 38 29 16
15 11 38 29 16
11 15 30 37 27
15 11 30 37 27
11 15 37 30 27
15 11 37 30 27
11 15 31 36 39
15 11 31 36 39
11 15 36 31 39
15 11 36 31 39
11 15 32 35 50
15 11 32 35 50
11 15 35 32 50
15 11 35 32 50
11 15 33 34 56
15 11 33 34 56
11 15 34 33 56
15 11 34 33 56
12 14 22 45 0
14 12 22 45 0
12 14 45 22 0
14 12 45 22 0
12 14 23 44 0
14 12 23 44 0
12 14 44 23 0
14 12 44 23 0
12 14 24 43 0
14 12 24 43 0
12 14 43 24 0
14 12 43 24 0
12 14 25 42 1
14 12 25 42 1
12 14 42 25 1
14 12 42 25 1
12 14 26 41 4
14 12 26 41 4
12 14 41 26 4
14 12 41 26 4
12 14 27 40 10
14 12 27 40 10
12 14 40 27 10
14 12 40 27 10
12 14 28 39 21
14 12 28 39 21
12 14 39 28 21
14 12 39 28 21
12 14 29 38 38
14 12 29 38 38
12 14 38 29 38
14 12 38 29 38
12 14 30 37 59
14 12 30 37 59
12 14 37 30 59
14 12 37 30 59
12 14 31 36 81
14 12 31 36 81
12 14 36 31 81
14 12 36 31 81
12 14 32 35 100
14 12 32 35 100
12 14 35 32 100
14 12 35 32 100
12 14 33 34 111
14 12 33 34 111
12 14 34 33 111
14 12 34 33 111
13 13 25 42 1
13 13 42 25 1
13 13 26 41 5
13 13 41 26 5
13 13 27 40 13
13 13 40 27 13
13 13 28 39 27
13 13 39 28 27
13 13 29 38 48
13 13 38 29 48
13 13 30 37 74
13 13 37 30 74
13 13 31 36 101
13 13 36 31 101
13 13 32 35 124
13 13 35 32 124
13 13 33 34 137
13 13 34 33 137
10 16 19 48 0
16 10 19 48 0
10 16 48 19 0
16 10 48 19 0
10 16 20 47 0
16 10 20 47 0
10 16 47 20 0
16 10 47 20 0
11 15 19 48 0
15 11 19 48 0
11 15 48 19 0
15 11 48 19 0
11 15 20 47 0
15 11 20 47 0
11 15 47 20 0
15 11 47 20 0
12 14 19 48 0
14 12 19 48 0
12 14 48 19 0
14 12 48 19 0
12 14 20 47 0
14 12 20 47 0
12 14 47 20 0
14 12 47 20 0
12 14 21 46 0
14 12 21 46 0
12 14 46 21 0
14 12 46 21 0
13 13 19 48 0
13 13 48 19 0
13 13 20 47 0
13 13 47 20 0
13 13 21 46 0
13 13 46 21 0
13 13 22 45 0
13 13 45 22 0
13 13 23 44 0
13 13 44 23 0
13 13 24 43 0
13 13 43 24 0
12 14 18 49 0
14 12 18 49 0
12 14 49 18 0
14 12 49 18 0
13 13 18 49 0
13 13 49 18 0
