0 12 10 22 0
12 0 10 22 0
0 12 22 10 0
12 0 22 10 0
0 12 11 21 0
12 0 11 21 0
0 12 21 11 0
12 0 21 11 0
0 12 12 20 0
12 0 12 20 0
0 12 20 12 0
12 0 20 12 0
0 12 13 19 0
12 0 13 19 0
0 12 19 13 0
12 0 19 13 0
0 12 14 18 0
12 0 14 18 0
0 12 18 14 0
12 0 18 14 0
0 12 15 17 0
12 0 15 17 0
0 12 17 15 0
12 0 17 15 0
0 12 16 16 0
12 0 16 16 0
1 11 10 22 0
11 1 10 22 0
1 11 22 10 0
11 1 22 10 0
1 11 11 21 0
11 1 11 21 0
1 11 21 11 0
11 1 21 11 0
1 11 12 20 0
11 1 12 20 0
1 11 20 12 0
11 1 20 12 0
1 11 13 19 1
11 1 13 19 1
1 11 19 13 1
11 1 19 13 1
1 11 14 18 2
11 1 14 18 2
1 11 18 14 2
11 1 18 14 2
1 11 15 17 3
11 1 15 17 3
1 11 17 15 3
11 1 17 15 3
1 11 16 16 3
11 1 16 16 3
2 10 10 22 2
10 2 10 22 2
2 10 22 10 2
10 2 22 10 2
2 10 11 21 5
10 2 11 21 5
2 10 21 11 5
10 2 21 11 5
2 10 12 20 10
10 2 12 20 10
2 10 20 12 10
10 2 20 12 10
2 10 13 19 17
10 2 13 19 17
2 10 19 13 17
10 2 19 13 17
2 10 14 18 25
10 2 14 18 25
2 10 18 14 25
10 2 18 14 25
2 10 15 17 30
10 2 15 17 30
2 10 17 15 30
10 2 17 15 30
2 10 16 16 32
10 2 16 16 32
1 11 6 26 0
11 1 6 26 0
1 11 26 6 0
11 1 26 6 0
1 11 7 25 0
11 1 7 25 0
1 11 25 7 0
11 1 25 7 0
1 11 8 24 0
11 1 8 24 0
1 11 24 8 0
11 1 24 8 0
1 11 9 23 0
11 1 9 23 0
1 11 23 9 0
11 1 23 9 0
2 10 6 26 0
10 2 6 26 0
2 10 26 6 0
10 2 26 6 0
2 10 7 25 0
10 2 7 25 0
2 10 25 7 0
10 2 25 7 0
2 10 8 24 0
10 2 8 24 0
2 10 24 8 0
10 2 24 8 0
2 10 9 23 0
10 2 9 23 0
2 10 23 9 0
10 2 23 9 0
3 9 6 26 0
9 3 6 26 0
3 9 26 6 0
9 3 26 6 0
3 9 7 25 1
9 3 7 25 1
3 9 25 7 1
9 3 25 7 1
3 9 8 24 3
9 3 8 24 3
3 9 24 8 3
9 3 24 8 3
3 9 9 23 9
9 3 9 23 9
3 9 23 9 9
9 3 23 9 9
3 9 10 22 20
9 3 10 22 20
3 9 22 10 20
9 3 22 10 20
3 9 11 21 39
9 3 11 21 39
3 9 21 11 39
9 3 21 11 39
3 9 12 20 63
9 3 12 20 63
3 9 20 12 63
9 3 20 12 63
3 9 13 19 93
9 3 13 19 93
3 9 19 13 93
9 3 19 13 93
3 9 14 18 120
9 3 14 18 120
3 9 18 14 120
9 3 18 14 120
3 9 15 17 141
9 3 15 17 141
3 9 17 15 141
9 3 17 15 141
3 9 16 16 147
9 3 16 16 147
4 8 6 26 1
8 4 6 26 1
4 8 26 6 1
8 4 26 6 1
4 8 7 25 5
8 4 7 25 5
4 8 25 7 5
8 4 25 7 5
4 8 8 24 15
8 4 8 24 15
4 8 24 8 15
8 4 24 8 15
4 8 9 23 35
8 4 9 23 35
4 8 23 9 35
8 4 23 9 35
4 8 10 22 70
8 4 10 22 70
4 8 22 10 70
8 4 22 10 70
4 8 11 21 121
8 4 11 21 121
4 8 21 11 121
8 4 21 11 121
4 8 12 20 186
8 4 12 20 186
4 8 20 12 186
8 4 20 12 186
4 8 13 19 257
8 4 13 19 257
4 8 19 13 257
8 4 19 13 257
4 8 14 18 323
8 4 14 18 323
4 8 18 14 323
8 4 18 14 323
4 8 15 17 369
8 4 15 17 369
4 8 17 15 369
8 4 17 15 369
4 8 16 16 386
8 4 16 16 386
2 10 4 28 0
10 2 4 28 0
2 10 28 4 0
10 2 28 4 0
2 10 5 27 0
10 2 5 27 0
2 10 27 5 0
10 2 27 5 0
3 9 4 28 0
9 3 4 28 0
3 9 28 4 0
9 3 28 4 0
3 9 5 27 0
9 3 5 27 0
3 9 27 5 0
9 3 27 5 0
4 8 4 28 0
8 4 4 28 0
4 8 28 4 0
8 4 28 4 0
4 8 5 27 0
8 4 5 27 0
4 8 27 5 0
8 4 27 5 0
3 9 3 29 0
9 3 3 29 0
3 9 29 3 0
9 3 29 3 0
4 8 3 29 0
8 4 3 29 0
4 8 29 3 0
8 4 29 3 0
5 7 3 29 0
7 5 3 29 0
5 7 29 3 0
7 5 29 3 0
5 7 4 28 0
7 5 4 28 0
5 7 28 4 0
7 5 28 4 0
5 7 5 27 1
7 5 5 27 1
5 7 27 5 1
7 5 27 5 1
5 7 6 26 4
7 5 6 26 4
5 7 26 6 4
7 5 26 6 4
5 7 7 25 14
7 5 7 25 14
5 7 25 7 14
7 5 25 7 14
5 7 8 24 35
7 5 8 24 35
5 7 24 8 35
7 5 24 8 35
5 7 9 23 76
7 5 9 23 76
5 7 23 9 76
7 5 23 9 76
5 7 10 22 140
7 5 10 22 140
5 7 22 10 140
7 5 22 10 140
5 7 11 21 232
7 5 11 21 232
5 7 21 11 232
7 5 21 11 232
5 7 12 20 342
7 5 12 20 342
5 7 20 12 342
7 5 20 12 342
5 7 13 19 463
7 5 13 19 463
5 7 19 13 463
7 5 19 13 463
5 7 14 18 569
7 5 14 18 569
5 7 18 14 569
7 5 18 14 569
5 7 15 17 646
7 5 15 17 646
5 7 17 15 646
7 5 17 15 646
5 7 16 16 671
7 5 16 16 671
6 6 4 28 0
6 6 28 4 0
6 6 5 27 1
6 6 27 5 1
6 6 6 26 6
6 6 26 6 6
6 6 7 25 18
6 6 25 7 18
6 6 8 24 45
6 6 24 8 45
6 6 9 23 94
6 6 23 9 94
6 6 10 22 173
6 6 22 10 173
6 6 11 21 281
6 6 21 11 281
6 6 12 20 414
6 6 20 12 414
6 6 13 19 554
6 6 19 13 554
6 6 14 18 681
6 6 18 14 681
6 6 15 17 768
6 6 17 15 768
6 6 16 16 800
4 8 2 30 0
8 4 2 30 0
4 8 30 2 0
8 4 30 2 0
5 7 2 30 0
7 5 2 30 0
5 7 30 2 0
7 5 30 2 0
6 6 2 30 0
6 6 30 2 0
6 6 3 29 0
6 6 29 3 0
