2 16 16 31 0
16 2 16 31 0
2 16 31 16 0
16 2 31 16 0
2 16 17 30 0
16 2 17 30 0
2 16 30 17 0
16 2 30 17 0
2 16 18 29 0
16 2 18 29 0
2 16 29 18 0
16 2 29 18 0
2 16 19 28 0
16 2 19 28 0
2 16 28 19 0
16 2 28 19 0
2 16 20 27 0
16 2 20 27 0
2 16 27 20 0
16 2 27 20 0
2 16 21 26 0
16 2 21 26 0
2 16 26 21 0
16 2 26 21 0
2 16 22 25 0
16 2 22 25 0
2 16 25 22 0
16 2 25 22 0
2 16 23 24 0
16 2 23 24 0
2 16 24 23 0
16 2 24 23 0
3 15 16 31 0
15 3 16 31 0
3 15 31 16 0
15 3 31 16 0
3 15 17 30 0
15 3 17 30 0
3 15 30 17 0
15 3 30 17 0
3 15 18 29 0
15 3 18 29 0
3 15 29 18 0
15 3 29 18 0
3 15 19 28 0
15 3 19 28 0
3 15 28 19 0
15 3 28 19 0
3 15 20 27 0
15 3 20 27 0
3 15 27 20 0
15 3 27 20 0
3 15 21 26 0
15 3 21 26 0
3 15 26 21 0
15 3 26 21 0
3 15 22 25 0
15 3 22 25 0
3 15 25 22 0
15 3 25 22 0
3 15 23 24 0
15 3 23 24 0
3 15 24 23 0
15 3 24 23 0
4 14 16 31 0
14 4 16 31 0
4 14 31 16 0
14 4 31 16 0
4 14 17 30 0
14 4 17 30 0
4 14 30 17 0
14 4 30 17 0
4 14 18 29 1
14 4 18 29 1
4 14 29 18 1
14 4 29 18 1
4 14 19 28 3
14 4 19 28 3
4 14 28 19 3
14 4 28 19 3
4 14 20 27 6
14 4 20 27 6
4 14 27 20 6
14 4 27 20 6
4 14 21 26 9
14 4 21 26 9
4 14 26 21 9
14 4 26 21 9
4 14 22 25 12
14 4 22 25 12
4 14 25 22 12
14 4 25 22 12
4 14 23 24 14
14 4 23 24 14
4 14 24 23 14
14 4 24 23 14
3 15 15 32 0
15 3 15 32 0
3 15 32 15 0
15 3 32 15 0
4 14 15 32 0
14 4 15 32 0
4 14 32 15 0
14 4 32 15 0
5 13 15 32 0
13 5 15 32 0
5 13 32 15 0
13 5 32 15 0
5 13 16 31 2
13 5 16 31 2
5 13 31 16 2
13 5 31 16 2
5 13 17 30 7
13 5 17 30 7
5 13 30 17 7
13 5 30 17 7
5 13 18 29 17
13 5 18 29 17
5 13 29 18 17
13 5 29 18 17
5 13 19 28 33
13 5 19 28 33
5 13 28 19 33
13 5 28 19 33
5 13 20 27 54
13 5 20 27 54
5 13 27 20 54
13 5 27 20 54
5 13 21 26 76
13 5 21 26 76
5 13 26 21 76
13 5 26 21 76
5 13 22 25 95
13 5 22 25 95
5 13 25 22 95
13 5 25 22 95
5 13 23 24 106
13 5 23 24 106
5 13 24 23 106
13 5 24 23 106
6 12 16 31 19
12 6 16 31 19
6 12 31 16 19
12 6 31 16 19
6 12 17 30 45
12 6 17 30 45
6 12 30 17 45
12 6 30 17 45
6 12 18 29 89
12 6 18 29 89
6 12 29 18 89
12 6 29 18 89
6 12 19 28 151
12 6 19 28 151
6 12 28 19 151
12 6 28 19 151
6 12 20 27 226
12 6 20 27 226
6 12 27 20 226
12 6 27 20 226
6 12 21 26 302
12 6 21 26 302
6 12 26 21 302
12 6 26 21 302
6 12 22 25 365
12 6 22 25 365
6 12 25 22 365
12 6 25 22 365
6 12 23 24 401
12 6 23 24 401
6 12 24 23 401
12 6 24 23 401
3 15 13 34 0
15 3 13 34 0
3 15 34 13 0
15 3 34 13 0
3 15 14 33 0
15 3 14 33 0
3 15 33 14 0
15 3 33 14 0
4 14 13 34 0
14 4 13 34 0
4 14 34 13 0
14 4 34 13 0
4 14 14 33 0
14 4 14 33 0
4 14 33 14 0
14 4 33 14 0
5 13 13 34 0
13 5 13 34 0
5 13 34 13 0
13 5 34 13 0
5 13 14 33 0
13 5 14 33 0
5 13 33 14 0
13 5 33 14 0
4 14 11 36 0
14 4 11 36 0
4 14 36 11 0
14 4 36 11 0
4 14 12 35 0
14 4 12 35 0
4 14 35 12 0
14 4 35 12 0
5 13 11 36 0
13 5 11 36 0
5 13 36 11 0
13 5 36 11 0
5 13 12 35 0
13 5 12 35 0
5 13 35 12 0
13 5 35 12 0
6 12 11 36 0
12 6 11 36 0
6 12 36 11 0
12 6 36 11 0
6 12 12 35 0
12 6 12 35 0
6 12 35 12 0
12 6 35 12 0
6 12 13 34 0
12 6 13 34 0
6 12 34 13 0
12 6 34 13 0
6 12 14 33 1
12 6 14 33 1
6 12 33 14 1
12 6 33 14 1
6 12 15 32 6
12 6 15 32 6
6 12 32 15 6
12 6 32 15 6
7 11 11 36 0
11 7 11 36 0
7 11 36 11 0
11 7 36 11 0
7 11 12 35 0
11 7 12 35 0
7 11 35 12 0
11 7 35 12 0
7 11 13 34 2
11 7 13 34 2
7 11 34 13 2
11 7 34 13 2
7 11 14 33 9
11 7 14 33 9
7 11 33 14 9
11 7 33 14 9
7 11 15 32 28
11 7 15 32 28
7 11 32 15 28
11 7 32 15 28
7 11 16 31 69
11 7 16 31 69
7 11 31 16 69
11 7 31 16 69
7 11 17 30 142
11 7 17 30 142
7 11 30 17 142
11 7 30 17 142
7 11 18 29 254
11 7 18 29 254
7 11 29 18 254
11 7 29 18 254
7 11 19 28 403
11 7 19 28 403
7 11 28 19 403
11 7 28 19 403
7 11 20 27 576
11 7 20 27 576
7 11 27 20 576
11 7 27 20 576
7 11 21 26 747
11 7 21 26 747
7 11 26 21 747
11 7 26 21 747
7 11 22 25 886
11 7 22 25 886
7 11 25 22 886
11 7 25 22 886
7 11 23 24 964
11 7 23 24 964
7 11 24 23 964
11 7 24 23 964
8 10 13 34 6
10 8 13 34 6
8 10 34 13 6
10 8 34 13 6
8 10 14 33 22
10 8 14 33 22
8 10 33 14 22
10 8 33 14 22
8 10 15 32 60
10 8 15 32 60
8 10 32 15 60
10 8 32 15 60
8 10 16 31 136
10 8 16 31 136
8 10 31 16 136
10 8 31 16 136
8 10 17 30 264
10 8 17 30 264
8 10 30 17 264
10 8 30 17 264
8 10 18 29 453
10 8 18 29 453
8 10 29 18 453
10 8 29 18 453
8 10 19 28 698
10 8 19 28 698
8 10 28 19 698
10 8 28 19 698
8 10 20 27 976
10 8 20 27 976
8 10 27 20 976
10 8 27 20 976
8 10 21 26 1247
10 8 21 26 1247
8 10 26 21 1247
10 8 26 21 1247
8 10 22 25 1465
10 8 22 25 1465
8 10 25 22 1465
10 8 25 22 1465
8 10 23 24 1587
10 8 23 24 1587
8 10 24 23 1587
10 8 24 23 1587
5 13 9 38 0
13 5 9 38 0
5 13 38 9 0
13 5 38 9 0
5 13 10 37 0
13 5 10 37 0
5 13 37 10 0
13 5 37 10 0
6 12 9 38 0
12 6 9 38 0
6 12 38 9 0
12 6 38 9 0
6 12 10 37 0
12 6 10 37 0
6 12 37 10 0
12 6 37 10 0
7 11 9 38 0
11 7 9 38 0
7 11 38 9 0
11 7 38 9 0
7 11 10 37 0
11 7 10 37 0
7 11 37 10 0
11 7 37 10 0
6 12 8 39 0
12 6 8 39 0
6 12 39 8 0
12 6 39 8 0
7 11 8 39 0
11 7 8 39 0
7 11 39 8 0
11 7 39 8 0
8 10 8 39 0
10 8 8 39 0
8 10 39 8 0
10 8 39 8 0
8 10 9 38 0
10 8 9 38 0
8 10 38 9 0
10 8 38 9 0
8 10 10 37 0
10 8 10 37 0
8 10 37 10 0
10 8 37 10 0
8 10 11 36 0
10 8 11 36 0
8 10 36 11 0
10 8 36 11 0
8 10 12 35 1
10 8 12 35 1
8 10 35 12 1
10 8 35 12 1
9 9 9 38 0
9 9 38 9 0
9 9 10 37 0
9 9 37 10 0
9 9 11 36 0
9 9 36 11 0
9 9 12 35 2
9 9 35 12 2
9 9 13 34 9
9 9 34 13 9
9 9 14 33 30
9 9 33 14 30
9 9 15 32 78
9 9 32 15 78
9 9 16 31 171
9 9 31 16 171
9 9 17 30 325
9 9 30 17 325
9 9 18 29 550
9 9 29 18 550
9 9 19 28 838
9 9 28 19 838
9 9 20 27 1163
9 9 27 20 1163
9 9 21 26 1479
9 9 26 21 1479
9 9 22 25 1732
9 9 25 22 1732
9 9 23 24 1873
9 9 24 23 1873
7 11 7 40 0
11 7 7 40 0
7 11 40 7 0
11 7 40 7 0
8 10 7 40 0
10 8 7 40 0
8 10 40 7 0
10 8 40 7 0
9 9 7 40 0
9 9 40 7 0
9 9 8 39 0
9 9 39 8 0
