3 17 18 34 0
17 3 18 34 0
3 17 34 18 0
17 3 34 18 0
3 17 19 33 0
17 3 19 33 0
3 17 33 19 0
17 3 33 19 0
3 17 20 32 0
17 3 20 32 0
3 17 32 20 0
17 3 32 20 0
3 17 21 31 0
17 3 21 31 0
3 17 31 21 0
17 3 31 21 0
3 17 22 30 0
17 3 22 30 0
3 17 30 22 0
17 3 30 22 0
3 17 23 29 0
17 3 23 29 0
3 17 29 23 0
17 3 29 23 0
3 17 24 28 0
17 3 24 28 0
3 17 28 24 0
17 3 28 24 0
3 17 25 27 0
17 3 25 27 0
3 17 27 25 0
17 3 27 25 0
4 16 18 34 0
16 4 18 34 0
4 16 34 18 0
16 4 34 18 0
4 16 19 33 0
16 4 19 33 0
4 16 33 19 0
16 4 33 19 0
4 16 20 32 0
16 4 20 32 0
4 16 32 20 0
16 4 32 20 0
4 16 21 31 0
16 4 21 31 0
4 16 31 21 0
16 4 31 21 0
4 16 22 30 0
16 4 22 30 0
4 16 30 22 0
16 4 30 22 0
4 16 23 29 0
16 4 23 29 0
4 16 29 23 0
16 4 29 23 0
4 16 24 28 0
16 4 24 28 0
4 16 28 24 0
16 4 28 24 0
4 16 25 27 0
16 4 25 27 0
4 16 27 25 0
16 4 27 25 0
5 15 18 34 0
15 5 18 34 0
5 15 34 18 0
15 5 34 18 0
5 15 19 33 0
15 5 19 33 0
5 15 33 19 0
15 5 33 19 0
5 15 20 32 0
15 5 20 32 0
5 15 32 20 0
15 5 32 20 0
5 15 21 31 1
15 5 21 31 1
5 15 31 21 1
15 5 31 21 1
5 15 22 30 2
15 5 22 30 2
5 15 30 22 2
15 5 30 22 2
5 15 23 29 5
15 5 23 29 5
5 15 29 23 5
15 5 29 23 5
5 15 24 28 7
15 5 24 28 7
5 15 28 24 7
15 5 28 24 7
5 15 25 27 9
15 5 25 27 9
5 15 27 25 9
15 5 27 25 9
3 17 26 26 0
17 3 26 26 0
4 16 26 26 0
16 4 26 26 0
5 15 26 26 9
15 5 26 26 9
4 16 16 36 0
16 4 16 36 0
4 16 36 16 0
16 4 36 16 0
4 16 17 35 0
16 4 17 35 0
4 16 35 17 0
16 4 35 17 0
5 15 16 36 0
15 5 16 36 0
5 15 36 16 0
15 5 36 16 0
5 15 17 35 0
15 5 17 35 0
5 15 35 17 0
15 5 35 17 0
6 14 16 36 0
14 6 16 36 0
6 14 36 16 0
14 6 36 16 0
6 14 17 35 0
14 6 17 35 0
6 14 35 17 0
14 6 35 17 0
6 14 18 34 0
14 6 18 34 0
6 14 34 18 0
14 6 34 18 0
6 14 19 33 2
14 6 19 33 2
6 14 33 19 2
14 6 33 19 2
6 14 20 32 7
14 6 20 32 7
6 14 32 20 7
14 6 32 20 7
6 14 21 31 16
14 6 21 31 16
6 14 31 21 16
14 6 31 21 16
6 14 22 30 29
14 6 22 30 29
6 14 30 22 29
14 6 30 22 29
6 14 23 29 46
14 6 23 29 46
6 14 29 23 46
14 6 29 23 46
6 14 24 28 62
14 6 24 28 62
6 14 28 24 62
14 6 28 24 62
6 14 25 27 74
14 6 25 27 74
6 14 27 25 74
14 6 27 25 74
6 14 26 26 78
14 6 26 26 78
7 13 16 36 0
13 7 16 36 0
7 13 36 16 0
13 7 36 16 0
7 13 17 35 2
13 7 17 35 2
7 13 35 17 2
13 7 35 17 2
7 13 18 34 7
13 7 18 34 7
7 13 34 18 7
13 7 34 18 7
7 13 19 33 21
13 7 19 33 21
7 13 33 19 21
13 7 33 19 21
7 13 20 32 46
13 7 20 32 46
7 13 32 20 46
13 7 32 20 46
7 13 21 31 87
13 7 21 31 87
7 13 31 21 87
13 7 31 21 87
7 13 22 30 139
13 7 22 30 139
7 13 30 22 139
13 7 30 22 139
7 13 23 29 201
13 7 23 29 201
7 13 29 23 201
13 7 29 23 201
7 13 24 28 256
13 7 24 28 256
7 13 28 24 256
13 7 28 24 256
7 13 25 27 298
13 7 25 27 298
7 13 27 25 298
13 7 27 25 298
7 13 26 26 311
13 7 26 26 311
8 12 18 34 30
12 8 18 34 30
8 12 34 18 30
12 8 34 18 30
8 12 19 33 71
12 8 19 33 71
8 12 33 19 71
12 8 33 19 71
8 12 20 32 141
12 8 20 32 141
8 12 32 20 141
12 8 32 20 141
8 12 21 31 243
12 8 21 31 243
8 12 31 21 243
12 8 31 21 243
8 12 22 30 371
12 8 22 30 371
8 12 30 22 371
12 8 30 22 371
8 12 23 29 511
12 8 23 29 511
8 12 29 23 511
12 8 29 23 511
8 12 24 28 638
12 8 24 28 638
8 12 28 24 638
12 8 28 24 638
8 12 25 27 728
12 8 25 27 728
8 12 27 25 728
12 8 27 25 728
8 12 26 26 760
12 8 26 26 760
5 15 13 39 0
15 5 13 39 0
5 15 39 13 0
15 5 39 13 0
5 15 14 38 0
15 5 14 38 0
5 15 38 14 0
15 5 38 14 0
5 15 15 37 0
15 5 15 37 0
5 15 37 15 0
15 5 37 15 0
6 14 13 39 0
14 6 13 39 0
6 14 39 13 0
14 6 39 13 0
6 14 14 38 0
14 6 14 38 0
6 14 38 14 0
14 6 38 14 0
6 14 15 37 0
14 6 15 37 0
6 14 37 15 0
14 6 37 15 0
7 13 13 39 0
13 7 13 39 0
7 13 39 13 0
13 7 39 13 0
7 13 14 38 0
13 7 14 38 0
7 13 38 14 0
13 7 38 14 0
7 13 15 37 0
13 7 15 37 0
7 13 37 15 0
13 7 37 15 0
6 14 12 40 0
14 6 12 40 0
6 14 40 12 0
14 6 40 12 0
7 13 12 40 0
13 7 12 40 0
7 13 40 12 0
13 7 40 12 0
8 12 12 40 0
12 8 12 40 0
8 12 40 12 0
12 8 40 12 0
8 12 13 39 0
12 8 13 39 0
8 12 39 13 0
12 8 39 13 0
8 12 14 38 0
12 8 14 38 0
8 12 38 14 0
12 8 38 14 0
8 12 15 37 0
12 8 15 37 0
8 12 37 15 0
12 8 37 15 0
8 12 16 36 2
12 8 16 36 2
8 12 36 16 2
12 8 36 16 2
8 12 17 35 10
12 8 17 35 10
8 12 35 17 10
12 8 35 17 10
9 11 13 39 0
11 9 13 39 0
9 11 39 13 0
11 9 39 13 0
9 11 14 38 0
11 9 14 38 0
9 11 38 14 0
11 9 38 14 0
9 11 15 37 2
11 9 15 37 2
9 11 37 15 2
11 9 37 15 2
9 11 16 36 8
11 9 16 36 8
9 11 36 16 8
11 9 36 16 8
9 11 17 35 27
11 9 17 35 27
9 11 35 17 27
11 9 35 17 27
9 11 18 34 67
11 9 18 34 67
9 11 34 18 67
11 9 34 18 67
9 11 19 33 145
11 9 19 33 145
9 11 33 19 145
11 9 33 19 145
9 11 20 32 267
11 9 20 32 267
9 11 32 20 267
11 9 32 20 267
9 11 21 31 442
11 9 21 31 442
9 11 31 21 442
11 9 31 21 442
9 11 22 30 652
11 9 22 30 652
9 11 30 22 652
11 9 30 22 652
9 11 23 29 881
11 9 23 29 881
9 11 29 23 881
11 9 29 23 881
9 11 24 28 1082
11 9 24 28 1082
9 11 28 24 1082
11 9 28 24 1082
9 11 25 27 1227
11 9 25 27 1227
9 11 27 25 1227
11 9 27 25 1227
9 11 26 26 1275
11 9 26 26 1275
10 10 16 36 10
10 10 36 16 10
10 10 17 35 33
10 10 35 17 33
10 10 18 34 83
10 10 34 18 83
10 10 19 33 176
10 10 33 19 176
10 10 20 32 323
10 10 32 20 323
10 10 21 31 528
10 10 31 21 528
10 10 22 30 776
10 10 30 22 776
10 10 23 29 1041
10 10 29 23 1041
10 10 24 28 1277
10 10 28 24 1277
10 10 25 27 1442
10 10 27 25 1442
10 10 26 26 1500
7 13 10 42 0
13 7 10 42 0
7 13 42 10 0
13 7 42 10 0
7 13 11 41 0
13 7 11 41 0
7 13 41 11 0
13 7 41 11 0
8 12 10 42 0
12 8 10 42 0
8 12 42 10 0
12 8 42 10 0
8 12 11 41 0
12 8 11 41 0
8 12 41 11 0
12 8 41 11 0
9 11 10 42 0
11 9 10 42 0
9 11 42 10 0
11 9 42 10 0
9 11 11 41 0
11 9 11 41 0
9 11 41 11 0
11 9 41 11 0
9 11 12 40 0
11 9 12 40 0
9 11 40 12 0
11 9 40 12 0
10 10 10 42 0
10 10 42 10 0
10 10 11 41 0
10 10 41 11 0
10 10 12 40 0
10 10 40 12 0
10 10 13 39 0
10 10 39 13 0
10 10 14 38 0
10 10 38 14 0
10 10 15 37 2
10 10 37 15 2
9 11 9 43 0
11 9 9 43 0
9 11 43 9 0
11 9 43 9 0
10 10 9 43 0
10 10 43 9 0
