5 21 31 51 0
21 5 31 51 0
5 21 51 31 0
21 5 51 31 0
5 21 32 50 0
21 5 32 50 0
5 21 50 32 0
21 5 50 32 0
5 21 33 49 0
21 5 33 49 0
5 21 49 33 0
21 5 49 33 0
5 21 34 48 0
21 5 34 48 0
5 21 48 34 0
21 5 48 34 0
5 21 35 47 0
21 5 35 47 0
5 21 47 35 0
21 5 47 35 0
5 21 36 46 0
21 5 36 46 0
5 21 46 36 0
21 5 46 36 0
5 21 37 45 0
21 5 37 45 0
5 21 45 37 0
21 5 45 37 0
5 21 38 44 0
21 5 38 44 0
5 21 44 38 0
21 5 44 38 0
5 21 39 43 0
21 5 39 43 0
5 21 43 39 0
21 5 43 39 0
5 21 40 42 0
21 5 40 42 0
5 21 42 40 0
21 5 42 40 0
5 21 41 41 0
21 5 41 41 0
6 20 31 51 0
20 6 31 51 0
6 20 51 31 0
20 6 51 31 0
6 20 32 50 0
20 6 32 50 0
6 20 50 32 0
20 6 50 32 0
6 20 33 49 0
20 6 33 49 0
6 20 49 33 0
20 6 49 33 0
6 20 34 48 0
20 6 34 48 0
6 20 48 34 0
20 6 48 34 0
6 20 35 47 0
20 6 35 47 0
6 20 47 35 0
20 6 47 35 0
6 20 36 46 0
20 6 36 46 0
6 20 46 36 0
20 6 46 36 0
6 20 37 45 0
20 6 37 45 0
6 20 45 37 0
20 6 45 37 0
6 20 38 44 0
20 6 38 44 0
6 20 44 38 0
20 6 44 38 0
6 20 39 43 0
20 6 39 43 0
6 20 43 39 0
20 6 43 39 0
6 20 40 42 0
20 6 40 42 0
6 20 42 40 0
20 6 42 40 0
6 20 41 41 0
20 6 41 41 0
7 19 31 51 0
19 7 31 51 0
7 19 51 31 0
19 7 51 31 0
7 19 32 50 0
19 7 32 50 0
7 19 50 32 0
19 7 50 32 0
7 19 33 49 0
19 7 33 49 0
7 19 49 33 0
19 7 49 33 0
7 19 34 48 0
19 7 34 48 0
7 19 48 34 0
19 7 48 34 0
7 19 35 47 0
19 7 35 47 0
7 19 47 35 0
19 7 47 35 0
7 19 36 46 1
19 7 36 46 1
7 19 46 36 1
19 7 46 36 1
7 19 37 45 2
19 7 37 45 2
7 19 45 37 2
19 7 45 37 2
7 19 38 44 3
19 7 38 44 3
7 19 44 38 3
19 7 44 38 3
7 19 39 43 4
19 7 39 43 4
7 19 43 39 4
19 7 43 39 4
7 19 40 42 5
19 7 40 42 5
7 19 42 40 5
19 7 42 40 5
7 19 41 41 6
19 7 41 41 6
6 20 27 55 0
20 6 27 55 0
6 20 55 27 0
20 6 55 27 0
6 20 28 54 0
20 6 28 54 0
6 20 54 28 0
20 6 54 28 0
6 20 29 53 0
20 6 29 53 0
6 20 53 29 0
20 6 53 29 0
6 20 30 52 0
20 6 30 52 0
6 20 52 30 0
20 6 52 30 0
7 19 27 55 0
19 7 27 55 0
7 19 55 27 0
19 7 55 27 0
7 19 28 54 0
19 7 28 54 0
7 19 54 28 0
19 7 54 28 0
7 19 29 53 0
19 7 29 53 0
7 19 53 29 0
19 7 53 29 0
7 19 30 52 0
19 7 30 52 0
7 19 52 30 0
19 7 52 30 0
8 18 27 55 0
18 8 27 55 0
8 18 55 27 0
18 8 55 27 0
8 18 28 54 0
18 8 28 54 0
8 18 54 28 0
18 8 54 28 0
8 18 29 53 0
18 8 29 53 0
8 18 53 29 0
18 8 53 29 0
8 18 30 52 0
18 8 30 52 0
8 18 52 30 0
18 8 52 30 0
8 18 31 51 0
18 8 31 51 0
8 18 51 31 0
18 8 51 31 0
8 18 32 50 1
18 8 32 50 1
8 18 50 32 1
18 8 50 32 1
8 18 33 49 3
18 8 33 49 3
8 18 49 33 3
18 8 49 33 3
8 18 34 48 7
18 8 34 48 7
8 18 48 34 7
18 8 48 34 7
8 18 35 47 14
18 8 35 47 14
8 18 47 35 14
18 8 47 35 14
8 18 36 46 25
18 8 36 46 25
8 18 46 36 25
18 8 46 36 25
8 18 37 45 38
18 8 37 45 38
8 18 45 37 38
18 8 45 37 38
8 18 38 44 51
18 8 38 44 51
8 18 44 38 51
18 8 44 38 51
8 18 39 43 63
18 8 39 43 63
8 18 43 39 63
18 8 43 39 63
8 18 40 42 72
18 8 40 42 72
8 18 42 40 72
18 8 42 40 72
8 18 41 41 76
18 8 41 41 76
7 19 25 57 0
19 7 25 57 0
7 19 57 25 0
19 7 57 25 0
7 19 26 56 0
19 7 26 56 0
7 19 56 26 0
19 7 56 26 0
8 18 25 57 0
18 8 25 57 0
8 18 57 25 0
18 8 57 25 0
8 18 26 56 0
18 8 26 56 0
8 18 56 26 0
18 8 56 26 0
9 17 25 57 0
17 9 25 57 0
9 17 57 25 0
17 9 57 25 0
9 17 26 56 0
17 9 26 56 0
9 17 56 26 0
17 9 56 26 0
9 17 27 55 0
17 9 27 55 0
9 17 55 27 0
17 9 55 27 0
9 17 28 54 0
17 9 28 54 0
9 17 54 28 0
17 9 54 28 0
9 17 29 53 0
17 9 29 53 0
9 17 53 29 0
17 9 53 29 0
9 17 30 52 1
17 9 30 52 1
9 17 52 30 1
17 9 52 30 1
9 17 31 51 5
17 9 31 51 5
9 17 51 31 5
17 9 51 31 5
9 17 32 50 15
17 9 32 50 15
9 17 50 32 15
17 9 50 32 15
9 17 33 49 34
17 9 33 49 34
9 17 49 33 34
17 9 49 33 34
9 17 34 48 65
17 9 34 48 65
9 17 48 34 65
17 9 48 34 65
9 17 35 47 110
17 9 35 47 110
9 17 47 35 110
17 9 47 35 110
9 17 36 46 169
17 9 36 46 169
9 17 46 36 169
17 9 46 36 169
9 17 37 45 236
17 9 37 45 236
9 17 45 37 236
17 9 45 37 236
9 17 38 44 303
17 9 38 44 303
9 17 44 38 303
17 9 44 38 303
9 17 39 43 361
17 9 39 43 361
9 17 43 39 361
17 9 43 39 361
9 17 40 42 401
17 9 40 42 401
9 17 42 40 401
17 9 42 40 401
9 17 41 41 416
17 9 41 41 416
10 16 25 57 0
16 10 25 57 0
10 16 57 25 0
16 10 57 25 0
10 16 26 56 0
16 10 26 56 0
10 16 56 26 0
16 10 56 26 0
10 16 27 55 0
16 10 27 55 0
10 16 55 27 0
16 10 55 27 0
10 16 28 54 1
16 10 28 54 1
10 16 54 28 1
16 10 54 28 1
10 16 29 53 5
16 10 29 53 5
10 16 53 29 5
16 10 53 29 5
10 16 30 52 16
16 10 30 52 16
10 16 52 30 16
16 10 52 30 16
10 16 31 51 40
16 10 31 51 40
10 16 51 31 40
16 10 51 31 40
10 16 32 50 87
16 10 32 50 87
10 16 50 32 87
16 10 50 32 87
10 16 33 49 165
16 10 33 49 165
10 16 49 33 165
16 10 49 33 165
10 16 34 48 281
16 10 34 48 281
10 16 48 34 281
16 10 48 34 281
10 16 35 47 437
16 10 35 47 437
10 16 47 35 437
16 10 47 35 437
10 16 36 46 628
16 10 36 46 628
10 16 46 36 628
16 10 46 36 628
10 16 37 45 838
16 10 37 45 838
10 16 45 37 838
16 10 45 37 838
10 16 38 44 1043
16 10 38 44 1043
10 16 44 38 1043
16 10 44 38 1043
10 16 39 43 1217
16 10 39 43 1217
10 16 43 39 1217
16 10 43 39 1217
10 16 40 42 1334
16 10 40 42 1334
10 16 42 40 1334
16 10 42 40 1334
10 16 41 41 1376
16 10 41 41 1376
11 15 27 55 1
15 11 27 55 1
11 15 55 27 1
15 11 55 27 1
11 15 28 54 6
15 11 28 54 6
11 15 54 28 6
15 11 54 28 6
11 15 29 53 21
15 11 29 53 21
11 15 53 29 21
15 11 53 29 21
11 15 30 52 56
15 11 30 52 56
11 15 52 30 56
15 11 52 30 56
11 15 31 51 125
15 11 31 51 125
11 15 51 31 125
15 11 51 31 125
11 15 32 50 247
15 11 32 50 247
11 15 50 32 247
15 11 50 32 247
11 15 33 49 438
15 11 33 49 438
11 15 49 33 438
15 11 49 33 438
11 15 34 48 709
15 11 34 48 709
11 15 48 34 709
15 11 48 34 709
11 15 35 47 1060
15 11 35 47 1060
11 15 47 35 1060
15 11 47 35 1060
11 15 36 46 1476
15 11 36 46 1476
11 15 46 36 1476
15 11 46 36 1476
11 15 37 45 1923
15 11 37 45 1923
11 15 45 37 1923
15 11 45 37 1923
11 15 38 44 2353
15 11 38 44 2353
11 15 44 38 2353
15 11 44 38 2353
11 15 39 43 2713
15 11 39 43 2713
11 15 43 39 2713
15 11 43 39 2713
11 15 40 42 2953
15 11 40 42 2953
11 15 42 40 2953
15 11 42 40 2953
11 15 41 41 3038
15 11 41 41 3038
12 14 31 51 244
14 12 31 51 244
12 14 51 31 244
14 12 51 31 244
12 14 32 50 455
14 12 32 50 455
12 14 50 32 455
14 12 50 32 455
12 14 33 49 774
14 12 33 49 774
12 14 49 33 774
14 12 49 33 774
12 14 34 48 1215
14 12 34 48 1215
12 14 48 34 1215
14 12 48 34 1215
12 14 35 47 1775
14 12 35 47 1775
12 14 47 35 1775
14 12 47 35 1775
12 14 36 46 2428
14 12 36 46 2428
12 14 46 36 2428
14 12 46 36 2428
12 14 37 45 3121
14 12 37 45 3121
12 14 45 37 3121
14 12 45 37 3121
12 14 38 44 3782
14 12 38 44 3782
12 14 44 38 3782
14 12 44 38 3782
12 14 39 43 4332
14 12 39 43 4332
12 14 43 39 4332
14 12 43 39 4332
12 14 40 42 4697
14 12 40 42 4697
12 14 42 40 4697
14 12 42 40 4697
12 14 41 41 4826
14 12 41 41 4826
8 18 22 60 0
18 8 22 60 0
8 18 60 22 0
18 8 60 22 0
8 18 23 59 0
18 8 23 59 0
8 18 59 23 0
18 8 59 23 0
8 18 24 58 0
18 8 24 58 0
8 18 58 24 0
18 8 58 24 0
9 17 22 60 0
17 9 22 60 0
9 17 60 22 0
17 9 60 22 0
9 17 23 59 0
17 9 23 59 0
9 17 59 23 0
17 9 59 23 0
9 17 24 58 0
17 9 24 58 0
9 17 58 24 0
17 9 58 24 0
10 16 22 60 0
16 10 22 60 0
10 16 60 22 0
16 10 60 22 0
10 16 23 59 0
16 10 23 59 0
10 16 59 23 0
16 10 59 23 0
10 16 24 58 0
16 10 24 58 0
10 16 58 24 0
16 10 58 24 0
9 17 21 61 0
17 9 21 61 0
9 17 61 21 0
17 9 61 21 0
10 16 21 61 0
16 10 21 61 0
10 16 61 21 0
16 10 61 21 0
11 15 21 61 0
15 11 21 61 0
11 15 61 21 0
15 11 61 21 0
11 15 22 60 0
15 11 22 60 0
11 15 60 22 0
15 11 60 22 0
11 15 23 59 0
15 11 23 59 0
11 15 59 23 0
15 11 59 23 0
11 15 24 58 0
15 11 24 58 0
11 15 58 24 0
15 11 58 24 0
11 15 25 57 0
15 11 25 57 0
11 15 57 25 0
15 11 57 25 0
11 15 26 56 0
15 11 26 56 0
11 15 56 26 0
15 11 56 26 0
12 14 22 60 0
14 12 22 60 0
12 14 60 22 0
14 12 60 22 0
12 14 23 59 0
14 12 23 59 0
12 14 59 23 0
14 12 59 23 0
12 14 24 58 0
14 12 24 58 0
12 14 58 24 0
14 12 58 24 0
12 14 25 57 0
14 12 25 57 0
12 14 57 25 0
14 12 57 25 0
12 14 26 56 1
14 12 26 56 1
12 14 56 26 1
14 12 56 26 1
12 14 27 55 5
14 12 27 55 5
12 14 55 27 5
14 12 55 27 5
12 14 28 54 18
14 12 28 54 18
12 14 54 28 18
14 12 54 28 18
12 14 29 53 50
14 12 29 53 50
12 14 53 29 50
14 12 53 29 50
12 14 30 52 118
14 12 30 52 118
12 14 52 30 118
14 12 52 30 118
13 13 25 57 0
13 13 57 25 0
13 13 26 56 1
13 13 56 26 1
13 13 27 55 6
13 13 55 27 6
13 13 28 54 22
13 13 54 28 22
13 13 29 53 61
13 13 53 29 61
13 13 30 52 143
13 13 52 30 143
13 13 31 51 294
13 13 51 31 294
13 13 32 50 544
13 13 50 32 544
13 13 33 49 919
13 13 49 33 919
13 13 34 48 1434
13 13 48 34 1434
13 13 35 47 2085
13 13 47 35 2085
13 13 36 46 2840
13 13 46 36 2840
13 13 37 45 3638
13 13 45 37 3638
13 13 38 44 4397
13 13 44 38 4397
13 13 39 43 5027
13 13 43 39 5027
13 13 40 42 5445
13 13 42 40 5445
13 13 41 41 5592
10 16 19 63 0
16 10 19 63 0
10 16 63 19 0
16 10 63 19 0
10 16 20 62 0
16 10 20 62 0
10 16 62 20 0
16 10 62 20 0
11 15 19 63 0
15 11 19 63 0
11 15 63 19 0
15 11 63 19 0
11 15 20 62 0
15 11 20 62 0
11 15 62 20 0
15 11 62 20 0
12 14 19 63 0
14 12 19 63 0
12 14 63 19 0
14 12 63 19 0
12 14 20 62 0
14 12 20 62 0
12 14 62 20 0
14 12 62 20 0
12 14 21 61 0
14 12 21 61 0
12 14 61 21 0
14 12 61 21 0
13 13 19 63 0
13 13 63 19 0
13 13 20 62 0
13 13 62 20 0
13 13 21 61 0
13 13 61 21 0
13 13 22 60 0
13 13 60 22 0
13 13 23 59 0
13 13 59 23 0
13 13 24 58 0
13 13 58 24 0
12 14 18 64 0
14 12 18 64 0
12 14 64 18 0
14 12 64 18 0
13 13 18 64 0
13 13 64 18 0
