0 10 10 24 0
10 0 10 24 0
0 10 24 10 0
10 0 24 10 0
0 10 11 23 0
10 0 11 23 0
0 10 23 11 0
10 0 23 11 0
0 10 12 22 0
10 0 12 22 0
0 10 22 12 0
10 0 22 12 0
0 10 13 21 0
10 0 13 21 0
0 10 21 13 0
10 0 21 13 0
0 10 14 20 0
10 0 14 20 0
0 10 20 14 0
10 0 20 14 0
0 10 15 19 0
10 0 15 19 0
0 10 19 15 0
10 0 19 15 0
0 10 16 18 0
10 0 16 18 0
0 10 18 16 0
10 0 18 16 0
1 9 6 28 0
9 1 6 28 0
1 9 28 6 0
9 1 28 6 0
1 9 7 27 0
9 1 7 27 0
1 9 27 7 0
9 1 27 7 0
1 9 8 26 0
9 1 8 26 0
1 9 26 8 0
9 1 26 8 0
1 9 9 25 0
9 1 9 25 0
1 9 25 9 0
9 1 25 9 0
1 9 10 24 0
9 1 10 24 0
1 9 24 10 0
9 1 24 10 0
1 9 11 23 0
9 1 11 23 0
1 9 23 11 0
9 1 23 11 0
1 9 12 22 0
9 1 12 22 0
1 9 22 12 0
9 1 22 12 0
1 9 13 21 0
9 1 13 21 0
1 9 21 13 0
9 1 21 13 0
1 9 14 20 0
9 1 14 20 0
1 9 20 14 0
9 1 20 14 0
1 9 15 19 0
9 1 15 19 0
1 9 19 15 0
9 1 19 15 0
1 9 16 18 0
9 1 16 18 0
1 9 18 16 0
9 1 18 16 0
2 8 6 28 0
8 2 6 28 0
2 8 28 6 0
8 2 28 6 0
2 8 7 27 0
8 2 7 27 0
2 8 27 7 0
8 2 27 7 0
2 8 8 26 0
8 2 8 26 0
2 8 26 8 0
8 2 26 8 0
2 8 9 25 0
8 2 9 25 0
2 8 25 9 0
8 2 25 9 0
2 8 10 24 0
8 2 10 24 0
2 8 24 10 0
8 2 24 10 0
2 8 11 23 0
8 2 11 23 0
2 8 23 11 0
8 2 23 11 0
2 8 12 22 0
8 2 12 22 0
2 8 22 12 0
8 2 22 12 0
2 8 13 21 0
8 2 13 21 0
2 8 21 13 0
8 2 21 13 0
2 8 14 20 0
8 2 14 20 0
2 8 20 14 0
8 2 20 14 0
2 8 15 19 0
8 2 15 19 0
2 8 19 15 0
8 2 19 15 0
2 8 16 18 0
8 2 16 18 0
2 8 18 16 0
8 2 18 16 0
0 10 17 17 0
10 0 17 17 0
1 9 17 17 0
9 1 17 17 0
2 8 17 17 0
8 2 17 17 0
2 8 4 30 0
8 2 4 30 0
2 8 30 4 0
8 2 30 4 0
2 8 5 29 0
8 2 5 29 0
2 8 29 5 0
8 2 29 5 0
3 7 3 31 0
7 3 3 31 0
3 7 31 3 0
7 3 31 3 0
3 7 4 30 0
7 3 4 30 0
3 7 30 4 0
7 3 30 4 0
3 7 5 29 0
7 3 5 29 0
3 7 29 5 0
7 3 29 5 0
3 7 6 28 0
7 3 6 28 0
3 7 28 6 0
7 3 28 6 0
3 7 7 27 0
7 3 7 27 0
3 7 27 7 0
7 3 27 7 0
3 7 8 26 0
7 3 8 26 0
3 7 26 8 0
7 3 26 8 0
3 7 9 25 0
7 3 9 25 0
3 7 25 9 0
7 3 25 9 0
3 7 10 24 0
7 3 10 24 0
3 7 24 10 0
7 3 24 10 0
3 7 11 23 0
7 3 11 23 0
3 7 23 11 0
7 3 23 11 0
3 7 12 22 0
7 3 12 22 0
3 7 22 12 0
7 3 22 12 0
3 7 13 21 0
7 3 13 21 0
3 7 21 13 0
7 3 21 13 0
3 7 14 20 0
7 3 14 20 0
3 7 20 14 0
7 3 20 14 0
3 7 15 19 0
7 3 15 19 0
3 7 19 15 0
7 3 19 15 0
3 7 16 18 0
7 3 16 18 0
3 7 18 16 0
7 3 18 16 0
3 7 17 17 0
7 3 17 17 0
4 6 4 30 0
6 4 4 30 0
4 6 30 4 0
6 4 30 4 0
4 6 5 29 0
6 4 5 29 0
4 6 29 5 0
6 4 29 5 0
4 6 6 28 0
6 4 6 28 0
4 6 28 6 0
6 4 28 6 0
4 6 7 27 0
6 4 7 27 0
4 6 27 7 0
6 4 27 7 0
4 6 8 26 0
6 4 8 26 0
4 6 26 8 0
6 4 26 8 0
4 6 9 25 0
6 4 9 25 0
4 6 25 9 0
6 4 25 9 0
4 6 10 24 0
6 4 10 24 0
4 6 24 10 0
6 4 24 10 0
4 6 11 23 0
6 4 11 23 0
4 6 23 11 0
6 4 23 11 0
4 6 12 22 0
6 4 12 22 0
4 6 22 12 0
6 4 22 12 0
4 6 13 21 0
6 4 13 21 0
4 6 21 13 0
6 4 21 13 0
4 6 14 20 0
6 4 14 20 0
4 6 20 14 0
6 4 20 14 0
4 6 15 19 0
6 4 15 19 0
4 6 19 15 0
6 4 19 15 0
4 6 16 18 0
6 4 16 18 0
4 6 18 16 0
6 4 18 16 0
4 6 17 17 0
6 4 17 17 0
4 6 2 32 0
6 4 2 32 0
4 6 32 2 0
6 4 32 2 0
4 6 3 31 0
6 4 3 31 0
4 6 31 3 0
6 4 31 3 0
5 5 2 32 0
5 5 32 2 0
5 5 3 31 0
5 5 31 3 0
5 5 4 30 0
5 5 30 4 0
5 5 5 29 0
5 5 29 5 0
5 5 6 28 0
5 5 28 6 0
5 5 7 27 0
5 5 27 7 0
5 5 8 26 0
5 5 26 8 0
5 5 9 25 0
5 5 25 9 0
5 5 10 24 0
5 5 24 10 0
5 5 11 23 0
5 5 23 11 0
5 5 12 22 0
5 5 22 12 0
5 5 13 21 0
5 5 21 13 0
5 5 14 20 0
5 5 20 14 0
5 5 15 19 0
5 5 19 15 0
5 5 16 18 0
5 5 18 16 0
5 5 17 17 0
