0 14 15 31 0
14 0 15 31 0
0 14 31 15 0
14 0 31 15 0
0 14 16 30 0
14 0 16 30 0
0 14 30 16 0
14 0 30 16 0
0 14 17 29 0
14 0 17 29 0
0 14 29 17 0
14 0 29 17 0
0 14 18 28 0
14 0 18 28 0
0 14 28 18 0
14 0 28 18 0
0 14 19 27 0
14 0 19 27 0
0 14 27 19 0
14 0 27 19 0
0 14 20 26 0
14 0 20 26 0
0 14 26 20 0
14 0 26 20 0
0 14 21 25 0
14 0 21 25 0
0 14 25 21 0
14 0 25 21 0
0 14 22 24 0
14 0 22 24 0
0 14 24 22 0
14 0 24 22 0
0 14 23 23 0
14 0 23 23 0
1 13 15 31 0
13 1 15 31 0
1 13 31 15 0
13 1 31 15 0
1 13 16 30 0
13 1 16 30 0
1 13 30 16 0
13 1 30 16 0
1 13 17 29 0
13 1 17 29 0
1 13 29 17 0
13 1 29 17 0
1 13 18 28 0
13 1 18 28 0
1 13 28 18 0
13 1 28 18 0
1 13 19 27 0
13 1 19 27 0
1 13 27 19 0
13 1 27 19 0
1 13 20 26 1
13 1 20 26 1
1 13 26 20 1
13 1 26 20 1
1 13 21 25 2
13 1 21 25 2
1 13 25 21 2
13 1 25 21 2
1 13 22 24 2
13 1 22 24 2
1 13 24 22 2
13 1 24 22 2
1 13 23 23 2
13 1 23 23 2
2 12 15 31 1
12 2 15 31 1
2 12 31 15 1
12 2 31 15 1
2 12 16 30 3
12 2 16 30 3
2 12 30 16 3
12 2 30 16 3
2 12 17 29 6
12 2 17 29 6
2 12 29 17 6
12 2 29 17 6
2 12 18 28 10
12 2 18 28 10
2 12 28 18 10
12 2 28 18 10
2 12 19 27 15
12 2 19 27 15
2 12 27 19 15
12 2 27 19 15
2 12 20 26 22
12 2 20 26 22
2 12 26 20 22
12 2 26 20 22
2 12 21 25 28
12 2 21 25 28
2 12 25 21 28
12 2 25 21 28
2 12 22 24 31
12 2 22 24 31
2 12 24 22 31
12 2 24 22 31
2 12 23 23 32
12 2 23 23 32
1 13 10 36 0
13 1 10 36 0
1 13 36 10 0
13 1 36 10 0
1 13 11 35 0
13 1 11 35 0
1 13 35 11 0
13 1 35 11 0
1 13 12 34 0
13 1 12 34 0
1 13 34 12 0
13 1 34 12 0
1 13 13 33 0
13 1 13 33 0
1 13 33 13 0
13 1 33 13 0
1 13 14 32 0
13 1 14 32 0
1 13 32 14 0
13 1 32 14 0
2 12 10 36 0
12 2 10 36 0
2 12 36 10 0
12 2 36 10 0
2 12 11 35 0
12 2 11 35 0
2 12 35 11 0
12 2 35 11 0
2 12 12 34 0
12 2 12 34 0
2 12 34 12 0
12 2 34 12 0
2 12 13 33 0
12 2 13 33 0
2 12 33 13 0
12 2 33 13 0
2 12 14 32 0
12 2 14 32 0
2 12 32 14 0
12 2 32 14 0
3 11 10 36 0
11 3 10 36 0
3 11 36 10 0
11 3 36 10 0
3 11 11 35 1
11 3 11 35 1
3 11 35 11 1
11 3 35 11 1
3 11 12 34 3
11 3 12 34 3
3 11 34 12 3
11 3 34 12 3
3 11 13 33 7
11 3 13 33 7
3 11 33 13 7
11 3 33 13 7
3 11 14 32 14
11 3 14 32 14
3 11 32 14 14
11 3 32 14 14
3 11 15 31 26
11 3 15 31 26
3 11 31 15 26
11 3 31 15 26
3 11 16 30 44
11 3 16 30 44
3 11 30 16 44
11 3 30 16 44
3 11 17 29 68
11 3 17 29 68
3 11 29 17 68
11 3 29 17 68
3 11 18 28 97
11 3 18 28 97
3 11 28 18 97
11 3 28 18 97
3 11 19 27 129
11 3 19 27 129
3 11 27 19 129
11 3 27 19 129
3 11 20 26 162
11 3 20 26 162
3 11 26 20 162
11 3 26 20 162
3 11 21 25 190
11 3 21 25 190
3 11 25 21 190
11 3 25 21 190
3 11 22 24 208
11 3 22 24 208
3 11 24 22 208
11 3 24 22 208
3 11 23 23 214
11 3 23 23 214
4 10 10 36 3
10 4 10 36 3
4 10 36 10 3
10 4 36 10 3
4 10 11 35 9
10 4 11 35 9
4 10 35 11 9
10 4 35 11 9
4 10 12 34 21
10 4 12 34 21
4 10 34 12 21
10 4 34 12 21
4 10 13 33 43
10 4 13 33 43
4 10 33 13 43
10 4 33 13 43
4 10 14 32 78
10 4 14 32 78
4 10 32 14 78
10 4 32 14 78
4 10 15 31 130
10 4 15 31 130
4 10 31 15 130
10 4 31 15 130
4 10 16 30 201
10 4 16 30 201
4 10 30 16 201
10 4 30 16 201
4 10 17 29 290
10 4 17 29 290
4 10 29 17 290
10 4 29 17 290
4 10 18 28 392
10 4 18 28 392
4 10 28 18 392
10 4 28 18 392
4 10 19 27 499
10 4 19 27 499
4 10 27 19 499
10 4 27 19 499
4 10 20 26 602
10 4 20 26 602
4 10 26 20 602
10 4 26 20 602
4 10 21 25 687
10 4 21 25 687
4 10 25 21 687
10 4 25 21 687
4 10 22 24 743
10 4 22 24 743
4 10 24 22 743
10 4 24 22 743
4 10 23 23 762
10 4 23 23 762
2 12 7 39 0
12 2 7 39 0
2 12 39 7 0
12 2 39 7 0
2 12 8 38 0
12 2 8 38 0
2 12 38 8 0
12 2 38 8 0
2 12 9 37 0
12 2 9 37 0
2 12 37 9 0
12 2 37 9 0
3 11 7 39 0
11 3 7 39 0
3 11 39 7 0
11 3 39 7 0
3 11 8 38 0
11 3 8 38 0
3 11 38 8 0
11 3 38 8 0
3 11 9 37 0
11 3 9 37 0
3 11 37 9 0
11 3 37 9 0
4 10 7 39 0
10 4 7 39 0
4 10 39 7 0
10 4 39 7 0
4 10 8 38 0
10 4 8 38 0
4 10 38 8 0
10 4 38 8 0
4 10 9 37 1
10 4 9 37 1
4 10 37 9 1
10 4 37 9 1
3 11 6 40 0
11 3 6 40 0
3 11 40 6 0
11 3 40 6 0
4 10 6 40 0
10 4 6 40 0
4 10 40 6 0
10 4 40 6 0
5 9 6 40 0
9 5 6 40 0
5 9 40 6 0
9 5 40 6 0
5 9 7 39 0
9 5 7 39 0
5 9 39 7 0
9 5 39 7 0
5 9 8 38 1
9 5 8 38 1
5 9 38 8 1
9 5 38 8 1
5 9 9 37 5
9 5 9 37 5
5 9 37 9 5
9 5 37 9 5
5 9 10 36 14
9 5 10 36 14
5 9 36 10 14
9 5 36 10 14
5 9 11 35 34
9 5 11 35 34
5 9 35 11 34
9 5 35 11 34
5 9 12 34 71
9 5 12 34 71
5 9 34 12 71
9 5 34 12 71
5 9 13 33 133
9 5 13 33 133
5 9 33 13 133
9 5 33 13 133
5 9 14 32 227
9 5 14 32 227
5 9 32 14 227
9 5 32 14 227
5 9 15 31 359
9 5 15 31 359
5 9 31 15 359
9 5 31 15 359
5 9 16 30 531
9 5 16 30 531
5 9 30 16 531
9 5 30 16 531
5 9 17 29 739
9 5 17 29 739
5 9 29 17 739
9 5 29 17 739
5 9 18 28 971
9 5 18 28 971
5 9 28 18 971
9 5 28 18 971
5 9 19 27 1209
9 5 19 27 1209
5 9 27 19 1209
9 5 27 19 1209
5 9 20 26 1432
9 5 20 26 1432
5 9 26 20 1432
9 5 26 20 1432
5 9 21 25 1614
9 5 21 25 1614
5 9 25 21 1614
9 5 25 21 1614
5 9 22 24 1733
9 5 22 24 1733
5 9 24 22 1733
9 5 24 22 1733
5 9 23 23 1774
9 5 23 23 1774
6 8 7 39 1
8 6 7 39 1
6 8 39 7 1
8 6 39 7 1
6 8 8 38 4
8 6 8 38 4
6 8 38 8 4
8 6 38 8 4
6 8 9 37 13
8 6 9 37 13
6 8 37 9 13
8 6 37 9 13
6 8 10 36 32
8 6 10 36 32
6 8 36 10 32
8 6 36 10 32
6 8 11 35 71
8 6 11 35 71
6 8 35 11 71
8 6 35 11 71
6 8 12 34 139
8 6 12 34 139
6 8 34 12 139
8 6 34 12 139
6 8 13 33 249
8 6 13 33 249
6 8 33 13 249
8 6 33 13 249
6 8 14 32 411
8 6 14 32 411
6 8 32 14 411
8 6 32 14 411
6 8 15 31 634
8 6 15 31 634
6 8 31 15 634
8 6 31 15 634
6 8 16 30 918
8 6 16 30 918
6 8 30 16 918
8 6 30 16 918
6 8 17 29 1255
8 6 17 29 1255
6 8 29 17 1255
8 6 29 17 1255
6 8 18 28 1626
8 6 18 28 1626
6 8 28 18 1626
8 6 28 18 1626
6 8 19 27 2002
8 6 19 27 2002
6 8 27 19 2002
8 6 27 19 2002
6 8 20 26 2351
8 6 20 26 2351
6 8 26 20 2351
8 6 26 20 2351
6 8 21 25 2633
8 6 21 25 2633
6 8 25 21 2633
8 6 25 21 2633
6 8 22 24 2817
8 6 22 24 2817
6 8 24 22 2817
8 6 24 22 2817
6 8 23 23 2880
8 6 23 23 2880
4 10 4 42 0
10 4 4 42 0
4 10 42 4 0
10 4 42 4 0
4 10 5 41 0
10 4 5 41 0
4 10 41 5 0
10 4 41 5 0
5 9 4 42 0
9 5 4 42 0
5 9 42 4 0
9 5 42 4 0
5 9 5 41 0
9 5 5 41 0
5 9 41 5 0
9 5 41 5 0
6 8 4 42 0
8 6 4 42 0
6 8 42 4 0
8 6 42 4 0
6 8 5 41 0
8 6 5 41 0
6 8 41 5 0
8 6 41 5 0
6 8 6 40 0
8 6 6 40 0
6 8 40 6 0
8 6 40 6 0
7 7 4 42 0
7 7 42 4 0
7 7 5 41 0
7 7 41 5 0
7 7 6 40 0
7 7 40 6 0
7 7 7 39 1
7 7 39 7 1
7 7 8 38 5
7 7 38 8 5
7 7 9 37 16
7 7 37 9 16
7 7 10 36 40
7 7 36 10 40
7 7 11 35 88
7 7 35 11 88
7 7 12 34 171
7 7 34 12 171
7 7 13 33 303
7 7 33 13 303
7 7 14 32 496
7 7 32 14 496
7 7 15 31 760
7 7 31 15 760
7 7 16 30 1094
7 7 30 16 1094
7 7 17 29 1488
7 7 29 17 1488
7 7 18 28 1920
7 7 28 18 1920
7 7 19 27 2357
7 7 27 19 2357
7 7 20 26 2761
7 7 26 20 2761
7 7 21 25 3087
7 7 25 21 3087
7 7 22 24 3299
7 7 24 22 3299
7 7 23 23 3372
6 8 3 43 0
8 6 3 43 0
6 8 43 3 0
8 6 43 3 0
7 7 3 43 0
7 7 43 3 0
