17 23 52 72 0
23 17 52 72 0
17 23 72 52 0
23 17 72 52 0
17 23 53 71 0
23 17 53 71 0
17 23 71 53 0
23 17 71 53 0
17 23 54 70 0
23 17 54 70 0
17 23 70 54 0
23 17 70 54 0
17 23 55 69 0
23 17 55 69 0
17 23 69 55 0
23 17 69 55 0
17 23 56 68 0
23 17 56 68 0
17 23 68 56 0
23 17 68 56 0
17 23 57 67 0
23 17 57 67 0
17 23 67 57 0
23 17 67 57 0
17 23 58 66 0
23 17 58 66 0
17 23 66 58 0
23 17 66 58 0
17 23 59 65 0
23 17 59 65 0
17 23 65 59 0
23 17 65 59 0
17 23 60 64 0
23 17 60 64 0
17 23 64 60 0
23 17 64 60 0
17 23 61 63 0
23 17 61 63 0
17 23 63 61 0
23 17 63 61 0
17 23 62 62 0
23 17 62 62 0
18 22 52 72 0
22 18 52 72 0
18 22 72 52 0
22 18 72 52 0
18 22 53 71 0
22 18 53 71 0
18 22 71 53 0
22 18 71 53 0
18 22 54 70 0
22 18 54 70 0
18 22 70 54 0
22 18 70 54 0
18 22 55 69 0
22 18 55 69 0
18 22 69 55 0
22 18 69 55 0
18 22 56 68 0
22 18 56 68 0
18 22 68 56 0
22 18 68 56 0
18 22 57 67 0
22 18 57 67 0
18 22 67 57 0
22 18 67 57 0
18 22 58 66 0
22 18 58 66 0
18 22 66 58 0
22 18 66 58 0
18 22 59 65 0
22 18 59 65 0
18 22 65 59 0
22 18 65 59 0
18 22 60 64 0
22 18 60 64 0
18 22 64 60 0
22 18 64 60 0
18 22 61 63 0
22 18 61 63 0
18 22 63 61 0
22 18 63 61 0
18 22 62 62 0
22 18 62 62 0
19 21 52 72 0
21 19 52 72 0
19 21 72 52 0
21 19 72 52 0
19 21 53 71 0
21 19 53 71 0
19 21 71 53 0
21 19 71 53 0
19 21 54 70 0
21 19 54 70 0
19 21 70 54 0
21 19 70 54 0
19 21 55 69 0
21 19 55 69 0
19 21 69 55 0
21 19 69 55 0
19 21 56 68 0
21 19 56 68 0
19 21 68 56 0
21 19 68 56 0
19 21 57 67 0
21 19 57 67 0
19 21 67 57 0
21 19 67 57 0
19 21 58 66 0
21 19 58 66 0
19 21 66 58 0
21 19 66 58 0
19 21 59 65 0
21 19 59 65 0
19 21 65 59 0
21 19 65 59 0
19 21 60 64 0
21 19 60 64 0
19 21 64 60 0
21 19 64 60 0
19 21 61 63 0
21 19 61 63 0
19 21 63 61 0
21 19 63 61 0
19 21 62 62 0
21 19 62 62 0
18 22 51 73 0
22 18 51 73 0
18 22 73 51 0
22 18 73 51 0
19 21 51 73 0
21 19 51 73 0
19 21 73 51 0
21 19 73 51 0
20 20 51 73 0
20 20 73 51 0
20 20 52 72 0
20 20 72 52 0
20 20 53 71 0
20 20 71 53 0
20 20 54 70 0
20 20 70 54 0
20 20 55 69 0
20 20 69 55 0
20 20 56 68 0
20 20 68 56 0
20 20 57 67 0
20 20 67 57 0
20 20 58 66 0
20 20 66 58 0
20 20 59 65 0
20 20 65 59 0
20 20 60 64 0
20 20 64 60 0
20 20 61 63 0
20 20 63 61 0
20 20 62 62 0
