2 18 22 42 0
18 2 22 42 0
2 18 42 22 0
18 2 42 22 0
2 18 23 41 0
18 2 23 41 0
2 18 41 23 0
18 2 41 23 0
2 18 24 40 0
18 2 24 40 0
2 18 40 24 0
18 2 40 24 0
2 18 25 39 0
18 2 25 39 0
2 18 39 25 0
18 2 39 25 0
2 18 26 38 0
18 2 26 38 0
2 18 38 26 0
18 2 38 26 0
2 18 27 37 0
18 2 27 37 0
2 18 37 27 0
18 2 37 27 0
2 18 28 36 0
18 2 28 36 0
2 18 36 28 0
18 2 36 28 0
2 18 29 35 0
18 2 29 35 0
2 18 35 29 0
18 2 35 29 0
2 18 30 34 0
18 2 30 34 0
2 18 34 30 0
18 2 34 30 0
2 18 31 33 0
18 2 31 33 0
2 18 33 31 0
18 2 33 31 0
2 18 32 32 0
18 2 32 32 0
3 17 22 42 0
17 3 22 42 0
3 17 42 22 0
17 3 42 22 0
3 17 23 41 0
17 3 23 41 0
3 17 41 23 0
17 3 41 23 0
3 17 24 40 0
17 3 24 40 0
3 17 40 24 0
17 3 40 24 0
3 17 25 39 0
17 3 25 39 0
3 17 39 25 0
17 3 39 25 0
3 17 26 38 0
17 3 26 38 0
3 17 38 26 0
17 3 38 26 0
3 17 27 37 0
17 3 27 37 0
3 17 37 27 0
17 3 37 27 0
3 17 28 36 0
17 3 28 36 0
3 17 36 28 0
17 3 36 28 0
3 17 29 35 0
17 3 29 35 0
3 17 35 29 0
17 3 35 29 0
3 17 30 34 0
17 3 30 34 0
3 17 34 30 0
17 3 34 30 0
3 17 31 33 0
17 3 31 33 0
3 17 33 31 0
17 3 33 31 0
3 17 32 32 0
17 3 32 32 0
4 16 22 42 0
16 4 22 42 0
4 16 42 22 0
16 4 42 22 0
4 16 23 41 0
16 4 23 41 0
4 16 41 23 0
16 4 41 23 0
4 16 24 40 1
16 4 24 40 1
4 16 40 24 1
16 4 40 24 1
4 16 25 39 2
16 4 25 39 2
4 16 39 25 2
16 4 39 25 2
4 16 26 38 5
16 4 26 38 5
4 16 38 26 5
16 4 38 26 5
4 16 27 37 8
16 4 27 37 8
4 16 37 27 8
16 4 37 27 8
4 16 28 36 13
16 4 28 36 13
4 16 36 28 13
16 4 36 28 13
4 16 29 35 17
16 4 29 35 17
4 16 35 29 17
16 4 35 29 17
4 16 30 34 22
16 4 30 34 22
4 16 34 30 22
16 4 34 30 22
4 16 31 33 24
16 4 31 33 24
4 16 33 31 24
16 4 33 31 24
4 16 32 32 26
16 4 32 32 26
3 17 21 43 0
17 3 21 43 0
3 17 43 21 0
17 3 43 21 0
4 16 21 43 0
16 4 21 43 0
4 16 43 21 0
16 4 43 21 0
5 15 21 43 1
15 5 21 43 1
5 15 43 21 1
15 5 43 21 1
5 15 22 42 3
15 5 22 42 3
5 15 42 22 3
15 5 42 22 3
5 15 23 41 9
15 5 23 41 9
5 15 41 23 9
15 5 41 23 9
5 15 24 40 20
15 5 24 40 20
5 15 40 24 20
15 5 40 24 20
5 15 25 39 38
15 5 25 39 38
5 15 39 25 38
15 5 39 25 38
5 15 26 38 64
15 5 26 38 64
5 15 38 26 64
15 5 38 26 64
5 15 27 37 97
15 5 27 37 97
5 15 37 27 97
15 5 37 27 97
5 15 28 36 135
15 5 28 36 135
5 15 36 28 135
15 5 36 28 135
5 15 29 35 173
15 5 29 35 173
5 15 35 29 173
15 5 35 29 173
5 15 30 34 206
15 5 30 34 206
5 15 34 30 206
15 5 34 30 206
5 15 31 33 228
15 5 31 33 228
5 15 33 31 228
15 5 33 31 228
5 15 32 32 236
15 5 32 32 236
6 14 22 42 37
14 6 22 42 37
6 14 42 22 37
14 6 42 22 37
6 14 23 41 76
14 6 23 41 76
6 14 41 23 76
14 6 41 23 76
6 14 24 40 142
14 6 24 40 142
6 14 40 24 142
14 6 40 24 142
6 14 25 39 235
14 6 25 39 235
6 14 39 25 235
14 6 39 25 235
6 14 26 38 362
14 6 26 38 362
6 14 38 26 362
14 6 38 26 362
6 14 27 37 510
14 6 27 37 510
6 14 37 27 510
14 6 37 27 510
6 14 28 36 676
14 6 28 36 676
6 14 36 28 676
14 6 36 28 676
6 14 29 35 832
14 6 29 35 832
6 14 35 29 832
14 6 35 29 832
6 14 30 34 969
14 6 30 34 969
6 14 34 30 969
14 6 34 30 969
6 14 31 33 1055
14 6 31 33 1055
6 14 33 31 1055
14 6 33 31 1055
6 14 32 32 1090
14 6 32 32 1090
3 17 18 46 0
17 3 18 46 0
3 17 46 18 0
17 3 46 18 0
3 17 19 45 0
17 3 19 45 0
3 17 45 19 0
17 3 45 19 0
3 17 20 44 0
17 3 20 44 0
3 17 44 20 0
17 3 44 20 0
4 16 18 46 0
16 4 18 46 0
4 16 46 18 0
16 4 46 18 0
4 16 19 45 0
16 4 19 45 0
4 16 45 19 0
16 4 45 19 0
4 16 20 44 0
16 4 20 44 0
4 16 44 20 0
16 4 44 20 0
5 15 18 46 0
15 5 18 46 0
5 15 46 18 0
15 5 46 18 0
5 15 19 45 0
15 5 19 45 0
5 15 45 19 0
15 5 45 19 0
5 15 20 44 0
15 5 20 44 0
5 15 44 20 0
15 5 44 20 0
4 16 16 48 0
16 4 16 48 0
4 16 48 16 0
16 4 48 16 0
4 16 17 47 0
16 4 17 47 0
4 16 47 17 0
16 4 47 17 0
5 15 16 48 0
15 5 16 48 0
5 15 48 16 0
15 5 48 16 0
5 15 17 47 0
15 5 17 47 0
5 15 47 17 0
15 5 47 17 0
6 14 16 48 0
14 6 16 48 0
6 14 48 16 0
14 6 48 16 0
6 14 17 47 0
14 6 17 47 0
6 14 47 17 0
14 6 47 17 0
6 14 18 46 0
14 6 18 46 0
6 14 46 18 0
14 6 46 18 0
6 14 19 45 1
14 6 19 45 1
6 14 45 19 1
14 6 45 19 1
6 14 20 44 5
14 6 20 44 5
6 14 44 20 5
14 6 44 20 5
6 14 21 43 15
14 6 21 43 15
6 14 43 21 15
14 6 43 21 15
7 13 16 48 0
13 7 16 48 0
7 13 48 16 0
13 7 48 16 0
7 13 17 47 1
13 7 17 47 1
7 13 47 17 1
13 7 47 17 1
7 13 18 46 4
13 7 18 46 4
7 13 46 18 4
13 7 46 18 4
7 13 19 45 14
13 7 19 45 14
7 13 45 19 14
13 7 45 19 14
7 13 20 44 37
13 7 20 44 37
7 13 44 20 37
13 7 44 20 37
7 13 21 43 86
13 7 21 43 86
7 13 43 21 86
13 7 43 21 86
7 13 22 42 174
13 7 22 42 174
7 13 42 22 174
13 7 42 22 174
7 13 23 41 320
13 7 23 41 320
7 13 41 23 320
13 7 41 23 320
7 13 24 40 538
13 7 24 40 538
7 13 40 24 538
13 7 40 24 538
7 13 25 39 837
13 7 25 39 837
7 13 39 25 837
13 7 39 25 837
7 13 26 38 1214
13 7 26 38 1214
7 13 38 26 1214
13 7 38 26 1214
7 13 27 37 1650
13 7 27 37 1650
7 13 37 27 1650
13 7 37 27 1650
7 13 28 36 2111
13 7 28 36 2111
7 13 36 28 2111
13 7 36 28 2111
7 13 29 35 2549
13 7 29 35 2549
7 13 35 29 2549
13 7 35 29 2549
7 13 30 34 2913
13 7 30 34 2913
7 13 34 30 2913
13 7 34 30 2913
7 13 31 33 3153
13 7 31 33 3153
7 13 33 31 3153
13 7 33 31 3153
7 13 32 32 3238
13 7 32 32 3238
8 12 18 46 18
12 8 18 46 18
8 12 46 18 18
12 8 46 18 18
8 12 19 45 49
12 8 19 45 49
8 12 45 19 49
12 8 45 19 49
8 12 20 44 117
12 8 20 44 117
8 12 44 20 117
12 8 44 20 117
8 12 21 43 243
12 8 21 43 243
8 12 43 21 243
12 8 43 21 243
8 12 22 42 461
12 8 22 42 461
8 12 42 22 461
12 8 42 22 461
8 12 23 41 796
12 8 23 41 796
8 12 41 23 796
12 8 41 23 796
8 12 24 40 1283
12 8 24 40 1283
8 12 40 24 1283
12 8 40 24 1283
8 12 25 39 1920
12 8 25 39 1920
8 12 39 25 1920
12 8 39 25 1920
8 12 26 38 2711
12 8 26 38 2711
8 12 38 26 2711
12 8 38 26 2711
8 12 27 37 3596
12 8 27 37 3596
8 12 37 27 3596
12 8 37 27 3596
8 12 28 36 4527
12 8 28 36 4527
8 12 36 28 4527
12 8 36 28 4527
8 12 29 35 5389
12 8 29 35 5389
8 12 35 29 5389
12 8 35 29 5389
8 12 30 34 6110
12 8 30 34 6110
8 12 34 30 6110
12 8 34 30 6110
8 12 31 33 6572
12 8 31 33 6572
8 12 33 31 6572
12 8 33 31 6572
8 12 32 32 6744
12 8 32 32 6744
5 15 13 51 0
15 5 13 51 0
5 15 51 13 0
15 5 51 13 0
5 15 14 50 0
15 5 14 50 0
5 15 50 14 0
15 5 50 14 0
5 15 15 49 0
15 5 15 49 0
5 15 49 15 0
15 5 49 15 0
6 14 13 51 0
14 6 13 51 0
6 14 51 13 0
14 6 51 13 0
6 14 14 50 0
14 6 14 50 0
6 14 50 14 0
14 6 50 14 0
6 14 15 49 0
14 6 15 49 0
6 14 49 15 0
14 6 49 15 0
7 13 13 51 0
13 7 13 51 0
7 13 51 13 0
13 7 51 13 0
7 13 14 50 0
13 7 14 50 0
7 13 50 14 0
13 7 50 14 0
7 13 15 49 0
13 7 15 49 0
7 13 49 15 0
13 7 49 15 0
6 14 12 52 0
14 6 12 52 0
6 14 52 12 0
14 6 52 12 0
7 13 12 52 0
13 7 12 52 0
7 13 52 12 0
13 7 52 12 0
8 12 12 52 0
12 8 12 52 0
8 12 52 12 0
12 8 52 12 0
8 12 13 51 0
12 8 13 51 0
8 12 51 13 0
12 8 51 13 0
8 12 14 50 0
12 8 14 50 0
8 12 50 14 0
12 8 50 14 0
8 12 15 49 0
12 8 15 49 0
8 12 49 15 0
12 8 49 15 0
8 12 16 48 1
12 8 16 48 1
8 12 48 16 1
12 8 48 16 1
8 12 17 47 5
12 8 17 47 5
8 12 47 17 5
12 8 47 17 5
9 11 13 51 0
11 9 13 51 0
9 11 51 13 0
11 9 51 13 0
9 11 14 50 0
11 9 14 50 0
9 11 50 14 0
11 9 50 14 0
9 11 15 49 1
11 9 15 49 1
9 11 49 15 1
11 9 49 15 1
9 11 16 48 4
11 9 16 48 4
9 11 48 16 4
11 9 48 16 4
9 11 17 47 15
11 9 17 47 15
9 11 47 17 15
11 9 47 17 15
9 11 18 46 42
11 9 18 46 42
9 11 46 18 42
11 9 46 18 42
9 11 19 45 104
11 9 19 45 104
9 11 45 19 104
11 9 45 19 104
9 11 20 44 226
11 9 20 44 226
9 11 44 20 226
11 9 44 20 226
9 11 21 43 447
11 9 21 43 447
9 11 43 21 447
11 9 43 21 447
9 11 22 42 808
11 9 22 42 808
9 11 42 22 808
11 9 42 22 808
9 11 23 41 1356
11 9 23 41 1356
9 11 41 23 1356
11 9 41 23 1356
9 11 24 40 2123
11 9 24 40 2123
9 11 40 24 2123
11 9 40 24 2123
9 11 25 39 3121
11 9 25 39 3121
9 11 39 25 3121
11 9 39 25 3121
9 11 26 38 4327
11 9 26 38 4327
9 11 38 26 4327
11 9 38 26 4327
9 11 27 37 5676
11 9 27 37 5676
9 11 37 27 5676
11 9 37 27 5676
9 11 28 36 7065
11 9 28 36 7065
9 11 36 28 7065
11 9 36 28 7065
9 11 29 35 8359
11 9 29 35 8359
9 11 35 29 8359
11 9 35 29 8359
9 11 30 34 9418
11 9 30 34 9418
9 11 34 30 9418
11 9 34 30 9418
9 11 31 33 10111
11 9 31 33 10111
9 11 33 31 10111
11 9 33 31 10111
9 11 32 32 10354
11 9 32 32 10354
10 10 16 48 5
10 10 48 16 5
10 10 17 47 18
10 10 47 17 18
10 10 18 46 52
10 10 46 18 52
10 10 19 45 126
10 10 45 19 126
10 10 20 44 274
10 10 44 20 274
10 10 21 43 534
10 10 43 21 534
10 10 22 42 961
10 10 42 22 961
10 10 23 41 1597
10 10 41 23 1597
10 10 24 40 2490
10 10 40 24 2490
10 10 25 39 3636
10 10 39 25 3636
10 10 26 38 5026
10 10 38 26 5026
10 10 27 37 6563
10 10 37 27 6563
10 10 28 36 8155
10 10 36 28 8155
10 10 29 35 9621
10 10 35 29 9621
10 10 30 34 10833
10 10 34 30 10833
10 10 31 33 11612
10 10 33 31 11612
10 10 32 32 11896
7 13 10 54 0
13 7 10 54 0
7 13 54 10 0
13 7 54 10 0
7 13 11 53 0
13 7 11 53 0
7 13 53 11 0
13 7 53 11 0
8 12 10 54 0
12 8 10 54 0
8 12 54 10 0
12 8 54 10 0
8 12 11 53 0
12 8 11 53 0
8 12 53 11 0
12 8 53 11 0
9 11 10 54 0
11 9 10 54 0
9 11 54 10 0
11 9 54 10 0
9 11 11 53 0
11 9 11 53 0
9 11 53 11 0
11 9 53 11 0
9 11 12 52 0
11 9 12 52 0
9 11 52 12 0
11 9 52 12 0
10 10 10 54 0
10 10 54 10 0
10 10 11 53 0
10 10 53 11 0
10 10 12 52 0
10 10 52 12 0
10 10 13 51 0
10 10 51 13 0
10 10 14 50 0
10 10 50 14 0
10 10 15 49 1
10 10 49 15 1
9 11 9 55 0
11 9 9 55 0
9 11 55 9 0
11 9 55 9 0
10 10 9 55 0
10 10 55 9 0
