0 8 3 25 0
8 0 3 25 0
0 8 25 3 0
8 0 25 3 0
0 8 4 24 0
8 0 4 24 0
0 8 24 4 0
8 0 24 4 0
0 8 5 23 0
8 0 5 23 0
0 8 23 5 0
8 0 23 5 0
0 8 6 22 0
8 0 6 22 0
0 8 22 6 0
8 0 22 6 0
0 8 7 21 0
8 0 7 21 0
0 8 21 7 0
8 0 21 7 0
0 8 8 20 0
8 0 8 20 0
0 8 20 8 0
8 0 20 8 0
0 8 9 19 0
8 0 9 19 0
0 8 19 9 0
8 0 19 9 0
0 8 10 18 0
8 0 10 18 0
0 8 18 10 0
8 0 18 10 0
0 8 11 17 0
8 0 11 17 0
0 8 17 11 0
8 0 17 11 0
0 8 12 16 0
8 0 12 16 0
0 8 16 12 0
8 0 16 12 0
0 8 13 15 0
8 0 13 15 0
0 8 15 13 0
8 0 15 13 0
1 7 3 25 0
7 1 3 25 0
1 7 25 3 0
7 1 25 3 0
1 7 4 24 0
7 1 4 24 0
1 7 24 4 0
7 1 24 4 0
1 7 5 23 0
7 1 5 23 0
1 7 23 5 0
7 1 23 5 0
1 7 6 22 0
7 1 6 22 0
1 7 22 6 0
7 1 22 6 0
1 7 7 21 0
7 1 7 21 0
1 7 21 7 0
7 1 21 7 0
1 7 8 20 0
7 1 8 20 0
1 7 20 8 0
7 1 20 8 0
1 7 9 19 0
7 1 9 19 0
1 7 19 9 0
7 1 19 9 0
1 7 10 18 0
7 1 10 18 0
1 7 18 10 0
7 1 18 10 0
1 7 11 17 0
7 1 11 17 0
1 7 17 11 0
7 1 17 11 0
1 7 12 16 0
7 1 12 16 0
1 7 16 12 0
7 1 16 12 0
1 7 13 15 0
7 1 13 15 0
1 7 15 13 0
7 1 15 13 0
2 6 3 25 1
6 2 3 25 1
2 6 25 3 1
6 2 25 3 1
2 6 4 24 2
6 2 4 24 2
2 6 24 4 2
6 2 24 4 2
2 6 5 23 4
6 2 5 23 4
2 6 23 5 4
6 2 23 5 4
2 6 6 22 6
6 2 6 22 6
2 6 22 6 6
6 2 22 6 6
2 6 7 21 9
6 2 7 21 9
2 6 21 7 9
6 2 21 7 9
2 6 8 20 11
6 2 8 20 11
2 6 20 8 11
6 2 20 8 11
2 6 9 19 13
6 2 9 19 13
2 6 19 9 13
6 2 19 9 13
2 6 10 18 14
6 2 10 18 14
2 6 18 10 14
6 2 18 10 14
2 6 11 17 15
6 2 11 17 15
2 6 17 11 15
6 2 17 11 15
2 6 12 16 15
6 2 12 16 15
2 6 16 12 15
6 2 16 12 15
2 6 13 15 15
6 2 13 15 15
2 6 15 13 15
6 2 15 13 15
0 8 14 14 0
8 0 14 14 0
1 7 14 14 0
7 1 14 14 0
2 6 14 14 15
6 2 14 14 15
1 7 1 27 0
7 1 1 27 0
1 7 27 1 0
7 1 27 1 0
1 7 2 26 0
7 1 2 26 0
1 7 26 2 0
7 1 26 2 0
2 6 1 27 0
6 2 1 27 0
2 6 27 1 0
6 2 27 1 0
2 6 2 26 0
6 2 2 26 0
2 6 26 2 0
6 2 26 2 0
3 5 1 27 0
5 3 1 27 0
3 5 27 1 0
5 3 27 1 0
3 5 2 26 1
5 3 2 26 1
3 5 26 2 1
5 3 26 2 1
3 5 3 25 3
5 3 3 25 3
3 5 25 3 3
5 3 25 3 3
3 5 4 24 6
5 3 4 24 6
3 5 24 4 6
5 3 24 4 6
3 5 5 23 10
5 3 5 23 10
3 5 23 5 10
5 3 23 5 10
3 5 6 22 15
5 3 6 22 15
3 5 22 6 15
5 3 22 6 15
3 5 7 21 21
5 3 7 21 21
3 5 21 7 21
5 3 21 7 21
3 5 8 20 26
5 3 8 20 26
3 5 20 8 26
5 3 20 8 26
3 5 9 19 30
5 3 9 19 30
3 5 19 9 30
5 3 19 9 30
3 5 10 18 33
5 3 10 18 33
3 5 18 10 33
5 3 18 10 33
3 5 11 17 35
5 3 11 17 35
3 5 17 11 35
5 3 17 11 35
3 5 12 16 36
5 3 12 16 36
3 5 16 12 36
5 3 16 12 36
3 5 13 15 36
5 3 13 15 36
3 5 15 13 36
5 3 15 13 36
3 5 14 14 36
5 3 14 14 36
4 4 1 27 0
4 4 27 1 0
4 4 2 26 1
4 4 26 2 1
4 4 3 25 4
4 4 25 3 4
4 4 4 24 8
4 4 24 4 8
4 4 5 23 14
4 4 23 5 14
4 4 6 22 21
4 4 22 6 21
4 4 7 21 30
4 4 21 7 30
4 4 8 20 37
4 4 20 8 37
4 4 9 19 43
4 4 19 9 43
4 4 10 18 47
4 4 18 10 47
4 4 11 17 50
4 4 17 11 50
4 4 12 16 51
4 4 16 12 51
4 4 13 15 51
4 4 15 13 51
4 4 14 14 51
3 5 0 28 0
5 3 0 28 0
3 5 28 0 0
5 3 28 0 0
4 4 0 28 0
4 4 28 0 0
