13 23 45 67 0
23 13 45 67 0
13 23 67 45 0
23 13 67 45 0
13 23 46 66 0
23 13 46 66 0
13 23 66 46 0
23 13 66 46 0
13 23 47 65 0
23 13 47 65 0
13 23 65 47 0
23 13 65 47 0
13 23 48 64 0
23 13 48 64 0
13 23 64 48 0
23 13 64 48 0
13 23 49 63 0
23 13 49 63 0
13 23 63 49 0
23 13 63 49 0
13 23 50 62 0
23 13 50 62 0
13 23 62 50 0
23 13 62 50 0
13 23 51 61 0
23 13 51 61 0
13 23 61 51 0
23 13 61 51 0
13 23 52 60 0
23 13 52 60 0
13 23 60 52 0
23 13 60 52 0
13 23 53 59 0
23 13 53 59 0
13 23 59 53 0
23 13 59 53 0
13 23 54 58 0
23 13 54 58 0
13 23 58 54 0
23 13 58 54 0
13 23 55 57 0
23 13 55 57 0
13 23 57 55 0
23 13 57 55 0
14 22 45 67 0
22 14 45 67 0
14 22 67 45 0
22 14 67 45 0
14 22 46 66 0
22 14 46 66 0
14 22 66 46 0
22 14 66 46 0
14 22 47 65 0
22 14 47 65 0
14 22 65 47 0
22 14 65 47 0
14 22 48 64 0
22 14 48 64 0
14 22 64 48 0
22 14 64 48 0
14 22 49 63 0
22 14 49 63 0
14 22 63 49 0
22 14 63 49 0
14 22 50 62 0
22 14 50 62 0
14 22 62 50 0
22 14 62 50 0
14 22 51 61 0
22 14 51 61 0
14 22 61 51 0
22 14 61 51 0
14 22 52 60 0
22 14 52 60 0
14 22 60 52 0
22 14 60 52 0
14 22 53 59 0
22 14 53 59 0
14 22 59 53 0
22 14 59 53 0
14 22 54 58 0
22 14 54 58 0
14 22 58 54 0
22 14 58 54 0
14 22 55 57 0
22 14 55 57 0
14 22 57 55 0
22 14 57 55 0
15 21 45 67 0
21 15 45 67 0
15 21 67 45 0
21 15 67 45 0
15 21 46 66 0
21 15 46 66 0
15 21 66 46 0
21 15 66 46 0
15 21 47 65 0
21 15 47 65 0
15 21 65 47 0
21 15 65 47 0
15 21 48 64 0
21 15 48 64 0
15 21 64 48 0
21 15 64 48 0
15 21 49 63 0
21 15 49 63 0
15 21 63 49 0
21 15 63 49 0
15 21 50 62 0
21 15 50 62 0
15 21 62 50 0
21 15 62 50 0
15 21 51 61 0
21 15 51 61 0
15 21 61 51 0
21 15 61 51 0
15 21 52 60 0
21 15 52 60 0
15 21 60 52 0
21 15 60 52 0
15 21 53 59 0
21 15 53 59 0
15 21 59 53 0
21 15 59 53 0
15 21 54 58 0
21 15 54 58 0
15 21 58 54 0
21 15 58 54 0
15 21 55 57 0
21 15 55 57 0
15 21 57 55 0
21 15 57 55 0
13 23 56 56 0
23 13 56 56 0
14 22 56 56 0
22 14 56 56 0
15 21 56 56 0
21 15 56 56 0
14 22 42 70 0
22 14 42 70 0
14 22 70 42 0
22 14 70 42 0
14 22 43 69 0
22 14 43 69 0
14 22 69 43 0
22 14 69 43 0
14 22 44 68 0
22 14 44 68 0
14 22 68 44 0
22 14 68 44 0
15 21 42 70 0
21 15 42 70 0
15 21 70 42 0
21 15 70 42 0
15 21 43 69 0
21 15 43 69 0
15 21 69 43 0
21 15 69 43 0
15 21 44 68 0
21 15 44 68 0
15 21 68 44 0
21 15 68 44 0
16 20 42 70 0
20 16 42 70 0
16 20 70 42 0
20 16 70 42 0
16 20 43 69 0
20 16 43 69 0
16 20 69 43 0
20 16 69 43 0
16 20 44 68 0
20 16 44 68 0
16 20 68 44 0
20 16 68 44 0
16 20 45 67 0
20 16 45 67 0
16 20 67 45 0
20 16 67 45 0
16 20 46 66 0
20 16 46 66 0
16 20 66 46 0
20 16 66 46 0
16 20 47 65 0
20 16 47 65 0
16 20 65 47 0
20 16 65 47 0
16 20 48 64 0
20 16 48 64 0
16 20 64 48 0
20 16 64 48 0
16 20 49 63 0
20 16 49 63 0
16 20 63 49 0
20 16 63 49 0
16 20 50 62 0
20 16 50 62 0
16 20 62 50 0
20 16 62 50 0
16 20 51 61 0
20 16 51 61 0
16 20 61 51 0
20 16 61 51 0
16 20 52 60 1
20 16 52 60 1
16 20 60 52 1
20 16 60 52 1
16 20 53 59 1
20 16 53 59 1
16 20 59 53 1
20 16 59 53 1
16 20 54 58 2
20 16 54 58 2
16 20 58 54 2
20 16 58 54 2
16 20 55 57 2
20 16 55 57 2
16 20 57 55 2
20 16 57 55 2
16 20 56 56 3
20 16 56 56 3
15 21 41 71 0
21 15 41 71 0
15 21 71 41 0
21 15 71 41 0
16 20 41 71 0
20 16 41 71 0
16 20 71 41 0
20 16 71 41 0
17 19 41 71 0
19 17 41 71 0
17 19 71 41 0
19 17 71 41 0
17 19 42 70 0
19 17 42 70 0
17 19 70 42 0
19 17 70 42 0
17 19 43 69 0
19 17 43 69 0
17 19 69 43 0
19 17 69 43 0
17 19 44 68 0
19 17 44 68 0
17 19 68 44 0
19 17 68 44 0
17 19 45 67 0
19 17 45 67 0
17 19 67 45 0
19 17 67 45 0
17 19 46 66 0
19 17 46 66 0
17 19 66 46 0
19 17 66 46 0
17 19 47 65 0
19 17 47 65 0
17 19 65 47 0
19 17 65 47 0
17 19 48 64 0
19 17 48 64 0
17 19 64 48 0
19 17 64 48 0
17 19 49 63 0
19 17 49 63 0
17 19 63 49 0
19 17 63 49 0
17 19 50 62 0
19 17 50 62 0
17 19 62 50 0
19 17 62 50 0
17 19 51 61 1
19 17 51 61 1
17 19 61 51 1
19 17 61 51 1
17 19 52 60 2
19 17 52 60 2
17 19 60 52 2
19 17 60 52 2
17 19 53 59 3
19 17 53 59 3
17 19 59 53 3
19 17 59 53 3
17 19 54 58 4
19 17 54 58 4
17 19 58 54 4
19 17 58 54 4
17 19 55 57 5
19 17 55 57 5
17 19 57 55 5
19 17 57 55 5
17 19 56 56 6
19 17 56 56 6
18 18 42 70 0
18 18 70 42 0
18 18 43 69 0
18 18 69 43 0
18 18 44 68 0
18 18 68 44 0
18 18 45 67 0
18 18 67 45 0
18 18 46 66 0
18 18 66 46 0
18 18 47 65 0
18 18 65 47 0
18 18 48 64 0
18 18 64 48 0
18 18 49 63 0
18 18 63 49 0
18 18 50 62 1
18 18 62 50 1
18 18 51 61 2
18 18 61 51 2
18 18 52 60 4
18 18 60 52 4
18 18 53 59 5
18 18 59 53 5
18 18 54 58 7
18 18 58 54 7
18 18 55 57 8
18 18 57 55 8
18 18 56 56 10
16 20 40 72 0
20 16 40 72 0
16 20 72 40 0
20 16 72 40 0
17 19 40 72 0
19 17 40 72 0
17 19 72 40 0
19 17 72 40 0
18 18 40 72 0
18 18 72 40 0
18 18 41 71 0
18 18 71 41 0
