0 6 1 21 0
6 0 1 21 0
0 6 21 1 0
6 0 21 1 0
0 6 2 20 0
6 0 2 20 0
0 6 20 2 0
6 0 20 2 0
0 6 3 19 0
6 0 3 19 0
0 6 19 3 0
6 0 19 3 0
0 6 4 18 0
6 0 4 18 0
0 6 18 4 0
6 0 18 4 0
0 6 5 17 0
6 0 5 17 0
0 6 17 5 0
6 0 17 5 0
0 6 6 16 0
6 0 6 16 0
0 6 16 6 0
6 0 16 6 0
0 6 7 15 0
6 0 7 15 0
0 6 15 7 0
6 0 15 7 0
0 6 8 14 0
6 0 8 14 0
0 6 14 8 0
6 0 14 8 0
0 6 9 13 0
6 0 9 13 0
0 6 13 9 0
6 0 13 9 0
0 6 10 12 0
6 0 10 12 0
0 6 12 10 0
6 0 12 10 0
0 6 11 11 0
6 0 11 11 0
1 5 1 21 0
5 1 1 21 0
1 5 21 1 0
5 1 21 1 0
1 5 2 20 0
5 1 2 20 0
1 5 20 2 0
5 1 20 2 0
1 5 3 19 0
5 1 3 19 0
1 5 19 3 0
5 1 19 3 0
1 5 4 18 0
5 1 4 18 0
1 5 18 4 0
5 1 18 4 0
1 5 5 17 0
5 1 5 17 0
1 5 17 5 0
5 1 17 5 0
1 5 6 16 0
5 1 6 16 0
1 5 16 6 0
5 1 16 6 0
1 5 7 15 0
5 1 7 15 0
1 5 15 7 0
5 1 15 7 0
1 5 8 14 0
5 1 8 14 0
1 5 14 8 0
5 1 14 8 0
1 5 9 13 0
5 1 9 13 0
1 5 13 9 0
5 1 13 9 0
1 5 10 12 0
5 1 10 12 0
1 5 12 10 0
5 1 12 10 0
1 5 11 11 0
5 1 11 11 0
2 4 1 21 1
4 2 1 21 1
2 4 21 1 1
4 2 21 1 1
2 4 2 20 2
4 2 2 20 2
2 4 20 2 2
4 2 20 2 2
2 4 3 19 3
4 2 3 19 3
2 4 19 3 3
4 2 19 3 3
2 4 4 18 4
4 2 4 18 4
2 4 18 4 4
4 2 18 4 4
2 4 5 17 5
4 2 5 17 5
2 4 17 5 5
4 2 17 5 5
2 4 6 16 6
4 2 6 16 6
2 4 16 6 6
4 2 16 6 6
2 4 7 15 6
4 2 7 15 6
2 4 15 7 6
4 2 15 7 6
2 4 8 14 6
4 2 8 14 6
2 4 14 8 6
4 2 14 8 6
2 4 9 13 6
4 2 9 13 6
2 4 13 9 6
4 2 13 9 6
2 4 10 12 6
4 2 10 12 6
2 4 12 10 6
4 2 12 10 6
2 4 11 11 6
4 2 11 11 6
1 5 0 22 0
5 1 0 22 0
1 5 22 0 0
5 1 22 0 0
2 4 0 22 0
4 2 0 22 0
2 4 22 0 0
4 2 22 0 0
3 3 0 22 0
3 3 22 0 0
3 3 1 21 1
3 3 21 1 1
3 3 2 20 2
3 3 20 2 2
3 3 3 19 3
3 3 19 3 3
3 3 4 18 4
3 3 18 4 4
3 3 5 17 5
3 3 17 5 5
3 3 6 16 6
3 3 16 6 6
3 3 7 15 6
3 3 15 7 6
3 3 8 14 6
3 3 14 8 6
3 3 9 13 6
3 3 13 9 6
3 3 10 12 6
3 3 12 10 6
3 3 11 11 6
