0 16 21 31 0
16 0 21 31 0
0 16 31 21 0
16 0 31 21 0
0 16 22 30 0
16 0 22 30 0
0 16 30 22 0
16 0 30 22 0
0 16 23 29 0
16 0 23 29 0
0 16 29 23 0
16 0 29 23 0
0 16 24 28 0
16 0 24 28 0
0 16 28 24 0
16 0 28 24 0
0 16 25 27 0
16 0 25 27 0
0 16 27 25 0
16 0 27 25 0
0 16 26 26 0
16 0 26 26 0
1 15 21 31 0
15 1 21 31 0
1 15 31 21 0
15 1 31 21 0
1 15 22 30 0
15 1 22 30 0
1 15 30 22 0
15 1 30 22 0
1 15 23 29 0
15 1 23 29 0
1 15 29 23 0
15 1 29 23 0
1 15 24 28 0
15 1 24 28 0
1 15 28 24 0
15 1 28 24 0
1 15 25 27 0
15 1 25 27 0
1 15 27 25 0
15 1 27 25 0
1 15 26 26 0
15 1 26 26 0
2 14 21 31 2
14 2 21 31 2
2 14 31 21 2
14 2 31 21 2
2 14 22 30 3
14 2 22 30 3
2 14 30 22 3
14 2 30 22 3
2 14 23 29 5
14 2 23 29 5
2 14 29 23 5
14 2 29 23 5
2 14 24 28 6
14 2 24 28 6
2 14 28 24 6
14 2 28 24 6
2 14 25 27 8
14 2 25 27 8
2 14 27 25 8
14 2 27 25 8
2 14 26 26 8
14 2 26 26 8
1 15 15 37 0
15 1 15 37 0
1 15 37 15 0
15 1 37 15 0
1 15 16 36 0
15 1 16 36 0
1 15 36 16 0
15 1 36 16 0
1 15 17 35 0
15 1 17 35 0
1 15 35 17 0
15 1 35 17 0
1 15 18 34 0
15 1 18 34 0
1 15 34 18 0
15 1 34 18 0
1 15 19 33 0
15 1 19 33 0
1 15 33 19 0
15 1 33 19 0
1 15 20 32 0
15 1 20 32 0
1 15 32 20 0
15 1 32 20 0
2 14 15 37 0
14 2 15 37 0
2 14 37 15 0
14 2 37 15 0
2 14 16 36 0
14 2 16 36 0
2 14 36 16 0
14 2 36 16 0
2 14 17 35 0
14 2 17 35 0
2 14 35 17 0
14 2 35 17 0
2 14 18 34 0
14 2 18 34 0
2 14 34 18 0
14 2 34 18 0
2 14 19 33 0
14 2 19 33 0
2 14 33 19 0
14 2 33 19 0
2 14 20 32 0
14 2 20 32 0
2 14 32 20 0
14 2 32 20 0
3 13 15 37 0
13 3 15 37 0
3 13 37 15 0
13 3 37 15 0
3 13 16 36 1
13 3 16 36 1
3 13 36 16 1
13 3 36 16 1
3 13 17 35 3
13 3 17 35 3
3 13 35 17 3
13 3 35 17 3
3 13 18 34 7
13 3 18 34 7
3 13 34 18 7
13 3 34 18 7
3 13 19 33 13
13 3 19 33 13
3 13 33 19 13
13 3 33 19 13
3 13 20 32 23
13 3 20 32 23
3 13 32 20 23
13 3 32 20 23
3 13 21 31 37
13 3 21 31 37
3 13 31 21 37
13 3 31 21 37
3 13 22 30 53
13 3 22 30 53
3 13 30 22 53
13 3 30 22 53
3 13 23 29 69
13 3 23 29 69
3 13 29 23 69
13 3 29 23 69
3 13 24 28 83
13 3 24 28 83
3 13 28 24 83
13 3 28 24 83
3 13 25 27 94
13 3 25 27 94
3 13 27 25 94
13 3 27 25 94
3 13 26 26 98
13 3 26 26 98
4 12 15 37 8
12 4 15 37 8
4 12 37 15 8
12 4 37 15 8
4 12 16 36 18
12 4 16 36 18
4 12 36 16 18
12 4 36 16 18
4 12 17 35 38
12 4 17 35 38
4 12 35 17 38
12 4 35 17 38
4 12 18 34 68
12 4 18 34 68
4 12 34 18 68
12 4 34 18 68
4 12 19 33 113
12 4 19 33 113
4 12 33 19 113
12 4 33 19 113
4 12 20 32 170
12 4 20 32 170
4 12 32 20 170
12 4 32 20 170
4 12 21 31 244
12 4 21 31 244
4 12 31 21 244
12 4 31 21 244
4 12 22 30 320
12 4 22 30 320
4 12 30 22 320
12 4 30 22 320
4 12 23 29 398
12 4 23 29 398
4 12 29 23 398
12 4 29 23 398
4 12 24 28 459
12 4 24 28 459
4 12 28 24 459
12 4 28 24 459
4 12 25 27 506
12 4 25 27 506
4 12 27 25 506
12 4 27 25 506
4 12 26 26 519
12 4 26 26 519
2 14 11 41 0
14 2 11 41 0
2 14 41 11 0
14 2 41 11 0
2 14 12 40 0
14 2 12 40 0
2 14 40 12 0
14 2 40 12 0
2 14 13 39 0
14 2 13 39 0
2 14 39 13 0
14 2 39 13 0
2 14 14 38 0
14 2 14 38 0
2 14 38 14 0
14 2 38 14 0
3 13 11 41 0
13 3 11 41 0
3 13 41 11 0
13 3 41 11 0
3 13 12 40 0
13 3 12 40 0
3 13 40 12 0
13 3 40 12 0
3 13 13 39 0
13 3 13 39 0
3 13 39 13 0
13 3 39 13 0
3 13 14 38 0
13 3 14 38 0
3 13 38 14 0
13 3 38 14 0
4 12 11 41 0
12 4 11 41 0
4 12 41 11 0
12 4 41 11 0
4 12 12 40 0
12 4 12 40 0
4 12 40 12 0
12 4 40 12 0
4 12 13 39 1
12 4 13 39 1
4 12 39 13 1
12 4 39 13 1
4 12 14 38 3
12 4 14 38 3
4 12 38 14 3
12 4 38 14 3
3 13 10 42 0
13 3 10 42 0
3 13 42 10 0
13 3 42 10 0
4 12 10 42 0
12 4 10 42 0
4 12 42 10 0
12 4 42 10 0
5 11 10 42 0
11 5 10 42 0
5 11 42 10 0
11 5 42 10 0
5 11 11 41 0
11 5 11 41 0
5 11 41 11 0
11 5 41 11 0
5 11 12 40 2
11 5 12 40 2
5 11 40 12 2
11 5 40 12 2
5 11 13 39 7
11 5 13 39 7
5 11 39 13 7
11 5 39 13 7
5 11 14 38 20
11 5 14 38 20
5 11 38 14 20
11 5 38 14 20
5 11 15 37 46
11 5 15 37 46
5 11 37 15 46
11 5 37 15 46
5 11 16 36 93
11 5 16 36 93
5 11 36 16 93
11 5 36 16 93
5 11 17 35 169
11 5 17 35 169
5 11 35 17 169
11 5 35 17 169
5 11 18 34 283
11 5 18 34 283
5 11 34 18 283
11 5 34 18 283
5 11 19 33 436
11 5 19 33 436
5 11 33 19 436
11 5 33 19 436
5 11 20 32 628
11 5 20 32 628
5 11 32 20 628
11 5 32 20 628
5 11 21 31 851
11 5 21 31 851
5 11 31 21 851
11 5 31 21 851
5 11 22 30 1085
11 5 22 30 1085
5 11 30 22 1085
11 5 30 22 1085
5 11 23 29 1307
11 5 23 29 1307
5 11 29 23 1307
11 5 29 23 1307
5 11 24 28 1491
11 5 24 28 1491
5 11 28 24 1491
11 5 28 24 1491
5 11 25 27 1614
11 5 25 27 1614
5 11 27 25 1614
11 5 27 25 1614
5 11 26 26 1656
11 5 26 26 1656
6 10 11 41 4
10 6 11 41 4
6 10 41 11 4
10 6 41 11 4
6 10 12 40 12
10 6 12 40 12
6 10 40 12 12
10 6 40 12 12
6 10 13 39 32
10 6 13 39 32
6 10 39 13 32
10 6 39 13 32
6 10 14 38 72
10 6 14 38 72
6 10 38 14 72
10 6 38 14 72
6 10 15 37 147
10 6 15 37 147
6 10 37 15 147
10 6 37 15 147
6 10 16 36 269
10 6 16 36 269
6 10 36 16 269
10 6 36 16 269
6 10 17 35 460
10 6 17 35 460
6 10 35 17 460
10 6 35 17 460
6 10 18 34 725
10 6 18 34 725
6 10 34 18 725
10 6 34 18 725
6 10 19 33 1077
10 6 19 33 1077
6 10 33 19 1077
10 6 33 19 1077
6 10 20 32 1497
10 6 20 32 1497
6 10 32 20 1497
10 6 32 20 1497
6 10 21 31 1978
10 6 21 31 1978
6 10 31 21 1978
10 6 31 21 1978
6 10 22 30 2465
10 6 22 30 2465
6 10 30 22 2465
10 6 30 22 2465
6 10 23 29 2930
10 6 23 29 2930
6 10 29 23 2930
10 6 29 23 2930
6 10 24 28 3300
10 6 24 28 3300
6 10 28 24 3300
10 6 28 24 3300
6 10 25 27 3554
10 6 25 27 3554
6 10 27 25 3554
10 6 27 25 3554
6 10 26 26 3634
10 6 26 26 3634
3 13 9 43 0
13 3 9 43 0
3 13 43 9 0
13 3 43 9 0
4 12 9 43 0
12 4 9 43 0
4 12 43 9 0
12 4 43 9 0
5 11 9 43 0
11 5 9 43 0
5 11 43 9 0
11 5 43 9 0
4 12 7 45 0
12 4 7 45 0
4 12 45 7 0
12 4 45 7 0
4 12 8 44 0
12 4 8 44 0
4 12 44 8 0
12 4 44 8 0
5 11 7 45 0
11 5 7 45 0
5 11 45 7 0
11 5 45 7 0
5 11 8 44 0
11 5 8 44 0
5 11 44 8 0
11 5 44 8 0
6 10 7 45 0
10 6 7 45 0
6 10 45 7 0
10 6 45 7 0
6 10 8 44 0
10 6 8 44 0
6 10 44 8 0
10 6 44 8 0
6 10 9 43 0
10 6 9 43 0
6 10 43 9 0
10 6 43 9 0
6 10 10 42 1
10 6 10 42 1
6 10 42 10 1
10 6 42 10 1
7 9 7 45 0
9 7 7 45 0
7 9 45 7 0
9 7 45 7 0
7 9 8 44 0
9 7 8 44 0
7 9 44 8 0
9 7 44 8 0
7 9 9 43 0
9 7 9 43 0
7 9 43 9 0
9 7 43 9 0
7 9 10 42 2
9 7 10 42 2
7 9 42 10 2
9 7 42 10 2
7 9 11 41 8
9 7 11 41 8
7 9 41 11 8
9 7 41 11 8
7 9 12 40 25
9 7 12 40 25
7 9 40 12 25
9 7 40 12 25
7 9 13 39 62
9 7 13 39 62
7 9 39 13 62
9 7 39 13 62
7 9 14 38 136
9 7 14 38 136
7 9 38 14 136
9 7 38 14 136
7 9 15 37 265
9 7 15 37 265
7 9 37 15 265
9 7 37 15 265
7 9 16 36 475
9 7 16 36 475
7 9 36 16 475
9 7 36 16 475
7 9 17 35 787
9 7 17 35 787
7 9 35 17 787
9 7 35 17 787
7 9 18 34 1219
9 7 18 34 1219
7 9 34 18 1219
9 7 34 18 1219
7 9 19 33 1773
9 7 19 33 1773
7 9 33 19 1773
9 7 33 19 1773
7 9 20 32 2436
9 7 20 32 2436
7 9 32 20 2436
9 7 32 20 2436
7 9 21 31 3173
9 7 21 31 3173
7 9 31 21 3173
9 7 31 21 3173
7 9 22 30 3925
9 7 22 30 3925
7 9 30 22 3925
9 7 30 22 3925
7 9 23 29 4623
9 7 23 29 4623
7 9 29 23 4623
9 7 29 23 4623
7 9 24 28 5190
9 7 24 28 5190
7 9 28 24 5190
9 7 28 24 5190
7 9 25 27 5563
9 7 25 27 5563
7 9 27 25 5563
9 7 27 25 5563
7 9 26 26 5692
9 7 26 26 5692
8 8 9 43 1
8 8 43 9 1
8 8 10 42 4
8 8 42 10 4
8 8 11 41 13
8 8 41 11 13
8 8 12 40 35
8 8 40 12 35
8 8 13 39 83
8 8 39 13 83
8 8 14 38 173
8 8 38 14 173
8 8 15 37 332
8 8 37 15 332
8 8 16 36 581
8 8 36 16 581
8 8 17 35 954
8 8 35 17 954
8 8 18 34 1459
8 8 34 18 1459
8 8 19 33 2110
8 8 33 19 2110
8 8 20 32 2875
8 8 32 20 2875
8 8 21 31 3734
8 8 31 21 3734
8 8 22 30 4595
8 8 30 22 4595
8 8 23 29 5403
8 8 29 23 5403
8 8 24 28 6047
8 8 28 24 6047
8 8 25 27 6482
8 8 27 25 6482
8 8 26 26 6622
5 11 6 46 0
11 5 6 46 0
5 11 46 6 0
11 5 46 6 0
6 10 6 46 0
10 6 6 46 0
6 10 46 6 0
10 6 46 6 0
7 9 6 46 0
9 7 6 46 0
7 9 46 6 0
9 7 46 6 0
6 10 5 47 0
10 6 5 47 0
6 10 47 5 0
10 6 47 5 0
7 9 5 47 0
9 7 5 47 0
7 9 47 5 0
9 7 47 5 0
8 8 5 47 0
8 8 47 5 0
8 8 6 46 0
8 8 46 6 0
8 8 7 45 0
8 8 45 7 0
8 8 8 44 0
8 8 44 8 0
