0 10 6 28 0
10 0 6 28 0
0 10 28 6 0
10 0 28 6 0
0 10 7 27 0
10 0 7 27 0
0 10 27 7 0
10 0 27 7 0
0 10 8 26 0
10 0 8 26 0
0 10 26 8 0
10 0 26 8 0
0 10 9 25 0
10 0 9 25 0
0 10 25 9 0
10 0 25 9 0
0 10 10 24 0
10 0 10 24 0
0 10 24 10 0
10 0 24 10 0
0 10 11 23 0
10 0 11 23 0
0 10 23 11 0
10 0 23 11 0
0 10 12 22 0
10 0 12 22 0
0 10 22 12 0
10 0 22 12 0
0 10 13 21 0
10 0 13 21 0
0 10 21 13 0
10 0 21 13 0
0 10 14 20 0
10 0 14 20 0
0 10 20 14 0
10 0 20 14 0
0 10 15 19 0
10 0 15 19 0
0 10 19 15 0
10 0 19 15 0
0 10 16 18 0
10 0 16 18 0
0 10 18 16 0
10 0 18 16 0
1 9 6 28 0
9 1 6 28 0
1 9 28 6 0
9 1 28 6 0
1 9 7 27 0
9 1 7 27 0
1 9 27 7 0
9 1 27 7 0
1 9 8 26 0
9 1 8 26 0
1 9 26 8 0
9 1 26 8 0
1 9 9 25 0
9 1 9 25 0
1 9 25 9 0
9 1 25 9 0
1 9 10 24 0
9 1 10 24 0
1 9 24 10 0
9 1 24 10 0
1 9 11 23 0
9 1 11 23 0
1 9 23 11 0
9 1 23 11 0
1 9 12 22 0
9 1 12 22 0
1 9 22 12 0
9 1 22 12 0
1 9 13 21 0
9 1 13 21 0
1 9 21 13 0
9 1 21 13 0
1 9 14 20 0
9 1 14 20 0
1 9 20 14 0
9 1 20 14 0
1 9 15 19 0
9 1 15 19 0
1 9 19 15 0
9 1 19 15 0
1 9 16 18 0
9 1 16 18 0
1 9 18 16 0
9 1 18 16 0
2 8 6 28 1
8 2 6 28 1
2 8 28 6 1
8 2 28 6 1
2 8 7 27 2
8 2 7 27 2
2 8 27 7 2
8 2 27 7 2
2 8 8 26 4
8 2 8 26 4
2 8 26 8 4
8 2 26 8 4
2 8 9 25 7
8 2 9 25 7
2 8 25 9 7
8 2 25 9 7
2 8 10 24 10
8 2 10 24 10
2 8 24 10 10
8 2 24 10 10
2 8 11 23 13
8 2 11 23 13
2 8 23 11 13
8 2 23 11 13
2 8 12 22 16
8 2 12 22 16
2 8 22 12 16
8 2 22 12 16
2 8 13 21 18
8 2 13 21 18
2 8 21 13 18
8 2 21 13 18
2 8 14 20 19
8 2 14 20 19
2 8 20 14 19
8 2 20 14 19
2 8 15 19 20
8 2 15 19 20
2 8 19 15 20
8 2 19 15 20
2 8 16 18 20
8 2 16 18 20
2 8 18 16 20
8 2 18 16 20
0 10 17 17 0
10 0 17 17 0
1 9 17 17 0
9 1 17 17 0
2 8 17 17 20
8 2 17 17 20
1 9 3 31 0
9 1 3 31 0
1 9 31 3 0
9 1 31 3 0
1 9 4 30 0
9 1 4 30 0
1 9 30 4 0
9 1 30 4 0
1 9 5 29 0
9 1 5 29 0
1 9 29 5 0
9 1 29 5 0
2 8 3 31 0
8 2 3 31 0
2 8 31 3 0
8 2 31 3 0
2 8 4 30 0
8 2 4 30 0
2 8 30 4 0
8 2 30 4 0
2 8 5 29 0
8 2 5 29 0
2 8 29 5 0
8 2 29 5 0
3 7 3 31 0
7 3 3 31 0
3 7 31 3 0
7 3 31 3 0
3 7 4 30 1
7 3 4 30 1
3 7 30 4 1
7 3 30 4 1
3 7 5 29 3
7 3 5 29 3
3 7 29 5 3
7 3 29 5 3
3 7 6 28 7
7 3 6 28 7
3 7 28 6 7
7 3 28 6 7
3 7 7 27 13
7 3 7 27 13
3 7 27 7 13
7 3 27 7 13
3 7 8 26 22
7 3 8 26 22
3 7 26 8 22
7 3 26 8 22
3 7 9 25 33
7 3 9 25 33
3 7 25 9 33
7 3 25 9 33
3 7 10 24 45
7 3 10 24 45
3 7 24 10 45
7 3 24 10 45
3 7 11 23 57
7 3 11 23 57
3 7 23 11 57
7 3 23 11 57
3 7 12 22 68
7 3 12 22 68
3 7 22 12 68
7 3 22 12 68
3 7 13 21 77
7 3 13 21 77
3 7 21 13 77
7 3 21 13 77
3 7 14 20 83
7 3 14 20 83
3 7 20 14 83
7 3 20 14 83
3 7 15 19 87
7 3 15 19 87
3 7 19 15 87
7 3 19 15 87
3 7 16 18 89
7 3 16 18 89
3 7 18 16 89
7 3 18 16 89
3 7 17 17 90
7 3 17 17 90
4 6 3 31 0
6 4 3 31 0
4 6 31 3 0
6 4 31 3 0
4 6 4 30 2
6 4 4 30 2
4 6 30 4 2
6 4 30 4 2
4 6 5 29 6
6 4 5 29 6
4 6 29 5 6
6 4 29 5 6
4 6 6 28 14
6 4 6 28 14
4 6 28 6 14
6 4 28 6 14
4 6 7 27 26
6 4 7 27 26
4 6 27 7 26
6 4 27 7 26
4 6 8 26 44
6 4 8 26 44
4 6 26 8 44
6 4 26 8 44
4 6 9 25 66
6 4 9 25 66
4 6 25 9 66
6 4 25 9 66
4 6 10 24 90
6 4 10 24 90
4 6 24 10 90
6 4 24 10 90
4 6 11 23 114
6 4 11 23 114
4 6 23 11 114
6 4 23 11 114
4 6 12 22 136
6 4 12 22 136
4 6 22 12 136
6 4 22 12 136
4 6 13 21 154
6 4 13 21 154
4 6 21 13 154
6 4 21 13 154
4 6 14 20 166
6 4 14 20 166
4 6 20 14 166
6 4 20 14 166
4 6 15 19 174
6 4 15 19 174
4 6 19 15 174
6 4 19 15 174
4 6 16 18 178
6 4 16 18 178
4 6 18 16 178
6 4 18 16 178
4 6 17 17 180
6 4 17 17 180
2 8 2 32 0
8 2 2 32 0
2 8 32 2 0
8 2 32 2 0
3 7 2 32 0
7 3 2 32 0
3 7 32 2 0
7 3 32 2 0
4 6 2 32 0
6 4 2 32 0
4 6 32 2 0
6 4 32 2 0
3 7 1 33 0
7 3 1 33 0
3 7 33 1 0
7 3 33 1 0
4 6 1 33 0
6 4 1 33 0
4 6 33 1 0
6 4 33 1 0
5 5 1 33 0
5 5 33 1 0
5 5 2 32 0
5 5 32 2 0
5 5 3 31 1
5 5 31 3 1
5 5 4 30 4
5 5 30 4 4
5 5 5 29 10
5 5 29 5 10
5 5 6 28 21
5 5 28 6 21
5 5 7 27 37
5 5 27 7 37
5 5 8 26 60
5 5 26 8 60
5 5 9 25 88
5 5 25 9 88
5 5 10 24 118
5 5 24 10 118
5 5 11 23 148
5 5 23 11 148
5 5 12 22 176
5 5 22 12 176
5 5 13 21 199
5 5 21 13 199
5 5 14 20 215
5 5 20 14 215
5 5 15 19 226
5 5 19 15 226
5 5 16 18 232
5 5 18 16 232
5 5 17 17 234
