0 8 6 22 0
8 0 6 22 0
0 8 22 6 0
8 0 22 6 0
0 8 7 21 0
8 0 7 21 0
0 8 21 7 0
8 0 21 7 0
0 8 8 20 0
8 0 8 20 0
0 8 20 8 0
8 0 20 8 0
0 8 9 19 0
8 0 9 19 0
0 8 19 9 0
8 0 19 9 0
0 8 10 18 1
8 0 10 18 1
0 8 18 10 1
8 0 18 10 1
0 8 11 17 1
8 0 11 17 1
0 8 17 11 1
8 0 17 11 1
0 8 12 16 2
8 0 12 16 2
0 8 16 12 2
8 0 16 12 2
0 8 13 15 2
8 0 13 15 2
0 8 15 13 2
8 0 15 13 2
1 7 3 25 0
7 1 3 25 0
1 7 25 3 0
7 1 25 3 0
1 7 4 24 0
7 1 4 24 0
1 7 24 4 0
7 1 24 4 0
1 7 5 23 0
7 1 5 23 0
1 7 23 5 0
7 1 23 5 0
1 7 6 22 0
7 1 6 22 0
1 7 22 6 0
7 1 22 6 0
1 7 7 21 1
7 1 7 21 1
1 7 21 7 1
7 1 21 7 1
1 7 8 20 2
7 1 8 20 2
1 7 20 8 2
7 1 20 8 2
1 7 9 19 4
7 1 9 19 4
1 7 19 9 4
7 1 19 9 4
1 7 10 18 7
7 1 10 18 7
1 7 18 10 7
7 1 18 10 7
1 7 11 17 10
7 1 11 17 10
1 7 17 11 10
7 1 17 11 10
1 7 12 16 13
7 1 12 16 13
1 7 16 12 13
7 1 16 12 13
1 7 13 15 15
7 1 13 15 15
1 7 15 13 15
7 1 15 13 15
2 6 3 25 0
6 2 3 25 0
2 6 25 3 0
6 2 25 3 0
2 6 4 24 0
6 2 4 24 0
2 6 24 4 0
6 2 24 4 0
2 6 5 23 0
6 2 5 23 0
2 6 23 5 0
6 2 23 5 0
2 6 6 22 1
6 2 6 22 1
2 6 22 6 1
6 2 22 6 1
2 6 7 21 3
6 2 7 21 3
2 6 21 7 3
6 2 21 7 3
2 6 8 20 7
6 2 8 20 7
2 6 20 8 7
6 2 20 8 7
2 6 9 19 12
6 2 9 19 12
2 6 19 9 12
6 2 19 9 12
2 6 10 18 21
6 2 10 18 21
2 6 18 10 21
6 2 18 10 21
2 6 11 17 28
6 2 11 17 28
2 6 17 11 28
6 2 17 11 28
2 6 12 16 37
6 2 12 16 37
2 6 16 12 37
6 2 16 12 37
2 6 13 15 41
6 2 13 15 41
2 6 15 13 41
6 2 15 13 41
0 8 14 14 3
8 0 14 14 3
1 7 14 14 16
7 1 14 14 16
2 6 14 14 45
6 2 14 14 45
2 6 2 26 0
6 2 2 26 0
2 6 26 2 0
6 2 26 2 0
3 5 1 27 0
5 3 1 27 0
3 5 27 1 0
5 3 27 1 0
3 5 2 26 0
5 3 2 26 0
3 5 26 2 0
5 3 26 2 0
3 5 3 25 0
5 3 3 25 0
3 5 25 3 0
5 3 25 3 0
3 5 4 24 0
5 3 4 24 0
3 5 24 4 0
5 3 24 4 0
3 5 5 23 1
5 3 5 23 1
3 5 23 5 1
5 3 23 5 1
3 5 6 22 3
5 3 6 22 3
3 5 22 6 3
5 3 22 6 3
3 5 7 21 8
5 3 7 21 8
3 5 21 7 8
5 3 21 7 8
3 5 8 20 15
5 3 8 20 15
3 5 20 8 15
5 3 20 8 15
3 5 9 19 26
5 3 9 19 26
3 5 19 9 26
5 3 19 9 26
3 5 10 18 40
5 3 10 18 40
3 5 18 10 40
5 3 18 10 40
3 5 11 17 54
5 3 11 17 54
3 5 17 11 54
5 3 17 11 54
3 5 12 16 67
5 3 12 16 67
3 5 16 12 67
5 3 16 12 67
3 5 13 15 76
5 3 13 15 76
3 5 15 13 76
5 3 15 13 76
3 5 14 14 80
5 3 14 14 80
4 4 2 26 0
4 4 26 2 0
4 4 3 25 0
4 4 25 3 0
4 4 4 24 0
4 4 24 4 0
4 4 5 23 1
4 4 23 5 1
4 4 6 22 4
4 4 22 6 4
4 4 7 21 9
4 4 21 7 9
4 4 8 20 18
4 4 20 8 18
4 4 9 19 30
4 4 19 9 30
4 4 10 18 48
4 4 18 10 48
4 4 11 17 63
4 4 17 11 63
4 4 12 16 80
4 4 16 12 80
4 4 13 15 89
4 4 15 13 89
4 4 14 14 96
4 4 1 27 0
4 4 27 1 0
