3 19 24 46 0
19 3 24 46 0
3 19 46 24 0
19 3 46 24 0
3 19 25 45 0
19 3 25 45 0
3 19 45 25 0
19 3 45 25 0
3 19 26 44 0
19 3 26 44 0
3 19 44 26 0
19 3 44 26 0
3 19 27 43 0
19 3 27 43 0
3 19 43 27 0
19 3 43 27 0
3 19 28 42 0
19 3 28 42 0
3 19 42 28 0
19 3 42 28 0
3 19 29 41 0
19 3 29 41 0
3 19 41 29 0
19 3 41 29 0
3 19 30 40 0
19 3 30 40 0
3 19 40 30 0
19 3 40 30 0
3 19 31 39 0
19 3 31 39 0
3 19 39 31 0
19 3 39 31 0
3 19 32 38 0
19 3 32 38 0
3 19 38 32 0
19 3 38 32 0
3 19 33 37 0
19 3 33 37 0
3 19 37 33 0
19 3 37 33 0
3 19 34 36 0
19 3 34 36 0
3 19 36 34 0
19 3 36 34 0
4 18 24 46 0
18 4 24 46 0
4 18 46 24 0
18 4 46 24 0
4 18 25 45 0
18 4 25 45 0
4 18 45 25 0
18 4 45 25 0
4 18 26 44 0
18 4 26 44 0
4 18 44 26 0
18 4 44 26 0
4 18 27 43 0
18 4 27 43 0
4 18 43 27 0
18 4 43 27 0
4 18 28 42 0
18 4 28 42 0
4 18 42 28 0
18 4 42 28 0
4 18 29 41 0
18 4 29 41 0
4 18 41 29 0
18 4 41 29 0
4 18 30 40 0
18 4 30 40 0
4 18 40 30 0
18 4 40 30 0
4 18 31 39 0
18 4 31 39 0
4 18 39 31 0
18 4 39 31 0
4 18 32 38 0
18 4 32 38 0
4 18 38 32 0
18 4 38 32 0
4 18 33 37 0
18 4 33 37 0
4 18 37 33 0
18 4 37 33 0
4 18 34 36 0
18 4 34 36 0
4 18 36 34 0
18 4 36 34 0
5 17 24 46 0
17 5 24 46 0
5 17 46 24 0
17 5 46 24 0
5 17 25 45 0
17 5 25 45 0
5 17 45 25 0
17 5 45 25 0
5 17 26 44 0
17 5 26 44 0
5 17 44 26 0
17 5 44 26 0
5 17 27 43 1
17 5 27 43 1
5 17 43 27 1
17 5 43 27 1
5 17 28 42 2
17 5 28 42 2
5 17 42 28 2
17 5 42 28 2
5 17 29 41 4
17 5 29 41 4
5 17 41 29 4
17 5 41 29 4
5 17 30 40 8
17 5 30 40 8
5 17 40 30 8
17 5 40 30 8
5 17 31 39 12
17 5 31 39 12
5 17 39 31 12
17 5 39 31 12
5 17 32 38 16
17 5 32 38 16
5 17 38 32 16
17 5 38 32 16
5 17 33 37 20
17 5 33 37 20
5 17 37 33 20
17 5 37 33 20
5 17 34 36 23
17 5 34 36 23
5 17 36 34 23
17 5 36 34 23
3 19 35 35 0
19 3 35 35 0
4 18 35 35 0
18 4 35 35 0
5 17 35 35 24
17 5 35 35 24
4 18 22 48 0
18 4 22 48 0
4 18 48 22 0
18 4 48 22 0
4 18 23 47 0
18 4 23 47 0
4 18 47 23 0
18 4 47 23 0
5 17 22 48 0
17 5 22 48 0
5 17 48 22 0
17 5 48 22 0
5 17 23 47 0
17 5 23 47 0
5 17 47 23 0
17 5 47 23 0
6 16 22 48 0
16 6 22 48 0
6 16 48 22 0
16 6 48 22 0
6 16 23 47 0
16 6 23 47 0
6 16 47 23 0
16 6 47 23 0
6 16 24 46 0
16 6 24 46 0
6 16 46 24 0
16 6 46 24 0
6 16 25 45 2
16 6 25 45 2
6 16 45 25 2
16 6 45 25 2
6 16 26 44 7
16 6 26 44 7
6 16 44 26 7
16 6 44 26 7
6 16 27 43 17
16 6 27 43 17
6 16 43 27 17
16 6 43 27 17
6 16 28 42 33
16 6 28 42 33
6 16 42 28 33
16 6 42 28 33
6 16 29 41 57
16 6 29 41 57
6 16 41 29 57
16 6 41 29 57
6 16 30 40 89
16 6 30 40 89
6 16 40 30 89
16 6 40 30 89
6 16 31 39 125
16 6 31 39 125
6 16 39 31 125
16 6 39 31 125
6 16 32 38 161
16 6 32 38 161
6 16 38 32 161
16 6 38 32 161
6 16 33 37 192
16 6 33 37 192
6 16 37 33 192
16 6 37 33 192
6 16 34 36 214
16 6 34 36 214
6 16 36 34 214
16 6 36 34 214
6 16 35 35 222
16 6 35 35 222
7 15 22 48 1
15 7 22 48 1
7 15 48 22 1
15 7 48 22 1
7 15 23 47 4
15 7 23 47 4
7 15 47 23 4
15 7 47 23 4
7 15 24 46 12
15 7 24 46 12
7 15 46 24 12
15 7 46 24 12
7 15 25 45 31
15 7 25 45 31
7 15 45 25 31
15 7 45 25 31
7 15 26 44 67
15 7 26 44 67
7 15 44 26 67
15 7 44 26 67
7 15 27 43 127
15 7 27 43 127
7 15 43 27 127
15 7 43 27 127
7 15 28 42 215
15 7 28 42 215
7 15 42 28 215
15 7 42 28 215
7 15 29 41 334
15 7 29 41 334
7 15 41 29 334
15 7 41 29 334
7 15 30 40 479
15 7 30 40 479
7 15 40 30 479
15 7 40 30 479
7 15 31 39 637
15 7 31 39 637
7 15 39 31 637
15 7 39 31 637
7 15 32 38 791
15 7 32 38 791
7 15 38 32 791
15 7 38 32 791
7 15 33 37 921
15 7 33 37 921
7 15 37 33 921
15 7 37 33 921
7 15 34 36 1009
15 7 34 36 1009
7 15 36 34 1009
15 7 36 34 1009
7 15 35 35 1040
15 7 35 35 1040
8 14 24 46 69
14 8 24 46 69
8 14 46 24 69
14 8 46 24 69
8 14 25 45 147
14 8 25 45 147
8 14 45 25 147
14 8 45 25 147
8 14 26 44 279
14 8 26 44 279
8 14 44 26 279
14 8 44 26 279
8 14 27 43 482
14 8 27 43 482
8 14 43 27 482
14 8 43 27 482
8 14 28 42 763
14 8 28 42 763
8 14 42 28 763
14 8 42 28 763
8 14 29 41 1122
14 8 29 41 1122
8 14 41 29 1122
14 8 41 29 1122
8 14 30 40 1543
14 8 30 40 1543
8 14 40 30 1543
14 8 40 30 1543
8 14 31 39 1990
14 8 31 39 1990
8 14 39 31 1990
14 8 39 31 1990
8 14 32 38 2417
14 8 32 38 2417
8 14 38 32 2417
14 8 38 32 2417
8 14 33 37 2773
14 8 33 37 2773
8 14 37 33 2773
14 8 37 33 2773
8 14 34 36 3010
14 8 34 36 3010
8 14 36 34 3010
14 8 36 34 3010
8 14 35 35 3092
14 8 35 35 3092
4 18 21 49 0
18 4 21 49 0
4 18 49 21 0
18 4 49 21 0
5 17 21 49 0
17 5 21 49 0
5 17 49 21 0
17 5 49 21 0
6 16 21 49 0
16 6 21 49 0
6 16 49 21 0
16 6 49 21 0
5 17 18 52 0
17 5 18 52 0
5 17 52 18 0
17 5 52 18 0
5 17 19 51 0
17 5 19 51 0
5 17 51 19 0
17 5 51 19 0
5 17 20 50 0
17 5 20 50 0
5 17 50 20 0
17 5 50 20 0
6 16 18 52 0
16 6 18 52 0
6 16 52 18 0
16 6 52 18 0
6 16 19 51 0
16 6 19 51 0
6 16 51 19 0
16 6 51 19 0
6 16 20 50 0
16 6 20 50 0
6 16 50 20 0
16 6 50 20 0
7 15 18 52 0
15 7 18 52 0
7 15 52 18 0
15 7 52 18 0
7 15 19 51 0
15 7 19 51 0
7 15 51 19 0
15 7 51 19 0
7 15 20 50 0
15 7 20 50 0
7 15 50 20 0
15 7 50 20 0
7 15 21 49 0
15 7 21 49 0
7 15 49 21 0
15 7 49 21 0
6 16 17 53 0
16 6 17 53 0
6 16 53 17 0
16 6 53 17 0
7 15 17 53 0
15 7 17 53 0
7 15 53 17 0
15 7 53 17 0
8 14 17 53 0
14 8 17 53 0
8 14 53 17 0
14 8 53 17 0
8 14 18 52 0
14 8 18 52 0
8 14 52 18 0
14 8 52 18 0
8 14 19 51 0
14 8 19 51 0
8 14 51 19 0
14 8 51 19 0
8 14 20 50 0
14 8 20 50 0
8 14 50 20 0
14 8 50 20 0
8 14 21 49 2
14 8 21 49 2
8 14 49 21 2
14 8 49 21 2
8 14 22 48 9
14 8 22 48 9
8 14 48 22 9
14 8 48 22 9
8 14 23 47 28
14 8 23 47 28
8 14 47 23 28
14 8 47 23 28
9 13 18 52 0
13 9 18 52 0
9 13 52 18 0
13 9 52 18 0
9 13 19 51 1
13 9 19 51 1
9 13 51 19 1
13 9 51 19 1
9 13 20 50 4
13 9 20 50 4
9 13 50 20 4
13 9 50 20 4
9 13 21 49 14
13 9 21 49 14
9 13 49 21 14
13 9 49 21 14
9 13 22 48 40
13 9 22 48 40
9 13 48 22 40
13 9 48 22 40
9 13 23 47 98
13 9 23 47 98
9 13 47 23 98
13 9 47 23 98
9 13 24 46 210
13 9 24 46 210
9 13 46 24 210
13 9 46 24 210
9 13 25 45 406
13 9 25 45 406
9 13 45 25 406
13 9 45 25 406
9 13 26 44 718
13 9 26 44 718
9 13 44 26 718
13 9 44 26 718
9 13 27 43 1173
13 9 27 43 1173
9 13 43 27 1173
13 9 43 27 1173
9 13 28 42 1783
13 9 28 42 1783
9 13 42 28 1783
13 9 42 28 1783
9 13 29 41 2539
13 9 29 41 2539
9 13 41 29 2539
13 9 41 29 2539
9 13 30 40 3403
13 9 30 40 3403
9 13 40 30 3403
13 9 40 30 3403
9 13 31 39 4306
13 9 31 39 4306
9 13 39 31 4306
13 9 39 31 4306
9 13 32 38 5158
13 9 32 38 5158
9 13 38 32 5158
13 9 38 32 5158
9 13 33 37 5860
13 9 33 37 5860
9 13 37 33 5860
13 9 37 33 5860
9 13 34 36 6324
13 9 34 36 6324
9 13 36 34 6324
13 9 36 34 6324
9 13 35 35 6486
13 9 35 35 6486
10 12 21 49 30
12 10 21 49 30
10 12 49 21 30
12 10 49 21 30
10 12 22 48 80
12 10 22 48 80
10 12 48 22 80
12 10 48 22 80
10 12 23 47 185
12 10 23 47 185
10 12 47 23 185
12 10 47 23 185
10 12 24 46 379
12 10 24 46 379
10 12 46 24 379
12 10 46 24 379
10 12 25 45 707
12 10 25 45 707
10 12 45 25 707
12 10 45 25 707
10 12 26 44 1213
12 10 26 44 1213
10 12 44 26 1213
12 10 44 26 1213
10 12 27 43 1934
12 10 27 43 1934
10 12 43 27 1934
12 10 43 27 1934
10 12 28 42 2883
12 10 28 42 2883
10 12 42 28 2883
12 10 42 28 2883
10 12 29 41 4042
12 10 29 41 4042
10 12 41 29 4042
12 10 41 29 4042
10 12 30 40 5351
12 10 30 40 5351
10 12 40 30 5351
12 10 40 30 5351
10 12 31 39 6706
12 10 31 39 6706
10 12 39 31 6706
12 10 39 31 6706
10 12 32 38 7976
12 10 32 38 7976
10 12 38 32 7976
12 10 38 32 7976
10 12 33 37 9017
12 10 33 37 9017
10 12 37 33 9017
12 10 37 33 9017
10 12 34 36 9703
12 10 34 36 9703
10 12 36 34 9703
12 10 36 34 9703
10 12 35 35 9942
12 10 35 35 9942
6 16 16 54 0
16 6 16 54 0
6 16 54 16 0
16 6 54 16 0
7 15 16 54 0
15 7 16 54 0
7 15 54 16 0
15 7 54 16 0
8 14 16 54 0
14 8 16 54 0
8 14 54 16 0
14 8 54 16 0
7 15 14 56 0
15 7 14 56 0
7 15 56 14 0
15 7 56 14 0
7 15 15 55 0
15 7 15 55 0
7 15 55 15 0
15 7 55 15 0
8 14 14 56 0
14 8 14 56 0
8 14 56 14 0
14 8 56 14 0
8 14 15 55 0
14 8 15 55 0
8 14 55 15 0
14 8 55 15 0
9 13 14 56 0
13 9 14 56 0
9 13 56 14 0
13 9 56 14 0
9 13 15 55 0
13 9 15 55 0
9 13 55 15 0
13 9 55 15 0
9 13 16 54 0
13 9 16 54 0
9 13 54 16 0
13 9 54 16 0
9 13 17 53 0
13 9 17 53 0
9 13 53 17 0
13 9 53 17 0
10 12 14 56 0
12 10 14 56 0
10 12 56 14 0
12 10 56 14 0
10 12 15 55 0
12 10 15 55 0
10 12 55 15 0
12 10 55 15 0
10 12 16 54 0
12 10 16 54 0
10 12 54 16 0
12 10 54 16 0
10 12 17 53 0
12 10 17 53 0
10 12 53 17 0
12 10 53 17 0
10 12 18 52 0
12 10 18 52 0
10 12 52 18 0
12 10 52 18 0
10 12 19 51 2
12 10 19 51 2
10 12 51 19 2
12 10 51 19 2
10 12 20 50 9
12 10 20 50 9
10 12 50 20 9
12 10 50 20 9
11 11 16 54 0
11 11 54 16 0
11 11 17 53 0
11 11 53 17 0
11 11 18 52 1
11 11 52 18 1
11 11 19 51 4
11 11 51 19 4
11 11 20 50 14
11 11 50 20 14
11 11 21 49 42
11 11 49 21 42
11 11 22 48 105
11 11 48 22 105
11 11 23 47 233
11 11 47 23 233
11 11 24 46 467
11 11 46 24 467
11 11 25 45 856
11 11 45 25 856
11 11 26 44 1450
11 11 44 26 1450
11 11 27 43 2291
11 11 43 27 2291
11 11 28 42 3390
11 11 42 28 3390
11 11 29 41 4725
11 11 41 29 4725
11 11 30 40 6228
11 11 40 30 6228
11 11 31 39 7778
11 11 39 31 7778
11 11 32 38 9226
11 11 38 32 9226
11 11 33 37 10413
11 11 37 33 10413
11 11 34 36 11193
11 11 36 34 11193
11 11 35 35 11464
8 14 13 57 0
14 8 13 57 0
8 14 57 13 0
14 8 57 13 0
9 13 13 57 0
13 9 13 57 0
9 13 57 13 0
13 9 57 13 0
10 12 13 57 0
12 10 13 57 0
10 12 57 13 0
12 10 57 13 0
9 13 12 58 0
13 9 12 58 0
9 13 58 12 0
13 9 58 12 0
10 12 12 58 0
12 10 12 58 0
10 12 58 12 0
12 10 58 12 0
11 11 12 58 0
11 11 58 12 0
11 11 13 57 0
11 11 57 13 0
11 11 14 56 0
11 11 56 14 0
11 11 15 55 0
11 11 55 15 0
