7 23 42 52 0
23 7 42 52 0
7 23 52 42 0
23 7 52 42 0
7 23 43 51 0
23 7 43 51 0
7 23 51 43 0
23 7 51 43 0
7 23 44 50 0
23 7 44 50 0
7 23 50 44 0
23 7 50 44 0
7 23 45 49 0
23 7 45 49 0
7 23 49 45 0
23 7 49 45 0
7 23 46 48 0
23 7 46 48 0
7 23 48 46 0
23 7 48 46 0
7 23 47 47 0
23 7 47 47 0
8 22 42 52 0
22 8 42 52 0
8 22 52 42 0
22 8 52 42 0
8 22 43 51 0
22 8 43 51 0
8 22 51 43 0
22 8 51 43 0
8 22 44 50 0
22 8 44 50 0
8 22 50 44 0
22 8 50 44 0
8 22 45 49 0
22 8 45 49 0
8 22 49 45 0
22 8 49 45 0
8 22 46 48 0
22 8 46 48 0
8 22 48 46 0
22 8 48 46 0
8 22 47 47 0
22 8 47 47 0
9 21 42 52 0
21 9 42 52 0
9 21 52 42 0
21 9 52 42 0
9 21 43 51 0
21 9 43 51 0
9 21 51 43 0
21 9 51 43 0
9 21 44 50 0
21 9 44 50 0
9 21 50 44 0
21 9 50 44 0
9 21 45 49 0
21 9 45 49 0
9 21 49 45 0
21 9 49 45 0
9 21 46 48 0
21 9 46 48 0
9 21 48 46 0
21 9 48 46 0
9 21 47 47 0
21 9 47 47 0
8 22 36 58 0
22 8 36 58 0
8 22 58 36 0
22 8 58 36 0
8 22 37 57 0
22 8 37 57 0
8 22 57 37 0
22 8 57 37 0
8 22 38 56 0
22 8 38 56 0
8 22 56 38 0
22 8 56 38 0
8 22 39 55 0
22 8 39 55 0
8 22 55 39 0
22 8 55 39 0
8 22 40 54 0
22 8 40 54 0
8 22 54 40 0
22 8 54 40 0
8 22 41 53 0
22 8 41 53 0
8 22 53 41 0
22 8 53 41 0
9 21 36 58 0
21 9 36 58 0
9 21 58 36 0
21 9 58 36 0
9 21 37 57 0
21 9 37 57 0
9 21 57 37 0
21 9 57 37 0
9 21 38 56 0
21 9 38 56 0
9 21 56 38 0
21 9 56 38 0
9 21 39 55 0
21 9 39 55 0
9 21 55 39 0
21 9 55 39 0
9 21 40 54 0
21 9 40 54 0
9 21 54 40 0
21 9 54 40 0
9 21 41 53 0
21 9 41 53 0
9 21 53 41 0
21 9 53 41 0
10 20 36 58 0
20 10 36 58 0
10 20 58 36 0
20 10 58 36 0
10 20 37 57 0
20 10 37 57 0
10 20 57 37 0
20 10 57 37 0
10 20 38 56 0
20 10 38 56 0
10 20 56 38 0
20 10 56 38 0
10 20 39 55 0
20 10 39 55 0
10 20 55 39 0
20 10 55 39 0
10 20 40 54 0
20 10 40 54 0
10 20 54 40 0
20 10 54 40 0
10 20 41 53 0
20 10 41 53 0
10 20 53 41 0
20 10 53 41 0
10 20 42 52 0
20 10 42 52 0
10 20 52 42 0
20 10 52 42 0
10 20 43 51 1
20 10 43 51 1
10 20 51 43 1
20 10 51 43 1
10 20 44 50 2
20 10 44 50 2
10 20 50 44 2
20 10 50 44 2
10 20 45 49 3
20 10 45 49 3
10 20 49 45 3
20 10 49 45 3
10 20 46 48 4
20 10 46 48 4
10 20 48 46 4
20 10 48 46 4
10 20 47 47 4
20 10 47 47 4
9 21 32 62 0
21 9 32 62 0
9 21 62 32 0
21 9 62 32 0
9 21 33 61 0
21 9 33 61 0
9 21 61 33 0
21 9 61 33 0
9 21 34 60 0
21 9 34 60 0
9 21 60 34 0
21 9 60 34 0
9 21 35 59 0
21 9 35 59 0
9 21 59 35 0
21 9 59 35 0
10 20 32 62 0
20 10 32 62 0
10 20 62 32 0
20 10 62 32 0
10 20 33 61 0
20 10 33 61 0
10 20 61 33 0
20 10 61 33 0
10 20 34 60 0
20 10 34 60 0
10 20 60 34 0
20 10 60 34 0
10 20 35 59 0
20 10 35 59 0
10 20 59 35 0
20 10 59 35 0
11 19 32 62 0
19 11 32 62 0
11 19 62 32 0
19 11 62 32 0
11 19 33 61 0
19 11 33 61 0
11 19 61 33 0
19 11 61 33 0
11 19 34 60 0
19 11 34 60 0
11 19 60 34 0
19 11 60 34 0
11 19 35 59 0
19 11 35 59 0
11 19 59 35 0
19 11 59 35 0
11 19 36 58 0
19 11 36 58 0
11 19 58 36 0
19 11 58 36 0
11 19 37 57 0
19 11 37 57 0
11 19 57 37 0
19 11 57 37 0
11 19 38 56 0
19 11 38 56 0
11 19 56 38 0
19 11 56 38 0
11 19 39 55 1
19 11 39 55 1
11 19 55 39 1
19 11 55 39 1
11 19 40 54 3
19 11 40 54 3
11 19 54 40 3
19 11 54 40 3
11 19 41 53 7
19 11 41 53 7
11 19 53 41 7
19 11 53 41 7
11 19 42 52 13
19 11 42 52 13
11 19 52 42 13
19 11 52 42 13
11 19 43 51 21
19 11 43 51 21
11 19 51 43 21
19 11 51 43 21
11 19 44 50 30
19 11 44 50 30
11 19 50 44 30
19 11 50 44 30
11 19 45 49 38
19 11 45 49 38
11 19 49 45 38
19 11 49 45 38
11 19 46 48 44
19 11 46 48 44
11 19 48 46 44
19 11 48 46 44
11 19 47 47 46
19 11 47 47 46
10 20 30 64 0
20 10 30 64 0
10 20 64 30 0
20 10 64 30 0
10 20 31 63 0
20 10 31 63 0
10 20 63 31 0
20 10 63 31 0
11 19 30 64 0
19 11 30 64 0
11 19 64 30 0
19 11 64 30 0
11 19 31 63 0
19 11 31 63 0
11 19 63 31 0
19 11 63 31 0
12 18 30 64 0
18 12 30 64 0
12 18 64 30 0
18 12 64 30 0
12 18 31 63 0
18 12 31 63 0
12 18 63 31 0
18 12 63 31 0
12 18 32 62 0
18 12 32 62 0
12 18 62 32 0
18 12 62 32 0
12 18 33 61 0
18 12 33 61 0
12 18 61 33 0
18 12 61 33 0
12 18 34 60 0
18 12 34 60 0
12 18 60 34 0
18 12 60 34 0
12 18 35 59 0
18 12 35 59 0
12 18 59 35 0
18 12 59 35 0
12 18 36 58 0
18 12 36 58 0
12 18 58 36 0
18 12 58 36 0
12 18 37 57 1
18 12 37 57 1
12 18 57 37 1
18 12 57 37 1
12 18 38 56 4
18 12 38 56 4
12 18 56 38 4
18 12 56 38 4
12 18 39 55 11
18 12 39 55 11
12 18 55 39 11
18 12 55 39 11
12 18 40 54 24
18 12 40 54 24
12 18 54 40 24
18 12 54 40 24
12 18 41 53 45
18 12 41 53 45
12 18 53 41 45
18 12 53 41 45
12 18 42 52 73
18 12 42 52 73
12 18 52 42 73
18 12 52 42 73
12 18 43 51 107
18 12 43 51 107
12 18 51 43 107
18 12 51 43 107
12 18 44 50 143
18 12 44 50 143
12 18 50 44 143
18 12 50 44 143
12 18 45 49 174
18 12 45 49 174
12 18 49 45 174
18 12 49 45 174
12 18 46 48 196
18 12 46 48 196
12 18 48 46 196
18 12 48 46 196
12 18 47 47 204
18 12 47 47 204
13 17 30 64 0
17 13 30 64 0
13 17 64 30 0
17 13 64 30 0
13 17 31 63 0
17 13 31 63 0
13 17 63 31 0
17 13 63 31 0
13 17 32 62 0
17 13 32 62 0
13 17 62 32 0
17 13 62 32 0
13 17 33 61 0
17 13 33 61 0
13 17 61 33 0
17 13 61 33 0
13 17 34 60 0
17 13 34 60 0
13 17 60 34 0
17 13 60 34 0
13 17 35 59 0
17 13 35 59 0
13 17 59 35 0
17 13 59 35 0
13 17 36 58 2
17 13 36 58 2
13 17 58 36 2
17 13 58 36 2
13 17 37 57 8
17 13 37 57 8
13 17 57 37 8
17 13 57 37 8
13 17 38 56 21
17 13 38 56 21
13 17 56 38 21
17 13 56 38 21
13 17 39 55 46
17 13 39 55 46
13 17 55 39 46
17 13 55 39 46
13 17 40 54 87
17 13 40 54 87
13 17 54 40 87
17 13 54 40 87
13 17 41 53 146
17 13 41 53 146
13 17 53 41 146
17 13 53 41 146
13 17 42 52 221
17 13 42 52 221
13 17 52 42 221
17 13 52 42 221
13 17 43 51 307
17 13 43 51 307
13 17 51 43 307
17 13 51 43 307
13 17 44 50 394
17 13 44 50 394
13 17 50 44 394
17 13 50 44 394
13 17 45 49 469
17 13 45 49 469
13 17 49 45 469
17 13 49 45 469
13 17 46 48 520
17 13 46 48 520
13 17 48 46 520
17 13 48 46 520
13 17 47 47 538
17 13 47 47 538
14 16 32 62 0
16 14 32 62 0
14 16 62 32 0
16 14 62 32 0
14 16 33 61 0
16 14 33 61 0
14 16 61 33 0
16 14 61 33 0
14 16 34 60 0
16 14 34 60 0
14 16 60 34 0
16 14 60 34 0
14 16 35 59 1
16 14 35 59 1
14 16 59 35 1
16 14 59 35 1
14 16 36 58 6
16 14 36 58 6
14 16 58 36 6
16 14 58 36 6
14 16 37 57 19
16 14 37 57 19
14 16 57 37 19
16 14 57 37 19
14 16 38 56 45
16 14 38 56 45
14 16 56 38 45
16 14 56 38 45
14 16 39 55 92
16 14 39 55 92
14 16 55 39 92
16 14 55 39 92
14 16 40 54 166
16 14 40 54 166
14 16 54 40 166
16 14 54 40 166
14 16 41 53 269
16 14 41 53 269
14 16 53 41 269
16 14 53 41 269
14 16 42 52 397
16 14 42 52 397
14 16 52 42 397
16 14 52 42 397
14 16 43 51 541
16 14 43 51 541
14 16 51 43 541
16 14 51 43 541
14 16 44 50 685
16 14 44 50 685
14 16 50 44 685
16 14 50 44 685
14 16 45 49 808
16 14 45 49 808
14 16 49 45 808
16 14 49 45 808
14 16 46 48 891
16 14 46 48 891
14 16 48 46 891
16 14 48 46 891
14 16 47 47 920
16 14 47 47 920
15 15 36 58 9
15 15 58 36 9
15 15 37 57 26
15 15 57 37 26
15 15 38 56 60
15 15 56 38 60
15 15 39 55 119
15 15 55 39 119
15 15 40 54 210
15 15 54 40 210
15 15 41 53 335
15 15 53 41 335
15 15 42 52 488
15 15 52 42 488
15 15 43 51 659
15 15 51 43 659
15 15 44 50 829
15 15 50 44 829
15 15 45 49 973
15 15 49 45 973
15 15 46 48 1070
15 15 48 46 1070
15 15 47 47 1104
11 19 28 66 0
19 11 28 66 0
11 19 66 28 0
19 11 66 28 0
11 19 29 65 0
19 11 29 65 0
11 19 65 29 0
19 11 65 29 0
12 18 28 66 0
18 12 28 66 0
12 18 66 28 0
18 12 66 28 0
12 18 29 65 0
18 12 29 65 0
12 18 65 29 0
18 12 65 29 0
13 17 28 66 0
17 13 28 66 0
13 17 66 28 0
17 13 66 28 0
13 17 29 65 0
17 13 29 65 0
13 17 65 29 0
17 13 65 29 0
12 18 27 67 0
18 12 27 67 0
12 18 67 27 0
18 12 67 27 0
13 17 27 67 0
17 13 27 67 0
13 17 67 27 0
17 13 67 27 0
14 16 27 67 0
16 14 27 67 0
14 16 67 27 0
16 14 67 27 0
14 16 28 66 0
16 14 28 66 0
14 16 66 28 0
16 14 66 28 0
14 16 29 65 0
16 14 29 65 0
14 16 65 29 0
16 14 65 29 0
14 16 30 64 0
16 14 30 64 0
14 16 64 30 0
16 14 64 30 0
14 16 31 63 0
16 14 31 63 0
14 16 63 31 0
16 14 63 31 0
15 15 28 66 0
15 15 66 28 0
15 15 29 65 0
15 15 65 29 0
15 15 30 64 0
15 15 64 30 0
15 15 31 63 0
15 15 63 31 0
15 15 32 62 0
15 15 62 32 0
15 15 33 61 0
15 15 61 33 0
15 15 34 60 0
15 15 60 34 0
15 15 35 59 2
15 15 59 35 2
13 17 26 68 0
17 13 26 68 0
13 17 68 26 0
17 13 68 26 0
14 16 26 68 0
16 14 26 68 0
14 16 68 26 0
16 14 68 26 0
15 15 26 68 0
15 15 68 26 0
15 15 27 67 0
15 15 67 27 0
