0 6 3 19 0
6 0 3 19 0
0 6 19 3 0
6 0 19 3 0
0 6 4 18 0
6 0 4 18 0
0 6 18 4 0
6 0 18 4 0
0 6 5 17 0
6 0 5 17 0
0 6 17 5 0
6 0 17 5 0
0 6 6 16 1
6 0 6 16 1
0 6 16 6 1
6 0 16 6 1
0 6 7 15 2
6 0 7 15 2
0 6 15 7 2
6 0 15 7 2
0 6 8 14 3
6 0 8 14 3
0 6 14 8 3
6 0 14 8 3
0 6 9 13 5
6 0 9 13 5
0 6 13 9 5
6 0 13 9 5
0 6 10 12 6
6 0 10 12 6
0 6 12 10 6
6 0 12 10 6
0 6 11 11 6
6 0 11 11 6
1 5 1 21 0
5 1 1 21 0
1 5 21 1 0
5 1 21 1 0
1 5 2 20 0
5 1 2 20 0
1 5 20 2 0
5 1 20 2 0
1 5 3 19 0
5 1 3 19 0
1 5 19 3 0
5 1 19 3 0
1 5 4 18 1
5 1 4 18 1
1 5 18 4 1
5 1 18 4 1
1 5 5 17 3
5 1 5 17 3
1 5 17 5 3
5 1 17 5 3
1 5 6 16 6
5 1 6 16 6
1 5 16 6 6
5 1 16 6 6
1 5 7 15 10
5 1 7 15 10
1 5 15 7 10
5 1 15 7 10
1 5 8 14 15
5 1 8 14 15
1 5 14 8 15
5 1 14 8 15
1 5 9 13 20
5 1 9 13 20
1 5 13 9 20
5 1 13 9 20
1 5 10 12 23
5 1 10 12 23
1 5 12 10 23
5 1 12 10 23
1 5 11 11 24
5 1 11 11 24
2 4 1 21 0
4 2 1 21 0
2 4 21 1 0
4 2 21 1 0
2 4 2 20 0
4 2 2 20 0
2 4 20 2 0
4 2 20 2 0
2 4 3 19 0
4 2 3 19 0
2 4 19 3 0
4 2 19 3 0
2 4 4 18 2
4 2 4 18 2
2 4 18 4 2
4 2 18 4 2
2 4 5 17 6
4 2 5 17 6
2 4 17 5 6
4 2 17 5 6
2 4 6 16 12
4 2 6 16 12
2 4 16 6 12
4 2 16 6 12
2 4 7 15 20
4 2 7 15 20
2 4 15 7 20
4 2 15 7 20
2 4 8 14 30
4 2 8 14 30
2 4 14 8 30
4 2 14 8 30
2 4 9 13 40
4 2 9 13 40
2 4 13 9 40
4 2 13 9 40
2 4 10 12 46
4 2 10 12 46
2 4 12 10 46
4 2 12 10 46
2 4 11 11 48
4 2 11 11 48
3 3 0 22 0
3 3 22 0 0
3 3 1 21 0
3 3 21 1 0
3 3 2 20 0
3 3 20 2 0
3 3 3 19 1
3 3 19 3 1
3 3 4 18 4
3 3 18 4 4
3 3 5 17 9
3 3 17 5 9
3 3 6 16 17
3 3 16 6 17
3 3 7 15 27
3 3 15 7 27
3 3 8 14 39
3 3 14 8 39
3 3 9 13 51
3 3 13 9 51
3 3 10 12 58
3 3 12 10 58
3 3 11 11 60
