4 20 27 49 0
20 4 27 49 0
4 20 49 27 0
20 4 49 27 0
4 20 28 48 0
20 4 28 48 0
4 20 48 28 0
20 4 48 28 0
4 20 29 47 0
20 4 29 47 0
4 20 47 29 0
20 4 47 29 0
4 20 30 46 0
20 4 30 46 0
4 20 46 30 0
20 4 46 30 0
4 20 31 45 0
20 4 31 45 0
4 20 45 31 0
20 4 45 31 0
4 20 32 44 0
20 4 32 44 0
4 20 44 32 0
20 4 44 32 0
4 20 33 43 0
20 4 33 43 0
4 20 43 33 0
20 4 43 33 0
4 20 34 42 0
20 4 34 42 0
4 20 42 34 0
20 4 42 34 0
4 20 35 41 0
20 4 35 41 0
4 20 41 35 0
20 4 41 35 0
4 20 36 40 0
20 4 36 40 0
4 20 40 36 0
20 4 40 36 0
4 20 37 39 0
20 4 37 39 0
4 20 39 37 0
20 4 39 37 0
5 19 27 49 0
19 5 27 49 0
5 19 49 27 0
19 5 49 27 0
5 19 28 48 0
19 5 28 48 0
5 19 48 28 0
19 5 48 28 0
5 19 29 47 0
19 5 29 47 0
5 19 47 29 0
19 5 47 29 0
5 19 30 46 0
19 5 30 46 0
5 19 46 30 0
19 5 46 30 0
5 19 31 45 0
19 5 31 45 0
5 19 45 31 0
19 5 45 31 0
5 19 32 44 0
19 5 32 44 0
5 19 44 32 0
19 5 44 32 0
5 19 33 43 0
19 5 33 43 0
5 19 43 33 0
19 5 43 33 0
5 19 34 42 0
19 5 34 42 0
5 19 42 34 0
19 5 42 34 0
5 19 35 41 0
19 5 35 41 0
5 19 41 35 0
19 5 41 35 0
5 19 36 40 0
19 5 36 40 0
5 19 40 36 0
19 5 40 36 0
5 19 37 39 0
19 5 37 39 0
5 19 39 37 0
19 5 39 37 0
6 18 27 49 0
18 6 27 49 0
6 18 49 27 0
18 6 49 27 0
6 18 28 48 0
18 6 28 48 0
6 18 48 28 0
18 6 48 28 0
6 18 29 47 0
18 6 29 47 0
6 18 47 29 0
18 6 47 29 0
6 18 30 46 0
18 6 30 46 0
6 18 46 30 0
18 6 46 30 0
6 18 31 45 1
18 6 31 45 1
6 18 45 31 1
18 6 45 31 1
6 18 32 44 2
18 6 32 44 2
6 18 44 32 2
18 6 44 32 2
6 18 33 43 4
18 6 33 43 4
6 18 43 33 4
18 6 43 33 4
6 18 34 42 6
18 6 34 42 6
6 18 42 34 6
18 6 42 34 6
6 18 35 41 10
18 6 35 41 10
6 18 41 35 10
18 6 41 35 10
6 18 36 40 12
18 6 36 40 12
6 18 40 36 12
18 6 40 36 12
6 18 37 39 14
18 6 37 39 14
6 18 39 37 14
18 6 39 37 14
4 20 38 38 0
20 4 38 38 0
5 19 38 38 0
19 5 38 38 0
6 18 38 38 14
18 6 38 38 14
5 19 24 52 0
19 5 24 52 0
5 19 52 24 0
19 5 52 24 0
5 19 25 51 0
19 5 25 51 0
5 19 51 25 0
19 5 51 25 0
5 19 26 50 0
19 5 26 50 0
5 19 50 26 0
19 5 50 26 0
6 18 24 52 0
18 6 24 52 0
6 18 52 24 0
18 6 52 24 0
6 18 25 51 0
18 6 25 51 0
6 18 51 25 0
18 6 51 25 0
6 18 26 50 0
18 6 26 50 0
6 18 50 26 0
18 6 50 26 0
7 17 24 52 0
17 7 24 52 0
7 17 52 24 0
17 7 52 24 0
7 17 25 51 0
17 7 25 51 0
7 17 51 25 0
17 7 51 25 0
7 17 26 50 0
17 7 26 50 0
7 17 50 26 0
17 7 50 26 0
7 17 27 49 0
17 7 27 49 0
7 17 49 27 0
17 7 49 27 0
7 17 28 48 1
17 7 28 48 1
7 17 48 28 1
17 7 48 28 1
7 17 29 47 3
17 7 29 47 3
7 17 47 29 3
17 7 47 29 3
7 17 30 46 9
17 7 30 46 9
7 17 46 30 9
17 7 46 30 9
7 17 31 45 20
17 7 31 45 20
7 17 45 31 20
17 7 45 31 20
7 17 32 44 36
17 7 32 44 36
7 17 44 32 36
17 7 44 32 36
7 17 33 43 57
17 7 33 43 57
7 17 43 33 57
17 7 43 33 57
7 17 34 42 82
17 7 34 42 82
7 17 42 34 82
17 7 42 34 82
7 17 35 41 109
17 7 35 41 109
7 17 41 35 109
17 7 41 35 109
7 17 36 40 132
17 7 36 40 132
7 17 40 36 132
17 7 40 36 132
7 17 37 39 147
17 7 37 39 147
7 17 39 37 147
17 7 39 37 147
7 17 38 38 152
17 7 38 38 152
6 18 23 53 0
18 6 23 53 0
6 18 53 23 0
18 6 53 23 0
7 17 23 53 0
17 7 23 53 0
7 17 53 23 0
17 7 53 23 0
8 16 23 53 0
16 8 23 53 0
8 16 53 23 0
16 8 53 23 0
8 16 24 52 0
16 8 24 52 0
8 16 52 24 0
16 8 52 24 0
8 16 25 51 0
16 8 25 51 0
8 16 51 25 0
16 8 51 25 0
8 16 26 50 1
16 8 26 50 1
8 16 50 26 1
16 8 50 26 1
8 16 27 49 6
16 8 27 49 6
8 16 49 27 6
16 8 49 27 6
8 16 28 48 17
16 8 28 48 17
8 16 48 28 17
16 8 48 28 17
8 16 29 47 40
16 8 29 47 40
8 16 47 29 40
16 8 47 29 40
8 16 30 46 79
16 8 30 46 79
8 16 46 30 79
16 8 46 30 79
8 16 31 45 143
16 8 31 45 143
8 16 45 31 143
16 8 45 31 143
8 16 32 44 227
16 8 32 44 227
8 16 44 32 227
16 8 44 32 227
8 16 33 43 334
16 8 33 43 334
8 16 43 33 334
16 8 43 33 334
8 16 34 42 449
16 8 34 42 449
8 16 42 34 449
16 8 42 34 449
8 16 35 41 569
16 8 35 41 569
8 16 41 35 569
16 8 41 35 569
8 16 36 40 666
16 8 36 40 666
8 16 40 36 666
16 8 40 36 666
8 16 37 39 735
16 8 37 39 735
8 16 39 37 735
16 8 39 37 735
8 16 38 38 755
16 8 38 38 755
9 15 24 52 1
15 9 24 52 1
9 15 52 24 1
15 9 52 24 1
9 15 25 51 4
15 9 25 51 4
9 15 51 25 4
15 9 51 25 4
9 15 26 50 15
15 9 26 50 15
9 15 50 26 15
15 9 50 26 15
9 15 27 49 40
15 9 27 49 40
9 15 49 27 40
15 9 49 27 40
9 15 28 48 92
15 9 28 48 92
9 15 48 28 92
15 9 48 28 92
9 15 29 47 183
15 9 29 47 183
9 15 47 29 183
15 9 47 29 183
9 15 30 46 327
15 9 30 46 327
9 15 46 30 327
15 9 46 30 327
9 15 31 45 534
15 9 31 45 534
9 15 45 31 534
15 9 45 31 534
9 15 32 44 804
15 9 32 44 804
9 15 44 32 804
15 9 44 32 804
9 15 33 43 1123
15 9 33 43 1123
9 15 43 33 1123
15 9 43 33 1123
9 15 34 42 1467
15 9 34 42 1467
9 15 42 34 1467
15 9 42 34 1467
9 15 35 41 1801
15 9 35 41 1801
9 15 41 35 1801
15 9 41 35 1801
9 15 36 40 2079
15 9 36 40 2079
9 15 40 36 2079
15 9 40 36 2079
9 15 37 39 2265
15 9 37 39 2265
9 15 39 37 2265
15 9 39 37 2265
9 15 38 38 2330
15 9 38 38 2330
10 14 27 49 131
14 10 27 49 131
10 14 49 27 131
14 10 49 27 131
10 14 28 48 266
14 10 28 48 266
10 14 48 28 266
14 10 48 28 266
10 14 29 47 491
14 10 29 47 491
10 14 47 29 491
14 10 47 29 491
10 14 30 46 823
14 10 30 46 823
10 14 46 30 823
14 10 46 30 823
10 14 31 45 1286
14 10 31 45 1286
10 14 45 31 1286
14 10 45 31 1286
10 14 32 44 1862
14 10 32 44 1862
10 14 44 32 1862
14 10 44 32 1862
10 14 33 43 2537
14 10 33 43 2537
10 14 43 33 2537
14 10 43 33 2537
10 14 34 42 3241
14 10 34 42 3241
10 14 42 34 3241
14 10 42 34 3241
10 14 35 41 3922
14 10 35 41 3922
10 14 41 35 3922
14 10 41 35 3922
10 14 36 40 4476
14 10 36 40 4476
10 14 40 36 4476
14 10 40 36 4476
10 14 37 39 4853
14 10 37 39 4853
10 14 39 37 4853
14 10 39 37 4853
10 14 38 38 4976
14 10 38 38 4976
6 18 21 55 0
18 6 21 55 0
6 18 55 21 0
18 6 55 21 0
6 18 22 54 0
18 6 22 54 0
6 18 54 22 0
18 6 54 22 0
7 17 21 55 0
17 7 21 55 0
7 17 55 21 0
17 7 55 21 0
7 17 22 54 0
17 7 22 54 0
7 17 54 22 0
17 7 54 22 0
8 16 21 55 0
16 8 21 55 0
8 16 55 21 0
16 8 55 21 0
8 16 22 54 0
16 8 22 54 0
8 16 54 22 0
16 8 54 22 0
7 17 19 57 0
17 7 19 57 0
7 17 57 19 0
17 7 57 19 0
7 17 20 56 0
17 7 20 56 0
7 17 56 20 0
17 7 56 20 0
8 16 19 57 0
16 8 19 57 0
8 16 57 19 0
16 8 57 19 0
8 16 20 56 0
16 8 20 56 0
8 16 56 20 0
16 8 56 20 0
9 15 19 57 0
15 9 19 57 0
9 15 57 19 0
15 9 57 19 0
9 15 20 56 0
15 9 20 56 0
9 15 56 20 0
15 9 56 20 0
9 15 21 55 0
15 9 21 55 0
9 15 55 21 0
15 9 55 21 0
9 15 22 54 0
15 9 22 54 0
9 15 54 22 0
15 9 54 22 0
9 15 23 53 0
15 9 23 53 0
9 15 53 23 0
15 9 53 23 0
10 14 19 57 0
14 10 19 57 0
10 14 57 19 0
14 10 57 19 0
10 14 20 56 0
14 10 20 56 0
10 14 56 20 0
14 10 56 20 0
10 14 21 55 0
14 10 21 55 0
10 14 55 21 0
14 10 55 21 0
10 14 22 54 0
14 10 22 54 0
10 14 54 22 0
14 10 54 22 0
10 14 23 53 1
14 10 23 53 1
10 14 53 23 1
14 10 53 23 1
10 14 24 52 6
14 10 24 52 6
10 14 52 24 6
14 10 52 24 6
10 14 25 51 21
14 10 25 51 21
10 14 51 25 21
14 10 51 25 21
10 14 26 50 56
14 10 26 50 56
10 14 50 26 56
14 10 50 26 56
11 13 21 55 0
13 11 21 55 0
11 13 55 21 0
13 11 55 21 0
11 13 22 54 1
13 11 22 54 1
11 13 54 22 1
13 11 54 22 1
11 13 23 53 4
13 11 23 53 4
11 13 53 23 4
13 11 53 23 4
11 13 24 52 16
13 11 24 52 16
11 13 52 24 16
13 11 52 24 16
11 13 25 51 46
13 11 25 51 46
11 13 51 25 46
13 11 51 25 46
11 13 26 50 114
13 11 26 50 114
11 13 50 26 114
13 11 50 26 114
11 13 27 49 246
13 11 27 49 246
11 13 49 27 246
13 11 49 27 246
11 13 28 48 479
13 11 28 48 479
11 13 48 28 479
13 11 48 28 479
11 13 29 47 848
13 11 29 47 848
11 13 47 29 848
13 11 47 29 848
11 13 30 46 1388
13 11 30 46 1388
11 13 46 30 1388
13 11 46 30 1388
11 13 31 45 2114
13 11 31 45 2114
11 13 45 31 2114
13 11 45 31 2114
11 13 32 44 3014
13 11 32 44 3014
11 13 44 32 3014
13 11 44 32 3014
11 13 33 43 4042
13 11 33 43 4042
11 13 43 33 4042
13 11 43 33 4042
11 13 34 42 5117
13 11 34 42 5117
11 13 42 34 5117
13 11 42 34 5117
11 13 35 41 6134
13 11 35 41 6134
11 13 41 35 6134
13 11 41 35 6134
11 13 36 40 6971
13 11 36 40 6971
11 13 40 36 6971
13 11 40 36 6971
11 13 37 39 7524
13 11 37 39 7524
11 13 39 37 7524
13 11 39 37 7524
11 13 38 38 7716
13 11 38 38 7716
12 12 25 51 60
12 12 51 25 60
12 12 26 50 143
12 12 50 26 143
12 12 27 49 305
12 12 49 27 305
12 12 28 48 581
12 12 48 28 581
12 12 29 47 1020
12 12 47 29 1020
12 12 30 46 1648
12 12 46 30 1648
12 12 31 45 2496
12 12 45 31 2496
12 12 32 44 3532
12 12 44 32 3532
12 12 33 43 4720
12 12 43 33 4720
12 12 34 42 5947
12 12 42 34 5947
12 12 35 41 7119
12 12 41 35 7119
12 12 36 40 8068
12 12 40 36 8068
12 12 37 39 8706
12 12 39 37 8706
12 12 38 38 8918
8 16 17 59 0
16 8 17 59 0
8 16 59 17 0
16 8 59 17 0
8 16 18 58 0
16 8 18 58 0
8 16 58 18 0
16 8 58 18 0
9 15 17 59 0
15 9 17 59 0
9 15 59 17 0
15 9 59 17 0
9 15 18 58 0
15 9 18 58 0
9 15 58 18 0
15 9 58 18 0
10 14 17 59 0
14 10 17 59 0
10 14 59 17 0
14 10 59 17 0
10 14 18 58 0
14 10 18 58 0
10 14 58 18 0
14 10 58 18 0
9 15 16 60 0
15 9 16 60 0
9 15 60 16 0
15 9 60 16 0
10 14 16 60 0
14 10 16 60 0
10 14 60 16 0
14 10 60 16 0
11 13 16 60 0
13 11 16 60 0
11 13 60 16 0
13 11 60 16 0
11 13 17 59 0
13 11 17 59 0
11 13 59 17 0
13 11 59 17 0
11 13 18 58 0
13 11 18 58 0
11 13 58 18 0
13 11 58 18 0
11 13 19 57 0
13 11 19 57 0
11 13 57 19 0
13 11 57 19 0
11 13 20 56 0
13 11 20 56 0
11 13 56 20 0
13 11 56 20 0
12 12 17 59 0
12 12 59 17 0
12 12 18 58 0
12 12 58 18 0
12 12 19 57 0
12 12 57 19 0
12 12 20 56 0
12 12 56 20 0
12 12 21 55 0
12 12 55 21 0
12 12 22 54 1
12 12 54 22 1
12 12 23 53 6
12 12 53 23 6
12 12 24 52 21
12 12 52 24 21
10 14 15 61 0
14 10 15 61 0
10 14 61 15 0
14 10 61 15 0
11 13 15 61 0
13 11 15 61 0
11 13 61 15 0
13 11 61 15 0
12 12 15 61 0
12 12 61 15 0
12 12 16 60 0
12 12 60 16 0
