11 23 43 63 0
23 11 43 63 0
11 23 63 43 0
23 11 63 43 0
11 23 44 62 0
23 11 44 62 0
11 23 62 44 0
23 11 62 44 0
11 23 45 61 0
23 11 45 61 0
11 23 61 45 0
23 11 61 45 0
11 23 46 60 0
23 11 46 60 0
11 23 60 46 0
23 11 60 46 0
11 23 47 59 0
23 11 47 59 0
11 23 59 47 0
23 11 59 47 0
11 23 48 58 0
23 11 48 58 0
11 23 58 48 0
23 11 58 48 0
11 23 49 57 0
23 11 49 57 0
11 23 57 49 0
23 11 57 49 0
11 23 50 56 0
23 11 50 56 0
11 23 56 50 0
23 11 56 50 0
11 23 51 55 0
23 11 51 55 0
11 23 55 51 0
23 11 55 51 0
11 23 52 54 0
23 11 52 54 0
11 23 54 52 0
23 11 54 52 0
11 23 53 53 0
23 11 53 53 0
12 22 43 63 0
22 12 43 63 0
12 22 63 43 0
22 12 63 43 0
12 22 44 62 0
22 12 44 62 0
12 22 62 44 0
22 12 62 44 0
12 22 45 61 0
22 12 45 61 0
12 22 61 45 0
22 12 61 45 0
12 22 46 60 0
22 12 46 60 0
12 22 60 46 0
22 12 60 46 0
12 22 47 59 0
22 12 47 59 0
12 22 59 47 0
22 12 59 47 0
12 22 48 58 0
22 12 48 58 0
12 22 58 48 0
22 12 58 48 0
12 22 49 57 0
22 12 49 57 0
12 22 57 49 0
22 12 57 49 0
12 22 50 56 0
22 12 50 56 0
12 22 56 50 0
22 12 56 50 0
12 22 51 55 0
22 12 51 55 0
12 22 55 51 0
22 12 55 51 0
12 22 52 54 0
22 12 52 54 0
12 22 54 52 0
22 12 54 52 0
12 22 53 53 0
22 12 53 53 0
13 21 43 63 0
21 13 43 63 0
13 21 63 43 0
21 13 63 43 0
13 21 44 62 0
21 13 44 62 0
13 21 62 44 0
21 13 62 44 0
13 21 45 61 0
21 13 45 61 0
13 21 61 45 0
21 13 61 45 0
13 21 46 60 0
21 13 46 60 0
13 21 60 46 0
21 13 60 46 0
13 21 47 59 0
21 13 47 59 0
13 21 59 47 0
21 13 59 47 0
13 21 48 58 0
21 13 48 58 0
13 21 58 48 0
21 13 58 48 0
13 21 49 57 0
21 13 49 57 0
13 21 57 49 0
21 13 57 49 0
13 21 50 56 0
21 13 50 56 0
13 21 56 50 0
21 13 56 50 0
13 21 51 55 0
21 13 51 55 0
13 21 55 51 0
21 13 55 51 0
13 21 52 54 0
21 13 52 54 0
13 21 54 52 0
21 13 54 52 0
13 21 53 53 0
21 13 53 53 0
12 22 39 67 0
22 12 39 67 0
12 22 67 39 0
22 12 67 39 0
12 22 40 66 0
22 12 40 66 0
12 22 66 40 0
22 12 66 40 0
12 22 41 65 0
22 12 41 65 0
12 22 65 41 0
22 12 65 41 0
12 22 42 64 0
22 12 42 64 0
12 22 64 42 0
22 12 64 42 0
13 21 39 67 0
21 13 39 67 0
13 21 67 39 0
21 13 67 39 0
13 21 40 66 0
21 13 40 66 0
13 21 66 40 0
21 13 66 40 0
13 21 41 65 0
21 13 41 65 0
13 21 65 41 0
21 13 65 41 0
13 21 42 64 0
21 13 42 64 0
13 21 64 42 0
21 13 64 42 0
14 20 39 67 0
20 14 39 67 0
14 20 67 39 0
20 14 67 39 0
14 20 40 66 0
20 14 40 66 0
14 20 66 40 0
20 14 66 40 0
14 20 41 65 0
20 14 41 65 0
14 20 65 41 0
20 14 65 41 0
14 20 42 64 0
20 14 42 64 0
14 20 64 42 0
20 14 64 42 0
14 20 43 63 0
20 14 43 63 0
14 20 63 43 0
20 14 63 43 0
14 20 44 62 0
20 14 44 62 0
14 20 62 44 0
20 14 62 44 0
14 20 45 61 0
20 14 45 61 0
14 20 61 45 0
20 14 61 45 0
14 20 46 60 0
20 14 46 60 0
14 20 60 46 0
20 14 60 46 0
14 20 47 59 0
20 14 47 59 0
14 20 59 47 0
20 14 59 47 0
14 20 48 58 1
20 14 48 58 1
14 20 58 48 1
20 14 58 48 1
14 20 49 57 2
20 14 49 57 2
14 20 57 49 2
20 14 57 49 2
14 20 50 56 3
20 14 50 56 3
14 20 56 50 3
20 14 56 50 3
14 20 51 55 5
20 14 51 55 5
14 20 55 51 5
20 14 55 51 5
14 20 52 54 6
20 14 52 54 6
14 20 54 52 6
20 14 54 52 6
14 20 53 53 6
20 14 53 53 6
13 21 37 69 0
21 13 37 69 0
13 21 69 37 0
21 13 69 37 0
13 21 38 68 0
21 13 38 68 0
13 21 68 38 0
21 13 68 38 0
14 20 37 69 0
20 14 37 69 0
14 20 69 37 0
20 14 69 37 0
14 20 38 68 0
20 14 38 68 0
14 20 68 38 0
20 14 68 38 0
15 19 37 69 0
19 15 37 69 0
15 19 69 37 0
19 15 69 37 0
15 19 38 68 0
19 15 38 68 0
15 19 68 38 0
19 15 68 38 0
15 19 39 67 0
19 15 39 67 0
15 19 67 39 0
19 15 67 39 0
15 19 40 66 0
19 15 40 66 0
15 19 66 40 0
19 15 66 40 0
15 19 41 65 0
19 15 41 65 0
15 19 65 41 0
19 15 65 41 0
15 19 42 64 0
19 15 42 64 0
15 19 64 42 0
19 15 64 42 0
15 19 43 63 0
19 15 43 63 0
15 19 63 43 0
19 15 63 43 0
15 19 44 62 0
19 15 44 62 0
15 19 62 44 0
19 15 62 44 0
15 19 45 61 0
19 15 45 61 0
15 19 61 45 0
19 15 61 45 0
15 19 46 60 1
19 15 46 60 1
15 19 60 46 1
19 15 60 46 1
15 19 47 59 3
19 15 47 59 3
15 19 59 47 3
19 15 59 47 3
15 19 48 58 6
19 15 48 58 6
15 19 58 48 6
19 15 58 48 6
15 19 49 57 10
19 15 49 57 10
15 19 57 49 10
19 15 57 49 10
15 19 50 56 15
19 15 50 56 15
15 19 56 50 15
19 15 56 50 15
15 19 51 55 20
19 15 51 55 20
15 19 55 51 20
19 15 55 51 20
15 19 52 54 23
19 15 52 54 23
15 19 54 52 23
19 15 54 52 23
15 19 53 53 24
19 15 53 53 24
16 18 37 69 0
18 16 37 69 0
16 18 69 37 0
18 16 69 37 0
16 18 38 68 0
18 16 38 68 0
16 18 68 38 0
18 16 68 38 0
16 18 39 67 0
18 16 39 67 0
16 18 67 39 0
18 16 67 39 0
16 18 40 66 0
18 16 40 66 0
16 18 66 40 0
18 16 66 40 0
16 18 41 65 0
18 16 41 65 0
16 18 65 41 0
18 16 65 41 0
16 18 42 64 0
18 16 42 64 0
16 18 64 42 0
18 16 64 42 0
16 18 43 63 0
18 16 43 63 0
16 18 63 43 0
18 16 63 43 0
16 18 44 62 0
18 16 44 62 0
16 18 62 44 0
18 16 62 44 0
16 18 45 61 1
18 16 45 61 1
16 18 61 45 1
18 16 61 45 1
16 18 46 60 4
18 16 46 60 4
16 18 60 46 4
18 16 60 46 4
16 18 47 59 9
18 16 47 59 9
16 18 59 47 9
18 16 59 47 9
16 18 48 58 16
18 16 48 58 16
16 18 58 48 16
18 16 58 48 16
16 18 49 57 25
18 16 49 57 25
16 18 57 49 25
18 16 57 49 25
16 18 50 56 36
18 16 50 56 36
16 18 56 50 36
18 16 56 50 36
16 18 51 55 46
18 16 51 55 46
16 18 55 51 46
18 16 55 51 46
16 18 52 54 52
18 16 52 54 52
16 18 54 52 52
18 16 54 52 52
16 18 53 53 54
18 16 53 53 54
17 17 39 67 0
17 17 67 39 0
17 17 40 66 0
17 17 66 40 0
17 17 41 65 0
17 17 65 41 0
17 17 42 64 0
17 17 64 42 0
17 17 43 63 0
17 17 63 43 0
17 17 44 62 0
17 17 62 44 0
17 17 45 61 2
17 17 61 45 2
17 17 46 60 6
17 17 60 46 6
17 17 47 59 12
17 17 59 47 12
17 17 48 58 21
17 17 58 48 21
17 17 49 57 32
17 17 57 49 32
17 17 50 56 45
17 17 56 50 45
17 17 51 55 57
17 17 55 51 57
17 17 52 54 64
17 17 54 52 64
17 17 53 53 66
14 20 36 70 0
20 14 36 70 0
14 20 70 36 0
20 14 70 36 0
15 19 36 70 0
19 15 36 70 0
15 19 70 36 0
19 15 70 36 0
16 18 36 70 0
18 16 36 70 0
16 18 70 36 0
18 16 70 36 0
15 19 35 71 0
19 15 35 71 0
15 19 71 35 0
19 15 71 35 0
16 18 35 71 0
18 16 35 71 0
16 18 71 35 0
18 16 71 35 0
17 17 35 71 0
17 17 71 35 0
17 17 36 70 0
17 17 70 36 0
17 17 37 69 0
17 17 69 37 0
17 17 38 68 0
17 17 68 38 0
