0 12 10 30 0
12 0 10 30 0
0 12 30 10 0
12 0 30 10 0
0 12 11 29 0
12 0 11 29 0
0 12 29 11 0
12 0 29 11 0
0 12 12 28 0
12 0 12 28 0
0 12 28 12 0
12 0 28 12 0
0 12 13 27 0
12 0 13 27 0
0 12 27 13 0
12 0 27 13 0
0 12 14 26 0
12 0 14 26 0
0 12 26 14 0
12 0 26 14 0
0 12 15 25 0
12 0 15 25 0
0 12 25 15 0
12 0 25 15 0
0 12 16 24 0
12 0 16 24 0
0 12 24 16 0
12 0 24 16 0
0 12 17 23 0
12 0 17 23 0
0 12 23 17 0
12 0 23 17 0
0 12 18 22 0
12 0 18 22 0
0 12 22 18 0
12 0 22 18 0
0 12 19 21 0
12 0 19 21 0
0 12 21 19 0
12 0 21 19 0
0 12 20 20 1
12 0 20 20 1
1 11 10 30 0
11 1 10 30 0
1 11 30 10 0
11 1 30 10 0
1 11 11 29 0
11 1 11 29 0
1 11 29 11 0
11 1 29 11 0
1 11 12 28 0
11 1 12 28 0
1 11 28 12 0
11 1 28 12 0
1 11 13 27 0
11 1 13 27 0
1 11 27 13 0
11 1 27 13 0
1 11 14 26 0
11 1 14 26 0
1 11 26 14 0
11 1 26 14 0
1 11 15 25 1
11 1 15 25 1
1 11 25 15 1
11 1 25 15 1
1 11 16 24 2
11 1 16 24 2
1 11 24 16 2
11 1 24 16 2
1 11 17 23 3
11 1 17 23 3
1 11 23 17 3
11 1 23 17 3
1 11 18 22 4
11 1 18 22 4
1 11 22 18 4
11 1 22 18 4
1 11 19 21 5
11 1 19 21 5
1 11 21 19 5
11 1 21 19 5
1 11 20 20 6
11 1 20 20 6
2 10 10 30 1
10 2 10 30 1
2 10 30 10 1
10 2 30 10 1
2 10 11 29 2
10 2 11 29 2
2 10 29 11 2
10 2 29 11 2
2 10 12 28 5
10 2 12 28 5
2 10 28 12 5
10 2 28 12 5
2 10 13 27 8
10 2 13 27 8
2 10 27 13 8
10 2 27 13 8
2 10 14 26 14
10 2 14 26 14
2 10 26 14 14
10 2 26 14 14
2 10 15 25 20
10 2 15 25 20
2 10 25 15 20
10 2 25 15 20
2 10 16 24 29
10 2 16 24 29
2 10 24 16 29
10 2 24 16 29
2 10 17 23 35
10 2 17 23 35
2 10 23 17 35
10 2 23 17 35
2 10 18 22 43
10 2 18 22 43
2 10 22 18 43
10 2 22 18 43
2 10 19 21 46
10 2 19 21 46
2 10 21 19 46
10 2 21 19 46
2 10 20 20 50
10 2 20 20 50
1 11 6 34 0
11 1 6 34 0
1 11 34 6 0
11 1 34 6 0
1 11 7 33 0
11 1 7 33 0
1 11 33 7 0
11 1 33 7 0
1 11 8 32 0
11 1 8 32 0
1 11 32 8 0
11 1 32 8 0
1 11 9 31 0
11 1 9 31 0
1 11 31 9 0
11 1 31 9 0
2 10 6 34 0
10 2 6 34 0
2 10 34 6 0
10 2 34 6 0
2 10 7 33 0
10 2 7 33 0
2 10 33 7 0
10 2 33 7 0
2 10 8 32 0
10 2 8 32 0
2 10 32 8 0
10 2 32 8 0
2 10 9 31 0
10 2 9 31 0
2 10 31 9 0
10 2 31 9 0
3 9 6 34 0
9 3 6 34 0
3 9 34 6 0
9 3 34 6 0
3 9 7 33 1
9 3 7 33 1
3 9 33 7 1
9 3 33 7 1
3 9 8 32 3
9 3 8 32 3
3 9 32 8 3
9 3 32 8 3
3 9 9 31 7
9 3 9 31 7
3 9 31 9 7
9 3 31 9 7
3 9 10 30 14
9 3 10 30 14
3 9 30 10 14
9 3 30 10 14
3 9 11 29 26
9 3 11 29 26
3 9 29 11 26
9 3 29 11 26
3 9 12 28 42
9 3 12 28 42
3 9 28 12 42
9 3 28 12 42
3 9 13 27 64
9 3 13 27 64
3 9 27 13 64
9 3 27 13 64
3 9 14 26 91
9 3 14 26 91
3 9 26 14 91
9 3 26 14 91
3 9 15 25 121
9 3 15 25 121
3 9 25 15 121
9 3 25 15 121
3 9 16 24 153
9 3 16 24 153
3 9 24 16 153
9 3 24 16 153
3 9 17 23 183
9 3 17 23 183
3 9 23 17 183
9 3 23 17 183
3 9 18 22 207
9 3 18 22 207
3 9 22 18 207
9 3 22 18 207
3 9 19 21 223
9 3 19 21 223
3 9 21 19 223
9 3 21 19 223
3 9 20 20 230
9 3 20 20 230
4 8 6 34 1
8 4 6 34 1
4 8 34 6 1
8 4 34 6 1
4 8 7 33 4
8 4 7 33 4
4 8 33 7 4
8 4 33 7 4
4 8 8 32 11
8 4 8 32 11
4 8 32 8 11
8 4 32 8 11
4 8 9 31 24
8 4 9 31 24
4 8 31 9 24
8 4 31 9 24
4 8 10 30 47
8 4 10 30 47
4 8 30 10 47
8 4 30 10 47
4 8 11 29 80
8 4 11 29 80
4 8 29 11 80
8 4 29 11 80
4 8 12 28 128
8 4 12 28 128
4 8 28 12 128
8 4 28 12 128
4 8 13 27 186
8 4 13 27 186
4 8 27 13 186
8 4 27 13 186
4 8 14 26 258
8 4 14 26 258
4 8 26 14 258
8 4 26 14 258
4 8 15 25 332
8 4 15 25 332
4 8 25 15 332
8 4 25 15 332
4 8 16 24 412
8 4 16 24 412
4 8 24 16 412
8 4 24 16 412
4 8 17 23 479
8 4 17 23 479
4 8 23 17 479
8 4 23 17 479
4 8 18 22 539
8 4 18 22 539
4 8 22 18 539
8 4 22 18 539
4 8 19 21 572
8 4 19 21 572
4 8 21 19 572
8 4 21 19 572
4 8 20 20 589
8 4 20 20 589
2 10 4 36 0
10 2 4 36 0
2 10 36 4 0
10 2 36 4 0
2 10 5 35 0
10 2 5 35 0
2 10 35 5 0
10 2 35 5 0
3 9 4 36 0
9 3 4 36 0
3 9 36 4 0
9 3 36 4 0
3 9 5 35 0
9 3 5 35 0
3 9 35 5 0
9 3 35 5 0
4 8 4 36 0
8 4 4 36 0
4 8 36 4 0
8 4 36 4 0
4 8 5 35 0
8 4 5 35 0
4 8 35 5 0
8 4 35 5 0
3 9 3 37 0
9 3 3 37 0
3 9 37 3 0
9 3 37 3 0
4 8 3 37 0
8 4 3 37 0
4 8 37 3 0
8 4 37 3 0
5 7 3 37 0
7 5 3 37 0
5 7 37 3 0
7 5 37 3 0
5 7 4 36 0
7 5 4 36 0
5 7 36 4 0
7 5 36 4 0
5 7 5 35 1
7 5 5 35 1
5 7 35 5 1
7 5 35 5 1
5 7 6 34 4
7 5 6 34 4
5 7 34 6 4
7 5 34 6 4
5 7 7 33 12
7 5 7 33 12
5 7 33 7 12
7 5 33 7 12
5 7 8 32 27
7 5 8 32 27
5 7 32 8 27
7 5 32 8 27
5 7 9 31 55
7 5 9 31 55
5 7 31 9 55
7 5 31 9 55
5 7 10 30 99
7 5 10 30 99
5 7 30 10 99
7 5 30 10 99
5 7 11 29 163
7 5 11 29 163
5 7 29 11 163
7 5 29 11 163
5 7 12 28 248
7 5 12 28 248
5 7 28 12 248
7 5 28 12 248
5 7 13 27 354
7 5 13 27 354
5 7 27 13 354
7 5 27 13 354
5 7 14 26 476
7 5 14 26 476
5 7 26 14 476
7 5 26 14 476
5 7 15 25 607
7 5 15 25 607
5 7 25 15 607
7 5 25 15 607
5 7 16 24 737
7 5 16 24 737
5 7 24 16 737
7 5 24 16 737
5 7 17 23 854
7 5 17 23 854
5 7 23 17 854
7 5 23 17 854
5 7 18 22 948
7 5 18 22 948
5 7 22 18 948
7 5 22 18 948
5 7 19 21 1008
7 5 19 21 1008
5 7 21 19 1008
7 5 21 19 1008
5 7 20 20 1030
7 5 20 20 1030
6 6 4 36 0
6 6 36 4 0
6 6 5 35 1
6 6 35 5 1
6 6 6 34 5
6 6 34 6 5
6 6 7 33 14
6 6 33 7 14
6 6 8 32 33
6 6 32 8 33
6 6 9 31 65
6 6 31 9 65
6 6 10 30 119
6 6 30 10 119
6 6 11 29 194
6 6 29 11 194
6 6 12 28 297
6 6 28 12 297
6 6 13 27 420
6 6 27 13 420
6 6 14 26 568
6 6 26 14 568
6 6 15 25 718
6 6 25 15 718
6 6 16 24 874
6 6 24 16 874
6 6 17 23 1007
6 6 23 17 1007
6 6 18 22 1120
6 6 22 18 1120
6 6 19 21 1185
6 6 21 19 1185
6 6 20 20 1216
4 8 2 38 0
8 4 2 38 0
4 8 38 2 0
8 4 38 2 0
5 7 2 38 0
7 5 2 38 0
5 7 38 2 0
7 5 38 2 0
6 6 2 38 0
6 6 38 2 0
6 6 3 37 0
6 6 37 3 0
