1 17 21 37 0
17 1 21 37 0
1 17 37 21 0
17 1 37 21 0
1 17 22 36 0
17 1 22 36 0
1 17 36 22 0
17 1 36 22 0
1 17 23 35 0
17 1 23 35 0
1 17 35 23 0
17 1 35 23 0
1 17 24 34 0
17 1 24 34 0
1 17 34 24 0
17 1 34 24 0
1 17 25 33 0
17 1 25 33 0
1 17 33 25 0
17 1 33 25 0
1 17 26 32 0
17 1 26 32 0
1 17 32 26 0
17 1 32 26 0
1 17 27 31 0
17 1 27 31 0
1 17 31 27 0
17 1 31 27 0
1 17 28 30 0
17 1 28 30 0
1 17 30 28 0
17 1 30 28 0
1 17 29 29 0
17 1 29 29 0
2 16 21 37 0
16 2 21 37 0
2 16 37 21 0
16 2 37 21 0
2 16 22 36 0
16 2 22 36 0
2 16 36 22 0
16 2 36 22 0
2 16 23 35 0
16 2 23 35 0
2 16 35 23 0
16 2 35 23 0
2 16 24 34 0
16 2 24 34 0
2 16 34 24 0
16 2 34 24 0
2 16 25 33 0
16 2 25 33 0
2 16 33 25 0
16 2 33 25 0
2 16 26 32 0
16 2 26 32 0
2 16 32 26 0
16 2 32 26 0
2 16 27 31 0
16 2 27 31 0
2 16 31 27 0
16 2 31 27 0
2 16 28 30 0
16 2 28 30 0
2 16 30 28 0
16 2 30 28 0
2 16 29 29 0
16 2 29 29 0
3 15 21 37 0
15 3 21 37 0
3 15 37 21 0
15 3 37 21 0
3 15 22 36 1
15 3 22 36 1
3 15 36 22 1
15 3 36 22 1
3 15 23 35 3
15 3 23 35 3
3 15 35 23 3
15 3 35 23 3
3 15 24 34 5
15 3 24 34 5
3 15 34 24 5
15 3 34 24 5
3 15 25 33 8
15 3 25 33 8
3 15 33 25 8
15 3 33 25 8
3 15 26 32 12
15 3 26 32 12
3 15 32 26 12
15 3 32 26 12
3 15 27 31 15
15 3 27 31 15
3 15 31 27 15
15 3 31 27 15
3 15 28 30 17
15 3 28 30 17
3 15 30 28 17
15 3 30 28 17
3 15 29 29 18
15 3 29 29 18
4 14 21 37 15
14 4 21 37 15
4 14 37 21 15
14 4 37 21 15
4 14 22 36 29
14 4 22 36 29
4 14 36 22 29
14 4 36 22 29
4 14 23 35 49
14 4 23 35 49
4 14 35 23 49
14 4 35 23 49
4 14 24 34 74
14 4 24 34 74
4 14 34 24 74
14 4 34 24 74
4 14 25 33 103
14 4 25 33 103
4 14 33 25 103
14 4 33 25 103
4 14 26 32 133
14 4 26 32 133
4 14 32 26 133
14 4 32 26 133
4 14 27 31 159
14 4 27 31 159
4 14 31 27 159
14 4 31 27 159
4 14 28 30 176
14 4 28 30 176
4 14 30 28 176
14 4 30 28 176
4 14 29 29 182
14 4 29 29 182
2 16 16 42 0
16 2 16 42 0
2 16 42 16 0
16 2 42 16 0
2 16 17 41 0
16 2 17 41 0
2 16 41 17 0
16 2 41 17 0
2 16 18 40 0
16 2 18 40 0
2 16 40 18 0
16 2 40 18 0
2 16 19 39 0
16 2 19 39 0
2 16 39 19 0
16 2 39 19 0
2 16 20 38 0
16 2 20 38 0
2 16 38 20 0
16 2 38 20 0
3 15 16 42 0
15 3 16 42 0
3 15 42 16 0
15 3 42 16 0
3 15 17 41 0
15 3 17 41 0
3 15 41 17 0
15 3 41 17 0
3 15 18 40 0
15 3 18 40 0
3 15 40 18 0
15 3 40 18 0
3 15 19 39 0
15 3 19 39 0
3 15 39 19 0
15 3 39 19 0
3 15 20 38 0
15 3 20 38 0
3 15 38 20 0
15 3 38 20 0
4 14 16 42 0
14 4 16 42 0
4 14 42 16 0
14 4 42 16 0
4 14 17 41 0
14 4 17 41 0
4 14 41 17 0
14 4 41 17 0
4 14 18 40 1
14 4 18 40 1
4 14 40 18 1
14 4 40 18 1
4 14 19 39 3
14 4 19 39 3
4 14 39 19 3
14 4 39 19 3
4 14 20 38 7
14 4 20 38 7
4 14 38 20 7
14 4 38 20 7
3 15 15 43 0
15 3 15 43 0
3 15 43 15 0
15 3 43 15 0
4 14 15 43 0
14 4 15 43 0
4 14 43 15 0
14 4 43 15 0
5 13 15 43 0
13 5 15 43 0
5 13 43 15 0
13 5 43 15 0
5 13 16 42 1
13 5 16 42 1
5 13 42 16 1
13 5 42 16 1
5 13 17 41 4
13 5 17 41 4
5 13 41 17 4
13 5 41 17 4
5 13 18 40 13
13 5 18 40 13
5 13 40 18 13
13 5 40 18 13
5 13 19 39 31
13 5 19 39 31
5 13 39 19 31
13 5 39 19 31
5 13 20 38 63
13 5 20 38 63
5 13 38 20 63
13 5 38 20 63
5 13 21 37 115
13 5 21 37 115
5 13 37 21 115
13 5 37 21 115
5 13 22 36 191
13 5 22 36 191
5 13 36 22 191
13 5 36 22 191
5 13 23 35 291
13 5 23 35 291
5 13 35 23 291
13 5 35 23 291
5 13 24 34 410
13 5 24 34 410
5 13 34 24 410
13 5 34 24 410
5 13 25 33 540
13 5 25 33 540
5 13 33 25 540
13 5 33 25 540
5 13 26 32 667
13 5 26 32 667
5 13 32 26 667
13 5 32 26 667
5 13 27 31 774
13 5 27 31 774
5 13 31 27 774
13 5 31 27 774
5 13 28 30 845
13 5 28 30 845
5 13 30 28 845
13 5 30 28 845
5 13 29 29 870
13 5 29 29 870
6 12 16 42 13
12 6 16 42 13
6 12 42 16 13
12 6 42 16 13
6 12 17 41 33
12 6 17 41 33
6 12 41 17 33
12 6 41 17 33
6 12 18 40 75
12 6 18 40 75
6 12 40 18 75
12 6 40 18 75
6 12 19 39 150
12 6 19 39 150
6 12 39 19 150
12 6 39 19 150
6 12 20 38 272
12 6 20 38 272
6 12 38 20 272
12 6 38 20 272
6 12 21 37 452
12 6 21 37 452
6 12 37 21 452
12 6 37 21 452
6 12 22 36 698
12 6 22 36 698
6 12 36 22 698
12 6 36 22 698
6 12 23 35 1007
12 6 23 35 1007
6 12 35 23 1007
12 6 35 23 1007
6 12 24 34 1361
12 6 24 34 1361
6 12 34 24 1361
12 6 34 24 1361
6 12 25 33 1735
12 6 25 33 1735
6 12 33 25 1735
12 6 33 25 1735
6 12 26 32 2091
12 6 26 32 2091
6 12 32 26 2091
12 6 32 26 2091
6 12 27 31 2385
12 6 27 31 2385
6 12 31 27 2385
12 6 31 27 2385
6 12 28 30 2579
12 6 28 30 2579
6 12 30 28 2579
12 6 30 28 2579
6 12 29 29 2648
12 6 29 29 2648
3 15 13 45 0
15 3 13 45 0
3 15 45 13 0
15 3 45 13 0
3 15 14 44 0
15 3 14 44 0
3 15 44 14 0
15 3 44 14 0
4 14 13 45 0
14 4 13 45 0
4 14 45 13 0
14 4 45 13 0
4 14 14 44 0
14 4 14 44 0
4 14 44 14 0
14 4 44 14 0
5 13 13 45 0
13 5 13 45 0
5 13 45 13 0
13 5 45 13 0
5 13 14 44 0
13 5 14 44 0
5 13 44 14 0
13 5 44 14 0
4 14 11 47 0
14 4 11 47 0
4 14 47 11 0
14 4 47 11 0
4 14 12 46 0
14 4 12 46 0
4 14 46 12 0
14 4 46 12 0
5 13 11 47 0
13 5 11 47 0
5 13 47 11 0
13 5 47 11 0
5 13 12 46 0
13 5 12 46 0
5 13 46 12 0
13 5 46 12 0
6 12 11 47 0
12 6 11 47 0
6 12 47 11 0
12 6 47 11 0
6 12 12 46 0
12 6 12 46 0
6 12 46 12 0
12 6 46 12 0
6 12 13 45 0
12 6 13 45 0
6 12 45 13 0
12 6 45 13 0
6 12 14 44 1
12 6 14 44 1
6 12 44 14 1
12 6 44 14 1
6 12 15 43 4
12 6 15 43 4
6 12 43 15 4
12 6 43 15 4
7 11 11 47 0
11 7 11 47 0
7 11 47 11 0
11 7 47 11 0
7 11 12 46 0
11 7 12 46 0
7 11 46 12 0
11 7 46 12 0
7 11 13 45 1
11 7 13 45 1
7 11 45 13 1
11 7 45 13 1
7 11 14 44 5
11 7 14 44 5
7 11 44 14 5
11 7 44 14 5
7 11 15 43 17
11 7 15 43 17
7 11 43 15 17
11 7 43 15 17
7 11 16 42 46
11 7 16 42 46
7 11 42 16 46
11 7 42 16 46
7 11 17 41 105
11 7 17 41 105
7 11 41 17 105
11 7 41 17 105
7 11 18 40 216
11 7 18 40 216
7 11 40 18 216
11 7 40 18 216
7 11 19 39 402
11 7 19 39 402
7 11 39 19 402
11 7 39 19 402
7 11 20 38 688
11 7 20 38 688
7 11 38 20 688
11 7 38 20 688
7 11 21 37 1094
11 7 21 37 1094
7 11 37 21 1094
11 7 37 21 1094
7 11 22 36 1629
11 7 22 36 1629
7 11 36 22 1629
11 7 36 22 1629
7 11 23 35 2281
11 7 23 35 2281
7 11 35 23 2281
11 7 35 23 2281
7 11 24 34 3015
11 7 24 34 3015
7 11 34 24 3015
11 7 34 24 3015
7 11 25 33 3775
11 7 25 33 3775
7 11 33 25 3775
11 7 33 25 3775
7 11 26 32 4487
11 7 26 32 4487
7 11 32 26 4487
11 7 32 26 4487
7 11 27 31 5071
11 7 27 31 5071
7 11 31 27 5071
11 7 31 27 5071
7 11 28 30 5454
11 7 28 30 5454
7 11 30 28 5454
11 7 30 28 5454
7 11 29 29 5588
11 7 29 29 5588
8 10 13 45 4
10 8 13 45 4
8 10 45 13 4
10 8 45 13 4
8 10 14 44 14
10 8 14 44 14
8 10 44 14 14
10 8 44 14 14
8 10 15 43 39
10 8 15 43 39
8 10 43 15 39
10 8 43 15 39
8 10 16 42 95
10 8 16 42 95
8 10 42 16 95
10 8 42 16 95
8 10 17 41 203
10 8 17 41 203
8 10 41 17 203
10 8 41 17 203
8 10 18 40 396
10 8 18 40 396
8 10 40 18 396
10 8 40 18 396
8 10 19 39 708
10 8 19 39 708
8 10 39 19 708
10 8 39 19 708
8 10 20 38 1175
10 8 20 38 1175
8 10 38 20 1175
10 8 38 20 1175
8 10 21 37 1823
10 8 21 37 1823
8 10 37 21 1823
10 8 37 21 1823
8 10 22 36 2661
10 8 22 36 2661
8 10 36 22 2661
10 8 36 22 2661
8 10 23 35 3667
10 8 23 35 3667
8 10 35 23 3667
10 8 35 23 3667
8 10 24 34 4786
10 8 24 34 4786
8 10 34 24 4786
10 8 34 24 4786
8 10 25 33 5934
10 8 25 33 5934
8 10 33 25 5934
10 8 33 25 5934
8 10 26 32 7001
10 8 26 32 7001
8 10 32 26 7001
10 8 32 26 7001
8 10 27 31 7872
10 8 27 31 7872
8 10 31 27 7872
10 8 31 27 7872
8 10 28 30 8441
10 8 28 30 8441
8 10 30 28 8441
10 8 30 28 8441
8 10 29 29 8640
10 8 29 29 8640
5 13 9 49 0
13 5 9 49 0
5 13 49 9 0
13 5 49 9 0
5 13 10 48 0
13 5 10 48 0
5 13 48 10 0
13 5 48 10 0
6 12 9 49 0
12 6 9 49 0
6 12 49 9 0
12 6 49 9 0
6 12 10 48 0
12 6 10 48 0
6 12 48 10 0
12 6 48 10 0
7 11 9 49 0
11 7 9 49 0
7 11 49 9 0
11 7 49 9 0
7 11 10 48 0
11 7 10 48 0
7 11 48 10 0
11 7 48 10 0
6 12 8 50 0
12 6 8 50 0
6 12 50 8 0
12 6 50 8 0
7 11 8 50 0
11 7 8 50 0
7 11 50 8 0
11 7 50 8 0
8 10 8 50 0
10 8 8 50 0
8 10 50 8 0
10 8 50 8 0
8 10 9 49 0
10 8 9 49 0
8 10 49 9 0
10 8 49 9 0
8 10 10 48 0
10 8 10 48 0
8 10 48 10 0
10 8 48 10 0
8 10 11 47 0
10 8 11 47 0
8 10 47 11 0
10 8 47 11 0
8 10 12 46 1
10 8 12 46 1
8 10 46 12 1
10 8 46 12 1
9 9 9 49 0
9 9 49 9 0
9 9 10 48 0
9 9 48 10 0
9 9 11 47 0
9 9 47 11 0
9 9 12 46 1
9 9 46 12 1
9 9 13 45 5
9 9 45 13 5
9 9 14 44 18
9 9 44 14 18
9 9 15 43 49
9 9 43 15 49
9 9 16 42 117
9 9 42 16 117
9 9 17 41 248
9 9 41 17 248
9 9 18 40 477
9 9 40 18 477
9 9 19 39 845
9 9 39 19 845
9 9 20 38 1392
9 9 38 20 1392
9 9 21 37 2145
9 9 37 21 2145
9 9 22 36 3114
9 9 36 22 3114
9 9 23 35 4273
9 9 35 23 4273
9 9 24 34 5556
9 9 34 24 5556
9 9 25 33 6869
9 9 33 25 6869
9 9 26 32 8088
9 9 32 26 8088
9 9 27 31 9079
9 9 31 27 9079
9 9 28 30 9727
9 9 30 28 9727
9 9 29 29 9954
7 11 7 51 0
11 7 7 51 0
7 11 51 7 0
11 7 51 7 0
8 10 7 51 0
10 8 7 51 0
8 10 51 7 0
10 8 51 7 0
9 9 7 51 0
9 9 51 7 0
9 9 8 50 0
9 9 50 8 0
