12 26 18 20 1 1
12 26 19 19 1 1
13 25 18 20 10 10
13 25 19 19 11 11
14 24 18 20 38 38
14 24 19 19 41 41
13 25 15 23 1 1
13 25 16 22 3 3
13 25 17 21 6 6
14 24 15 23 5 5
14 24 16 22 14 14
14 24 17 21 25 25
15 23 15 23 18 18
15 23 16 22 42 42
15 23 17 21 72 72
15 23 18 20 101 101
15 23 19 19 110 110
14 24 14 24 1 1
15 23 14 24 5 5
16 22 14 24 14 14
16 22 15 23 42 42
16 22 16 22 91 91
16 22 17 21 149 149
16 22 18 20 204 204
16 22 19 19 221 221
17 21 15 23 72 72
17 21 16 22 149 149
17 21 17 21 241 241
17 21 18 20 323 323
17 21 19 19 351 351
18 20 18 20 430 430
18 20 19 19 465 465
15 23 13 25 1 1
16 22 13 25 3 3
17 21 13 25 6 6
17 21 14 24 25 25
18 20 13 25 10 10
18 20 14 24 38 38
18 20 15 23 101 101
18 20 16 22 204 204
18 20 17 21 323 323
19 19 15 23 110 110
19 19 16 22 221 221
19 19 17 21 351 351
19 19 18 20 465 465
19 19 19 19 504 504
19 19 13 25 11 11
19 19 14 24 41 41
18 20 12 26 1 1
19 19 12 26 1 1
