0 14 6 8 1 1
0 14 7 7 1 1
1 13 6 8 10 10
1 13 7 7 11 11
2 12 6 8 34 38
2 12 7 7 37 41
1 13 3 11 1 1
1 13 4 10 3 3
1 13 5 9 6 6
2 12 3 11 5 5
2 12 4 10 13 14
2 12 5 9 23 25
3 11 3 11 17 18
3 11 4 10 37 42
3 11 5 9 61 72
3 11 6 8 84 101
3 11 7 7 91 110
4 10 3 11 37 42
4 10 4 10 75 91
4 10 5 9 118 149
4 10 6 8 157 204
4 10 7 7 169 221
5 9 3 11 61 72
5 9 4 10 118 149
5 9 5 9 181 241
5 9 6 8 236 323
5 9 7 7 253 351
2 12 2 12 1 1
3 11 2 12 5 5
4 10 2 12 13 14
3 11 1 13 1 1
4 10 1 13 3 3
5 9 1 13 6 6
5 9 2 12 23 25
6 8 1 13 10 10
6 8 2 12 34 38
6 8 3 11 84 101
6 8 4 10 157 204
6 8 5 9 236 323
6 8 6 8 304 430
6 8 7 7 325 465
7 7 1 13 11 11
7 7 2 12 37 41
7 7 3 11 91 110
7 7 4 10 169 221
7 7 5 9 253 351
7 7 6 8 325 465
7 7 7 7 347 504
6 8 0 14 1 1
7 7 0 14 1 1
