15 29 18 26 1 1
15 29 19 25 2 2
15 29 20 24 3 3
15 29 21 23 4 4
15 29 22 22 4 4
16 28 18 26 8 8
16 28 19 25 14 14
16 28 20 24 20 20
16 28 21 23 25 25
16 28 22 22 26 26
17 27 18 26 22 22
17 27 19 25 38 38
17 27 20 24 54 54
17 27 21 23 67 67
17 27 22 22 70 70
18 26 18 26 50 50
18 26 19 25 83 84
18 26 20 24 116 118
18 26 21 23 141 145
18 26 22 22 148 152
19 25 18 26 83 84
19 25 19 25 136 140
19 25 20 24 188 196
19 25 21 23 227 240
19 25 22 22 238 252
20 24 18 26 116 118
20 24 19 25 188 196
20 24 20 24 258 274
20 24 21 23 309 335
20 24 22 22 324 352
16 28 16 28 1 1
16 28 17 27 3 3
17 27 16 28 3 3
17 27 17 27 9 9
18 26 16 28 8 8
18 26 17 27 22 22
19 25 16 28 14 14
19 25 17 27 38 38
20 24 16 28 20 20
20 24 17 27 54 54
21 23 16 28 25 25
21 23 17 27 67 67
21 23 18 26 141 145
21 23 19 25 227 240
21 23 20 24 309 335
21 23 21 23 368 409
21 23 22 22 385 430
22 22 16 28 26 26
22 22 17 27 70 70
22 22 18 26 148 152
22 22 19 25 238 252
22 22 20 24 324 352
22 22 21 23 385 430
22 22 22 22 403 452
18 26 15 29 1 1
19 25 15 29 2 2
20 24 15 29 3 3
21 23 15 29 4 4
22 22 15 29 4 4
