15 26 18 23 1 1
15 26 19 22 2 2
15 26 20 21 3 3
16 25 18 23 8 8
16 25 19 22 13 13
16 25 20 21 17 17
17 24 18 23 22 22
17 24 19 22 35 35
17 24 20 21 45 45
16 25 16 25 1 1
16 25 17 24 3 3
17 24 16 25 3 3
17 24 17 24 9 9
18 23 16 25 8 8
18 23 17 24 22 22
18 23 18 23 48 48
18 23 19 22 74 74
18 23 20 21 93 93
19 22 16 25 13 13
19 22 17 24 35 35
19 22 18 23 74 74
19 22 19 22 113 113
19 22 20 21 141 141
20 21 18 23 93 93
20 21 19 22 141 141
20 21 20 21 175 175
18 23 15 26 1 1
19 22 15 26 2 2
20 21 15 26 3 3
20 21 16 25 17 17
20 21 17 24 45 45
