4 22 12 14 1 1
4 22 13 13 1 1
5 21 12 14 10 10
5 21 13 13 11 11
6 20 12 14 47 47
6 20 13 13 51 51
5 21 9 17 1 1
5 21 10 16 3 3
5 21 11 15 6 6
6 20 9 17 6 6
6 20 10 16 17 17
6 20 11 15 31 31
7 19 9 17 30 30
7 19 10 16 67 67
7 19 11 15 113 113
7 19 12 14 156 156
7 19 13 13 170 170
8 18 9 17 91 91
8 18 10 16 185 185
8 18 11 15 294 294
8 18 12 14 393 393
8 18 13 13 425 425
6 20 8 18 1 1
7 19 8 18 9 9
8 18 8 18 34 34
7 19 7 19 2 2
8 18 7 19 9 9
9 17 7 19 30 30
9 17 8 18 91 91
9 17 9 17 215 216
9 17 10 16 404 405
9 17 11 15 619 620
9 17 12 14 802 803
9 17 13 13 866 867
10 16 8 18 185 185
10 16 9 17 404 405
10 16 10 16 724 726
10 16 11 15 1076 1078
10 16 12 14 1371 1373
10 16 13 13 1473 1475
10 16 7 19 67 67
11 15 7 19 113 113
11 15 8 18 294 294
11 15 9 17 619 620
11 15 10 16 1076 1078
11 15 11 15 1573 1576
11 15 12 14 1978 1981
11 15 13 13 2123 2126
12 14 9 17 802 803
12 14 10 16 1371 1373
12 14 11 15 1978 1981
12 14 12 14 2472 2476
12 14 13 13 2646 2650
12 14 8 18 393 393
13 13 9 17 866 867
13 13 10 16 1473 1475
13 13 11 15 2123 2126
13 13 12 14 2646 2650
13 13 13 13 2833 2838
8 18 6 20 1 1
9 17 6 20 6 6
10 16 6 20 17 17
9 17 5 21 1 1
10 16 5 21 3 3
11 15 5 21 6 6
11 15 6 20 31 31
12 14 5 21 10 10
12 14 6 20 47 47
12 14 7 19 156 156
13 13 7 19 170 170
13 13 8 18 425 425
13 13 5 21 11 11
13 13 6 20 51 51
12 14 4 22 1 1
13 13 4 22 1 1
