3 20 9 14 1 1
3 20 10 13 2 2
3 20 11 12 3 3
4 19 9 14 9 9
4 19 10 13 15 15
4 19 11 12 20 20
5 18 9 14 42 42
5 18 10 13 65 65
5 18 11 12 82 82
4 19 7 16 1 1
4 19 8 15 3 3
5 18 7 16 7 7
5 18 8 15 19 19
6 17 7 16 28 28
6 17 8 15 67 67
6 17 9 14 130 130
6 17 10 13 192 192
6 17 11 12 235 235
7 16 7 16 83 84
7 16 8 15 178 180
7 16 9 14 316 319
7 16 10 13 450 453
7 16 11 12 539 542
6 17 6 17 7 7
7 16 6 17 28 28
8 15 6 17 67 67
8 15 7 16 178 180
8 15 8 15 359 364
8 15 9 14 607 615
8 15 10 13 844 853
8 15 11 12 998 1007
9 14 7 16 316 319
9 14 8 15 607 615
9 14 9 14 988 1002
9 14 10 13 1347 1364
9 14 11 12 1576 1594
10 13 7 16 450 453
10 13 8 15 844 853
10 13 9 14 1347 1364
10 13 10 13 1815 1838
10 13 11 12 2110 2136
11 12 9 14 1576 1594
11 12 10 13 2110 2136
11 12 11 12 2444 2475
5 18 6 17 1 1
6 17 5 18 1 1
7 16 5 18 7 7
8 15 5 18 19 19
7 16 4 19 1 1
8 15 4 19 3 3
9 14 4 19 9 9
9 14 5 18 42 42
9 14 6 17 130 130
10 13 5 18 65 65
10 13 6 17 192 192
10 13 4 19 15 15
11 12 4 19 20 20
11 12 5 18 82 82
11 12 6 17 235 235
11 12 7 16 539 542
11 12 8 15 998 1007
9 14 3 20 1 1
10 13 3 20 2 2
11 12 3 20 3 3
