8 27 13 22 1 1
8 27 14 21 2 2
8 27 15 20 4 4
8 27 16 19 5 5
8 27 17 18 6 6
9 26 13 22 7 7
9 26 14 21 14 14
9 26 15 20 24 24
9 26 16 19 31 31
9 26 17 18 36 36
10 25 13 22 35 35
10 25 14 21 63 63
10 25 15 20 98 99
10 25 16 19 124 126
10 25 17 18 141 144
11 24 13 22 106 107
11 24 14 21 183 186
11 24 15 20 271 280
11 24 16 19 340 355
11 24 17 18 382 402
12 23 13 22 253 259
12 23 14 21 418 434
12 23 15 20 600 636
12 23 16 19 743 799
12 23 17 18 828 899
13 22 13 22 488 511
13 22 14 21 783 837
13 22 15 20 1097 1203
13 22 16 19 1345 1502
13 22 17 18 1489 1682
9 26 12 23 2 2
10 25 12 23 14 14
11 24 12 23 48 48
12 23 12 23 124 125
13 22 12 23 253 259
14 21 12 23 418 434
14 21 13 22 783 837
14 21 14 21 1231 1353
14 21 15 20 1699 1925
14 21 16 19 2066 2394
14 21 17 18 2277 2674
15 20 13 22 1097 1203
15 20 14 21 1699 1925
15 20 15 20 2317 2717
15 20 16 19 2799 3368
15 20 17 18 3073 3754
10 25 10 25 1 1
10 25 11 24 4 4
11 24 10 25 4 4
11 24 11 24 16 16
12 23 10 25 14 14
12 23 11 24 48 48
13 22 10 25 35 35
13 22 11 24 106 107
14 21 10 25 63 63
14 21 11 24 183 186
15 20 10 25 98 99
15 20 11 24 271 280
15 20 12 23 600 636
16 19 10 25 124 126
16 19 11 24 340 355
16 19 12 23 743 799
16 19 13 22 1345 1502
16 19 14 21 2066 2394
16 19 15 20 2799 3368
16 19 16 19 3367 4170
16 19 17 18 3688 4644
17 18 12 23 828 899
17 18 13 22 1489 1682
17 18 14 21 2277 2674
17 18 15 20 3073 3754
17 18 16 19 3688 4644
17 18 17 18 4034 5169
12 23 9 26 2 2
13 22 9 26 7 7
14 21 9 26 14 14
15 20 9 26 24 24
16 19 9 26 31 31
17 18 9 26 36 36
17 18 10 25 141 144
17 18 11 24 382 402
13 22 8 27 1 1
14 21 8 27 2 2
15 20 8 27 4 4
16 19 8 27 5 5
17 18 8 27 6 6
