6 23 12 17 1 1
6 23 13 16 2 2
6 23 14 15 3 3
7 22 12 17 9 9
7 22 13 16 15 15
7 22 14 15 20 20
8 21 12 17 42 42
8 21 13 16 65 65
8 21 14 15 82 82
9 20 12 17 130 130
9 20 13 16 192 192
9 20 14 15 235 235
7 22 10 19 1 1
7 22 11 18 3 3
8 21 10 19 7 7
8 21 11 18 19 19
9 20 10 19 28 28
9 20 11 18 67 67
8 21 9 20 1 1
9 20 9 20 7 7
10 19 9 20 28 28
10 19 10 19 84 84
10 19 11 18 180 180
10 19 12 17 319 319
10 19 13 16 453 453
10 19 14 15 542 542
11 18 10 19 180 180
11 18 11 18 364 364
11 18 12 17 615 615
11 18 13 16 853 853
11 18 14 15 1007 1007
9 20 8 21 1 1
10 19 8 21 7 7
11 18 8 21 19 19
11 18 9 20 67 67
12 17 8 21 42 42
12 17 9 20 130 130
12 17 10 19 319 319
12 17 11 18 615 615
12 17 12 17 1002 1002
12 17 13 16 1364 1364
12 17 14 15 1594 1594
13 16 10 19 453 453
13 16 11 18 853 853
13 16 12 17 1364 1364
13 16 13 16 1838 1838
13 16 14 15 2136 2136
13 16 8 21 65 65
13 16 9 20 192 192
14 15 9 20 235 235
14 15 10 19 542 542
14 15 11 18 1007 1007
14 15 12 17 1594 1594
14 15 13 16 2136 2136
14 15 14 15 2475 2475
10 19 7 22 1 1
11 18 7 22 3 3
12 17 7 22 9 9
13 16 7 22 15 15
12 17 6 23 1 1
13 16 6 23 2 2
14 15 6 23 3 3
14 15 7 22 20 20
14 15 8 21 82 82
