2 21 7 16 1 1
2 21 8 15 2 2
2 21 9 14 4 4
2 21 10 13 5 5
2 21 11 12 6 6
3 20 7 16 7 7
3 20 8 15 14 14
3 20 9 14 23 24
3 20 10 13 29 31
3 20 11 12 33 36
4 19 7 16 34 35
4 19 8 15 60 63
4 19 9 14 90 99
4 19 10 13 111 126
4 19 11 12 124 144
5 18 7 16 100 107
5 18 8 15 167 186
5 18 9 14 238 280
5 18 10 13 290 355
5 18 11 12 320 402
6 17 7 16 231 259
6 17 8 15 367 434
6 17 9 14 506 636
6 17 10 13 607 799
6 17 11 12 664 899
7 16 7 16 427 511
7 16 8 15 657 837
7 16 9 14 884 1203
7 16 10 13 1049 1502
7 16 11 12 1140 1682
3 20 6 17 2 2
4 19 6 17 14 14
5 18 6 17 47 48
6 17 6 17 118 125
7 16 6 17 231 259
8 15 6 17 367 434
8 15 7 16 657 837
8 15 8 15 989 1353
8 15 9 14 1310 1925
8 15 10 13 1541 2394
8 15 11 12 1667 2674
9 14 6 17 506 636
9 14 7 16 884 1203
9 14 8 15 1310 1925
9 14 9 14 1715 2717
9 14 10 13 2004 3368
9 14 11 12 2160 3754
10 13 6 17 607 799
10 13 7 16 1049 1502
10 13 8 15 1541 2394
10 13 9 14 2004 3368
10 13 10 13 2332 4170
10 13 11 12 2508 4644
11 12 7 16 1140 1682
11 12 8 15 1667 2674
11 12 9 14 2160 3754
11 12 10 13 2508 4644
11 12 11 12 2694 5169
4 19 4 19 1 1
4 19 5 18 4 4
5 18 4 19 4 4
5 18 5 18 16 16
6 17 4 19 14 14
6 17 5 18 47 48
7 16 4 19 34 35
7 16 5 18 100 107
8 15 4 19 60 63
8 15 5 18 167 186
9 14 4 19 90 99
9 14 5 18 238 280
10 13 4 19 111 126
10 13 5 18 290 355
6 17 3 20 2 2
7 16 3 20 7 7
8 15 3 20 14 14
9 14 3 20 23 24
10 13 3 20 29 31
11 12 3 20 33 36
11 12 4 19 124 144
11 12 5 18 320 402
11 12 6 17 664 899
7 16 2 21 1 1
8 15 2 21 2 2
9 14 2 21 4 4
10 13 2 21 5 5
11 12 2 21 6 6
