18 29 19 28 1 1
18 29 20 27 2 2
18 29 21 26 4 4
18 29 22 25 5 5
18 29 23 24 6 6
19 28 19 28 4 4
19 28 20 27 8 8
19 28 21 26 14 14
19 28 22 25 18 18
19 28 23 24 21 21
20 27 19 28 8 8
20 27 20 27 16 16
20 27 21 26 28 28
20 27 22 25 36 36
20 27 23 24 42 42
21 26 19 28 14 14
21 26 20 27 28 28
21 26 21 26 47 48
21 26 22 25 60 62
21 26 23 24 69 72
22 25 19 28 18 18
22 25 20 27 36 36
22 25 21 26 60 62
22 25 22 25 76 80
22 25 23 24 87 93
23 24 19 28 21 21
23 24 20 27 42 42
23 24 21 26 69 72
23 24 22 25 87 93
23 24 23 24 99 108
19 28 18 29 1 1
20 27 18 29 2 2
21 26 18 29 4 4
22 25 18 29 5 5
23 24 18 29 6 6
