8 24 13 19 1 1
8 24 14 18 2 2
8 24 15 17 4 4
9 23 13 19 7 7
9 23 14 18 14 14
9 23 15 17 22 22
10 22 13 19 34 34
10 22 14 18 59 59
10 22 15 17 85 85
8 24 16 16 4 4
9 23 16 16 24 24
10 22 16 16 92 92
9 23 12 20 2 2
10 22 12 20 14 14
11 21 12 20 48 48
11 21 13 19 102 102
11 21 14 18 168 168
11 21 15 17 228 228
11 21 16 16 248 248
12 20 13 19 238 238
12 20 14 18 372 372
12 20 15 17 491 491
12 20 16 16 530 530
10 22 10 22 1 1
10 22 11 21 4 4
11 21 10 22 4 4
11 21 11 21 16 16
12 20 10 22 14 14
12 20 11 21 48 48
12 20 12 20 121 121
13 19 10 22 34 34
13 19 11 21 102 102
13 19 12 20 238 238
13 19 13 19 442 442
13 19 14 18 672 672
13 19 15 17 866 866
13 19 16 16 934 934
14 18 12 20 372 372
14 18 13 19 672 672
14 18 14 18 1001 1001
14 18 15 17 1277 1277
14 18 16 16 1372 1372
12 20 9 23 2 2
13 19 9 23 7 7
14 18 9 23 14 14
14 18 10 22 59 59
14 18 11 21 168 168
15 17 10 22 85 85
15 17 11 21 228 228
15 17 12 20 491 491
15 17 13 19 866 866
15 17 14 18 1277 1277
15 17 15 17 1614 1614
15 17 16 16 1734 1734
16 16 13 19 934 934
16 16 14 18 1372 1372
16 16 15 17 1734 1734
16 16 16 16 1860 1860
16 16 10 22 92 92
16 16 11 21 248 248
16 16 12 20 530 530
13 19 8 24 1 1
14 18 8 24 2 2
15 17 8 24 4 4
15 17 9 23 22 22
16 16 9 23 24 24
16 16 8 24 4 4
