1 16 6 11 1 1
1 16 7 10 2 2
1 16 8 9 3 3
2 15 6 11 9 9
2 15 7 10 15 15
2 15 8 9 20 20
3 14 6 11 35 36
3 14 7 10 54 56
3 14 8 9 68 71
4 13 6 11 98 105
4 13 7 10 143 155
4 13 8 9 174 190
5 12 6 11 199 221
5 12 7 10 282 318
5 12 8 9 337 383
2 15 4 13 1 1
2 15 5 12 3 3
3 14 4 13 6 6
3 14 5 12 16 16
4 13 4 13 22 23
4 13 5 12 51 54
3 14 3 14 1 1
4 13 3 14 6 6
5 12 3 14 16 16
5 12 4 13 51 54
5 12 5 12 111 121
6 11 3 14 35 36
6 11 4 13 98 105
6 11 5 12 199 221
6 11 6 11 338 385
6 11 7 10 467 542
6 11 8 9 551 645
7 10 3 14 54 56
7 10 4 13 143 155
7 10 5 12 282 318
7 10 6 11 467 542
7 10 7 10 637 755
7 10 8 9 746 893
8 9 4 13 174 190
8 9 5 12 337 383
8 9 6 11 551 645
8 9 7 10 746 893
8 9 8 9 870 1053
4 13 2 15 1 1
5 12 2 15 3 3
6 11 2 15 9 9
7 10 2 15 15 15
6 11 1 16 1 1
7 10 1 16 2 2
8 9 1 16 3 3
8 9 2 15 20 20
8 9 3 14 68 71
