6 26 12 20 1 1
6 26 13 19 2 2
6 26 14 18 3 3
6 26 15 17 4 4
6 26 16 16 4 4
7 25 12 20 9 9
7 25 13 19 16 16
7 25 14 18 23 23
7 25 15 17 29 29
7 25 16 16 30 30
8 24 12 20 43 43
8 24 13 19 71 72
8 24 14 18 99 101
8 24 15 17 120 124
8 24 16 16 126 130
9 23 12 20 136 138
9 23 13 19 215 222
9 23 14 18 291 305
9 23 15 17 347 369
9 23 16 16 364 388
10 22 12 20 342 356
10 22 13 19 519 553
10 22 14 18 686 745
10 22 15 17 805 890
10 22 16 16 844 936
11 21 12 20 677 725
11 21 13 19 1002 1105
11 21 14 18 1302 1472
11 21 15 17 1514 1746
11 21 16 16 1584 1836
12 20 12 20 1147 1269
12 20 13 19 1660 1903
12 20 14 18 2128 2511
12 20 15 17 2453 2961
12 20 16 16 2563 3112
7 25 10 22 1 1
7 25 11 21 3 3
8 24 10 22 7 7
8 24 11 21 19 19
9 23 10 22 28 28
9 23 11 21 68 68
10 22 10 22 85 86
10 22 11 21 186 190
11 21 10 22 186 190
11 21 11 21 386 402
12 20 10 22 342 356
12 20 11 21 677 725
8 24 9 23 1 1
9 23 9 23 7 7
10 22 9 23 28 28
11 21 9 23 68 68
12 20 9 23 136 138
13 19 9 23 215 222
13 19 10 22 519 553
13 19 11 21 1002 1105
13 19 12 20 1660 1903
13 19 13 19 2370 2828
13 19 14 18 3008 3711
13 19 15 17 3448 4361
13 19 16 16 3596 4582
14 18 10 22 686 745
14 18 11 21 1302 1472
14 18 12 20 2128 2511
14 18 13 19 3008 3711
14 18 14 18 3792 4853
14 18 15 17 4327 5691
14 18 16 16 4508 5978
9 23 8 24 1 1
10 22 8 24 7 7
11 21 8 24 19 19
12 20 8 24 43 43
13 19 8 24 71 72
14 18 8 24 99 101
14 18 9 23 291 305
15 17 8 24 120 124
15 17 9 23 347 369
15 17 10 22 805 890
15 17 11 21 1514 1746
15 17 12 20 2453 2961
15 17 13 19 3448 4361
15 17 14 18 4327 5691
15 17 15 17 4925 6665
15 17 16 16 5126 7000
16 16 10 22 844 936
16 16 11 21 1584 1836
16 16 12 20 2563 3112
16 16 13 19 3596 4582
16 16 14 18 4508 5978
16 16 15 17 5126 7000
16 16 16 16 5335 7352
16 16 8 24 126 130
16 16 9 23 364 388
10 22 7 25 1 1
11 21 7 25 3 3
12 20 7 25 9 9
13 19 7 25 16 16
14 18 7 25 23 23
15 17 7 25 29 29
16 16 7 25 30 30
12 20 6 26 1 1
13 19 6 26 2 2
14 18 6 26 3 3
15 17 6 26 4 4
16 16 6 26 4 4
