10 25 15 20 1 1
10 25 16 19 2 2
10 25 17 18 3 3
11 24 15 20 9 9
11 24 16 19 15 15
11 24 17 18 20 20
12 23 15 20 36 36
12 23 16 19 56 56
12 23 17 18 71 71
11 24 13 22 1 1
11 24 14 21 3 3
12 23 13 22 6 6
12 23 14 21 16 16
13 22 13 22 23 23
13 22 14 21 54 54
13 22 15 20 105 105
13 22 16 19 155 155
13 22 17 18 190 190
14 21 13 22 54 54
14 21 14 21 121 121
14 21 15 20 221 221
14 21 16 19 318 318
14 21 17 18 383 383
15 20 15 20 385 385
15 20 16 19 542 542
15 20 17 18 645 645
12 23 12 23 1 1
13 22 12 23 6 6
14 21 12 23 16 16
13 22 11 24 1 1
14 21 11 24 3 3
15 20 11 24 9 9
15 20 12 23 36 36
15 20 13 22 105 105
15 20 14 21 221 221
16 19 12 23 56 56
16 19 13 22 155 155
16 19 14 21 318 318
16 19 15 20 542 542
16 19 16 19 755 755
16 19 17 18 893 893
17 18 15 20 645 645
17 18 16 19 893 893
17 18 17 18 1053 1053
16 19 11 24 15 15
17 18 11 24 20 20
17 18 12 23 71 71
17 18 13 22 190 190
17 18 14 21 383 383
15 20 10 25 1 1
16 19 10 25 2 2
17 18 10 25 3 3
