2 18 7 13 1 1
2 18 8 12 2 2
2 18 9 11 4 4
3 17 7 13 7 7
3 17 8 12 14 14
3 17 9 11 22 22
4 16 7 13 34 34
4 16 8 12 59 59
4 16 9 11 84 85
2 18 10 10 4 4
3 17 10 10 24 24
4 16 10 10 91 92
3 17 6 14 2 2
4 16 6 14 14 14
5 15 6 14 47 48
5 15 7 13 100 102
5 15 8 12 164 168
5 15 9 11 222 228
5 15 10 10 241 248
6 14 6 14 117 121
6 14 7 13 229 238
6 14 8 12 357 372
6 14 9 11 469 491
6 14 10 10 506 530
7 13 6 14 229 238
7 13 7 13 421 442
7 13 8 12 636 672
7 13 9 11 817 866
7 13 10 10 879 934
8 12 7 13 636 672
8 12 8 12 940 1001
8 12 9 11 1192 1277
8 12 10 10 1279 1372
4 16 4 16 1 1
4 16 5 15 4 4
5 15 4 16 4 4
5 15 5 15 16 16
6 14 4 16 14 14
6 14 5 15 47 48
7 13 4 16 34 34
7 13 5 15 100 102
6 14 3 17 2 2
7 13 3 17 7 7
8 12 3 17 14 14
8 12 4 16 59 59
8 12 5 15 164 168
8 12 6 14 357 372
9 11 4 16 84 85
9 11 5 15 222 228
9 11 6 14 469 491
9 11 7 13 817 866
9 11 8 12 1192 1277
9 11 9 11 1498 1614
9 11 10 10 1605 1734
10 10 4 16 91 92
10 10 5 15 241 248
10 10 6 14 506 530
10 10 7 13 879 934
10 10 8 12 1279 1372
10 10 9 11 1605 1734
10 10 10 10 1718 1860
7 13 2 18 1 1
8 12 2 18 2 2
9 11 2 18 4 4
9 11 3 17 22 22
10 10 3 17 24 24
10 10 2 18 4 4
