4 25 12 17 1 1
4 25 13 16 1 1
4 25 14 15 1 1
5 24 12 17 11 11
5 24 13 16 14 14
5 24 14 15 16 16
6 23 12 17 52 53
6 23 13 16 66 68
6 23 14 15 75 78
7 22 12 17 178 187
7 22 13 16 223 238
7 22 14 15 250 270
8 21 12 17 453 495
8 21 13 16 559 624
8 21 14 15 621 703
9 20 12 17 941 1072
9 20 13 16 1146 1340
9 20 14 15 1263 1501
5 24 9 20 1 1
5 24 10 19 3 3
5 24 11 18 6 6
6 23 9 20 6 6
6 23 10 19 17 17
6 23 11 18 32 32
7 22 9 20 30 30
7 22 10 19 68 69
7 22 11 18 119 122
8 21 9 20 92 93
8 21 10 19 190 197
8 21 11 18 315 334
9 20 9 20 221 228
9 20 10 19 424 452
9 20 11 18 676 743
10 19 9 20 424 452
10 19 10 19 777 862
10 19 11 18 1202 1385
10 19 12 17 1638 1964
10 19 13 16 1973 2438
10 19 14 15 2162 2720
11 18 9 20 676 743
11 18 10 19 1202 1385
11 18 11 18 1824 2198
11 18 12 17 2448 3085
11 18 13 16 2925 3814
11 18 14 15 3191 4244
6 23 8 21 1 1
7 22 8 21 9 9
8 21 8 21 34 34
9 20 8 21 92 93
10 19 8 21 190 197
11 18 8 21 315 334
7 22 7 22 2 2
8 21 7 22 9 9
9 20 7 22 30 30
10 19 7 22 68 69
11 18 7 22 119 122
12 17 7 22 178 187
12 17 8 21 453 495
12 17 9 20 941 1072
12 17 10 19 1638 1964
12 17 11 18 2448 3085
12 17 12 17 3249 4298
12 17 13 16 3856 5295
12 17 14 15 4192 5880
13 16 8 21 559 624
13 16 9 20 1146 1340
13 16 10 19 1973 2438
13 16 11 18 2925 3814
13 16 12 17 3856 5295
13 16 13 16 4558 6514
13 16 14 15 4944 7227
13 16 7 22 223 238
14 15 7 22 250 270
14 15 8 21 621 703
14 15 9 20 1263 1501
14 15 10 19 2162 2720
14 15 11 18 3191 4244
14 15 12 17 4192 5880
14 15 13 16 4944 7227
14 15 14 15 5356 8014
8 21 6 23 1 1
9 20 6 23 6 6
10 19 6 23 17 17
11 18 6 23 32 32
12 17 6 23 52 53
13 16 6 23 66 68
9 20 5 24 1 1
10 19 5 24 3 3
11 18 5 24 6 6
12 17 5 24 11 11
13 16 5 24 14 14
14 15 5 24 16 16
14 15 6 23 75 78
12 17 4 25 1 1
13 16 4 25 1 1
14 15 4 25 1 1
