10 28 15 23 1 1
10 28 16 22 2 2
10 28 17 21 3 3
10 28 18 20 4 4
10 28 19 19 4 4
11 27 15 23 9 9
11 27 16 22 16 16
11 27 17 21 23 23
11 27 18 20 29 29
11 27 19 19 30 30
12 26 15 23 37 37
12 26 16 22 62 62
12 26 17 21 87 87
12 26 18 20 106 107
12 26 19 19 111 112
13 25 15 23 111 112
13 25 16 22 177 180
13 25 17 21 241 247
13 25 18 20 289 299
13 25 19 19 303 314
14 24 15 23 241 246
14 24 16 22 374 388
14 24 17 21 502 527
14 24 18 20 595 633
14 24 19 19 625 666
15 23 15 23 440 458
15 23 16 22 667 709
15 23 17 21 881 953
15 23 18 20 1035 1137
15 23 19 19 1085 1196
11 27 13 25 1 1
11 27 14 24 3 3
12 26 13 25 6 6
12 26 14 24 16 16
13 25 13 25 23 23
13 25 14 24 55 55
14 24 13 25 55 55
14 24 14 24 126 127
15 23 13 25 111 112
15 23 14 24 241 246
16 22 13 25 177 180
16 22 14 24 374 388
16 22 15 23 667 709
16 22 16 22 996 1088
16 22 17 21 1303 1455
16 22 18 20 1520 1730
16 22 19 19 1592 1820
17 21 13 25 241 247
17 21 14 24 502 527
17 21 15 23 881 953
17 21 16 22 1303 1455
17 21 17 21 1691 1940
17 21 18 20 1964 2302
17 21 19 19 2054 2422
18 20 15 23 1035 1137
18 20 16 22 1520 1730
18 20 17 21 1964 2302
18 20 18 20 2273 2728
18 20 19 19 2376 2870
12 26 12 26 1 1
13 25 12 26 6 6
14 24 12 26 16 16
15 23 12 26 37 37
16 22 12 26 62 62
17 21 12 26 87 87
13 25 11 27 1 1
14 24 11 27 3 3
15 23 11 27 9 9
16 22 11 27 16 16
17 21 11 27 23 23
18 20 11 27 29 29
18 20 12 26 106 107
18 20 13 25 289 299
18 20 14 24 595 633
19 19 12 26 111 112
19 19 13 25 303 314
19 19 14 24 625 666
19 19 15 23 1085 1196
19 19 16 22 1592 1820
19 19 17 21 2054 2422
19 19 18 20 2376 2870
19 19 19 19 2483 3020
19 19 11 27 30 30
15 23 10 28 1 1
16 22 10 28 2 2
17 21 10 28 3 3
18 20 10 28 4 4
19 19 10 28 4 4
