19 29 82 110 0
29 19 82 110 0
19 29 110 82 0
29 19 110 82 0
19 29 83 109 0
29 19 83 109 0
19 29 109 83 0
29 19 109 83 0
19 29 84 108 0
29 19 84 108 0
19 29 108 84 0
29 19 108 84 0
19 29 85 107 0
29 19 85 107 0
19 29 107 85 0
29 19 107 85 0
19 29 86 106 0
29 19 86 106 0
19 29 106 86 0
29 19 106 86 0
19 29 87 105 0
29 19 87 105 0
19 29 105 87 0
29 19 105 87 0
19 29 88 104 0
29 19 88 104 0
19 29 104 88 0
29 19 104 88 0
19 29 89 103 0
29 19 89 103 0
19 29 103 89 0
29 19 103 89 0
19 29 90 102 0
29 19 90 102 0
19 29 102 90 0
29 19 102 90 0
19 29 91 101 0
29 19 91 101 0
19 29 101 91 0
29 19 101 91 0
19 29 92 100 0
29 19 92 100 0
19 29 100 92 0
29 19 100 92 0
19 29 93 99 0
29 19 93 99 0
19 29 99 93 0
29 19 99 93 0
19 29 94 98 0
29 19 94 98 0
19 29 98 94 0
29 19 98 94 0
19 29 95 97 0
29 19 95 97 0
19 29 97 95 0
29 19 97 95 0
19 29 96 96 0
29 19 96 96 0
20 28 79 113 0
28 20 79 113 0
20 28 113 79 0
28 20 113 79 0
20 28 80 112 0
28 20 80 112 0
20 28 112 80 0
28 20 112 80 0
20 28 81 111 0
28 20 81 111 0
20 28 111 81 0
28 20 111 81 0
20 28 82 110 0
28 20 82 110 0
20 28 110 82 0
28 20 110 82 0
20 28 83 109 0
28 20 83 109 0
20 28 109 83 0
28 20 109 83 0
20 28 84 108 0
28 20 84 108 0
20 28 108 84 0
28 20 108 84 0
20 28 85 107 0
28 20 85 107 0
20 28 107 85 0
28 20 107 85 0
20 28 86 106 0
28 20 86 106 0
20 28 106 86 0
28 20 106 86 0
20 28 87 105 0
28 20 87 105 0
20 28 105 87 0
28 20 105 87 0
20 28 88 104 0
28 20 88 104 0
20 28 104 88 0
28 20 104 88 0
20 28 89 103 0
28 20 89 103 0
20 28 103 89 0
28 20 103 89 0
20 28 90 102 0
28 20 90 102 0
20 28 102 90 0
28 20 102 90 0
20 28 91 101 0
28 20 91 101 0
20 28 101 91 0
28 20 101 91 0
20 28 92 100 0
28 20 92 100 0
20 28 100 92 0
28 20 100 92 0
20 28 93 99 0
28 20 93 99 0
20 28 99 93 0
28 20 99 93 0
20 28 94 98 0
28 20 94 98 0
20 28 98 94 0
28 20 98 94 0
20 28 95 97 0
28 20 95 97 0
20 28 97 95 0
28 20 97 95 0
20 28 96 96 0
28 20 96 96 0
21 27 78 114 0
27 21 78 114 0
21 27 114 78 0
27 21 114 78 0
21 27 79 113 0
27 21 79 113 0
21 27 113 79 0
27 21 113 79 0
21 27 80 112 0
27 21 80 112 0
21 27 112 80 0
27 21 112 80 0
21 27 81 111 0
27 21 81 111 0
21 27 111 81 0
27 21 111 81 0
21 27 82 110 0
27 21 82 110 0
21 27 110 82 0
27 21 110 82 0
21 27 83 109 0
27 21 83 109 0
21 27 109 83 0
27 21 109 83 0
21 27 84 108 0
27 21 84 108 0
21 27 108 84 0
27 21 108 84 0
21 27 85 107 0
27 21 85 107 0
21 27 107 85 0
27 21 107 85 0
21 27 86 106 0
27 21 86 106 0
21 27 106 86 0
27 21 106 86 0
21 27 87 105 0
27 21 87 105 0
21 27 105 87 0
27 21 105 87 0
21 27 88 104 0
27 21 88 104 0
21 27 104 88 0
27 21 104 88 0
21 27 89 103 0
27 21 89 103 0
21 27 103 89 0
27 21 103 89 0
21 27 90 102 0
27 21 90 102 0
21 27 102 90 0
27 21 102 90 0
21 27 91 101 0
27 21 91 101 0
21 27 101 91 0
27 21 101 91 0
21 27 92 100 0
27 21 92 100 0
21 27 100 92 0
27 21 100 92 0
21 27 93 99 0
27 21 93 99 0
21 27 99 93 0
27 21 99 93 0
21 27 94 98 0
27 21 94 98 0
21 27 98 94 0
27 21 98 94 0
21 27 95 97 0
27 21 95 97 0
21 27 97 95 0
27 21 97 95 0
21 27 96 96 0
27 21 96 96 0
22 26 77 115 0
26 22 77 115 0
22 26 115 77 0
26 22 115 77 0
22 26 78 114 0
26 22 78 114 0
22 26 114 78 0
26 22 114 78 0
22 26 79 113 0
26 22 79 113 0
22 26 113 79 0
26 22 113 79 0
22 26 80 112 0
26 22 80 112 0
22 26 112 80 0
26 22 112 80 0
22 26 81 111 0
26 22 81 111 0
22 26 111 81 0
26 22 111 81 0
22 26 82 110 0
26 22 82 110 0
22 26 110 82 0
26 22 110 82 0
22 26 83 109 0
26 22 83 109 0
22 26 109 83 0
26 22 109 83 0
22 26 84 108 0
26 22 84 108 0
22 26 108 84 0
26 22 108 84 0
22 26 85 107 0
26 22 85 107 0
22 26 107 85 0
26 22 107 85 0
22 26 86 106 0
26 22 86 106 0
22 26 106 86 0
26 22 106 86 0
22 26 87 105 0
26 22 87 105 0
22 26 105 87 0
26 22 105 87 0
22 26 88 104 0
26 22 88 104 0
22 26 104 88 0
26 22 104 88 0
22 26 89 103 0
26 22 89 103 0
22 26 103 89 0
26 22 103 89 0
22 26 90 102 0
26 22 90 102 0
22 26 102 90 0
26 22 102 90 0
22 26 91 101 0
26 22 91 101 0
22 26 101 91 0
26 22 101 91 0
22 26 92 100 0
26 22 92 100 0
22 26 100 92 0
26 22 100 92 0
22 26 93 99 0
26 22 93 99 0
22 26 99 93 0
26 22 99 93 0
22 26 94 98 0
26 22 94 98 0
22 26 98 94 0
26 22 98 94 0
22 26 95 97 0
26 22 95 97 0
22 26 97 95 0
26 22 97 95 0
22 26 96 96 0
26 22 96 96 0
23 25 77 115 0
25 23 77 115 0
23 25 115 77 0
25 23 115 77 0
23 25 78 114 0
25 23 78 114 0
23 25 114 78 0
25 23 114 78 0
23 25 79 113 0
25 23 79 113 0
23 25 113 79 0
25 23 113 79 0
23 25 80 112 0
25 23 80 112 0
23 25 112 80 0
25 23 112 80 0
23 25 81 111 0
25 23 81 111 0
23 25 111 81 0
25 23 111 81 0
23 25 82 110 0
25 23 82 110 0
23 25 110 82 0
25 23 110 82 0
23 25 83 109 0
25 23 83 109 0
23 25 109 83 0
25 23 109 83 0
23 25 84 108 0
25 23 84 108 0
23 25 108 84 0
25 23 108 84 0
23 25 85 107 0
25 23 85 107 0
23 25 107 85 0
25 23 107 85 0
23 25 86 106 0
25 23 86 106 0
23 25 106 86 0
25 23 106 86 0
23 25 87 105 0
25 23 87 105 0
23 25 105 87 0
25 23 105 87 0
23 25 88 104 0
25 23 88 104 0
23 25 104 88 0
25 23 104 88 0
23 25 89 103 0
25 23 89 103 0
23 25 103 89 0
25 23 103 89 0
23 25 90 102 0
25 23 90 102 0
23 25 102 90 0
25 23 102 90 0
23 25 91 101 0
25 23 91 101 0
23 25 101 91 0
25 23 101 91 0
23 25 92 100 0
25 23 92 100 0
23 25 100 92 0
25 23 100 92 0
23 25 93 99 0
25 23 93 99 0
23 25 99 93 0
25 23 99 93 0
23 25 94 98 0
25 23 94 98 0
23 25 98 94 0
25 23 98 94 0
23 25 95 97 0
25 23 95 97 0
23 25 97 95 0
25 23 97 95 0
23 25 96 96 0
25 23 96 96 0
24 24 77 115 0
24 24 115 77 0
24 24 78 114 0
24 24 114 78 0
24 24 79 113 0
24 24 113 79 0
24 24 80 112 0
24 24 112 80 0
24 24 81 111 0
24 24 111 81 0
24 24 82 110 0
24 24 110 82 0
24 24 83 109 0
24 24 109 83 0
24 24 84 108 0
24 24 108 84 0
24 24 85 107 1
24 24 107 85 1
24 24 86 106 1
24 24 106 86 1
24 24 87 105 1
24 24 105 87 1
24 24 88 104 1
24 24 104 88 1
24 24 89 103 1
24 24 103 89 1
24 24 90 102 1
24 24 102 90 1
24 24 91 101 1
24 24 101 91 1
24 24 92 100 1
24 24 100 92 1
24 24 93 99 1
24 24 99 93 1
24 24 94 98 1
24 24 98 94 1
24 24 95 97 1
24 24 97 95 1
24 24 96 96 1
