17 29 78 106 0
29 17 78 106 0
17 29 106 78 0
29 17 106 78 0
17 29 79 105 0
29 17 79 105 0
17 29 105 79 0
29 17 105 79 0
17 29 80 104 0
29 17 80 104 0
17 29 104 80 0
29 17 104 80 0
17 29 81 103 0
29 17 81 103 0
17 29 103 81 0
29 17 103 81 0
17 29 82 102 0
29 17 82 102 0
17 29 102 82 0
29 17 102 82 0
17 29 83 101 0
29 17 83 101 0
17 29 101 83 0
29 17 101 83 0
17 29 84 100 0
29 17 84 100 0
17 29 100 84 0
29 17 100 84 0
17 29 85 99 0
29 17 85 99 0
17 29 99 85 0
29 17 99 85 0
17 29 86 98 0
29 17 86 98 0
17 29 98 86 0
29 17 98 86 0
17 29 87 97 0
29 17 87 97 0
17 29 97 87 0
29 17 97 87 0
17 29 88 96 0
29 17 88 96 0
17 29 96 88 0
29 17 96 88 0
17 29 89 95 0
29 17 89 95 0
17 29 95 89 0
29 17 95 89 0
17 29 90 94 0
29 17 90 94 0
17 29 94 90 0
29 17 94 90 0
17 29 91 93 0
29 17 91 93 0
17 29 93 91 0
29 17 93 91 0
17 29 92 92 0
29 17 92 92 0
18 28 74 110 0
28 18 74 110 0
18 28 110 74 0
28 18 110 74 0
18 28 75 109 0
28 18 75 109 0
18 28 109 75 0
28 18 109 75 0
18 28 76 108 0
28 18 76 108 0
18 28 108 76 0
28 18 108 76 0
18 28 77 107 0
28 18 77 107 0
18 28 107 77 0
28 18 107 77 0
18 28 78 106 0
28 18 78 106 0
18 28 106 78 0
28 18 106 78 0
18 28 79 105 0
28 18 79 105 0
18 28 105 79 0
28 18 105 79 0
18 28 80 104 0
28 18 80 104 0
18 28 104 80 0
28 18 104 80 0
18 28 81 103 0
28 18 81 103 0
18 28 103 81 0
28 18 103 81 0
18 28 82 102 0
28 18 82 102 0
18 28 102 82 0
28 18 102 82 0
18 28 83 101 0
28 18 83 101 0
18 28 101 83 0
28 18 101 83 0
18 28 84 100 0
28 18 84 100 0
18 28 100 84 0
28 18 100 84 0
18 28 85 99 0
28 18 85 99 0
18 28 99 85 0
28 18 99 85 0
18 28 86 98 0
28 18 86 98 0
18 28 98 86 0
28 18 98 86 0
18 28 87 97 0
28 18 87 97 0
18 28 97 87 0
28 18 97 87 0
18 28 88 96 0
28 18 88 96 0
18 28 96 88 0
28 18 96 88 0
18 28 89 95 0
28 18 89 95 0
18 28 95 89 0
28 18 95 89 0
18 28 90 94 0
28 18 90 94 0
18 28 94 90 0
28 18 94 90 0
18 28 91 93 0
28 18 91 93 0
18 28 93 91 0
28 18 93 91 0
18 28 92 92 0
28 18 92 92 0
19 27 72 112 0
27 19 72 112 0
19 27 112 72 0
27 19 112 72 0
19 27 73 111 0
27 19 73 111 0
19 27 111 73 0
27 19 111 73 0
19 27 74 110 0
27 19 74 110 0
19 27 110 74 0
27 19 110 74 0
19 27 75 109 0
27 19 75 109 0
19 27 109 75 0
27 19 109 75 0
19 27 76 108 0
27 19 76 108 0
19 27 108 76 0
27 19 108 76 0
19 27 77 107 0
27 19 77 107 0
19 27 107 77 0
27 19 107 77 0
19 27 78 106 0
27 19 78 106 0
19 27 106 78 0
27 19 106 78 0
19 27 79 105 0
27 19 79 105 0
19 27 105 79 0
27 19 105 79 0
19 27 80 104 0
27 19 80 104 0
19 27 104 80 0
27 19 104 80 0
19 27 81 103 0
27 19 81 103 0
19 27 103 81 0
27 19 103 81 0
19 27 82 102 0
27 19 82 102 0
19 27 102 82 0
27 19 102 82 0
19 27 83 101 0
27 19 83 101 0
19 27 101 83 0
27 19 101 83 0
19 27 84 100 0
27 19 84 100 0
19 27 100 84 0
27 19 100 84 0
19 27 85 99 0
27 19 85 99 0
19 27 99 85 0
27 19 99 85 0
19 27 86 98 0
27 19 86 98 0
19 27 98 86 0
27 19 98 86 0
19 27 87 97 0
27 19 87 97 0
19 27 97 87 0
27 19 97 87 0
19 27 88 96 0
27 19 88 96 0
19 27 96 88 0
27 19 96 88 0
19 27 89 95 0
27 19 89 95 0
19 27 95 89 0
27 19 95 89 0
19 27 90 94 0
27 19 90 94 0
19 27 94 90 0
27 19 94 90 0
19 27 91 93 0
27 19 91 93 0
19 27 93 91 0
27 19 93 91 0
19 27 92 92 0
27 19 92 92 0
20 26 71 113 0
26 20 71 113 0
20 26 113 71 0
26 20 113 71 0
20 26 72 112 0
26 20 72 112 0
20 26 112 72 0
26 20 112 72 0
20 26 73 111 0
26 20 73 111 0
20 26 111 73 0
26 20 111 73 0
20 26 74 110 0
26 20 74 110 0
20 26 110 74 0
26 20 110 74 0
20 26 75 109 0
26 20 75 109 0
20 26 109 75 0
26 20 109 75 0
20 26 76 108 0
26 20 76 108 0
20 26 108 76 0
26 20 108 76 0
20 26 77 107 0
26 20 77 107 0
20 26 107 77 0
26 20 107 77 0
20 26 78 106 0
26 20 78 106 0
20 26 106 78 0
26 20 106 78 0
20 26 79 105 0
26 20 79 105 0
20 26 105 79 0
26 20 105 79 0
20 26 80 104 0
26 20 80 104 0
20 26 104 80 0
26 20 104 80 0
20 26 81 103 0
26 20 81 103 0
20 26 103 81 0
26 20 103 81 0
20 26 82 102 0
26 20 82 102 0
20 26 102 82 0
26 20 102 82 0
20 26 83 101 0
26 20 83 101 0
20 26 101 83 0
26 20 101 83 0
20 26 84 100 0
26 20 84 100 0
20 26 100 84 0
26 20 100 84 0
20 26 85 99 0
26 20 85 99 0
20 26 99 85 0
26 20 99 85 0
20 26 86 98 0
26 20 86 98 0
20 26 98 86 0
26 20 98 86 0
20 26 87 97 0
26 20 87 97 0
20 26 97 87 0
26 20 97 87 0
20 26 88 96 0
26 20 88 96 0
20 26 96 88 0
26 20 96 88 0
20 26 89 95 0
26 20 89 95 0
20 26 95 89 0
26 20 95 89 0
20 26 90 94 0
26 20 90 94 0
20 26 94 90 0
26 20 94 90 0
20 26 91 93 0
26 20 91 93 0
20 26 93 91 0
26 20 93 91 0
20 26 92 92 0
26 20 92 92 0
21 25 70 114 0
25 21 70 114 0
21 25 114 70 0
25 21 114 70 0
21 25 71 113 0
25 21 71 113 0
21 25 113 71 0
25 21 113 71 0
21 25 72 112 0
25 21 72 112 0
21 25 112 72 0
25 21 112 72 0
21 25 73 111 0
25 21 73 111 0
21 25 111 73 0
25 21 111 73 0
21 25 74 110 0
25 21 74 110 0
21 25 110 74 0
25 21 110 74 0
21 25 75 109 0
25 21 75 109 0
21 25 109 75 0
25 21 109 75 0
21 25 76 108 0
25 21 76 108 0
21 25 108 76 0
25 21 108 76 0
21 25 77 107 0
25 21 77 107 0
21 25 107 77 0
25 21 107 77 0
21 25 78 106 0
25 21 78 106 0
21 25 106 78 0
25 21 106 78 0
21 25 79 105 0
25 21 79 105 0
21 25 105 79 0
25 21 105 79 0
21 25 80 104 0
25 21 80 104 0
21 25 104 80 0
25 21 104 80 0
21 25 81 103 0
25 21 81 103 0
21 25 103 81 0
25 21 103 81 0
21 25 82 102 0
25 21 82 102 0
21 25 102 82 0
25 21 102 82 0
21 25 83 101 0
25 21 83 101 0
21 25 101 83 0
25 21 101 83 0
21 25 84 100 0
25 21 84 100 0
21 25 100 84 0
25 21 100 84 0
21 25 85 99 0
25 21 85 99 0
21 25 99 85 0
25 21 99 85 0
21 25 86 98 0
25 21 86 98 0
21 25 98 86 0
25 21 98 86 0
21 25 87 97 0
25 21 87 97 0
21 25 97 87 0
25 21 97 87 0
21 25 88 96 0
25 21 88 96 0
21 25 96 88 0
25 21 96 88 0
21 25 89 95 0
25 21 89 95 0
21 25 95 89 0
25 21 95 89 0
21 25 90 94 0
25 21 90 94 0
21 25 94 90 0
25 21 94 90 0
21 25 91 93 0
25 21 91 93 0
21 25 93 91 0
25 21 93 91 0
21 25 92 92 0
25 21 92 92 0
22 24 70 114 0
24 22 70 114 0
22 24 114 70 0
24 22 114 70 0
22 24 71 113 0
24 22 71 113 0
22 24 113 71 0
24 22 113 71 0
22 24 72 112 0
24 22 72 112 0
22 24 112 72 0
24 22 112 72 0
22 24 73 111 0
24 22 73 111 0
22 24 111 73 0
24 22 111 73 0
22 24 74 110 0
24 22 74 110 0
22 24 110 74 0
24 22 110 74 0
22 24 75 109 0
24 22 75 109 0
22 24 109 75 0
24 22 109 75 0
22 24 76 108 0
24 22 76 108 0
22 24 108 76 0
24 22 108 76 0
22 24 77 107 0
24 22 77 107 0
22 24 107 77 0
24 22 107 77 0
22 24 78 106 1
24 22 78 106 1
22 24 106 78 1
24 22 106 78 1
22 24 79 105 2
24 22 79 105 2
22 24 105 79 2
24 22 105 79 2
22 24 80 104 3
24 22 80 104 3
22 24 104 80 3
24 22 104 80 3
22 24 81 103 4
24 22 81 103 4
22 24 103 81 4
24 22 103 81 4
22 24 82 102 5
24 22 82 102 5
22 24 102 82 5
24 22 102 82 5
22 24 83 101 6
24 22 83 101 6
22 24 101 83 6
24 22 101 83 6
22 24 84 100 7
24 22 84 100 7
22 24 100 84 7
24 22 100 84 7
22 24 85 99 8
24 22 85 99 8
22 24 99 85 8
24 22 99 85 8
22 24 86 98 8
24 22 86 98 8
22 24 98 86 8
24 22 98 86 8
22 24 87 97 8
24 22 87 97 8
22 24 97 87 8
24 22 97 87 8
22 24 88 96 8
24 22 88 96 8
22 24 96 88 8
24 22 96 88 8
22 24 89 95 8
24 22 89 95 8
22 24 95 89 8
24 22 95 89 8
22 24 90 94 8
24 22 90 94 8
22 24 94 90 8
24 22 94 90 8
22 24 91 93 8
24 22 91 93 8
22 24 93 91 8
24 22 93 91 8
22 24 92 92 8
24 22 92 92 8
23 23 70 114 0
23 23 114 70 0
23 23 71 113 0
23 23 113 71 0
23 23 72 112 0
23 23 112 72 0
23 23 73 111 0
23 23 111 73 0
23 23 74 110 0
23 23 110 74 0
23 23 75 109 0
23 23 109 75 0
23 23 76 108 0
23 23 108 76 0
23 23 77 107 0
23 23 107 77 0
23 23 78 106 1
23 23 106 78 1
23 23 79 105 2
23 23 105 79 2
23 23 80 104 3
23 23 104 80 3
23 23 81 103 4
23 23 103 81 4
23 23 82 102 5
23 23 102 82 5
23 23 83 101 6
23 23 101 83 6
23 23 84 100 7
23 23 100 84 7
23 23 85 99 8
23 23 99 85 8
23 23 86 98 8
23 23 98 86 8
23 23 87 97 8
23 23 97 87 8
23 23 88 96 8
23 23 96 88 8
23 23 89 95 8
23 23 95 89 8
23 23 90 94 8
23 23 94 90 8
23 23 91 93 8
23 23 93 91 8
23 23 92 92 8
