13 29 73 95 0
29 13 73 95 0
13 29 95 73 0
29 13 95 73 0
13 29 74 94 0
29 13 74 94 0
13 29 94 74 0
29 13 94 74 0
13 29 75 93 0
29 13 75 93 0
13 29 93 75 0
29 13 93 75 0
13 29 76 92 0
29 13 76 92 0
13 29 92 76 0
29 13 92 76 0
13 29 77 91 0
29 13 77 91 0
13 29 91 77 0
29 13 91 77 0
13 29 78 90 0
29 13 78 90 0
13 29 90 78 0
29 13 90 78 0
13 29 79 89 0
29 13 79 89 0
13 29 89 79 0
29 13 89 79 0
13 29 80 88 0
29 13 80 88 0
13 29 88 80 0
29 13 88 80 0
13 29 81 87 0
29 13 81 87 0
13 29 87 81 0
29 13 87 81 0
13 29 82 86 0
29 13 82 86 0
13 29 86 82 0
29 13 86 82 0
13 29 83 85 0
29 13 83 85 0
13 29 85 83 0
29 13 85 83 0
13 29 84 84 0
29 13 84 84 0
14 28 67 101 0
28 14 67 101 0
14 28 101 67 0
28 14 101 67 0
14 28 68 100 0
28 14 68 100 0
14 28 100 68 0
28 14 100 68 0
14 28 69 99 0
28 14 69 99 0
14 28 99 69 0
28 14 99 69 0
14 28 70 98 0
28 14 70 98 0
14 28 98 70 0
28 14 98 70 0
14 28 71 97 0
28 14 71 97 0
14 28 97 71 0
28 14 97 71 0
14 28 72 96 0
28 14 72 96 0
14 28 96 72 0
28 14 96 72 0
14 28 73 95 0
28 14 73 95 0
14 28 95 73 0
28 14 95 73 0
14 28 74 94 0
28 14 74 94 0
14 28 94 74 0
28 14 94 74 0
14 28 75 93 0
28 14 75 93 0
14 28 93 75 0
28 14 93 75 0
14 28 76 92 0
28 14 76 92 0
14 28 92 76 0
28 14 92 76 0
14 28 77 91 0
28 14 77 91 0
14 28 91 77 0
28 14 91 77 0
14 28 78 90 0
28 14 78 90 0
14 28 90 78 0
28 14 90 78 0
14 28 79 89 0
28 14 79 89 0
14 28 89 79 0
28 14 89 79 0
14 28 80 88 0
28 14 80 88 0
14 28 88 80 0
28 14 88 80 0
14 28 81 87 0
28 14 81 87 0
14 28 87 81 0
28 14 87 81 0
14 28 82 86 0
28 14 82 86 0
14 28 86 82 0
28 14 86 82 0
14 28 83 85 0
28 14 83 85 0
14 28 85 83 0
28 14 85 83 0
14 28 84 84 0
28 14 84 84 0
15 27 63 105 0
27 15 63 105 0
15 27 105 63 0
27 15 105 63 0
15 27 64 104 0
27 15 64 104 0
15 27 104 64 0
27 15 104 64 0
15 27 65 103 0
27 15 65 103 0
15 27 103 65 0
27 15 103 65 0
15 27 66 102 0
27 15 66 102 0
15 27 102 66 0
27 15 102 66 0
15 27 67 101 0
27 15 67 101 0
15 27 101 67 0
27 15 101 67 0
15 27 68 100 0
27 15 68 100 0
15 27 100 68 0
27 15 100 68 0
15 27 69 99 0
27 15 69 99 0
15 27 99 69 0
27 15 99 69 0
15 27 70 98 0
27 15 70 98 0
15 27 98 70 0
27 15 98 70 0
15 27 71 97 0
27 15 71 97 0
15 27 97 71 0
27 15 97 71 0
15 27 72 96 0
27 15 72 96 0
15 27 96 72 0
27 15 96 72 0
15 27 73 95 0
27 15 73 95 0
15 27 95 73 0
27 15 95 73 0
15 27 74 94 0
27 15 74 94 0
15 27 94 74 0
27 15 94 74 0
15 27 75 93 0
27 15 75 93 0
15 27 93 75 0
27 15 93 75 0
15 27 76 92 0
27 15 76 92 0
15 27 92 76 0
27 15 92 76 0
15 27 77 91 0
27 15 77 91 0
15 27 91 77 0
27 15 91 77 0
15 27 78 90 0
27 15 78 90 0
15 27 90 78 0
27 15 90 78 0
15 27 79 89 0
27 15 79 89 0
15 27 89 79 0
27 15 89 79 0
15 27 80 88 0
27 15 80 88 0
15 27 88 80 0
27 15 88 80 0
15 27 81 87 0
27 15 81 87 0
15 27 87 81 0
27 15 87 81 0
15 27 82 86 0
27 15 82 86 0
15 27 86 82 0
27 15 86 82 0
15 27 83 85 0
27 15 83 85 0
15 27 85 83 0
27 15 85 83 0
15 27 84 84 0
27 15 84 84 0
16 26 61 107 0
26 16 61 107 0
16 26 107 61 0
26 16 107 61 0
16 26 62 106 0
26 16 62 106 0
16 26 106 62 0
26 16 106 62 0
16 26 63 105 0
26 16 63 105 0
16 26 105 63 0
26 16 105 63 0
16 26 64 104 0
26 16 64 104 0
16 26 104 64 0
26 16 104 64 0
16 26 65 103 0
26 16 65 103 0
16 26 103 65 0
26 16 103 65 0
16 26 66 102 0
26 16 66 102 0
16 26 102 66 0
26 16 102 66 0
16 26 67 101 0
26 16 67 101 0
16 26 101 67 0
26 16 101 67 0
16 26 68 100 0
26 16 68 100 0
16 26 100 68 0
26 16 100 68 0
16 26 69 99 0
26 16 69 99 0
16 26 99 69 0
26 16 99 69 0
16 26 70 98 0
26 16 70 98 0
16 26 98 70 0
26 16 98 70 0
16 26 71 97 0
26 16 71 97 0
16 26 97 71 0
26 16 97 71 0
16 26 72 96 0
26 16 72 96 0
16 26 96 72 0
26 16 96 72 0
16 26 73 95 0
26 16 73 95 0
16 26 95 73 0
26 16 95 73 0
16 26 74 94 0
26 16 74 94 0
16 26 94 74 0
26 16 94 74 0
16 26 75 93 0
26 16 75 93 0
16 26 93 75 0
26 16 93 75 0
16 26 76 92 0
26 16 76 92 0
16 26 92 76 0
26 16 92 76 0
16 26 77 91 0
26 16 77 91 0
16 26 91 77 0
26 16 91 77 0
16 26 78 90 0
26 16 78 90 0
16 26 90 78 0
26 16 90 78 0
16 26 79 89 0
26 16 79 89 0
16 26 89 79 0
26 16 89 79 0
16 26 80 88 0
26 16 80 88 0
16 26 88 80 0
26 16 88 80 0
16 26 81 87 0
26 16 81 87 0
16 26 87 81 0
26 16 87 81 0
16 26 82 86 0
26 16 82 86 0
16 26 86 82 0
26 16 86 82 0
16 26 83 85 0
26 16 83 85 0
16 26 85 83 0
26 16 85 83 0
16 26 84 84 0
26 16 84 84 0
17 25 59 109 0
25 17 59 109 0
17 25 109 59 0
25 17 109 59 0
17 25 60 108 0
25 17 60 108 0
17 25 108 60 0
25 17 108 60 0
17 25 61 107 0
25 17 61 107 0
17 25 107 61 0
25 17 107 61 0
17 25 62 106 0
25 17 62 106 0
17 25 106 62 0
25 17 106 62 0
17 25 63 105 0
25 17 63 105 0
17 25 105 63 0
25 17 105 63 0
17 25 64 104 0
25 17 64 104 0
17 25 104 64 0
25 17 104 64 0
17 25 65 103 0
25 17 65 103 0
17 25 103 65 0
25 17 103 65 0
17 25 66 102 0
25 17 66 102 0
17 25 102 66 0
25 17 102 66 0
17 25 67 101 0
25 17 67 101 0
17 25 101 67 0
25 17 101 67 0
17 25 68 100 0
25 17 68 100 0
17 25 100 68 0
25 17 100 68 0
17 25 69 99 0
25 17 69 99 0
17 25 99 69 0
25 17 99 69 0
17 25 70 98 0
25 17 70 98 0
17 25 98 70 0
25 17 98 70 0
17 25 71 97 0
25 17 71 97 0
17 25 97 71 0
25 17 97 71 0
17 25 72 96 0
25 17 72 96 0
17 25 96 72 0
25 17 96 72 0
17 25 73 95 0
25 17 73 95 0
17 25 95 73 0
25 17 95 73 0
17 25 74 94 0
25 17 74 94 0
17 25 94 74 0
25 17 94 74 0
17 25 75 93 0
25 17 75 93 0
17 25 93 75 0
25 17 93 75 0
17 25 76 92 0
25 17 76 92 0
17 25 92 76 0
25 17 92 76 0
17 25 77 91 0
25 17 77 91 0
17 25 91 77 0
25 17 91 77 0
17 25 78 90 0
25 17 78 90 0
17 25 90 78 0
25 17 90 78 0
17 25 79 89 0
25 17 79 89 0
17 25 89 79 0
25 17 89 79 0
17 25 80 88 0
25 17 80 88 0
17 25 88 80 0
25 17 88 80 0
17 25 81 87 0
25 17 81 87 0
17 25 87 81 0
25 17 87 81 0
17 25 82 86 0
25 17 82 86 0
17 25 86 82 0
25 17 86 82 0
17 25 83 85 0
25 17 83 85 0
17 25 85 83 0
25 17 85 83 0
17 25 84 84 0
25 17 84 84 0
18 24 58 110 0
24 18 58 110 0
18 24 110 58 0
24 18 110 58 0
18 24 59 109 0
24 18 59 109 0
18 24 109 59 0
24 18 109 59 0
18 24 60 108 0
24 18 60 108 0
18 24 108 60 0
24 18 108 60 0
18 24 61 107 0
24 18 61 107 0
18 24 107 61 0
24 18 107 61 0
18 24 62 106 0
24 18 62 106 0
18 24 106 62 0
24 18 106 62 0
18 24 63 105 0
24 18 63 105 0
18 24 105 63 0
24 18 105 63 0
18 24 64 104 0
24 18 64 104 0
18 24 104 64 0
24 18 104 64 0
18 24 65 103 0
24 18 65 103 0
18 24 103 65 0
24 18 103 65 0
18 24 66 102 0
24 18 66 102 0
18 24 102 66 0
24 18 102 66 0
18 24 67 101 1
24 18 67 101 1
18 24 101 67 1
24 18 101 67 1
18 24 68 100 2
24 18 68 100 2
18 24 100 68 2
24 18 100 68 2
18 24 69 99 4
24 18 69 99 4
18 24 99 69 4
24 18 99 69 4
18 24 70 98 7
24 18 70 98 7
18 24 98 70 7
24 18 98 70 7
18 24 71 97 11
24 18 71 97 11
18 24 97 71 11
24 18 97 71 11
18 24 72 96 16
24 18 72 96 16
18 24 96 72 16
24 18 96 72 16
18 24 73 95 22
24 18 73 95 22
18 24 95 73 22
24 18 95 73 22
18 24 74 94 28
24 18 74 94 28
18 24 94 74 28
24 18 94 74 28
18 24 75 93 34
24 18 75 93 34
18 24 93 75 34
24 18 93 75 34
18 24 76 92 40
24 18 76 92 40
18 24 92 76 40
24 18 92 76 40
18 24 77 91 45
24 18 77 91 45
18 24 91 77 45
24 18 91 77 45
18 24 78 90 49
24 18 78 90 49
18 24 90 78 49
24 18 90 78 49
18 24 79 89 52
24 18 79 89 52
18 24 89 79 52
24 18 89 79 52
18 24 80 88 54
24 18 80 88 54
18 24 88 80 54
24 18 88 80 54
18 24 81 87 55
24 18 81 87 55
18 24 87 81 55
24 18 87 81 55
18 24 82 86 56
24 18 82 86 56
18 24 86 82 56
24 18 86 82 56
18 24 83 85 56
24 18 83 85 56
18 24 85 83 56
24 18 85 83 56
18 24 84 84 56
24 18 84 84 56
19 23 57 111 0
23 19 57 111 0
19 23 111 57 0
23 19 111 57 0
19 23 58 110 0
23 19 58 110 0
19 23 110 58 0
23 19 110 58 0
19 23 59 109 0
23 19 59 109 0
19 23 109 59 0
23 19 109 59 0
19 23 60 108 0
23 19 60 108 0
19 23 108 60 0
23 19 108 60 0
19 23 61 107 0
23 19 61 107 0
19 23 107 61 0
23 19 107 61 0
19 23 62 106 0
23 19 62 106 0
19 23 106 62 0
23 19 106 62 0
19 23 63 105 0
23 19 63 105 0
19 23 105 63 0
23 19 105 63 0
19 23 64 104 0
23 19 64 104 0
19 23 104 64 0
23 19 104 64 0
19 23 65 103 1
23 19 65 103 1
19 23 103 65 1
23 19 103 65 1
19 23 66 102 3
23 19 66 102 3
19 23 102 66 3
23 19 102 66 3
19 23 67 101 7
23 19 67 101 7
19 23 101 67 7
23 19 101 67 7
19 23 68 100 13
23 19 68 100 13
19 23 100 68 13
23 19 100 68 13
19 23 69 99 22
23 19 69 99 22
19 23 99 69 22
23 19 99 69 22
19 23 70 98 34
23 19 70 98 34
19 23 98 70 34
23 19 98 70 34
19 23 71 97 50
23 19 71 97 50
19 23 97 71 50
23 19 97 71 50
19 23 72 96 69
23 19 72 96 69
19 23 96 72 69
23 19 96 72 69
19 23 73 95 90
23 19 73 95 90
19 23 95 73 90
23 19 95 73 90
19 23 74 94 112
23 19 74 94 112
19 23 94 74 112
23 19 94 74 112
19 23 75 93 134
23 19 75 93 134
19 23 93 75 134
23 19 93 75 134
19 23 76 92 155
23 19 76 92 155
19 23 92 76 155
23 19 92 76 155
19 23 77 91 174
23 19 77 91 174
19 23 91 77 174
23 19 91 77 174
19 23 78 90 190
23 19 78 90 190
19 23 90 78 190
23 19 90 78 190
19 23 79 89 202
23 19 79 89 202
19 23 89 79 202
23 19 89 79 202
19 23 80 88 211
23 19 80 88 211
19 23 88 80 211
23 19 88 80 211
19 23 81 87 217
23 19 81 87 217
19 23 87 81 217
23 19 87 81 217
19 23 82 86 221
23 19 82 86 221
19 23 86 82 221
23 19 86 82 221
19 23 83 85 223
23 19 83 85 223
19 23 85 83 223
23 19 85 83 223
19 23 84 84 224
23 19 84 84 224
20 22 57 111 0
22 20 57 111 0
20 22 111 57 0
22 20 111 57 0
20 22 58 110 0
22 20 58 110 0
20 22 110 58 0
22 20 110 58 0
20 22 59 109 0
22 20 59 109 0
20 22 109 59 0
22 20 109 59 0
20 22 60 108 0
22 20 60 108 0
20 22 108 60 0
22 20 108 60 0
20 22 61 107 0
22 20 61 107 0
20 22 107 61 0
22 20 107 61 0
20 22 62 106 0
22 20 62 106 0
20 22 106 62 0
22 20 106 62 0
20 22 63 105 0
22 20 63 105 0
20 22 105 63 0
22 20 105 63 0
20 22 64 104 0
22 20 64 104 0
20 22 104 64 0
22 20 104 64 0
20 22 65 103 2
22 20 65 103 2
20 22 103 65 2
22 20 103 65 2
20 22 66 102 6
22 20 66 102 6
20 22 102 66 6
22 20 102 66 6
20 22 67 101 14
22 20 67 101 14
20 22 101 67 14
22 20 101 67 14
20 22 68 100 26
22 20 68 100 26
20 22 100 68 26
22 20 100 68 26
20 22 69 99 44
22 20 69 99 44
20 22 99 69 44
22 20 99 69 44
20 22 70 98 68
22 20 70 98 68
20 22 98 70 68
22 20 98 70 68
20 22 71 97 100
22 20 71 97 100
20 22 97 71 100
22 20 97 71 100
20 22 72 96 138
22 20 72 96 138
20 22 96 72 138
22 20 96 72 138
20 22 73 95 180
22 20 73 95 180
20 22 95 73 180
22 20 95 73 180
20 22 74 94 224
22 20 74 94 224
20 22 94 74 224
22 20 94 74 224
20 22 75 93 268
22 20 75 93 268
20 22 93 75 268
22 20 93 75 268
20 22 76 92 310
22 20 76 92 310
20 22 92 76 310
22 20 92 76 310
20 22 77 91 348
22 20 77 91 348
20 22 91 77 348
22 20 91 77 348
20 22 78 90 380
22 20 78 90 380
20 22 90 78 380
22 20 90 78 380
20 22 79 89 404
22 20 79 89 404
20 22 89 79 404
22 20 89 79 404
20 22 80 88 422
22 20 80 88 422
20 22 88 80 422
22 20 88 80 422
20 22 81 87 434
22 20 81 87 434
20 22 87 81 434
22 20 87 81 434
20 22 82 86 442
22 20 82 86 442
20 22 86 82 442
22 20 86 82 442
20 22 83 85 446
22 20 83 85 446
20 22 85 83 446
22 20 85 83 446
20 22 84 84 448
22 20 84 84 448
21 21 57 111 0
21 21 111 57 0
21 21 58 110 0
21 21 110 58 0
21 21 59 109 0
21 21 109 59 0
21 21 60 108 0
21 21 108 60 0
21 21 61 107 0
21 21 107 61 0
21 21 62 106 0
21 21 106 62 0
21 21 63 105 0
21 21 105 63 0
21 21 64 104 1
21 21 104 64 1
21 21 65 103 4
21 21 103 65 4
21 21 66 102 10
21 21 102 66 10
21 21 67 101 21
21 21 101 67 21
21 21 68 100 37
21 21 100 68 37
21 21 69 99 60
21 21 99 69 60
21 21 70 98 91
21 21 98 70 91
21 21 71 97 131
21 21 97 71 131
21 21 72 96 178
21 21 96 72 178
21 21 73 95 230
21 21 95 73 230
21 21 74 94 284
21 21 94 74 284
21 21 75 93 338
21 21 93 75 338
21 21 76 92 390
21 21 92 76 390
21 21 77 91 437
21 21 91 77 437
21 21 78 90 477
21 21 90 78 477
21 21 79 89 508
21 21 89 79 508
21 21 80 88 531
21 21 88 80 531
21 21 81 87 547
21 21 87 81 547
21 21 82 86 558
21 21 86 82 558
21 21 83 85 564
21 21 85 83 564
21 21 84 84 566
