15 29 75 101 0
29 15 75 101 0
15 29 101 75 0
29 15 101 75 0
15 29 76 100 0
29 15 76 100 0
15 29 100 76 0
29 15 100 76 0
15 29 77 99 0
29 15 77 99 0
15 29 99 77 0
29 15 99 77 0
15 29 78 98 0
29 15 78 98 0
15 29 98 78 0
29 15 98 78 0
15 29 79 97 0
29 15 79 97 0
15 29 97 79 0
29 15 97 79 0
15 29 80 96 0
29 15 80 96 0
15 29 96 80 0
29 15 96 80 0
15 29 81 95 0
29 15 81 95 0
15 29 95 81 0
29 15 95 81 0
15 29 82 94 0
29 15 82 94 0
15 29 94 82 0
29 15 94 82 0
15 29 83 93 0
29 15 83 93 0
15 29 93 83 0
29 15 93 83 0
15 29 84 92 0
29 15 84 92 0
15 29 92 84 0
29 15 92 84 0
15 29 85 91 0
29 15 85 91 0
15 29 91 85 0
29 15 91 85 0
15 29 86 90 0
29 15 86 90 0
15 29 90 86 0
29 15 90 86 0
15 29 87 89 0
29 15 87 89 0
15 29 89 87 0
29 15 89 87 0
15 29 88 88 0
29 15 88 88 0
16 28 70 106 0
28 16 70 106 0
16 28 106 70 0
28 16 106 70 0
16 28 71 105 0
28 16 71 105 0
16 28 105 71 0
28 16 105 71 0
16 28 72 104 0
28 16 72 104 0
16 28 104 72 0
28 16 104 72 0
16 28 73 103 0
28 16 73 103 0
16 28 103 73 0
28 16 103 73 0
16 28 74 102 0
28 16 74 102 0
16 28 102 74 0
28 16 102 74 0
16 28 75 101 0
28 16 75 101 0
16 28 101 75 0
28 16 101 75 0
16 28 76 100 0
28 16 76 100 0
16 28 100 76 0
28 16 100 76 0
16 28 77 99 0
28 16 77 99 0
16 28 99 77 0
28 16 99 77 0
16 28 78 98 0
28 16 78 98 0
16 28 98 78 0
28 16 98 78 0
16 28 79 97 0
28 16 79 97 0
16 28 97 79 0
28 16 97 79 0
16 28 80 96 0
28 16 80 96 0
16 28 96 80 0
28 16 96 80 0
16 28 81 95 0
28 16 81 95 0
16 28 95 81 0
28 16 95 81 0
16 28 82 94 0
28 16 82 94 0
16 28 94 82 0
28 16 94 82 0
16 28 83 93 0
28 16 83 93 0
16 28 93 83 0
28 16 93 83 0
16 28 84 92 0
28 16 84 92 0
16 28 92 84 0
28 16 92 84 0
16 28 85 91 0
28 16 85 91 0
16 28 91 85 0
28 16 91 85 0
16 28 86 90 0
28 16 86 90 0
16 28 90 86 0
28 16 90 86 0
16 28 87 89 0
28 16 87 89 0
16 28 89 87 0
28 16 89 87 0
16 28 88 88 0
28 16 88 88 0
17 27 67 109 0
27 17 67 109 0
17 27 109 67 0
27 17 109 67 0
17 27 68 108 0
27 17 68 108 0
17 27 108 68 0
27 17 108 68 0
17 27 69 107 0
27 17 69 107 0
17 27 107 69 0
27 17 107 69 0
17 27 70 106 0
27 17 70 106 0
17 27 106 70 0
27 17 106 70 0
17 27 71 105 0
27 17 71 105 0
17 27 105 71 0
27 17 105 71 0
17 27 72 104 0
27 17 72 104 0
17 27 104 72 0
27 17 104 72 0
17 27 73 103 0
27 17 73 103 0
17 27 103 73 0
27 17 103 73 0
17 27 74 102 0
27 17 74 102 0
17 27 102 74 0
27 17 102 74 0
17 27 75 101 0
27 17 75 101 0
17 27 101 75 0
27 17 101 75 0
17 27 76 100 0
27 17 76 100 0
17 27 100 76 0
27 17 100 76 0
17 27 77 99 0
27 17 77 99 0
17 27 99 77 0
27 17 99 77 0
17 27 78 98 0
27 17 78 98 0
17 27 98 78 0
27 17 98 78 0
17 27 79 97 0
27 17 79 97 0
17 27 97 79 0
27 17 97 79 0
17 27 80 96 0
27 17 80 96 0
17 27 96 80 0
27 17 96 80 0
17 27 81 95 0
27 17 81 95 0
17 27 95 81 0
27 17 95 81 0
17 27 82 94 0
27 17 82 94 0
17 27 94 82 0
27 17 94 82 0
17 27 83 93 0
27 17 83 93 0
17 27 93 83 0
27 17 93 83 0
17 27 84 92 0
27 17 84 92 0
17 27 92 84 0
27 17 92 84 0
17 27 85 91 0
27 17 85 91 0
17 27 91 85 0
27 17 91 85 0
17 27 86 90 0
27 17 86 90 0
17 27 90 86 0
27 17 90 86 0
17 27 87 89 0
27 17 87 89 0
17 27 89 87 0
27 17 89 87 0
17 27 88 88 0
27 17 88 88 0
18 26 66 110 0
26 18 66 110 0
18 26 110 66 0
26 18 110 66 0
18 26 67 109 0
26 18 67 109 0
18 26 109 67 0
26 18 109 67 0
18 26 68 108 0
26 18 68 108 0
18 26 108 68 0
26 18 108 68 0
18 26 69 107 0
26 18 69 107 0
18 26 107 69 0
26 18 107 69 0
18 26 70 106 0
26 18 70 106 0
18 26 106 70 0
26 18 106 70 0
18 26 71 105 0
26 18 71 105 0
18 26 105 71 0
26 18 105 71 0
18 26 72 104 0
26 18 72 104 0
18 26 104 72 0
26 18 104 72 0
18 26 73 103 0
26 18 73 103 0
18 26 103 73 0
26 18 103 73 0
18 26 74 102 0
26 18 74 102 0
18 26 102 74 0
26 18 102 74 0
18 26 75 101 0
26 18 75 101 0
18 26 101 75 0
26 18 101 75 0
18 26 76 100 0
26 18 76 100 0
18 26 100 76 0
26 18 100 76 0
18 26 77 99 0
26 18 77 99 0
18 26 99 77 0
26 18 99 77 0
18 26 78 98 0
26 18 78 98 0
18 26 98 78 0
26 18 98 78 0
18 26 79 97 0
26 18 79 97 0
18 26 97 79 0
26 18 97 79 0
18 26 80 96 0
26 18 80 96 0
18 26 96 80 0
26 18 96 80 0
18 26 81 95 0
26 18 81 95 0
18 26 95 81 0
26 18 95 81 0
18 26 82 94 0
26 18 82 94 0
18 26 94 82 0
26 18 94 82 0
18 26 83 93 0
26 18 83 93 0
18 26 93 83 0
26 18 93 83 0
18 26 84 92 0
26 18 84 92 0
18 26 92 84 0
26 18 92 84 0
18 26 85 91 0
26 18 85 91 0
18 26 91 85 0
26 18 91 85 0
18 26 86 90 0
26 18 86 90 0
18 26 90 86 0
26 18 90 86 0
18 26 87 89 0
26 18 87 89 0
18 26 89 87 0
26 18 89 87 0
18 26 88 88 0
26 18 88 88 0
19 25 64 112 0
25 19 64 112 0
19 25 112 64 0
25 19 112 64 0
19 25 65 111 0
25 19 65 111 0
19 25 111 65 0
25 19 111 65 0
19 25 66 110 0
25 19 66 110 0
19 25 110 66 0
25 19 110 66 0
19 25 67 109 0
25 19 67 109 0
19 25 109 67 0
25 19 109 67 0
19 25 68 108 0
25 19 68 108 0
19 25 108 68 0
25 19 108 68 0
19 25 69 107 0
25 19 69 107 0
19 25 107 69 0
25 19 107 69 0
19 25 70 106 0
25 19 70 106 0
19 25 106 70 0
25 19 106 70 0
19 25 71 105 0
25 19 71 105 0
19 25 105 71 0
25 19 105 71 0
19 25 72 104 0
25 19 72 104 0
19 25 104 72 0
25 19 104 72 0
19 25 73 103 0
25 19 73 103 0
19 25 103 73 0
25 19 103 73 0
19 25 74 102 0
25 19 74 102 0
19 25 102 74 0
25 19 102 74 0
19 25 75 101 0
25 19 75 101 0
19 25 101 75 0
25 19 101 75 0
19 25 76 100 0
25 19 76 100 0
19 25 100 76 0
25 19 100 76 0
19 25 77 99 0
25 19 77 99 0
19 25 99 77 0
25 19 99 77 0
19 25 78 98 0
25 19 78 98 0
19 25 98 78 0
25 19 98 78 0
19 25 79 97 0
25 19 79 97 0
19 25 97 79 0
25 19 97 79 0
19 25 80 96 0
25 19 80 96 0
19 25 96 80 0
25 19 96 80 0
19 25 81 95 0
25 19 81 95 0
19 25 95 81 0
25 19 95 81 0
19 25 82 94 0
25 19 82 94 0
19 25 94 82 0
25 19 94 82 0
19 25 83 93 0
25 19 83 93 0
19 25 93 83 0
25 19 93 83 0
19 25 84 92 0
25 19 84 92 0
19 25 92 84 0
25 19 92 84 0
19 25 85 91 0
25 19 85 91 0
19 25 91 85 0
25 19 91 85 0
19 25 86 90 0
25 19 86 90 0
19 25 90 86 0
25 19 90 86 0
19 25 87 89 0
25 19 87 89 0
19 25 89 87 0
25 19 89 87 0
19 25 88 88 0
25 19 88 88 0
20 24 64 112 0
24 20 64 112 0
20 24 112 64 0
24 20 112 64 0
20 24 65 111 0
24 20 65 111 0
20 24 111 65 0
24 20 111 65 0
20 24 66 110 0
24 20 66 110 0
20 24 110 66 0
24 20 110 66 0
20 24 67 109 0
24 20 67 109 0
20 24 109 67 0
24 20 109 67 0
20 24 68 108 0
24 20 68 108 0
20 24 108 68 0
24 20 108 68 0
20 24 69 107 0
24 20 69 107 0
20 24 107 69 0
24 20 107 69 0
20 24 70 106 0
24 20 70 106 0
20 24 106 70 0
24 20 106 70 0
20 24 71 105 0
24 20 71 105 0
20 24 105 71 0
24 20 105 71 0
20 24 72 104 1
24 20 72 104 1
20 24 104 72 1
24 20 104 72 1
20 24 73 103 2
24 20 73 103 2
20 24 103 73 2
24 20 103 73 2
20 24 74 102 4
24 20 74 102 4
20 24 102 74 4
24 20 102 74 4
20 24 75 101 6
24 20 75 101 6
20 24 101 75 6
24 20 101 75 6
20 24 76 100 9
24 20 76 100 9
20 24 100 76 9
24 20 100 76 9
20 24 77 99 12
24 20 77 99 12
20 24 99 77 12
24 20 99 77 12
20 24 78 98 16
24 20 78 98 16
20 24 98 78 16
24 20 98 78 16
20 24 79 97 19
24 20 79 97 19
20 24 97 79 19
24 20 97 79 19
20 24 80 96 22
24 20 80 96 22
20 24 96 80 22
24 20 96 80 22
20 24 81 95 24
24 20 81 95 24
20 24 95 81 24
24 20 95 81 24
20 24 82 94 26
24 20 82 94 26
20 24 94 82 26
24 20 94 82 26
20 24 83 93 27
24 20 83 93 27
20 24 93 83 27
24 20 93 83 27
20 24 84 92 28
24 20 84 92 28
20 24 92 84 28
24 20 92 84 28
20 24 85 91 28
24 20 85 91 28
20 24 91 85 28
24 20 91 85 28
20 24 86 90 28
24 20 86 90 28
20 24 90 86 28
24 20 90 86 28
20 24 87 89 28
24 20 87 89 28
20 24 89 87 28
24 20 89 87 28
20 24 88 88 28
24 20 88 88 28
21 23 63 113 0
23 21 63 113 0
21 23 113 63 0
23 21 113 63 0
21 23 64 112 0
23 21 64 112 0
21 23 112 64 0
23 21 112 64 0
21 23 65 111 0
23 21 65 111 0
21 23 111 65 0
23 21 111 65 0
21 23 66 110 0
23 21 66 110 0
21 23 110 66 0
23 21 110 66 0
21 23 67 109 0
23 21 67 109 0
21 23 109 67 0
23 21 109 67 0
21 23 68 108 0
23 21 68 108 0
21 23 108 68 0
23 21 108 68 0
21 23 69 107 0
23 21 69 107 0
21 23 107 69 0
23 21 107 69 0
21 23 70 106 0
23 21 70 106 0
21 23 106 70 0
23 21 106 70 0
21 23 71 105 1
23 21 71 105 1
21 23 105 71 1
23 21 105 71 1
21 23 72 104 3
23 21 72 104 3
21 23 104 72 3
23 21 104 72 3
21 23 73 103 6
23 21 73 103 6
21 23 103 73 6
23 21 103 73 6
21 23 74 102 10
23 21 74 102 10
21 23 102 74 10
23 21 102 74 10
21 23 75 101 15
23 21 75 101 15
21 23 101 75 15
23 21 101 75 15
21 23 76 100 21
23 21 76 100 21
21 23 100 76 21
23 21 100 76 21
21 23 77 99 28
23 21 77 99 28
21 23 99 77 28
23 21 99 77 28
21 23 78 98 36
23 21 78 98 36
21 23 98 78 36
23 21 98 78 36
21 23 79 97 43
23 21 79 97 43
21 23 97 79 43
23 21 97 79 43
21 23 80 96 49
23 21 80 96 49
21 23 96 80 49
23 21 96 80 49
21 23 81 95 54
23 21 81 95 54
21 23 95 81 54
23 21 95 81 54
21 23 82 94 58
23 21 82 94 58
21 23 94 82 58
23 21 94 82 58
21 23 83 93 61
23 21 83 93 61
21 23 93 83 61
23 21 93 83 61
21 23 84 92 63
23 21 84 92 63
21 23 92 84 63
23 21 92 84 63
21 23 85 91 64
23 21 85 91 64
21 23 91 85 64
23 21 91 85 64
21 23 86 90 64
23 21 86 90 64
21 23 90 86 64
23 21 90 86 64
21 23 87 89 64
23 21 87 89 64
21 23 89 87 64
23 21 89 87 64
21 23 88 88 64
23 21 88 88 64
22 22 63 113 0
22 22 113 63 0
22 22 64 112 0
22 22 112 64 0
22 22 65 111 0
22 22 111 65 0
22 22 66 110 0
22 22 110 66 0
22 22 67 109 0
22 22 109 67 0
22 22 68 108 0
22 22 108 68 0
22 22 69 107 0
22 22 107 69 0
22 22 70 106 0
22 22 106 70 0
22 22 71 105 1
22 22 105 71 1
22 22 72 104 4
22 22 104 72 4
22 22 73 103 8
22 22 103 73 8
22 22 74 102 14
22 22 102 74 14
22 22 75 101 21
22 22 101 75 21
22 22 76 100 30
22 22 100 76 30
22 22 77 99 40
22 22 99 77 40
22 22 78 98 52
22 22 98 78 52
22 22 79 97 62
22 22 97 79 62
22 22 80 96 71
22 22 96 80 71
22 22 81 95 78
22 22 95 81 78
22 22 82 94 84
22 22 94 82 84
22 22 83 93 88
22 22 93 83 88
22 22 84 92 91
22 22 92 84 91
22 22 85 91 92
22 22 91 85 92
22 22 86 90 92
22 22 90 86 92
22 22 87 89 92
22 22 89 87 92
22 22 88 88 92
