21 29 100 100 0
29 21 100 100 0
21 29 87 113 0
29 21 87 113 0
21 29 113 87 0
29 21 113 87 0
21 29 88 112 0
29 21 88 112 0
21 29 112 88 0
29 21 112 88 0
21 29 89 111 0
29 21 89 111 0
21 29 111 89 0
29 21 111 89 0
21 29 90 110 0
29 21 90 110 0
21 29 110 90 0
29 21 110 90 0
21 29 91 109 0
29 21 91 109 0
21 29 109 91 0
29 21 109 91 0
21 29 92 108 0
29 21 92 108 0
21 29 108 92 0
29 21 108 92 0
21 29 93 107 0
29 21 93 107 0
21 29 107 93 0
29 21 107 93 0
21 29 94 106 0
29 21 94 106 0
21 29 106 94 0
29 21 106 94 0
21 29 95 105 0
29 21 95 105 0
21 29 105 95 0
29 21 105 95 0
21 29 96 104 0
29 21 96 104 0
21 29 104 96 0
29 21 104 96 0
21 29 97 103 0
29 21 97 103 0
21 29 103 97 0
29 21 103 97 0
21 29 98 102 0
29 21 98 102 0
21 29 102 98 0
29 21 102 98 0
21 29 99 101 0
29 21 99 101 0
21 29 101 99 0
29 21 101 99 0
22 28 100 100 0
28 22 100 100 0
22 28 85 115 0
28 22 85 115 0
22 28 115 85 0
28 22 115 85 0
22 28 86 114 0
28 22 86 114 0
22 28 114 86 0
28 22 114 86 0
22 28 87 113 0
28 22 87 113 0
22 28 113 87 0
28 22 113 87 0
22 28 88 112 0
28 22 88 112 0
22 28 112 88 0
28 22 112 88 0
22 28 89 111 0
28 22 89 111 0
22 28 111 89 0
28 22 111 89 0
22 28 90 110 0
28 22 90 110 0
22 28 110 90 0
28 22 110 90 0
22 28 91 109 0
28 22 91 109 0
22 28 109 91 0
28 22 109 91 0
22 28 92 108 0
28 22 92 108 0
22 28 108 92 0
28 22 108 92 0
22 28 93 107 0
28 22 93 107 0
22 28 107 93 0
28 22 107 93 0
22 28 94 106 0
28 22 94 106 0
22 28 106 94 0
28 22 106 94 0
22 28 95 105 0
28 22 95 105 0
22 28 105 95 0
28 22 105 95 0
22 28 96 104 0
28 22 96 104 0
22 28 104 96 0
28 22 104 96 0
22 28 97 103 0
28 22 97 103 0
22 28 103 97 0
28 22 103 97 0
22 28 98 102 0
28 22 98 102 0
22 28 102 98 0
28 22 102 98 0
22 28 99 101 0
28 22 99 101 0
22 28 101 99 0
28 22 101 99 0
23 27 100 100 0
27 23 100 100 0
23 27 85 115 0
27 23 85 115 0
23 27 115 85 0
27 23 115 85 0
23 27 86 114 0
27 23 86 114 0
23 27 114 86 0
27 23 114 86 0
23 27 87 113 0
27 23 87 113 0
23 27 113 87 0
27 23 113 87 0
23 27 88 112 0
27 23 88 112 0
23 27 112 88 0
27 23 112 88 0
23 27 89 111 0
27 23 89 111 0
23 27 111 89 0
27 23 111 89 0
23 27 90 110 0
27 23 90 110 0
23 27 110 90 0
27 23 110 90 0
23 27 91 109 0
27 23 91 109 0
23 27 109 91 0
27 23 109 91 0
23 27 92 108 0
27 23 92 108 0
23 27 108 92 0
27 23 108 92 0
23 27 93 107 0
27 23 93 107 0
23 27 107 93 0
27 23 107 93 0
23 27 94 106 0
27 23 94 106 0
23 27 106 94 0
27 23 106 94 0
23 27 95 105 0
27 23 95 105 0
23 27 105 95 0
27 23 105 95 0
23 27 96 104 0
27 23 96 104 0
23 27 104 96 0
27 23 104 96 0
23 27 97 103 0
27 23 97 103 0
23 27 103 97 0
27 23 103 97 0
23 27 98 102 0
27 23 98 102 0
23 27 102 98 0
27 23 102 98 0
23 27 99 101 0
27 23 99 101 0
23 27 101 99 0
27 23 101 99 0
24 26 100 100 0
26 24 100 100 0
24 26 84 116 0
26 24 84 116 0
24 26 116 84 0
26 24 116 84 0
24 26 85 115 0
26 24 85 115 0
24 26 115 85 0
26 24 115 85 0
24 26 86 114 0
26 24 86 114 0
24 26 114 86 0
26 24 114 86 0
24 26 87 113 0
26 24 87 113 0
24 26 113 87 0
26 24 113 87 0
24 26 88 112 0
26 24 88 112 0
24 26 112 88 0
26 24 112 88 0
24 26 89 111 0
26 24 89 111 0
24 26 111 89 0
26 24 111 89 0
24 26 90 110 0
26 24 90 110 0
24 26 110 90 0
26 24 110 90 0
24 26 91 109 0
26 24 91 109 0
24 26 109 91 0
26 24 109 91 0
24 26 92 108 0
26 24 92 108 0
24 26 108 92 0
26 24 108 92 0
24 26 93 107 0
26 24 93 107 0
24 26 107 93 0
26 24 107 93 0
24 26 94 106 0
26 24 94 106 0
24 26 106 94 0
26 24 106 94 0
24 26 95 105 0
26 24 95 105 0
24 26 105 95 0
26 24 105 95 0
24 26 96 104 0
26 24 96 104 0
24 26 104 96 0
26 24 104 96 0
24 26 97 103 0
26 24 97 103 0
24 26 103 97 0
26 24 103 97 0
24 26 98 102 0
26 24 98 102 0
24 26 102 98 0
26 24 102 98 0
24 26 99 101 0
26 24 99 101 0
24 26 101 99 0
26 24 101 99 0
25 25 100 100 0
25 25 84 116 0
25 25 116 84 0
25 25 85 115 0
25 25 115 85 0
25 25 86 114 0
25 25 114 86 0
25 25 87 113 0
25 25 113 87 0
25 25 88 112 0
25 25 112 88 0
25 25 89 111 0
25 25 111 89 0
25 25 90 110 0
25 25 110 90 0
25 25 91 109 0
25 25 109 91 0
25 25 92 108 0
25 25 108 92 0
25 25 93 107 0
25 25 107 93 0
25 25 94 106 0
25 25 106 94 0
25 25 95 105 0
25 25 105 95 0
25 25 96 104 0
25 25 104 96 0
25 25 97 103 0
25 25 103 97 0
25 25 98 102 0
25 25 102 98 0
25 25 99 101 0
25 25 101 99 0
