11 29 72 88 0
29 11 72 88 0
11 29 88 72 0
29 11 88 72 0
11 29 73 87 0
29 11 73 87 0
11 29 87 73 0
29 11 87 73 0
11 29 74 86 0
29 11 74 86 0
11 29 86 74 0
29 11 86 74 0
11 29 75 85 0
29 11 75 85 0
11 29 85 75 0
29 11 85 75 0
11 29 76 84 0
29 11 76 84 0
11 29 84 76 0
29 11 84 76 0
11 29 77 83 0
29 11 77 83 0
11 29 83 77 0
29 11 83 77 0
11 29 78 82 0
29 11 78 82 0
11 29 82 78 0
29 11 82 78 0
11 29 79 81 0
29 11 79 81 0
11 29 81 79 0
29 11 81 79 0
11 29 80 80 0
29 11 80 80 0
12 28 65 95 0
28 12 65 95 0
12 28 95 65 0
28 12 95 65 0
12 28 66 94 0
28 12 66 94 0
12 28 94 66 0
28 12 94 66 0
12 28 67 93 0
28 12 67 93 0
12 28 93 67 0
28 12 93 67 0
12 28 68 92 0
28 12 68 92 0
12 28 92 68 0
28 12 92 68 0
12 28 69 91 0
28 12 69 91 0
12 28 91 69 0
28 12 91 69 0
12 28 70 90 0
28 12 70 90 0
12 28 90 70 0
28 12 90 70 0
12 28 71 89 0
28 12 71 89 0
12 28 89 71 0
28 12 89 71 0
12 28 72 88 0
28 12 72 88 0
12 28 88 72 0
28 12 88 72 0
12 28 73 87 0
28 12 73 87 0
12 28 87 73 0
28 12 87 73 0
12 28 74 86 0
28 12 74 86 0
12 28 86 74 0
28 12 86 74 0
12 28 75 85 0
28 12 75 85 0
12 28 85 75 0
28 12 85 75 0
12 28 76 84 0
28 12 76 84 0
12 28 84 76 0
28 12 84 76 0
12 28 77 83 0
28 12 77 83 0
12 28 83 77 0
28 12 83 77 0
12 28 78 82 0
28 12 78 82 0
12 28 82 78 0
28 12 82 78 0
12 28 79 81 0
28 12 79 81 0
12 28 81 79 0
28 12 81 79 0
12 28 80 80 0
28 12 80 80 0
13 27 60 100 0
27 13 60 100 0
13 27 100 60 0
27 13 100 60 0
13 27 61 99 0
27 13 61 99 0
13 27 99 61 0
27 13 99 61 0
13 27 62 98 0
27 13 62 98 0
13 27 98 62 0
27 13 98 62 0
13 27 63 97 0
27 13 63 97 0
13 27 97 63 0
27 13 97 63 0
13 27 64 96 0
27 13 64 96 0
13 27 96 64 0
27 13 96 64 0
13 27 65 95 0
27 13 65 95 0
13 27 95 65 0
27 13 95 65 0
13 27 66 94 0
27 13 66 94 0
13 27 94 66 0
27 13 94 66 0
13 27 67 93 0
27 13 67 93 0
13 27 93 67 0
27 13 93 67 0
13 27 68 92 0
27 13 68 92 0
13 27 92 68 0
27 13 92 68 0
13 27 69 91 0
27 13 69 91 0
13 27 91 69 0
27 13 91 69 0
13 27 70 90 0
27 13 70 90 0
13 27 90 70 0
27 13 90 70 0
13 27 71 89 0
27 13 71 89 0
13 27 89 71 0
27 13 89 71 0
13 27 72 88 0
27 13 72 88 0
13 27 88 72 0
27 13 88 72 0
13 27 73 87 0
27 13 73 87 0
13 27 87 73 0
27 13 87 73 0
13 27 74 86 0
27 13 74 86 0
13 27 86 74 0
27 13 86 74 0
13 27 75 85 0
27 13 75 85 0
13 27 85 75 0
27 13 85 75 0
13 27 76 84 0
27 13 76 84 0
13 27 84 76 0
27 13 84 76 0
13 27 77 83 0
27 13 77 83 0
13 27 83 77 0
27 13 83 77 0
13 27 78 82 0
27 13 78 82 0
13 27 82 78 0
27 13 82 78 0
13 27 79 81 0
27 13 79 81 0
13 27 81 79 0
27 13 81 79 0
13 27 80 80 0
27 13 80 80 0
14 26 57 103 0
26 14 57 103 0
14 26 103 57 0
26 14 103 57 0
14 26 58 102 0
26 14 58 102 0
14 26 102 58 0
26 14 102 58 0
14 26 59 101 0
26 14 59 101 0
14 26 101 59 0
26 14 101 59 0
14 26 60 100 0
26 14 60 100 0
14 26 100 60 0
26 14 100 60 0
14 26 61 99 0
26 14 61 99 0
14 26 99 61 0
26 14 99 61 0
14 26 62 98 0
26 14 62 98 0
14 26 98 62 0
26 14 98 62 0
14 26 63 97 0
26 14 63 97 0
14 26 97 63 0
26 14 97 63 0
14 26 64 96 0
26 14 64 96 0
14 26 96 64 0
26 14 96 64 0
14 26 65 95 0
26 14 65 95 0
14 26 95 65 0
26 14 95 65 0
14 26 66 94 0
26 14 66 94 0
14 26 94 66 0
26 14 94 66 0
14 26 67 93 0
26 14 67 93 0
14 26 93 67 0
26 14 93 67 0
14 26 68 92 0
26 14 68 92 0
14 26 92 68 0
26 14 92 68 0
14 26 69 91 0
26 14 69 91 0
14 26 91 69 0
26 14 91 69 0
14 26 70 90 0
26 14 70 90 0
14 26 90 70 0
26 14 90 70 0
14 26 71 89 0
26 14 71 89 0
14 26 89 71 0
26 14 89 71 0
14 26 72 88 0
26 14 72 88 0
14 26 88 72 0
26 14 88 72 0
14 26 73 87 0
26 14 73 87 0
14 26 87 73 0
26 14 87 73 0
14 26 74 86 0
26 14 74 86 0
14 26 86 74 0
26 14 86 74 0
14 26 75 85 0
26 14 75 85 0
14 26 85 75 0
26 14 85 75 0
14 26 76 84 0
26 14 76 84 0
14 26 84 76 0
26 14 84 76 0
14 26 77 83 0
26 14 77 83 0
14 26 83 77 0
26 14 83 77 0
14 26 78 82 0
26 14 78 82 0
14 26 82 78 0
26 14 82 78 0
14 26 79 81 0
26 14 79 81 0
14 26 81 79 0
26 14 81 79 0
14 26 80 80 0
26 14 80 80 0
15 25 55 105 0
25 15 55 105 0
15 25 105 55 0
25 15 105 55 0
15 25 56 104 0
25 15 56 104 0
15 25 104 56 0
25 15 104 56 0
15 25 57 103 0
25 15 57 103 0
15 25 103 57 0
25 15 103 57 0
15 25 58 102 0
25 15 58 102 0
15 25 102 58 0
25 15 102 58 0
15 25 59 101 0
25 15 59 101 0
15 25 101 59 0
25 15 101 59 0
15 25 60 100 0
25 15 60 100 0
15 25 100 60 0
25 15 100 60 0
15 25 61 99 0
25 15 61 99 0
15 25 99 61 0
25 15 99 61 0
15 25 62 98 0
25 15 62 98 0
15 25 98 62 0
25 15 98 62 0
15 25 63 97 0
25 15 63 97 0
15 25 97 63 0
25 15 97 63 0
15 25 64 96 0
25 15 64 96 0
15 25 96 64 0
25 15 96 64 0
15 25 65 95 0
25 15 65 95 0
15 25 95 65 0
25 15 95 65 0
15 25 66 94 0
25 15 66 94 0
15 25 94 66 0
25 15 94 66 0
15 25 67 93 0
25 15 67 93 0
15 25 93 67 0
25 15 93 67 0
15 25 68 92 0
25 15 68 92 0
15 25 92 68 0
25 15 92 68 0
15 25 69 91 0
25 15 69 91 0
15 25 91 69 0
25 15 91 69 0
15 25 70 90 0
25 15 70 90 0
15 25 90 70 0
25 15 90 70 0
15 25 71 89 0
25 15 71 89 0
15 25 89 71 0
25 15 89 71 0
15 25 72 88 0
25 15 72 88 0
15 25 88 72 0
25 15 88 72 0
15 25 73 87 0
25 15 73 87 0
15 25 87 73 0
25 15 87 73 0
15 25 74 86 0
25 15 74 86 0
15 25 86 74 0
25 15 86 74 0
15 25 75 85 0
25 15 75 85 0
15 25 85 75 0
25 15 85 75 0
15 25 76 84 0
25 15 76 84 0
15 25 84 76 0
25 15 84 76 0
15 25 77 83 0
25 15 77 83 0
15 25 83 77 0
25 15 83 77 0
15 25 78 82 0
25 15 78 82 0
15 25 82 78 0
25 15 82 78 0
15 25 79 81 0
25 15 79 81 0
15 25 81 79 0
25 15 81 79 0
15 25 80 80 0
25 15 80 80 0
16 24 53 107 0
24 16 53 107 0
16 24 107 53 0
24 16 107 53 0
16 24 54 106 0
24 16 54 106 0
16 24 106 54 0
24 16 106 54 0
16 24 55 105 0
24 16 55 105 0
16 24 105 55 0
24 16 105 55 0
16 24 56 104 0
24 16 56 104 0
16 24 104 56 0
24 16 104 56 0
16 24 57 103 0
24 16 57 103 0
16 24 103 57 0
24 16 103 57 0
16 24 58 102 0
24 16 58 102 0
16 24 102 58 0
24 16 102 58 0
16 24 59 101 0
24 16 59 101 0
16 24 101 59 0
24 16 101 59 0
16 24 60 100 0
24 16 60 100 0
16 24 100 60 0
24 16 100 60 0
16 24 61 99 0
24 16 61 99 0
16 24 99 61 0
24 16 99 61 0
16 24 62 98 0
24 16 62 98 0
16 24 98 62 0
24 16 98 62 0
16 24 63 97 1
24 16 63 97 1
16 24 97 63 1
24 16 97 63 1
16 24 64 96 2
24 16 64 96 2
16 24 96 64 2
24 16 96 64 2
16 24 65 95 4
24 16 65 95 4
16 24 95 65 4
24 16 95 65 4
16 24 66 94 7
24 16 66 94 7
16 24 94 66 7
24 16 94 66 7
16 24 67 93 12
24 16 67 93 12
16 24 93 67 12
24 16 93 67 12
16 24 68 92 17
24 16 68 92 17
16 24 92 68 17
24 16 92 68 17
16 24 69 91 24
24 16 69 91 24
16 24 91 69 24
24 16 91 69 24
16 24 70 90 31
24 16 70 90 31
16 24 90 70 31
24 16 90 70 31
16 24 71 89 39
24 16 71 89 39
16 24 89 71 39
24 16 89 71 39
16 24 72 88 46
24 16 72 88 46
16 24 88 72 46
24 16 88 72 46
16 24 73 87 53
24 16 73 87 53
16 24 87 73 53
24 16 87 73 53
16 24 74 86 58
24 16 74 86 58
16 24 86 74 58
24 16 86 74 58
16 24 75 85 63
24 16 75 85 63
16 24 85 75 63
24 16 85 75 63
16 24 76 84 66
24 16 76 84 66
16 24 84 76 66
24 16 84 76 66
16 24 77 83 68
24 16 77 83 68
16 24 83 77 68
24 16 83 77 68
16 24 78 82 69
24 16 78 82 69
16 24 82 78 69
24 16 82 78 69
16 24 79 81 70
24 16 79 81 70
16 24 81 79 70
24 16 81 79 70
16 24 80 80 70
24 16 80 80 70
17 23 52 108 0
23 17 52 108 0
17 23 108 52 0
23 17 108 52 0
17 23 53 107 0
23 17 53 107 0
17 23 107 53 0
23 17 107 53 0
17 23 54 106 0
23 17 54 106 0
17 23 106 54 0
23 17 106 54 0
17 23 55 105 0
23 17 55 105 0
17 23 105 55 0
23 17 105 55 0
17 23 56 104 0
23 17 56 104 0
17 23 104 56 0
23 17 104 56 0
17 23 57 103 0
23 17 57 103 0
17 23 103 57 0
23 17 103 57 0
17 23 58 102 0
23 17 58 102 0
17 23 102 58 0
23 17 102 58 0
17 23 59 101 0
23 17 59 101 0
17 23 101 59 0
23 17 101 59 0
17 23 60 100 1
23 17 60 100 1
17 23 100 60 1
23 17 100 60 1
17 23 61 99 3
23 17 61 99 3
17 23 99 61 3
23 17 99 61 3
17 23 62 98 7
23 17 62 98 7
17 23 98 62 7
23 17 98 62 7
17 23 63 97 14
23 17 63 97 14
17 23 97 63 14
23 17 97 63 14
17 23 64 96 25
23 17 64 96 25
17 23 96 64 25
23 17 96 64 25
17 23 65 95 41
23 17 65 95 41
17 23 95 65 41
23 17 95 65 41
17 23 66 94 63
23 17 66 94 63
17 23 94 66 63
23 17 94 66 63
17 23 67 93 91
23 17 67 93 91
17 23 93 67 91
23 17 93 67 91
17 23 68 92 124
23 17 68 92 124
17 23 92 68 124
23 17 92 68 124
17 23 69 91 162
23 17 69 91 162
17 23 91 69 162
23 17 91 69 162
17 23 70 90 203
23 17 70 90 203
17 23 90 70 203
23 17 90 70 203
17 23 71 89 245
23 17 71 89 245
17 23 89 71 245
23 17 89 71 245
17 23 72 88 286
23 17 72 88 286
17 23 88 72 286
23 17 88 72 286
17 23 73 87 324
23 17 73 87 324
17 23 87 73 324
23 17 87 73 324
17 23 74 86 357
23 17 74 86 357
17 23 86 74 357
23 17 86 74 357
17 23 75 85 385
23 17 75 85 385
17 23 85 75 385
23 17 85 75 385
17 23 76 84 407
23 17 76 84 407
17 23 84 76 407
23 17 84 76 407
17 23 77 83 423
23 17 77 83 423
17 23 83 77 423
23 17 83 77 423
17 23 78 82 434
23 17 78 82 434
17 23 82 78 434
23 17 82 78 434
17 23 79 81 440
23 17 79 81 440
17 23 81 79 440
23 17 81 79 440
17 23 80 80 442
23 17 80 80 442
18 22 51 109 0
22 18 51 109 0
18 22 109 51 0
22 18 109 51 0
18 22 52 108 0
22 18 52 108 0
18 22 108 52 0
22 18 108 52 0
18 22 53 107 0
22 18 53 107 0
18 22 107 53 0
22 18 107 53 0
18 22 54 106 0
22 18 54 106 0
18 22 106 54 0
22 18 106 54 0
18 22 55 105 0
22 18 55 105 0
18 22 105 55 0
22 18 105 55 0
18 22 56 104 0
22 18 56 104 0
18 22 104 56 0
22 18 104 56 0
18 22 57 103 0
22 18 57 103 0
18 22 103 57 0
22 18 103 57 0
18 22 58 102 0
22 18 58 102 0
18 22 102 58 0
22 18 102 58 0
18 22 59 101 1
22 18 59 101 1
18 22 101 59 1
22 18 101 59 1
18 22 60 100 4
22 18 60 100 4
18 22 100 60 4
22 18 100 60 4
18 22 61 99 11
22 18 61 99 11
18 22 99 61 11
22 18 99 61 11
18 22 62 98 23
22 18 62 98 23
18 22 98 62 23
22 18 98 62 23
18 22 63 97 44
22 18 63 97 44
18 22 97 63 44
22 18 97 63 44
18 22 64 96 75
22 18 64 96 75
18 22 96 64 75
22 18 96 64 75
18 22 65 95 121
22 18 65 95 121
18 22 95 65 121
22 18 95 65 121
18 22 66 94 181
22 18 66 94 181
18 22 94 66 181
22 18 94 66 181
18 22 67 93 258
22 18 67 93 258
18 22 93 67 258
22 18 93 67 258
18 22 68 92 347
22 18 68 92 347
18 22 92 68 347
22 18 92 68 347
18 22 69 91 450
22 18 69 91 450
18 22 91 69 450
22 18 91 69 450
18 22 70 90 559
22 18 70 90 559
18 22 90 70 559
22 18 90 70 559
18 22 71 89 673
22 18 71 89 673
18 22 89 71 673
22 18 89 71 673
18 22 72 88 782
22 18 72 88 782
18 22 88 72 782
22 18 88 72 782
18 22 73 87 885
22 18 73 87 885
18 22 87 73 885
22 18 87 73 885
18 22 74 86 974
22 18 74 86 974
18 22 86 74 974
22 18 86 74 974
18 22 75 85 1051
22 18 75 85 1051
18 22 85 75 1051
22 18 85 75 1051
18 22 76 84 1111
22 18 76 84 1111
18 22 84 76 1111
22 18 84 76 1111
18 22 77 83 1157
22 18 77 83 1157
18 22 83 77 1157
22 18 83 77 1157
18 22 78 82 1187
22 18 78 82 1187
18 22 82 78 1187
22 18 82 78 1187
18 22 79 81 1205
22 18 79 81 1205
18 22 81 79 1205
22 18 81 79 1205
18 22 80 80 1210
22 18 80 80 1210
19 21 51 109 0
21 19 51 109 0
19 21 109 51 0
21 19 109 51 0
19 21 52 108 0
21 19 52 108 0
19 21 108 52 0
21 19 108 52 0
19 21 53 107 0
21 19 53 107 0
19 21 107 53 0
21 19 107 53 0
19 21 54 106 0
21 19 54 106 0
19 21 106 54 0
21 19 106 54 0
19 21 55 105 0
21 19 55 105 0
19 21 105 55 0
21 19 105 55 0
19 21 56 104 0
21 19 56 104 0
19 21 104 56 0
21 19 104 56 0
19 21 57 103 0
21 19 57 103 0
19 21 103 57 0
21 19 103 57 0
19 21 58 102 1
21 19 58 102 1
19 21 102 58 1
21 19 102 58 1
19 21 59 101 4
21 19 59 101 4
19 21 101 59 4
21 19 101 59 4
19 21 60 100 12
21 19 60 100 12
19 21 100 60 12
21 19 100 60 12
19 21 61 99 27
21 19 61 99 27
19 21 99 61 27
21 19 99 61 27
19 21 62 98 53
21 19 62 98 53
19 21 98 62 53
21 19 98 62 53
19 21 63 97 94
21 19 63 97 94
19 21 97 63 94
21 19 97 63 94
19 21 64 96 155
21 19 64 96 155
19 21 96 64 155
21 19 96 64 155
19 21 65 95 240
21 19 65 95 240
19 21 95 65 240
21 19 95 65 240
19 21 66 94 351
21 19 66 94 351
19 21 94 66 351
21 19 94 66 351
19 21 67 93 488
21 19 67 93 488
19 21 93 67 488
21 19 93 67 488
19 21 68 92 648
21 19 68 92 648
19 21 92 68 648
21 19 92 68 648
19 21 69 91 828
21 19 69 91 828
19 21 91 69 828
21 19 91 69 828
19 21 70 90 1021
21 19 70 90 1021
19 21 90 70 1021
21 19 90 70 1021
19 21 71 89 1219
21 19 71 89 1219
19 21 89 71 1219
21 19 89 71 1219
19 21 72 88 1412
21 19 72 88 1412
19 21 88 72 1412
21 19 88 72 1412
19 21 73 87 1592
21 19 73 87 1592
19 21 87 73 1592
21 19 87 73 1592
19 21 74 86 1752
21 19 74 86 1752
19 21 86 74 1752
21 19 86 74 1752
19 21 75 85 1889
21 19 75 85 1889
19 21 85 75 1889
21 19 85 75 1889
19 21 76 84 2000
21 19 76 84 2000
19 21 84 76 2000
21 19 84 76 2000
19 21 77 83 2084
21 19 77 83 2084
19 21 83 77 2084
21 19 83 77 2084
19 21 78 82 2142
21 19 78 82 2142
19 21 82 78 2142
21 19 82 78 2142
19 21 79 81 2175
21 19 79 81 2175
19 21 81 79 2175
21 19 81 79 2175
19 21 80 80 2186
21 19 80 80 2186
20 20 51 109 0
20 20 109 51 0
20 20 52 108 0
20 20 108 52 0
20 20 53 107 0
20 20 107 53 0
20 20 54 106 0
20 20 106 54 0
20 20 55 105 0
20 20 105 55 0
20 20 56 104 0
20 20 104 56 0
20 20 57 103 0
20 20 103 57 0
20 20 58 102 1
20 20 102 58 1
20 20 59 101 5
20 20 101 59 5
20 20 60 100 14
20 20 100 60 14
20 20 61 99 32
20 20 99 61 32
20 20 62 98 62
20 20 98 62 62
20 20 63 97 111
20 20 97 63 111
20 20 64 96 182
20 20 96 64 182
20 20 65 95 283
20 20 95 65 283
20 20 66 94 413
20 20 94 66 413
20 20 67 93 576
20 20 93 67 576
20 20 68 92 764
20 20 92 68 764
20 20 69 91 978
20 20 91 69 978
20 20 70 90 1205
20 20 90 70 1205
20 20 71 89 1441
20 20 89 71 1441
20 20 72 88 1668
20 20 88 72 1668
20 20 73 87 1882
20 20 87 73 1882
20 20 74 86 2070
20 20 86 74 2070
20 20 75 85 2233
20 20 85 75 2233
20 20 76 84 2363
20 20 84 76 2363
20 20 77 83 2463
20 20 83 77 2463
20 20 78 82 2530
20 20 82 78 2530
20 20 79 81 2570
20 20 81 79 2570
20 20 80 80 2582
