14 37 36 49 0
37 14 36 49 0
14 37 49 36 0
37 14 49 36 0
14 37 37 48 0
37 14 37 48 0
14 37 48 37 0
37 14 48 37 0
14 37 38 47 0
37 14 38 47 0
14 37 47 38 0
37 14 47 38 0
14 37 39 46 0
37 14 39 46 0
14 37 46 39 0
37 14 46 39 0
14 37 40 45 0
37 14 40 45 0
14 37 45 40 0
37 14 45 40 0
14 37 41 44 0
37 14 41 44 0
14 37 44 41 0
37 14 44 41 0
14 37 42 43 0
37 14 42 43 0
14 37 43 42 0
37 14 43 42 0
15 36 33 52 0
36 15 33 52 0
15 36 52 33 0
36 15 52 33 0
15 36 34 51 0
36 15 34 51 0
15 36 51 34 0
36 15 51 34 0
15 36 35 50 0
36 15 35 50 0
15 36 50 35 0
36 15 50 35 0
15 36 36 49 0
36 15 36 49 0
15 36 49 36 0
36 15 49 36 0
15 36 37 48 0
36 15 37 48 0
15 36 48 37 0
36 15 48 37 0
15 36 38 47 0
36 15 38 47 0
15 36 47 38 0
36 15 47 38 0
15 36 39 46 0
36 15 39 46 0
15 36 46 39 0
36 15 46 39 0
15 36 40 45 0
36 15 40 45 0
15 36 45 40 0
36 15 45 40 0
15 36 41 44 0
36 15 41 44 0
15 36 44 41 0
36 15 44 41 0
15 36 42 43 0
36 15 42 43 0
15 36 43 42 0
36 15 43 42 0
16 35 31 54 0
35 16 31 54 0
16 35 54 31 0
35 16 54 31 0
16 35 32 53 0
35 16 32 53 0
16 35 53 32 0
35 16 53 32 0
16 35 33 52 0
35 16 33 52 0
16 35 52 33 0
35 16 52 33 0
16 35 34 51 0
35 16 34 51 0
16 35 51 34 0
35 16 51 34 0
16 35 35 50 0
35 16 35 50 0
16 35 50 35 0
35 16 50 35 0
16 35 36 49 0
35 16 36 49 0
16 35 49 36 0
35 16 49 36 0
16 35 37 48 0
35 16 37 48 0
16 35 48 37 0
35 16 48 37 0
16 35 38 47 0
35 16 38 47 0
16 35 47 38 0
35 16 47 38 0
16 35 39 46 0
35 16 39 46 0
16 35 46 39 0
35 16 46 39 0
16 35 40 45 0
35 16 40 45 0
16 35 45 40 0
35 16 45 40 0
16 35 41 44 0
35 16 41 44 0
16 35 44 41 0
35 16 44 41 0
16 35 42 43 0
35 16 42 43 0
16 35 43 42 0
35 16 43 42 0
17 34 29 56 0
34 17 29 56 0
17 34 56 29 0
34 17 56 29 0
17 34 30 55 0
34 17 30 55 0
17 34 55 30 0
34 17 55 30 0
17 34 31 54 0
34 17 31 54 0
17 34 54 31 0
34 17 54 31 0
17 34 32 53 0
34 17 32 53 0
17 34 53 32 0
34 17 53 32 0
17 34 33 52 0
34 17 33 52 0
17 34 52 33 0
34 17 52 33 0
17 34 34 51 0
34 17 34 51 0
17 34 51 34 0
34 17 51 34 0
17 34 35 50 0
34 17 35 50 0
17 34 50 35 0
34 17 50 35 0
17 34 36 49 0
34 17 36 49 0
17 34 49 36 0
34 17 49 36 0
17 34 37 48 0
34 17 37 48 0
17 34 48 37 0
34 17 48 37 0
17 34 38 47 0
34 17 38 47 0
17 34 47 38 0
34 17 47 38 0
17 34 39 46 0
34 17 39 46 0
17 34 46 39 0
34 17 46 39 0
17 34 40 45 1
34 17 40 45 1
17 34 45 40 1
34 17 45 40 1
17 34 41 44 1
34 17 41 44 1
17 34 44 41 1
34 17 44 41 1
17 34 42 43 1
34 17 42 43 1
17 34 43 42 1
34 17 43 42 1
18 33 28 57 0
33 18 28 57 0
18 33 57 28 0
33 18 57 28 0
18 33 29 56 0
33 18 29 56 0
18 33 56 29 0
33 18 56 29 0
18 33 30 55 0
33 18 30 55 0
18 33 55 30 0
33 18 55 30 0
18 33 31 54 0
33 18 31 54 0
18 33 54 31 0
33 18 54 31 0
18 33 32 53 0
33 18 32 53 0
18 33 53 32 0
33 18 53 32 0
18 33 33 52 0
33 18 33 52 0
18 33 52 33 0
33 18 52 33 0
18 33 34 51 0
33 18 34 51 0
18 33 51 34 0
33 18 51 34 0
18 33 35 50 0
33 18 35 50 0
18 33 50 35 0
33 18 50 35 0
18 33 36 49 0
33 18 36 49 0
18 33 49 36 0
33 18 49 36 0
18 33 37 48 0
33 18 37 48 0
18 33 48 37 0
33 18 48 37 0
18 33 38 47 0
33 18 38 47 0
18 33 47 38 0
33 18 47 38 0
18 33 39 46 0
33 18 39 46 0
18 33 46 39 0
33 18 46 39 0
18 33 40 45 2
33 18 40 45 2
18 33 45 40 2
33 18 45 40 2
18 33 41 44 3
33 18 41 44 3
18 33 44 41 3
33 18 44 41 3
18 33 42 43 3
33 18 42 43 3
18 33 43 42 3
33 18 43 42 3
19 32 27 58 0
32 19 27 58 0
19 32 58 27 0
32 19 58 27 0
19 32 28 57 0
32 19 28 57 0
19 32 57 28 0
32 19 57 28 0
19 32 29 56 0
32 19 29 56 0
19 32 56 29 0
32 19 56 29 0
19 32 30 55 0
32 19 30 55 0
19 32 55 30 0
32 19 55 30 0
19 32 31 54 0
32 19 31 54 0
19 32 54 31 0
32 19 54 31 0
19 32 32 53 0
32 19 32 53 0
19 32 53 32 0
32 19 53 32 0
19 32 33 52 0
32 19 33 52 0
19 32 52 33 0
32 19 52 33 0
19 32 34 51 0
32 19 34 51 0
19 32 51 34 0
32 19 51 34 0
19 32 35 50 0
32 19 35 50 0
19 32 50 35 0
32 19 50 35 0
19 32 36 49 1
32 19 36 49 1
19 32 49 36 1
32 19 49 36 1
19 32 37 48 2
32 19 37 48 2
19 32 48 37 2
32 19 48 37 2
19 32 38 47 3
32 19 38 47 3
19 32 47 38 3
32 19 47 38 3
19 32 39 46 4
32 19 39 46 4
19 32 46 39 4
32 19 46 39 4
19 32 40 45 8
32 19 40 45 8
19 32 45 40 8
32 19 45 40 8
19 32 41 44 10
32 19 41 44 10
19 32 44 41 10
32 19 44 41 10
19 32 42 43 11
32 19 42 43 11
19 32 43 42 11
32 19 43 42 11
20 31 26 59 0
31 20 26 59 0
20 31 59 26 0
31 20 59 26 0
20 31 27 58 0
31 20 27 58 0
20 31 58 27 0
31 20 58 27 0
20 31 28 57 0
31 20 28 57 0
20 31 57 28 0
31 20 57 28 0
20 31 29 56 0
31 20 29 56 0
20 31 56 29 0
31 20 56 29 0
20 31 30 55 0
31 20 30 55 0
20 31 55 30 0
31 20 55 30 0
20 31 31 54 0
31 20 31 54 0
20 31 54 31 0
31 20 54 31 0
20 31 32 53 0
31 20 32 53 0
20 31 53 32 0
31 20 53 32 0
20 31 33 52 0
31 20 33 52 0
20 31 52 33 0
31 20 52 33 0
20 31 34 51 0
31 20 34 51 0
20 31 51 34 0
31 20 51 34 0
20 31 35 50 0
31 20 35 50 0
20 31 50 35 0
31 20 50 35 0
20 31 36 49 2
31 20 36 49 2
20 31 49 36 2
31 20 49 36 2
20 31 37 48 5
31 20 37 48 5
20 31 48 37 5
31 20 48 37 5
20 31 38 47 8
31 20 38 47 8
20 31 47 38 8
31 20 47 38 8
20 31 39 46 11
31 20 39 46 11
20 31 46 39 11
31 20 46 39 11
20 31 40 45 17
31 20 40 45 17
20 31 45 40 17
31 20 45 40 17
20 31 41 44 21
31 20 41 44 21
20 31 44 41 21
31 20 44 41 21
20 31 42 43 23
31 20 42 43 23
20 31 43 42 23
31 20 43 42 23
21 30 25 60 0
30 21 25 60 0
21 30 60 25 0
30 21 60 25 0
21 30 26 59 0
30 21 26 59 0
21 30 59 26 0
30 21 59 26 0
21 30 27 58 0
30 21 27 58 0
21 30 58 27 0
30 21 58 27 0
21 30 28 57 0
30 21 28 57 0
21 30 57 28 0
30 21 57 28 0
21 30 29 56 0
30 21 29 56 0
21 30 56 29 0
30 21 56 29 0
21 30 30 55 0
30 21 30 55 0
21 30 55 30 0
30 21 55 30 0
21 30 31 54 0
30 21 31 54 0
21 30 54 31 0
30 21 54 31 0
21 30 32 53 1
30 21 32 53 1
21 30 53 32 1
30 21 53 32 1
21 30 33 52 2
30 21 33 52 2
21 30 52 33 2
30 21 52 33 2
21 30 34 51 4
30 21 34 51 4
21 30 51 34 4
30 21 51 34 4
21 30 35 50 6
30 21 35 50 6
21 30 50 35 6
30 21 50 35 6
21 30 36 49 11
30 21 36 49 11
21 30 49 36 11
30 21 49 36 11
21 30 37 48 17
30 21 37 48 17
21 30 48 37 17
30 21 48 37 17
21 30 38 47 24
30 21 38 47 24
21 30 47 38 24
30 21 47 38 24
21 30 39 46 30
30 21 39 46 30
21 30 46 39 30
30 21 46 39 30
21 30 40 45 39
30 21 40 45 39
21 30 45 40 39
30 21 45 40 39
21 30 41 44 45
30 21 41 44 45
21 30 44 41 45
30 21 44 41 45
21 30 42 43 48
30 21 42 43 48
21 30 43 42 48
30 21 43 42 48
22 29 25 60 0
29 22 25 60 0
22 29 60 25 0
29 22 60 25 0
22 29 26 59 0
29 22 26 59 0
22 29 59 26 0
29 22 59 26 0
22 29 27 58 0
29 22 27 58 0
22 29 58 27 0
29 22 58 27 0
22 29 28 57 0
29 22 28 57 0
22 29 57 28 0
29 22 57 28 0
22 29 29 56 0
29 22 29 56 0
22 29 56 29 0
29 22 56 29 0
22 29 30 55 1
29 22 30 55 1
22 29 55 30 1
29 22 55 30 1
22 29 31 54 3
29 22 31 54 3
22 29 54 31 3
29 22 54 31 3
22 29 32 53 7
29 22 32 53 7
22 29 53 32 7
29 22 53 32 7
22 29 33 52 14
29 22 33 52 14
22 29 52 33 14
29 22 52 33 14
22 29 34 51 23
29 22 34 51 23
22 29 51 34 23
29 22 51 34 23
22 29 35 50 33
29 22 35 50 33
22 29 50 35 33
29 22 50 35 33
22 29 36 49 46
29 22 36 49 46
22 29 49 36 46
29 22 49 36 46
22 29 37 48 60
29 22 37 48 60
22 29 48 37 60
29 22 48 37 60
22 29 38 47 73
29 22 38 47 73
22 29 47 38 73
29 22 47 38 73
22 29 39 46 85
29 22 39 46 85
22 29 46 39 85
29 22 46 39 85
22 29 40 45 98
29 22 40 45 98
22 29 45 40 98
29 22 45 40 98
22 29 41 44 106
29 22 41 44 106
22 29 44 41 106
29 22 44 41 106
22 29 42 43 110
29 22 42 43 110
22 29 43 42 110
29 22 43 42 110
23 28 25 60 0
28 23 25 60 0
23 28 60 25 0
28 23 60 25 0
23 28 26 59 0
28 23 26 59 0
23 28 59 26 0
28 23 59 26 0
23 28 27 58 0
28 23 27 58 0
23 28 58 27 0
28 23 58 27 0
23 28 28 57 0
28 23 28 57 0
23 28 57 28 0
28 23 57 28 0
23 28 29 56 0
28 23 29 56 0
23 28 56 29 0
28 23 56 29 0
23 28 30 55 2
28 23 30 55 2
23 28 55 30 2
28 23 55 30 2
23 28 31 54 6
28 23 31 54 6
23 28 54 31 6
28 23 54 31 6
23 28 32 53 14
28 23 32 53 14
23 28 53 32 14
28 23 53 32 14
23 28 33 52 27
28 23 33 52 27
23 28 52 33 27
28 23 52 33 27
23 28 34 51 45
28 23 34 51 45
23 28 51 34 45
28 23 51 34 45
23 28 35 50 64
28 23 35 50 64
23 28 50 35 64
28 23 50 35 64
23 28 36 49 87
28 23 36 49 87
23 28 49 36 87
28 23 49 36 87
23 28 37 48 109
28 23 37 48 109
23 28 48 37 109
28 23 48 37 109
23 28 38 47 129
28 23 38 47 129
23 28 47 38 129
28 23 47 38 129
23 28 39 46 146
28 23 39 46 146
23 28 46 39 146
28 23 46 39 146
23 28 40 45 163
28 23 40 45 163
23 28 45 40 163
28 23 45 40 163
23 28 41 44 173
28 23 41 44 173
23 28 44 41 173
28 23 44 41 173
23 28 42 43 178
28 23 42 43 178
23 28 43 42 178
28 23 43 42 178
24 27 24 61 0
27 24 24 61 0
24 27 61 24 0
27 24 61 24 0
24 27 25 60 0
27 24 25 60 0
24 27 60 25 0
27 24 60 25 0
24 27 26 59 0
27 24 26 59 0
24 27 59 26 0
27 24 59 26 0
24 27 27 58 0
27 24 27 58 0
24 27 58 27 0
27 24 58 27 0
24 27 28 57 0
27 24 28 57 0
24 27 57 28 0
27 24 57 28 0
24 27 29 56 1
27 24 29 56 1
24 27 56 29 1
27 24 56 29 1
24 27 30 55 5
27 24 30 55 5
24 27 55 30 5
27 24 55 30 5
24 27 31 54 13
27 24 31 54 13
24 27 54 31 13
27 24 54 31 13
24 27 32 53 28
27 24 32 53 28
24 27 53 32 28
27 24 53 32 28
24 27 33 52 51
27 24 33 52 51
24 27 52 33 51
27 24 52 33 51
24 27 34 51 81
27 24 34 51 81
24 27 51 34 81
27 24 51 34 81
24 27 35 50 114
27 24 35 50 114
24 27 50 35 114
27 24 50 35 114
24 27 36 49 150
27 24 36 49 150
24 27 49 36 150
27 24 49 36 150
24 27 37 48 184
27 24 37 48 184
24 27 48 37 184
27 24 48 37 184
24 27 38 47 213
27 24 38 47 213
24 27 47 38 213
27 24 47 38 213
24 27 39 46 236
27 24 39 46 236
24 27 46 39 236
27 24 46 39 236
24 27 40 45 257
27 24 40 45 257
24 27 45 40 257
27 24 45 40 257
24 27 41 44 270
27 24 41 44 270
24 27 44 41 270
27 24 44 41 270
24 27 42 43 276
27 24 42 43 276
24 27 43 42 276
27 24 43 42 276
25 26 24 61 0
26 25 24 61 0
25 26 61 24 0
26 25 61 24 0
25 26 25 60 0
26 25 25 60 0
25 26 60 25 0
26 25 60 25 0
25 26 26 59 0
26 25 26 59 0
25 26 59 26 0
26 25 59 26 0
25 26 27 58 0
26 25 27 58 0
25 26 58 27 0
26 25 58 27 0
25 26 28 57 0
26 25 28 57 0
25 26 57 28 0
26 25 57 28 0
25 26 29 56 1
26 25 29 56 1
25 26 56 29 1
26 25 56 29 1
25 26 30 55 6
26 25 30 55 6
25 26 55 30 6
26 25 55 30 6
25 26 31 54 16
26 25 31 54 16
25 26 54 31 16
26 25 54 31 16
25 26 32 53 34
26 25 32 53 34
25 26 53 32 34
26 25 53 32 34
25 26 33 52 62
26 25 33 52 62
25 26 52 33 62
26 25 52 33 62
25 26 34 51 98
26 25 34 51 98
25 26 51 34 98
26 25 51 34 98
25 26 35 50 137
26 25 35 50 137
25 26 50 35 137
26 25 50 35 137
25 26 36 49 180
26 25 36 49 180
25 26 49 36 180
26 25 49 36 180
25 26 37 48 220
26 25 37 48 220
25 26 48 37 220
26 25 48 37 220
25 26 38 47 253
26 25 38 47 253
25 26 47 38 253
26 25 47 38 253
25 26 39 46 279
26 25 39 46 279
25 26 46 39 279
26 25 46 39 279
25 26 40 45 302
26 25 40 45 302
25 26 45 40 302
26 25 45 40 302
25 26 41 44 316
26 25 41 44 316
25 26 44 41 316
26 25 44 41 316
25 26 42 43 323
26 25 42 43 323
25 26 43 42 323
26 25 43 42 323
