12 36 33 47 0
36 12 33 47 0
12 36 47 33 0
36 12 47 33 0
12 36 34 46 0
36 12 34 46 0
12 36 46 34 0
36 12 46 34 0
12 36 35 45 0
36 12 35 45 0
12 36 45 35 0
36 12 45 35 0
12 36 36 44 0
36 12 36 44 0
12 36 44 36 0
36 12 44 36 0
12 36 37 43 0
36 12 37 43 0
12 36 43 37 0
36 12 43 37 0
12 36 38 42 0
36 12 38 42 0
12 36 42 38 0
36 12 42 38 0
12 36 39 41 0
36 12 39 41 0
12 36 41 39 0
36 12 41 39 0
12 36 40 40 0
36 12 40 40 0
13 35 31 49 0
35 13 31 49 0
13 35 49 31 0
35 13 49 31 0
13 35 32 48 0
35 13 32 48 0
13 35 48 32 0
35 13 48 32 0
13 35 33 47 0
35 13 33 47 0
13 35 47 33 0
35 13 47 33 0
13 35 34 46 0
35 13 34 46 0
13 35 46 34 0
35 13 46 34 0
13 35 35 45 0
35 13 35 45 0
13 35 45 35 0
35 13 45 35 0
13 35 36 44 0
35 13 36 44 0
13 35 44 36 0
35 13 44 36 0
13 35 37 43 0
35 13 37 43 0
13 35 43 37 0
35 13 43 37 0
13 35 38 42 0
35 13 38 42 0
13 35 42 38 0
35 13 42 38 0
13 35 39 41 0
35 13 39 41 0
13 35 41 39 0
35 13 41 39 0
13 35 40 40 0
35 13 40 40 0
14 34 28 52 0
34 14 28 52 0
14 34 52 28 0
34 14 52 28 0
14 34 29 51 0
34 14 29 51 0
14 34 51 29 0
34 14 51 29 0
14 34 30 50 0
34 14 30 50 0
14 34 50 30 0
34 14 50 30 0
14 34 31 49 0
34 14 31 49 0
14 34 49 31 0
34 14 49 31 0
14 34 32 48 0
34 14 32 48 0
14 34 48 32 0
34 14 48 32 0
14 34 33 47 0
34 14 33 47 0
14 34 47 33 0
34 14 47 33 0
14 34 34 46 0
34 14 34 46 0
14 34 46 34 0
34 14 46 34 0
14 34 35 45 0
34 14 35 45 0
14 34 45 35 0
34 14 45 35 0
14 34 36 44 0
34 14 36 44 0
14 34 44 36 0
34 14 44 36 0
14 34 37 43 0
34 14 37 43 0
14 34 43 37 0
34 14 43 37 0
14 34 38 42 0
34 14 38 42 0
14 34 42 38 0
34 14 42 38 0
14 34 39 41 0
34 14 39 41 0
14 34 41 39 0
34 14 41 39 0
14 34 40 40 0
34 14 40 40 0
15 33 27 53 0
33 15 27 53 0
15 33 53 27 0
33 15 53 27 0
15 33 28 52 0
33 15 28 52 0
15 33 52 28 0
33 15 52 28 0
15 33 29 51 0
33 15 29 51 0
15 33 51 29 0
33 15 51 29 0
15 33 30 50 0
33 15 30 50 0
15 33 50 30 0
33 15 50 30 0
15 33 31 49 0
33 15 31 49 0
15 33 49 31 0
33 15 49 31 0
15 33 32 48 0
33 15 32 48 0
15 33 48 32 0
33 15 48 32 0
15 33 33 47 0
33 15 33 47 0
15 33 47 33 0
33 15 47 33 0
15 33 34 46 0
33 15 34 46 0
15 33 46 34 0
33 15 46 34 0
15 33 35 45 0
33 15 35 45 0
15 33 45 35 0
33 15 45 35 0
15 33 36 44 1
33 15 36 44 1
15 33 44 36 1
33 15 44 36 1
15 33 37 43 1
33 15 37 43 1
15 33 43 37 1
33 15 43 37 1
15 33 38 42 2
33 15 38 42 2
15 33 42 38 2
33 15 42 38 2
15 33 39 41 2
33 15 39 41 2
15 33 41 39 2
33 15 41 39 2
15 33 40 40 3
33 15 40 40 3
16 32 25 55 0
32 16 25 55 0
16 32 55 25 0
32 16 55 25 0
16 32 26 54 0
32 16 26 54 0
16 32 54 26 0
32 16 54 26 0
16 32 27 53 0
32 16 27 53 0
16 32 53 27 0
32 16 53 27 0
16 32 28 52 0
32 16 28 52 0
16 32 52 28 0
32 16 52 28 0
16 32 29 51 0
32 16 29 51 0
16 32 51 29 0
32 16 51 29 0
16 32 30 50 0
32 16 30 50 0
16 32 50 30 0
32 16 50 30 0
16 32 31 49 0
32 16 31 49 0
16 32 49 31 0
32 16 49 31 0
16 32 32 48 0
32 16 32 48 0
16 32 48 32 0
32 16 48 32 0
16 32 33 47 0
32 16 33 47 0
16 32 47 33 0
32 16 47 33 0
16 32 34 46 0
32 16 34 46 0
16 32 46 34 0
32 16 46 34 0
16 32 35 45 1
32 16 35 45 1
16 32 45 35 1
32 16 45 35 1
16 32 36 44 4
32 16 36 44 4
16 32 44 36 4
32 16 44 36 4
16 32 37 43 6
32 16 37 43 6
16 32 43 37 6
32 16 43 37 6
16 32 38 42 9
32 16 38 42 9
16 32 42 38 9
32 16 42 38 9
16 32 39 41 11
32 16 39 41 11
16 32 41 39 11
32 16 41 39 11
16 32 40 40 13
32 16 40 40 13
17 31 24 56 0
31 17 24 56 0
17 31 56 24 0
31 17 56 24 0
17 31 25 55 0
31 17 25 55 0
17 31 55 25 0
31 17 55 25 0
17 31 26 54 0
31 17 26 54 0
17 31 54 26 0
31 17 54 26 0
17 31 27 53 0
31 17 27 53 0
17 31 53 27 0
31 17 53 27 0
17 31 28 52 0
31 17 28 52 0
17 31 52 28 0
31 17 52 28 0
17 31 29 51 0
31 17 29 51 0
17 31 51 29 0
31 17 51 29 0
17 31 30 50 0
31 17 30 50 0
17 31 50 30 0
31 17 50 30 0
17 31 31 49 0
31 17 31 49 0
17 31 49 31 0
31 17 49 31 0
17 31 32 48 1
31 17 32 48 1
17 31 48 32 1
31 17 48 32 1
17 31 33 47 3
31 17 33 47 3
17 31 47 33 3
31 17 47 33 3
17 31 34 46 6
31 17 34 46 6
17 31 46 34 6
31 17 46 34 6
17 31 35 45 12
31 17 35 45 12
17 31 45 35 12
31 17 45 35 12
17 31 36 44 23
31 17 36 44 23
17 31 44 36 23
31 17 44 36 23
17 31 37 43 32
31 17 37 43 32
17 31 43 37 32
31 17 43 37 32
17 31 38 42 43
31 17 38 42 43
17 31 42 38 43
31 17 42 38 43
17 31 39 41 50
31 17 39 41 50
17 31 41 39 50
31 17 41 39 50
17 31 40 40 56
31 17 40 40 56
18 30 23 57 0
30 18 23 57 0
18 30 57 23 0
30 18 57 23 0
18 30 24 56 0
30 18 24 56 0
18 30 56 24 0
30 18 56 24 0
18 30 25 55 0
30 18 25 55 0
18 30 55 25 0
30 18 55 25 0
18 30 26 54 0
30 18 26 54 0
18 30 54 26 0
30 18 54 26 0
18 30 27 53 0
30 18 27 53 0
18 30 53 27 0
30 18 53 27 0
18 30 28 52 0
30 18 28 52 0
18 30 52 28 0
30 18 52 28 0
18 30 29 51 0
30 18 29 51 0
18 30 51 29 0
30 18 51 29 0
18 30 30 50 0
30 18 30 50 0
18 30 50 30 0
30 18 50 30 0
18 30 31 49 1
30 18 31 49 1
18 30 49 31 1
30 18 49 31 1
18 30 32 48 5
30 18 32 48 5
18 30 48 32 5
30 18 48 32 5
18 30 33 47 13
30 18 33 47 13
18 30 47 33 13
30 18 47 33 13
18 30 34 46 26
30 18 34 46 26
18 30 46 34 26
30 18 46 34 26
18 30 35 45 46
30 18 35 45 46
18 30 45 35 46
30 18 45 35 46
18 30 36 44 74
30 18 36 44 74
18 30 44 36 74
30 18 44 36 74
18 30 37 43 101
30 18 37 43 101
18 30 43 37 101
30 18 43 37 101
18 30 38 42 128
30 18 38 42 128
18 30 42 38 128
30 18 42 38 128
18 30 39 41 147
30 18 39 41 147
18 30 41 39 147
30 18 41 39 147
18 30 40 40 157
30 18 40 40 157
19 29 22 58 0
29 19 22 58 0
19 29 58 22 0
29 19 58 22 0
19 29 23 57 0
29 19 23 57 0
19 29 57 23 0
29 19 57 23 0
19 29 24 56 0
29 19 24 56 0
19 29 56 24 0
29 19 56 24 0
19 29 25 55 0
29 19 25 55 0
19 29 55 25 0
29 19 55 25 0
19 29 26 54 0
29 19 26 54 0
19 29 54 26 0
29 19 54 26 0
19 29 27 53 0
29 19 27 53 0
19 29 53 27 0
29 19 53 27 0
19 29 28 52 1
29 19 28 52 1
19 29 52 28 1
29 19 52 28 1
19 29 29 51 3
29 19 29 51 3
19 29 51 29 3
29 19 51 29 3
19 29 30 50 8
29 19 30 50 8
19 29 50 30 8
29 19 50 30 8
19 29 31 49 16
29 19 31 49 16
19 29 49 31 16
29 19 49 31 16
19 29 32 48 34
29 19 32 48 34
19 29 48 32 34
29 19 48 32 34
19 29 33 47 61
29 19 33 47 61
19 29 47 33 61
29 19 47 33 61
19 29 34 46 102
29 19 34 46 102
19 29 46 34 102
29 19 46 34 102
19 29 35 45 154
29 19 35 45 154
19 29 45 35 154
29 19 45 35 154
19 29 36 44 221
29 19 36 44 221
19 29 44 36 221
29 19 44 36 221
19 29 37 43 283
29 19 37 43 283
19 29 43 37 283
29 19 43 37 283
19 29 38 42 343
29 19 38 42 343
19 29 42 38 343
29 19 42 38 343
19 29 39 41 381
29 19 39 41 381
19 29 41 39 381
29 19 41 39 381
19 29 40 40 401
29 19 40 40 401
20 28 22 58 0
28 20 22 58 0
20 28 58 22 0
28 20 58 22 0
20 28 23 57 0
28 20 23 57 0
20 28 57 23 0
28 20 57 23 0
20 28 24 56 0
28 20 24 56 0
20 28 56 24 0
28 20 56 24 0
20 28 25 55 0
28 20 25 55 0
20 28 55 25 0
28 20 55 25 0
20 28 26 54 0
28 20 26 54 0
20 28 54 26 0
28 20 54 26 0
20 28 27 53 1
28 20 27 53 1
20 28 53 27 1
28 20 53 27 1
20 28 28 52 4
28 20 28 52 4
20 28 52 28 4
28 20 52 28 4
20 28 29 51 12
28 20 29 51 12
20 28 51 29 12
28 20 51 29 12
20 28 30 50 28
28 20 30 50 28
20 28 50 30 28
28 20 50 30 28
20 28 31 49 55
28 20 31 49 55
20 28 49 31 55
28 20 49 31 55
20 28 32 48 101
28 20 32 48 101
20 28 48 32 101
28 20 48 32 101
20 28 33 47 168
28 20 33 47 168
20 28 47 33 168
28 20 47 33 168
20 28 34 46 258
28 20 34 46 258
20 28 46 34 258
28 20 46 34 258
20 28 35 45 368
28 20 35 45 368
20 28 45 35 368
28 20 45 35 368
20 28 36 44 496
28 20 36 44 496
20 28 44 36 496
28 20 44 36 496
20 28 37 43 617
28 20 37 43 617
20 28 43 37 617
28 20 43 37 617
20 28 38 42 724
28 20 38 42 724
20 28 42 38 724
28 20 42 38 724
20 28 39 41 795
28 20 39 41 795
20 28 41 39 795
28 20 41 39 795
20 28 40 40 825
28 20 40 40 825
21 27 21 59 0
27 21 21 59 0
21 27 59 21 0
27 21 59 21 0
21 27 22 58 0
27 21 22 58 0
21 27 58 22 0
27 21 58 22 0
21 27 23 57 0
27 21 23 57 0
21 27 57 23 0
27 21 57 23 0
21 27 24 56 0
27 21 24 56 0
21 27 56 24 0
27 21 56 24 0
21 27 25 55 0
27 21 25 55 0
21 27 55 25 0
27 21 55 25 0
21 27 26 54 1
27 21 26 54 1
21 27 54 26 1
27 21 54 26 1
21 27 27 53 4
27 21 27 53 4
21 27 53 27 4
27 21 53 27 4
21 27 28 52 13
27 21 28 52 13
21 27 52 28 13
27 21 52 28 13
21 27 29 51 32
27 21 29 51 32
21 27 51 29 32
27 21 51 29 32
21 27 30 50 70
27 21 30 50 70
21 27 50 30 70
27 21 50 30 70
21 27 31 49 129
27 21 31 49 129
21 27 49 31 129
27 21 49 31 129
21 27 32 48 224
27 21 32 48 224
21 27 48 32 224
27 21 48 32 224
21 27 33 47 351
27 21 33 47 351
21 27 47 33 351
27 21 47 33 351
21 27 34 46 517
27 21 34 46 517
21 27 46 34 517
27 21 46 34 517
21 27 35 45 707
27 21 35 45 707
21 27 45 35 707
27 21 45 35 707
21 27 36 44 921
27 21 36 44 921
21 27 44 36 921
27 21 44 36 921
21 27 37 43 1117
27 21 37 43 1117
21 27 43 37 1117
27 21 43 37 1117
21 27 38 42 1289
27 21 38 42 1289
21 27 42 38 1289
27 21 42 38 1289
21 27 39 41 1398
27 21 39 41 1398
21 27 41 39 1398
27 21 41 39 1398
21 27 40 40 1445
27 21 40 40 1445
22 26 21 59 0
26 22 21 59 0
22 26 59 21 0
26 22 59 21 0
22 26 22 58 0
26 22 22 58 0
22 26 58 22 0
26 22 58 22 0
22 26 23 57 0
26 22 23 57 0
22 26 57 23 0
26 22 57 23 0
22 26 24 56 0
26 22 24 56 0
22 26 56 24 0
26 22 56 24 0
22 26 25 55 0
26 22 25 55 0
22 26 55 25 0
26 22 55 25 0
22 26 26 54 2
26 22 26 54 2
22 26 54 26 2
26 22 54 26 2
22 26 27 53 9
26 22 27 53 9
22 26 53 27 9
26 22 53 27 9
22 26 28 52 26
26 22 28 52 26
22 26 52 28 26
26 22 52 28 26
22 26 29 51 62
26 22 29 51 62
22 26 51 29 62
26 22 51 29 62
22 26 30 50 128
26 22 30 50 128
22 26 50 30 128
26 22 50 30 128
22 26 31 49 231
26 22 31 49 231
22 26 49 31 231
26 22 49 31 231
22 26 32 48 384
26 22 32 48 384
22 26 48 32 384
26 22 48 32 384
22 26 33 47 587
26 22 33 47 587
22 26 47 33 587
26 22 47 33 587
22 26 34 46 838
26 22 34 46 838
22 26 46 34 838
26 22 46 34 838
22 26 35 45 1122
26 22 35 45 1122
22 26 45 35 1122
26 22 45 35 1122
22 26 36 44 1426
26 22 36 44 1426
22 26 44 36 1426
26 22 44 36 1426
22 26 37 43 1706
26 22 37 43 1706
22 26 43 37 1706
26 22 43 37 1706
22 26 38 42 1942
26 22 38 42 1942
22 26 42 38 1942
26 22 42 38 1942
22 26 39 41 2095
26 22 39 41 2095
22 26 41 39 2095
26 22 41 39 2095
22 26 40 40 2155
26 22 40 40 2155
23 25 21 59 0
25 23 21 59 0
23 25 59 21 0
25 23 59 21 0
23 25 22 58 0
25 23 22 58 0
23 25 58 22 0
25 23 58 22 0
23 25 23 57 0
25 23 23 57 0
23 25 57 23 0
25 23 57 23 0
23 25 24 56 0
25 23 24 56 0
23 25 56 24 0
25 23 56 24 0
23 25 25 55 0
25 23 25 55 0
23 25 55 25 0
25 23 55 25 0
23 25 26 54 3
25 23 26 54 3
23 25 54 26 3
25 23 54 26 3
23 25 27 53 12
25 23 27 53 12
23 25 53 27 12
25 23 53 27 12
23 25 28 52 36
25 23 28 52 36
23 25 52 28 36
25 23 52 28 36
23 25 29 51 84
25 23 29 51 84
23 25 51 29 84
25 23 51 29 84
23 25 30 50 173
25 23 30 50 173
23 25 50 30 173
25 23 50 30 173
23 25 31 49 308
25 23 31 49 308
23 25 49 31 308
25 23 49 31 308
23 25 32 48 509
25 23 32 48 509
23 25 48 32 509
25 23 48 32 509
23 25 33 47 768
25 23 33 47 768
23 25 47 33 768
25 23 47 33 768
23 25 34 46 1088
25 23 34 46 1088
23 25 46 34 1088
25 23 46 34 1088
23 25 35 45 1440
25 23 35 45 1440
23 25 45 35 1440
25 23 45 35 1440
23 25 36 44 1816
25 23 36 44 1816
23 25 44 36 1816
25 23 44 36 1816
23 25 37 43 2155
25 23 37 43 2155
23 25 43 37 2155
25 23 43 37 2155
23 25 38 42 2443
25 23 38 42 2443
23 25 42 38 2443
25 23 42 38 2443
23 25 39 41 2625
25 23 39 41 2625
23 25 41 39 2625
25 23 41 39 2625
23 25 40 40 2699
25 23 40 40 2699
24 24 21 59 0
24 24 59 21 0
24 24 22 58 0
24 24 58 22 0
24 24 23 57 0
24 24 57 23 0
24 24 24 56 0
24 24 56 24 0
24 24 25 55 1
24 24 55 25 1
24 24 26 54 5
24 24 54 26 5
24 24 27 53 17
24 24 53 27 17
24 24 28 52 45
24 24 52 28 45
24 24 29 51 102
24 24 51 29 102
24 24 30 50 202
24 24 50 30 202
24 24 31 49 356
24 24 49 31 356
24 24 32 48 578
24 24 48 32 578
24 24 33 47 867
24 24 47 33 867
24 24 34 46 1215
24 24 46 34 1215
24 24 35 45 1601
24 24 45 35 1601
24 24 36 44 2004
24 24 44 36 2004
24 24 37 43 2372
24 24 43 37 2372
24 24 38 42 2678
24 24 42 38 2678
24 24 39 41 2876
24 24 41 39 2876
24 24 40 40 2952
