16 38 40 50 0
38 16 40 50 0
16 38 50 40 0
38 16 50 40 0
16 38 41 49 0
38 16 41 49 0
16 38 49 41 0
38 16 49 41 0
16 38 42 48 0
38 16 42 48 0
16 38 48 42 0
38 16 48 42 0
16 38 43 47 0
38 16 43 47 0
16 38 47 43 0
38 16 47 43 0
16 38 44 46 0
38 16 44 46 0
16 38 46 44 0
38 16 46 44 0
16 38 45 45 0
38 16 45 45 0
17 37 36 54 0
37 17 36 54 0
17 37 54 36 0
37 17 54 36 0
17 37 37 53 0
37 17 37 53 0
17 37 53 37 0
37 17 53 37 0
17 37 38 52 0
37 17 38 52 0
17 37 52 38 0
37 17 52 38 0
17 37 39 51 0
37 17 39 51 0
17 37 51 39 0
37 17 51 39 0
17 37 40 50 0
37 17 40 50 0
17 37 50 40 0
37 17 50 40 0
17 37 41 49 0
37 17 41 49 0
17 37 49 41 0
37 17 49 41 0
17 37 42 48 0
37 17 42 48 0
17 37 48 42 0
37 17 48 42 0
17 37 43 47 0
37 17 43 47 0
17 37 47 43 0
37 17 47 43 0
17 37 44 46 0
37 17 44 46 0
17 37 46 44 0
37 17 46 44 0
17 37 45 45 0
37 17 45 45 0
18 36 34 56 0
36 18 34 56 0
18 36 56 34 0
36 18 56 34 0
18 36 35 55 0
36 18 35 55 0
18 36 55 35 0
36 18 55 35 0
18 36 36 54 0
36 18 36 54 0
18 36 54 36 0
36 18 54 36 0
18 36 37 53 0
36 18 37 53 0
18 36 53 37 0
36 18 53 37 0
18 36 38 52 0
36 18 38 52 0
18 36 52 38 0
36 18 52 38 0
18 36 39 51 0
36 18 39 51 0
18 36 51 39 0
36 18 51 39 0
18 36 40 50 0
36 18 40 50 0
18 36 50 40 0
36 18 50 40 0
18 36 41 49 0
36 18 41 49 0
18 36 49 41 0
36 18 49 41 0
18 36 42 48 0
36 18 42 48 0
18 36 48 42 0
36 18 48 42 0
18 36 43 47 0
36 18 43 47 0
18 36 47 43 0
36 18 47 43 0
18 36 44 46 0
36 18 44 46 0
18 36 46 44 0
36 18 46 44 0
18 36 45 45 0
36 18 45 45 0
19 35 32 58 0
35 19 32 58 0
19 35 58 32 0
35 19 58 32 0
19 35 33 57 0
35 19 33 57 0
19 35 57 33 0
35 19 57 33 0
19 35 34 56 0
35 19 34 56 0
19 35 56 34 0
35 19 56 34 0
19 35 35 55 0
35 19 35 55 0
19 35 55 35 0
35 19 55 35 0
19 35 36 54 0
35 19 36 54 0
19 35 54 36 0
35 19 54 36 0
19 35 37 53 0
35 19 37 53 0
19 35 53 37 0
35 19 53 37 0
19 35 38 52 0
35 19 38 52 0
19 35 52 38 0
35 19 52 38 0
19 35 39 51 0
35 19 39 51 0
19 35 51 39 0
35 19 51 39 0
19 35 40 50 0
35 19 40 50 0
19 35 50 40 0
35 19 50 40 0
19 35 41 49 0
35 19 41 49 0
19 35 49 41 0
35 19 49 41 0
19 35 42 48 0
35 19 42 48 0
19 35 48 42 0
35 19 48 42 0
19 35 43 47 0
35 19 43 47 0
19 35 47 43 0
35 19 47 43 0
19 35 44 46 0
35 19 44 46 0
19 35 46 44 0
35 19 46 44 0
19 35 45 45 1
35 19 45 45 1
20 34 31 59 0
34 20 31 59 0
20 34 59 31 0
34 20 59 31 0
20 34 32 58 0
34 20 32 58 0
20 34 58 32 0
34 20 58 32 0
20 34 33 57 0
34 20 33 57 0
20 34 57 33 0
34 20 57 33 0
20 34 34 56 0
34 20 34 56 0
20 34 56 34 0
34 20 56 34 0
20 34 35 55 0
34 20 35 55 0
20 34 55 35 0
34 20 55 35 0
20 34 36 54 0
34 20 36 54 0
20 34 54 36 0
34 20 54 36 0
20 34 37 53 0
34 20 37 53 0
20 34 53 37 0
34 20 53 37 0
20 34 38 52 0
34 20 38 52 0
20 34 52 38 0
34 20 52 38 0
20 34 39 51 0
34 20 39 51 0
20 34 51 39 0
34 20 51 39 0
20 34 40 50 0
34 20 40 50 0
20 34 50 40 0
34 20 50 40 0
20 34 41 49 0
34 20 41 49 0
20 34 49 41 0
34 20 49 41 0
20 34 42 48 0
34 20 42 48 0
20 34 48 42 0
34 20 48 42 0
20 34 43 47 0
34 20 43 47 0
20 34 47 43 0
34 20 47 43 0
20 34 44 46 0
34 20 44 46 0
20 34 46 44 0
34 20 46 44 0
20 34 45 45 1
34 20 45 45 1
21 33 30 60 0
33 21 30 60 0
21 33 60 30 0
33 21 60 30 0
21 33 31 59 0
33 21 31 59 0
21 33 59 31 0
33 21 59 31 0
21 33 32 58 0
33 21 32 58 0
21 33 58 32 0
33 21 58 32 0
21 33 33 57 0
33 21 33 57 0
21 33 57 33 0
33 21 57 33 0
21 33 34 56 0
33 21 34 56 0
21 33 56 34 0
33 21 56 34 0
21 33 35 55 0
33 21 35 55 0
21 33 55 35 0
33 21 55 35 0
21 33 36 54 0
33 21 36 54 0
21 33 54 36 0
33 21 54 36 0
21 33 37 53 0
33 21 37 53 0
21 33 53 37 0
33 21 53 37 0
21 33 38 52 0
33 21 38 52 0
21 33 52 38 0
33 21 52 38 0
21 33 39 51 0
33 21 39 51 0
21 33 51 39 0
33 21 51 39 0
21 33 40 50 0
33 21 40 50 0
21 33 50 40 0
33 21 50 40 0
21 33 41 49 0
33 21 41 49 0
21 33 49 41 0
33 21 49 41 0
21 33 42 48 0
33 21 42 48 0
21 33 48 42 0
33 21 48 42 0
21 33 43 47 0
33 21 43 47 0
21 33 47 43 0
33 21 47 43 0
21 33 44 46 0
33 21 44 46 0
21 33 46 44 0
33 21 46 44 0
21 33 45 45 1
33 21 45 45 1
22 32 29 61 0
32 22 29 61 0
22 32 61 29 0
32 22 61 29 0
22 32 30 60 0
32 22 30 60 0
22 32 60 30 0
32 22 60 30 0
22 32 31 59 0
32 22 31 59 0
22 32 59 31 0
32 22 59 31 0
22 32 32 58 0
32 22 32 58 0
22 32 58 32 0
32 22 58 32 0
22 32 33 57 0
32 22 33 57 0
22 32 57 33 0
32 22 57 33 0
22 32 34 56 0
32 22 34 56 0
22 32 56 34 0
32 22 56 34 0
22 32 35 55 0
32 22 35 55 0
22 32 55 35 0
32 22 55 35 0
22 32 36 54 0
32 22 36 54 0
22 32 54 36 0
32 22 54 36 0
22 32 37 53 0
32 22 37 53 0
22 32 53 37 0
32 22 53 37 0
22 32 38 52 0
32 22 38 52 0
22 32 52 38 0
32 22 52 38 0
22 32 39 51 0
32 22 39 51 0
22 32 51 39 0
32 22 51 39 0
22 32 40 50 0
32 22 40 50 0
22 32 50 40 0
32 22 50 40 0
22 32 41 49 0
32 22 41 49 0
22 32 49 41 0
32 22 49 41 0
22 32 42 48 0
32 22 42 48 0
22 32 48 42 0
32 22 48 42 0
22 32 43 47 0
32 22 43 47 0
22 32 47 43 0
32 22 47 43 0
22 32 44 46 0
32 22 44 46 0
22 32 46 44 0
32 22 46 44 0
22 32 45 45 1
32 22 45 45 1
23 31 29 61 0
31 23 29 61 0
23 31 61 29 0
31 23 61 29 0
23 31 30 60 0
31 23 30 60 0
23 31 60 30 0
31 23 60 30 0
23 31 31 59 0
31 23 31 59 0
23 31 59 31 0
31 23 59 31 0
23 31 32 58 0
31 23 32 58 0
23 31 58 32 0
31 23 58 32 0
23 31 33 57 0
31 23 33 57 0
23 31 57 33 0
31 23 57 33 0
23 31 34 56 0
31 23 34 56 0
23 31 56 34 0
31 23 56 34 0
23 31 35 55 0
31 23 35 55 0
23 31 55 35 0
31 23 55 35 0
23 31 36 54 0
31 23 36 54 0
23 31 54 36 0
31 23 54 36 0
23 31 37 53 0
31 23 37 53 0
23 31 53 37 0
31 23 53 37 0
23 31 38 52 0
31 23 38 52 0
23 31 52 38 0
31 23 52 38 0
23 31 39 51 0
31 23 39 51 0
23 31 51 39 0
31 23 51 39 0
23 31 40 50 0
31 23 40 50 0
23 31 50 40 0
31 23 50 40 0
23 31 41 49 0
31 23 41 49 0
23 31 49 41 0
31 23 49 41 0
23 31 42 48 0
31 23 42 48 0
23 31 48 42 0
31 23 48 42 0
23 31 43 47 0
31 23 43 47 0
23 31 47 43 0
31 23 47 43 0
23 31 44 46 0
31 23 44 46 0
23 31 46 44 0
31 23 46 44 0
23 31 45 45 1
31 23 45 45 1
24 30 28 62 0
30 24 28 62 0
24 30 62 28 0
30 24 62 28 0
24 30 29 61 0
30 24 29 61 0
24 30 61 29 0
30 24 61 29 0
24 30 30 60 0
30 24 30 60 0
24 30 60 30 0
30 24 60 30 0
24 30 31 59 0
30 24 31 59 0
24 30 59 31 0
30 24 59 31 0
24 30 32 58 0
30 24 32 58 0
24 30 58 32 0
30 24 58 32 0
24 30 33 57 0
30 24 33 57 0
24 30 57 33 0
30 24 57 33 0
24 30 34 56 1
30 24 34 56 1
24 30 56 34 1
30 24 56 34 1
24 30 35 55 2
30 24 35 55 2
24 30 55 35 2
30 24 55 35 2
24 30 36 54 4
30 24 36 54 4
24 30 54 36 4
30 24 54 36 4
24 30 37 53 6
30 24 37 53 6
24 30 53 37 6
30 24 53 37 6
24 30 38 52 8
30 24 38 52 8
24 30 52 38 8
30 24 52 38 8
24 30 39 51 9
30 24 39 51 9
24 30 51 39 9
30 24 51 39 9
24 30 40 50 10
30 24 40 50 10
24 30 50 40 10
30 24 50 40 10
24 30 41 49 10
30 24 41 49 10
24 30 49 41 10
30 24 49 41 10
24 30 42 48 10
30 24 42 48 10
24 30 48 42 10
30 24 48 42 10
24 30 43 47 10
30 24 43 47 10
24 30 47 43 10
30 24 47 43 10
24 30 44 46 10
30 24 44 46 10
24 30 46 44 10
30 24 46 44 10
24 30 45 45 11
30 24 45 45 11
25 29 28 62 0
29 25 28 62 0
25 29 62 28 0
29 25 62 28 0
25 29 29 61 0
29 25 29 61 0
25 29 61 29 0
29 25 61 29 0
25 29 30 60 0
29 25 30 60 0
25 29 60 30 0
29 25 60 30 0
25 29 31 59 0
29 25 31 59 0
25 29 59 31 0
29 25 59 31 0
25 29 32 58 0
29 25 32 58 0
25 29 58 32 0
29 25 58 32 0
25 29 33 57 1
29 25 33 57 1
25 29 57 33 1
29 25 57 33 1
25 29 34 56 3
29 25 34 56 3
25 29 56 34 3
29 25 56 34 3
25 29 35 55 6
29 25 35 55 6
25 29 55 35 6
29 25 55 35 6
25 29 36 54 10
29 25 36 54 10
25 29 54 36 10
29 25 54 36 10
25 29 37 53 15
29 25 37 53 15
25 29 53 37 15
29 25 53 37 15
25 29 38 52 19
29 25 38 52 19
25 29 52 38 19
29 25 52 38 19
25 29 39 51 22
29 25 39 51 22
25 29 51 39 22
29 25 51 39 22
25 29 40 50 24
29 25 40 50 24
25 29 50 40 24
29 25 50 40 24
25 29 41 49 25
29 25 41 49 25
25 29 49 41 25
29 25 49 41 25
25 29 42 48 25
29 25 42 48 25
25 29 48 42 25
29 25 48 42 25
25 29 43 47 25
29 25 43 47 25
25 29 47 43 25
29 25 47 43 25
25 29 44 46 25
29 25 44 46 25
25 29 46 44 25
29 25 46 44 25
25 29 45 45 26
29 25 45 45 26
26 28 28 62 0
28 26 28 62 0
26 28 62 28 0
28 26 62 28 0
26 28 29 61 0
28 26 29 61 0
26 28 61 29 0
28 26 61 29 0
26 28 30 60 0
28 26 30 60 0
26 28 60 30 0
28 26 60 30 0
26 28 31 59 0
28 26 31 59 0
26 28 59 31 0
28 26 59 31 0
26 28 32 58 0
28 26 32 58 0
26 28 58 32 0
28 26 58 32 0
26 28 33 57 1
28 26 33 57 1
26 28 57 33 1
28 26 57 33 1
26 28 34 56 4
28 26 34 56 4
26 28 56 34 4
28 26 56 34 4
26 28 35 55 8
28 26 35 55 8
26 28 55 35 8
28 26 55 35 8
26 28 36 54 14
28 26 36 54 14
26 28 54 36 14
28 26 54 36 14
26 28 37 53 21
28 26 37 53 21
26 28 53 37 21
28 26 53 37 21
26 28 38 52 27
28 26 38 52 27
26 28 52 38 27
28 26 52 38 27
26 28 39 51 31
28 26 39 51 31
26 28 51 39 31
28 26 51 39 31
26 28 40 50 34
28 26 40 50 34
26 28 50 40 34
28 26 50 40 34
26 28 41 49 35
28 26 41 49 35
26 28 49 41 35
28 26 49 41 35
26 28 42 48 35
28 26 42 48 35
26 28 48 42 35
28 26 48 42 35
26 28 43 47 35
28 26 43 47 35
26 28 47 43 35
28 26 47 43 35
26 28 44 46 35
28 26 44 46 35
26 28 46 44 35
28 26 46 44 35
26 28 45 45 36
28 26 45 45 36
27 27 28 62 0
27 27 62 28 0
27 27 29 61 0
27 27 61 29 0
27 27 30 60 0
27 27 60 30 0
27 27 31 59 0
27 27 59 31 0
27 27 32 58 0
27 27 58 32 0
27 27 33 57 2
27 27 57 33 2
27 27 34 56 6
27 27 56 34 6
27 27 35 55 12
27 27 55 35 12
27 27 36 54 20
27 27 54 36 20
27 27 37 53 30
27 27 53 37 30
27 27 38 52 38
27 27 52 38 38
27 27 39 51 44
27 27 51 39 44
27 27 40 50 48
27 27 50 40 48
27 27 41 49 50
27 27 49 41 50
27 27 42 48 50
27 27 48 42 50
27 27 43 47 50
27 27 47 43 50
27 27 44 46 50
27 27 46 44 50
27 27 45 45 51
