18 39 45 50 0
39 18 45 50 0
18 39 50 45 0
39 18 50 45 0
18 39 46 49 0
39 18 46 49 0
18 39 49 46 0
39 18 49 46 0
18 39 47 48 0
39 18 47 48 0
18 39 48 47 0
39 18 48 47 0
19 38 40 55 0
38 19 40 55 0
19 38 55 40 0
38 19 55 40 0
19 38 41 54 0
38 19 41 54 0
19 38 54 41 0
38 19 54 41 0
19 38 42 53 0
38 19 42 53 0
19 38 53 42 0
38 19 53 42 0
19 38 43 52 0
38 19 43 52 0
19 38 52 43 0
38 19 52 43 0
19 38 44 51 0
38 19 44 51 0
19 38 51 44 0
38 19 51 44 0
19 38 45 50 0
38 19 45 50 0
19 38 50 45 0
38 19 50 45 0
19 38 46 49 0
38 19 46 49 0
19 38 49 46 0
38 19 49 46 0
19 38 47 48 0
38 19 47 48 0
19 38 48 47 0
38 19 48 47 0
20 37 37 58 0
37 20 37 58 0
20 37 58 37 0
37 20 58 37 0
20 37 38 57 0
37 20 38 57 0
20 37 57 38 0
37 20 57 38 0
20 37 39 56 0
37 20 39 56 0
20 37 56 39 0
37 20 56 39 0
20 37 40 55 0
37 20 40 55 0
20 37 55 40 0
37 20 55 40 0
20 37 41 54 0
37 20 41 54 0
20 37 54 41 0
37 20 54 41 0
20 37 42 53 0
37 20 42 53 0
20 37 53 42 0
37 20 53 42 0
20 37 43 52 0
37 20 43 52 0
20 37 52 43 0
37 20 52 43 0
20 37 44 51 0
37 20 44 51 0
20 37 51 44 0
37 20 51 44 0
20 37 45 50 0
37 20 45 50 0
20 37 50 45 0
37 20 50 45 0
20 37 46 49 0
37 20 46 49 0
20 37 49 46 0
37 20 49 46 0
20 37 47 48 0
37 20 47 48 0
20 37 48 47 0
37 20 48 47 0
21 36 36 59 0
36 21 36 59 0
21 36 59 36 0
36 21 59 36 0
21 36 37 58 0
36 21 37 58 0
21 36 58 37 0
36 21 58 37 0
21 36 38 57 0
36 21 38 57 0
21 36 57 38 0
36 21 57 38 0
21 36 39 56 0
36 21 39 56 0
21 36 56 39 0
36 21 56 39 0
21 36 40 55 0
36 21 40 55 0
21 36 55 40 0
36 21 55 40 0
21 36 41 54 0
36 21 41 54 0
21 36 54 41 0
36 21 54 41 0
21 36 42 53 0
36 21 42 53 0
21 36 53 42 0
36 21 53 42 0
21 36 43 52 0
36 21 43 52 0
21 36 52 43 0
36 21 52 43 0
21 36 44 51 0
36 21 44 51 0
21 36 51 44 0
36 21 51 44 0
21 36 45 50 0
36 21 45 50 0
21 36 50 45 0
36 21 50 45 0
21 36 46 49 0
36 21 46 49 0
21 36 49 46 0
36 21 49 46 0
21 36 47 48 0
36 21 47 48 0
21 36 48 47 0
36 21 48 47 0
22 35 34 61 0
35 22 34 61 0
22 35 61 34 0
35 22 61 34 0
22 35 35 60 0
35 22 35 60 0
22 35 60 35 0
35 22 60 35 0
22 35 36 59 0
35 22 36 59 0
22 35 59 36 0
35 22 59 36 0
22 35 37 58 0
35 22 37 58 0
22 35 58 37 0
35 22 58 37 0
22 35 38 57 0
35 22 38 57 0
22 35 57 38 0
35 22 57 38 0
22 35 39 56 0
35 22 39 56 0
22 35 56 39 0
35 22 56 39 0
22 35 40 55 0
35 22 40 55 0
22 35 55 40 0
35 22 55 40 0
22 35 41 54 0
35 22 41 54 0
22 35 54 41 0
35 22 54 41 0
22 35 42 53 0
35 22 42 53 0
22 35 53 42 0
35 22 53 42 0
22 35 43 52 0
35 22 43 52 0
22 35 52 43 0
35 22 52 43 0
22 35 44 51 0
35 22 44 51 0
22 35 51 44 0
35 22 51 44 0
22 35 45 50 0
35 22 45 50 0
22 35 50 45 0
35 22 50 45 0
22 35 46 49 0
35 22 46 49 0
22 35 49 46 0
35 22 49 46 0
22 35 47 48 0
35 22 47 48 0
22 35 48 47 0
35 22 48 47 0
23 34 34 61 0
34 23 34 61 0
23 34 61 34 0
34 23 61 34 0
23 34 35 60 0
34 23 35 60 0
23 34 60 35 0
34 23 60 35 0
23 34 36 59 0
34 23 36 59 0
23 34 59 36 0
34 23 59 36 0
23 34 37 58 0
34 23 37 58 0
23 34 58 37 0
34 23 58 37 0
23 34 38 57 0
34 23 38 57 0
23 34 57 38 0
34 23 57 38 0
23 34 39 56 0
34 23 39 56 0
23 34 56 39 0
34 23 56 39 0
23 34 40 55 0
34 23 40 55 0
23 34 55 40 0
34 23 55 40 0
23 34 41 54 0
34 23 41 54 0
23 34 54 41 0
34 23 54 41 0
23 34 42 53 0
34 23 42 53 0
23 34 53 42 0
34 23 53 42 0
23 34 43 52 0
34 23 43 52 0
23 34 52 43 0
34 23 52 43 0
23 34 44 51 0
34 23 44 51 0
23 34 51 44 0
34 23 51 44 0
23 34 45 50 0
34 23 45 50 0
23 34 50 45 0
34 23 50 45 0
23 34 46 49 0
34 23 46 49 0
23 34 49 46 0
34 23 49 46 0
23 34 47 48 0
34 23 47 48 0
23 34 48 47 0
34 23 48 47 0
24 33 33 62 0
33 24 33 62 0
24 33 62 33 0
33 24 62 33 0
24 33 34 61 0
33 24 34 61 0
24 33 61 34 0
33 24 61 34 0
24 33 35 60 0
33 24 35 60 0
24 33 60 35 0
33 24 60 35 0
24 33 36 59 0
33 24 36 59 0
24 33 59 36 0
33 24 59 36 0
24 33 37 58 0
33 24 37 58 0
24 33 58 37 0
33 24 58 37 0
24 33 38 57 0
33 24 38 57 0
24 33 57 38 0
33 24 57 38 0
24 33 39 56 0
33 24 39 56 0
24 33 56 39 0
33 24 56 39 0
24 33 40 55 0
33 24 40 55 0
24 33 55 40 0
33 24 55 40 0
24 33 41 54 0
33 24 41 54 0
24 33 54 41 0
33 24 54 41 0
24 33 42 53 0
33 24 42 53 0
24 33 53 42 0
33 24 53 42 0
24 33 43 52 0
33 24 43 52 0
24 33 52 43 0
33 24 52 43 0
24 33 44 51 0
33 24 44 51 0
24 33 51 44 0
33 24 51 44 0
24 33 45 50 0
33 24 45 50 0
24 33 50 45 0
33 24 50 45 0
24 33 46 49 0
33 24 46 49 0
24 33 49 46 0
33 24 49 46 0
24 33 47 48 0
33 24 47 48 0
24 33 48 47 0
33 24 48 47 0
25 32 32 63 0
32 25 32 63 0
25 32 63 32 0
32 25 63 32 0
25 32 33 62 0
32 25 33 62 0
25 32 62 33 0
32 25 62 33 0
25 32 34 61 0
32 25 34 61 0
25 32 61 34 0
32 25 61 34 0
25 32 35 60 0
32 25 35 60 0
25 32 60 35 0
32 25 60 35 0
25 32 36 59 0
32 25 36 59 0
25 32 59 36 0
32 25 59 36 0
25 32 37 58 0
32 25 37 58 0
25 32 58 37 0
32 25 58 37 0
25 32 38 57 0
32 25 38 57 0
25 32 57 38 0
32 25 57 38 0
25 32 39 56 0
32 25 39 56 0
25 32 56 39 0
32 25 56 39 0
25 32 40 55 0
32 25 40 55 0
25 32 55 40 0
32 25 55 40 0
25 32 41 54 0
32 25 41 54 0
25 32 54 41 0
32 25 54 41 0
25 32 42 53 0
32 25 42 53 0
25 32 53 42 0
32 25 53 42 0
25 32 43 52 0
32 25 43 52 0
25 32 52 43 0
32 25 52 43 0
25 32 44 51 0
32 25 44 51 0
25 32 51 44 0
32 25 51 44 0
25 32 45 50 0
32 25 45 50 0
25 32 50 45 0
32 25 50 45 0
25 32 46 49 0
32 25 46 49 0
25 32 49 46 0
32 25 49 46 0
25 32 47 48 0
32 25 47 48 0
25 32 48 47 0
32 25 48 47 0
26 31 32 63 0
31 26 32 63 0
26 31 63 32 0
31 26 63 32 0
26 31 33 62 0
31 26 33 62 0
26 31 62 33 0
31 26 62 33 0
26 31 34 61 0
31 26 34 61 0
26 31 61 34 0
31 26 61 34 0
26 31 35 60 0
31 26 35 60 0
26 31 60 35 0
31 26 60 35 0
26 31 36 59 0
31 26 36 59 0
26 31 59 36 0
31 26 59 36 0
26 31 37 58 0
31 26 37 58 0
26 31 58 37 0
31 26 58 37 0
26 31 38 57 0
31 26 38 57 0
26 31 57 38 0
31 26 57 38 0
26 31 39 56 0
31 26 39 56 0
26 31 56 39 0
31 26 56 39 0
26 31 40 55 0
31 26 40 55 0
26 31 55 40 0
31 26 55 40 0
26 31 41 54 0
31 26 41 54 0
26 31 54 41 0
31 26 54 41 0
26 31 42 53 0
31 26 42 53 0
26 31 53 42 0
31 26 53 42 0
26 31 43 52 0
31 26 43 52 0
26 31 52 43 0
31 26 52 43 0
26 31 44 51 0
31 26 44 51 0
26 31 51 44 0
31 26 51 44 0
26 31 45 50 0
31 26 45 50 0
26 31 50 45 0
31 26 50 45 0
26 31 46 49 0
31 26 46 49 0
26 31 49 46 0
31 26 49 46 0
26 31 47 48 0
31 26 47 48 0
26 31 48 47 0
31 26 48 47 0
27 30 32 63 0
30 27 32 63 0
27 30 63 32 0
30 27 63 32 0
27 30 33 62 0
30 27 33 62 0
27 30 62 33 0
30 27 62 33 0
27 30 34 61 0
30 27 34 61 0
27 30 61 34 0
30 27 61 34 0
27 30 35 60 0
30 27 35 60 0
27 30 60 35 0
30 27 60 35 0
27 30 36 59 0
30 27 36 59 0
27 30 59 36 0
30 27 59 36 0
27 30 37 58 1
30 27 37 58 1
27 30 58 37 1
30 27 58 37 1
27 30 38 57 2
30 27 38 57 2
27 30 57 38 2
30 27 57 38 2
27 30 39 56 3
30 27 39 56 3
27 30 56 39 3
30 27 56 39 3
27 30 40 55 4
30 27 40 55 4
27 30 55 40 4
30 27 55 40 4
27 30 41 54 5
30 27 41 54 5
27 30 54 41 5
30 27 54 41 5
27 30 42 53 5
30 27 42 53 5
27 30 53 42 5
30 27 53 42 5
27 30 43 52 5
30 27 43 52 5
27 30 52 43 5
30 27 52 43 5
27 30 44 51 5
30 27 44 51 5
27 30 51 44 5
30 27 51 44 5
27 30 45 50 5
30 27 45 50 5
27 30 50 45 5
30 27 50 45 5
27 30 46 49 5
30 27 46 49 5
27 30 49 46 5
30 27 49 46 5
27 30 47 48 5
30 27 47 48 5
27 30 48 47 5
30 27 48 47 5
28 29 32 63 0
29 28 32 63 0
28 29 63 32 0
29 28 63 32 0
28 29 33 62 0
29 28 33 62 0
28 29 62 33 0
29 28 62 33 0
28 29 34 61 0
29 28 34 61 0
28 29 61 34 0
29 28 61 34 0
28 29 35 60 0
29 28 35 60 0
28 29 60 35 0
29 28 60 35 0
28 29 36 59 0
29 28 36 59 0
28 29 59 36 0
29 28 59 36 0
28 29 37 58 1
29 28 37 58 1
28 29 58 37 1
29 28 58 37 1
28 29 38 57 2
29 28 38 57 2
28 29 57 38 2
29 28 57 38 2
28 29 39 56 3
29 28 39 56 3
28 29 56 39 3
29 28 56 39 3
28 29 40 55 4
29 28 40 55 4
28 29 55 40 4
29 28 55 40 4
28 29 41 54 5
29 28 41 54 5
28 29 54 41 5
29 28 54 41 5
28 29 42 53 5
29 28 42 53 5
28 29 53 42 5
29 28 53 42 5
28 29 43 52 5
29 28 43 52 5
28 29 52 43 5
29 28 52 43 5
28 29 44 51 5
29 28 44 51 5
28 29 51 44 5
29 28 51 44 5
28 29 45 50 5
29 28 45 50 5
28 29 50 45 5
29 28 50 45 5
28 29 46 49 5
29 28 46 49 5
28 29 49 46 5
29 28 49 46 5
28 29 47 48 5
29 28 47 48 5
28 29 48 47 5
29 28 48 47 5
