4 19 27 44 0
19 4 27 44 0
4 19 44 27 0
19 4 44 27 0
4 19 28 43 0
19 4 28 43 0
4 19 43 28 0
19 4 43 28 0
4 19 29 42 0
19 4 29 42 0
4 19 42 29 0
19 4 42 29 0
4 19 30 41 0
19 4 30 41 0
4 19 41 30 0
19 4 41 30 0
4 19 31 40 0
19 4 31 40 0
4 19 40 31 0
19 4 40 31 0
4 19 32 39 0
19 4 32 39 0
4 19 39 32 0
19 4 39 32 0
5 18 27 44 0
18 5 27 44 0
5 18 44 27 0
18 5 44 27 0
5 18 28 43 0
18 5 28 43 0
5 18 43 28 0
18 5 43 28 0
5 18 29 42 0
18 5 29 42 0
5 18 42 29 0
18 5 42 29 0
5 18 30 41 0
18 5 30 41 0
5 18 41 30 0
18 5 41 30 0
5 18 31 40 0
18 5 31 40 0
5 18 40 31 0
18 5 40 31 0
5 18 32 39 0
18 5 32 39 0
5 18 39 32 0
18 5 39 32 0
4 19 33 38 0
19 4 33 38 0
4 19 38 33 0
19 4 38 33 0
5 18 33 38 0
18 5 33 38 0
5 18 38 33 0
18 5 38 33 0
4 19 34 37 0
19 4 34 37 0
4 19 37 34 0
19 4 37 34 0
5 18 34 37 0
18 5 34 37 0
5 18 37 34 0
18 5 37 34 0
4 19 35 36 0
19 4 35 36 0
4 19 36 35 0
19 4 36 35 0
5 18 35 36 0
18 5 35 36 0
5 18 36 35 0
18 5 36 35 0
5 18 24 47 0
18 5 24 47 0
5 18 47 24 0
18 5 47 24 0
5 18 25 46 0
18 5 25 46 0
5 18 46 25 0
18 5 46 25 0
5 18 26 45 0
18 5 26 45 0
5 18 45 26 0
18 5 45 26 0
6 17 24 47 0
17 6 24 47 0
6 17 47 24 0
17 6 47 24 0
6 17 25 46 0
17 6 25 46 0
6 17 46 25 0
17 6 46 25 0
6 17 26 45 0
17 6 26 45 0
6 17 45 26 0
17 6 45 26 0
6 17 27 44 0
17 6 27 44 0
6 17 44 27 0
17 6 44 27 0
6 17 28 43 0
17 6 28 43 0
6 17 43 28 0
17 6 43 28 0
6 17 29 42 0
17 6 29 42 0
6 17 42 29 0
17 6 42 29 0
6 17 30 41 1
17 6 30 41 1
6 17 41 30 1
17 6 41 30 1
6 17 31 40 1
17 6 31 40 1
6 17 40 31 1
17 6 40 31 1
6 17 32 39 1
17 6 32 39 1
6 17 39 32 1
17 6 39 32 1
6 17 33 38 1
17 6 33 38 1
6 17 38 33 1
17 6 38 33 1
6 17 34 37 1
17 6 34 37 1
6 17 37 34 1
17 6 37 34 1
6 17 35 36 1
17 6 35 36 1
6 17 36 35 1
17 6 36 35 1
6 17 23 48 0
17 6 23 48 0
6 17 48 23 0
17 6 48 23 0
7 16 23 48 0
16 7 23 48 0
7 16 48 23 0
16 7 48 23 0
7 16 24 47 0
16 7 24 47 0
7 16 47 24 0
16 7 47 24 0
7 16 25 46 0
16 7 25 46 0
7 16 46 25 0
16 7 46 25 0
7 16 26 45 0
16 7 26 45 0
7 16 45 26 0
16 7 45 26 0
7 16 27 44 0
16 7 27 44 0
7 16 44 27 0
16 7 44 27 0
7 16 28 43 0
16 7 28 43 0
7 16 43 28 0
16 7 43 28 0
7 16 29 42 0
16 7 29 42 0
7 16 42 29 0
16 7 42 29 0
7 16 30 41 1
16 7 30 41 1
7 16 41 30 1
16 7 41 30 1
7 16 31 40 2
16 7 31 40 2
7 16 40 31 2
16 7 40 31 2
7 16 32 39 2
16 7 32 39 2
7 16 39 32 2
16 7 39 32 2
7 16 33 38 2
16 7 33 38 2
7 16 38 33 2
16 7 38 33 2
7 16 34 37 2
16 7 34 37 2
7 16 37 34 2
16 7 37 34 2
7 16 35 36 2
16 7 35 36 2
7 16 36 35 2
16 7 36 35 2
8 15 24 47 0
15 8 24 47 0
8 15 47 24 0
15 8 47 24 0
8 15 25 46 0
15 8 25 46 0
8 15 46 25 0
15 8 46 25 0
8 15 26 45 0
15 8 26 45 0
8 15 45 26 0
15 8 45 26 0
8 15 27 44 0
15 8 27 44 0
8 15 44 27 0
15 8 44 27 0
8 15 28 43 0
15 8 28 43 0
8 15 43 28 0
15 8 43 28 0
8 15 29 42 0
15 8 29 42 0
8 15 42 29 0
15 8 42 29 0
8 15 30 41 1
15 8 30 41 1
8 15 41 30 1
15 8 41 30 1
8 15 31 40 2
15 8 31 40 2
8 15 40 31 2
15 8 40 31 2
8 15 32 39 3
15 8 32 39 3
8 15 39 32 3
15 8 39 32 3
8 15 33 38 3
15 8 33 38 3
8 15 38 33 3
15 8 38 33 3
8 15 34 37 3
15 8 34 37 3
8 15 37 34 3
15 8 37 34 3
8 15 35 36 3
15 8 35 36 3
8 15 36 35 3
15 8 36 35 3
9 14 27 44 0
14 9 27 44 0
9 14 44 27 0
14 9 44 27 0
9 14 28 43 0
14 9 28 43 0
9 14 43 28 0
14 9 43 28 0
9 14 29 42 0
14 9 29 42 0
9 14 42 29 0
14 9 42 29 0
9 14 30 41 1
14 9 30 41 1
9 14 41 30 1
14 9 41 30 1
9 14 31 40 2
14 9 31 40 2
9 14 40 31 2
14 9 40 31 2
9 14 32 39 3
14 9 32 39 3
9 14 39 32 3
14 9 39 32 3
9 14 33 38 4
14 9 33 38 4
9 14 38 33 4
14 9 38 33 4
9 14 34 37 4
14 9 34 37 4
9 14 37 34 4
14 9 37 34 4
9 14 35 36 4
14 9 35 36 4
9 14 36 35 4
14 9 36 35 4
6 17 21 50 0
17 6 21 50 0
6 17 50 21 0
17 6 50 21 0
6 17 22 49 0
17 6 22 49 0
6 17 49 22 0
17 6 49 22 0
7 16 21 50 0
16 7 21 50 0
7 16 50 21 0
16 7 50 21 0
7 16 22 49 0
16 7 22 49 0
7 16 49 22 0
16 7 49 22 0
7 16 19 52 0
16 7 19 52 0
7 16 52 19 0
16 7 52 19 0
7 16 20 51 0
16 7 20 51 0
7 16 51 20 0
16 7 51 20 0
8 15 19 52 0
15 8 19 52 0
8 15 52 19 0
15 8 52 19 0
8 15 20 51 0
15 8 20 51 0
8 15 51 20 0
15 8 51 20 0
8 15 21 50 0
15 8 21 50 0
8 15 50 21 0
15 8 50 21 0
8 15 22 49 0
15 8 22 49 0
8 15 49 22 0
15 8 49 22 0
8 15 23 48 0
15 8 23 48 0
8 15 48 23 0
15 8 48 23 0
9 14 19 52 0
14 9 19 52 0
9 14 52 19 0
14 9 52 19 0
9 14 20 51 0
14 9 20 51 0
9 14 51 20 0
14 9 51 20 0
9 14 21 50 0
14 9 21 50 0
9 14 50 21 0
14 9 50 21 0
9 14 22 49 0
14 9 22 49 0
9 14 49 22 0
14 9 49 22 0
9 14 23 48 0
14 9 23 48 0
9 14 48 23 0
14 9 48 23 0
9 14 24 47 0
14 9 24 47 0
9 14 47 24 0
14 9 47 24 0
9 14 25 46 0
14 9 25 46 0
9 14 46 25 0
14 9 46 25 0
9 14 26 45 0
14 9 26 45 0
9 14 45 26 0
14 9 45 26 0
10 13 21 50 0
13 10 21 50 0
10 13 50 21 0
13 10 50 21 0
10 13 22 49 0
13 10 22 49 0
10 13 49 22 0
13 10 49 22 0
10 13 23 48 0
13 10 23 48 0
10 13 48 23 0
13 10 48 23 0
10 13 24 47 0
13 10 24 47 0
10 13 47 24 0
13 10 47 24 0
10 13 25 46 0
13 10 25 46 0
10 13 46 25 0
13 10 46 25 0
10 13 26 45 0
13 10 26 45 0
10 13 45 26 0
13 10 45 26 0
10 13 27 44 0
13 10 27 44 0
10 13 44 27 0
13 10 44 27 0
10 13 28 43 0
13 10 28 43 0
10 13 43 28 0
13 10 43 28 0
10 13 29 42 0
13 10 29 42 0
10 13 42 29 0
13 10 42 29 0
10 13 30 41 1
13 10 30 41 1
10 13 41 30 1
13 10 41 30 1
10 13 31 40 2
13 10 31 40 2
10 13 40 31 2
13 10 40 31 2
10 13 32 39 3
13 10 32 39 3
10 13 39 32 3
13 10 39 32 3
10 13 33 38 4
13 10 33 38 4
10 13 38 33 4
13 10 38 33 4
10 13 34 37 5
13 10 34 37 5
10 13 37 34 5
13 10 37 34 5
10 13 35 36 5
13 10 35 36 5
10 13 36 35 5
13 10 36 35 5
11 12 25 46 0
12 11 25 46 0
11 12 46 25 0
12 11 46 25 0
11 12 26 45 0
12 11 26 45 0
11 12 45 26 0
12 11 45 26 0
11 12 27 44 0
12 11 27 44 0
11 12 44 27 0
12 11 44 27 0
11 12 28 43 0
12 11 28 43 0
11 12 43 28 0
12 11 43 28 0
11 12 29 42 0
12 11 29 42 0
11 12 42 29 0
12 11 42 29 0
11 12 30 41 1
12 11 30 41 1
11 12 41 30 1
12 11 41 30 1
11 12 31 40 2
12 11 31 40 2
11 12 40 31 2
12 11 40 31 2
11 12 32 39 3
12 11 32 39 3
11 12 39 32 3
12 11 39 32 3
11 12 33 38 4
12 11 33 38 4
11 12 38 33 4
12 11 38 33 4
11 12 34 37 5
12 11 34 37 5
11 12 37 34 5
12 11 37 34 5
11 12 35 36 6
12 11 35 36 6
11 12 36 35 6
12 11 36 35 6
8 15 17 54 0
15 8 17 54 0
8 15 54 17 0
15 8 54 17 0
8 15 18 53 0
15 8 18 53 0
8 15 53 18 0
15 8 53 18 0
9 14 17 54 0
14 9 17 54 0
9 14 54 17 0
14 9 54 17 0
9 14 18 53 0
14 9 18 53 0
9 14 53 18 0
14 9 53 18 0
9 14 16 55 0
14 9 16 55 0
9 14 55 16 0
14 9 55 16 0
10 13 16 55 0
13 10 16 55 0
10 13 55 16 0
13 10 55 16 0
10 13 17 54 0
13 10 17 54 0
10 13 54 17 0
13 10 54 17 0
10 13 18 53 0
13 10 18 53 0
10 13 53 18 0
13 10 53 18 0
10 13 19 52 0
13 10 19 52 0
10 13 52 19 0
13 10 52 19 0
10 13 20 51 0
13 10 20 51 0
10 13 51 20 0
13 10 51 20 0
11 12 17 54 0
12 11 17 54 0
11 12 54 17 0
12 11 54 17 0
11 12 18 53 0
12 11 18 53 0
11 12 53 18 0
12 11 53 18 0
11 12 19 52 0
12 11 19 52 0
11 12 52 19 0
12 11 52 19 0
11 12 20 51 0
12 11 20 51 0
11 12 51 20 0
12 11 51 20 0
11 12 21 50 0
12 11 21 50 0
11 12 50 21 0
12 11 50 21 0
11 12 22 49 0
12 11 22 49 0
11 12 49 22 0
12 11 49 22 0
11 12 23 48 0
12 11 23 48 0
11 12 48 23 0
12 11 48 23 0
11 12 24 47 0
12 11 24 47 0
11 12 47 24 0
12 11 47 24 0
10 13 15 56 0
13 10 15 56 0
10 13 56 15 0
13 10 56 15 0
11 12 15 56 0
12 11 15 56 0
11 12 56 15 0
12 11 56 15 0
11 12 16 55 0
12 11 16 55 0
11 12 55 16 0
12 11 55 16 0
