2 19 22 43 0
19 2 22 43 0
2 19 43 22 0
19 2 43 22 0
2 19 23 42 0
19 2 23 42 0
2 19 42 23 0
19 2 42 23 0
2 19 24 41 0
19 2 24 41 0
2 19 41 24 0
19 2 41 24 0
2 19 25 40 0
19 2 25 40 0
2 19 40 25 0
19 2 40 25 0
2 19 26 39 0
19 2 26 39 0
2 19 39 26 0
19 2 39 26 0
2 19 27 38 0
19 2 27 38 0
2 19 38 27 0
19 2 38 27 0
2 19 28 37 0
19 2 28 37 0
2 19 37 28 0
19 2 37 28 0
2 19 29 36 0
19 2 29 36 0
2 19 36 29 0
19 2 36 29 0
2 19 30 35 0
19 2 30 35 0
2 19 35 30 0
19 2 35 30 0
2 19 31 34 0
19 2 31 34 0
2 19 34 31 0
19 2 34 31 0
2 19 32 33 0
19 2 32 33 0
2 19 33 32 0
19 2 33 32 0
3 18 22 43 0
18 3 22 43 0
3 18 43 22 0
18 3 43 22 0
3 18 23 42 0
18 3 23 42 0
3 18 42 23 0
18 3 42 23 0
3 18 24 41 0
18 3 24 41 0
3 18 41 24 0
18 3 41 24 0
3 18 25 40 0
18 3 25 40 0
3 18 40 25 0
18 3 40 25 0
3 18 26 39 0
18 3 26 39 0
3 18 39 26 0
18 3 39 26 0
3 18 27 38 0
18 3 27 38 0
3 18 38 27 0
18 3 38 27 0
3 18 28 37 0
18 3 28 37 0
3 18 37 28 0
18 3 37 28 0
3 18 29 36 0
18 3 29 36 0
3 18 36 29 0
18 3 36 29 0
3 18 30 35 0
18 3 30 35 0
3 18 35 30 0
18 3 35 30 0
3 18 31 34 0
18 3 31 34 0
3 18 34 31 0
18 3 34 31 0
3 18 32 33 0
18 3 32 33 0
3 18 33 32 0
18 3 33 32 0
4 17 22 43 0
17 4 22 43 0
4 17 43 22 0
17 4 43 22 0
4 17 23 42 0
17 4 23 42 0
4 17 42 23 0
17 4 42 23 0
4 17 24 41 0
17 4 24 41 0
4 17 41 24 0
17 4 41 24 0
4 17 25 40 0
17 4 25 40 0
4 17 40 25 0
17 4 40 25 0
4 17 26 39 0
17 4 26 39 0
4 17 39 26 0
17 4 39 26 0
4 17 27 38 0
17 4 27 38 0
4 17 38 27 0
17 4 38 27 0
4 17 28 37 0
17 4 28 37 0
4 17 37 28 0
17 4 37 28 0
4 17 29 36 0
17 4 29 36 0
4 17 36 29 0
17 4 36 29 0
4 17 30 35 0
17 4 30 35 0
4 17 35 30 0
17 4 35 30 0
4 17 31 34 0
17 4 31 34 0
4 17 34 31 0
17 4 34 31 0
4 17 32 33 0
17 4 32 33 0
4 17 33 32 0
17 4 33 32 0
5 16 22 43 0
16 5 22 43 0
5 16 43 22 0
16 5 43 22 0
5 16 23 42 0
16 5 23 42 0
5 16 42 23 0
16 5 42 23 0
5 16 24 41 1
16 5 24 41 1
5 16 41 24 1
16 5 41 24 1
5 16 25 40 2
16 5 25 40 2
5 16 40 25 2
16 5 40 25 2
5 16 26 39 4
16 5 26 39 4
5 16 39 26 4
16 5 39 26 4
5 16 27 38 6
16 5 27 38 6
5 16 38 27 6
16 5 38 27 6
5 16 28 37 9
16 5 28 37 9
5 16 37 28 9
16 5 37 28 9
5 16 29 36 11
16 5 29 36 11
5 16 36 29 11
16 5 36 29 11
5 16 30 35 13
16 5 30 35 13
5 16 35 30 13
16 5 35 30 13
5 16 31 34 14
16 5 31 34 14
5 16 34 31 14
16 5 34 31 14
5 16 32 33 15
16 5 32 33 15
5 16 33 32 15
16 5 33 32 15
3 18 21 44 0
18 3 21 44 0
3 18 44 21 0
18 3 44 21 0
4 17 21 44 0
17 4 21 44 0
4 17 44 21 0
17 4 44 21 0
5 16 21 44 0
16 5 21 44 0
5 16 44 21 0
16 5 44 21 0
6 15 21 44 0
15 6 21 44 0
6 15 44 21 0
15 6 44 21 0
6 15 22 43 0
15 6 22 43 0
6 15 43 22 0
15 6 43 22 0
6 15 23 42 1
15 6 23 42 1
6 15 42 23 1
15 6 42 23 1
6 15 24 41 4
15 6 24 41 4
6 15 41 24 4
15 6 41 24 4
6 15 25 40 9
15 6 25 40 9
6 15 40 25 9
15 6 40 25 9
6 15 26 39 17
15 6 26 39 17
6 15 39 26 17
15 6 39 26 17
6 15 27 38 28
15 6 27 38 28
6 15 38 27 28
15 6 38 27 28
6 15 28 37 41
15 6 28 37 41
6 15 37 28 41
15 6 37 28 41
6 15 29 36 53
15 6 29 36 53
6 15 36 29 53
15 6 36 29 53
6 15 30 35 63
15 6 30 35 63
6 15 35 30 63
15 6 35 30 63
6 15 31 34 70
15 6 31 34 70
6 15 34 31 70
15 6 34 31 70
6 15 32 33 74
15 6 32 33 74
6 15 33 32 74
15 6 33 32 74
7 14 22 43 7
14 7 22 43 7
7 14 43 22 7
14 7 43 22 7
7 14 23 42 14
14 7 23 42 14
7 14 42 23 14
14 7 42 23 14
7 14 24 41 27
14 7 24 41 27
7 14 41 24 27
14 7 41 24 27
7 14 25 40 46
14 7 25 40 46
7 14 40 25 46
14 7 40 25 46
7 14 26 39 74
14 7 26 39 74
7 14 39 26 74
14 7 39 26 74
7 14 27 38 109
14 7 27 38 109
7 14 38 27 109
14 7 38 27 109
7 14 28 37 151
14 7 28 37 151
7 14 37 28 151
14 7 37 28 151
7 14 29 36 191
14 7 29 36 191
7 14 36 29 191
14 7 36 29 191
7 14 30 35 227
14 7 30 35 227
7 14 35 30 227
14 7 35 30 227
7 14 31 34 252
14 7 31 34 252
7 14 34 31 252
14 7 34 31 252
7 14 32 33 266
14 7 32 33 266
7 14 33 32 266
14 7 33 32 266
3 18 18 47 0
18 3 18 47 0
3 18 47 18 0
18 3 47 18 0
3 18 19 46 0
18 3 19 46 0
3 18 46 19 0
18 3 46 19 0
3 18 20 45 0
18 3 20 45 0
3 18 45 20 0
18 3 45 20 0
4 17 18 47 0
17 4 18 47 0
4 17 47 18 0
17 4 47 18 0
4 17 19 46 0
17 4 19 46 0
4 17 46 19 0
17 4 46 19 0
4 17 20 45 0
17 4 20 45 0
4 17 45 20 0
17 4 45 20 0
5 16 18 47 0
16 5 18 47 0
5 16 47 18 0
16 5 47 18 0
5 16 19 46 0
16 5 19 46 0
5 16 46 19 0
16 5 46 19 0
5 16 20 45 0
16 5 20 45 0
5 16 45 20 0
16 5 45 20 0
6 15 18 47 0
15 6 18 47 0
6 15 47 18 0
15 6 47 18 0
6 15 19 46 0
15 6 19 46 0
6 15 46 19 0
15 6 46 19 0
6 15 20 45 0
15 6 20 45 0
6 15 45 20 0
15 6 45 20 0
4 17 16 49 0
17 4 16 49 0
4 17 49 16 0
17 4 49 16 0
4 17 17 48 0
17 4 17 48 0
4 17 48 17 0
17 4 48 17 0
5 16 16 49 0
16 5 16 49 0
5 16 49 16 0
16 5 49 16 0
5 16 17 48 0
16 5 17 48 0
5 16 48 17 0
16 5 48 17 0
6 15 16 49 0
15 6 16 49 0
6 15 49 16 0
15 6 49 16 0
6 15 17 48 0
15 6 17 48 0
6 15 48 17 0
15 6 48 17 0
7 14 16 49 0
14 7 16 49 0
7 14 49 16 0
14 7 49 16 0
7 14 17 48 0
14 7 17 48 0
7 14 48 17 0
14 7 48 17 0
7 14 18 47 0
14 7 18 47 0
7 14 47 18 0
14 7 47 18 0
7 14 19 46 0
14 7 19 46 0
7 14 46 19 0
14 7 46 19 0
7 14 20 45 1
14 7 20 45 1
7 14 45 20 1
14 7 45 20 1
7 14 21 44 3
14 7 21 44 3
7 14 44 21 3
14 7 44 21 3
8 13 16 49 0
13 8 16 49 0
8 13 49 16 0
13 8 49 16 0
8 13 17 48 0
13 8 17 48 0
8 13 48 17 0
13 8 48 17 0
8 13 18 47 0
13 8 18 47 0
8 13 47 18 0
13 8 47 18 0
8 13 19 46 0
13 8 19 46 0
8 13 46 19 0
13 8 46 19 0
8 13 20 45 2
13 8 20 45 2
8 13 45 20 2
13 8 45 20 2
8 13 21 44 7
13 8 21 44 7
8 13 44 21 7
13 8 44 21 7
8 13 22 43 18
13 8 22 43 18
8 13 43 22 18
13 8 43 22 18
8 13 23 42 37
13 8 23 42 37
8 13 42 23 37
13 8 42 23 37
8 13 24 41 69
13 8 24 41 69
8 13 41 24 69
13 8 41 24 69
8 13 25 40 115
13 8 25 40 115
8 13 40 25 115
13 8 40 25 115
8 13 26 39 178
13 8 26 39 178
8 13 39 26 178
13 8 39 26 178
8 13 27 38 256
13 8 27 38 256
8 13 38 27 256
13 8 38 27 256
8 13 28 37 345
13 8 28 37 345
8 13 37 28 345
13 8 37 28 345
8 13 29 36 434
13 8 29 36 434
8 13 36 29 434
13 8 36 29 434
8 13 30 35 514
13 8 30 35 514
8 13 35 30 514
13 8 35 30 514
8 13 31 34 573
13 8 31 34 573
8 13 34 31 573
13 8 34 31 573
8 13 32 33 605
13 8 32 33 605
8 13 33 32 605
13 8 33 32 605
9 12 18 47 1
12 9 18 47 1
9 12 47 18 1
12 9 47 18 1
9 12 19 46 2
12 9 19 46 2
9 12 46 19 2
12 9 46 19 2
9 12 20 45 7
12 9 20 45 7
9 12 45 20 7
12 9 45 20 7
9 12 21 44 17
12 9 21 44 17
9 12 44 21 17
12 9 44 21 17
9 12 22 43 38
12 9 22 43 38
9 12 43 22 38
12 9 43 22 38
9 12 23 42 73
12 9 23 42 73
9 12 42 23 73
12 9 42 23 73
9 12 24 41 131
12 9 24 41 131
9 12 41 24 131
12 9 41 24 131
9 12 25 40 212
12 9 25 40 212
9 12 40 25 212
12 9 40 25 212
9 12 26 39 321
12 9 26 39 321
9 12 39 26 321
12 9 39 26 321
9 12 27 38 452
12 9 27 38 452
9 12 38 27 452
12 9 38 27 452
9 12 28 37 600
12 9 28 37 600
9 12 37 28 600
12 9 37 28 600
9 12 29 36 747
12 9 29 36 747
9 12 36 29 747
12 9 36 29 747
9 12 30 35 880
12 9 30 35 880
9 12 35 30 880
12 9 35 30 880
9 12 31 34 979
12 9 31 34 979
9 12 34 31 979
12 9 34 31 979
9 12 32 33 1033
12 9 32 33 1033
9 12 33 32 1033
12 9 33 32 1033
5 16 13 52 0
16 5 13 52 0
5 16 52 13 0
16 5 52 13 0
5 16 14 51 0
16 5 14 51 0
5 16 51 14 0
16 5 51 14 0
5 16 15 50 0
16 5 15 50 0
5 16 50 15 0
16 5 50 15 0
6 15 13 52 0
15 6 13 52 0
6 15 52 13 0
15 6 52 13 0
6 15 14 51 0
15 6 14 51 0
6 15 51 14 0
15 6 51 14 0
6 15 15 50 0
15 6 15 50 0
6 15 50 15 0
15 6 50 15 0
7 14 13 52 0
14 7 13 52 0
7 14 52 13 0
14 7 52 13 0
7 14 14 51 0
14 7 14 51 0
7 14 51 14 0
14 7 51 14 0
7 14 15 50 0
14 7 15 50 0
7 14 50 15 0
14 7 50 15 0
8 13 13 52 0
13 8 13 52 0
8 13 52 13 0
13 8 52 13 0
8 13 14 51 0
13 8 14 51 0
8 13 51 14 0
13 8 51 14 0
8 13 15 50 0
13 8 15 50 0
8 13 50 15 0
13 8 50 15 0
6 15 12 53 0
15 6 12 53 0
6 15 53 12 0
15 6 53 12 0
7 14 12 53 0
14 7 12 53 0
7 14 53 12 0
14 7 53 12 0
8 13 12 53 0
13 8 12 53 0
8 13 53 12 0
13 8 53 12 0
9 12 12 53 0
12 9 12 53 0
9 12 53 12 0
12 9 53 12 0
9 12 13 52 0
12 9 13 52 0
9 12 52 13 0
12 9 52 13 0
9 12 14 51 0
12 9 14 51 0
9 12 51 14 0
12 9 51 14 0
9 12 15 50 0
12 9 15 50 0
9 12 50 15 0
12 9 50 15 0
9 12 16 49 0
12 9 16 49 0
9 12 49 16 0
12 9 49 16 0
9 12 17 48 0
12 9 17 48 0
9 12 48 17 0
12 9 48 17 0
10 11 13 52 0
11 10 13 52 0
10 11 52 13 0
11 10 52 13 0
10 11 14 51 0
11 10 14 51 0
10 11 51 14 0
11 10 51 14 0
10 11 15 50 0
11 10 15 50 0
10 11 50 15 0
11 10 50 15 0
10 11 16 49 0
11 10 16 49 0
10 11 49 16 0
11 10 49 16 0
10 11 17 48 0
11 10 17 48 0
10 11 48 17 0
11 10 48 17 0
10 11 18 47 1
11 10 18 47 1
10 11 47 18 1
11 10 47 18 1
10 11 19 46 3
11 10 19 46 3
10 11 46 19 3
11 10 46 19 3
10 11 20 45 10
11 10 20 45 10
10 11 45 20 10
11 10 45 20 10
10 11 21 44 24
11 10 21 44 24
10 11 44 21 24
11 10 44 21 24
10 11 22 43 52
11 10 22 43 52
10 11 43 22 52
11 10 43 22 52
10 11 23 42 99
11 10 23 42 99
10 11 42 23 99
11 10 42 23 99
10 11 24 41 175
11 10 24 41 175
10 11 41 24 175
11 10 41 24 175
10 11 25 40 281
11 10 25 40 281
10 11 40 25 281
11 10 40 25 281
10 11 26 39 422
11 10 26 39 422
10 11 39 26 422
11 10 39 26 422
10 11 27 38 591
11 10 27 38 591
10 11 38 27 591
11 10 38 27 591
10 11 28 37 780
11 10 28 37 780
10 11 37 28 780
11 10 37 28 780
10 11 29 36 968
11 10 29 36 968
10 11 36 29 968
11 10 36 29 968
10 11 30 35 1137
11 10 30 35 1137
10 11 35 30 1137
11 10 35 30 1137
10 11 31 34 1264
11 10 31 34 1264
10 11 34 31 1264
11 10 34 31 1264
10 11 32 33 1333
11 10 32 33 1333
10 11 33 32 1333
11 10 33 32 1333
7 14 10 55 0
14 7 10 55 0
7 14 55 10 0
14 7 55 10 0
7 14 11 54 0
14 7 11 54 0
7 14 54 11 0
14 7 54 11 0
8 13 10 55 0
13 8 10 55 0
8 13 55 10 0
13 8 55 10 0
8 13 11 54 0
13 8 11 54 0
8 13 54 11 0
13 8 54 11 0
9 12 10 55 0
12 9 10 55 0
9 12 55 10 0
12 9 55 10 0
9 12 11 54 0
12 9 11 54 0
9 12 54 11 0
12 9 54 11 0
10 11 10 55 0
11 10 10 55 0
10 11 55 10 0
11 10 55 10 0
10 11 11 54 0
11 10 11 54 0
10 11 54 11 0
11 10 54 11 0
10 11 12 53 0
11 10 12 53 0
10 11 53 12 0
11 10 53 12 0
9 12 9 56 0
12 9 9 56 0
9 12 56 9 0
12 9 56 9 0
10 11 9 56 0
11 10 9 56 0
10 11 56 9 0
11 10 56 9 0
