1 18 21 38 0
18 1 21 38 0
1 18 38 21 0
18 1 38 21 0
1 18 22 37 0
18 1 22 37 0
1 18 37 22 0
18 1 37 22 0
1 18 23 36 0
18 1 23 36 0
1 18 36 23 0
18 1 36 23 0
1 18 24 35 0
18 1 24 35 0
1 18 35 24 0
18 1 35 24 0
1 18 25 34 0
18 1 25 34 0
1 18 34 25 0
18 1 34 25 0
1 18 26 33 0
18 1 26 33 0
1 18 33 26 0
18 1 33 26 0
1 18 27 32 0
18 1 27 32 0
1 18 32 27 0
18 1 32 27 0
1 18 28 31 0
18 1 28 31 0
1 18 31 28 0
18 1 31 28 0
1 18 29 30 0
18 1 29 30 0
1 18 30 29 0
18 1 30 29 0
2 17 21 38 0
17 2 21 38 0
2 17 38 21 0
17 2 38 21 0
2 17 22 37 0
17 2 22 37 0
2 17 37 22 0
17 2 37 22 0
2 17 23 36 0
17 2 23 36 0
2 17 36 23 0
17 2 36 23 0
2 17 24 35 0
17 2 24 35 0
2 17 35 24 0
17 2 35 24 0
2 17 25 34 0
17 2 25 34 0
2 17 34 25 0
17 2 34 25 0
2 17 26 33 0
17 2 26 33 0
2 17 33 26 0
17 2 33 26 0
2 17 27 32 0
17 2 27 32 0
2 17 32 27 0
17 2 32 27 0
2 17 28 31 0
17 2 28 31 0
2 17 31 28 0
17 2 31 28 0
2 17 29 30 0
17 2 29 30 0
2 17 30 29 0
17 2 30 29 0
3 16 21 38 0
16 3 21 38 0
3 16 38 21 0
16 3 38 21 0
3 16 22 37 0
16 3 22 37 0
3 16 37 22 0
16 3 37 22 0
3 16 23 36 0
16 3 23 36 0
3 16 36 23 0
16 3 36 23 0
3 16 24 35 0
16 3 24 35 0
3 16 35 24 0
16 3 35 24 0
3 16 25 34 0
16 3 25 34 0
3 16 34 25 0
16 3 34 25 0
3 16 26 33 0
16 3 26 33 0
3 16 33 26 0
16 3 33 26 0
3 16 27 32 0
16 3 27 32 0
3 16 32 27 0
16 3 32 27 0
3 16 28 31 0
16 3 28 31 0
3 16 31 28 0
16 3 31 28 0
3 16 29 30 0
16 3 29 30 0
3 16 30 29 0
16 3 30 29 0
4 15 21 38 0
15 4 21 38 0
4 15 38 21 0
15 4 38 21 0
4 15 22 37 1
15 4 22 37 1
4 15 37 22 1
15 4 37 22 1
4 15 23 36 2
15 4 23 36 2
4 15 36 23 2
15 4 36 23 2
4 15 24 35 3
15 4 24 35 3
4 15 35 24 3
15 4 35 24 3
4 15 25 34 4
15 4 25 34 4
4 15 34 25 4
15 4 34 25 4
4 15 26 33 5
15 4 26 33 5
4 15 33 26 5
15 4 33 26 5
4 15 27 32 6
15 4 27 32 6
4 15 32 27 6
15 4 32 27 6
4 15 28 31 6
15 4 28 31 6
4 15 31 28 6
15 4 31 28 6
4 15 29 30 6
15 4 29 30 6
4 15 30 29 6
15 4 30 29 6
5 14 21 38 0
14 5 21 38 0
5 14 38 21 0
14 5 38 21 0
5 14 22 37 2
14 5 22 37 2
5 14 37 22 2
14 5 37 22 2
5 14 23 36 5
14 5 23 36 5
5 14 36 23 5
14 5 36 23 5
5 14 24 35 9
14 5 24 35 9
5 14 35 24 9
14 5 35 24 9
5 14 25 34 13
14 5 25 34 13
5 14 34 25 13
14 5 34 25 13
5 14 26 33 17
14 5 26 33 17
5 14 33 26 17
14 5 33 26 17
5 14 27 32 20
14 5 27 32 20
5 14 32 27 20
14 5 32 27 20
5 14 28 31 21
14 5 28 31 21
5 14 31 28 21
14 5 31 28 21
5 14 29 30 21
14 5 29 30 21
5 14 30 29 21
14 5 30 29 21
2 17 16 43 0
17 2 16 43 0
2 17 43 16 0
17 2 43 16 0
2 17 17 42 0
17 2 17 42 0
2 17 42 17 0
17 2 42 17 0
2 17 18 41 0
17 2 18 41 0
2 17 41 18 0
17 2 41 18 0
2 17 19 40 0
17 2 19 40 0
2 17 40 19 0
17 2 40 19 0
2 17 20 39 0
17 2 20 39 0
2 17 39 20 0
17 2 39 20 0
3 16 16 43 0
16 3 16 43 0
3 16 43 16 0
16 3 43 16 0
3 16 17 42 0
16 3 17 42 0
3 16 42 17 0
16 3 42 17 0
3 16 18 41 0
16 3 18 41 0
3 16 41 18 0
16 3 41 18 0
3 16 19 40 0
16 3 19 40 0
3 16 40 19 0
16 3 40 19 0
3 16 20 39 0
16 3 20 39 0
3 16 39 20 0
16 3 39 20 0
4 15 16 43 0
15 4 16 43 0
4 15 43 16 0
15 4 43 16 0
4 15 17 42 0
15 4 17 42 0
4 15 42 17 0
15 4 42 17 0
4 15 18 41 0
15 4 18 41 0
4 15 41 18 0
15 4 41 18 0
4 15 19 40 0
15 4 19 40 0
4 15 40 19 0
15 4 40 19 0
4 15 20 39 0
15 4 20 39 0
4 15 39 20 0
15 4 39 20 0
5 14 16 43 0
14 5 16 43 0
5 14 43 16 0
14 5 43 16 0
5 14 17 42 0
14 5 17 42 0
5 14 42 17 0
14 5 42 17 0
5 14 18 41 0
14 5 18 41 0
5 14 41 18 0
14 5 41 18 0
5 14 19 40 0
14 5 19 40 0
5 14 40 19 0
14 5 40 19 0
5 14 20 39 0
14 5 20 39 0
5 14 39 20 0
14 5 39 20 0
3 16 15 44 0
16 3 15 44 0
3 16 44 15 0
16 3 44 15 0
4 15 15 44 0
15 4 15 44 0
4 15 44 15 0
15 4 44 15 0
5 14 15 44 0
14 5 15 44 0
5 14 44 15 0
14 5 44 15 0
6 13 15 44 0
13 6 15 44 0
6 13 44 15 0
13 6 44 15 0
6 13 16 43 0
13 6 16 43 0
6 13 43 16 0
13 6 43 16 0
6 13 17 42 0
13 6 17 42 0
6 13 42 17 0
13 6 42 17 0
6 13 18 41 1
13 6 18 41 1
6 13 41 18 1
13 6 41 18 1
6 13 19 40 2
13 6 19 40 2
6 13 40 19 2
13 6 40 19 2
6 13 20 39 4
13 6 20 39 4
6 13 39 20 4
13 6 39 20 4
6 13 21 38 6
13 6 21 38 6
6 13 38 21 6
13 6 38 21 6
6 13 22 37 11
13 6 22 37 11
6 13 37 22 11
13 6 37 22 11
6 13 23 36 18
13 6 23 36 18
6 13 36 23 18
13 6 36 23 18
6 13 24 35 28
13 6 24 35 28
6 13 35 24 28
13 6 35 24 28
6 13 25 34 39
13 6 25 34 39
6 13 34 25 39
13 6 34 25 39
6 13 26 33 50
13 6 26 33 50
6 13 33 26 50
13 6 33 26 50
6 13 27 32 59
13 6 27 32 59
6 13 32 27 59
13 6 32 27 59
6 13 28 31 64
13 6 28 31 64
6 13 31 28 64
13 6 31 28 64
6 13 29 30 66
13 6 29 30 66
6 13 30 29 66
13 6 30 29 66
7 12 16 43 0
12 7 16 43 0
7 12 43 16 0
12 7 43 16 0
7 12 17 42 0
12 7 17 42 0
7 12 42 17 0
12 7 42 17 0
7 12 18 41 1
12 7 18 41 1
7 12 41 18 1
12 7 41 18 1
7 12 19 40 3
12 7 19 40 3
7 12 40 19 3
12 7 40 19 3
7 12 20 39 7
12 7 20 39 7
7 12 39 20 7
12 7 39 20 7
7 12 21 38 12
12 7 21 38 12
7 12 38 21 12
12 7 38 21 12
7 12 22 37 21
12 7 22 37 21
7 12 37 22 21
12 7 37 22 21
7 12 23 36 33
12 7 23 36 33
7 12 36 23 33
12 7 36 23 33
7 12 24 35 50
12 7 24 35 50
7 12 35 24 50
12 7 35 24 50
7 12 25 34 69
12 7 25 34 69
7 12 34 25 69
12 7 34 25 69
7 12 26 33 89
12 7 26 33 89
7 12 33 26 89
12 7 33 26 89
7 12 27 32 106
12 7 27 32 106
7 12 32 27 106
12 7 32 27 106
7 12 28 31 118
12 7 28 31 118
7 12 31 28 118
12 7 31 28 118
7 12 29 30 124
12 7 29 30 124
7 12 30 29 124
12 7 30 29 124
3 16 13 46 0
16 3 13 46 0
3 16 46 13 0
16 3 46 13 0
3 16 14 45 0
16 3 14 45 0
3 16 45 14 0
16 3 45 14 0
4 15 13 46 0
15 4 13 46 0
4 15 46 13 0
15 4 46 13 0
4 15 14 45 0
15 4 14 45 0
4 15 45 14 0
15 4 45 14 0
5 14 13 46 0
14 5 13 46 0
5 14 46 13 0
14 5 46 13 0
5 14 14 45 0
14 5 14 45 0
5 14 45 14 0
14 5 45 14 0
6 13 13 46 0
13 6 13 46 0
6 13 46 13 0
13 6 46 13 0
6 13 14 45 0
13 6 14 45 0
6 13 45 14 0
13 6 45 14 0
4 15 11 48 0
15 4 11 48 0
4 15 48 11 0
15 4 48 11 0
4 15 12 47 0
15 4 12 47 0
4 15 47 12 0
15 4 47 12 0
5 14 11 48 0
14 5 11 48 0
5 14 48 11 0
14 5 48 11 0
5 14 12 47 0
14 5 12 47 0
5 14 47 12 0
14 5 47 12 0
6 13 11 48 0
13 6 11 48 0
6 13 48 11 0
13 6 48 11 0
6 13 12 47 0
13 6 12 47 0
6 13 47 12 0
13 6 47 12 0
7 12 11 48 0
12 7 11 48 0
7 12 48 11 0
12 7 48 11 0
7 12 12 47 0
12 7 12 47 0
7 12 47 12 0
12 7 47 12 0
7 12 13 46 0
12 7 13 46 0
7 12 46 13 0
12 7 46 13 0
7 12 14 45 0
12 7 14 45 0
7 12 45 14 0
12 7 45 14 0
7 12 15 44 0
12 7 15 44 0
7 12 44 15 0
12 7 44 15 0
8 11 11 48 0
11 8 11 48 0
8 11 48 11 0
11 8 48 11 0
8 11 12 47 0
11 8 12 47 0
8 11 47 12 0
11 8 47 12 0
8 11 13 46 0
11 8 13 46 0
8 11 46 13 0
11 8 46 13 0
8 11 14 45 0
11 8 14 45 0
8 11 45 14 0
11 8 45 14 0
8 11 15 44 0
11 8 15 44 0
8 11 44 15 0
11 8 44 15 0
8 11 16 43 0
11 8 16 43 0
8 11 43 16 0
11 8 43 16 0
8 11 17 42 0
11 8 17 42 0
8 11 42 17 0
11 8 42 17 0
8 11 18 41 1
11 8 18 41 1
8 11 41 18 1
11 8 41 18 1
8 11 19 40 3
11 8 19 40 3
8 11 40 19 3
11 8 40 19 3
8 11 20 39 8
11 8 20 39 8
8 11 39 20 8
11 8 39 20 8
8 11 21 38 15
11 8 21 38 15
8 11 38 21 15
11 8 38 21 15
8 11 22 37 28
11 8 22 37 28
8 11 37 22 28
11 8 37 22 28
8 11 23 36 45
11 8 23 36 45
8 11 36 23 45
11 8 36 23 45
8 11 24 35 68
11 8 24 35 68
8 11 35 24 68
11 8 35 24 68
8 11 25 34 94
11 8 25 34 94
8 11 34 25 94
11 8 34 25 94
8 11 26 33 122
11 8 26 33 122
8 11 33 26 122
11 8 33 26 122
8 11 27 32 147
11 8 27 32 147
8 11 32 27 147
11 8 32 27 147
8 11 28 31 166
11 8 28 31 166
8 11 31 28 166
11 8 31 28 166
8 11 29 30 176
11 8 29 30 176
8 11 30 29 176
11 8 30 29 176
9 10 13 46 0
10 9 13 46 0
9 10 46 13 0
10 9 46 13 0
9 10 14 45 0
10 9 14 45 0
9 10 45 14 0
10 9 45 14 0
9 10 15 44 0
10 9 15 44 0
9 10 44 15 0
10 9 44 15 0
9 10 16 43 0
10 9 16 43 0
9 10 43 16 0
10 9 43 16 0
9 10 17 42 0
10 9 17 42 0
9 10 42 17 0
10 9 42 17 0
9 10 18 41 1
10 9 18 41 1
9 10 41 18 1
10 9 41 18 1
9 10 19 40 3
10 9 19 40 3
9 10 40 19 3
10 9 40 19 3
9 10 20 39 8
10 9 20 39 8
9 10 39 20 8
10 9 39 20 8
9 10 21 38 16
10 9 21 38 16
9 10 38 21 16
10 9 38 21 16
9 10 22 37 31
10 9 22 37 31
9 10 37 22 31
10 9 37 22 31
9 10 23 36 51
10 9 23 36 51
9 10 36 23 51
10 9 36 23 51
9 10 24 35 78
10 9 24 35 78
9 10 35 24 78
10 9 35 24 78
9 10 25 34 108
10 9 25 34 108
9 10 34 25 108
10 9 34 25 108
9 10 26 33 141
10 9 26 33 141
9 10 33 26 141
10 9 33 26 141
9 10 27 32 171
10 9 27 32 171
9 10 32 27 171
10 9 32 27 171
9 10 28 31 194
10 9 28 31 194
9 10 31 28 194
10 9 31 28 194
9 10 29 30 206
10 9 29 30 206
9 10 30 29 206
10 9 30 29 206
5 14 9 50 0
14 5 9 50 0
5 14 50 9 0
14 5 50 9 0
5 14 10 49 0
14 5 10 49 0
5 14 49 10 0
14 5 49 10 0
6 13 9 50 0
13 6 9 50 0
6 13 50 9 0
13 6 50 9 0
6 13 10 49 0
13 6 10 49 0
6 13 49 10 0
13 6 49 10 0
7 12 9 50 0
12 7 9 50 0
7 12 50 9 0
12 7 50 9 0
7 12 10 49 0
12 7 10 49 0
7 12 49 10 0
12 7 49 10 0
8 11 9 50 0
11 8 9 50 0
8 11 50 9 0
11 8 50 9 0
8 11 10 49 0
11 8 10 49 0
8 11 49 10 0
11 8 49 10 0
6 13 8 51 0
13 6 8 51 0
6 13 51 8 0
13 6 51 8 0
7 12 8 51 0
12 7 8 51 0
7 12 51 8 0
12 7 51 8 0
8 11 8 51 0
11 8 8 51 0
8 11 51 8 0
11 8 51 8 0
9 10 8 51 0
10 9 8 51 0
9 10 51 8 0
10 9 51 8 0
9 10 9 50 0
10 9 9 50 0
9 10 50 9 0
10 9 50 9 0
9 10 10 49 0
10 9 10 49 0
9 10 49 10 0
10 9 49 10 0
9 10 11 48 0
10 9 11 48 0
9 10 48 11 0
10 9 48 11 0
9 10 12 47 0
10 9 12 47 0
9 10 47 12 0
10 9 47 12 0
7 12 7 52 0
12 7 7 52 0
7 12 52 7 0
12 7 52 7 0
8 11 7 52 0
11 8 7 52 0
8 11 52 7 0
11 8 52 7 0
9 10 7 52 0
10 9 7 52 0
9 10 52 7 0
10 9 52 7 0
