0 15 15 32 0
15 0 15 32 0
0 15 32 15 0
15 0 32 15 0
0 15 16 31 0
15 0 16 31 0
0 15 31 16 0
15 0 31 16 0
0 15 17 30 0
15 0 17 30 0
0 15 30 17 0
15 0 30 17 0
0 15 18 29 0
15 0 18 29 0
0 15 29 18 0
15 0 29 18 0
0 15 19 28 0
15 0 19 28 0
0 15 28 19 0
15 0 28 19 0
0 15 20 27 0
15 0 20 27 0
0 15 27 20 0
15 0 27 20 0
0 15 21 26 0
15 0 21 26 0
0 15 26 21 0
15 0 26 21 0
0 15 22 25 0
15 0 22 25 0
0 15 25 22 0
15 0 25 22 0
0 15 23 24 0
15 0 23 24 0
0 15 24 23 0
15 0 24 23 0
1 14 15 32 0
14 1 15 32 0
1 14 32 15 0
14 1 32 15 0
1 14 16 31 0
14 1 16 31 0
1 14 31 16 0
14 1 31 16 0
1 14 17 30 0
14 1 17 30 0
1 14 30 17 0
14 1 30 17 0
1 14 18 29 0
14 1 18 29 0
1 14 29 18 0
14 1 29 18 0
1 14 19 28 0
14 1 19 28 0
1 14 28 19 0
14 1 28 19 0
1 14 20 27 0
14 1 20 27 0
1 14 27 20 0
14 1 27 20 0
1 14 21 26 0
14 1 21 26 0
1 14 26 21 0
14 1 26 21 0
1 14 22 25 0
14 1 22 25 0
1 14 25 22 0
14 1 25 22 0
1 14 23 24 0
14 1 23 24 0
1 14 24 23 0
14 1 24 23 0
2 13 15 32 0
13 2 15 32 0
2 13 32 15 0
13 2 32 15 0
2 13 16 31 0
13 2 16 31 0
2 13 31 16 0
13 2 31 16 0
2 13 17 30 0
13 2 17 30 0
2 13 30 17 0
13 2 30 17 0
2 13 18 29 0
13 2 18 29 0
2 13 29 18 0
13 2 29 18 0
2 13 19 28 0
13 2 19 28 0
2 13 28 19 0
13 2 28 19 0
2 13 20 27 0
13 2 20 27 0
2 13 27 20 0
13 2 27 20 0
2 13 21 26 0
13 2 21 26 0
2 13 26 21 0
13 2 26 21 0
2 13 22 25 0
13 2 22 25 0
2 13 25 22 0
13 2 25 22 0
2 13 23 24 0
13 2 23 24 0
2 13 24 23 0
13 2 24 23 0
3 12 15 32 0
12 3 15 32 0
3 12 32 15 0
12 3 32 15 0
3 12 16 31 0
12 3 16 31 0
3 12 31 16 0
12 3 31 16 0
3 12 17 30 0
12 3 17 30 0
3 12 30 17 0
12 3 30 17 0
3 12 18 29 0
12 3 18 29 0
3 12 29 18 0
12 3 29 18 0
3 12 19 28 0
12 3 19 28 0
3 12 28 19 0
12 3 28 19 0
3 12 20 27 0
12 3 20 27 0
3 12 27 20 0
12 3 27 20 0
3 12 21 26 0
12 3 21 26 0
3 12 26 21 0
12 3 26 21 0
3 12 22 25 0
12 3 22 25 0
3 12 25 22 0
12 3 25 22 0
3 12 23 24 0
12 3 23 24 0
3 12 24 23 0
12 3 24 23 0
1 14 10 37 0
14 1 10 37 0
1 14 37 10 0
14 1 37 10 0
1 14 11 36 0
14 1 11 36 0
1 14 36 11 0
14 1 36 11 0
1 14 12 35 0
14 1 12 35 0
1 14 35 12 0
14 1 35 12 0
1 14 13 34 0
14 1 13 34 0
1 14 34 13 0
14 1 34 13 0
1 14 14 33 0
14 1 14 33 0
1 14 33 14 0
14 1 33 14 0
2 13 10 37 0
13 2 10 37 0
2 13 37 10 0
13 2 37 10 0
2 13 11 36 0
13 2 11 36 0
2 13 36 11 0
13 2 36 11 0
2 13 12 35 0
13 2 12 35 0
2 13 35 12 0
13 2 35 12 0
2 13 13 34 0
13 2 13 34 0
2 13 34 13 0
13 2 34 13 0
2 13 14 33 0
13 2 14 33 0
2 13 33 14 0
13 2 33 14 0
3 12 10 37 0
12 3 10 37 0
3 12 37 10 0
12 3 37 10 0
3 12 11 36 0
12 3 11 36 0
3 12 36 11 0
12 3 36 11 0
3 12 12 35 0
12 3 12 35 0
3 12 35 12 0
12 3 35 12 0
3 12 13 34 0
12 3 13 34 0
3 12 34 13 0
12 3 34 13 0
3 12 14 33 0
12 3 14 33 0
3 12 33 14 0
12 3 33 14 0
4 11 10 37 0
11 4 10 37 0
4 11 37 10 0
11 4 37 10 0
4 11 11 36 0
11 4 11 36 0
4 11 36 11 0
11 4 36 11 0
4 11 12 35 0
11 4 12 35 0
4 11 35 12 0
11 4 35 12 0
4 11 13 34 0
11 4 13 34 0
4 11 34 13 0
11 4 34 13 0
4 11 14 33 0
11 4 14 33 0
4 11 33 14 0
11 4 33 14 0
4 11 15 32 0
11 4 15 32 0
4 11 32 15 0
11 4 32 15 0
4 11 16 31 0
11 4 16 31 0
4 11 31 16 0
11 4 31 16 0
4 11 17 30 0
11 4 17 30 0
4 11 30 17 0
11 4 30 17 0
4 11 18 29 0
11 4 18 29 0
4 11 29 18 0
11 4 29 18 0
4 11 19 28 0
11 4 19 28 0
4 11 28 19 0
11 4 28 19 0
4 11 20 27 0
11 4 20 27 0
4 11 27 20 0
11 4 27 20 0
4 11 21 26 0
11 4 21 26 0
4 11 26 21 0
11 4 26 21 0
4 11 22 25 0
11 4 22 25 0
4 11 25 22 0
11 4 25 22 0
4 11 23 24 0
11 4 23 24 0
4 11 24 23 0
11 4 24 23 0
5 10 10 37 0
10 5 10 37 0
5 10 37 10 0
10 5 37 10 0
5 10 11 36 0
10 5 11 36 0
5 10 36 11 0
10 5 36 11 0
5 10 12 35 0
10 5 12 35 0
5 10 35 12 0
10 5 35 12 0
5 10 13 34 0
10 5 13 34 0
5 10 34 13 0
10 5 34 13 0
5 10 14 33 0
10 5 14 33 0
5 10 33 14 0
10 5 33 14 0
5 10 15 32 0
10 5 15 32 0
5 10 32 15 0
10 5 32 15 0
5 10 16 31 0
10 5 16 31 0
5 10 31 16 0
10 5 31 16 0
5 10 17 30 0
10 5 17 30 0
5 10 30 17 0
10 5 30 17 0
5 10 18 29 0
10 5 18 29 0
5 10 29 18 0
10 5 29 18 0
5 10 19 28 0
10 5 19 28 0
5 10 28 19 0
10 5 28 19 0
5 10 20 27 0
10 5 20 27 0
5 10 27 20 0
10 5 27 20 0
5 10 21 26 0
10 5 21 26 0
5 10 26 21 0
10 5 26 21 0
5 10 22 25 0
10 5 22 25 0
5 10 25 22 0
10 5 25 22 0
5 10 23 24 0
10 5 23 24 0
5 10 24 23 0
10 5 24 23 0
2 13 7 40 0
13 2 7 40 0
2 13 40 7 0
13 2 40 7 0
2 13 8 39 0
13 2 8 39 0
2 13 39 8 0
13 2 39 8 0
2 13 9 38 0
13 2 9 38 0
2 13 38 9 0
13 2 38 9 0
3 12 7 40 0
12 3 7 40 0
3 12 40 7 0
12 3 40 7 0
3 12 8 39 0
12 3 8 39 0
3 12 39 8 0
12 3 39 8 0
3 12 9 38 0
12 3 9 38 0
3 12 38 9 0
12 3 38 9 0
4 11 7 40 0
11 4 7 40 0
4 11 40 7 0
11 4 40 7 0
4 11 8 39 0
11 4 8 39 0
4 11 39 8 0
11 4 39 8 0
4 11 9 38 0
11 4 9 38 0
4 11 38 9 0
11 4 38 9 0
5 10 7 40 0
10 5 7 40 0
5 10 40 7 0
10 5 40 7 0
5 10 8 39 0
10 5 8 39 0
5 10 39 8 0
10 5 39 8 0
5 10 9 38 0
10 5 9 38 0
5 10 38 9 0
10 5 38 9 0
3 12 6 41 0
12 3 6 41 0
3 12 41 6 0
12 3 41 6 0
4 11 6 41 0
11 4 6 41 0
4 11 41 6 0
11 4 41 6 0
5 10 6 41 0
10 5 6 41 0
5 10 41 6 0
10 5 41 6 0
6 9 6 41 0
9 6 6 41 0
6 9 41 6 0
9 6 41 6 0
6 9 7 40 0
9 6 7 40 0
6 9 40 7 0
9 6 40 7 0
6 9 8 39 0
9 6 8 39 0
6 9 39 8 0
9 6 39 8 0
6 9 9 38 0
9 6 9 38 0
6 9 38 9 0
9 6 38 9 0
6 9 10 37 0
9 6 10 37 0
6 9 37 10 0
9 6 37 10 0
6 9 11 36 0
9 6 11 36 0
6 9 36 11 0
9 6 36 11 0
6 9 12 35 0
9 6 12 35 0
6 9 35 12 0
9 6 35 12 0
6 9 13 34 0
9 6 13 34 0
6 9 34 13 0
9 6 34 13 0
6 9 14 33 0
9 6 14 33 0
6 9 33 14 0
9 6 33 14 0
6 9 15 32 0
9 6 15 32 0
6 9 32 15 0
9 6 32 15 0
6 9 16 31 0
9 6 16 31 0
6 9 31 16 0
9 6 31 16 0
6 9 17 30 0
9 6 17 30 0
6 9 30 17 0
9 6 30 17 0
6 9 18 29 0
9 6 18 29 0
6 9 29 18 0
9 6 29 18 0
6 9 19 28 0
9 6 19 28 0
6 9 28 19 0
9 6 28 19 0
6 9 20 27 0
9 6 20 27 0
6 9 27 20 0
9 6 27 20 0
6 9 21 26 0
9 6 21 26 0
6 9 26 21 0
9 6 26 21 0
6 9 22 25 0
9 6 22 25 0
6 9 25 22 0
9 6 25 22 0
6 9 23 24 0
9 6 23 24 0
6 9 24 23 0
9 6 24 23 0
7 8 7 40 0
8 7 7 40 0
7 8 40 7 0
8 7 40 7 0
7 8 8 39 0
8 7 8 39 0
7 8 39 8 0
8 7 39 8 0
7 8 9 38 0
8 7 9 38 0
7 8 38 9 0
8 7 38 9 0
7 8 10 37 0
8 7 10 37 0
7 8 37 10 0
8 7 37 10 0
7 8 11 36 0
8 7 11 36 0
7 8 36 11 0
8 7 36 11 0
7 8 12 35 0
8 7 12 35 0
7 8 35 12 0
8 7 35 12 0
7 8 13 34 0
8 7 13 34 0
7 8 34 13 0
8 7 34 13 0
7 8 14 33 0
8 7 14 33 0
7 8 33 14 0
8 7 33 14 0
7 8 15 32 0
8 7 15 32 0
7 8 32 15 0
8 7 32 15 0
7 8 16 31 0
8 7 16 31 0
7 8 31 16 0
8 7 31 16 0
7 8 17 30 0
8 7 17 30 0
7 8 30 17 0
8 7 30 17 0
7 8 18 29 0
8 7 18 29 0
7 8 29 18 0
8 7 29 18 0
7 8 19 28 0
8 7 19 28 0
7 8 28 19 0
8 7 28 19 0
7 8 20 27 0
8 7 20 27 0
7 8 27 20 0
8 7 27 20 0
7 8 21 26 0
8 7 21 26 0
7 8 26 21 0
8 7 26 21 0
7 8 22 25 0
8 7 22 25 0
7 8 25 22 0
8 7 25 22 0
7 8 23 24 0
8 7 23 24 0
7 8 24 23 0
8 7 24 23 0
4 11 4 43 0
11 4 4 43 0
4 11 43 4 0
11 4 43 4 0
4 11 5 42 0
11 4 5 42 0
4 11 42 5 0
11 4 42 5 0
5 10 4 43 0
10 5 4 43 0
5 10 43 4 0
10 5 43 4 0
5 10 5 42 0
10 5 5 42 0
5 10 42 5 0
10 5 42 5 0
6 9 4 43 0
9 6 4 43 0
6 9 43 4 0
9 6 43 4 0
6 9 5 42 0
9 6 5 42 0
6 9 42 5 0
9 6 42 5 0
7 8 4 43 0
8 7 4 43 0
7 8 43 4 0
8 7 43 4 0
7 8 5 42 0
8 7 5 42 0
7 8 42 5 0
8 7 42 5 0
7 8 6 41 0
8 7 6 41 0
7 8 41 6 0
8 7 41 6 0
6 9 3 44 0
9 6 3 44 0
6 9 44 3 0
9 6 44 3 0
7 8 3 44 0
8 7 3 44 0
7 8 44 3 0
8 7 44 3 0
