0 17 21 32 0
17 0 21 32 0
0 17 32 21 0
17 0 32 21 0
0 17 22 31 0
17 0 22 31 0
0 17 31 22 0
17 0 31 22 0
0 17 23 30 0
17 0 23 30 0
0 17 30 23 0
17 0 30 23 0
0 17 24 29 0
17 0 24 29 0
0 17 29 24 0
17 0 29 24 0
0 17 25 28 0
17 0 25 28 0
0 17 28 25 0
17 0 28 25 0
0 17 26 27 0
17 0 26 27 0
0 17 27 26 0
17 0 27 26 0
1 16 21 32 0
16 1 21 32 0
1 16 32 21 0
16 1 32 21 0
1 16 22 31 0
16 1 22 31 0
1 16 31 22 0
16 1 31 22 0
1 16 23 30 0
16 1 23 30 0
1 16 30 23 0
16 1 30 23 0
1 16 24 29 0
16 1 24 29 0
1 16 29 24 0
16 1 29 24 0
1 16 25 28 0
16 1 25 28 0
1 16 28 25 0
16 1 28 25 0
1 16 26 27 0
16 1 26 27 0
1 16 27 26 0
16 1 27 26 0
2 15 21 32 0
15 2 21 32 0
2 15 32 21 0
15 2 32 21 0
2 15 22 31 0
15 2 22 31 0
2 15 31 22 0
15 2 31 22 0
2 15 23 30 0
15 2 23 30 0
2 15 30 23 0
15 2 30 23 0
2 15 24 29 0
15 2 24 29 0
2 15 29 24 0
15 2 29 24 0
2 15 25 28 0
15 2 25 28 0
2 15 28 25 0
15 2 28 25 0
2 15 26 27 0
15 2 26 27 0
2 15 27 26 0
15 2 27 26 0
3 14 21 32 1
14 3 21 32 1
3 14 32 21 1
14 3 32 21 1
3 14 22 31 1
14 3 22 31 1
3 14 31 22 1
14 3 31 22 1
3 14 23 30 1
14 3 23 30 1
3 14 30 23 1
14 3 30 23 1
3 14 24 29 1
14 3 24 29 1
3 14 29 24 1
14 3 29 24 1
3 14 25 28 1
14 3 25 28 1
3 14 28 25 1
14 3 28 25 1
3 14 26 27 1
14 3 26 27 1
3 14 27 26 1
14 3 27 26 1
1 16 15 38 0
16 1 15 38 0
1 16 38 15 0
16 1 38 15 0
1 16 16 37 0
16 1 16 37 0
1 16 37 16 0
16 1 37 16 0
1 16 17 36 0
16 1 17 36 0
1 16 36 17 0
16 1 36 17 0
1 16 18 35 0
16 1 18 35 0
1 16 35 18 0
16 1 35 18 0
1 16 19 34 0
16 1 19 34 0
1 16 34 19 0
16 1 34 19 0
1 16 20 33 0
16 1 20 33 0
1 16 33 20 0
16 1 33 20 0
2 15 15 38 0
15 2 15 38 0
2 15 38 15 0
15 2 38 15 0
2 15 16 37 0
15 2 16 37 0
2 15 37 16 0
15 2 37 16 0
2 15 17 36 0
15 2 17 36 0
2 15 36 17 0
15 2 36 17 0
2 15 18 35 0
15 2 18 35 0
2 15 35 18 0
15 2 35 18 0
2 15 19 34 0
15 2 19 34 0
2 15 34 19 0
15 2 34 19 0
2 15 20 33 0
15 2 20 33 0
2 15 33 20 0
15 2 33 20 0
3 14 15 38 0
14 3 15 38 0
3 14 38 15 0
14 3 38 15 0
3 14 16 37 0
14 3 16 37 0
3 14 37 16 0
14 3 37 16 0
3 14 17 36 0
14 3 17 36 0
3 14 36 17 0
14 3 36 17 0
3 14 18 35 0
14 3 18 35 0
3 14 35 18 0
14 3 35 18 0
3 14 19 34 0
14 3 19 34 0
3 14 34 19 0
14 3 34 19 0
3 14 20 33 0
14 3 20 33 0
3 14 33 20 0
14 3 33 20 0
4 13 15 38 0
13 4 15 38 0
4 13 38 15 0
13 4 38 15 0
4 13 16 37 0
13 4 16 37 0
4 13 37 16 0
13 4 37 16 0
4 13 17 36 0
13 4 17 36 0
4 13 36 17 0
13 4 36 17 0
4 13 18 35 0
13 4 18 35 0
4 13 35 18 0
13 4 35 18 0
4 13 19 34 0
13 4 19 34 0
4 13 34 19 0
13 4 34 19 0
4 13 20 33 0
13 4 20 33 0
4 13 33 20 0
13 4 33 20 0
4 13 21 32 1
13 4 21 32 1
4 13 32 21 1
13 4 32 21 1
4 13 22 31 2
13 4 22 31 2
4 13 31 22 2
13 4 31 22 2
4 13 23 30 2
13 4 23 30 2
4 13 30 23 2
13 4 30 23 2
4 13 24 29 2
13 4 24 29 2
4 13 29 24 2
13 4 29 24 2
4 13 25 28 2
13 4 25 28 2
4 13 28 25 2
13 4 28 25 2
4 13 26 27 2
13 4 26 27 2
4 13 27 26 2
13 4 27 26 2
5 12 15 38 0
12 5 15 38 0
5 12 38 15 0
12 5 38 15 0
5 12 16 37 0
12 5 16 37 0
5 12 37 16 0
12 5 37 16 0
5 12 17 36 0
12 5 17 36 0
5 12 36 17 0
12 5 36 17 0
5 12 18 35 0
12 5 18 35 0
5 12 35 18 0
12 5 35 18 0
5 12 19 34 0
12 5 19 34 0
5 12 34 19 0
12 5 34 19 0
5 12 20 33 0
12 5 20 33 0
5 12 33 20 0
12 5 33 20 0
5 12 21 32 1
12 5 21 32 1
5 12 32 21 1
12 5 32 21 1
5 12 22 31 2
12 5 22 31 2
5 12 31 22 2
12 5 31 22 2
5 12 23 30 3
12 5 23 30 3
5 12 30 23 3
12 5 30 23 3
5 12 24 29 3
12 5 24 29 3
5 12 29 24 3
12 5 29 24 3
5 12 25 28 3
12 5 25 28 3
5 12 28 25 3
12 5 28 25 3
5 12 26 27 3
12 5 26 27 3
5 12 27 26 3
12 5 27 26 3
2 15 11 42 0
15 2 11 42 0
2 15 42 11 0
15 2 42 11 0
2 15 12 41 0
15 2 12 41 0
2 15 41 12 0
15 2 41 12 0
2 15 13 40 0
15 2 13 40 0
2 15 40 13 0
15 2 40 13 0
2 15 14 39 0
15 2 14 39 0
2 15 39 14 0
15 2 39 14 0
3 14 11 42 0
14 3 11 42 0
3 14 42 11 0
14 3 42 11 0
3 14 12 41 0
14 3 12 41 0
3 14 41 12 0
14 3 41 12 0
3 14 13 40 0
14 3 13 40 0
3 14 40 13 0
14 3 40 13 0
3 14 14 39 0
14 3 14 39 0
3 14 39 14 0
14 3 39 14 0
4 13 11 42 0
13 4 11 42 0
4 13 42 11 0
13 4 42 11 0
4 13 12 41 0
13 4 12 41 0
4 13 41 12 0
13 4 41 12 0
4 13 13 40 0
13 4 13 40 0
4 13 40 13 0
13 4 40 13 0
4 13 14 39 0
13 4 14 39 0
4 13 39 14 0
13 4 39 14 0
5 12 11 42 0
12 5 11 42 0
5 12 42 11 0
12 5 42 11 0
5 12 12 41 0
12 5 12 41 0
5 12 41 12 0
12 5 41 12 0
5 12 13 40 0
12 5 13 40 0
5 12 40 13 0
12 5 40 13 0
5 12 14 39 0
12 5 14 39 0
5 12 39 14 0
12 5 39 14 0
3 14 10 43 0
14 3 10 43 0
3 14 43 10 0
14 3 43 10 0
4 13 10 43 0
13 4 10 43 0
4 13 43 10 0
13 4 43 10 0
5 12 10 43 0
12 5 10 43 0
5 12 43 10 0
12 5 43 10 0
6 11 10 43 0
11 6 10 43 0
6 11 43 10 0
11 6 43 10 0
6 11 11 42 0
11 6 11 42 0
6 11 42 11 0
11 6 42 11 0
6 11 12 41 0
11 6 12 41 0
6 11 41 12 0
11 6 41 12 0
6 11 13 40 0
11 6 13 40 0
6 11 40 13 0
11 6 40 13 0
6 11 14 39 0
11 6 14 39 0
6 11 39 14 0
11 6 39 14 0
6 11 15 38 0
11 6 15 38 0
6 11 38 15 0
11 6 38 15 0
6 11 16 37 0
11 6 16 37 0
6 11 37 16 0
11 6 37 16 0
6 11 17 36 0
11 6 17 36 0
6 11 36 17 0
11 6 36 17 0
6 11 18 35 0
11 6 18 35 0
6 11 35 18 0
11 6 35 18 0
6 11 19 34 0
11 6 19 34 0
6 11 34 19 0
11 6 34 19 0
6 11 20 33 0
11 6 20 33 0
6 11 33 20 0
11 6 33 20 0
6 11 21 32 1
11 6 21 32 1
6 11 32 21 1
11 6 32 21 1
6 11 22 31 2
11 6 22 31 2
6 11 31 22 2
11 6 31 22 2
6 11 23 30 3
11 6 23 30 3
6 11 30 23 3
11 6 30 23 3
6 11 24 29 4
11 6 24 29 4
6 11 29 24 4
11 6 29 24 4
6 11 25 28 4
11 6 25 28 4
6 11 28 25 4
11 6 28 25 4
6 11 26 27 4
11 6 26 27 4
6 11 27 26 4
11 6 27 26 4
7 10 11 42 0
10 7 11 42 0
7 10 42 11 0
10 7 42 11 0
7 10 12 41 0
10 7 12 41 0
7 10 41 12 0
10 7 41 12 0
7 10 13 40 0
10 7 13 40 0
7 10 40 13 0
10 7 40 13 0
7 10 14 39 0
10 7 14 39 0
7 10 39 14 0
10 7 39 14 0
7 10 15 38 0
10 7 15 38 0
7 10 38 15 0
10 7 38 15 0
7 10 16 37 0
10 7 16 37 0
7 10 37 16 0
10 7 37 16 0
7 10 17 36 0
10 7 17 36 0
7 10 36 17 0
10 7 36 17 0
7 10 18 35 0
10 7 18 35 0
7 10 35 18 0
10 7 35 18 0
7 10 19 34 0
10 7 19 34 0
7 10 34 19 0
10 7 34 19 0
7 10 20 33 0
10 7 20 33 0
7 10 33 20 0
10 7 33 20 0
7 10 21 32 1
10 7 21 32 1
7 10 32 21 1
10 7 32 21 1
7 10 22 31 2
10 7 22 31 2
7 10 31 22 2
10 7 31 22 2
7 10 23 30 3
10 7 23 30 3
7 10 30 23 3
10 7 30 23 3
7 10 24 29 4
10 7 24 29 4
7 10 29 24 4
10 7 29 24 4
7 10 25 28 5
10 7 25 28 5
7 10 28 25 5
10 7 28 25 5
7 10 26 27 5
10 7 26 27 5
7 10 27 26 5
10 7 27 26 5
3 14 9 44 0
14 3 9 44 0
3 14 44 9 0
14 3 44 9 0
4 13 9 44 0
13 4 9 44 0
4 13 44 9 0
13 4 44 9 0
5 12 9 44 0
12 5 9 44 0
5 12 44 9 0
12 5 44 9 0
6 11 9 44 0
11 6 9 44 0
6 11 44 9 0
11 6 44 9 0
4 13 7 46 0
13 4 7 46 0
4 13 46 7 0
13 4 46 7 0
4 13 8 45 0
13 4 8 45 0
4 13 45 8 0
13 4 45 8 0
5 12 7 46 0
12 5 7 46 0
5 12 46 7 0
12 5 46 7 0
5 12 8 45 0
12 5 8 45 0
5 12 45 8 0
12 5 45 8 0
6 11 7 46 0
11 6 7 46 0
6 11 46 7 0
11 6 46 7 0
6 11 8 45 0
11 6 8 45 0
6 11 45 8 0
11 6 45 8 0
7 10 7 46 0
10 7 7 46 0
7 10 46 7 0
10 7 46 7 0
7 10 8 45 0
10 7 8 45 0
7 10 45 8 0
10 7 45 8 0
7 10 9 44 0
10 7 9 44 0
7 10 44 9 0
10 7 44 9 0
7 10 10 43 0
10 7 10 43 0
7 10 43 10 0
10 7 43 10 0
8 9 7 46 0
9 8 7 46 0
8 9 46 7 0
9 8 46 7 0
8 9 8 45 0
9 8 8 45 0
8 9 45 8 0
9 8 45 8 0
8 9 9 44 0
9 8 9 44 0
8 9 44 9 0
9 8 44 9 0
8 9 10 43 0
9 8 10 43 0
8 9 43 10 0
9 8 43 10 0
8 9 11 42 0
9 8 11 42 0
8 9 42 11 0
9 8 42 11 0
8 9 12 41 0
9 8 12 41 0
8 9 41 12 0
9 8 41 12 0
8 9 13 40 0
9 8 13 40 0
8 9 40 13 0
9 8 40 13 0
8 9 14 39 0
9 8 14 39 0
8 9 39 14 0
9 8 39 14 0
8 9 15 38 0
9 8 15 38 0
8 9 38 15 0
9 8 38 15 0
8 9 16 37 0
9 8 16 37 0
8 9 37 16 0
9 8 37 16 0
8 9 17 36 0
9 8 17 36 0
8 9 36 17 0
9 8 36 17 0
8 9 18 35 0
9 8 18 35 0
8 9 35 18 0
9 8 35 18 0
8 9 19 34 0
9 8 19 34 0
8 9 34 19 0
9 8 34 19 0
8 9 20 33 0
9 8 20 33 0
8 9 33 20 0
9 8 33 20 0
8 9 21 32 1
9 8 21 32 1
8 9 32 21 1
9 8 32 21 1
8 9 22 31 2
9 8 22 31 2
8 9 31 22 2
9 8 31 22 2
8 9 23 30 3
9 8 23 30 3
8 9 30 23 3
9 8 30 23 3
8 9 24 29 4
9 8 24 29 4
8 9 29 24 4
9 8 29 24 4
8 9 25 28 5
9 8 25 28 5
8 9 28 25 5
9 8 28 25 5
8 9 26 27 6
9 8 26 27 6
8 9 27 26 6
9 8 27 26 6
5 12 6 47 0
12 5 6 47 0
5 12 47 6 0
12 5 47 6 0
6 11 6 47 0
11 6 6 47 0
6 11 47 6 0
11 6 47 6 0
7 10 6 47 0
10 7 6 47 0
7 10 47 6 0
10 7 47 6 0
8 9 6 47 0
9 8 6 47 0
8 9 47 6 0
9 8 47 6 0
6 11 5 48 0
11 6 5 48 0
6 11 48 5 0
11 6 48 5 0
7 10 5 48 0
10 7 5 48 0
7 10 48 5 0
10 7 48 5 0
8 9 5 48 0
9 8 5 48 0
8 9 48 5 0
9 8 48 5 0
