13 24 45 68 0
24 13 45 68 0
13 24 68 45 0
24 13 68 45 0
13 24 46 67 0
24 13 46 67 0
13 24 67 46 0
24 13 67 46 0
13 24 47 66 0
24 13 47 66 0
13 24 66 47 0
24 13 66 47 0
13 24 48 65 0
24 13 48 65 0
13 24 65 48 0
24 13 65 48 0
13 24 49 64 0
24 13 49 64 0
13 24 64 49 0
24 13 64 49 0
13 24 50 63 0
24 13 50 63 0
13 24 63 50 0
24 13 63 50 0
13 24 51 62 0
24 13 51 62 0
13 24 62 51 0
24 13 62 51 0
13 24 52 61 0
24 13 52 61 0
13 24 61 52 0
24 13 61 52 0
13 24 53 60 0
24 13 53 60 0
13 24 60 53 0
24 13 60 53 0
13 24 54 59 0
24 13 54 59 0
13 24 59 54 0
24 13 59 54 0
13 24 55 58 0
24 13 55 58 0
13 24 58 55 0
24 13 58 55 0
13 24 56 57 0
24 13 56 57 0
13 24 57 56 0
24 13 57 56 0
14 23 45 68 0
23 14 45 68 0
14 23 68 45 0
23 14 68 45 0
14 23 46 67 0
23 14 46 67 0
14 23 67 46 0
23 14 67 46 0
14 23 47 66 0
23 14 47 66 0
14 23 66 47 0
23 14 66 47 0
14 23 48 65 0
23 14 48 65 0
14 23 65 48 0
23 14 65 48 0
14 23 49 64 0
23 14 49 64 0
14 23 64 49 0
23 14 64 49 0
14 23 50 63 0
23 14 50 63 0
14 23 63 50 0
23 14 63 50 0
14 23 51 62 0
23 14 51 62 0
14 23 62 51 0
23 14 62 51 0
14 23 52 61 0
23 14 52 61 0
14 23 61 52 0
23 14 61 52 0
14 23 53 60 0
23 14 53 60 0
14 23 60 53 0
23 14 60 53 0
14 23 54 59 0
23 14 54 59 0
14 23 59 54 0
23 14 59 54 0
14 23 55 58 0
23 14 55 58 0
14 23 58 55 0
23 14 58 55 0
14 23 56 57 0
23 14 56 57 0
14 23 57 56 0
23 14 57 56 0
15 22 45 68 0
22 15 45 68 0
15 22 68 45 0
22 15 68 45 0
15 22 46 67 0
22 15 46 67 0
15 22 67 46 0
22 15 67 46 0
15 22 47 66 0
22 15 47 66 0
15 22 66 47 0
22 15 66 47 0
15 22 48 65 0
22 15 48 65 0
15 22 65 48 0
22 15 65 48 0
15 22 49 64 0
22 15 49 64 0
15 22 64 49 0
22 15 64 49 0
15 22 50 63 0
22 15 50 63 0
15 22 63 50 0
22 15 63 50 0
15 22 51 62 0
22 15 51 62 0
15 22 62 51 0
22 15 62 51 0
15 22 52 61 0
22 15 52 61 0
15 22 61 52 0
22 15 61 52 0
15 22 53 60 0
22 15 53 60 0
15 22 60 53 0
22 15 60 53 0
15 22 54 59 0
22 15 54 59 0
15 22 59 54 0
22 15 59 54 0
15 22 55 58 0
22 15 55 58 0
15 22 58 55 0
22 15 58 55 0
15 22 56 57 0
22 15 56 57 0
15 22 57 56 0
22 15 57 56 0
16 21 45 68 0
21 16 45 68 0
16 21 68 45 0
21 16 68 45 0
16 21 46 67 0
21 16 46 67 0
16 21 67 46 0
21 16 67 46 0
16 21 47 66 0
21 16 47 66 0
16 21 66 47 0
21 16 66 47 0
16 21 48 65 0
21 16 48 65 0
16 21 65 48 0
21 16 65 48 0
16 21 49 64 0
21 16 49 64 0
16 21 64 49 0
21 16 64 49 0
16 21 50 63 0
21 16 50 63 0
16 21 63 50 0
21 16 63 50 0
16 21 51 62 0
21 16 51 62 0
16 21 62 51 0
21 16 62 51 0
16 21 52 61 0
21 16 52 61 0
16 21 61 52 0
21 16 61 52 0
16 21 53 60 0
21 16 53 60 0
16 21 60 53 0
21 16 60 53 0
16 21 54 59 0
21 16 54 59 0
16 21 59 54 0
21 16 59 54 0
16 21 55 58 0
21 16 55 58 0
16 21 58 55 0
21 16 58 55 0
16 21 56 57 0
21 16 56 57 0
16 21 57 56 0
21 16 57 56 0
14 23 42 71 0
23 14 42 71 0
14 23 71 42 0
23 14 71 42 0
14 23 43 70 0
23 14 43 70 0
14 23 70 43 0
23 14 70 43 0
14 23 44 69 0
23 14 44 69 0
14 23 69 44 0
23 14 69 44 0
15 22 42 71 0
22 15 42 71 0
15 22 71 42 0
22 15 71 42 0
15 22 43 70 0
22 15 43 70 0
15 22 70 43 0
22 15 70 43 0
15 22 44 69 0
22 15 44 69 0
15 22 69 44 0
22 15 69 44 0
16 21 42 71 0
21 16 42 71 0
16 21 71 42 0
21 16 71 42 0
16 21 43 70 0
21 16 43 70 0
16 21 70 43 0
21 16 70 43 0
16 21 44 69 0
21 16 44 69 0
16 21 69 44 0
21 16 69 44 0
17 20 42 71 0
20 17 42 71 0
17 20 71 42 0
20 17 71 42 0
17 20 43 70 0
20 17 43 70 0
17 20 70 43 0
20 17 70 43 0
17 20 44 69 0
20 17 44 69 0
17 20 69 44 0
20 17 69 44 0
17 20 45 68 0
20 17 45 68 0
17 20 68 45 0
20 17 68 45 0
17 20 46 67 0
20 17 46 67 0
17 20 67 46 0
20 17 67 46 0
17 20 47 66 0
20 17 47 66 0
17 20 66 47 0
20 17 66 47 0
17 20 48 65 0
20 17 48 65 0
17 20 65 48 0
20 17 65 48 0
17 20 49 64 0
20 17 49 64 0
17 20 64 49 0
20 17 64 49 0
17 20 50 63 0
20 17 50 63 0
17 20 63 50 0
20 17 63 50 0
17 20 51 62 0
20 17 51 62 0
17 20 62 51 0
20 17 62 51 0
17 20 52 61 1
20 17 52 61 1
17 20 61 52 1
20 17 61 52 1
17 20 53 60 2
20 17 53 60 2
17 20 60 53 2
20 17 60 53 2
17 20 54 59 3
20 17 54 59 3
17 20 59 54 3
20 17 59 54 3
17 20 55 58 4
20 17 55 58 4
17 20 58 55 4
20 17 58 55 4
17 20 56 57 5
20 17 56 57 5
17 20 57 56 5
20 17 57 56 5
15 22 41 72 0
22 15 41 72 0
15 22 72 41 0
22 15 72 41 0
16 21 41 72 0
21 16 41 72 0
16 21 72 41 0
21 16 72 41 0
17 20 41 72 0
20 17 41 72 0
17 20 72 41 0
20 17 72 41 0
18 19 41 72 0
19 18 41 72 0
18 19 72 41 0
19 18 72 41 0
18 19 42 71 0
19 18 42 71 0
18 19 71 42 0
19 18 71 42 0
18 19 43 70 0
19 18 43 70 0
18 19 70 43 0
19 18 70 43 0
18 19 44 69 0
19 18 44 69 0
18 19 69 44 0
19 18 69 44 0
18 19 45 68 0
19 18 45 68 0
18 19 68 45 0
19 18 68 45 0
18 19 46 67 0
19 18 46 67 0
18 19 67 46 0
19 18 67 46 0
18 19 47 66 0
19 18 47 66 0
18 19 66 47 0
19 18 66 47 0
18 19 48 65 0
19 18 48 65 0
18 19 65 48 0
19 18 65 48 0
18 19 49 64 0
19 18 49 64 0
18 19 64 49 0
19 18 64 49 0
18 19 50 63 0
19 18 50 63 0
18 19 63 50 0
19 18 63 50 0
18 19 51 62 1
19 18 51 62 1
18 19 62 51 1
19 18 62 51 1
18 19 52 61 3
19 18 52 61 3
18 19 61 52 3
19 18 61 52 3
18 19 53 60 5
19 18 53 60 5
18 19 60 53 5
19 18 60 53 5
18 19 54 59 7
19 18 54 59 7
18 19 59 54 7
19 18 59 54 7
18 19 55 58 9
19 18 55 58 9
18 19 58 55 9
19 18 58 55 9
18 19 56 57 11
19 18 56 57 11
18 19 57 56 11
19 18 57 56 11
16 21 40 73 0
21 16 40 73 0
16 21 73 40 0
21 16 73 40 0
17 20 40 73 0
20 17 40 73 0
17 20 73 40 0
20 17 73 40 0
18 19 40 73 0
19 18 40 73 0
18 19 73 40 0
19 18 73 40 0
