0 5 1 16 0
5 0 1 16 0
0 5 16 1 0
5 0 16 1 0
0 5 2 15 0
5 0 2 15 0
0 5 15 2 0
5 0 15 2 0
0 5 3 14 1
5 0 3 14 1
0 5 14 3 1
5 0 14 3 1
0 5 4 13 2
5 0 4 13 2
0 5 13 4 2
5 0 13 4 2
0 5 5 12 4
5 0 5 12 4
0 5 12 5 4
5 0 12 5 4
0 5 6 11 6
5 0 6 11 6
0 5 11 6 6
5 0 11 6 6
1 4 1 16 1
4 1 1 16 1
1 4 16 1 1
4 1 16 1 1
1 4 2 15 3
4 1 2 15 3
1 4 15 2 3
4 1 15 2 3
1 4 3 14 7
4 1 3 14 7
1 4 14 3 7
4 1 14 3 7
1 4 4 13 12
4 1 4 13 12
1 4 13 4 12
4 1 13 4 12
1 4 5 12 19
4 1 5 12 19
1 4 12 5 19
4 1 12 5 19
1 4 6 11 26
4 1 6 11 26
1 4 11 6 26
4 1 11 6 26
0 5 7 10 8
5 0 7 10 8
0 5 10 7 8
5 0 10 7 8
1 4 7 10 32
4 1 7 10 32
1 4 10 7 32
4 1 10 7 32
0 5 8 9 9
5 0 8 9 9
0 5 9 8 9
5 0 9 8 9
1 4 8 9 35
4 1 8 9 35
1 4 9 8 35
4 1 9 8 35
1 4 0 17 0
4 1 0 17 0
1 4 17 0 0
4 1 17 0 0
2 3 0 17 0
3 2 0 17 0
2 3 17 0 0
3 2 17 0 0
2 3 1 16 2
3 2 1 16 2
2 3 16 1 2
3 2 16 1 2
2 3 2 15 6
3 2 2 15 6
2 3 15 2 6
3 2 15 2 6
2 3 3 14 13
3 2 3 14 13
2 3 14 3 13
3 2 14 3 13
2 3 4 13 22
3 2 4 13 22
2 3 13 4 22
3 2 13 4 22
2 3 5 12 34
3 2 5 12 34
2 3 12 5 34
3 2 12 5 34
2 3 6 11 46
3 2 6 11 46
2 3 11 6 46
3 2 11 6 46
2 3 7 10 56
3 2 7 10 56
2 3 10 7 56
3 2 10 7 56
2 3 8 9 61
3 2 8 9 61
2 3 9 8 61
3 2 9 8 61
