1 16 21 32 0
16 1 21 32 0
1 16 32 21 0
16 1 32 21 0
1 16 22 31 0
16 1 22 31 0
1 16 31 22 0
16 1 31 22 0
1 16 23 30 0
16 1 23 30 0
1 16 30 23 0
16 1 30 23 0
1 16 24 29 0
16 1 24 29 0
1 16 29 24 0
16 1 29 24 0
1 16 25 28 0
16 1 25 28 0
1 16 28 25 0
16 1 28 25 0
1 16 26 27 0
16 1 26 27 0
1 16 27 26 0
16 1 27 26 0
2 15 21 32 0
15 2 21 32 0
2 15 32 21 0
15 2 32 21 0
2 15 22 31 0
15 2 22 31 0
2 15 31 22 0
15 2 31 22 0
2 15 23 30 0
15 2 23 30 0
2 15 30 23 0
15 2 30 23 0
2 15 24 29 0
15 2 24 29 0
2 15 29 24 0
15 2 29 24 0
2 15 25 28 0
15 2 25 28 0
2 15 28 25 0
15 2 28 25 0
2 15 26 27 0
15 2 26 27 0
2 15 27 26 0
15 2 27 26 0
3 14 21 32 7
14 3 21 32 7
3 14 32 21 7
14 3 32 21 7
3 14 22 31 10
14 3 22 31 10
3 14 31 22 10
14 3 31 22 10
3 14 23 30 13
14 3 23 30 13
3 14 30 23 13
14 3 30 23 13
3 14 24 29 16
14 3 24 29 16
3 14 29 24 16
14 3 29 24 16
3 14 25 28 18
14 3 25 28 18
3 14 28 25 18
14 3 28 25 18
3 14 26 27 19
14 3 26 27 19
3 14 27 26 19
14 3 27 26 19
2 15 16 37 0
15 2 16 37 0
2 15 37 16 0
15 2 37 16 0
2 15 17 36 0
15 2 17 36 0
2 15 36 17 0
15 2 36 17 0
2 15 18 35 0
15 2 18 35 0
2 15 35 18 0
15 2 35 18 0
2 15 19 34 0
15 2 19 34 0
2 15 34 19 0
15 2 34 19 0
2 15 20 33 0
15 2 20 33 0
2 15 33 20 0
15 2 33 20 0
3 14 16 37 0
14 3 16 37 0
3 14 37 16 0
14 3 37 16 0
3 14 17 36 0
14 3 17 36 0
3 14 36 17 0
14 3 36 17 0
3 14 18 35 1
14 3 18 35 1
3 14 35 18 1
14 3 35 18 1
3 14 19 34 2
14 3 19 34 2
3 14 34 19 2
14 3 34 19 2
3 14 20 33 4
14 3 20 33 4
3 14 33 20 4
14 3 33 20 4
3 14 15 38 0
14 3 15 38 0
3 14 38 15 0
14 3 38 15 0
4 13 15 38 0
13 4 15 38 0
4 13 38 15 0
13 4 38 15 0
4 13 16 37 1
13 4 16 37 1
4 13 37 16 1
13 4 37 16 1
4 13 17 36 3
13 4 17 36 3
4 13 36 17 3
13 4 36 17 3
4 13 18 35 8
13 4 18 35 8
4 13 35 18 8
13 4 35 18 8
4 13 19 34 16
13 4 19 34 16
4 13 34 19 16
13 4 34 19 16
4 13 20 33 29
13 4 20 33 29
4 13 33 20 29
13 4 33 20 29
4 13 21 32 46
13 4 21 32 46
4 13 32 21 46
13 4 32 21 46
4 13 22 31 66
13 4 22 31 66
4 13 31 22 66
13 4 31 22 66
4 13 23 30 86
13 4 23 30 86
4 13 30 23 86
13 4 30 23 86
4 13 24 29 105
13 4 24 29 105
4 13 29 24 105
13 4 29 24 105
4 13 25 28 119
13 4 25 28 119
4 13 28 25 119
13 4 28 25 119
4 13 26 27 126
13 4 26 27 126
4 13 27 26 126
13 4 27 26 126
5 12 16 37 10
12 5 16 37 10
5 12 37 16 10
12 5 37 16 10
5 12 17 36 22
12 5 17 36 22
5 12 36 17 22
12 5 36 17 22
5 12 18 35 45
12 5 18 35 45
5 12 35 18 45
12 5 35 18 45
5 12 19 34 79
12 5 19 34 79
5 12 34 19 79
12 5 34 19 79
5 12 20 33 129
12 5 20 33 129
5 12 33 20 129
12 5 33 20 129
5 12 21 32 191
12 5 21 32 191
5 12 32 21 191
12 5 32 21 191
5 12 22 31 263
12 5 22 31 263
5 12 31 22 263
12 5 31 22 263
5 12 23 30 336
12 5 23 30 336
5 12 30 23 336
12 5 30 23 336
5 12 24 29 403
12 5 24 29 403
5 12 29 24 403
12 5 29 24 403
5 12 25 28 453
12 5 25 28 453
5 12 28 25 453
12 5 28 25 453
5 12 26 27 480
12 5 26 27 480
5 12 27 26 480
12 5 27 26 480
3 14 13 40 0
14 3 13 40 0
3 14 40 13 0
14 3 40 13 0
3 14 14 39 0
14 3 14 39 0
3 14 39 14 0
14 3 39 14 0
4 13 13 40 0
13 4 13 40 0
4 13 40 13 0
13 4 40 13 0
4 13 14 39 0
13 4 14 39 0
4 13 39 14 0
13 4 39 14 0
4 13 11 42 0
13 4 11 42 0
4 13 42 11 0
13 4 42 11 0
4 13 12 41 0
13 4 12 41 0
4 13 41 12 0
13 4 41 12 0
5 12 11 42 0
12 5 11 42 0
5 12 42 11 0
12 5 42 11 0
5 12 12 41 0
12 5 12 41 0
5 12 41 12 0
12 5 41 12 0
5 12 13 40 0
12 5 13 40 0
5 12 40 13 0
12 5 40 13 0
5 12 14 39 1
12 5 14 39 1
5 12 39 14 1
12 5 39 14 1
5 12 15 38 3
12 5 15 38 3
5 12 38 15 3
12 5 38 15 3
6 11 11 42 0
11 6 11 42 0
6 11 42 11 0
11 6 42 11 0
6 11 12 41 0
11 6 12 41 0
6 11 41 12 0
11 6 41 12 0
6 11 13 40 1
11 6 13 40 1
6 11 40 13 1
11 6 40 13 1
6 11 14 39 5
11 6 14 39 5
6 11 39 14 5
11 6 39 14 5
6 11 15 38 14
11 6 15 38 14
6 11 38 15 14
11 6 38 15 14
6 11 16 37 35
11 6 16 37 35
6 11 37 16 35
11 6 37 16 35
6 11 17 36 72
11 6 17 36 72
6 11 36 17 72
11 6 36 17 72
6 11 18 35 135
11 6 18 35 135
6 11 35 18 135
11 6 35 18 135
6 11 19 34 226
11 6 19 34 226
6 11 34 19 226
11 6 34 19 226
6 11 20 33 351
11 6 20 33 351
6 11 33 20 351
11 6 33 20 351
6 11 21 32 504
11 6 21 32 504
6 11 32 21 504
11 6 32 21 504
6 11 22 31 677
11 6 22 31 677
6 11 31 22 677
11 6 31 22 677
6 11 23 30 851
11 6 23 30 851
6 11 30 23 851
11 6 30 23 851
6 11 24 29 1009
11 6 24 29 1009
6 11 29 24 1009
11 6 29 24 1009
6 11 25 28 1127
11 6 25 28 1127
6 11 28 25 1127
11 6 28 25 1127
6 11 26 27 1191
11 6 26 27 1191
6 11 27 26 1191
11 6 27 26 1191
7 10 13 40 4
10 7 13 40 4
7 10 40 13 4
10 7 40 13 4
7 10 14 39 14
10 7 14 39 14
7 10 39 14 14
10 7 39 14 14
7 10 15 38 35
10 7 15 38 35
7 10 38 15 35
10 7 38 15 35
7 10 16 37 79
10 7 16 37 79
7 10 37 16 79
10 7 37 16 79
7 10 17 36 153
10 7 17 36 153
7 10 36 17 153
10 7 36 17 153
7 10 18 35 273
10 7 18 35 273
7 10 35 18 273
10 7 35 18 273
7 10 19 34 442
10 7 19 34 442
7 10 34 19 442
10 7 34 19 442
7 10 20 33 668
10 7 20 33 668
7 10 33 20 668
10 7 33 20 668
7 10 21 32 939
10 7 21 32 939
7 10 32 21 939
10 7 32 21 939
7 10 22 31 1242
10 7 22 31 1242
7 10 31 22 1242
10 7 31 22 1242
7 10 23 30 1544
10 7 23 30 1544
7 10 30 23 1544
10 7 30 23 1544
7 10 24 29 1816
10 7 24 29 1816
7 10 29 24 1816
10 7 29 24 1816
7 10 25 28 2020
10 7 25 28 2020
7 10 28 25 2020
10 7 28 25 2020
7 10 26 27 2130
10 7 26 27 2130
7 10 27 26 2130
10 7 27 26 2130
5 12 9 44 0
12 5 9 44 0
5 12 44 9 0
12 5 44 9 0
5 12 10 43 0
12 5 10 43 0
5 12 43 10 0
12 5 43 10 0
6 11 9 44 0
11 6 9 44 0
6 11 44 9 0
11 6 44 9 0
6 11 10 43 0
11 6 10 43 0
6 11 43 10 0
11 6 43 10 0
6 11 8 45 0
11 6 8 45 0
6 11 45 8 0
11 6 45 8 0
7 10 8 45 0
10 7 8 45 0
7 10 45 8 0
10 7 45 8 0
7 10 9 44 0
10 7 9 44 0
7 10 44 9 0
10 7 44 9 0
7 10 10 43 0
10 7 10 43 0
7 10 43 10 0
10 7 43 10 0
7 10 11 42 0
10 7 11 42 0
7 10 42 11 0
10 7 42 11 0
7 10 12 41 1
10 7 12 41 1
7 10 41 12 1
10 7 41 12 1
8 9 9 44 0
9 8 9 44 0
8 9 44 9 0
9 8 44 9 0
8 9 10 43 0
9 8 10 43 0
8 9 43 10 0
9 8 43 10 0
8 9 11 42 0
9 8 11 42 0
8 9 42 11 0
9 8 42 11 0
8 9 12 41 2
9 8 12 41 2
8 9 41 12 2
9 8 41 12 2
8 9 13 40 7
9 8 13 40 7
8 9 40 13 7
9 8 40 13 7
8 9 14 39 22
9 8 14 39 22
8 9 39 14 22
9 8 39 14 22
8 9 15 38 53
9 8 15 38 53
8 9 38 15 53
9 8 38 15 53
8 9 16 37 115
9 8 16 37 115
8 9 37 16 115
9 8 37 16 115
8 9 17 36 218
9 8 17 36 218
8 9 36 17 218
9 8 36 17 218
8 9 18 35 381
9 8 18 35 381
8 9 35 18 381
9 8 35 18 381
8 9 19 34 609
9 8 19 34 609
8 9 34 19 609
9 8 34 19 609
8 9 20 33 910
9 8 20 33 910
8 9 33 20 910
9 8 33 20 910
8 9 21 32 1268
9 8 21 32 1268
8 9 32 21 1268
9 8 32 21 1268
8 9 22 31 1665
9 8 22 31 1665
8 9 31 22 1665
9 8 31 22 1665
8 9 23 30 2060
9 8 23 30 2060
8 9 30 23 2060
9 8 30 23 2060
8 9 24 29 2414
9 8 24 29 2414
8 9 29 24 2414
9 8 29 24 2414
8 9 25 28 2679
9 8 25 28 2679
8 9 28 25 2679
9 8 28 25 2679
8 9 26 27 2822
9 8 26 27 2822
8 9 27 26 2822
9 8 27 26 2822
7 10 7 46 0
10 7 7 46 0
7 10 46 7 0
10 7 46 7 0
8 9 7 46 0
9 8 7 46 0
8 9 46 7 0
9 8 46 7 0
8 9 8 45 0
9 8 8 45 0
8 9 45 8 0
9 8 45 8 0
