0 13 10 31 0
13 0 10 31 0
0 13 31 10 0
13 0 31 10 0
0 13 11 30 0
13 0 11 30 0
0 13 30 11 0
13 0 30 11 0
0 13 12 29 0
13 0 12 29 0
0 13 29 12 0
13 0 29 12 0
0 13 13 28 0
13 0 13 28 0
0 13 28 13 0
13 0 28 13 0
0 13 14 27 0
13 0 14 27 0
0 13 27 14 0
13 0 27 14 0
0 13 15 26 0
13 0 15 26 0
0 13 26 15 0
13 0 26 15 0
0 13 16 25 0
13 0 16 25 0
0 13 25 16 0
13 0 25 16 0
0 13 17 24 0
13 0 17 24 0
0 13 24 17 0
13 0 24 17 0
0 13 18 23 0
13 0 18 23 0
0 13 23 18 0
13 0 23 18 0
0 13 19 22 0
13 0 19 22 0
0 13 22 19 0
13 0 22 19 0
0 13 20 21 0
13 0 20 21 0
0 13 21 20 0
13 0 21 20 0
1 12 10 31 0
12 1 10 31 0
1 12 31 10 0
12 1 31 10 0
1 12 11 30 0
12 1 11 30 0
1 12 30 11 0
12 1 30 11 0
1 12 12 29 0
12 1 12 29 0
1 12 29 12 0
12 1 29 12 0
1 12 13 28 0
12 1 13 28 0
1 12 28 13 0
12 1 28 13 0
1 12 14 27 0
12 1 14 27 0
1 12 27 14 0
12 1 27 14 0
1 12 15 26 0
12 1 15 26 0
1 12 26 15 0
12 1 26 15 0
1 12 16 25 0
12 1 16 25 0
1 12 25 16 0
12 1 25 16 0
1 12 17 24 0
12 1 17 24 0
1 12 24 17 0
12 1 24 17 0
1 12 18 23 0
12 1 18 23 0
1 12 23 18 0
12 1 23 18 0
1 12 19 22 0
12 1 19 22 0
1 12 22 19 0
12 1 22 19 0
1 12 20 21 0
12 1 20 21 0
1 12 21 20 0
12 1 21 20 0
2 11 10 31 0
11 2 10 31 0
2 11 31 10 0
11 2 31 10 0
2 11 11 30 0
11 2 11 30 0
2 11 30 11 0
11 2 30 11 0
2 11 12 29 0
11 2 12 29 0
2 11 29 12 0
11 2 29 12 0
2 11 13 28 0
11 2 13 28 0
2 11 28 13 0
11 2 28 13 0
2 11 14 27 0
11 2 14 27 0
2 11 27 14 0
11 2 27 14 0
2 11 15 26 0
11 2 15 26 0
2 11 26 15 0
11 2 26 15 0
2 11 16 25 0
11 2 16 25 0
2 11 25 16 0
11 2 25 16 0
2 11 17 24 0
11 2 17 24 0
2 11 24 17 0
11 2 24 17 0
2 11 18 23 0
11 2 18 23 0
2 11 23 18 0
11 2 23 18 0
2 11 19 22 0
11 2 19 22 0
2 11 22 19 0
11 2 22 19 0
2 11 20 21 0
11 2 20 21 0
2 11 21 20 0
11 2 21 20 0
3 10 10 31 0
10 3 10 31 0
3 10 31 10 0
10 3 31 10 0
3 10 11 30 0
10 3 11 30 0
3 10 30 11 0
10 3 30 11 0
3 10 12 29 0
10 3 12 29 0
3 10 29 12 0
10 3 29 12 0
3 10 13 28 0
10 3 13 28 0
3 10 28 13 0
10 3 28 13 0
3 10 14 27 0
10 3 14 27 0
3 10 27 14 0
10 3 27 14 0
3 10 15 26 0
10 3 15 26 0
3 10 26 15 0
10 3 26 15 0
3 10 16 25 0
10 3 16 25 0
3 10 25 16 0
10 3 25 16 0
3 10 17 24 0
10 3 17 24 0
3 10 24 17 0
10 3 24 17 0
3 10 18 23 0
10 3 18 23 0
3 10 23 18 0
10 3 23 18 0
3 10 19 22 0
10 3 19 22 0
3 10 22 19 0
10 3 22 19 0
3 10 20 21 0
10 3 20 21 0
3 10 21 20 0
10 3 21 20 0
1 12 6 35 0
12 1 6 35 0
1 12 35 6 0
12 1 35 6 0
1 12 7 34 0
12 1 7 34 0
1 12 34 7 0
12 1 34 7 0
1 12 8 33 0
12 1 8 33 0
1 12 33 8 0
12 1 33 8 0
1 12 9 32 0
12 1 9 32 0
1 12 32 9 0
12 1 32 9 0
2 11 6 35 0
11 2 6 35 0
2 11 35 6 0
11 2 35 6 0
2 11 7 34 0
11 2 7 34 0
2 11 34 7 0
11 2 34 7 0
2 11 8 33 0
11 2 8 33 0
2 11 33 8 0
11 2 33 8 0
2 11 9 32 0
11 2 9 32 0
2 11 32 9 0
11 2 32 9 0
3 10 6 35 0
10 3 6 35 0
3 10 35 6 0
10 3 35 6 0
3 10 7 34 0
10 3 7 34 0
3 10 34 7 0
10 3 34 7 0
3 10 8 33 0
10 3 8 33 0
3 10 33 8 0
10 3 33 8 0
3 10 9 32 0
10 3 9 32 0
3 10 32 9 0
10 3 32 9 0
4 9 6 35 0
9 4 6 35 0
4 9 35 6 0
9 4 35 6 0
4 9 7 34 0
9 4 7 34 0
4 9 34 7 0
9 4 34 7 0
4 9 8 33 0
9 4 8 33 0
4 9 33 8 0
9 4 33 8 0
4 9 9 32 0
9 4 9 32 0
4 9 32 9 0
9 4 32 9 0
4 9 10 31 0
9 4 10 31 0
4 9 31 10 0
9 4 31 10 0
4 9 11 30 0
9 4 11 30 0
4 9 30 11 0
9 4 30 11 0
4 9 12 29 0
9 4 12 29 0
4 9 29 12 0
9 4 29 12 0
4 9 13 28 0
9 4 13 28 0
4 9 28 13 0
9 4 28 13 0
4 9 14 27 0
9 4 14 27 0
4 9 27 14 0
9 4 27 14 0
4 9 15 26 0
9 4 15 26 0
4 9 26 15 0
9 4 26 15 0
4 9 16 25 0
9 4 16 25 0
4 9 25 16 0
9 4 25 16 0
4 9 17 24 0
9 4 17 24 0
4 9 24 17 0
9 4 24 17 0
4 9 18 23 0
9 4 18 23 0
4 9 23 18 0
9 4 23 18 0
4 9 19 22 0
9 4 19 22 0
4 9 22 19 0
9 4 22 19 0
4 9 20 21 0
9 4 20 21 0
4 9 21 20 0
9 4 21 20 0
5 8 6 35 0
8 5 6 35 0
5 8 35 6 0
8 5 35 6 0
5 8 7 34 0
8 5 7 34 0
5 8 34 7 0
8 5 34 7 0
5 8 8 33 0
8 5 8 33 0
5 8 33 8 0
8 5 33 8 0
5 8 9 32 0
8 5 9 32 0
5 8 32 9 0
8 5 32 9 0
5 8 10 31 0
8 5 10 31 0
5 8 31 10 0
8 5 31 10 0
5 8 11 30 0
8 5 11 30 0
5 8 30 11 0
8 5 30 11 0
5 8 12 29 0
8 5 12 29 0
5 8 29 12 0
8 5 29 12 0
5 8 13 28 0
8 5 13 28 0
5 8 28 13 0
8 5 28 13 0
5 8 14 27 0
8 5 14 27 0
5 8 27 14 0
8 5 27 14 0
5 8 15 26 0
8 5 15 26 0
5 8 26 15 0
8 5 26 15 0
5 8 16 25 0
8 5 16 25 0
5 8 25 16 0
8 5 25 16 0
5 8 17 24 0
8 5 17 24 0
5 8 24 17 0
8 5 24 17 0
5 8 18 23 0
8 5 18 23 0
5 8 23 18 0
8 5 23 18 0
5 8 19 22 0
8 5 19 22 0
5 8 22 19 0
8 5 22 19 0
5 8 20 21 0
8 5 20 21 0
5 8 21 20 0
8 5 21 20 0
2 11 4 37 0
11 2 4 37 0
2 11 37 4 0
11 2 37 4 0
2 11 5 36 0
11 2 5 36 0
2 11 36 5 0
11 2 36 5 0
3 10 4 37 0
10 3 4 37 0
3 10 37 4 0
10 3 37 4 0
3 10 5 36 0
10 3 5 36 0
3 10 36 5 0
10 3 36 5 0
4 9 4 37 0
9 4 4 37 0
4 9 37 4 0
9 4 37 4 0
4 9 5 36 0
9 4 5 36 0
4 9 36 5 0
9 4 36 5 0
5 8 4 37 0
8 5 4 37 0
5 8 37 4 0
8 5 37 4 0
5 8 5 36 0
8 5 5 36 0
5 8 36 5 0
8 5 36 5 0
3 10 3 38 0
10 3 3 38 0
3 10 38 3 0
10 3 38 3 0
4 9 3 38 0
9 4 3 38 0
4 9 38 3 0
9 4 38 3 0
5 8 3 38 0
8 5 3 38 0
5 8 38 3 0
8 5 38 3 0
6 7 3 38 0
7 6 3 38 0
6 7 38 3 0
7 6 38 3 0
6 7 4 37 0
7 6 4 37 0
6 7 37 4 0
7 6 37 4 0
6 7 5 36 0
7 6 5 36 0
6 7 36 5 0
7 6 36 5 0
6 7 6 35 0
7 6 6 35 0
6 7 35 6 0
7 6 35 6 0
6 7 7 34 0
7 6 7 34 0
6 7 34 7 0
7 6 34 7 0
6 7 8 33 0
7 6 8 33 0
6 7 33 8 0
7 6 33 8 0
6 7 9 32 0
7 6 9 32 0
6 7 32 9 0
7 6 32 9 0
6 7 10 31 0
7 6 10 31 0
6 7 31 10 0
7 6 31 10 0
6 7 11 30 0
7 6 11 30 0
6 7 30 11 0
7 6 30 11 0
6 7 12 29 0
7 6 12 29 0
6 7 29 12 0
7 6 29 12 0
6 7 13 28 0
7 6 13 28 0
6 7 28 13 0
7 6 28 13 0
6 7 14 27 0
7 6 14 27 0
6 7 27 14 0
7 6 27 14 0
6 7 15 26 0
7 6 15 26 0
6 7 26 15 0
7 6 26 15 0
6 7 16 25 0
7 6 16 25 0
6 7 25 16 0
7 6 25 16 0
6 7 17 24 0
7 6 17 24 0
6 7 24 17 0
7 6 24 17 0
6 7 18 23 0
7 6 18 23 0
6 7 23 18 0
7 6 23 18 0
6 7 19 22 0
7 6 19 22 0
6 7 22 19 0
7 6 22 19 0
6 7 20 21 0
7 6 20 21 0
6 7 21 20 0
7 6 21 20 0
4 9 2 39 0
9 4 2 39 0
4 9 39 2 0
9 4 39 2 0
5 8 2 39 0
8 5 2 39 0
5 8 39 2 0
8 5 39 2 0
6 7 2 39 0
7 6 2 39 0
6 7 39 2 0
7 6 39 2 0
