0 7 3 20 0
7 0 3 20 0
0 7 20 3 0
7 0 20 3 0
0 7 4 19 0
7 0 4 19 0
0 7 19 4 0
7 0 19 4 0
0 7 5 18 0
7 0 5 18 0
0 7 18 5 0
7 0 18 5 0
0 7 6 17 1
7 0 6 17 1
0 7 17 6 1
7 0 17 6 1
0 7 7 16 2
7 0 7 16 2
0 7 16 7 2
7 0 16 7 2
0 7 8 15 4
7 0 8 15 4
0 7 15 8 4
7 0 15 8 4
1 6 3 20 1
6 1 3 20 1
1 6 20 3 1
6 1 20 3 1
1 6 4 19 3
6 1 4 19 3
1 6 19 4 3
6 1 19 4 3
1 6 5 18 7
6 1 5 18 7
1 6 18 5 7
6 1 18 5 7
1 6 6 17 14
6 1 6 17 14
1 6 17 6 14
6 1 17 6 14
1 6 7 16 23
6 1 7 16 23
1 6 16 7 23
6 1 16 7 23
1 6 8 15 34
6 1 8 15 34
1 6 15 8 34
6 1 15 8 34
0 7 9 14 6
7 0 9 14 6
0 7 14 9 6
7 0 14 9 6
1 6 9 14 45
6 1 9 14 45
1 6 14 9 45
6 1 14 9 45
0 7 10 13 8
7 0 10 13 8
0 7 13 10 8
7 0 13 10 8
1 6 10 13 54
6 1 10 13 54
1 6 13 10 54
6 1 13 10 54
0 7 11 12 9
7 0 11 12 9
0 7 12 11 9
7 0 12 11 9
1 6 11 12 59
6 1 11 12 59
1 6 12 11 59
6 1 12 11 59
1 6 1 22 0
6 1 1 22 0
1 6 22 1 0
6 1 22 1 0
1 6 2 21 0
6 1 2 21 0
1 6 21 2 0
6 1 21 2 0
2 5 1 22 0
5 2 1 22 0
2 5 22 1 0
5 2 22 1 0
2 5 2 21 1
5 2 2 21 1
2 5 21 2 1
5 2 21 2 1
2 5 3 20 4
5 2 3 20 4
2 5 20 3 4
5 2 20 3 4
2 5 4 19 11
5 2 4 19 11
2 5 19 4 11
5 2 19 4 11
2 5 5 18 23
5 2 5 18 23
2 5 18 5 23
5 2 18 5 23
2 5 6 17 42
5 2 6 17 42
2 5 17 6 42
5 2 17 6 42
2 5 7 16 66
5 2 7 16 66
2 5 16 7 66
5 2 16 7 66
2 5 8 15 94
5 2 8 15 94
2 5 15 8 94
5 2 15 8 94
2 5 9 14 121
5 2 9 14 121
2 5 14 9 121
5 2 14 9 121
2 5 10 13 143
5 2 10 13 143
2 5 13 10 143
5 2 13 10 143
2 5 11 12 155
5 2 11 12 155
2 5 12 11 155
5 2 12 11 155
3 4 1 22 0
4 3 1 22 0
3 4 22 1 0
4 3 22 1 0
3 4 2 21 2
4 3 2 21 2
3 4 21 2 2
4 3 21 2 2
3 4 3 20 8
4 3 3 20 8
3 4 20 3 8
4 3 20 3 8
3 4 4 19 20
4 3 4 19 20
3 4 19 4 20
4 3 19 4 20
3 4 5 18 40
4 3 5 18 40
3 4 18 5 40
4 3 18 5 40
3 4 6 17 70
4 3 6 17 70
3 4 17 6 70
4 3 17 6 70
3 4 7 16 108
4 3 7 16 108
3 4 16 7 108
4 3 16 7 108
3 4 8 15 151
4 3 8 15 151
3 4 15 8 151
4 3 15 8 151
3 4 9 14 192
4 3 9 14 192
3 4 14 9 192
4 3 14 9 192
3 4 10 13 225
4 3 10 13 225
3 4 13 10 225
4 3 13 10 225
3 4 11 12 243
4 3 11 12 243
3 4 12 11 243
4 3 12 11 243
3 4 0 23 0
4 3 0 23 0
3 4 23 0 0
4 3 23 0 0
