11 24 43 64 0
24 11 43 64 0
11 24 64 43 0
24 11 64 43 0
11 24 44 63 0
24 11 44 63 0
11 24 63 44 0
24 11 63 44 0
11 24 45 62 0
24 11 45 62 0
11 24 62 45 0
24 11 62 45 0
11 24 46 61 0
24 11 46 61 0
11 24 61 46 0
24 11 61 46 0
11 24 47 60 0
24 11 47 60 0
11 24 60 47 0
24 11 60 47 0
11 24 48 59 0
24 11 48 59 0
11 24 59 48 0
24 11 59 48 0
11 24 49 58 0
24 11 49 58 0
11 24 58 49 0
24 11 58 49 0
11 24 50 57 0
24 11 50 57 0
11 24 57 50 0
24 11 57 50 0
11 24 51 56 0
24 11 51 56 0
11 24 56 51 0
24 11 56 51 0
11 24 52 55 0
24 11 52 55 0
11 24 55 52 0
24 11 55 52 0
11 24 53 54 0
24 11 53 54 0
11 24 54 53 0
24 11 54 53 0
12 23 43 64 0
23 12 43 64 0
12 23 64 43 0
23 12 64 43 0
12 23 44 63 0
23 12 44 63 0
12 23 63 44 0
23 12 63 44 0
12 23 45 62 0
23 12 45 62 0
12 23 62 45 0
23 12 62 45 0
12 23 46 61 0
23 12 46 61 0
12 23 61 46 0
23 12 61 46 0
12 23 47 60 0
23 12 47 60 0
12 23 60 47 0
23 12 60 47 0
12 23 48 59 0
23 12 48 59 0
12 23 59 48 0
23 12 59 48 0
12 23 49 58 0
23 12 49 58 0
12 23 58 49 0
23 12 58 49 0
12 23 50 57 0
23 12 50 57 0
12 23 57 50 0
23 12 57 50 0
12 23 51 56 0
23 12 51 56 0
12 23 56 51 0
23 12 56 51 0
12 23 52 55 0
23 12 52 55 0
12 23 55 52 0
23 12 55 52 0
12 23 53 54 0
23 12 53 54 0
12 23 54 53 0
23 12 54 53 0
13 22 43 64 0
22 13 43 64 0
13 22 64 43 0
22 13 64 43 0
13 22 44 63 0
22 13 44 63 0
13 22 63 44 0
22 13 63 44 0
13 22 45 62 0
22 13 45 62 0
13 22 62 45 0
22 13 62 45 0
13 22 46 61 0
22 13 46 61 0
13 22 61 46 0
22 13 61 46 0
13 22 47 60 0
22 13 47 60 0
13 22 60 47 0
22 13 60 47 0
13 22 48 59 0
22 13 48 59 0
13 22 59 48 0
22 13 59 48 0
13 22 49 58 0
22 13 49 58 0
13 22 58 49 0
22 13 58 49 0
13 22 50 57 0
22 13 50 57 0
13 22 57 50 0
22 13 57 50 0
13 22 51 56 0
22 13 51 56 0
13 22 56 51 0
22 13 56 51 0
13 22 52 55 0
22 13 52 55 0
13 22 55 52 0
22 13 55 52 0
13 22 53 54 0
22 13 53 54 0
13 22 54 53 0
22 13 54 53 0
14 21 43 64 0
21 14 43 64 0
14 21 64 43 0
21 14 64 43 0
14 21 44 63 0
21 14 44 63 0
14 21 63 44 0
21 14 63 44 0
14 21 45 62 0
21 14 45 62 0
14 21 62 45 0
21 14 62 45 0
14 21 46 61 0
21 14 46 61 0
14 21 61 46 0
21 14 61 46 0
14 21 47 60 0
21 14 47 60 0
14 21 60 47 0
21 14 60 47 0
14 21 48 59 0
21 14 48 59 0
14 21 59 48 0
21 14 59 48 0
14 21 49 58 0
21 14 49 58 0
14 21 58 49 0
21 14 58 49 0
14 21 50 57 0
21 14 50 57 0
14 21 57 50 0
21 14 57 50 0
14 21 51 56 0
21 14 51 56 0
14 21 56 51 0
21 14 56 51 0
14 21 52 55 0
21 14 52 55 0
14 21 55 52 0
21 14 55 52 0
14 21 53 54 0
21 14 53 54 0
14 21 54 53 0
21 14 54 53 0
12 23 39 68 0
23 12 39 68 0
12 23 68 39 0
23 12 68 39 0
12 23 40 67 0
23 12 40 67 0
12 23 67 40 0
23 12 67 40 0
12 23 41 66 0
23 12 41 66 0
12 23 66 41 0
23 12 66 41 0
12 23 42 65 0
23 12 42 65 0
12 23 65 42 0
23 12 65 42 0
13 22 39 68 0
22 13 39 68 0
13 22 68 39 0
22 13 68 39 0
13 22 40 67 0
22 13 40 67 0
13 22 67 40 0
22 13 67 40 0
13 22 41 66 0
22 13 41 66 0
13 22 66 41 0
22 13 66 41 0
13 22 42 65 0
22 13 42 65 0
13 22 65 42 0
22 13 65 42 0
14 21 39 68 0
21 14 39 68 0
14 21 68 39 0
21 14 68 39 0
14 21 40 67 0
21 14 40 67 0
14 21 67 40 0
21 14 67 40 0
14 21 41 66 0
21 14 41 66 0
14 21 66 41 0
21 14 66 41 0
14 21 42 65 0
21 14 42 65 0
14 21 65 42 0
21 14 65 42 0
15 20 39 68 0
20 15 39 68 0
15 20 68 39 0
20 15 68 39 0
15 20 40 67 0
20 15 40 67 0
15 20 67 40 0
20 15 67 40 0
15 20 41 66 0
20 15 41 66 0
15 20 66 41 0
20 15 66 41 0
15 20 42 65 0
20 15 42 65 0
15 20 65 42 0
20 15 65 42 0
15 20 43 64 0
20 15 43 64 0
15 20 64 43 0
20 15 64 43 0
15 20 44 63 0
20 15 44 63 0
15 20 63 44 0
20 15 63 44 0
15 20 45 62 0
20 15 45 62 0
15 20 62 45 0
20 15 62 45 0
15 20 46 61 0
20 15 46 61 0
15 20 61 46 0
20 15 61 46 0
15 20 47 60 0
20 15 47 60 0
15 20 60 47 0
20 15 60 47 0
15 20 48 59 1
20 15 48 59 1
15 20 59 48 1
20 15 59 48 1
15 20 49 58 2
20 15 49 58 2
15 20 58 49 2
20 15 58 49 2
15 20 50 57 4
20 15 50 57 4
15 20 57 50 4
20 15 57 50 4
15 20 51 56 6
20 15 51 56 6
15 20 56 51 6
20 15 56 51 6
15 20 52 55 8
20 15 52 55 8
15 20 55 52 8
20 15 55 52 8
15 20 53 54 9
20 15 53 54 9
15 20 54 53 9
20 15 54 53 9
13 22 37 70 0
22 13 37 70 0
13 22 70 37 0
22 13 70 37 0
13 22 38 69 0
22 13 38 69 0
13 22 69 38 0
22 13 69 38 0
14 21 37 70 0
21 14 37 70 0
14 21 70 37 0
21 14 70 37 0
14 21 38 69 0
21 14 38 69 0
14 21 69 38 0
21 14 69 38 0
15 20 37 70 0
20 15 37 70 0
15 20 70 37 0
20 15 70 37 0
15 20 38 69 0
20 15 38 69 0
15 20 69 38 0
20 15 69 38 0
16 19 37 70 0
19 16 37 70 0
16 19 70 37 0
19 16 70 37 0
16 19 38 69 0
19 16 38 69 0
16 19 69 38 0
19 16 69 38 0
16 19 39 68 0
19 16 39 68 0
16 19 68 39 0
19 16 68 39 0
16 19 40 67 0
19 16 40 67 0
16 19 67 40 0
19 16 67 40 0
16 19 41 66 0
19 16 41 66 0
16 19 66 41 0
19 16 66 41 0
16 19 42 65 0
19 16 42 65 0
16 19 65 42 0
19 16 65 42 0
16 19 43 64 0
19 16 43 64 0
16 19 64 43 0
19 16 64 43 0
16 19 44 63 0
19 16 44 63 0
16 19 63 44 0
19 16 63 44 0
16 19 45 62 0
19 16 45 62 0
16 19 62 45 0
19 16 62 45 0
16 19 46 61 1
19 16 46 61 1
16 19 61 46 1
19 16 61 46 1
16 19 47 60 3
19 16 47 60 3
16 19 60 47 3
19 16 60 47 3
16 19 48 59 7
19 16 48 59 7
16 19 59 48 7
19 16 59 48 7
16 19 49 58 12
19 16 49 58 12
16 19 58 49 12
19 16 58 49 12
16 19 50 57 19
19 16 50 57 19
16 19 57 50 19
19 16 57 50 19
16 19 51 56 26
19 16 51 56 26
16 19 56 51 26
19 16 56 51 26
16 19 52 55 32
19 16 52 55 32
16 19 55 52 32
19 16 55 52 32
16 19 53 54 35
19 16 53 54 35
16 19 54 53 35
19 16 54 53 35
17 18 37 70 0
18 17 37 70 0
17 18 70 37 0
18 17 70 37 0
17 18 38 69 0
18 17 38 69 0
17 18 69 38 0
18 17 69 38 0
17 18 39 68 0
18 17 39 68 0
17 18 68 39 0
18 17 68 39 0
17 18 40 67 0
18 17 40 67 0
17 18 67 40 0
18 17 67 40 0
17 18 41 66 0
18 17 41 66 0
17 18 66 41 0
18 17 66 41 0
17 18 42 65 0
18 17 42 65 0
17 18 65 42 0
18 17 65 42 0
17 18 43 64 0
18 17 43 64 0
17 18 64 43 0
18 17 64 43 0
17 18 44 63 0
18 17 44 63 0
17 18 63 44 0
18 17 63 44 0
17 18 45 62 0
18 17 45 62 0
17 18 62 45 0
18 17 62 45 0
17 18 46 61 2
18 17 46 61 2
17 18 61 46 2
18 17 61 46 2
17 18 47 60 6
18 17 47 60 6
17 18 60 47 6
18 17 60 47 6
17 18 48 59 13
18 17 48 59 13
17 18 59 48 13
18 17 59 48 13
17 18 49 58 22
18 17 49 58 22
17 18 58 49 22
18 17 58 49 22
17 18 50 57 34
18 17 50 57 34
17 18 57 50 34
18 17 57 50 34
17 18 51 56 46
18 17 51 56 46
17 18 56 51 46
18 17 56 51 46
17 18 52 55 56
18 17 52 55 56
17 18 55 52 56
18 17 55 52 56
17 18 53 54 61
18 17 53 54 61
17 18 54 53 61
18 17 54 53 61
14 21 36 71 0
21 14 36 71 0
14 21 71 36 0
21 14 71 36 0
15 20 36 71 0
20 15 36 71 0
15 20 71 36 0
20 15 71 36 0
16 19 36 71 0
19 16 36 71 0
16 19 71 36 0
19 16 71 36 0
17 18 36 71 0
18 17 36 71 0
17 18 71 36 0
18 17 71 36 0
15 20 35 72 0
20 15 35 72 0
15 20 72 35 0
20 15 72 35 0
16 19 35 72 0
19 16 35 72 0
16 19 72 35 0
19 16 72 35 0
17 18 35 72 0
18 17 35 72 0
17 18 72 35 0
18 17 72 35 0
