0 11 10 25 0
11 0 10 25 0
0 11 25 10 0
11 0 25 10 0
0 11 11 24 0
11 0 11 24 0
0 11 24 11 0
11 0 24 11 0
0 11 12 23 0
11 0 12 23 0
0 11 23 12 0
11 0 23 12 0
0 11 13 22 0
11 0 13 22 0
0 11 22 13 0
11 0 22 13 0
0 11 14 21 0
11 0 14 21 0
0 11 21 14 0
11 0 21 14 0
0 11 15 20 1
11 0 15 20 1
0 11 20 15 1
11 0 20 15 1
1 10 10 25 1
10 1 10 25 1
1 10 25 10 1
10 1 25 10 1
1 10 11 24 3
10 1 11 24 3
1 10 24 11 3
10 1 24 11 3
1 10 12 23 6
10 1 12 23 6
1 10 23 12 6
10 1 23 12 6
1 10 13 22 10
10 1 13 22 10
1 10 22 13 10
10 1 22 13 10
1 10 14 21 15
10 1 14 21 15
1 10 21 14 15
10 1 21 14 15
1 10 15 20 21
10 1 15 20 21
1 10 20 15 21
10 1 20 15 21
0 11 16 19 1
11 0 16 19 1
0 11 19 16 1
11 0 19 16 1
1 10 16 19 25
10 1 16 19 25
1 10 19 16 25
10 1 19 16 25
0 11 17 18 1
11 0 17 18 1
0 11 18 17 1
11 0 18 17 1
1 10 17 18 27
10 1 17 18 27
1 10 18 17 27
10 1 18 17 27
1 10 6 29 0
10 1 6 29 0
1 10 29 6 0
10 1 29 6 0
1 10 7 28 0
10 1 7 28 0
1 10 28 7 0
10 1 28 7 0
1 10 8 27 0
10 1 8 27 0
1 10 27 8 0
10 1 27 8 0
1 10 9 26 0
10 1 9 26 0
1 10 26 9 0
10 1 26 9 0
2 9 6 29 0
9 2 6 29 0
2 9 29 6 0
9 2 29 6 0
2 9 7 28 1
9 2 7 28 1
2 9 28 7 1
9 2 28 7 1
2 9 8 27 3
9 2 8 27 3
2 9 27 8 3
9 2 27 8 3
2 9 9 26 8
9 2 9 26 8
2 9 26 9 8
9 2 26 9 8
2 9 10 25 17
9 2 10 25 17
2 9 25 10 17
9 2 25 10 17
2 9 11 24 33
9 2 11 24 33
2 9 24 11 33
9 2 24 11 33
2 9 12 23 54
9 2 12 23 54
2 9 23 12 54
9 2 23 12 54
2 9 13 22 81
9 2 13 22 81
2 9 22 13 81
9 2 22 13 81
2 9 14 21 110
9 2 14 21 110
2 9 21 14 110
9 2 21 14 110
2 9 15 20 139
9 2 15 20 139
2 9 20 15 139
9 2 20 15 139
2 9 16 19 161
9 2 16 19 161
2 9 19 16 161
9 2 19 16 161
2 9 17 18 173
9 2 17 18 173
2 9 18 17 173
9 2 18 17 173
3 8 6 29 1
8 3 6 29 1
3 8 29 6 1
8 3 29 6 1
3 8 7 28 5
8 3 7 28 5
3 8 28 7 5
8 3 28 7 5
3 8 8 27 15
8 3 8 27 15
3 8 27 8 15
8 3 27 8 15
3 8 9 26 35
8 3 9 26 35
3 8 26 9 35
8 3 26 9 35
3 8 10 25 69
8 3 10 25 69
3 8 25 10 69
8 3 25 10 69
3 8 11 24 121
8 3 11 24 121
3 8 24 11 121
8 3 24 11 121
3 8 12 23 190
8 3 12 23 190
3 8 23 12 190
8 3 23 12 190
3 8 13 22 273
8 3 13 22 273
3 8 22 13 273
8 3 22 13 273
3 8 14 21 361
8 3 14 21 361
3 8 21 14 361
8 3 21 14 361
3 8 15 20 444
8 3 15 20 444
3 8 20 15 444
8 3 20 15 444
3 8 16 19 508
8 3 16 19 508
3 8 19 16 508
8 3 19 16 508
3 8 17 18 543
8 3 17 18 543
3 8 18 17 543
8 3 18 17 543
2 9 4 31 0
9 2 4 31 0
2 9 31 4 0
9 2 31 4 0
2 9 5 30 0
9 2 5 30 0
2 9 30 5 0
9 2 30 5 0
3 8 4 31 0
8 3 4 31 0
3 8 31 4 0
8 3 31 4 0
3 8 5 30 0
8 3 5 30 0
3 8 30 5 0
8 3 30 5 0
3 8 3 32 0
8 3 3 32 0
3 8 32 3 0
8 3 32 3 0
4 7 3 32 0
7 4 3 32 0
4 7 32 3 0
7 4 32 3 0
4 7 4 31 0
7 4 4 31 0
4 7 31 4 0
7 4 31 4 0
4 7 5 30 1
7 4 5 30 1
4 7 30 5 1
7 4 30 5 1
4 7 6 29 5
7 4 6 29 5
4 7 29 6 5
7 4 29 6 5
4 7 7 28 17
7 4 7 28 17
4 7 28 7 17
7 4 28 7 17
4 7 8 27 42
7 4 8 27 42
4 7 27 8 42
7 4 27 8 42
4 7 9 26 89
7 4 9 26 89
4 7 26 9 89
7 4 26 9 89
4 7 10 25 164
7 4 10 25 164
4 7 25 10 164
7 4 25 10 164
4 7 11 24 274
7 4 11 24 274
4 7 24 11 274
7 4 24 11 274
4 7 12 23 415
7 4 12 23 415
4 7 23 12 415
7 4 23 12 415
4 7 13 22 581
7 4 13 22 581
4 7 22 13 581
7 4 22 13 581
4 7 14 21 754
7 4 14 21 754
4 7 21 14 754
7 4 21 14 754
4 7 15 20 915
7 4 15 20 915
4 7 20 15 915
7 4 20 15 915
4 7 16 19 1038
7 4 16 19 1038
4 7 19 16 1038
7 4 19 16 1038
4 7 17 18 1105
7 4 17 18 1105
4 7 18 17 1105
7 4 18 17 1105
5 6 4 31 0
6 5 4 31 0
5 6 31 4 0
6 5 31 4 0
5 6 5 30 2
6 5 5 30 2
5 6 30 5 2
6 5 30 5 2
5 6 6 29 9
6 5 6 29 9
5 6 29 6 9
6 5 29 6 9
5 6 7 28 28
6 5 7 28 28
5 6 28 7 28
6 5 28 7 28
5 6 8 27 66
6 5 8 27 66
5 6 27 8 66
6 5 27 8 66
5 6 9 26 135
6 5 9 26 135
5 6 26 9 135
6 5 26 9 135
5 6 10 25 244
6 5 10 25 244
5 6 25 10 244
6 5 25 10 244
5 6 11 24 400
6 5 11 24 400
5 6 24 11 400
6 5 24 11 400
5 6 12 23 598
6 5 12 23 598
5 6 23 12 598
6 5 23 12 598
5 6 13 22 828
6 5 13 22 828
5 6 22 13 828
6 5 22 13 828
5 6 14 21 1067
6 5 14 21 1067
5 6 21 14 1067
6 5 21 14 1067
5 6 15 20 1288
6 5 15 20 1288
5 6 20 15 1288
6 5 20 15 1288
5 6 16 19 1456
6 5 16 19 1456
5 6 19 16 1456
6 5 19 16 1456
5 6 17 18 1547
6 5 17 18 1547
5 6 18 17 1547
6 5 18 17 1547
4 7 2 33 0
7 4 2 33 0
4 7 33 2 0
7 4 33 2 0
5 6 2 33 0
6 5 2 33 0
5 6 33 2 0
6 5 33 2 0
5 6 3 32 0
6 5 3 32 0
5 6 32 3 0
6 5 32 3 0
