4 21 27 50 0
21 4 27 50 0
4 21 50 27 0
21 4 50 27 0
4 21 28 49 0
21 4 28 49 0
4 21 49 28 0
21 4 49 28 0
4 21 29 48 0
21 4 29 48 0
4 21 48 29 0
21 4 48 29 0
4 21 30 47 0
21 4 30 47 0
4 21 47 30 0
21 4 47 30 0
4 21 31 46 0
21 4 31 46 0
4 21 46 31 0
21 4 46 31 0
4 21 32 45 0
21 4 32 45 0
4 21 45 32 0
21 4 45 32 0
4 21 33 44 0
21 4 33 44 0
4 21 44 33 0
21 4 44 33 0
4 21 34 43 0
21 4 34 43 0
4 21 43 34 0
21 4 43 34 0
4 21 35 42 0
21 4 35 42 0
4 21 42 35 0
21 4 42 35 0
4 21 36 41 0
21 4 36 41 0
4 21 41 36 0
21 4 41 36 0
4 21 37 40 0
21 4 37 40 0
4 21 40 37 0
21 4 40 37 0
4 21 38 39 0
21 4 38 39 0
4 21 39 38 0
21 4 39 38 0
5 20 27 50 0
20 5 27 50 0
5 20 50 27 0
20 5 50 27 0
5 20 28 49 0
20 5 28 49 0
5 20 49 28 0
20 5 49 28 0
5 20 29 48 0
20 5 29 48 0
5 20 48 29 0
20 5 48 29 0
5 20 30 47 0
20 5 30 47 0
5 20 47 30 0
20 5 47 30 0
5 20 31 46 0
20 5 31 46 0
5 20 46 31 0
20 5 46 31 0
5 20 32 45 0
20 5 32 45 0
5 20 45 32 0
20 5 45 32 0
5 20 33 44 0
20 5 33 44 0
5 20 44 33 0
20 5 44 33 0
5 20 34 43 0
20 5 34 43 0
5 20 43 34 0
20 5 43 34 0
5 20 35 42 0
20 5 35 42 0
5 20 42 35 0
20 5 42 35 0
5 20 36 41 0
20 5 36 41 0
5 20 41 36 0
20 5 41 36 0
5 20 37 40 0
20 5 37 40 0
5 20 40 37 0
20 5 40 37 0
5 20 38 39 0
20 5 38 39 0
5 20 39 38 0
20 5 39 38 0
6 19 27 50 0
19 6 27 50 0
6 19 50 27 0
19 6 50 27 0
6 19 28 49 0
19 6 28 49 0
6 19 49 28 0
19 6 49 28 0
6 19 29 48 0
19 6 29 48 0
6 19 48 29 0
19 6 48 29 0
6 19 30 47 0
19 6 30 47 0
6 19 47 30 0
19 6 47 30 0
6 19 31 46 0
19 6 31 46 0
6 19 46 31 0
19 6 46 31 0
6 19 32 45 0
19 6 32 45 0
6 19 45 32 0
19 6 45 32 0
6 19 33 44 0
19 6 33 44 0
6 19 44 33 0
19 6 44 33 0
6 19 34 43 0
19 6 34 43 0
6 19 43 34 0
19 6 43 34 0
6 19 35 42 0
19 6 35 42 0
6 19 42 35 0
19 6 42 35 0
6 19 36 41 0
19 6 36 41 0
6 19 41 36 0
19 6 41 36 0
6 19 37 40 0
19 6 37 40 0
6 19 40 37 0
19 6 40 37 0
6 19 38 39 0
19 6 38 39 0
6 19 39 38 0
19 6 39 38 0
7 18 27 50 0
18 7 27 50 0
7 18 50 27 0
18 7 50 27 0
7 18 28 49 0
18 7 28 49 0
7 18 49 28 0
18 7 49 28 0
7 18 29 48 0
18 7 29 48 0
7 18 48 29 0
18 7 48 29 0
7 18 30 47 0
18 7 30 47 0
7 18 47 30 0
18 7 47 30 0
7 18 31 46 1
18 7 31 46 1
7 18 46 31 1
18 7 46 31 1
7 18 32 45 2
18 7 32 45 2
7 18 45 32 2
18 7 45 32 2
7 18 33 44 4
18 7 33 44 4
7 18 44 33 4
18 7 44 33 4
7 18 34 43 6
18 7 34 43 6
7 18 43 34 6
18 7 43 34 6
7 18 35 42 9
18 7 35 42 9
7 18 42 35 9
18 7 42 35 9
7 18 36 41 11
18 7 36 41 11
7 18 41 36 11
18 7 41 36 11
7 18 37 40 13
18 7 37 40 13
7 18 40 37 13
18 7 40 37 13
7 18 38 39 14
18 7 38 39 14
7 18 39 38 14
18 7 39 38 14
5 20 24 53 0
20 5 24 53 0
5 20 53 24 0
20 5 53 24 0
5 20 25 52 0
20 5 25 52 0
5 20 52 25 0
20 5 52 25 0
5 20 26 51 0
20 5 26 51 0
5 20 51 26 0
20 5 51 26 0
6 19 24 53 0
19 6 24 53 0
6 19 53 24 0
19 6 53 24 0
6 19 25 52 0
19 6 25 52 0
6 19 52 25 0
19 6 52 25 0
6 19 26 51 0
19 6 26 51 0
6 19 51 26 0
19 6 51 26 0
7 18 24 53 0
18 7 24 53 0
7 18 53 24 0
18 7 53 24 0
7 18 25 52 0
18 7 25 52 0
7 18 52 25 0
18 7 52 25 0
7 18 26 51 0
18 7 26 51 0
7 18 51 26 0
18 7 51 26 0
8 17 24 53 0
17 8 24 53 0
8 17 53 24 0
17 8 53 24 0
8 17 25 52 0
17 8 25 52 0
8 17 52 25 0
17 8 52 25 0
8 17 26 51 0
17 8 26 51 0
8 17 51 26 0
17 8 51 26 0
8 17 27 50 0
17 8 27 50 0
8 17 50 27 0
17 8 50 27 0
8 17 28 49 1
17 8 28 49 1
8 17 49 28 1
17 8 49 28 1
8 17 29 48 3
17 8 29 48 3
8 17 48 29 3
17 8 48 29 3
8 17 30 47 7
17 8 30 47 7
8 17 47 30 7
17 8 47 30 7
8 17 31 46 15
17 8 31 46 15
8 17 46 31 15
17 8 46 31 15
8 17 32 45 27
17 8 32 45 27
8 17 45 32 27
17 8 45 32 27
8 17 33 44 43
17 8 33 44 43
8 17 44 33 43
17 8 44 33 43
8 17 34 43 62
17 8 34 43 62
8 17 43 34 62
17 8 43 34 62
8 17 35 42 83
17 8 35 42 83
8 17 42 35 83
17 8 42 35 83
8 17 36 41 102
17 8 36 41 102
8 17 41 36 102
17 8 41 36 102
8 17 37 40 117
17 8 37 40 117
8 17 40 37 117
17 8 40 37 117
8 17 38 39 125
17 8 38 39 125
8 17 39 38 125
17 8 39 38 125
6 19 23 54 0
19 6 23 54 0
6 19 54 23 0
19 6 54 23 0
7 18 23 54 0
18 7 23 54 0
7 18 54 23 0
18 7 54 23 0
8 17 23 54 0
17 8 23 54 0
8 17 54 23 0
17 8 54 23 0
9 16 23 54 0
16 9 23 54 0
9 16 54 23 0
16 9 54 23 0
9 16 24 53 0
16 9 24 53 0
9 16 53 24 0
16 9 53 24 0
9 16 25 52 0
16 9 25 52 0
9 16 52 25 0
16 9 52 25 0
9 16 26 51 0
16 9 26 51 0
9 16 51 26 0
16 9 51 26 0
9 16 27 50 2
16 9 27 50 2
9 16 50 27 2
16 9 50 27 2
9 16 28 49 7
16 9 28 49 7
9 16 49 28 7
16 9 49 28 7
9 16 29 48 19
16 9 29 48 19
9 16 48 29 19
16 9 48 29 19
9 16 30 47 40
16 9 30 47 40
9 16 47 30 40
16 9 47 30 40
9 16 31 46 76
16 9 31 46 76
9 16 46 31 76
16 9 46 31 76
9 16 32 45 126
16 9 32 45 126
9 16 45 32 126
16 9 45 32 126
9 16 33 44 192
16 9 33 44 192
9 16 44 33 192
16 9 44 33 192
9 16 34 43 267
16 9 34 43 267
9 16 43 34 267
16 9 43 34 267
9 16 35 42 347
16 9 35 42 347
9 16 42 35 347
16 9 42 35 347
9 16 36 41 419
16 9 36 41 419
9 16 41 36 419
16 9 41 36 419
9 16 37 40 475
16 9 37 40 475
9 16 40 37 475
16 9 40 37 475
9 16 38 39 505
16 9 38 39 505
9 16 39 38 505
16 9 39 38 505
10 15 24 53 0
15 10 24 53 0
10 15 53 24 0
15 10 53 24 0
10 15 25 52 1
15 10 25 52 1
10 15 52 25 1
15 10 52 25 1
10 15 26 51 4
15 10 26 51 4
10 15 51 26 4
15 10 51 26 4
10 15 27 50 13
15 10 27 50 13
10 15 50 27 13
15 10 50 27 13
10 15 28 49 33
15 10 28 49 33
10 15 49 28 33
15 10 49 28 33
10 15 29 48 72
15 10 29 48 72
10 15 48 29 72
15 10 48 29 72
10 15 30 47 137
15 10 30 47 137
10 15 47 30 137
15 10 47 30 137
10 15 31 46 237
15 10 31 46 237
10 15 46 31 237
15 10 46 31 237
10 15 32 45 373
15 10 32 45 373
10 15 45 32 373
15 10 45 32 373
10 15 33 44 544
15 10 33 44 544
10 15 44 33 544
15 10 44 33 544
10 15 34 43 737
15 10 34 43 737
10 15 43 34 737
15 10 43 34 737
10 15 35 42 936
15 10 35 42 936
10 15 42 35 936
15 10 42 35 936
10 15 36 41 1115
15 10 36 41 1115
10 15 41 36 1115
15 10 41 36 1115
10 15 37 40 1252
15 10 37 40 1252
10 15 40 37 1252
15 10 40 37 1252
10 15 38 39 1326
15 10 38 39 1326
10 15 39 38 1326
15 10 39 38 1326
11 14 27 50 32
14 11 27 50 32
11 14 50 27 32
14 11 50 27 32
11 14 28 49 75
14 11 28 49 75
11 14 49 28 75
14 11 49 28 75
11 14 29 48 155
14 11 29 48 155
11 14 48 29 155
14 11 48 29 155
11 14 30 47 282
14 11 30 47 282
11 14 47 30 282
14 11 47 30 282
11 14 31 46 472
14 11 31 46 472
11 14 46 31 472
14 11 46 31 472
11 14 32 45 724
14 11 32 45 724
11 14 45 32 724
14 11 45 32 724
11 14 33 44 1035
14 11 33 44 1035
11 14 44 33 1035
14 11 44 33 1035
11 14 34 43 1381
14 11 34 43 1381
11 14 43 34 1381
14 11 43 34 1381
11 14 35 42 1734
14 11 35 42 1734
11 14 42 35 1734
14 11 42 35 1734
11 14 36 41 2049
14 11 36 41 2049
11 14 41 36 2049
14 11 41 36 2049
11 14 37 40 2289
14 11 37 40 2289
11 14 40 37 2289
14 11 40 37 2289
11 14 38 39 2418
14 11 38 39 2418
11 14 39 38 2418
14 11 39 38 2418
6 19 21 56 0
19 6 21 56 0
6 19 56 21 0
19 6 56 21 0
6 19 22 55 0
19 6 22 55 0
6 19 55 22 0
19 6 55 22 0
7 18 21 56 0
18 7 21 56 0
7 18 56 21 0
18 7 56 21 0
7 18 22 55 0
18 7 22 55 0
7 18 55 22 0
18 7 55 22 0
8 17 21 56 0
17 8 21 56 0
8 17 56 21 0
17 8 56 21 0
8 17 22 55 0
17 8 22 55 0
8 17 55 22 0
17 8 55 22 0
9 16 21 56 0
16 9 21 56 0
9 16 56 21 0
16 9 56 21 0
9 16 22 55 0
16 9 22 55 0
9 16 55 22 0
16 9 55 22 0
7 18 19 58 0
18 7 19 58 0
7 18 58 19 0
18 7 58 19 0
7 18 20 57 0
18 7 20 57 0
7 18 57 20 0
18 7 57 20 0
8 17 19 58 0
17 8 19 58 0
8 17 58 19 0
17 8 58 19 0
8 17 20 57 0
17 8 20 57 0
8 17 57 20 0
17 8 57 20 0
9 16 19 58 0
16 9 19 58 0
9 16 58 19 0
16 9 58 19 0
9 16 20 57 0
16 9 20 57 0
9 16 57 20 0
16 9 57 20 0
10 15 19 58 0
15 10 19 58 0
10 15 58 19 0
15 10 58 19 0
10 15 20 57 0
15 10 20 57 0
10 15 57 20 0
15 10 57 20 0
10 15 21 56 0
15 10 21 56 0
10 15 56 21 0
15 10 56 21 0
10 15 22 55 0
15 10 22 55 0
10 15 55 22 0
15 10 55 22 0
10 15 23 54 0
15 10 23 54 0
10 15 54 23 0
15 10 54 23 0
11 14 19 58 0
14 11 19 58 0
11 14 58 19 0
14 11 58 19 0
11 14 20 57 0
14 11 20 57 0
11 14 57 20 0
14 11 57 20 0
11 14 21 56 0
14 11 21 56 0
11 14 56 21 0
14 11 56 21 0
11 14 22 55 0
14 11 22 55 0
11 14 55 22 0
14 11 55 22 0
11 14 23 54 0
14 11 23 54 0
11 14 54 23 0
14 11 54 23 0
11 14 24 53 0
14 11 24 53 0
11 14 53 24 0
14 11 53 24 0
11 14 25 52 3
14 11 25 52 3
11 14 52 25 3
14 11 52 25 3
11 14 26 51 11
14 11 26 51 11
11 14 51 26 11
14 11 51 26 11
12 13 21 56 0
13 12 21 56 0
12 13 56 21 0
13 12 56 21 0
12 13 22 55 0
13 12 22 55 0
12 13 55 22 0
13 12 55 22 0
12 13 23 54 0
13 12 23 54 0
12 13 54 23 0
13 12 54 23 0
12 13 24 53 1
13 12 24 53 1
12 13 53 24 1
13 12 53 24 1
12 13 25 52 6
13 12 25 52 6
12 13 52 25 6
13 12 52 25 6
12 13 26 51 19
13 12 26 51 19
12 13 51 26 19
13 12 51 26 19
12 13 27 50 51
13 12 27 50 51
12 13 50 27 51
13 12 50 27 51
12 13 28 49 114
13 12 28 49 114
12 13 49 28 114
13 12 49 28 114
12 13 29 48 227
13 12 29 48 227
12 13 48 29 227
13 12 48 29 227
12 13 30 47 404
13 12 30 47 404
12 13 47 30 404
13 12 47 30 404
12 13 31 46 663
13 12 31 46 663
12 13 46 31 663
13 12 46 31 663
12 13 32 45 1004
13 12 32 45 1004
12 13 45 32 1004
13 12 45 32 1004
12 13 33 44 1420
13 12 33 44 1420
12 13 44 33 1420
13 12 44 33 1420
12 13 34 43 1880
13 12 34 43 1880
12 13 43 34 1880
13 12 43 34 1880
12 13 35 42 2346
13 12 35 42 2346
12 13 42 35 2346
13 12 42 35 2346
12 13 36 41 2762
13 12 36 41 2762
12 13 41 36 2762
13 12 41 36 2762
12 13 37 40 3077
13 12 37 40 3077
12 13 40 37 3077
13 12 40 37 3077
12 13 38 39 3246
13 12 38 39 3246
12 13 39 38 3246
13 12 39 38 3246
8 17 17 60 0
17 8 17 60 0
8 17 60 17 0
17 8 60 17 0
8 17 18 59 0
17 8 18 59 0
8 17 59 18 0
17 8 59 18 0
9 16 17 60 0
16 9 17 60 0
9 16 60 17 0
16 9 60 17 0
9 16 18 59 0
16 9 18 59 0
9 16 59 18 0
16 9 59 18 0
10 15 17 60 0
15 10 17 60 0
10 15 60 17 0
15 10 60 17 0
10 15 18 59 0
15 10 18 59 0
10 15 59 18 0
15 10 59 18 0
11 14 17 60 0
14 11 17 60 0
11 14 60 17 0
14 11 60 17 0
11 14 18 59 0
14 11 18 59 0
11 14 59 18 0
14 11 59 18 0
9 16 16 61 0
16 9 16 61 0
9 16 61 16 0
16 9 61 16 0
10 15 16 61 0
15 10 16 61 0
10 15 61 16 0
15 10 61 16 0
11 14 16 61 0
14 11 16 61 0
11 14 61 16 0
14 11 61 16 0
12 13 16 61 0
13 12 16 61 0
12 13 61 16 0
13 12 61 16 0
12 13 17 60 0
13 12 17 60 0
12 13 60 17 0
13 12 60 17 0
12 13 18 59 0
13 12 18 59 0
12 13 59 18 0
13 12 59 18 0
12 13 19 58 0
13 12 19 58 0
12 13 58 19 0
13 12 58 19 0
12 13 20 57 0
13 12 20 57 0
12 13 57 20 0
13 12 57 20 0
10 15 15 62 0
15 10 15 62 0
10 15 62 15 0
15 10 62 15 0
11 14 15 62 0
14 11 15 62 0
11 14 62 15 0
14 11 62 15 0
12 13 15 62 0
13 12 15 62 0
12 13 62 15 0
13 12 62 15 0
