7 24 42 53 0
24 7 42 53 0
7 24 53 42 0
24 7 53 42 0
7 24 43 52 0
24 7 43 52 0
7 24 52 43 0
24 7 52 43 0
7 24 44 51 0
24 7 44 51 0
7 24 51 44 0
24 7 51 44 0
7 24 45 50 0
24 7 45 50 0
7 24 50 45 0
24 7 50 45 0
7 24 46 49 0
24 7 46 49 0
7 24 49 46 0
24 7 49 46 0
7 24 47 48 0
24 7 47 48 0
7 24 48 47 0
24 7 48 47 0
8 23 42 53 0
23 8 42 53 0
8 23 53 42 0
23 8 53 42 0
8 23 43 52 0
23 8 43 52 0
8 23 52 43 0
23 8 52 43 0
8 23 44 51 0
23 8 44 51 0
8 23 51 44 0
23 8 51 44 0
8 23 45 50 0
23 8 45 50 0
8 23 50 45 0
23 8 50 45 0
8 23 46 49 0
23 8 46 49 0
8 23 49 46 0
23 8 49 46 0
8 23 47 48 0
23 8 47 48 0
8 23 48 47 0
23 8 48 47 0
9 22 42 53 0
22 9 42 53 0
9 22 53 42 0
22 9 53 42 0
9 22 43 52 0
22 9 43 52 0
9 22 52 43 0
22 9 52 43 0
9 22 44 51 0
22 9 44 51 0
9 22 51 44 0
22 9 51 44 0
9 22 45 50 0
22 9 45 50 0
9 22 50 45 0
22 9 50 45 0
9 22 46 49 0
22 9 46 49 0
9 22 49 46 0
22 9 49 46 0
9 22 47 48 0
22 9 47 48 0
9 22 48 47 0
22 9 48 47 0
10 21 42 53 0
21 10 42 53 0
10 21 53 42 0
21 10 53 42 0
10 21 43 52 0
21 10 43 52 0
10 21 52 43 0
21 10 52 43 0
10 21 44 51 0
21 10 44 51 0
10 21 51 44 0
21 10 51 44 0
10 21 45 50 0
21 10 45 50 0
10 21 50 45 0
21 10 50 45 0
10 21 46 49 0
21 10 46 49 0
10 21 49 46 0
21 10 49 46 0
10 21 47 48 0
21 10 47 48 0
10 21 48 47 0
21 10 48 47 0
8 23 36 59 0
23 8 36 59 0
8 23 59 36 0
23 8 59 36 0
8 23 37 58 0
23 8 37 58 0
8 23 58 37 0
23 8 58 37 0
8 23 38 57 0
23 8 38 57 0
8 23 57 38 0
23 8 57 38 0
8 23 39 56 0
23 8 39 56 0
8 23 56 39 0
23 8 56 39 0
8 23 40 55 0
23 8 40 55 0
8 23 55 40 0
23 8 55 40 0
8 23 41 54 0
23 8 41 54 0
8 23 54 41 0
23 8 54 41 0
9 22 36 59 0
22 9 36 59 0
9 22 59 36 0
22 9 59 36 0
9 22 37 58 0
22 9 37 58 0
9 22 58 37 0
22 9 58 37 0
9 22 38 57 0
22 9 38 57 0
9 22 57 38 0
22 9 57 38 0
9 22 39 56 0
22 9 39 56 0
9 22 56 39 0
22 9 56 39 0
9 22 40 55 0
22 9 40 55 0
9 22 55 40 0
22 9 55 40 0
9 22 41 54 0
22 9 41 54 0
9 22 54 41 0
22 9 54 41 0
10 21 36 59 0
21 10 36 59 0
10 21 59 36 0
21 10 59 36 0
10 21 37 58 0
21 10 37 58 0
10 21 58 37 0
21 10 58 37 0
10 21 38 57 0
21 10 38 57 0
10 21 57 38 0
21 10 57 38 0
10 21 39 56 0
21 10 39 56 0
10 21 56 39 0
21 10 56 39 0
10 21 40 55 0
21 10 40 55 0
10 21 55 40 0
21 10 55 40 0
10 21 41 54 0
21 10 41 54 0
10 21 54 41 0
21 10 54 41 0
11 20 36 59 0
20 11 36 59 0
11 20 59 36 0
20 11 59 36 0
11 20 37 58 0
20 11 37 58 0
11 20 58 37 0
20 11 58 37 0
11 20 38 57 0
20 11 38 57 0
11 20 57 38 0
20 11 57 38 0
11 20 39 56 0
20 11 39 56 0
11 20 56 39 0
20 11 56 39 0
11 20 40 55 0
20 11 40 55 0
11 20 55 40 0
20 11 55 40 0
11 20 41 54 0
20 11 41 54 0
11 20 54 41 0
20 11 54 41 0
11 20 42 53 0
20 11 42 53 0
11 20 53 42 0
20 11 53 42 0
11 20 43 52 1
20 11 43 52 1
11 20 52 43 1
20 11 52 43 1
11 20 44 51 2
20 11 44 51 2
11 20 51 44 2
20 11 51 44 2
11 20 45 50 3
20 11 45 50 3
11 20 50 45 3
20 11 50 45 3
11 20 46 49 4
20 11 46 49 4
11 20 49 46 4
20 11 49 46 4
11 20 47 48 5
20 11 47 48 5
11 20 48 47 5
20 11 48 47 5
9 22 32 63 0
22 9 32 63 0
9 22 63 32 0
22 9 63 32 0
9 22 33 62 0
22 9 33 62 0
9 22 62 33 0
22 9 62 33 0
9 22 34 61 0
22 9 34 61 0
9 22 61 34 0
22 9 61 34 0
9 22 35 60 0
22 9 35 60 0
9 22 60 35 0
22 9 60 35 0
10 21 32 63 0
21 10 32 63 0
10 21 63 32 0
21 10 63 32 0
10 21 33 62 0
21 10 33 62 0
10 21 62 33 0
21 10 62 33 0
10 21 34 61 0
21 10 34 61 0
10 21 61 34 0
21 10 61 34 0
10 21 35 60 0
21 10 35 60 0
10 21 60 35 0
21 10 60 35 0
11 20 32 63 0
20 11 32 63 0
11 20 63 32 0
20 11 63 32 0
11 20 33 62 0
20 11 33 62 0
11 20 62 33 0
20 11 62 33 0
11 20 34 61 0
20 11 34 61 0
11 20 61 34 0
20 11 61 34 0
11 20 35 60 0
20 11 35 60 0
11 20 60 35 0
20 11 60 35 0
12 19 32 63 0
19 12 32 63 0
12 19 63 32 0
19 12 63 32 0
12 19 33 62 0
19 12 33 62 0
12 19 62 33 0
19 12 62 33 0
12 19 34 61 0
19 12 34 61 0
12 19 61 34 0
19 12 61 34 0
12 19 35 60 0
19 12 35 60 0
12 19 60 35 0
19 12 60 35 0
12 19 36 59 0
19 12 36 59 0
12 19 59 36 0
19 12 59 36 0
12 19 37 58 0
19 12 37 58 0
12 19 58 37 0
19 12 58 37 0
12 19 38 57 0
19 12 38 57 0
12 19 57 38 0
19 12 57 38 0
12 19 39 56 1
19 12 39 56 1
12 19 56 39 1
19 12 56 39 1
12 19 40 55 3
19 12 40 55 3
12 19 55 40 3
19 12 55 40 3
12 19 41 54 7
19 12 41 54 7
12 19 54 41 7
19 12 54 41 7
12 19 42 53 13
19 12 42 53 13
12 19 53 42 13
19 12 53 42 13
12 19 43 52 22
19 12 43 52 22
12 19 52 43 22
19 12 52 43 22
12 19 44 51 32
19 12 44 51 32
12 19 51 44 32
19 12 51 44 32
12 19 45 50 42
19 12 45 50 42
12 19 50 45 42
19 12 50 45 42
12 19 46 49 50
19 12 46 49 50
12 19 49 46 50
19 12 49 46 50
12 19 47 48 55
19 12 47 48 55
12 19 48 47 55
19 12 48 47 55
10 21 30 65 0
21 10 30 65 0
10 21 65 30 0
21 10 65 30 0
10 21 31 64 0
21 10 31 64 0
10 21 64 31 0
21 10 64 31 0
11 20 30 65 0
20 11 30 65 0
11 20 65 30 0
20 11 65 30 0
11 20 31 64 0
20 11 31 64 0
11 20 64 31 0
20 11 64 31 0
12 19 30 65 0
19 12 30 65 0
12 19 65 30 0
19 12 65 30 0
12 19 31 64 0
19 12 31 64 0
12 19 64 31 0
19 12 64 31 0
13 18 30 65 0
18 13 30 65 0
13 18 65 30 0
18 13 65 30 0
13 18 31 64 0
18 13 31 64 0
13 18 64 31 0
18 13 64 31 0
13 18 32 63 0
18 13 32 63 0
13 18 63 32 0
18 13 63 32 0
13 18 33 62 0
18 13 33 62 0
13 18 62 33 0
18 13 62 33 0
13 18 34 61 0
18 13 34 61 0
13 18 61 34 0
18 13 61 34 0
13 18 35 60 0
18 13 35 60 0
13 18 60 35 0
18 13 60 35 0
13 18 36 59 0
18 13 36 59 0
13 18 59 36 0
18 13 59 36 0
13 18 37 58 1
18 13 37 58 1
13 18 58 37 1
18 13 58 37 1
13 18 38 57 3
18 13 38 57 3
13 18 57 38 3
18 13 57 38 3
13 18 39 56 9
18 13 39 56 9
13 18 56 39 9
18 13 56 39 9
13 18 40 55 20
18 13 40 55 20
13 18 55 40 20
18 13 55 40 20
13 18 41 54 39
18 13 41 54 39
13 18 54 41 39
18 13 54 41 39
13 18 42 53 65
18 13 42 53 65
13 18 53 42 65
18 13 53 42 65
13 18 43 52 99
18 13 43 52 99
13 18 52 43 99
18 13 52 43 99
13 18 44 51 136
18 13 44 51 136
13 18 51 44 136
18 13 51 44 136
13 18 45 50 172
18 13 45 50 172
13 18 50 45 172
18 13 50 45 172
13 18 46 49 200
18 13 46 49 200
13 18 49 46 200
18 13 49 46 200
13 18 47 48 216
18 13 47 48 216
13 18 48 47 216
18 13 48 47 216
14 17 30 65 0
17 14 30 65 0
14 17 65 30 0
17 14 65 30 0
14 17 31 64 0
17 14 31 64 0
14 17 64 31 0
17 14 64 31 0
14 17 32 63 0
17 14 32 63 0
14 17 63 32 0
17 14 63 32 0
14 17 33 62 0
17 14 33 62 0
14 17 62 33 0
17 14 62 33 0
14 17 34 61 0
17 14 34 61 0
14 17 61 34 0
17 14 61 34 0
14 17 35 60 0
17 14 35 60 0
14 17 60 35 0
17 14 60 35 0
14 17 36 59 0
17 14 36 59 0
14 17 59 36 0
17 14 59 36 0
14 17 37 58 3
17 14 37 58 3
14 17 58 37 3
17 14 58 37 3
14 17 38 57 10
17 14 38 57 10
14 17 57 38 10
17 14 57 38 10
14 17 39 56 26
17 14 39 56 26
14 17 56 39 26
17 14 56 39 26
14 17 40 55 54
17 14 40 55 54
14 17 55 40 54
17 14 55 40 54
14 17 41 54 99
17 14 41 54 99
14 17 54 41 99
17 14 54 41 99
14 17 42 53 159
17 14 42 53 159
14 17 53 42 159
17 14 53 42 159
14 17 43 52 234
17 14 43 52 234
14 17 52 43 234
17 14 52 43 234
14 17 44 51 314
17 14 44 51 314
14 17 51 44 314
17 14 51 44 314
14 17 45 50 390
17 14 45 50 390
14 17 50 45 390
17 14 50 45 390
14 17 46 49 449
17 14 46 49 449
14 17 49 46 449
17 14 49 46 449
14 17 47 48 482
17 14 47 48 482
14 17 48 47 482
17 14 48 47 482
15 16 32 63 0
16 15 32 63 0
15 16 63 32 0
16 15 63 32 0
15 16 33 62 0
16 15 33 62 0
15 16 62 33 0
16 15 62 33 0
15 16 34 61 0
16 15 34 61 0
15 16 61 34 0
16 15 61 34 0
15 16 35 60 0
16 15 35 60 0
15 16 60 35 0
16 15 60 35 0
15 16 36 59 1
16 15 36 59 1
15 16 59 36 1
16 15 59 36 1
15 16 37 58 6
16 15 37 58 6
15 16 58 37 6
16 15 58 37 6
15 16 38 57 18
16 15 38 57 18
15 16 57 38 18
16 15 57 38 18
15 16 39 56 44
16 15 39 56 44
15 16 56 39 44
16 15 56 39 44
15 16 40 55 87
16 15 40 55 87
15 16 55 40 87
16 15 55 40 87
15 16 41 54 154
16 15 41 54 154
15 16 54 41 154
16 15 54 41 154
15 16 42 53 243
16 15 42 53 243
15 16 53 42 243
16 15 53 42 243
15 16 43 52 352
16 15 43 52 352
15 16 52 43 352
16 15 52 43 352
15 16 44 51 467
16 15 44 51 467
15 16 51 44 467
16 15 51 44 467
15 16 45 50 575
16 15 45 50 575
15 16 50 45 575
16 15 50 45 575
15 16 46 49 659
16 15 46 49 659
15 16 49 46 659
16 15 49 46 659
15 16 47 48 706
16 15 47 48 706
15 16 48 47 706
16 15 48 47 706
11 20 28 67 0
20 11 28 67 0
11 20 67 28 0
20 11 67 28 0
11 20 29 66 0
20 11 29 66 0
11 20 66 29 0
20 11 66 29 0
12 19 28 67 0
19 12 28 67 0
12 19 67 28 0
19 12 67 28 0
12 19 29 66 0
19 12 29 66 0
12 19 66 29 0
19 12 66 29 0
13 18 28 67 0
18 13 28 67 0
13 18 67 28 0
18 13 67 28 0
13 18 29 66 0
18 13 29 66 0
13 18 66 29 0
18 13 66 29 0
14 17 28 67 0
17 14 28 67 0
14 17 67 28 0
17 14 67 28 0
14 17 29 66 0
17 14 29 66 0
14 17 66 29 0
17 14 66 29 0
12 19 27 68 0
19 12 27 68 0
12 19 68 27 0
19 12 68 27 0
13 18 27 68 0
18 13 27 68 0
13 18 68 27 0
18 13 68 27 0
14 17 27 68 0
17 14 27 68 0
14 17 68 27 0
17 14 68 27 0
15 16 27 68 0
16 15 27 68 0
15 16 68 27 0
16 15 68 27 0
15 16 28 67 0
16 15 28 67 0
15 16 67 28 0
16 15 67 28 0
15 16 29 66 0
16 15 29 66 0
15 16 66 29 0
16 15 66 29 0
15 16 30 65 0
16 15 30 65 0
15 16 65 30 0
16 15 65 30 0
15 16 31 64 0
16 15 31 64 0
15 16 64 31 0
16 15 64 31 0
13 18 26 69 0
18 13 26 69 0
13 18 69 26 0
18 13 69 26 0
14 17 26 69 0
17 14 26 69 0
14 17 69 26 0
17 14 69 26 0
15 16 26 69 0
16 15 26 69 0
15 16 69 26 0
16 15 69 26 0
