6 23 36 53 0
23 6 36 53 0
6 23 53 36 0
23 6 53 36 0
6 23 37 52 0
23 6 37 52 0
6 23 52 37 0
23 6 52 37 0
6 23 38 51 0
23 6 38 51 0
6 23 51 38 0
23 6 51 38 0
6 23 39 50 0
23 6 39 50 0
6 23 50 39 0
23 6 50 39 0
6 23 40 49 0
23 6 40 49 0
6 23 49 40 0
23 6 49 40 0
6 23 41 48 0
23 6 41 48 0
6 23 48 41 0
23 6 48 41 0
6 23 42 47 0
23 6 42 47 0
6 23 47 42 0
23 6 47 42 0
6 23 43 46 0
23 6 43 46 0
6 23 46 43 0
23 6 46 43 0
6 23 44 45 0
23 6 44 45 0
6 23 45 44 0
23 6 45 44 0
7 22 36 53 0
22 7 36 53 0
7 22 53 36 0
22 7 53 36 0
7 22 37 52 0
22 7 37 52 0
7 22 52 37 0
22 7 52 37 0
7 22 38 51 0
22 7 38 51 0
7 22 51 38 0
22 7 51 38 0
7 22 39 50 0
22 7 39 50 0
7 22 50 39 0
22 7 50 39 0
7 22 40 49 0
22 7 40 49 0
7 22 49 40 0
22 7 49 40 0
7 22 41 48 0
22 7 41 48 0
7 22 48 41 0
22 7 48 41 0
7 22 42 47 0
22 7 42 47 0
7 22 47 42 0
22 7 47 42 0
7 22 43 46 0
22 7 43 46 0
7 22 46 43 0
22 7 46 43 0
7 22 44 45 0
22 7 44 45 0
7 22 45 44 0
22 7 45 44 0
8 21 36 53 0
21 8 36 53 0
8 21 53 36 0
21 8 53 36 0
8 21 37 52 0
21 8 37 52 0
8 21 52 37 0
21 8 52 37 0
8 21 38 51 0
21 8 38 51 0
8 21 51 38 0
21 8 51 38 0
8 21 39 50 0
21 8 39 50 0
8 21 50 39 0
21 8 50 39 0
8 21 40 49 0
21 8 40 49 0
8 21 49 40 0
21 8 49 40 0
8 21 41 48 0
21 8 41 48 0
8 21 48 41 0
21 8 48 41 0
8 21 42 47 0
21 8 42 47 0
8 21 47 42 0
21 8 47 42 0
8 21 43 46 0
21 8 43 46 0
8 21 46 43 0
21 8 46 43 0
8 21 44 45 0
21 8 44 45 0
8 21 45 44 0
21 8 45 44 0
9 20 36 53 0
20 9 36 53 0
9 20 53 36 0
20 9 53 36 0
9 20 37 52 0
20 9 37 52 0
9 20 52 37 0
20 9 52 37 0
9 20 38 51 0
20 9 38 51 0
9 20 51 38 0
20 9 51 38 0
9 20 39 50 0
20 9 39 50 0
9 20 50 39 0
20 9 50 39 0
9 20 40 49 0
20 9 40 49 0
9 20 49 40 0
20 9 49 40 0
9 20 41 48 0
20 9 41 48 0
9 20 48 41 0
20 9 48 41 0
9 20 42 47 1
20 9 42 47 1
9 20 47 42 1
20 9 47 42 1
9 20 43 46 1
20 9 43 46 1
9 20 46 43 1
20 9 46 43 1
9 20 44 45 1
20 9 44 45 1
9 20 45 44 1
20 9 45 44 1
7 22 31 58 0
22 7 31 58 0
7 22 58 31 0
22 7 58 31 0
7 22 32 57 0
22 7 32 57 0
7 22 57 32 0
22 7 57 32 0
7 22 33 56 0
22 7 33 56 0
7 22 56 33 0
22 7 56 33 0
7 22 34 55 0
22 7 34 55 0
7 22 55 34 0
22 7 55 34 0
7 22 35 54 0
22 7 35 54 0
7 22 54 35 0
22 7 54 35 0
8 21 31 58 0
21 8 31 58 0
8 21 58 31 0
21 8 58 31 0
8 21 32 57 0
21 8 32 57 0
8 21 57 32 0
21 8 57 32 0
8 21 33 56 0
21 8 33 56 0
8 21 56 33 0
21 8 56 33 0
8 21 34 55 0
21 8 34 55 0
8 21 55 34 0
21 8 55 34 0
8 21 35 54 0
21 8 35 54 0
8 21 54 35 0
21 8 54 35 0
9 20 31 58 0
20 9 31 58 0
9 20 58 31 0
20 9 58 31 0
9 20 32 57 0
20 9 32 57 0
9 20 57 32 0
20 9 57 32 0
9 20 33 56 0
20 9 33 56 0
9 20 56 33 0
20 9 56 33 0
9 20 34 55 0
20 9 34 55 0
9 20 55 34 0
20 9 55 34 0
9 20 35 54 0
20 9 35 54 0
9 20 54 35 0
20 9 54 35 0
10 19 31 58 0
19 10 31 58 0
10 19 58 31 0
19 10 58 31 0
10 19 32 57 0
19 10 32 57 0
10 19 57 32 0
19 10 57 32 0
10 19 33 56 0
19 10 33 56 0
10 19 56 33 0
19 10 56 33 0
10 19 34 55 0
19 10 34 55 0
10 19 55 34 0
19 10 55 34 0
10 19 35 54 0
19 10 35 54 0
10 19 54 35 0
19 10 54 35 0
10 19 36 53 0
19 10 36 53 0
10 19 53 36 0
19 10 53 36 0
10 19 37 52 1
19 10 37 52 1
10 19 52 37 1
19 10 52 37 1
10 19 38 51 3
19 10 38 51 3
10 19 51 38 3
19 10 51 38 3
10 19 39 50 6
19 10 39 50 6
10 19 50 39 6
19 10 50 39 6
10 19 40 49 10
19 10 40 49 10
10 19 49 40 10
19 10 49 40 10
10 19 41 48 15
19 10 41 48 15
10 19 48 41 15
19 10 48 41 15
10 19 42 47 21
19 10 42 47 21
10 19 47 42 21
19 10 47 42 21
10 19 43 46 25
19 10 43 46 25
10 19 46 43 25
19 10 46 43 25
10 19 44 45 27
19 10 44 45 27
10 19 45 44 27
19 10 45 44 27
8 21 28 61 0
21 8 28 61 0
8 21 61 28 0
21 8 61 28 0
8 21 29 60 0
21 8 29 60 0
8 21 60 29 0
21 8 60 29 0
8 21 30 59 0
21 8 30 59 0
8 21 59 30 0
21 8 59 30 0
9 20 28 61 0
20 9 28 61 0
9 20 61 28 0
20 9 61 28 0
9 20 29 60 0
20 9 29 60 0
9 20 60 29 0
20 9 60 29 0
9 20 30 59 0
20 9 30 59 0
9 20 59 30 0
20 9 59 30 0
10 19 28 61 0
19 10 28 61 0
10 19 61 28 0
19 10 61 28 0
10 19 29 60 0
19 10 29 60 0
10 19 60 29 0
19 10 60 29 0
10 19 30 59 0
19 10 30 59 0
10 19 59 30 0
19 10 59 30 0
11 18 28 61 0
18 11 28 61 0
11 18 61 28 0
18 11 61 28 0
11 18 29 60 0
18 11 29 60 0
11 18 60 29 0
18 11 60 29 0
11 18 30 59 0
18 11 30 59 0
11 18 59 30 0
18 11 59 30 0
11 18 31 58 0
18 11 31 58 0
11 18 58 31 0
18 11 58 31 0
11 18 32 57 0
18 11 32 57 0
11 18 57 32 0
18 11 57 32 0
11 18 33 56 0
18 11 33 56 0
11 18 56 33 0
18 11 56 33 0
11 18 34 55 1
18 11 34 55 1
11 18 55 34 1
18 11 55 34 1
11 18 35 54 3
18 11 35 54 3
11 18 54 35 3
18 11 54 35 3
11 18 36 53 8
18 11 36 53 8
11 18 53 36 8
18 11 53 36 8
11 18 37 52 17
18 11 37 52 17
11 18 52 37 17
18 11 52 37 17
11 18 38 51 33
18 11 38 51 33
11 18 51 38 33
18 11 51 38 33
11 18 39 50 54
18 11 39 50 54
11 18 50 39 54
18 11 50 39 54
11 18 40 49 81
18 11 40 49 81
11 18 49 40 81
18 11 49 40 81
11 18 41 48 110
18 11 41 48 110
11 18 48 41 110
18 11 48 41 110
11 18 42 47 139
18 11 42 47 139
11 18 47 42 139
18 11 47 42 139
11 18 43 46 161
18 11 43 46 161
11 18 46 43 161
18 11 46 43 161
11 18 44 45 173
18 11 44 45 173
11 18 45 44 173
18 11 45 44 173
9 20 27 62 0
20 9 27 62 0
9 20 62 27 0
20 9 62 27 0
10 19 27 62 0
19 10 27 62 0
10 19 62 27 0
19 10 62 27 0
11 18 27 62 0
18 11 27 62 0
11 18 62 27 0
18 11 62 27 0
12 17 27 62 0
17 12 27 62 0
12 17 62 27 0
17 12 62 27 0
12 17 28 61 0
17 12 28 61 0
12 17 61 28 0
17 12 61 28 0
12 17 29 60 0
17 12 29 60 0
12 17 60 29 0
17 12 60 29 0
12 17 30 59 0
17 12 30 59 0
12 17 59 30 0
17 12 59 30 0
12 17 31 58 0
17 12 31 58 0
12 17 58 31 0
17 12 58 31 0
12 17 32 57 0
17 12 32 57 0
12 17 57 32 0
17 12 57 32 0
12 17 33 56 1
17 12 33 56 1
12 17 56 33 1
17 12 56 33 1
12 17 34 55 5
17 12 34 55 5
12 17 55 34 5
17 12 55 34 5
12 17 35 54 15
17 12 35 54 15
12 17 54 35 15
17 12 54 35 15
12 17 36 53 35
17 12 36 53 35
12 17 53 36 35
17 12 53 36 35
12 17 37 52 69
17 12 37 52 69
12 17 52 37 69
17 12 52 37 69
12 17 38 51 121
17 12 38 51 121
12 17 51 38 121
17 12 51 38 121
12 17 39 50 190
17 12 39 50 190
12 17 50 39 190
17 12 50 39 190
12 17 40 49 273
17 12 40 49 273
12 17 49 40 273
17 12 49 40 273
12 17 41 48 361
17 12 41 48 361
12 17 48 41 361
17 12 48 41 361
12 17 42 47 444
17 12 42 47 444
12 17 47 42 444
17 12 47 42 444
12 17 43 46 508
17 12 43 46 508
12 17 46 43 508
17 12 46 43 508
12 17 44 45 543
17 12 44 45 543
12 17 45 44 543
17 12 45 44 543
13 16 28 61 0
16 13 28 61 0
13 16 61 28 0
16 13 61 28 0
13 16 29 60 0
16 13 29 60 0
13 16 60 29 0
16 13 60 29 0
13 16 30 59 0
16 13 30 59 0
13 16 59 30 0
16 13 59 30 0
13 16 31 58 0
16 13 31 58 0
13 16 58 31 0
16 13 58 31 0
13 16 32 57 1
16 13 32 57 1
13 16 57 32 1
16 13 57 32 1
13 16 33 56 5
16 13 33 56 5
13 16 56 33 5
16 13 56 33 5
13 16 34 55 17
16 13 34 55 17
13 16 55 34 17
16 13 55 34 17
13 16 35 54 42
16 13 35 54 42
13 16 54 35 42
16 13 54 35 42
13 16 36 53 89
16 13 36 53 89
13 16 53 36 89
16 13 53 36 89
13 16 37 52 164
16 13 37 52 164
13 16 52 37 164
16 13 52 37 164
13 16 38 51 274
16 13 38 51 274
13 16 51 38 274
16 13 51 38 274
13 16 39 50 415
16 13 39 50 415
13 16 50 39 415
16 13 50 39 415
13 16 40 49 581
16 13 40 49 581
13 16 49 40 581
16 13 49 40 581
13 16 41 48 754
16 13 41 48 754
13 16 48 41 754
16 13 48 41 754
13 16 42 47 915
16 13 42 47 915
13 16 47 42 915
16 13 47 42 915
13 16 43 46 1038
16 13 43 46 1038
13 16 46 43 1038
16 13 46 43 1038
13 16 44 45 1105
16 13 44 45 1105
13 16 45 44 1105
16 13 45 44 1105
14 15 31 58 0
15 14 31 58 0
14 15 58 31 0
15 14 58 31 0
14 15 32 57 2
15 14 32 57 2
14 15 57 32 2
15 14 57 32 2
14 15 33 56 9
15 14 33 56 9
14 15 56 33 9
15 14 56 33 9
14 15 34 55 28
15 14 34 55 28
14 15 55 34 28
15 14 55 34 28
14 15 35 54 66
15 14 35 54 66
14 15 54 35 66
15 14 54 35 66
14 15 36 53 135
15 14 36 53 135
14 15 53 36 135
15 14 53 36 135
14 15 37 52 244
15 14 37 52 244
14 15 52 37 244
15 14 52 37 244
14 15 38 51 400
15 14 38 51 400
14 15 51 38 400
15 14 51 38 400
14 15 39 50 598
15 14 39 50 598
14 15 50 39 598
15 14 50 39 598
14 15 40 49 828
15 14 40 49 828
14 15 49 40 828
15 14 49 40 828
14 15 41 48 1067
15 14 41 48 1067
14 15 48 41 1067
15 14 48 41 1067
14 15 42 47 1288
15 14 42 47 1288
14 15 47 42 1288
15 14 47 42 1288
14 15 43 46 1456
15 14 43 46 1456
14 15 46 43 1456
15 14 46 43 1456
14 15 44 45 1547
15 14 44 45 1547
14 15 45 44 1547
15 14 45 44 1547
9 20 26 63 0
20 9 26 63 0
9 20 63 26 0
20 9 63 26 0
10 19 26 63 0
19 10 26 63 0
10 19 63 26 0
19 10 63 26 0
11 18 26 63 0
18 11 26 63 0
11 18 63 26 0
18 11 63 26 0
12 17 26 63 0
17 12 26 63 0
12 17 63 26 0
17 12 63 26 0
10 19 24 65 0
19 10 24 65 0
10 19 65 24 0
19 10 65 24 0
10 19 25 64 0
19 10 25 64 0
10 19 64 25 0
19 10 64 25 0
11 18 24 65 0
18 11 24 65 0
11 18 65 24 0
18 11 65 24 0
11 18 25 64 0
18 11 25 64 0
11 18 64 25 0
18 11 64 25 0
12 17 24 65 0
17 12 24 65 0
12 17 65 24 0
17 12 65 24 0
12 17 25 64 0
17 12 25 64 0
12 17 64 25 0
17 12 64 25 0
13 16 24 65 0
16 13 24 65 0
13 16 65 24 0
16 13 65 24 0
13 16 25 64 0
16 13 25 64 0
13 16 64 25 0
16 13 64 25 0
13 16 26 63 0
16 13 26 63 0
13 16 63 26 0
16 13 63 26 0
13 16 27 62 0
16 13 27 62 0
13 16 62 27 0
16 13 62 27 0
14 15 24 65 0
15 14 24 65 0
14 15 65 24 0
15 14 65 24 0
14 15 25 64 0
15 14 25 64 0
14 15 64 25 0
15 14 64 25 0
14 15 26 63 0
15 14 26 63 0
14 15 63 26 0
15 14 63 26 0
14 15 27 62 0
15 14 27 62 0
14 15 62 27 0
15 14 62 27 0
14 15 28 61 0
15 14 28 61 0
14 15 61 28 0
15 14 61 28 0
14 15 29 60 0
15 14 29 60 0
14 15 60 29 0
15 14 60 29 0
14 15 30 59 0
15 14 30 59 0
14 15 59 30 0
15 14 59 30 0
11 18 23 66 0
18 11 23 66 0
11 18 66 23 0
18 11 66 23 0
12 17 23 66 0
17 12 23 66 0
12 17 66 23 0
17 12 66 23 0
13 16 23 66 0
16 13 23 66 0
13 16 66 23 0
16 13 66 23 0
14 15 23 66 0
15 14 23 66 0
14 15 66 23 0
15 14 66 23 0
12 17 22 67 0
17 12 22 67 0
12 17 67 22 0
17 12 67 22 0
13 16 22 67 0
16 13 22 67 0
13 16 67 22 0
16 13 67 22 0
14 15 22 67 0
15 14 22 67 0
14 15 67 22 0
15 14 67 22 0
