2 17 22 37 0
17 2 22 37 0
2 17 37 22 0
17 2 37 22 0
2 17 23 36 0
17 2 23 36 0
2 17 36 23 0
17 2 36 23 0
2 17 24 35 0
17 2 24 35 0
2 17 35 24 0
17 2 35 24 0
2 17 25 34 0
17 2 25 34 0
2 17 34 25 0
17 2 34 25 0
2 17 26 33 0
17 2 26 33 0
2 17 33 26 0
17 2 33 26 0
2 17 27 32 0
17 2 27 32 0
2 17 32 27 0
17 2 32 27 0
3 16 22 37 0
16 3 22 37 0
3 16 37 22 0
16 3 37 22 0
3 16 23 36 0
16 3 23 36 0
3 16 36 23 0
16 3 36 23 0
3 16 24 35 0
16 3 24 35 0
3 16 35 24 0
16 3 35 24 0
3 16 25 34 0
16 3 25 34 0
3 16 34 25 0
16 3 34 25 0
3 16 26 33 0
16 3 26 33 0
3 16 33 26 0
16 3 33 26 0
3 16 27 32 0
16 3 27 32 0
3 16 32 27 0
16 3 32 27 0
2 17 28 31 0
17 2 28 31 0
2 17 31 28 0
17 2 31 28 0
3 16 28 31 0
16 3 28 31 0
3 16 31 28 0
16 3 31 28 0
2 17 29 30 0
17 2 29 30 0
2 17 30 29 0
17 2 30 29 0
3 16 29 30 0
16 3 29 30 0
3 16 30 29 0
16 3 30 29 0
3 16 21 38 0
16 3 21 38 0
3 16 38 21 0
16 3 38 21 0
4 15 21 38 1
15 4 21 38 1
4 15 38 21 1
15 4 38 21 1
4 15 22 37 2
15 4 22 37 2
4 15 37 22 2
15 4 37 22 2
4 15 23 36 4
15 4 23 36 4
4 15 36 23 4
15 4 36 23 4
4 15 24 35 6
15 4 24 35 6
4 15 35 24 6
15 4 35 24 6
4 15 25 34 9
15 4 25 34 9
4 15 34 25 9
15 4 34 25 9
4 15 26 33 11
15 4 26 33 11
4 15 33 26 11
15 4 33 26 11
4 15 27 32 13
15 4 27 32 13
4 15 32 27 13
15 4 32 27 13
4 15 28 31 14
15 4 28 31 14
4 15 31 28 14
15 4 31 28 14
4 15 29 30 15
15 4 29 30 15
4 15 30 29 15
15 4 30 29 15
5 14 22 37 9
14 5 22 37 9
5 14 37 22 9
14 5 37 22 9
5 14 23 36 17
14 5 23 36 17
5 14 36 23 17
14 5 36 23 17
5 14 24 35 28
14 5 24 35 28
5 14 35 24 28
14 5 35 24 28
5 14 25 34 41
14 5 25 34 41
5 14 34 25 41
14 5 34 25 41
5 14 26 33 53
14 5 26 33 53
5 14 33 26 53
14 5 33 26 53
5 14 27 32 63
14 5 27 32 63
5 14 32 27 63
14 5 32 27 63
5 14 28 31 70
14 5 28 31 70
5 14 31 28 70
14 5 31 28 70
5 14 29 30 74
14 5 29 30 74
5 14 30 29 74
14 5 30 29 74
3 16 18 41 0
16 3 18 41 0
3 16 41 18 0
16 3 41 18 0
3 16 19 40 0
16 3 19 40 0
3 16 40 19 0
16 3 40 19 0
3 16 20 39 0
16 3 20 39 0
3 16 39 20 0
16 3 39 20 0
4 15 18 41 0
15 4 18 41 0
4 15 41 18 0
15 4 41 18 0
4 15 19 40 0
15 4 19 40 0
4 15 40 19 0
15 4 40 19 0
4 15 20 39 0
15 4 20 39 0
4 15 39 20 0
15 4 39 20 0
4 15 16 43 0
15 4 16 43 0
4 15 43 16 0
15 4 43 16 0
4 15 17 42 0
15 4 17 42 0
4 15 42 17 0
15 4 42 17 0
5 14 16 43 0
14 5 16 43 0
5 14 43 16 0
14 5 43 16 0
5 14 17 42 0
14 5 17 42 0
5 14 42 17 0
14 5 42 17 0
5 14 18 41 0
14 5 18 41 0
5 14 41 18 0
14 5 41 18 0
5 14 19 40 0
14 5 19 40 0
5 14 40 19 0
14 5 40 19 0
5 14 20 39 1
14 5 20 39 1
5 14 39 20 1
14 5 39 20 1
5 14 21 38 4
14 5 21 38 4
5 14 38 21 4
14 5 38 21 4
6 13 16 43 0
13 6 16 43 0
6 13 43 16 0
13 6 43 16 0
6 13 17 42 1
13 6 17 42 1
6 13 42 17 1
13 6 42 17 1
6 13 18 41 3
13 6 18 41 3
6 13 41 18 3
13 6 41 18 3
6 13 19 40 7
13 6 19 40 7
6 13 40 19 7
13 6 40 19 7
6 13 20 39 14
13 6 20 39 14
6 13 39 20 14
13 6 39 20 14
6 13 21 38 27
13 6 21 38 27
6 13 38 21 27
13 6 38 21 27
6 13 22 37 46
13 6 22 37 46
6 13 37 22 46
13 6 37 22 46
6 13 23 36 74
13 6 23 36 74
6 13 36 23 74
13 6 36 23 74
6 13 24 35 109
13 6 24 35 109
6 13 35 24 109
13 6 35 24 109
6 13 25 34 151
13 6 25 34 151
6 13 34 25 151
13 6 34 25 151
6 13 26 33 191
13 6 26 33 191
6 13 33 26 191
13 6 33 26 191
6 13 27 32 227
13 6 27 32 227
6 13 32 27 227
13 6 32 27 227
6 13 28 31 252
13 6 28 31 252
6 13 31 28 252
13 6 31 28 252
6 13 29 30 266
13 6 29 30 266
6 13 30 29 266
13 6 30 29 266
7 12 18 41 7
12 7 18 41 7
7 12 41 18 7
12 7 41 18 7
7 12 19 40 18
12 7 19 40 18
7 12 40 19 18
12 7 40 19 18
7 12 20 39 37
12 7 20 39 37
7 12 39 20 37
12 7 39 20 37
7 12 21 38 69
12 7 21 38 69
7 12 38 21 69
12 7 38 21 69
7 12 22 37 115
12 7 22 37 115
7 12 37 22 115
12 7 37 22 115
7 12 23 36 178
12 7 23 36 178
7 12 36 23 178
12 7 36 23 178
7 12 24 35 256
12 7 24 35 256
7 12 35 24 256
12 7 35 24 256
7 12 25 34 345
12 7 25 34 345
7 12 34 25 345
12 7 34 25 345
7 12 26 33 434
12 7 26 33 434
7 12 33 26 434
12 7 33 26 434
7 12 27 32 514
12 7 27 32 514
7 12 32 27 514
12 7 32 27 514
7 12 28 31 573
12 7 28 31 573
7 12 31 28 573
12 7 31 28 573
7 12 29 30 605
12 7 29 30 605
7 12 30 29 605
12 7 30 29 605
5 14 13 46 0
14 5 13 46 0
5 14 46 13 0
14 5 46 13 0
5 14 14 45 0
14 5 14 45 0
5 14 45 14 0
14 5 45 14 0
5 14 15 44 0
14 5 15 44 0
5 14 44 15 0
14 5 44 15 0
6 13 13 46 0
13 6 13 46 0
6 13 46 13 0
13 6 46 13 0
6 13 14 45 0
13 6 14 45 0
6 13 45 14 0
13 6 45 14 0
6 13 15 44 0
13 6 15 44 0
6 13 44 15 0
13 6 44 15 0
6 13 12 47 0
13 6 12 47 0
6 13 47 12 0
13 6 47 12 0
7 12 12 47 0
12 7 12 47 0
7 12 47 12 0
12 7 47 12 0
7 12 13 46 0
12 7 13 46 0
7 12 46 13 0
12 7 46 13 0
7 12 14 45 0
12 7 14 45 0
7 12 45 14 0
12 7 45 14 0
7 12 15 44 0
12 7 15 44 0
7 12 44 15 0
12 7 44 15 0
7 12 16 43 0
12 7 16 43 0
7 12 43 16 0
12 7 43 16 0
7 12 17 42 2
12 7 17 42 2
7 12 42 17 2
12 7 42 17 2
8 11 13 46 0
11 8 13 46 0
8 11 46 13 0
11 8 46 13 0
8 11 14 45 0
11 8 14 45 0
8 11 45 14 0
11 8 45 14 0
8 11 15 44 1
11 8 15 44 1
8 11 44 15 1
11 8 44 15 1
8 11 16 43 2
11 8 16 43 2
8 11 43 16 2
11 8 43 16 2
8 11 17 42 7
11 8 17 42 7
8 11 42 17 7
11 8 42 17 7
8 11 18 41 17
11 8 18 41 17
8 11 41 18 17
11 8 41 18 17
8 11 19 40 38
11 8 19 40 38
8 11 40 19 38
11 8 40 19 38
8 11 20 39 73
11 8 20 39 73
8 11 39 20 73
11 8 39 20 73
8 11 21 38 131
11 8 21 38 131
8 11 38 21 131
11 8 38 21 131
8 11 22 37 212
11 8 22 37 212
8 11 37 22 212
11 8 37 22 212
8 11 23 36 321
11 8 23 36 321
8 11 36 23 321
11 8 36 23 321
8 11 24 35 452
11 8 24 35 452
8 11 35 24 452
11 8 35 24 452
8 11 25 34 600
11 8 25 34 600
8 11 34 25 600
11 8 34 25 600
8 11 26 33 747
11 8 26 33 747
8 11 33 26 747
11 8 33 26 747
8 11 27 32 880
11 8 27 32 880
8 11 32 27 880
11 8 32 27 880
8 11 28 31 979
11 8 28 31 979
8 11 31 28 979
11 8 31 28 979
8 11 29 30 1033
11 8 29 30 1033
8 11 30 29 1033
11 8 30 29 1033
9 10 16 43 3
10 9 16 43 3
9 10 43 16 3
10 9 43 16 3
9 10 17 42 10
10 9 17 42 10
9 10 42 17 10
10 9 42 17 10
9 10 18 41 24
10 9 18 41 24
9 10 41 18 24
10 9 41 18 24
9 10 19 40 52
10 9 19 40 52
9 10 40 19 52
10 9 40 19 52
9 10 20 39 99
10 9 20 39 99
9 10 39 20 99
10 9 39 20 99
9 10 21 38 175
10 9 21 38 175
9 10 38 21 175
10 9 38 21 175
9 10 22 37 281
10 9 22 37 281
9 10 37 22 281
10 9 37 22 281
9 10 23 36 422
10 9 23 36 422
9 10 36 23 422
10 9 36 23 422
9 10 24 35 591
10 9 24 35 591
9 10 35 24 591
10 9 35 24 591
9 10 25 34 780
10 9 25 34 780
9 10 34 25 780
10 9 34 25 780
9 10 26 33 968
10 9 26 33 968
9 10 33 26 968
10 9 33 26 968
9 10 27 32 1137
10 9 27 32 1137
9 10 32 27 1137
10 9 32 27 1137
9 10 28 31 1264
10 9 28 31 1264
9 10 31 28 1264
10 9 31 28 1264
9 10 29 30 1333
10 9 29 30 1333
9 10 30 29 1333
10 9 30 29 1333
7 12 10 49 0
12 7 10 49 0
7 12 49 10 0
12 7 49 10 0
7 12 11 48 0
12 7 11 48 0
7 12 48 11 0
12 7 48 11 0
8 11 10 49 0
11 8 10 49 0
8 11 49 10 0
11 8 49 10 0
8 11 11 48 0
11 8 11 48 0
8 11 48 11 0
11 8 48 11 0
8 11 12 47 0
11 8 12 47 0
8 11 47 12 0
11 8 47 12 0
9 10 10 49 0
10 9 10 49 0
9 10 49 10 0
10 9 49 10 0
9 10 11 48 0
10 9 11 48 0
9 10 48 11 0
10 9 48 11 0
9 10 12 47 0
10 9 12 47 0
9 10 47 12 0
10 9 47 12 0
9 10 13 46 0
10 9 13 46 0
9 10 46 13 0
10 9 46 13 0
9 10 14 45 0
10 9 14 45 0
9 10 45 14 0
10 9 45 14 0
9 10 15 44 1
10 9 15 44 1
9 10 44 15 1
10 9 44 15 1
9 10 9 50 0
10 9 9 50 0
9 10 50 9 0
10 9 50 9 0
