3 20 24 47 0
20 3 24 47 0
3 20 47 24 0
20 3 47 24 0
3 20 25 46 0
20 3 25 46 0
3 20 46 25 0
20 3 46 25 0
3 20 26 45 0
20 3 26 45 0
3 20 45 26 0
20 3 45 26 0
3 20 27 44 0
20 3 27 44 0
3 20 44 27 0
20 3 44 27 0
3 20 28 43 0
20 3 28 43 0
3 20 43 28 0
20 3 43 28 0
3 20 29 42 0
20 3 29 42 0
3 20 42 29 0
20 3 42 29 0
3 20 30 41 0
20 3 30 41 0
3 20 41 30 0
20 3 41 30 0
3 20 31 40 0
20 3 31 40 0
3 20 40 31 0
20 3 40 31 0
3 20 32 39 0
20 3 32 39 0
3 20 39 32 0
20 3 39 32 0
3 20 33 38 0
20 3 33 38 0
3 20 38 33 0
20 3 38 33 0
3 20 34 37 0
20 3 34 37 0
3 20 37 34 0
20 3 37 34 0
3 20 35 36 0
20 3 35 36 0
3 20 36 35 0
20 3 36 35 0
4 19 24 47 0
19 4 24 47 0
4 19 47 24 0
19 4 47 24 0
4 19 25 46 0
19 4 25 46 0
4 19 46 25 0
19 4 46 25 0
4 19 26 45 0
19 4 26 45 0
4 19 45 26 0
19 4 45 26 0
4 19 27 44 0
19 4 27 44 0
4 19 44 27 0
19 4 44 27 0
4 19 28 43 0
19 4 28 43 0
4 19 43 28 0
19 4 43 28 0
4 19 29 42 0
19 4 29 42 0
4 19 42 29 0
19 4 42 29 0
4 19 30 41 0
19 4 30 41 0
4 19 41 30 0
19 4 41 30 0
4 19 31 40 0
19 4 31 40 0
4 19 40 31 0
19 4 40 31 0
4 19 32 39 0
19 4 32 39 0
4 19 39 32 0
19 4 39 32 0
4 19 33 38 0
19 4 33 38 0
4 19 38 33 0
19 4 38 33 0
4 19 34 37 0
19 4 34 37 0
4 19 37 34 0
19 4 37 34 0
4 19 35 36 0
19 4 35 36 0
4 19 36 35 0
19 4 36 35 0
5 18 24 47 0
18 5 24 47 0
5 18 47 24 0
18 5 47 24 0
5 18 25 46 0
18 5 25 46 0
5 18 46 25 0
18 5 46 25 0
5 18 26 45 0
18 5 26 45 0
5 18 45 26 0
18 5 45 26 0
5 18 27 44 0
18 5 27 44 0
5 18 44 27 0
18 5 44 27 0
5 18 28 43 0
18 5 28 43 0
5 18 43 28 0
18 5 43 28 0
5 18 29 42 0
18 5 29 42 0
5 18 42 29 0
18 5 42 29 0
5 18 30 41 0
18 5 30 41 0
5 18 41 30 0
18 5 41 30 0
5 18 31 40 0
18 5 31 40 0
5 18 40 31 0
18 5 40 31 0
5 18 32 39 0
18 5 32 39 0
5 18 39 32 0
18 5 39 32 0
5 18 33 38 0
18 5 33 38 0
5 18 38 33 0
18 5 38 33 0
5 18 34 37 0
18 5 34 37 0
5 18 37 34 0
18 5 37 34 0
5 18 35 36 0
18 5 35 36 0
5 18 36 35 0
18 5 36 35 0
6 17 24 47 0
17 6 24 47 0
6 17 47 24 0
17 6 47 24 0
6 17 25 46 0
17 6 25 46 0
6 17 46 25 0
17 6 46 25 0
6 17 26 45 0
17 6 26 45 0
6 17 45 26 0
17 6 45 26 0
6 17 27 44 1
17 6 27 44 1
6 17 44 27 1
17 6 44 27 1
6 17 28 43 2
17 6 28 43 2
6 17 43 28 2
17 6 43 28 2
6 17 29 42 4
17 6 29 42 4
6 17 42 29 4
17 6 42 29 4
6 17 30 41 7
17 6 30 41 7
6 17 41 30 7
17 6 41 30 7
6 17 31 40 10
17 6 31 40 10
6 17 40 31 10
17 6 40 31 10
6 17 32 39 13
17 6 32 39 13
6 17 39 32 13
17 6 39 32 13
6 17 33 38 16
17 6 33 38 16
6 17 38 33 16
17 6 38 33 16
6 17 34 37 18
17 6 34 37 18
6 17 37 34 18
17 6 37 34 18
6 17 35 36 19
17 6 35 36 19
6 17 36 35 19
17 6 36 35 19
4 19 22 49 0
19 4 22 49 0
4 19 49 22 0
19 4 49 22 0
4 19 23 48 0
19 4 23 48 0
4 19 48 23 0
19 4 48 23 0
5 18 22 49 0
18 5 22 49 0
5 18 49 22 0
18 5 49 22 0
5 18 23 48 0
18 5 23 48 0
5 18 48 23 0
18 5 48 23 0
6 17 22 49 0
17 6 22 49 0
6 17 49 22 0
17 6 49 22 0
6 17 23 48 0
17 6 23 48 0
6 17 48 23 0
17 6 48 23 0
7 16 22 49 0
16 7 22 49 0
7 16 49 22 0
16 7 49 22 0
7 16 23 48 0
16 7 23 48 0
7 16 48 23 0
16 7 48 23 0
7 16 24 47 0
16 7 24 47 0
7 16 47 24 0
16 7 47 24 0
7 16 25 46 1
16 7 25 46 1
7 16 46 25 1
16 7 46 25 1
7 16 26 45 3
16 7 26 45 3
7 16 45 26 3
16 7 45 26 3
7 16 27 44 8
16 7 27 44 8
7 16 44 27 8
16 7 44 27 8
7 16 28 43 16
16 7 28 43 16
7 16 43 28 16
16 7 43 28 16
7 16 29 42 29
16 7 29 42 29
7 16 42 29 29
16 7 42 29 29
7 16 30 41 46
16 7 30 41 46
7 16 41 30 46
16 7 41 30 46
7 16 31 40 66
16 7 31 40 66
7 16 40 31 66
16 7 40 31 66
7 16 32 39 86
16 7 32 39 86
7 16 39 32 86
16 7 39 32 86
7 16 33 38 105
16 7 33 38 105
7 16 38 33 105
16 7 38 33 105
7 16 34 37 119
16 7 34 37 119
7 16 37 34 119
16 7 37 34 119
7 16 35 36 126
16 7 35 36 126
7 16 36 35 126
16 7 36 35 126
8 15 22 49 0
15 8 22 49 0
8 15 49 22 0
15 8 49 22 0
8 15 23 48 1
15 8 23 48 1
8 15 48 23 1
15 8 48 23 1
8 15 24 47 3
15 8 24 47 3
8 15 47 24 3
15 8 47 24 3
8 15 25 46 10
15 8 25 46 10
8 15 46 25 10
15 8 46 25 10
8 15 26 45 22
15 8 26 45 22
8 15 45 26 22
15 8 45 26 22
8 15 27 44 45
15 8 27 44 45
8 15 44 27 45
15 8 44 27 45
8 15 28 43 79
15 8 28 43 79
8 15 43 28 79
15 8 43 28 79
8 15 29 42 129
15 8 29 42 129
8 15 42 29 129
15 8 42 29 129
8 15 30 41 191
15 8 30 41 191
8 15 41 30 191
15 8 41 30 191
8 15 31 40 263
15 8 31 40 263
8 15 40 31 263
15 8 40 31 263
8 15 32 39 336
15 8 32 39 336
8 15 39 32 336
15 8 39 32 336
8 15 33 38 403
15 8 33 38 403
8 15 38 33 403
15 8 38 33 403
8 15 34 37 453
15 8 34 37 453
8 15 37 34 453
15 8 37 34 453
8 15 35 36 480
15 8 35 36 480
8 15 36 35 480
15 8 36 35 480
9 14 24 47 14
14 9 24 47 14
9 14 47 24 14
14 9 47 24 14
9 14 25 46 35
14 9 25 46 35
9 14 46 25 35
14 9 46 25 35
9 14 26 45 72
14 9 26 45 72
9 14 45 26 72
14 9 45 26 72
9 14 27 44 135
14 9 27 44 135
9 14 44 27 135
14 9 44 27 135
9 14 28 43 226
14 9 28 43 226
9 14 43 28 226
14 9 43 28 226
9 14 29 42 351
14 9 29 42 351
9 14 42 29 351
14 9 42 29 351
9 14 30 41 504
14 9 30 41 504
9 14 41 30 504
14 9 41 30 504
9 14 31 40 677
14 9 31 40 677
9 14 40 31 677
14 9 40 31 677
9 14 32 39 851
14 9 32 39 851
9 14 39 32 851
14 9 39 32 851
9 14 33 38 1009
14 9 33 38 1009
9 14 38 33 1009
14 9 38 33 1009
9 14 34 37 1127
14 9 34 37 1127
9 14 37 34 1127
14 9 37 34 1127
9 14 35 36 1191
14 9 35 36 1191
9 14 36 35 1191
14 9 36 35 1191
4 19 21 50 0
19 4 21 50 0
4 19 50 21 0
19 4 50 21 0
5 18 21 50 0
18 5 21 50 0
5 18 50 21 0
18 5 50 21 0
6 17 21 50 0
17 6 21 50 0
6 17 50 21 0
17 6 50 21 0
7 16 21 50 0
16 7 21 50 0
7 16 50 21 0
16 7 50 21 0
5 18 18 53 0
18 5 18 53 0
5 18 53 18 0
18 5 53 18 0
5 18 19 52 0
18 5 19 52 0
5 18 52 19 0
18 5 52 19 0
5 18 20 51 0
18 5 20 51 0
5 18 51 20 0
18 5 51 20 0
6 17 18 53 0
17 6 18 53 0
6 17 53 18 0
17 6 53 18 0
6 17 19 52 0
17 6 19 52 0
6 17 52 19 0
17 6 52 19 0
6 17 20 51 0
17 6 20 51 0
6 17 51 20 0
17 6 51 20 0
7 16 18 53 0
16 7 18 53 0
7 16 53 18 0
16 7 53 18 0
7 16 19 52 0
16 7 19 52 0
7 16 52 19 0
16 7 52 19 0
7 16 20 51 0
16 7 20 51 0
7 16 51 20 0
16 7 51 20 0
8 15 18 53 0
15 8 18 53 0
8 15 53 18 0
15 8 53 18 0
8 15 19 52 0
15 8 19 52 0
8 15 52 19 0
15 8 52 19 0
8 15 20 51 0
15 8 20 51 0
8 15 51 20 0
15 8 51 20 0
8 15 21 50 0
15 8 21 50 0
8 15 50 21 0
15 8 50 21 0
6 17 17 54 0
17 6 17 54 0
6 17 54 17 0
17 6 54 17 0
7 16 17 54 0
16 7 17 54 0
7 16 54 17 0
16 7 54 17 0
8 15 17 54 0
15 8 17 54 0
8 15 54 17 0
15 8 54 17 0
9 14 17 54 0
14 9 17 54 0
9 14 54 17 0
14 9 54 17 0
9 14 18 53 0
14 9 18 53 0
9 14 53 18 0
14 9 53 18 0
9 14 19 52 0
14 9 19 52 0
9 14 52 19 0
14 9 52 19 0
9 14 20 51 0
14 9 20 51 0
9 14 51 20 0
14 9 51 20 0
9 14 21 50 0
14 9 21 50 0
9 14 50 21 0
14 9 50 21 0
9 14 22 49 1
14 9 22 49 1
9 14 49 22 1
14 9 49 22 1
9 14 23 48 5
14 9 23 48 5
9 14 48 23 5
14 9 48 23 5
10 13 18 53 0
13 10 18 53 0
10 13 53 18 0
13 10 53 18 0
10 13 19 52 0
13 10 19 52 0
10 13 52 19 0
13 10 52 19 0
10 13 20 51 0
13 10 20 51 0
10 13 51 20 0
13 10 51 20 0
10 13 21 50 1
13 10 21 50 1
10 13 50 21 1
13 10 50 21 1
10 13 22 49 4
13 10 22 49 4
10 13 49 22 4
13 10 49 22 4
10 13 23 48 14
13 10 23 48 14
10 13 48 23 14
13 10 48 23 14
10 13 24 47 35
13 10 24 47 35
10 13 47 24 35
13 10 47 24 35
10 13 25 46 79
13 10 25 46 79
10 13 46 25 79
13 10 46 25 79
10 13 26 45 153
13 10 26 45 153
10 13 45 26 153
13 10 45 26 153
10 13 27 44 273
13 10 27 44 273
10 13 44 27 273
13 10 44 27 273
10 13 28 43 442
13 10 28 43 442
10 13 43 28 442
13 10 43 28 442
10 13 29 42 668
13 10 29 42 668
10 13 42 29 668
13 10 42 29 668
10 13 30 41 939
13 10 30 41 939
10 13 41 30 939
13 10 41 30 939
10 13 31 40 1242
13 10 31 40 1242
10 13 40 31 1242
13 10 40 31 1242
10 13 32 39 1544
13 10 32 39 1544
10 13 39 32 1544
13 10 39 32 1544
10 13 33 38 1816
13 10 33 38 1816
10 13 38 33 1816
13 10 38 33 1816
10 13 34 37 2020
13 10 34 37 2020
10 13 37 34 2020
13 10 37 34 2020
10 13 35 36 2130
13 10 35 36 2130
10 13 36 35 2130
13 10 36 35 2130
11 12 21 50 2
12 11 21 50 2
11 12 50 21 2
12 11 50 21 2
11 12 22 49 7
12 11 22 49 7
11 12 49 22 7
12 11 49 22 7
11 12 23 48 22
12 11 23 48 22
11 12 48 23 22
12 11 48 23 22
11 12 24 47 53
12 11 24 47 53
11 12 47 24 53
12 11 47 24 53
11 12 25 46 115
12 11 25 46 115
11 12 46 25 115
12 11 46 25 115
11 12 26 45 218
12 11 26 45 218
11 12 45 26 218
12 11 45 26 218
11 12 27 44 381
12 11 27 44 381
11 12 44 27 381
12 11 44 27 381
11 12 28 43 609
12 11 28 43 609
11 12 43 28 609
12 11 43 28 609
11 12 29 42 910
12 11 29 42 910
11 12 42 29 910
12 11 42 29 910
11 12 30 41 1268
12 11 30 41 1268
11 12 41 30 1268
12 11 41 30 1268
11 12 31 40 1665
12 11 31 40 1665
11 12 40 31 1665
12 11 40 31 1665
11 12 32 39 2060
12 11 32 39 2060
11 12 39 32 2060
12 11 39 32 2060
11 12 33 38 2414
12 11 33 38 2414
11 12 38 33 2414
12 11 38 33 2414
11 12 34 37 2679
12 11 34 37 2679
11 12 37 34 2679
12 11 37 34 2679
11 12 35 36 2822
12 11 35 36 2822
11 12 36 35 2822
12 11 36 35 2822
6 17 16 55 0
17 6 16 55 0
6 17 55 16 0
17 6 55 16 0
7 16 16 55 0
16 7 16 55 0
7 16 55 16 0
16 7 55 16 0
8 15 16 55 0
15 8 16 55 0
8 15 55 16 0
15 8 55 16 0
9 14 16 55 0
14 9 16 55 0
9 14 55 16 0
14 9 55 16 0
7 16 14 57 0
16 7 14 57 0
7 16 57 14 0
16 7 57 14 0
7 16 15 56 0
16 7 15 56 0
7 16 56 15 0
16 7 56 15 0
8 15 14 57 0
15 8 14 57 0
8 15 57 14 0
15 8 57 14 0
8 15 15 56 0
15 8 15 56 0
8 15 56 15 0
15 8 56 15 0
9 14 14 57 0
14 9 14 57 0
9 14 57 14 0
14 9 57 14 0
9 14 15 56 0
14 9 15 56 0
9 14 56 15 0
14 9 56 15 0
10 13 14 57 0
13 10 14 57 0
10 13 57 14 0
13 10 57 14 0
10 13 15 56 0
13 10 15 56 0
10 13 56 15 0
13 10 56 15 0
10 13 16 55 0
13 10 16 55 0
10 13 55 16 0
13 10 55 16 0
10 13 17 54 0
13 10 17 54 0
10 13 54 17 0
13 10 54 17 0
11 12 14 57 0
12 11 14 57 0
11 12 57 14 0
12 11 57 14 0
11 12 15 56 0
12 11 15 56 0
11 12 56 15 0
12 11 56 15 0
11 12 16 55 0
12 11 16 55 0
11 12 55 16 0
12 11 55 16 0
11 12 17 54 0
12 11 17 54 0
11 12 54 17 0
12 11 54 17 0
11 12 18 53 0
12 11 18 53 0
11 12 53 18 0
12 11 53 18 0
11 12 19 52 0
12 11 19 52 0
11 12 52 19 0
12 11 52 19 0
11 12 20 51 0
12 11 20 51 0
11 12 51 20 0
12 11 51 20 0
8 15 13 58 0
15 8 13 58 0
8 15 58 13 0
15 8 58 13 0
9 14 13 58 0
14 9 13 58 0
9 14 58 13 0
14 9 58 13 0
10 13 13 58 0
13 10 13 58 0
10 13 58 13 0
13 10 58 13 0
11 12 13 58 0
12 11 13 58 0
11 12 58 13 0
12 11 58 13 0
9 14 12 59 0
14 9 12 59 0
9 14 59 12 0
14 9 59 12 0
10 13 12 59 0
13 10 12 59 0
10 13 59 12 0
13 10 59 12 0
11 12 12 59 0
12 11 12 59 0
11 12 59 12 0
12 11 59 12 0
