0 9 6 23 0
9 0 6 23 0
0 9 23 6 0
9 0 23 6 0
0 9 7 22 0
9 0 7 22 0
0 9 22 7 0
9 0 22 7 0
0 9 8 21 0
9 0 8 21 0
0 9 21 8 0
9 0 21 8 0
0 9 9 20 0
9 0 9 20 0
0 9 20 9 0
9 0 20 9 0
0 9 10 19 1
9 0 10 19 1
0 9 19 10 1
9 0 19 10 1
0 9 11 18 2
9 0 11 18 2
0 9 18 11 2
9 0 18 11 2
1 8 6 23 1
8 1 6 23 1
1 8 23 6 1
8 1 23 6 1
1 8 7 22 3
8 1 7 22 3
1 8 22 7 3
8 1 22 7 3
1 8 8 21 7
8 1 8 21 7
1 8 21 8 7
8 1 21 8 7
1 8 9 20 13
8 1 9 20 13
1 8 20 9 13
8 1 20 9 13
1 8 10 19 22
8 1 10 19 22
1 8 19 10 22
8 1 19 10 22
1 8 11 18 32
8 1 11 18 32
1 8 18 11 32
8 1 18 11 32
0 9 12 17 3
9 0 12 17 3
0 9 17 12 3
9 0 17 12 3
1 8 12 17 42
8 1 12 17 42
1 8 17 12 42
8 1 17 12 42
0 9 13 16 4
9 0 13 16 4
0 9 16 13 4
9 0 16 13 4
1 8 13 16 50
8 1 13 16 50
1 8 16 13 50
8 1 16 13 50
0 9 14 15 5
9 0 14 15 5
0 9 15 14 5
9 0 15 14 5
1 8 14 15 55
8 1 14 15 55
1 8 15 14 55
8 1 15 14 55
1 8 3 26 0
8 1 3 26 0
1 8 26 3 0
8 1 26 3 0
1 8 4 25 0
8 1 4 25 0
1 8 25 4 0
8 1 25 4 0
1 8 5 24 0
8 1 5 24 0
1 8 24 5 0
8 1 24 5 0
2 7 3 26 0
7 2 3 26 0
2 7 26 3 0
7 2 26 3 0
2 7 4 25 1
7 2 4 25 1
2 7 25 4 1
7 2 25 4 1
2 7 5 24 3
7 2 5 24 3
2 7 24 5 3
7 2 24 5 3
2 7 6 23 9
7 2 6 23 9
2 7 23 6 9
7 2 23 6 9
2 7 7 22 20
7 2 7 22 20
2 7 22 7 20
7 2 22 7 20
2 7 8 21 39
7 2 8 21 39
2 7 21 8 39
7 2 21 8 39
2 7 9 20 65
7 2 9 20 65
2 7 20 9 65
7 2 20 9 65
2 7 10 19 99
7 2 10 19 99
2 7 19 10 99
7 2 19 10 99
2 7 11 18 136
7 2 11 18 136
2 7 18 11 136
7 2 18 11 136
2 7 12 17 172
7 2 12 17 172
2 7 17 12 172
7 2 17 12 172
2 7 13 16 200
7 2 13 16 200
2 7 16 13 200
7 2 16 13 200
2 7 14 15 216
7 2 14 15 216
2 7 15 14 216
7 2 15 14 216
3 6 3 26 0
6 3 3 26 0
3 6 26 3 0
6 3 26 3 0
3 6 4 25 3
6 3 4 25 3
3 6 25 4 3
6 3 25 4 3
3 6 5 24 10
6 3 5 24 10
3 6 24 5 10
6 3 24 5 10
3 6 6 23 26
6 3 6 23 26
3 6 23 6 26
6 3 23 6 26
3 6 7 22 54
6 3 7 22 54
3 6 22 7 54
6 3 22 7 54
3 6 8 21 99
6 3 8 21 99
3 6 21 8 99
6 3 21 8 99
3 6 9 20 159
6 3 9 20 159
3 6 20 9 159
6 3 20 9 159
3 6 10 19 234
6 3 10 19 234
3 6 19 10 234
6 3 19 10 234
3 6 11 18 314
6 3 11 18 314
3 6 18 11 314
6 3 18 11 314
3 6 12 17 390
6 3 12 17 390
3 6 17 12 390
6 3 17 12 390
3 6 13 16 449
6 3 13 16 449
3 6 16 13 449
6 3 16 13 449
3 6 14 15 482
6 3 14 15 482
3 6 15 14 482
6 3 15 14 482
2 7 2 27 0
7 2 2 27 0
2 7 27 2 0
7 2 27 2 0
3 6 2 27 0
6 3 2 27 0
3 6 27 2 0
6 3 27 2 0
3 6 1 28 0
6 3 1 28 0
3 6 28 1 0
6 3 28 1 0
4 5 1 28 0
5 4 1 28 0
4 5 28 1 0
5 4 28 1 0
4 5 2 27 0
5 4 2 27 0
4 5 27 2 0
5 4 27 2 0
4 5 3 26 1
5 4 3 26 1
4 5 26 3 1
5 4 26 3 1
4 5 4 25 6
5 4 4 25 6
4 5 25 4 6
5 4 25 4 6
4 5 5 24 18
5 4 5 24 18
4 5 24 5 18
5 4 24 5 18
4 5 6 23 44
5 4 6 23 44
4 5 23 6 44
5 4 23 6 44
4 5 7 22 87
5 4 7 22 87
4 5 22 7 87
5 4 22 7 87
4 5 8 21 154
5 4 8 21 154
4 5 21 8 154
5 4 21 8 154
4 5 9 20 243
5 4 9 20 243
4 5 20 9 243
5 4 20 9 243
4 5 10 19 352
5 4 10 19 352
4 5 19 10 352
5 4 19 10 352
4 5 11 18 467
5 4 11 18 467
4 5 18 11 467
5 4 18 11 467
4 5 12 17 575
5 4 12 17 575
4 5 17 12 575
5 4 17 12 575
4 5 13 16 659
5 4 13 16 659
4 5 16 13 659
5 4 16 13 659
4 5 14 15 706
5 4 14 15 706
4 5 15 14 706
5 4 15 14 706
