5 20 31 46 0
20 5 31 46 0
5 20 46 31 0
20 5 46 31 0
5 20 32 45 0
20 5 32 45 0
5 20 45 32 0
20 5 45 32 0
5 20 33 44 0
20 5 33 44 0
5 20 44 33 0
20 5 44 33 0
5 20 34 43 0
20 5 34 43 0
5 20 43 34 0
20 5 43 34 0
5 20 35 42 0
20 5 35 42 0
5 20 42 35 0
20 5 42 35 0
5 20 36 41 0
20 5 36 41 0
5 20 41 36 0
20 5 41 36 0
6 19 31 46 0
19 6 31 46 0
6 19 46 31 0
19 6 46 31 0
6 19 32 45 0
19 6 32 45 0
6 19 45 32 0
19 6 45 32 0
6 19 33 44 0
19 6 33 44 0
6 19 44 33 0
19 6 44 33 0
6 19 34 43 0
19 6 34 43 0
6 19 43 34 0
19 6 43 34 0
6 19 35 42 0
19 6 35 42 0
6 19 42 35 0
19 6 42 35 0
6 19 36 41 0
19 6 36 41 0
6 19 41 36 0
19 6 41 36 0
5 20 37 40 0
20 5 37 40 0
5 20 40 37 0
20 5 40 37 0
6 19 37 40 0
19 6 37 40 0
6 19 40 37 0
19 6 40 37 0
5 20 38 39 0
20 5 38 39 0
5 20 39 38 0
20 5 39 38 0
6 19 38 39 0
19 6 38 39 0
6 19 39 38 0
19 6 39 38 0
6 19 27 50 0
19 6 27 50 0
6 19 50 27 0
19 6 50 27 0
6 19 28 49 0
19 6 28 49 0
6 19 49 28 0
19 6 49 28 0
6 19 29 48 0
19 6 29 48 0
6 19 48 29 0
19 6 48 29 0
6 19 30 47 0
19 6 30 47 0
6 19 47 30 0
19 6 47 30 0
7 18 27 50 0
18 7 27 50 0
7 18 50 27 0
18 7 50 27 0
7 18 28 49 0
18 7 28 49 0
7 18 49 28 0
18 7 49 28 0
7 18 29 48 0
18 7 29 48 0
7 18 48 29 0
18 7 48 29 0
7 18 30 47 0
18 7 30 47 0
7 18 47 30 0
18 7 47 30 0
7 18 31 46 0
18 7 31 46 0
7 18 46 31 0
18 7 46 31 0
7 18 32 45 0
18 7 32 45 0
7 18 45 32 0
18 7 45 32 0
7 18 33 44 0
18 7 33 44 0
7 18 44 33 0
18 7 44 33 0
7 18 34 43 0
18 7 34 43 0
7 18 43 34 0
18 7 43 34 0
7 18 35 42 0
18 7 35 42 0
7 18 42 35 0
18 7 42 35 0
7 18 36 41 0
18 7 36 41 0
7 18 41 36 0
18 7 41 36 0
7 18 37 40 0
18 7 37 40 0
7 18 40 37 0
18 7 40 37 0
7 18 38 39 0
18 7 38 39 0
7 18 39 38 0
18 7 39 38 0
7 18 25 52 0
18 7 25 52 0
7 18 52 25 0
18 7 52 25 0
7 18 26 51 0
18 7 26 51 0
7 18 51 26 0
18 7 51 26 0
8 17 25 52 0
17 8 25 52 0
8 17 52 25 0
17 8 52 25 0
8 17 26 51 0
17 8 26 51 0
8 17 51 26 0
17 8 51 26 0
8 17 27 50 0
17 8 27 50 0
8 17 50 27 0
17 8 50 27 0
8 17 28 49 0
17 8 28 49 0
8 17 49 28 0
17 8 49 28 0
8 17 29 48 0
17 8 29 48 0
8 17 48 29 0
17 8 48 29 0
8 17 30 47 0
17 8 30 47 0
8 17 47 30 0
17 8 47 30 0
8 17 31 46 0
17 8 31 46 0
8 17 46 31 0
17 8 46 31 0
8 17 32 45 0
17 8 32 45 0
8 17 45 32 0
17 8 45 32 0
8 17 33 44 0
17 8 33 44 0
8 17 44 33 0
17 8 44 33 0
8 17 34 43 0
17 8 34 43 0
8 17 43 34 0
17 8 43 34 0
8 17 35 42 0
17 8 35 42 0
8 17 42 35 0
17 8 42 35 0
8 17 36 41 0
17 8 36 41 0
8 17 41 36 0
17 8 41 36 0
8 17 37 40 0
17 8 37 40 0
8 17 40 37 0
17 8 40 37 0
8 17 38 39 0
17 8 38 39 0
8 17 39 38 0
17 8 39 38 0
9 16 25 52 0
16 9 25 52 0
9 16 52 25 0
16 9 52 25 0
9 16 26 51 0
16 9 26 51 0
9 16 51 26 0
16 9 51 26 0
9 16 27 50 0
16 9 27 50 0
9 16 50 27 0
16 9 50 27 0
9 16 28 49 0
16 9 28 49 0
9 16 49 28 0
16 9 49 28 0
9 16 29 48 0
16 9 29 48 0
9 16 48 29 0
16 9 48 29 0
9 16 30 47 0
16 9 30 47 0
9 16 47 30 0
16 9 47 30 0
9 16 31 46 0
16 9 31 46 0
9 16 46 31 0
16 9 46 31 0
9 16 32 45 0
16 9 32 45 0
9 16 45 32 0
16 9 45 32 0
9 16 33 44 0
16 9 33 44 0
9 16 44 33 0
16 9 44 33 0
9 16 34 43 0
16 9 34 43 0
9 16 43 34 0
16 9 43 34 0
9 16 35 42 0
16 9 35 42 0
9 16 42 35 0
16 9 42 35 0
9 16 36 41 0
16 9 36 41 0
9 16 41 36 0
16 9 41 36 0
9 16 37 40 0
16 9 37 40 0
9 16 40 37 0
16 9 40 37 0
9 16 38 39 0
16 9 38 39 0
9 16 39 38 0
16 9 39 38 0
10 15 27 50 0
15 10 27 50 0
10 15 50 27 0
15 10 50 27 0
10 15 28 49 0
15 10 28 49 0
10 15 49 28 0
15 10 49 28 0
10 15 29 48 0
15 10 29 48 0
10 15 48 29 0
15 10 48 29 0
10 15 30 47 0
15 10 30 47 0
10 15 47 30 0
15 10 47 30 0
10 15 31 46 0
15 10 31 46 0
10 15 46 31 0
15 10 46 31 0
10 15 32 45 0
15 10 32 45 0
10 15 45 32 0
15 10 45 32 0
10 15 33 44 0
15 10 33 44 0
10 15 44 33 0
15 10 44 33 0
10 15 34 43 0
15 10 34 43 0
10 15 43 34 0
15 10 43 34 0
10 15 35 42 0
15 10 35 42 0
10 15 42 35 0
15 10 42 35 0
10 15 36 41 0
15 10 36 41 0
10 15 41 36 0
15 10 41 36 0
10 15 37 40 0
15 10 37 40 0
10 15 40 37 0
15 10 40 37 0
10 15 38 39 0
15 10 38 39 0
10 15 39 38 0
15 10 39 38 0
11 14 31 46 0
14 11 31 46 0
11 14 46 31 0
14 11 46 31 0
11 14 32 45 0
14 11 32 45 0
11 14 45 32 0
14 11 45 32 0
11 14 33 44 0
14 11 33 44 0
11 14 44 33 0
14 11 44 33 0
11 14 34 43 0
14 11 34 43 0
11 14 43 34 0
14 11 43 34 0
11 14 35 42 0
14 11 35 42 0
11 14 42 35 0
14 11 42 35 0
11 14 36 41 0
14 11 36 41 0
11 14 41 36 0
14 11 41 36 0
11 14 37 40 0
14 11 37 40 0
11 14 40 37 0
14 11 40 37 0
11 14 38 39 0
14 11 38 39 0
11 14 39 38 0
14 11 39 38 0
8 17 22 55 0
17 8 22 55 0
8 17 55 22 0
17 8 55 22 0
8 17 23 54 0
17 8 23 54 0
8 17 54 23 0
17 8 54 23 0
8 17 24 53 0
17 8 24 53 0
8 17 53 24 0
17 8 53 24 0
9 16 22 55 0
16 9 22 55 0
9 16 55 22 0
16 9 55 22 0
9 16 23 54 0
16 9 23 54 0
9 16 54 23 0
16 9 54 23 0
9 16 24 53 0
16 9 24 53 0
9 16 53 24 0
16 9 53 24 0
9 16 21 56 0
16 9 21 56 0
9 16 56 21 0
16 9 56 21 0
10 15 21 56 0
15 10 21 56 0
10 15 56 21 0
15 10 56 21 0
10 15 22 55 0
15 10 22 55 0
10 15 55 22 0
15 10 55 22 0
10 15 23 54 0
15 10 23 54 0
10 15 54 23 0
15 10 54 23 0
10 15 24 53 0
15 10 24 53 0
10 15 53 24 0
15 10 53 24 0
10 15 25 52 0
15 10 25 52 0
10 15 52 25 0
15 10 52 25 0
10 15 26 51 0
15 10 26 51 0
10 15 51 26 0
15 10 51 26 0
11 14 22 55 0
14 11 22 55 0
11 14 55 22 0
14 11 55 22 0
11 14 23 54 0
14 11 23 54 0
11 14 54 23 0
14 11 54 23 0
11 14 24 53 0
14 11 24 53 0
11 14 53 24 0
14 11 53 24 0
11 14 25 52 0
14 11 25 52 0
11 14 52 25 0
14 11 52 25 0
11 14 26 51 0
14 11 26 51 0
11 14 51 26 0
14 11 51 26 0
11 14 27 50 0
14 11 27 50 0
11 14 50 27 0
14 11 50 27 0
11 14 28 49 0
14 11 28 49 0
11 14 49 28 0
14 11 49 28 0
11 14 29 48 0
14 11 29 48 0
11 14 48 29 0
14 11 48 29 0
11 14 30 47 0
14 11 30 47 0
11 14 47 30 0
14 11 47 30 0
12 13 25 52 0
13 12 25 52 0
12 13 52 25 0
13 12 52 25 0
12 13 26 51 0
13 12 26 51 0
12 13 51 26 0
13 12 51 26 0
12 13 27 50 0
13 12 27 50 0
12 13 50 27 0
13 12 50 27 0
12 13 28 49 0
13 12 28 49 0
12 13 49 28 0
13 12 49 28 0
12 13 29 48 0
13 12 29 48 0
12 13 48 29 0
13 12 48 29 0
12 13 30 47 0
13 12 30 47 0
12 13 47 30 0
13 12 47 30 0
12 13 31 46 0
13 12 31 46 0
12 13 46 31 0
13 12 46 31 0
12 13 32 45 0
13 12 32 45 0
12 13 45 32 0
13 12 45 32 0
12 13 33 44 0
13 12 33 44 0
12 13 44 33 0
13 12 44 33 0
12 13 34 43 0
13 12 34 43 0
12 13 43 34 0
13 12 43 34 0
12 13 35 42 0
13 12 35 42 0
12 13 42 35 0
13 12 42 35 0
12 13 36 41 0
13 12 36 41 0
12 13 41 36 0
13 12 41 36 0
12 13 37 40 0
13 12 37 40 0
12 13 40 37 0
13 12 40 37 0
12 13 38 39 0
13 12 38 39 0
12 13 39 38 0
13 12 39 38 0
10 15 19 58 0
15 10 19 58 0
10 15 58 19 0
15 10 58 19 0
10 15 20 57 0
15 10 20 57 0
10 15 57 20 0
15 10 57 20 0
11 14 19 58 0
14 11 19 58 0
11 14 58 19 0
14 11 58 19 0
11 14 20 57 0
14 11 20 57 0
11 14 57 20 0
14 11 57 20 0
11 14 21 56 0
14 11 21 56 0
11 14 56 21 0
14 11 56 21 0
12 13 19 58 0
13 12 19 58 0
12 13 58 19 0
13 12 58 19 0
12 13 20 57 0
13 12 20 57 0
12 13 57 20 0
13 12 57 20 0
12 13 21 56 0
13 12 21 56 0
12 13 56 21 0
13 12 56 21 0
12 13 22 55 0
13 12 22 55 0
12 13 55 22 0
13 12 55 22 0
12 13 23 54 0
13 12 23 54 0
12 13 54 23 0
13 12 54 23 0
12 13 24 53 0
13 12 24 53 0
12 13 53 24 0
13 12 53 24 0
12 13 18 59 0
13 12 18 59 0
12 13 59 18 0
13 12 59 18 0
