5 22 31 52 0
22 5 31 52 0
5 22 52 31 0
22 5 52 31 0
5 22 32 51 0
22 5 32 51 0
5 22 51 32 0
22 5 51 32 0
5 22 33 50 0
22 5 33 50 0
5 22 50 33 0
22 5 50 33 0
5 22 34 49 0
22 5 34 49 0
5 22 49 34 0
22 5 49 34 0
5 22 35 48 0
22 5 35 48 0
5 22 48 35 0
22 5 48 35 0
5 22 36 47 0
22 5 36 47 0
5 22 47 36 0
22 5 47 36 0
5 22 37 46 0
22 5 37 46 0
5 22 46 37 0
22 5 46 37 0
5 22 38 45 0
22 5 38 45 0
5 22 45 38 0
22 5 45 38 0
5 22 39 44 0
22 5 39 44 0
5 22 44 39 0
22 5 44 39 0
5 22 40 43 0
22 5 40 43 0
5 22 43 40 0
22 5 43 40 0
5 22 41 42 0
22 5 41 42 0
5 22 42 41 0
22 5 42 41 0
6 21 31 52 0
21 6 31 52 0
6 21 52 31 0
21 6 52 31 0
6 21 32 51 0
21 6 32 51 0
6 21 51 32 0
21 6 51 32 0
6 21 33 50 0
21 6 33 50 0
6 21 50 33 0
21 6 50 33 0
6 21 34 49 0
21 6 34 49 0
6 21 49 34 0
21 6 49 34 0
6 21 35 48 0
21 6 35 48 0
6 21 48 35 0
21 6 48 35 0
6 21 36 47 0
21 6 36 47 0
6 21 47 36 0
21 6 47 36 0
6 21 37 46 0
21 6 37 46 0
6 21 46 37 0
21 6 46 37 0
6 21 38 45 0
21 6 38 45 0
6 21 45 38 0
21 6 45 38 0
6 21 39 44 0
21 6 39 44 0
6 21 44 39 0
21 6 44 39 0
6 21 40 43 0
21 6 40 43 0
6 21 43 40 0
21 6 43 40 0
6 21 41 42 0
21 6 41 42 0
6 21 42 41 0
21 6 42 41 0
7 20 31 52 0
20 7 31 52 0
7 20 52 31 0
20 7 52 31 0
7 20 32 51 0
20 7 32 51 0
7 20 51 32 0
20 7 51 32 0
7 20 33 50 0
20 7 33 50 0
7 20 50 33 0
20 7 50 33 0
7 20 34 49 0
20 7 34 49 0
7 20 49 34 0
20 7 49 34 0
7 20 35 48 0
20 7 35 48 0
7 20 48 35 0
20 7 48 35 0
7 20 36 47 0
20 7 36 47 0
7 20 47 36 0
20 7 47 36 0
7 20 37 46 0
20 7 37 46 0
7 20 46 37 0
20 7 46 37 0
7 20 38 45 0
20 7 38 45 0
7 20 45 38 0
20 7 45 38 0
7 20 39 44 0
20 7 39 44 0
7 20 44 39 0
20 7 44 39 0
7 20 40 43 0
20 7 40 43 0
7 20 43 40 0
20 7 43 40 0
7 20 41 42 0
20 7 41 42 0
7 20 42 41 0
20 7 42 41 0
8 19 31 52 0
19 8 31 52 0
8 19 52 31 0
19 8 52 31 0
8 19 32 51 0
19 8 32 51 0
8 19 51 32 0
19 8 51 32 0
8 19 33 50 0
19 8 33 50 0
8 19 50 33 0
19 8 50 33 0
8 19 34 49 0
19 8 34 49 0
8 19 49 34 0
19 8 49 34 0
8 19 35 48 0
19 8 35 48 0
8 19 48 35 0
19 8 48 35 0
8 19 36 47 1
19 8 36 47 1
8 19 47 36 1
19 8 47 36 1
8 19 37 46 2
19 8 37 46 2
8 19 46 37 2
19 8 46 37 2
8 19 38 45 3
19 8 38 45 3
8 19 45 38 3
19 8 45 38 3
8 19 39 44 4
19 8 39 44 4
8 19 44 39 4
19 8 44 39 4
8 19 40 43 5
19 8 40 43 5
8 19 43 40 5
19 8 43 40 5
8 19 41 42 6
19 8 41 42 6
8 19 42 41 6
19 8 42 41 6
6 21 27 56 0
21 6 27 56 0
6 21 56 27 0
21 6 56 27 0
6 21 28 55 0
21 6 28 55 0
6 21 55 28 0
21 6 55 28 0
6 21 29 54 0
21 6 29 54 0
6 21 54 29 0
21 6 54 29 0
6 21 30 53 0
21 6 30 53 0
6 21 53 30 0
21 6 53 30 0
7 20 27 56 0
20 7 27 56 0
7 20 56 27 0
20 7 56 27 0
7 20 28 55 0
20 7 28 55 0
7 20 55 28 0
20 7 55 28 0
7 20 29 54 0
20 7 29 54 0
7 20 54 29 0
20 7 54 29 0
7 20 30 53 0
20 7 30 53 0
7 20 53 30 0
20 7 53 30 0
8 19 27 56 0
19 8 27 56 0
8 19 56 27 0
19 8 56 27 0
8 19 28 55 0
19 8 28 55 0
8 19 55 28 0
19 8 55 28 0
8 19 29 54 0
19 8 29 54 0
8 19 54 29 0
19 8 54 29 0
8 19 30 53 0
19 8 30 53 0
8 19 53 30 0
19 8 53 30 0
9 18 27 56 0
18 9 27 56 0
9 18 56 27 0
18 9 56 27 0
9 18 28 55 0
18 9 28 55 0
9 18 55 28 0
18 9 55 28 0
9 18 29 54 0
18 9 29 54 0
9 18 54 29 0
18 9 54 29 0
9 18 30 53 0
18 9 30 53 0
9 18 53 30 0
18 9 53 30 0
9 18 31 52 0
18 9 31 52 0
9 18 52 31 0
18 9 52 31 0
9 18 32 51 1
18 9 32 51 1
9 18 51 32 1
18 9 51 32 1
9 18 33 50 3
18 9 33 50 3
9 18 50 33 3
18 9 50 33 3
9 18 34 49 7
18 9 34 49 7
9 18 49 34 7
18 9 49 34 7
9 18 35 48 13
18 9 35 48 13
9 18 48 35 13
18 9 48 35 13
9 18 36 47 23
18 9 36 47 23
9 18 47 36 23
18 9 47 36 23
9 18 37 46 35
18 9 37 46 35
9 18 46 37 35
18 9 46 37 35
9 18 38 45 48
18 9 38 45 48
9 18 45 38 48
18 9 45 38 48
9 18 39 44 60
18 9 39 44 60
9 18 44 39 60
18 9 44 39 60
9 18 40 43 70
18 9 40 43 70
9 18 43 40 70
18 9 43 40 70
9 18 41 42 76
18 9 41 42 76
9 18 42 41 76
18 9 42 41 76
7 20 25 58 0
20 7 25 58 0
7 20 58 25 0
20 7 58 25 0
7 20 26 57 0
20 7 26 57 0
7 20 57 26 0
20 7 57 26 0
8 19 25 58 0
19 8 25 58 0
8 19 58 25 0
19 8 58 25 0
8 19 26 57 0
19 8 26 57 0
8 19 57 26 0
19 8 57 26 0
9 18 25 58 0
18 9 25 58 0
9 18 58 25 0
18 9 58 25 0
9 18 26 57 0
18 9 26 57 0
9 18 57 26 0
18 9 57 26 0
10 17 25 58 0
17 10 25 58 0
10 17 58 25 0
17 10 58 25 0
10 17 26 57 0
17 10 26 57 0
10 17 57 26 0
17 10 57 26 0
10 17 27 56 0
17 10 27 56 0
10 17 56 27 0
17 10 56 27 0
10 17 28 55 0
17 10 28 55 0
10 17 55 28 0
17 10 55 28 0
10 17 29 54 0
17 10 29 54 0
10 17 54 29 0
17 10 54 29 0
10 17 30 53 1
17 10 30 53 1
10 17 53 30 1
17 10 53 30 1
10 17 31 52 3
17 10 31 52 3
10 17 52 31 3
17 10 52 31 3
10 17 32 51 10
17 10 32 51 10
10 17 51 32 10
17 10 51 32 10
10 17 33 50 23
17 10 33 50 23
10 17 50 33 23
17 10 50 33 23
10 17 34 49 46
17 10 34 49 46
10 17 49 34 46
17 10 49 34 46
10 17 35 48 79
17 10 35 48 79
10 17 48 35 79
17 10 48 35 79
10 17 36 47 125
17 10 36 47 125
10 17 47 36 125
17 10 47 36 125
10 17 37 46 179
17 10 37 46 179
10 17 46 37 179
17 10 46 37 179
10 17 38 45 237
17 10 38 45 237
10 17 45 38 237
17 10 45 38 237
10 17 39 44 290
17 10 39 44 290
10 17 44 39 290
17 10 44 39 290
10 17 40 43 332
17 10 40 43 332
10 17 43 40 332
17 10 43 40 332
10 17 41 42 355
17 10 41 42 355
10 17 42 41 355
17 10 42 41 355
11 16 25 58 0
16 11 25 58 0
11 16 58 25 0
16 11 58 25 0
11 16 26 57 0
16 11 26 57 0
11 16 57 26 0
16 11 57 26 0
11 16 27 56 0
16 11 27 56 0
11 16 56 27 0
16 11 56 27 0
11 16 28 55 0
16 11 28 55 0
11 16 55 28 0
16 11 55 28 0
11 16 29 54 1
16 11 29 54 1
11 16 54 29 1
16 11 54 29 1
11 16 30 53 6
16 11 30 53 6
11 16 53 30 6
16 11 53 30 6
11 16 31 52 17
16 11 31 52 17
11 16 52 31 17
16 11 52 31 17
11 16 32 51 42
16 11 32 51 42
11 16 51 32 42
16 11 51 32 42
11 16 33 50 86
16 11 33 50 86
11 16 50 33 86
16 11 50 33 86
11 16 34 49 157
16 11 34 49 157
11 16 49 34 157
16 11 49 34 157
11 16 35 48 256
16 11 35 48 256
11 16 48 35 256
16 11 48 35 256
11 16 36 47 385
16 11 36 47 385
11 16 47 36 385
16 11 47 36 385
11 16 37 46 533
16 11 37 46 533
11 16 46 37 533
16 11 46 37 533
11 16 38 45 688
16 11 38 45 688
11 16 45 38 688
16 11 45 38 688
11 16 39 44 829
16 11 39 44 829
11 16 44 39 829
16 11 44 39 829
11 16 40 43 938
16 11 40 43 938
11 16 43 40 938
16 11 43 40 938
11 16 41 42 997
16 11 41 42 997
11 16 42 41 997
16 11 42 41 997
12 15 27 56 0
15 12 27 56 0
12 15 56 27 0
15 12 56 27 0
12 15 28 55 1
15 12 28 55 1
12 15 55 28 1
15 12 55 28 1
12 15 29 54 5
15 12 29 54 5
12 15 54 29 5
15 12 54 29 5
12 15 30 53 18
15 12 30 53 18
12 15 53 30 18
15 12 53 30 18
12 15 31 52 45
15 12 31 52 45
12 15 52 31 45
15 12 52 31 45
12 15 32 51 100
15 12 32 51 100
12 15 51 32 100
15 12 51 32 100
12 15 33 50 192
15 12 33 50 192
12 15 50 33 192
15 12 50 33 192
12 15 34 49 334
15 12 34 49 334
12 15 49 34 334
15 12 49 34 334
12 15 35 48 527
15 12 35 48 527
12 15 48 35 527
15 12 48 35 527
12 15 36 47 772
15 12 36 47 772
12 15 47 36 772
15 12 47 36 772
12 15 37 46 1049
15 12 37 46 1049
12 15 46 37 1049
15 12 46 37 1049
12 15 38 45 1335
15 12 38 45 1335
12 15 45 38 1335
15 12 45 38 1335
12 15 39 44 1593
15 12 39 44 1593
12 15 44 39 1593
15 12 44 39 1593
12 15 40 43 1791
15 12 40 43 1791
12 15 43 40 1791
15 12 43 40 1791
12 15 41 42 1898
15 12 41 42 1898
12 15 42 41 1898
15 12 42 41 1898
13 14 31 52 70
14 13 31 52 70
13 14 52 31 70
14 13 52 31 70
13 14 32 51 150
14 13 32 51 150
13 14 51 32 150
14 13 51 32 150
13 14 33 50 281
14 13 33 50 281
13 14 50 33 281
14 13 50 33 281
13 14 34 49 479
14 13 34 49 479
13 14 49 34 479
14 13 49 34 479
13 14 35 48 745
14 13 35 48 745
13 14 48 35 745
14 13 48 35 745
13 14 36 47 1079
14 13 36 47 1079
13 14 47 36 1079
14 13 47 36 1079
13 14 37 46 1454
14 13 37 46 1454
13 14 46 37 1454
14 13 46 37 1454
13 14 38 45 1838
14 13 38 45 1838
13 14 45 38 1838
14 13 45 38 1838
13 14 39 44 2183
14 13 39 44 2183
13 14 44 39 2183
14 13 44 39 2183
13 14 40 43 2447
14 13 40 43 2447
13 14 43 40 2447
14 13 43 40 2447
13 14 41 42 2590
14 13 41 42 2590
13 14 42 41 2590
14 13 42 41 2590
8 19 22 61 0
19 8 22 61 0
8 19 61 22 0
19 8 61 22 0
8 19 23 60 0
19 8 23 60 0
8 19 60 23 0
19 8 60 23 0
8 19 24 59 0
19 8 24 59 0
8 19 59 24 0
19 8 59 24 0
9 18 22 61 0
18 9 22 61 0
9 18 61 22 0
18 9 61 22 0
9 18 23 60 0
18 9 23 60 0
9 18 60 23 0
18 9 60 23 0
9 18 24 59 0
18 9 24 59 0
9 18 59 24 0
18 9 59 24 0
10 17 22 61 0
17 10 22 61 0
10 17 61 22 0
17 10 61 22 0
10 17 23 60 0
17 10 23 60 0
10 17 60 23 0
17 10 60 23 0
10 17 24 59 0
17 10 24 59 0
10 17 59 24 0
17 10 59 24 0
11 16 22 61 0
16 11 22 61 0
11 16 61 22 0
16 11 61 22 0
11 16 23 60 0
16 11 23 60 0
11 16 60 23 0
16 11 60 23 0
11 16 24 59 0
16 11 24 59 0
11 16 59 24 0
16 11 59 24 0
9 18 21 62 0
18 9 21 62 0
9 18 62 21 0
18 9 62 21 0
10 17 21 62 0
17 10 21 62 0
10 17 62 21 0
17 10 62 21 0
11 16 21 62 0
16 11 21 62 0
11 16 62 21 0
16 11 62 21 0
12 15 21 62 0
15 12 21 62 0
12 15 62 21 0
15 12 62 21 0
12 15 22 61 0
15 12 22 61 0
12 15 61 22 0
15 12 61 22 0
12 15 23 60 0
15 12 23 60 0
12 15 60 23 0
15 12 60 23 0
12 15 24 59 0
15 12 24 59 0
12 15 59 24 0
15 12 59 24 0
12 15 25 58 0
15 12 25 58 0
12 15 58 25 0
15 12 58 25 0
12 15 26 57 0
15 12 26 57 0
12 15 57 26 0
15 12 57 26 0
13 14 22 61 0
14 13 22 61 0
13 14 61 22 0
14 13 61 22 0
13 14 23 60 0
14 13 23 60 0
13 14 60 23 0
14 13 60 23 0
13 14 24 59 0
14 13 24 59 0
13 14 59 24 0
14 13 59 24 0
13 14 25 58 0
14 13 25 58 0
13 14 58 25 0
14 13 58 25 0
13 14 26 57 0
14 13 26 57 0
13 14 57 26 0
14 13 57 26 0
13 14 27 56 0
14 13 27 56 0
13 14 56 27 0
14 13 56 27 0
13 14 28 55 2
14 13 28 55 2
13 14 55 28 2
14 13 55 28 2
13 14 29 54 9
14 13 29 54 9
13 14 54 29 9
14 13 54 29 9
13 14 30 53 29
14 13 30 53 29
13 14 53 30 29
14 13 53 30 29
10 17 19 64 0
17 10 19 64 0
10 17 64 19 0
17 10 64 19 0
10 17 20 63 0
17 10 20 63 0
10 17 63 20 0
17 10 63 20 0
11 16 19 64 0
16 11 19 64 0
11 16 64 19 0
16 11 64 19 0
11 16 20 63 0
16 11 20 63 0
11 16 63 20 0
16 11 63 20 0
12 15 19 64 0
15 12 19 64 0
12 15 64 19 0
15 12 64 19 0
12 15 20 63 0
15 12 20 63 0
12 15 63 20 0
15 12 63 20 0
13 14 19 64 0
14 13 19 64 0
13 14 64 19 0
14 13 64 19 0
13 14 20 63 0
14 13 20 63 0
13 14 63 20 0
14 13 63 20 0
13 14 21 62 0
14 13 21 62 0
13 14 62 21 0
14 13 62 21 0
12 15 18 65 0
15 12 18 65 0
12 15 65 18 0
15 12 65 18 0
13 14 18 65 0
14 13 18 65 0
13 14 65 18 0
14 13 65 18 0
