9 24 42 59 0
24 9 42 59 0
9 24 59 42 0
24 9 59 42 0
9 24 43 58 0
24 9 43 58 0
9 24 58 43 0
24 9 58 43 0
9 24 44 57 0
24 9 44 57 0
9 24 57 44 0
24 9 57 44 0
9 24 45 56 0
24 9 45 56 0
9 24 56 45 0
24 9 56 45 0
9 24 46 55 0
24 9 46 55 0
9 24 55 46 0
24 9 55 46 0
9 24 47 54 0
24 9 47 54 0
9 24 54 47 0
24 9 54 47 0
9 24 48 53 0
24 9 48 53 0
9 24 53 48 0
24 9 53 48 0
9 24 49 52 0
24 9 49 52 0
9 24 52 49 0
24 9 52 49 0
9 24 50 51 0
24 9 50 51 0
9 24 51 50 0
24 9 51 50 0
10 23 42 59 0
23 10 42 59 0
10 23 59 42 0
23 10 59 42 0
10 23 43 58 0
23 10 43 58 0
10 23 58 43 0
23 10 58 43 0
10 23 44 57 0
23 10 44 57 0
10 23 57 44 0
23 10 57 44 0
10 23 45 56 0
23 10 45 56 0
10 23 56 45 0
23 10 56 45 0
10 23 46 55 0
23 10 46 55 0
10 23 55 46 0
23 10 55 46 0
10 23 47 54 0
23 10 47 54 0
10 23 54 47 0
23 10 54 47 0
10 23 48 53 0
23 10 48 53 0
10 23 53 48 0
23 10 53 48 0
10 23 49 52 0
23 10 49 52 0
10 23 52 49 0
23 10 52 49 0
10 23 50 51 0
23 10 50 51 0
10 23 51 50 0
23 10 51 50 0
11 22 42 59 0
22 11 42 59 0
11 22 59 42 0
22 11 59 42 0
11 22 43 58 0
22 11 43 58 0
11 22 58 43 0
22 11 58 43 0
11 22 44 57 0
22 11 44 57 0
11 22 57 44 0
22 11 57 44 0
11 22 45 56 0
22 11 45 56 0
11 22 56 45 0
22 11 56 45 0
11 22 46 55 0
22 11 46 55 0
11 22 55 46 0
22 11 55 46 0
11 22 47 54 0
22 11 47 54 0
11 22 54 47 0
22 11 54 47 0
11 22 48 53 0
22 11 48 53 0
11 22 53 48 0
22 11 53 48 0
11 22 49 52 0
22 11 49 52 0
11 22 52 49 0
22 11 52 49 0
11 22 50 51 0
22 11 50 51 0
11 22 51 50 0
22 11 51 50 0
12 21 42 59 0
21 12 42 59 0
12 21 59 42 0
21 12 59 42 0
12 21 43 58 0
21 12 43 58 0
12 21 58 43 0
21 12 58 43 0
12 21 44 57 0
21 12 44 57 0
12 21 57 44 0
21 12 57 44 0
12 21 45 56 0
21 12 45 56 0
12 21 56 45 0
21 12 56 45 0
12 21 46 55 0
21 12 46 55 0
12 21 55 46 0
21 12 55 46 0
12 21 47 54 0
21 12 47 54 0
12 21 54 47 0
21 12 54 47 0
12 21 48 53 0
21 12 48 53 0
12 21 53 48 0
21 12 53 48 0
12 21 49 52 0
21 12 49 52 0
12 21 52 49 0
21 12 52 49 0
12 21 50 51 0
21 12 50 51 0
12 21 51 50 0
21 12 51 50 0
10 23 37 64 0
23 10 37 64 0
10 23 64 37 0
23 10 64 37 0
10 23 38 63 0
23 10 38 63 0
10 23 63 38 0
23 10 63 38 0
10 23 39 62 0
23 10 39 62 0
10 23 62 39 0
23 10 62 39 0
10 23 40 61 0
23 10 40 61 0
10 23 61 40 0
23 10 61 40 0
10 23 41 60 0
23 10 41 60 0
10 23 60 41 0
23 10 60 41 0
11 22 37 64 0
22 11 37 64 0
11 22 64 37 0
22 11 64 37 0
11 22 38 63 0
22 11 38 63 0
11 22 63 38 0
22 11 63 38 0
11 22 39 62 0
22 11 39 62 0
11 22 62 39 0
22 11 62 39 0
11 22 40 61 0
22 11 40 61 0
11 22 61 40 0
22 11 61 40 0
11 22 41 60 0
22 11 41 60 0
11 22 60 41 0
22 11 60 41 0
12 21 37 64 0
21 12 37 64 0
12 21 64 37 0
21 12 64 37 0
12 21 38 63 0
21 12 38 63 0
12 21 63 38 0
21 12 63 38 0
12 21 39 62 0
21 12 39 62 0
12 21 62 39 0
21 12 62 39 0
12 21 40 61 0
21 12 40 61 0
12 21 61 40 0
21 12 61 40 0
12 21 41 60 0
21 12 41 60 0
12 21 60 41 0
21 12 60 41 0
13 20 37 64 0
20 13 37 64 0
13 20 64 37 0
20 13 64 37 0
13 20 38 63 0
20 13 38 63 0
13 20 63 38 0
20 13 63 38 0
13 20 39 62 0
20 13 39 62 0
13 20 62 39 0
20 13 62 39 0
13 20 40 61 0
20 13 40 61 0
13 20 61 40 0
20 13 61 40 0
13 20 41 60 0
20 13 41 60 0
13 20 60 41 0
20 13 60 41 0
13 20 42 59 0
20 13 42 59 0
13 20 59 42 0
20 13 59 42 0
13 20 43 58 0
20 13 43 58 0
13 20 58 43 0
20 13 58 43 0
13 20 44 57 0
20 13 44 57 0
13 20 57 44 0
20 13 57 44 0
13 20 45 56 1
20 13 45 56 1
13 20 56 45 1
20 13 56 45 1
13 20 46 55 2
20 13 46 55 2
13 20 55 46 2
20 13 55 46 2
13 20 47 54 4
20 13 47 54 4
13 20 54 47 4
20 13 54 47 4
13 20 48 53 6
20 13 48 53 6
13 20 53 48 6
20 13 53 48 6
13 20 49 52 8
20 13 49 52 8
13 20 52 49 8
20 13 52 49 8
13 20 50 51 9
20 13 50 51 9
13 20 51 50 9
20 13 51 50 9
11 22 34 67 0
22 11 34 67 0
11 22 67 34 0
22 11 67 34 0
11 22 35 66 0
22 11 35 66 0
11 22 66 35 0
22 11 66 35 0
11 22 36 65 0
22 11 36 65 0
11 22 65 36 0
22 11 65 36 0
12 21 34 67 0
21 12 34 67 0
12 21 67 34 0
21 12 67 34 0
12 21 35 66 0
21 12 35 66 0
12 21 66 35 0
21 12 66 35 0
12 21 36 65 0
21 12 36 65 0
12 21 65 36 0
21 12 65 36 0
13 20 34 67 0
20 13 34 67 0
13 20 67 34 0
20 13 67 34 0
13 20 35 66 0
20 13 35 66 0
13 20 66 35 0
20 13 66 35 0
13 20 36 65 0
20 13 36 65 0
13 20 65 36 0
20 13 65 36 0
14 19 34 67 0
19 14 34 67 0
14 19 67 34 0
19 14 67 34 0
14 19 35 66 0
19 14 35 66 0
14 19 66 35 0
19 14 66 35 0
14 19 36 65 0
19 14 36 65 0
14 19 65 36 0
19 14 65 36 0
14 19 37 64 0
19 14 37 64 0
14 19 64 37 0
19 14 64 37 0
14 19 38 63 0
19 14 38 63 0
14 19 63 38 0
19 14 63 38 0
14 19 39 62 0
19 14 39 62 0
14 19 62 39 0
19 14 62 39 0
14 19 40 61 0
19 14 40 61 0
14 19 61 40 0
19 14 61 40 0
14 19 41 60 0
19 14 41 60 0
14 19 60 41 0
19 14 60 41 0
14 19 42 59 1
19 14 42 59 1
14 19 59 42 1
19 14 59 42 1
14 19 43 58 3
19 14 43 58 3
14 19 58 43 3
19 14 58 43 3
14 19 44 57 7
19 14 44 57 7
14 19 57 44 7
19 14 57 44 7
14 19 45 56 14
19 14 45 56 14
14 19 56 45 14
19 14 56 45 14
14 19 46 55 23
19 14 46 55 23
14 19 55 46 23
19 14 55 46 23
14 19 47 54 34
19 14 47 54 34
14 19 54 47 34
19 14 54 47 34
14 19 48 53 45
19 14 48 53 45
14 19 53 48 45
19 14 53 48 45
14 19 49 52 54
19 14 49 52 54
14 19 52 49 54
19 14 52 49 54
14 19 50 51 59
19 14 50 51 59
14 19 51 50 59
19 14 51 50 59
12 21 33 68 0
21 12 33 68 0
12 21 68 33 0
21 12 68 33 0
13 20 33 68 0
20 13 33 68 0
13 20 68 33 0
20 13 68 33 0
14 19 33 68 0
19 14 33 68 0
14 19 68 33 0
19 14 68 33 0
15 18 33 68 0
18 15 33 68 0
15 18 68 33 0
18 15 68 33 0
15 18 34 67 0
18 15 34 67 0
15 18 67 34 0
18 15 67 34 0
15 18 35 66 0
18 15 35 66 0
15 18 66 35 0
18 15 66 35 0
15 18 36 65 0
18 15 36 65 0
15 18 65 36 0
18 15 65 36 0
15 18 37 64 0
18 15 37 64 0
15 18 64 37 0
18 15 64 37 0
15 18 38 63 0
18 15 38 63 0
15 18 63 38 0
18 15 63 38 0
15 18 39 62 0
18 15 39 62 0
15 18 62 39 0
18 15 62 39 0
15 18 40 61 0
18 15 40 61 0
15 18 61 40 0
18 15 61 40 0
15 18 41 60 1
18 15 41 60 1
15 18 60 41 1
18 15 60 41 1
15 18 42 59 4
18 15 42 59 4
15 18 59 42 4
18 15 59 42 4
15 18 43 58 11
18 15 43 58 11
15 18 58 43 11
18 15 58 43 11
15 18 44 57 23
18 15 44 57 23
15 18 57 44 23
18 15 57 44 23
15 18 45 56 42
18 15 45 56 42
15 18 56 45 42
18 15 56 45 42
15 18 46 55 66
18 15 46 55 66
15 18 55 46 66
18 15 55 46 66
15 18 47 54 94
18 15 47 54 94
15 18 54 47 94
18 15 54 47 94
15 18 48 53 121
18 15 48 53 121
15 18 53 48 121
18 15 53 48 121
15 18 49 52 143
18 15 49 52 143
15 18 52 49 143
18 15 52 49 143
15 18 50 51 155
18 15 50 51 155
15 18 51 50 155
18 15 51 50 155
16 17 34 67 0
17 16 34 67 0
16 17 67 34 0
17 16 67 34 0
16 17 35 66 0
17 16 35 66 0
16 17 66 35 0
17 16 66 35 0
16 17 36 65 0
17 16 36 65 0
16 17 65 36 0
17 16 65 36 0
16 17 37 64 0
17 16 37 64 0
16 17 64 37 0
17 16 64 37 0
16 17 38 63 0
17 16 38 63 0
16 17 63 38 0
17 16 63 38 0
16 17 39 62 0
17 16 39 62 0
16 17 62 39 0
17 16 62 39 0
16 17 40 61 0
17 16 40 61 0
16 17 61 40 0
17 16 61 40 0
16 17 41 60 2
17 16 41 60 2
16 17 60 41 2
17 16 60 41 2
16 17 42 59 8
17 16 42 59 8
16 17 59 42 8
17 16 59 42 8
16 17 43 58 20
17 16 43 58 20
16 17 58 43 20
17 16 58 43 20
16 17 44 57 40
17 16 44 57 40
16 17 57 44 40
17 16 57 44 40
16 17 45 56 70
17 16 45 56 70
16 17 56 45 70
17 16 56 45 70
16 17 46 55 108
17 16 46 55 108
16 17 55 46 108
17 16 55 46 108
16 17 47 54 151
17 16 47 54 151
16 17 54 47 151
17 16 54 47 151
16 17 48 53 192
17 16 48 53 192
16 17 53 48 192
17 16 53 48 192
16 17 49 52 225
17 16 49 52 225
16 17 52 49 225
17 16 52 49 225
16 17 50 51 243
17 16 50 51 243
16 17 51 50 243
17 16 51 50 243
13 20 31 70 0
20 13 31 70 0
13 20 70 31 0
20 13 70 31 0
13 20 32 69 0
20 13 32 69 0
13 20 69 32 0
20 13 69 32 0
14 19 31 70 0
19 14 31 70 0
14 19 70 31 0
19 14 70 31 0
14 19 32 69 0
19 14 32 69 0
14 19 69 32 0
19 14 69 32 0
15 18 31 70 0
18 15 31 70 0
15 18 70 31 0
18 15 70 31 0
15 18 32 69 0
18 15 32 69 0
15 18 69 32 0
18 15 69 32 0
16 17 31 70 0
17 16 31 70 0
16 17 70 31 0
17 16 70 31 0
16 17 32 69 0
17 16 32 69 0
16 17 69 32 0
17 16 69 32 0
16 17 33 68 0
17 16 33 68 0
16 17 68 33 0
17 16 68 33 0
15 18 30 71 0
18 15 30 71 0
15 18 71 30 0
18 15 71 30 0
16 17 30 71 0
17 16 30 71 0
16 17 71 30 0
17 16 71 30 0
