(6, 12, 12, 15) 1 1
(6, 12, 13, 14) 2 2
(6, 12, 14, 13) 3 3
(6, 12, 15, 12) 4 4
(6, 12, 16, 11) 4 4
(6, 12, 17, 10) 4 4
(6, 12, 18, 9) 4 4
(6, 12, 19, 8) 4 4
(6, 12, 20, 7) 4 4
(6, 12, 21, 6) 4 4
(6, 12, 22, 5) 4 4
(6, 12, 23, 4) 4 4
(6, 12, 24, 3) 4 4
(6, 12, 25, 2) 4 4
(6, 12, 26, 1) 4 4
(6, 12, 27, 0) 4 4
(7, 11, 10, 17) 1 1
(7, 11, 11, 16) 3 3
(7, 11, 12, 15) 7 7
(7, 11, 13, 14) 12 12
(7, 11, 14, 13) 17 17
(7, 11, 15, 12) 21 21
(7, 11, 16, 11) 23 23
(7, 11, 17, 10) 24 24
(7, 11, 18, 9) 24 24
(7, 11, 19, 8) 24 24
(7, 11, 20, 7) 24 24
(7, 11, 21, 6) 24 24
(7, 11, 22, 5) 24 24
(7, 11, 23, 4) 24 24
(7, 11, 24, 3) 24 24
(7, 11, 25, 2) 24 24
(7, 11, 26, 1) 24 24
(7, 11, 27, 0) 24 24
(8, 10, 10, 17) 2 2
(8, 10, 11, 16) 6 6
(8, 10, 12, 15) 14 14
(8, 10, 13, 14) 24 24
(8, 10, 14, 13) 34 34
(8, 10, 15, 12) 42 42
(8, 10, 16, 11) 46 46
(8, 10, 17, 10) 48 48
(8, 10, 18, 9) 48 48
(8, 10, 19, 8) 48 48
(8, 10, 20, 7) 48 48
(8, 10, 21, 6) 48 48
(8, 10, 22, 5) 48 48
(8, 10, 23, 4) 48 48
(8, 10, 24, 3) 48 48
(8, 10, 25, 2) 48 48
(8, 10, 26, 1) 48 48
(8, 10, 27, 0) 48 48
(9, 9, 12, 15) 21 21
(9, 9, 13, 14) 34 34
(9, 9, 14, 13) 47 47
(9, 9, 15, 12) 58 58
(9, 9, 16, 11) 64 64
(9, 9, 17, 10) 67 67
(9, 9, 18, 9) 67 68
(9, 9, 19, 8) 67 68
(9, 9, 20, 7) 67 68
(9, 9, 21, 6) 67 68
(9, 9, 22, 5) 67 68
(9, 9, 23, 4) 67 68
(9, 9, 24, 3) 67 68
(9, 9, 25, 2) 67 68
(9, 9, 26, 1) 67 68
(9, 9, 27, 0) 67 68
(9, 9, 9, 18) 1 1
(9, 9, 10, 17) 4 4
(9, 9, 11, 16) 10 10
(10, 8, 10, 17) 2 2
(10, 8, 11, 16) 6 6
(10, 8, 12, 15) 14 14
(10, 8, 13, 14) 24 24
(10, 8, 14, 13) 34 34
(10, 8, 15, 12) 42 42
(10, 8, 16, 11) 46 46
(10, 8, 17, 10) 48 48
(10, 8, 18, 9) 48 48
(10, 8, 19, 8) 48 48
(10, 8, 20, 7) 48 48
(10, 8, 21, 6) 48 48
(10, 8, 22, 5) 48 48
(10, 8, 23, 4) 48 48
(10, 8, 24, 3) 48 48
(10, 8, 25, 2) 48 48
(10, 8, 26, 1) 48 48
(10, 8, 27, 0) 48 48
(11, 7, 10, 17) 1 1
(11, 7, 11, 16) 3 3
(11, 7, 12, 15) 7 7
(11, 7, 13, 14) 12 12
(11, 7, 14, 13) 17 17
(11, 7, 15, 12) 21 21
(11, 7, 16, 11) 23 23
(11, 7, 17, 10) 24 24
(11, 7, 18, 9) 24 24
(11, 7, 19, 8) 24 24
(11, 7, 20, 7) 24 24
(11, 7, 21, 6) 24 24
(11, 7, 22, 5) 24 24
(11, 7, 23, 4) 24 24
(11, 7, 24, 3) 24 24
(11, 7, 25, 2) 24 24
(11, 7, 26, 1) 24 24
(11, 7, 27, 0) 24 24
(12, 6, 12, 15) 1 1
(12, 6, 13, 14) 2 2
(12, 6, 14, 13) 3 3
(12, 6, 15, 12) 4 4
(12, 6, 16, 11) 4 4
(12, 6, 17, 10) 4 4
(12, 6, 18, 9) 4 4
(12, 6, 19, 8) 4 4
(12, 6, 20, 7) 4 4
(12, 6, 21, 6) 4 4
(12, 6, 22, 5) 4 4
(12, 6, 23, 4) 4 4
(12, 6, 24, 3) 4 4
(12, 6, 25, 2) 4 4
(12, 6, 26, 1) 4 4
(12, 6, 27, 0) 4 4
