(6, 14, 12, 18) 1 1
(6, 14, 13, 17) 2 2
(6, 14, 14, 16) 3 3
(6, 14, 15, 15) 4 4
(6, 14, 16, 14) 4 4
(6, 14, 17, 13) 4 4
(6, 14, 18, 12) 4 4
(6, 14, 19, 11) 4 4
(6, 14, 20, 10) 4 4
(6, 14, 21, 9) 4 4
(6, 14, 22, 8) 4 4
(6, 14, 23, 7) 4 4
(6, 14, 24, 6) 4 4
(6, 14, 25, 5) 4 4
(6, 14, 26, 4) 4 4
(6, 14, 27, 3) 4 4
(6, 14, 28, 2) 4 4
(6, 14, 29, 1) 4 4
(6, 14, 30, 0) 4 4
(7, 13, 12, 18) 8 8
(7, 13, 13, 17) 14 14
(7, 13, 14, 16) 20 20
(7, 13, 15, 15) 25 25
(7, 13, 16, 14) 27 27
(7, 13, 17, 13) 28 28
(7, 13, 18, 12) 28 28
(7, 13, 19, 11) 28 28
(7, 13, 20, 10) 28 28
(7, 13, 21, 9) 28 28
(7, 13, 22, 8) 28 28
(7, 13, 23, 7) 28 28
(7, 13, 24, 6) 28 28
(7, 13, 25, 5) 28 28
(7, 13, 26, 4) 28 28
(7, 13, 27, 3) 28 28
(7, 13, 28, 2) 28 28
(7, 13, 29, 1) 28 28
(7, 13, 30, 0) 28 28
(8, 12, 12, 18) 22 22
(8, 12, 13, 17) 37 38
(8, 12, 14, 16) 52 54
(8, 12, 15, 15) 63 67
(8, 12, 16, 14) 68 73
(8, 12, 17, 13) 70 76
(8, 12, 18, 12) 70 76
(8, 12, 19, 11) 70 76
(8, 12, 20, 10) 70 76
(8, 12, 21, 9) 70 76
(8, 12, 22, 8) 70 76
(8, 12, 23, 7) 70 76
(8, 12, 24, 6) 70 76
(8, 12, 25, 5) 70 76
(8, 12, 26, 4) 70 76
(8, 12, 27, 3) 70 76
(8, 12, 28, 2) 70 76
(8, 12, 29, 1) 70 76
(8, 12, 30, 0) 70 76
(7, 13, 10, 20) 1 1
(7, 13, 11, 19) 3 3
(8, 12, 10, 20) 3 3
(8, 12, 11, 19) 9 9
(9, 11, 10, 20) 7 7
(9, 11, 11, 19) 19 19
(9, 11, 12, 18) 41 42
(9, 11, 13, 17) 67 70
(9, 11, 14, 16) 92 98
(9, 11, 15, 15) 110 121
(9, 11, 16, 14) 118 133
(9, 11, 17, 13) 121 139
(9, 11, 18, 12) 121 140
(9, 11, 19, 11) 121 140
(9, 11, 20, 10) 121 140
(9, 11, 21, 9) 121 140
(9, 11, 22, 8) 121 140
(9, 11, 23, 7) 121 140
(9, 11, 24, 6) 121 140
(9, 11, 25, 5) 121 140
(9, 11, 26, 4) 121 140
(9, 11, 27, 3) 121 140
(9, 11, 28, 2) 121 140
(9, 11, 29, 1) 121 140
(9, 11, 30, 0) 121 140
(10, 10, 10, 20) 8 8
(10, 10, 11, 19) 22 22
(10, 10, 12, 18) 48 49
(10, 10, 13, 17) 78 82
(10, 10, 14, 16) 107 115
(10, 10, 15, 15) 127 142
(10, 10, 16, 14) 136 156
(10, 10, 17, 13) 139 163
(10, 10, 18, 12) 139 164
(10, 10, 19, 11) 139 164
(10, 10, 20, 10) 139 164
(10, 10, 21, 9) 139 164
(10, 10, 22, 8) 139 164
(10, 10, 23, 7) 139 164
(10, 10, 24, 6) 139 164
(10, 10, 25, 5) 139 164
(10, 10, 26, 4) 139 164
(10, 10, 27, 3) 139 164
(10, 10, 28, 2) 139 164
(10, 10, 29, 1) 139 164
(10, 10, 30, 0) 139 164
(11, 9, 12, 18) 41 42
(11, 9, 13, 17) 67 70
(11, 9, 14, 16) 92 98
(11, 9, 15, 15) 110 121
(11, 9, 16, 14) 118 133
(11, 9, 17, 13) 121 139
(11, 9, 18, 12) 121 140
(11, 9, 19, 11) 121 140
(11, 9, 20, 10) 121 140
(11, 9, 21, 9) 121 140
(11, 9, 22, 8) 121 140
(11, 9, 23, 7) 121 140
(11, 9, 24, 6) 121 140
(11, 9, 25, 5) 121 140
(11, 9, 26, 4) 121 140
(11, 9, 27, 3) 121 140
(11, 9, 28, 2) 121 140
(11, 9, 29, 1) 121 140
(11, 9, 30, 0) 121 140
(9, 11, 9, 21) 1 1
(10, 10, 9, 21) 1 1
(11, 9, 9, 21) 1 1
(11, 9, 10, 20) 7 7
(11, 9, 11, 19) 19 19
(12, 8, 10, 20) 3 3
(12, 8, 11, 19) 9 9
(12, 8, 12, 18) 22 22
(12, 8, 13, 17) 37 38
(12, 8, 14, 16) 52 54
(12, 8, 15, 15) 63 67
(12, 8, 16, 14) 68 73
(12, 8, 17, 13) 70 76
(12, 8, 18, 12) 70 76
(12, 8, 19, 11) 70 76
(12, 8, 20, 10) 70 76
(12, 8, 21, 9) 70 76
(12, 8, 22, 8) 70 76
(12, 8, 23, 7) 70 76
(12, 8, 24, 6) 70 76
(12, 8, 25, 5) 70 76
(12, 8, 26, 4) 70 76
(12, 8, 27, 3) 70 76
(12, 8, 28, 2) 70 76
(12, 8, 29, 1) 70 76
(12, 8, 30, 0) 70 76
(13, 7, 10, 20) 1 1
(13, 7, 11, 19) 3 3
(13, 7, 12, 18) 8 8
(13, 7, 13, 17) 14 14
(13, 7, 14, 16) 20 20
(13, 7, 15, 15) 25 25
(13, 7, 16, 14) 27 27
(13, 7, 17, 13) 28 28
(13, 7, 18, 12) 28 28
(13, 7, 19, 11) 28 28
(13, 7, 20, 10) 28 28
(13, 7, 21, 9) 28 28
(13, 7, 22, 8) 28 28
(13, 7, 23, 7) 28 28
(13, 7, 24, 6) 28 28
(13, 7, 25, 5) 28 28
(13, 7, 26, 4) 28 28
(13, 7, 27, 3) 28 28
(13, 7, 28, 2) 28 28
(13, 7, 29, 1) 28 28
(13, 7, 30, 0) 28 28
(14, 6, 12, 18) 1 1
(14, 6, 13, 17) 2 2
(14, 6, 14, 16) 3 3
(14, 6, 15, 15) 4 4
(14, 6, 16, 14) 4 4
(14, 6, 17, 13) 4 4
(14, 6, 18, 12) 4 4
(14, 6, 19, 11) 4 4
(14, 6, 20, 10) 4 4
(14, 6, 21, 9) 4 4
(14, 6, 22, 8) 4 4
(14, 6, 23, 7) 4 4
(14, 6, 24, 6) 4 4
(14, 6, 25, 5) 4 4
(14, 6, 26, 4) 4 4
(14, 6, 27, 3) 4 4
(14, 6, 28, 2) 4 4
(14, 6, 29, 1) 4 4
(14, 6, 30, 0) 4 4
