(0, 6, 1, 8) 1 1
(0, 6, 2, 7) 2 2
(0, 6, 3, 6) 3 4
(0, 6, 4, 5) 3 5
(0, 6, 5, 4) 3 6
(0, 6, 6, 3) 3 6
(0, 6, 7, 2) 3 6
(0, 6, 8, 1) 3 6
(0, 6, 9, 0) 3 6
(1, 5, 1, 8) 3 4
(1, 5, 2, 7) 5 8
(1, 5, 3, 6) 7 14
(1, 5, 4, 5) 7 18
(1, 5, 5, 4) 7 21
(1, 5, 6, 3) 7 22
(1, 5, 7, 2) 7 22
(1, 5, 8, 1) 7 22
(1, 5, 9, 0) 7 22
(2, 4, 1, 8) 5 8
(2, 4, 2, 7) 8 16
(2, 4, 3, 6) 11 28
(2, 4, 4, 5) 11 36
(2, 4, 5, 4) 11 42
(2, 4, 6, 3) 11 44
(2, 4, 7, 2) 11 44
(2, 4, 8, 1) 11 44
(2, 4, 9, 0) 11 44
(1, 5, 0, 9) 1 1
(2, 4, 0, 9) 2 2
(3, 3, 0, 9) 2 3
(3, 3, 1, 8) 5 10
(3, 3, 2, 7) 8 20
(3, 3, 3, 6) 11 34
(3, 3, 4, 5) 11 44
(3, 3, 5, 4) 11 51
(3, 3, 6, 3) 11 54
(3, 3, 7, 2) 11 54
(3, 3, 8, 1) 11 54
(3, 3, 9, 0) 11 54
(4, 2, 0, 9) 2 2
(4, 2, 1, 8) 5 8
(4, 2, 2, 7) 8 16
(4, 2, 3, 6) 11 28
(4, 2, 4, 5) 11 36
(4, 2, 5, 4) 11 42
(4, 2, 6, 3) 11 44
(4, 2, 7, 2) 11 44
(4, 2, 8, 1) 11 44
(4, 2, 9, 0) 11 44
(5, 1, 0, 9) 1 1
(5, 1, 1, 8) 3 4
(5, 1, 2, 7) 5 8
(5, 1, 3, 6) 7 14
(5, 1, 4, 5) 7 18
(5, 1, 5, 4) 7 21
(5, 1, 6, 3) 7 22
(5, 1, 7, 2) 7 22
(5, 1, 8, 1) 7 22
(5, 1, 9, 0) 7 22
(6, 0, 1, 8) 1 1
(6, 0, 2, 7) 2 2
(6, 0, 3, 6) 3 4
(6, 0, 4, 5) 3 5
(6, 0, 5, 4) 3 6
(6, 0, 6, 3) 3 6
(6, 0, 7, 2) 3 6
(6, 0, 8, 1) 3 6
(6, 0, 9, 0) 3 6
