(1, 11, 6, 12) 1 1
(1, 11, 7, 11) 2 2
(1, 11, 8, 10) 3 3
(1, 11, 9, 9) 4 4
(1, 11, 10, 8) 4 4
(1, 11, 11, 7) 4 4
(1, 11, 12, 6) 4 4
(1, 11, 13, 5) 4 4
(1, 11, 14, 4) 4 4
(1, 11, 15, 3) 4 4
(1, 11, 16, 2) 4 4
(1, 11, 17, 1) 4 4
(1, 11, 18, 0) 4 4
(2, 10, 6, 12) 9 9
(2, 10, 7, 11) 15 16
(2, 10, 8, 10) 21 23
(2, 10, 9, 9) 25 29
(2, 10, 10, 8) 26 31
(2, 10, 11, 7) 26 32
(2, 10, 12, 6) 26 32
(2, 10, 13, 5) 26 32
(2, 10, 14, 4) 26 32
(2, 10, 15, 3) 26 32
(2, 10, 16, 2) 26 32
(2, 10, 17, 1) 26 32
(2, 10, 18, 0) 26 32
(3, 9, 6, 12) 34 36
(3, 9, 7, 11) 53 60
(3, 9, 8, 10) 70 84
(3, 9, 9, 9) 81 104
(3, 9, 10, 8) 85 114
(3, 9, 11, 7) 86 119
(3, 9, 12, 6) 86 120
(3, 9, 13, 5) 86 120
(3, 9, 14, 4) 86 120
(3, 9, 15, 3) 86 120
(3, 9, 16, 2) 86 120
(3, 9, 17, 1) 86 120
(3, 9, 18, 0) 86 120
(4, 8, 6, 12) 78 90
(4, 8, 7, 11) 115 144
(4, 8, 8, 10) 147 198
(4, 8, 9, 9) 167 243
(4, 8, 10, 8) 175 269
(4, 8, 11, 7) 177 283
(4, 8, 12, 6) 177 287
(4, 8, 13, 5) 177 288
(4, 8, 14, 4) 177 288
(4, 8, 15, 3) 177 288
(4, 8, 16, 2) 177 288
(4, 8, 17, 1) 177 288
(4, 8, 18, 0) 177 288
(2, 10, 4, 14) 1 1
(2, 10, 5, 13) 3 3
(3, 9, 4, 14) 6 6
(3, 9, 5, 13) 16 16
(4, 8, 4, 14) 18 19
(4, 8, 5, 13) 41 45
(3, 9, 3, 15) 1 1
(4, 8, 3, 15) 5 5
(5, 7, 3, 15) 10 10
(5, 7, 4, 14) 32 34
(5, 7, 5, 13) 69 78
(5, 7, 6, 12) 123 149
(5, 7, 7, 11) 177 234
(5, 7, 8, 10) 222 319
(5, 7, 9, 9) 250 390
(5, 7, 10, 8) 261 434
(5, 7, 11, 7) 264 458
(5, 7, 12, 6) 264 466
(5, 7, 13, 5) 264 468
(5, 7, 14, 4) 264 468
(5, 7, 15, 3) 264 468
(5, 7, 16, 2) 264 468
(5, 7, 17, 1) 264 468
(5, 7, 18, 0) 264 468
(6, 6, 4, 14) 38 42
(6, 6, 5, 13) 80 94
(6, 6, 6, 12) 141 177
(6, 6, 7, 11) 201 276
(6, 6, 8, 10) 251 375
(6, 6, 9, 9) 281 458
(6, 6, 10, 8) 293 510
(6, 6, 11, 7) 296 539
(6, 6, 12, 6) 296 549
(6, 6, 13, 5) 296 552
(6, 6, 14, 4) 296 552
(6, 6, 15, 3) 296 552
(6, 6, 16, 2) 296 552
(6, 6, 17, 1) 296 552
(6, 6, 18, 0) 296 552
(4, 8, 2, 16) 1 1
(5, 7, 2, 16) 2 2
(6, 6, 2, 16) 3 3
(6, 6, 3, 15) 12 13
(7, 5, 2, 16) 2 2
(7, 5, 3, 15) 10 10
(7, 5, 4, 14) 32 34
(7, 5, 5, 13) 69 78
(7, 5, 6, 12) 123 149
(7, 5, 7, 11) 177 234
(7, 5, 8, 10) 222 319
(7, 5, 9, 9) 250 390
(7, 5, 10, 8) 261 434
(7, 5, 11, 7) 264 458
(7, 5, 12, 6) 264 466
(7, 5, 13, 5) 264 468
(7, 5, 14, 4) 264 468
(7, 5, 15, 3) 264 468
(7, 5, 16, 2) 264 468
(7, 5, 17, 1) 264 468
(7, 5, 18, 0) 264 468
(8, 4, 4, 14) 18 19
(8, 4, 5, 13) 41 45
(8, 4, 6, 12) 78 90
(8, 4, 7, 11) 115 144
(8, 4, 8, 10) 147 198
(8, 4, 9, 9) 167 243
(8, 4, 10, 8) 175 269
(8, 4, 11, 7) 177 283
(8, 4, 12, 6) 177 287
(8, 4, 13, 5) 177 288
(8, 4, 14, 4) 177 288
(8, 4, 15, 3) 177 288
(8, 4, 16, 2) 177 288
(8, 4, 17, 1) 177 288
(8, 4, 18, 0) 177 288
(8, 4, 2, 16) 1 1
(8, 4, 3, 15) 5 5
(9, 3, 3, 15) 1 1
(9, 3, 4, 14) 6 6
(9, 3, 5, 13) 16 16
(9, 3, 6, 12) 34 36
(9, 3, 7, 11) 53 60
(9, 3, 8, 10) 70 84
(9, 3, 9, 9) 81 104
(9, 3, 10, 8) 85 114
(9, 3, 11, 7) 86 119
(9, 3, 12, 6) 86 120
(9, 3, 13, 5) 86 120
(9, 3, 14, 4) 86 120
(9, 3, 15, 3) 86 120
(9, 3, 16, 2) 86 120
(9, 3, 17, 1) 86 120
(9, 3, 18, 0) 86 120
(10, 2, 6, 12) 9 9
(10, 2, 7, 11) 15 16
(10, 2, 8, 10) 21 23
(10, 2, 9, 9) 25 29
(10, 2, 10, 8) 26 31
(10, 2, 11, 7) 26 32
(10, 2, 12, 6) 26 32
(10, 2, 13, 5) 26 32
(10, 2, 14, 4) 26 32
(10, 2, 15, 3) 26 32
(10, 2, 16, 2) 26 32
(10, 2, 17, 1) 26 32
(10, 2, 18, 0) 26 32
(10, 2, 4, 14) 1 1
(10, 2, 5, 13) 3 3
(11, 1, 6, 12) 1 1
(11, 1, 7, 11) 2 2
(11, 1, 8, 10) 3 3
(11, 1, 9, 9) 4 4
(11, 1, 10, 8) 4 4
(11, 1, 11, 7) 4 4
(11, 1, 12, 6) 4 4
(11, 1, 13, 5) 4 4
(11, 1, 14, 4) 4 4
(11, 1, 15, 3) 4 4
(11, 1, 16, 2) 4 4
(11, 1, 17, 1) 4 4
(11, 1, 18, 0) 4 4
