(8, 12, 13, 17) 1 1
(8, 12, 14, 16) 2 2
(8, 12, 15, 15) 4 4
(8, 12, 16, 14) 5 5
(8, 12, 17, 13) 6 6
(8, 12, 18, 12) 6 6
(8, 12, 19, 11) 6 6
(8, 12, 20, 10) 6 6
(8, 12, 21, 9) 6 6
(8, 12, 22, 8) 6 6
(8, 12, 23, 7) 6 6
(8, 12, 24, 6) 6 6
(8, 12, 25, 5) 6 6
(8, 12, 26, 4) 6 6
(8, 12, 27, 3) 6 6
(8, 12, 28, 2) 6 6
(8, 12, 29, 1) 6 6
(8, 12, 30, 0) 6 6
(9, 11, 12, 18) 1 1
(9, 11, 13, 17) 3 3
(9, 11, 14, 16) 6 6
(9, 11, 15, 15) 10 10
(9, 11, 16, 14) 13 13
(9, 11, 17, 13) 15 15
(9, 11, 18, 12) 16 16
(9, 11, 19, 11) 16 16
(9, 11, 20, 10) 16 16
(9, 11, 21, 9) 16 16
(9, 11, 22, 8) 16 16
(9, 11, 23, 7) 16 16
(9, 11, 24, 6) 16 16
(9, 11, 25, 5) 16 16
(9, 11, 26, 4) 16 16
(9, 11, 27, 3) 16 16
(9, 11, 28, 2) 16 16
(9, 11, 29, 1) 16 16
(9, 11, 30, 0) 16 16
(10, 10, 13, 17) 4 4
(10, 10, 14, 16) 8 8
(10, 10, 15, 15) 14 14
(10, 10, 16, 14) 18 18
(10, 10, 17, 13) 21 21
(10, 10, 18, 12) 22 22
(10, 10, 19, 11) 22 22
(10, 10, 20, 10) 22 22
(10, 10, 21, 9) 22 22
(10, 10, 22, 8) 22 22
(10, 10, 23, 7) 22 22
(10, 10, 24, 6) 22 22
(10, 10, 25, 5) 22 22
(10, 10, 26, 4) 22 22
(10, 10, 27, 3) 22 22
(10, 10, 28, 2) 22 22
(10, 10, 29, 1) 22 22
(10, 10, 30, 0) 22 22
(10, 10, 12, 18) 1 1
(11, 9, 12, 18) 1 1
(11, 9, 13, 17) 3 3
(11, 9, 14, 16) 6 6
(11, 9, 15, 15) 10 10
(11, 9, 16, 14) 13 13
(11, 9, 17, 13) 15 15
(11, 9, 18, 12) 16 16
(11, 9, 19, 11) 16 16
(11, 9, 20, 10) 16 16
(11, 9, 21, 9) 16 16
(11, 9, 22, 8) 16 16
(11, 9, 23, 7) 16 16
(11, 9, 24, 6) 16 16
(11, 9, 25, 5) 16 16
(11, 9, 26, 4) 16 16
(11, 9, 27, 3) 16 16
(11, 9, 28, 2) 16 16
(11, 9, 29, 1) 16 16
(11, 9, 30, 0) 16 16
(12, 8, 13, 17) 1 1
(12, 8, 14, 16) 2 2
(12, 8, 15, 15) 4 4
(12, 8, 16, 14) 5 5
(12, 8, 17, 13) 6 6
(12, 8, 18, 12) 6 6
(12, 8, 19, 11) 6 6
(12, 8, 20, 10) 6 6
(12, 8, 21, 9) 6 6
(12, 8, 22, 8) 6 6
(12, 8, 23, 7) 6 6
(12, 8, 24, 6) 6 6
(12, 8, 25, 5) 6 6
(12, 8, 26, 4) 6 6
(12, 8, 27, 3) 6 6
(12, 8, 28, 2) 6 6
(12, 8, 29, 1) 6 6
(12, 8, 30, 0) 6 6
