(10, 12, 15, 18) 1 1
(10, 12, 16, 17) 2 2
(10, 12, 17, 16) 3 3
(10, 12, 18, 15) 4 4
(10, 12, 19, 14) 4 4
(10, 12, 20, 13) 4 4
(10, 12, 21, 12) 4 4
(10, 12, 22, 11) 4 4
(10, 12, 23, 10) 4 4
(10, 12, 24, 9) 4 4
(10, 12, 25, 8) 4 4
(10, 12, 26, 7) 4 4
(10, 12, 27, 6) 4 4
(10, 12, 28, 5) 4 4
(10, 12, 29, 4) 4 4
(10, 12, 30, 3) 4 4
(10, 12, 31, 2) 4 4
(10, 12, 32, 1) 4 4
(10, 12, 33, 0) 4 4
(11, 11, 15, 18) 1 1
(11, 11, 16, 17) 2 2
(11, 11, 17, 16) 3 3
(11, 11, 18, 15) 4 4
(11, 11, 19, 14) 4 4
(11, 11, 20, 13) 4 4
(11, 11, 21, 12) 4 4
(11, 11, 22, 11) 4 4
(11, 11, 23, 10) 4 4
(11, 11, 24, 9) 4 4
(11, 11, 25, 8) 4 4
(11, 11, 26, 7) 4 4
(11, 11, 27, 6) 4 4
(11, 11, 28, 5) 4 4
(11, 11, 29, 4) 4 4
(11, 11, 30, 3) 4 4
(11, 11, 31, 2) 4 4
(11, 11, 32, 1) 4 4
(11, 11, 33, 0) 4 4
(12, 10, 15, 18) 1 1
(12, 10, 16, 17) 2 2
(12, 10, 17, 16) 3 3
(12, 10, 18, 15) 4 4
(12, 10, 19, 14) 4 4
(12, 10, 20, 13) 4 4
(12, 10, 21, 12) 4 4
(12, 10, 22, 11) 4 4
(12, 10, 23, 10) 4 4
(12, 10, 24, 9) 4 4
(12, 10, 25, 8) 4 4
(12, 10, 26, 7) 4 4
(12, 10, 27, 6) 4 4
(12, 10, 28, 5) 4 4
(12, 10, 29, 4) 4 4
(12, 10, 30, 3) 4 4
(12, 10, 31, 2) 4 4
(12, 10, 32, 1) 4 4
(12, 10, 33, 0) 4 4
