(8, 14, 13, 20) 1 1
(8, 14, 14, 19) 2 2
(8, 14, 15, 18) 4 4
(8, 14, 16, 17) 5 5
(8, 14, 17, 16) 6 6
(8, 14, 18, 15) 6 6
(8, 14, 19, 14) 6 6
(8, 14, 20, 13) 6 6
(8, 14, 21, 12) 6 6
(8, 14, 22, 11) 6 6
(8, 14, 23, 10) 6 6
(8, 14, 24, 9) 6 6
(8, 14, 25, 8) 6 6
(8, 14, 26, 7) 6 6
(8, 14, 27, 6) 6 6
(8, 14, 28, 5) 6 6
(8, 14, 29, 4) 6 6
(8, 14, 30, 3) 6 6
(8, 14, 31, 2) 6 6
(8, 14, 32, 1) 6 6
(8, 14, 33, 0) 6 6
(9, 13, 13, 20) 4 4
(9, 13, 14, 19) 8 8
(9, 13, 15, 18) 14 14
(9, 13, 16, 17) 18 18
(9, 13, 17, 16) 21 21
(9, 13, 18, 15) 22 22
(9, 13, 19, 14) 22 22
(9, 13, 20, 13) 22 22
(9, 13, 21, 12) 22 22
(9, 13, 22, 11) 22 22
(9, 13, 23, 10) 22 22
(9, 13, 24, 9) 22 22
(9, 13, 25, 8) 22 22
(9, 13, 26, 7) 22 22
(9, 13, 27, 6) 22 22
(9, 13, 28, 5) 22 22
(9, 13, 29, 4) 22 22
(9, 13, 30, 3) 22 22
(9, 13, 31, 2) 22 22
(9, 13, 32, 1) 22 22
(9, 13, 33, 0) 22 22
(10, 12, 13, 20) 8 8
(10, 12, 14, 19) 16 16
(10, 12, 15, 18) 27 28
(10, 12, 16, 17) 34 36
(10, 12, 17, 16) 39 42
(10, 12, 18, 15) 40 44
(10, 12, 19, 14) 40 44
(10, 12, 20, 13) 40 44
(10, 12, 21, 12) 40 44
(10, 12, 22, 11) 40 44
(10, 12, 23, 10) 40 44
(10, 12, 24, 9) 40 44
(10, 12, 25, 8) 40 44
(10, 12, 26, 7) 40 44
(10, 12, 27, 6) 40 44
(10, 12, 28, 5) 40 44
(10, 12, 29, 4) 40 44
(10, 12, 30, 3) 40 44
(10, 12, 31, 2) 40 44
(10, 12, 32, 1) 40 44
(10, 12, 33, 0) 40 44
(9, 13, 12, 21) 1 1
(10, 12, 12, 21) 2 2
(11, 11, 12, 21) 3 3
(11, 11, 13, 20) 10 10
(11, 11, 14, 19) 20 20
(11, 11, 15, 18) 33 34
(11, 11, 16, 17) 42 44
(11, 11, 17, 16) 48 51
(11, 11, 18, 15) 49 54
(11, 11, 19, 14) 49 54
(11, 11, 20, 13) 49 54
(11, 11, 21, 12) 49 54
(11, 11, 22, 11) 49 54
(11, 11, 23, 10) 49 54
(11, 11, 24, 9) 49 54
(11, 11, 25, 8) 49 54
(11, 11, 26, 7) 49 54
(11, 11, 27, 6) 49 54
(11, 11, 28, 5) 49 54
(11, 11, 29, 4) 49 54
(11, 11, 30, 3) 49 54
(11, 11, 31, 2) 49 54
(11, 11, 32, 1) 49 54
(11, 11, 33, 0) 49 54
(12, 10, 13, 20) 8 8
(12, 10, 14, 19) 16 16
(12, 10, 15, 18) 27 28
(12, 10, 16, 17) 34 36
(12, 10, 17, 16) 39 42
(12, 10, 18, 15) 40 44
(12, 10, 19, 14) 40 44
(12, 10, 20, 13) 40 44
(12, 10, 21, 12) 40 44
(12, 10, 22, 11) 40 44
(12, 10, 23, 10) 40 44
(12, 10, 24, 9) 40 44
(12, 10, 25, 8) 40 44
(12, 10, 26, 7) 40 44
(12, 10, 27, 6) 40 44
(12, 10, 28, 5) 40 44
(12, 10, 29, 4) 40 44
(12, 10, 30, 3) 40 44
(12, 10, 31, 2) 40 44
(12, 10, 32, 1) 40 44
(12, 10, 33, 0) 40 44
(12, 10, 12, 21) 2 2
(13, 9, 12, 21) 1 1
(13, 9, 13, 20) 4 4
(13, 9, 14, 19) 8 8
(13, 9, 15, 18) 14 14
(13, 9, 16, 17) 18 18
(13, 9, 17, 16) 21 21
(13, 9, 18, 15) 22 22
(13, 9, 19, 14) 22 22
(13, 9, 20, 13) 22 22
(13, 9, 21, 12) 22 22
(13, 9, 22, 11) 22 22
(13, 9, 23, 10) 22 22
(13, 9, 24, 9) 22 22
(13, 9, 25, 8) 22 22
(13, 9, 26, 7) 22 22
(13, 9, 27, 6) 22 22
(13, 9, 28, 5) 22 22
(13, 9, 29, 4) 22 22
(13, 9, 30, 3) 22 22
(13, 9, 31, 2) 22 22
(13, 9, 32, 1) 22 22
(13, 9, 33, 0) 22 22
(14, 8, 13, 20) 1 1
(14, 8, 14, 19) 2 2
(14, 8, 15, 18) 4 4
(14, 8, 16, 17) 5 5
(14, 8, 17, 16) 6 6
(14, 8, 18, 15) 6 6
(14, 8, 19, 14) 6 6
(14, 8, 20, 13) 6 6
(14, 8, 21, 12) 6 6
(14, 8, 22, 11) 6 6
(14, 8, 23, 10) 6 6
(14, 8, 24, 9) 6 6
(14, 8, 25, 8) 6 6
(14, 8, 26, 7) 6 6
(14, 8, 27, 6) 6 6
(14, 8, 28, 5) 6 6
(14, 8, 29, 4) 6 6
(14, 8, 30, 3) 6 6
(14, 8, 31, 2) 6 6
(14, 8, 32, 1) 6 6
(14, 8, 33, 0) 6 6
