(2, 10, 7, 11) 1 1
(2, 10, 8, 10) 2 2
(2, 10, 9, 9) 4 4
(2, 10, 10, 8) 5 5
(2, 10, 11, 7) 6 6
(2, 10, 12, 6) 6 6
(2, 10, 13, 5) 6 6
(2, 10, 14, 4) 6 6
(2, 10, 15, 3) 6 6
(2, 10, 16, 2) 6 6
(2, 10, 17, 1) 6 6
(2, 10, 18, 0) 6 6
(3, 9, 6, 12) 2 2
(3, 9, 7, 11) 6 6
(3, 9, 8, 10) 12 12
(3, 9, 9, 9) 20 20
(3, 9, 10, 8) 26 26
(3, 9, 11, 7) 30 30
(3, 9, 12, 6) 31 32
(3, 9, 13, 5) 31 32
(3, 9, 14, 4) 31 32
(3, 9, 15, 3) 31 32
(3, 9, 16, 2) 31 32
(3, 9, 17, 1) 31 32
(3, 9, 18, 0) 31 32
(4, 8, 7, 11) 25 25
(4, 8, 8, 10) 43 43
(4, 8, 9, 9) 65 65
(4, 8, 10, 8) 82 83
(4, 8, 11, 7) 94 97
(4, 8, 12, 6) 98 104
(4, 8, 13, 5) 99 107
(4, 8, 14, 4) 99 108
(4, 8, 15, 3) 99 108
(4, 8, 16, 2) 99 108
(4, 8, 17, 1) 99 108
(4, 8, 18, 0) 99 108
(4, 8, 4, 14) 1 1
(4, 8, 5, 13) 4 4
(4, 8, 6, 12) 11 11
(5, 7, 4, 14) 2 2
(5, 7, 5, 13) 8 8
(5, 7, 6, 12) 22 22
(5, 7, 7, 11) 46 46
(5, 7, 8, 10) 78 78
(5, 7, 9, 9) 114 114
(5, 7, 10, 8) 144 146
(5, 7, 11, 7) 164 170
(5, 7, 12, 6) 172 184
(5, 7, 13, 5) 174 190
(5, 7, 14, 4) 174 192
(5, 7, 15, 3) 174 192
(5, 7, 16, 2) 174 192
(5, 7, 17, 1) 174 192
(5, 7, 18, 0) 174 192
(6, 6, 6, 12) 31 31
(6, 6, 7, 11) 62 62
(6, 6, 8, 10) 101 101
(6, 6, 9, 9) 146 147
(6, 6, 10, 8) 182 186
(6, 6, 11, 7) 207 217
(6, 6, 12, 6) 217 235
(6, 6, 13, 5) 220 244
(6, 6, 14, 4) 220 247
(6, 6, 15, 3) 220 248
(6, 6, 16, 2) 220 248
(6, 6, 17, 1) 220 248
(6, 6, 18, 0) 220 248
(6, 6, 3, 15) 1 1
(6, 6, 4, 14) 4 4
(6, 6, 5, 13) 13 13
(7, 5, 4, 14) 2 2
(7, 5, 5, 13) 8 8
(7, 5, 6, 12) 22 22
(7, 5, 7, 11) 46 46
(7, 5, 8, 10) 78 78
(7, 5, 9, 9) 114 114
(7, 5, 10, 8) 144 146
(7, 5, 11, 7) 164 170
(7, 5, 12, 6) 172 184
(7, 5, 13, 5) 174 190
(7, 5, 14, 4) 174 192
(7, 5, 15, 3) 174 192
(7, 5, 16, 2) 174 192
(7, 5, 17, 1) 174 192
(7, 5, 18, 0) 174 192
(8, 4, 7, 11) 25 25
(8, 4, 8, 10) 43 43
(8, 4, 9, 9) 65 65
(8, 4, 10, 8) 82 83
(8, 4, 11, 7) 94 97
(8, 4, 12, 6) 98 104
(8, 4, 13, 5) 99 107
(8, 4, 14, 4) 99 108
(8, 4, 15, 3) 99 108
(8, 4, 16, 2) 99 108
(8, 4, 17, 1) 99 108
(8, 4, 18, 0) 99 108
(8, 4, 4, 14) 1 1
(8, 4, 5, 13) 4 4
(8, 4, 6, 12) 11 11
(9, 3, 6, 12) 2 2
(9, 3, 7, 11) 6 6
(9, 3, 8, 10) 12 12
(9, 3, 9, 9) 20 20
(9, 3, 10, 8) 26 26
(9, 3, 11, 7) 30 30
(9, 3, 12, 6) 31 32
(9, 3, 13, 5) 31 32
(9, 3, 14, 4) 31 32
(9, 3, 15, 3) 31 32
(9, 3, 16, 2) 31 32
(9, 3, 17, 1) 31 32
(9, 3, 18, 0) 31 32
(10, 2, 7, 11) 1 1
(10, 2, 8, 10) 2 2
(10, 2, 9, 9) 4 4
(10, 2, 10, 8) 5 5
(10, 2, 11, 7) 6 6
(10, 2, 12, 6) 6 6
(10, 2, 13, 5) 6 6
(10, 2, 14, 4) 6 6
(10, 2, 15, 3) 6 6
(10, 2, 16, 2) 6 6
(10, 2, 17, 1) 6 6
(10, 2, 18, 0) 6 6
