(0, 8, 3, 9) 1 1
(0, 8, 4, 8) 2 2
(0, 8, 5, 7) 3 3
(0, 8, 6, 6) 3 4
(0, 8, 7, 5) 3 4
(0, 8, 8, 4) 3 4
(0, 8, 9, 3) 3 4
(0, 8, 10, 2) 3 4
(0, 8, 11, 1) 3 4
(0, 8, 12, 0) 3 4
(1, 7, 3, 9) 7 8
(1, 7, 4, 8) 11 14
(1, 7, 5, 7) 14 20
(1, 7, 6, 6) 15 25
(1, 7, 7, 5) 15 27
(1, 7, 8, 4) 15 28
(1, 7, 9, 3) 15 28
(1, 7, 10, 2) 15 28
(1, 7, 11, 1) 15 28
(1, 7, 12, 0) 15 28
(2, 6, 3, 9) 17 22
(2, 6, 4, 8) 25 38
(2, 6, 5, 7) 31 54
(2, 6, 6, 6) 33 67
(2, 6, 7, 5) 33 73
(2, 6, 8, 4) 33 76
(2, 6, 9, 3) 33 76
(2, 6, 10, 2) 33 76
(2, 6, 11, 1) 33 76
(2, 6, 12, 0) 33 76
(1, 7, 1, 11) 1 1
(1, 7, 2, 10) 3 3
(2, 6, 1, 11) 3 3
(2, 6, 2, 10) 8 9
(3, 5, 1, 11) 6 7
(3, 5, 2, 10) 14 19
(3, 5, 3, 9) 27 42
(3, 5, 4, 8) 38 70
(3, 5, 5, 7) 46 98
(3, 5, 6, 6) 49 121
(3, 5, 7, 5) 49 133
(3, 5, 8, 4) 49 139
(3, 5, 9, 3) 49 140
(3, 5, 10, 2) 49 140
(3, 5, 11, 1) 49 140
(3, 5, 12, 0) 49 140
(4, 4, 1, 11) 7 8
(4, 4, 2, 10) 16 22
(4, 4, 3, 9) 31 49
(4, 4, 4, 8) 43 82
(4, 4, 5, 7) 52 115
(4, 4, 6, 6) 55 142
(4, 4, 7, 5) 55 156
(4, 4, 8, 4) 55 163
(4, 4, 9, 3) 55 164
(4, 4, 10, 2) 55 164
(4, 4, 11, 1) 55 164
(4, 4, 12, 0) 55 164
(3, 5, 0, 12) 1 1
(4, 4, 0, 12) 1 1
(5, 3, 0, 12) 1 1
(5, 3, 1, 11) 6 7
(5, 3, 2, 10) 14 19
(5, 3, 3, 9) 27 42
(5, 3, 4, 8) 38 70
(5, 3, 5, 7) 46 98
(5, 3, 6, 6) 49 121
(5, 3, 7, 5) 49 133
(5, 3, 8, 4) 49 139
(5, 3, 9, 3) 49 140
(5, 3, 10, 2) 49 140
(5, 3, 11, 1) 49 140
(5, 3, 12, 0) 49 140
(6, 2, 1, 11) 3 3
(6, 2, 2, 10) 8 9
(6, 2, 3, 9) 17 22
(6, 2, 4, 8) 25 38
(6, 2, 5, 7) 31 54
(6, 2, 6, 6) 33 67
(6, 2, 7, 5) 33 73
(6, 2, 8, 4) 33 76
(6, 2, 9, 3) 33 76
(6, 2, 10, 2) 33 76
(6, 2, 11, 1) 33 76
(6, 2, 12, 0) 33 76
(7, 1, 1, 11) 1 1
(7, 1, 2, 10) 3 3
(7, 1, 3, 9) 7 8
(7, 1, 4, 8) 11 14
(7, 1, 5, 7) 14 20
(7, 1, 6, 6) 15 25
(7, 1, 7, 5) 15 27
(7, 1, 8, 4) 15 28
(7, 1, 9, 3) 15 28
(7, 1, 10, 2) 15 28
(7, 1, 11, 1) 15 28
(7, 1, 12, 0) 15 28
(8, 0, 3, 9) 1 1
(8, 0, 4, 8) 2 2
(8, 0, 5, 7) 3 3
(8, 0, 6, 6) 3 4
(8, 0, 7, 5) 3 4
(8, 0, 8, 4) 3 4
(8, 0, 9, 3) 3 4
(8, 0, 10, 2) 3 4
(8, 0, 11, 1) 3 4
(8, 0, 12, 0) 3 4
