(1, 9, 6, 9) 1 1
(1, 9, 7, 8) 2 2
(1, 9, 8, 7) 3 3
(1, 9, 9, 6) 4 4
(1, 9, 10, 5) 4 4
(1, 9, 11, 4) 4 4
(1, 9, 12, 3) 4 4
(1, 9, 13, 2) 4 4
(1, 9, 14, 1) 4 4
(1, 9, 15, 0) 4 4
(2, 8, 6, 9) 8 8
(2, 8, 7, 8) 14 14
(2, 8, 8, 7) 20 20
(2, 8, 9, 6) 24 25
(2, 8, 10, 5) 25 27
(2, 8, 11, 4) 25 28
(2, 8, 12, 3) 25 28
(2, 8, 13, 2) 25 28
(2, 8, 14, 1) 25 28
(2, 8, 15, 0) 25 28
(2, 8, 4, 11) 1 1
(2, 8, 5, 10) 3 3
(3, 7, 3, 12) 1 1
(3, 7, 4, 11) 5 5
(3, 7, 5, 10) 13 13
(3, 7, 6, 9) 27 27
(3, 7, 7, 8) 44 44
(3, 7, 8, 7) 60 61
(3, 7, 9, 6) 71 75
(3, 7, 10, 5) 75 83
(3, 7, 11, 4) 76 87
(3, 7, 12, 3) 76 88
(3, 7, 13, 2) 76 88
(3, 7, 14, 1) 76 88
(3, 7, 15, 0) 76 88
(4, 6, 4, 11) 13 13
(4, 6, 5, 10) 29 29
(4, 6, 6, 9) 55 55
(4, 6, 7, 8) 85 86
(4, 6, 8, 7) 113 117
(4, 6, 9, 6) 132 143
(4, 6, 10, 5) 140 159
(4, 6, 11, 4) 142 168
(4, 6, 12, 3) 142 171
(4, 6, 13, 2) 142 172
(4, 6, 14, 1) 142 172
(4, 6, 15, 0) 142 172
(4, 6, 2, 13) 1 1
(4, 6, 3, 12) 4 4
(5, 5, 2, 13) 1 1
(5, 5, 3, 12) 5 5
(5, 5, 4, 11) 16 16
(5, 5, 5, 10) 36 36
(5, 5, 6, 9) 67 67
(5, 5, 7, 8) 103 104
(5, 5, 8, 7) 136 141
(5, 5, 9, 6) 159 172
(5, 5, 10, 5) 169 192
(5, 5, 11, 4) 172 203
(5, 5, 12, 3) 172 207
(5, 5, 13, 2) 172 208
(5, 5, 14, 1) 172 208
(5, 5, 15, 0) 172 208
(6, 4, 4, 11) 13 13
(6, 4, 5, 10) 29 29
(6, 4, 6, 9) 55 55
(6, 4, 7, 8) 85 86
(6, 4, 8, 7) 113 117
(6, 4, 9, 6) 132 143
(6, 4, 10, 5) 140 159
(6, 4, 11, 4) 142 168
(6, 4, 12, 3) 142 171
(6, 4, 13, 2) 142 172
(6, 4, 14, 1) 142 172
(6, 4, 15, 0) 142 172
(6, 4, 2, 13) 1 1
(6, 4, 3, 12) 4 4
(7, 3, 3, 12) 1 1
(7, 3, 4, 11) 5 5
(7, 3, 5, 10) 13 13
(7, 3, 6, 9) 27 27
(7, 3, 7, 8) 44 44
(7, 3, 8, 7) 60 61
(7, 3, 9, 6) 71 75
(7, 3, 10, 5) 75 83
(7, 3, 11, 4) 76 87
(7, 3, 12, 3) 76 88
(7, 3, 13, 2) 76 88
(7, 3, 14, 1) 76 88
(7, 3, 15, 0) 76 88
(8, 2, 6, 9) 8 8
(8, 2, 7, 8) 14 14
(8, 2, 8, 7) 20 20
(8, 2, 9, 6) 24 25
(8, 2, 10, 5) 25 27
(8, 2, 11, 4) 25 28
(8, 2, 12, 3) 25 28
(8, 2, 13, 2) 25 28
(8, 2, 14, 1) 25 28
(8, 2, 15, 0) 25 28
(8, 2, 4, 11) 1 1
(8, 2, 5, 10) 3 3
(9, 1, 6, 9) 1 1
(9, 1, 7, 8) 2 2
(9, 1, 8, 7) 3 3
(9, 1, 9, 6) 4 4
(9, 1, 10, 5) 4 4
(9, 1, 11, 4) 4 4
(9, 1, 12, 3) 4 4
(9, 1, 13, 2) 4 4
(9, 1, 14, 1) 4 4
(9, 1, 15, 0) 4 4
