(10, 14, 15, 21) 1 1
(10, 14, 16, 20) 2 2
(10, 14, 17, 19) 3 3
(10, 14, 18, 18) 4 4
(10, 14, 19, 17) 4 4
(10, 14, 20, 16) 4 4
(10, 14, 21, 15) 4 4
(10, 14, 22, 14) 4 4
(10, 14, 23, 13) 4 4
(10, 14, 24, 12) 4 4
(10, 14, 25, 11) 4 4
(10, 14, 26, 10) 4 4
(10, 14, 27, 9) 4 4
(10, 14, 28, 8) 4 4
(10, 14, 29, 7) 4 4
(10, 14, 30, 6) 4 4
(10, 14, 31, 5) 4 4
(10, 14, 32, 4) 4 4
(10, 14, 33, 3) 4 4
(10, 14, 34, 2) 4 4
(10, 14, 35, 1) 4 4
(10, 14, 36, 0) 4 4
(11, 13, 15, 21) 2 2
(11, 13, 16, 20) 4 4
(11, 13, 17, 19) 6 6
(11, 13, 18, 18) 8 8
(11, 13, 19, 17) 8 8
(11, 13, 20, 16) 8 8
(11, 13, 21, 15) 8 8
(11, 13, 22, 14) 8 8
(11, 13, 23, 13) 8 8
(11, 13, 24, 12) 8 8
(11, 13, 25, 11) 8 8
(11, 13, 26, 10) 8 8
(11, 13, 27, 9) 8 8
(11, 13, 28, 8) 8 8
(11, 13, 29, 7) 8 8
(11, 13, 30, 6) 8 8
(11, 13, 31, 5) 8 8
(11, 13, 32, 4) 8 8
(11, 13, 33, 3) 8 8
(11, 13, 34, 2) 8 8
(11, 13, 35, 1) 8 8
(11, 13, 36, 0) 8 8
(12, 12, 15, 21) 3 3
(12, 12, 16, 20) 6 6
(12, 12, 17, 19) 9 9
(12, 12, 18, 18) 11 12
(12, 12, 19, 17) 11 12
(12, 12, 20, 16) 11 12
(12, 12, 21, 15) 11 12
(12, 12, 22, 14) 11 12
(12, 12, 23, 13) 11 12
(12, 12, 24, 12) 11 12
(12, 12, 25, 11) 11 12
(12, 12, 26, 10) 11 12
(12, 12, 27, 9) 11 12
(12, 12, 28, 8) 11 12
(12, 12, 29, 7) 11 12
(12, 12, 30, 6) 11 12
(12, 12, 31, 5) 11 12
(12, 12, 32, 4) 11 12
(12, 12, 33, 3) 11 12
(12, 12, 34, 2) 11 12
(12, 12, 35, 1) 11 12
(12, 12, 36, 0) 11 12
(13, 11, 15, 21) 2 2
(13, 11, 16, 20) 4 4
(13, 11, 17, 19) 6 6
(13, 11, 18, 18) 8 8
(13, 11, 19, 17) 8 8
(13, 11, 20, 16) 8 8
(13, 11, 21, 15) 8 8
(13, 11, 22, 14) 8 8
(13, 11, 23, 13) 8 8
(13, 11, 24, 12) 8 8
(13, 11, 25, 11) 8 8
(13, 11, 26, 10) 8 8
(13, 11, 27, 9) 8 8
(13, 11, 28, 8) 8 8
(13, 11, 29, 7) 8 8
(13, 11, 30, 6) 8 8
(13, 11, 31, 5) 8 8
(13, 11, 32, 4) 8 8
(13, 11, 33, 3) 8 8
(13, 11, 34, 2) 8 8
(13, 11, 35, 1) 8 8
(13, 11, 36, 0) 8 8
(14, 10, 15, 21) 1 1
(14, 10, 16, 20) 2 2
(14, 10, 17, 19) 3 3
(14, 10, 18, 18) 4 4
(14, 10, 19, 17) 4 4
(14, 10, 20, 16) 4 4
(14, 10, 21, 15) 4 4
(14, 10, 22, 14) 4 4
(14, 10, 23, 13) 4 4
(14, 10, 24, 12) 4 4
(14, 10, 25, 11) 4 4
(14, 10, 26, 10) 4 4
(14, 10, 27, 9) 4 4
(14, 10, 28, 8) 4 4
(14, 10, 29, 7) 4 4
(14, 10, 30, 6) 4 4
(14, 10, 31, 5) 4 4
(14, 10, 32, 4) 4 4
(14, 10, 33, 3) 4 4
(14, 10, 34, 2) 4 4
(14, 10, 35, 1) 4 4
(14, 10, 36, 0) 4 4
