(0, 10, 6, 9) 1 1
(0, 10, 7, 8) 1 1
(0, 10, 8, 7) 1 1
(0, 10, 9, 6) 1 1
(0, 10, 10, 5) 1 1
(0, 10, 11, 4) 1 1
(0, 10, 12, 3) 1 1
(0, 10, 13, 2) 1 1
(0, 10, 14, 1) 1 1
(0, 10, 15, 0) 1 1
(1, 9, 6, 9) 10 11
(1, 9, 7, 8) 12 14
(1, 9, 8, 7) 13 16
(1, 9, 9, 6) 13 17
(1, 9, 10, 5) 13 17
(1, 9, 11, 4) 13 17
(1, 9, 12, 3) 13 17
(1, 9, 13, 2) 13 17
(1, 9, 14, 1) 13 17
(1, 9, 15, 0) 13 17
(2, 8, 6, 9) 34 43
(2, 8, 7, 8) 40 55
(2, 8, 8, 7) 43 64
(2, 8, 9, 6) 43 68
(2, 8, 10, 5) 43 69
(2, 8, 11, 4) 43 69
(2, 8, 12, 3) 43 69
(2, 8, 13, 2) 43 69
(2, 8, 14, 1) 43 69
(2, 8, 15, 0) 43 69
(1, 9, 3, 12) 1 1
(1, 9, 4, 11) 3 3
(1, 9, 5, 10) 6 6
(2, 8, 3, 12) 5 5
(2, 8, 4, 11) 13 14
(2, 8, 5, 10) 23 26
(3, 7, 3, 12) 16 17
(3, 7, 4, 11) 34 40
(3, 7, 5, 10) 55 71
(3, 7, 6, 9) 76 109
(3, 7, 7, 8) 88 140
(3, 7, 8, 7) 94 163
(3, 7, 9, 6) 95 175
(3, 7, 10, 5) 95 179
(3, 7, 11, 4) 95 180
(3, 7, 12, 3) 95 180
(3, 7, 13, 2) 95 180
(3, 7, 14, 1) 95 180
(3, 7, 15, 0) 95 180
(4, 6, 3, 12) 26 30
(4, 6, 4, 11) 53 68
(4, 6, 5, 10) 83 118
(4, 6, 6, 9) 112 179
(4, 6, 7, 8) 128 229
(4, 6, 8, 7) 136 267
(4, 6, 9, 6) 137 287
(4, 6, 10, 5) 137 295
(4, 6, 11, 4) 137 297
(4, 6, 12, 3) 137 297
(4, 6, 13, 2) 137 297
(4, 6, 14, 1) 137 297
(4, 6, 15, 0) 137 297
(2, 8, 2, 13) 1 1
(3, 7, 2, 13) 5 5
(4, 6, 2, 13) 9 10
(3, 7, 1, 14) 1 1
(4, 6, 1, 14) 2 2
(5, 5, 1, 14) 3 3
(5, 5, 2, 13) 12 13
(5, 5, 3, 12) 32 38
(5, 5, 4, 11) 63 83
(5, 5, 5, 10) 97 143
(5, 5, 6, 9) 129 214
(5, 5, 7, 8) 147 274
(5, 5, 8, 7) 156 319
(5, 5, 9, 6) 157 344
(5, 5, 10, 5) 157 354
(5, 5, 11, 4) 157 357
(5, 5, 12, 3) 157 357
(5, 5, 13, 2) 157 357
(5, 5, 14, 1) 157 357
(5, 5, 15, 0) 157 357
(6, 4, 2, 13) 9 10
(6, 4, 3, 12) 26 30
(6, 4, 4, 11) 53 68
(6, 4, 5, 10) 83 118
(6, 4, 6, 9) 112 179
(6, 4, 7, 8) 128 229
(6, 4, 8, 7) 136 267
(6, 4, 9, 6) 137 287
(6, 4, 10, 5) 137 295
(6, 4, 11, 4) 137 297
(6, 4, 12, 3) 137 297
(6, 4, 13, 2) 137 297
(6, 4, 14, 1) 137 297
(6, 4, 15, 0) 137 297
(6, 4, 1, 14) 2 2
(7, 3, 1, 14) 1 1
(7, 3, 2, 13) 5 5
(7, 3, 3, 12) 16 17
(7, 3, 4, 11) 34 40
(7, 3, 5, 10) 55 71
(7, 3, 6, 9) 76 109
(7, 3, 7, 8) 88 140
(7, 3, 8, 7) 94 163
(7, 3, 9, 6) 95 175
(7, 3, 10, 5) 95 179
(7, 3, 11, 4) 95 180
(7, 3, 12, 3) 95 180
(7, 3, 13, 2) 95 180
(7, 3, 14, 1) 95 180
(7, 3, 15, 0) 95 180
(8, 2, 3, 12) 5 5
(8, 2, 4, 11) 13 14
(8, 2, 5, 10) 23 26
(8, 2, 6, 9) 34 43
(8, 2, 7, 8) 40 55
(8, 2, 8, 7) 43 64
(8, 2, 9, 6) 43 68
(8, 2, 10, 5) 43 69
(8, 2, 11, 4) 43 69
(8, 2, 12, 3) 43 69
(8, 2, 13, 2) 43 69
(8, 2, 14, 1) 43 69
(8, 2, 15, 0) 43 69
(8, 2, 2, 13) 1 1
(9, 1, 3, 12) 1 1
(9, 1, 4, 11) 3 3
(9, 1, 5, 10) 6 6
(9, 1, 6, 9) 10 11
(9, 1, 7, 8) 12 14
(9, 1, 8, 7) 13 16
(9, 1, 9, 6) 13 17
(9, 1, 10, 5) 13 17
(9, 1, 11, 4) 13 17
(9, 1, 12, 3) 13 17
(9, 1, 13, 2) 13 17
(9, 1, 14, 1) 13 17
(9, 1, 15, 0) 13 17
(10, 0, 6, 9) 1 1
(10, 0, 7, 8) 1 1
(10, 0, 8, 7) 1 1
(10, 0, 9, 6) 1 1
(10, 0, 10, 5) 1 1
(10, 0, 11, 4) 1 1
(10, 0, 12, 3) 1 1
(10, 0, 13, 2) 1 1
(10, 0, 14, 1) 1 1
(10, 0, 15, 0) 1 1
