(3, 11, 9, 12) 1 1
(3, 11, 10, 11) 2 2
(3, 11, 11, 10) 3 3
(3, 11, 12, 9) 4 4
(3, 11, 13, 8) 4 4
(3, 11, 14, 7) 4 4
(3, 11, 15, 6) 4 4
(3, 11, 16, 5) 4 4
(3, 11, 17, 4) 4 4
(3, 11, 18, 3) 4 4
(3, 11, 19, 2) 4 4
(3, 11, 20, 1) 4 4
(3, 11, 21, 0) 4 4
(4, 10, 7, 14) 1 1
(4, 10, 8, 13) 3 3
(4, 10, 9, 12) 8 8
(4, 10, 10, 11) 14 14
(4, 10, 11, 10) 20 20
(4, 10, 12, 9) 25 25
(4, 10, 13, 8) 27 27
(4, 10, 14, 7) 28 28
(4, 10, 15, 6) 28 28
(4, 10, 16, 5) 28 28
(4, 10, 17, 4) 28 28
(4, 10, 18, 3) 28 28
(4, 10, 19, 2) 28 28
(4, 10, 20, 1) 28 28
(4, 10, 21, 0) 28 28
(5, 9, 7, 14) 5 5
(5, 9, 8, 13) 13 13
(5, 9, 9, 12) 27 27
(5, 9, 10, 11) 44 44
(5, 9, 11, 10) 61 61
(5, 9, 12, 9) 75 75
(5, 9, 13, 8) 82 83
(5, 9, 14, 7) 85 87
(5, 9, 15, 6) 85 88
(5, 9, 16, 5) 85 88
(5, 9, 17, 4) 85 88
(5, 9, 18, 3) 85 88
(5, 9, 19, 2) 85 88
(5, 9, 20, 1) 85 88
(5, 9, 21, 0) 85 88
(6, 8, 9, 12) 55 55
(6, 8, 10, 11) 86 86
(6, 8, 11, 10) 117 117
(6, 8, 12, 9) 142 143
(6, 8, 13, 8) 156 159
(6, 8, 14, 7) 162 168
(6, 8, 15, 6) 163 171
(6, 8, 16, 5) 163 172
(6, 8, 17, 4) 163 172
(6, 8, 18, 3) 163 172
(6, 8, 19, 2) 163 172
(6, 8, 20, 1) 163 172
(6, 8, 21, 0) 163 172
(5, 9, 6, 15) 1 1
(6, 8, 5, 16) 1 1
(6, 8, 6, 15) 4 4
(6, 8, 7, 14) 13 13
(6, 8, 8, 13) 29 29
(7, 7, 6, 15) 5 5
(7, 7, 7, 14) 16 16
(7, 7, 8, 13) 36 36
(7, 7, 9, 12) 67 67
(7, 7, 10, 11) 104 104
(7, 7, 11, 10) 141 141
(7, 7, 12, 9) 171 172
(7, 7, 13, 8) 188 192
(7, 7, 14, 7) 195 203
(7, 7, 15, 6) 196 207
(7, 7, 16, 5) 196 208
(7, 7, 17, 4) 196 208
(7, 7, 18, 3) 196 208
(7, 7, 19, 2) 196 208
(7, 7, 20, 1) 196 208
(7, 7, 21, 0) 196 208
(8, 6, 9, 12) 55 55
(8, 6, 10, 11) 86 86
(8, 6, 11, 10) 117 117
(8, 6, 12, 9) 142 143
(8, 6, 13, 8) 156 159
(8, 6, 14, 7) 162 168
(8, 6, 15, 6) 163 171
(8, 6, 16, 5) 163 172
(8, 6, 17, 4) 163 172
(8, 6, 18, 3) 163 172
(8, 6, 19, 2) 163 172
(8, 6, 20, 1) 163 172
(8, 6, 21, 0) 163 172
(7, 7, 5, 16) 1 1
(8, 6, 5, 16) 1 1
(8, 6, 6, 15) 4 4
(8, 6, 7, 14) 13 13
(8, 6, 8, 13) 29 29
(9, 5, 7, 14) 5 5
(9, 5, 8, 13) 13 13
(9, 5, 9, 12) 27 27
(9, 5, 10, 11) 44 44
(9, 5, 11, 10) 61 61
(9, 5, 12, 9) 75 75
(9, 5, 13, 8) 82 83
(9, 5, 14, 7) 85 87
(9, 5, 15, 6) 85 88
(9, 5, 16, 5) 85 88
(9, 5, 17, 4) 85 88
(9, 5, 18, 3) 85 88
(9, 5, 19, 2) 85 88
(9, 5, 20, 1) 85 88
(9, 5, 21, 0) 85 88
(9, 5, 6, 15) 1 1
(10, 4, 7, 14) 1 1
(10, 4, 8, 13) 3 3
(10, 4, 9, 12) 8 8
(10, 4, 10, 11) 14 14
(10, 4, 11, 10) 20 20
(10, 4, 12, 9) 25 25
(10, 4, 13, 8) 27 27
(10, 4, 14, 7) 28 28
(10, 4, 15, 6) 28 28
(10, 4, 16, 5) 28 28
(10, 4, 17, 4) 28 28
(10, 4, 18, 3) 28 28
(10, 4, 19, 2) 28 28
(10, 4, 20, 1) 28 28
(10, 4, 21, 0) 28 28
(11, 3, 9, 12) 1 1
(11, 3, 10, 11) 2 2
(11, 3, 11, 10) 3 3
(11, 3, 12, 9) 4 4
(11, 3, 13, 8) 4 4
(11, 3, 14, 7) 4 4
(11, 3, 15, 6) 4 4
(11, 3, 16, 5) 4 4
(11, 3, 17, 4) 4 4
(11, 3, 18, 3) 4 4
(11, 3, 19, 2) 4 4
(11, 3, 20, 1) 4 4
(11, 3, 21, 0) 4 4
