(3, 13, 9, 15) 1 1
(3, 13, 10, 14) 2 2
(3, 13, 11, 13) 3 3
(3, 13, 12, 12) 4 4
(3, 13, 13, 11) 4 4
(3, 13, 14, 10) 4 4
(3, 13, 15, 9) 4 4
(3, 13, 16, 8) 4 4
(3, 13, 17, 7) 4 4
(3, 13, 18, 6) 4 4
(3, 13, 19, 5) 4 4
(3, 13, 20, 4) 4 4
(3, 13, 21, 3) 4 4
(3, 13, 22, 2) 4 4
(3, 13, 23, 1) 4 4
(3, 13, 24, 0) 4 4
(4, 12, 9, 15) 9 9
(4, 12, 10, 14) 16 16
(4, 12, 11, 13) 23 23
(4, 12, 12, 12) 28 29
(4, 12, 13, 11) 30 31
(4, 12, 14, 10) 31 32
(4, 12, 15, 9) 31 32
(4, 12, 16, 8) 31 32
(4, 12, 17, 7) 31 32
(4, 12, 18, 6) 31 32
(4, 12, 19, 5) 31 32
(4, 12, 20, 4) 31 32
(4, 12, 21, 3) 31 32
(4, 12, 22, 2) 31 32
(4, 12, 23, 1) 31 32
(4, 12, 24, 0) 31 32
(5, 11, 9, 15) 35 36
(5, 11, 10, 14) 57 60
(5, 11, 11, 13) 78 84
(5, 11, 12, 12) 93 104
(5, 11, 13, 11) 100 114
(5, 11, 14, 10) 103 119
(5, 11, 15, 9) 103 120
(5, 11, 16, 8) 103 120
(5, 11, 17, 7) 103 120
(5, 11, 18, 6) 103 120
(5, 11, 19, 5) 103 120
(5, 11, 20, 4) 103 120
(5, 11, 21, 3) 103 120
(5, 11, 22, 2) 103 120
(5, 11, 23, 1) 103 120
(5, 11, 24, 0) 103 120
(4, 12, 7, 17) 1 1
(4, 12, 8, 16) 3 3
(5, 11, 7, 17) 6 6
(5, 11, 8, 16) 16 16
(6, 10, 7, 17) 19 19
(6, 10, 8, 16) 44 45
(6, 10, 9, 15) 86 90
(6, 10, 10, 14) 132 144
(6, 10, 11, 13) 175 198
(6, 10, 12, 12) 205 243
(6, 10, 13, 11) 220 269
(6, 10, 14, 10) 226 283
(6, 10, 15, 9) 227 287
(6, 10, 16, 8) 227 288
(6, 10, 17, 7) 227 288
(6, 10, 18, 6) 227 288
(6, 10, 19, 5) 227 288
(6, 10, 20, 4) 227 288
(6, 10, 21, 3) 227 288
(6, 10, 22, 2) 227 288
(6, 10, 23, 1) 227 288
(6, 10, 24, 0) 227 288
(7, 9, 7, 17) 33 34
(7, 9, 8, 16) 74 78
(7, 9, 9, 15) 137 149
(7, 9, 10, 14) 206 234
(7, 9, 11, 13) 268 319
(7, 9, 12, 12) 311 390
(7, 9, 13, 11) 332 434
(7, 9, 14, 10) 340 458
(7, 9, 15, 9) 341 466
(7, 9, 16, 8) 341 468
(7, 9, 17, 7) 341 468
(7, 9, 18, 6) 341 468
(7, 9, 19, 5) 341 468
(7, 9, 20, 4) 341 468
(7, 9, 21, 3) 341 468
(7, 9, 22, 2) 341 468
(7, 9, 23, 1) 341 468
(7, 9, 24, 0) 341 468
(8, 8, 9, 15) 162 177
(8, 8, 10, 14) 241 276
(8, 8, 11, 13) 312 375
(8, 8, 12, 12) 360 458
(8, 8, 13, 11) 384 510
(8, 8, 14, 10) 393 539
(8, 8, 15, 9) 394 549
(8, 8, 16, 8) 394 552
(8, 8, 17, 7) 394 552
(8, 8, 18, 6) 394 552
(8, 8, 19, 5) 394 552
(8, 8, 20, 4) 394 552
(8, 8, 21, 3) 394 552
(8, 8, 22, 2) 394 552
(8, 8, 23, 1) 394 552
(8, 8, 24, 0) 394 552
(5, 11, 6, 18) 1 1
(6, 10, 6, 18) 5 5
(7, 9, 6, 18) 10 10
(6, 10, 5, 19) 1 1
(7, 9, 5, 19) 2 2
(8, 8, 5, 19) 3 3
(8, 8, 6, 18) 13 13
(8, 8, 7, 17) 41 42
(8, 8, 8, 16) 89 94
(9, 7, 6, 18) 10 10
(9, 7, 7, 17) 33 34
(9, 7, 8, 16) 74 78
(9, 7, 9, 15) 137 149
(9, 7, 10, 14) 206 234
(9, 7, 11, 13) 268 319
(9, 7, 12, 12) 311 390
(9, 7, 13, 11) 332 434
(9, 7, 14, 10) 340 458
(9, 7, 15, 9) 341 466
(9, 7, 16, 8) 341 468
(9, 7, 17, 7) 341 468
(9, 7, 18, 6) 341 468
(9, 7, 19, 5) 341 468
(9, 7, 20, 4) 341 468
(9, 7, 21, 3) 341 468
(9, 7, 22, 2) 341 468
(9, 7, 23, 1) 341 468
(9, 7, 24, 0) 341 468
(10, 6, 9, 15) 86 90
(10, 6, 10, 14) 132 144
(10, 6, 11, 13) 175 198
(10, 6, 12, 12) 205 243
(10, 6, 13, 11) 220 269
(10, 6, 14, 10) 226 283
(10, 6, 15, 9) 227 287
(10, 6, 16, 8) 227 288
(10, 6, 17, 7) 227 288
(10, 6, 18, 6) 227 288
(10, 6, 19, 5) 227 288
(10, 6, 20, 4) 227 288
(10, 6, 21, 3) 227 288
(10, 6, 22, 2) 227 288
(10, 6, 23, 1) 227 288
(10, 6, 24, 0) 227 288
(9, 7, 5, 19) 2 2
(10, 6, 5, 19) 1 1
(10, 6, 6, 18) 5 5
(10, 6, 7, 17) 19 19
(10, 6, 8, 16) 44 45
(11, 5, 7, 17) 6 6
(11, 5, 8, 16) 16 16
(11, 5, 9, 15) 35 36
(11, 5, 10, 14) 57 60
(11, 5, 11, 13) 78 84
(11, 5, 12, 12) 93 104
(11, 5, 13, 11) 100 114
(11, 5, 14, 10) 103 119
(11, 5, 15, 9) 103 120
(11, 5, 16, 8) 103 120
(11, 5, 17, 7) 103 120
(11, 5, 18, 6) 103 120
(11, 5, 19, 5) 103 120
(11, 5, 20, 4) 103 120
(11, 5, 21, 3) 103 120
(11, 5, 22, 2) 103 120
(11, 5, 23, 1) 103 120
(11, 5, 24, 0) 103 120
(11, 5, 6, 18) 1 1
(12, 4, 7, 17) 1 1
(12, 4, 8, 16) 3 3
(12, 4, 9, 15) 9 9
(12, 4, 10, 14) 16 16
(12, 4, 11, 13) 23 23
(12, 4, 12, 12) 28 29
(12, 4, 13, 11) 30 31
(12, 4, 14, 10) 31 32
(12, 4, 15, 9) 31 32
(12, 4, 16, 8) 31 32
(12, 4, 17, 7) 31 32
(12, 4, 18, 6) 31 32
(12, 4, 19, 5) 31 32
(12, 4, 20, 4) 31 32
(12, 4, 21, 3) 31 32
(12, 4, 22, 2) 31 32
(12, 4, 23, 1) 31 32
(12, 4, 24, 0) 31 32
(13, 3, 9, 15) 1 1
(13, 3, 10, 14) 2 2
(13, 3, 11, 13) 3 3
(13, 3, 12, 12) 4 4
(13, 3, 13, 11) 4 4
(13, 3, 14, 10) 4 4
(13, 3, 15, 9) 4 4
(13, 3, 16, 8) 4 4
(13, 3, 17, 7) 4 4
(13, 3, 18, 6) 4 4
(13, 3, 19, 5) 4 4
(13, 3, 20, 4) 4 4
(13, 3, 21, 3) 4 4
(13, 3, 22, 2) 4 4
(13, 3, 23, 1) 4 4
(13, 3, 24, 0) 4 4
