(0, 6, 3, 6) 1 1
(0, 6, 4, 5) 2 2
(0, 6, 5, 4) 3 3
(0, 6, 6, 3) 3 4
(0, 6, 7, 2) 3 4
(0, 6, 8, 1) 3 4
(0, 6, 9, 0) 3 4
(1, 5, 1, 8) 1 1
(1, 5, 2, 7) 3 3
(1, 5, 3, 6) 7 7
(1, 5, 4, 5) 11 12
(1, 5, 5, 4) 14 17
(1, 5, 6, 3) 15 21
(1, 5, 7, 2) 15 23
(1, 5, 8, 1) 15 24
(1, 5, 9, 0) 15 24
(2, 4, 1, 8) 2 2
(2, 4, 2, 7) 6 6
(2, 4, 3, 6) 14 14
(2, 4, 4, 5) 22 24
(2, 4, 5, 4) 28 34
(2, 4, 6, 3) 30 42
(2, 4, 7, 2) 30 46
(2, 4, 8, 1) 30 48
(2, 4, 9, 0) 30 48
(3, 3, 0, 9) 1 1
(3, 3, 1, 8) 4 4
(3, 3, 2, 7) 10 10
(3, 3, 3, 6) 20 21
(3, 3, 4, 5) 30 34
(3, 3, 5, 4) 37 47
(3, 3, 6, 3) 40 58
(3, 3, 7, 2) 40 64
(3, 3, 8, 1) 40 67
(3, 3, 9, 0) 40 68
(4, 2, 1, 8) 2 2
(4, 2, 2, 7) 6 6
(4, 2, 3, 6) 14 14
(4, 2, 4, 5) 22 24
(4, 2, 5, 4) 28 34
(4, 2, 6, 3) 30 42
(4, 2, 7, 2) 30 46
(4, 2, 8, 1) 30 48
(4, 2, 9, 0) 30 48
(5, 1, 1, 8) 1 1
(5, 1, 2, 7) 3 3
(5, 1, 3, 6) 7 7
(5, 1, 4, 5) 11 12
(5, 1, 5, 4) 14 17
(5, 1, 6, 3) 15 21
(5, 1, 7, 2) 15 23
(5, 1, 8, 1) 15 24
(5, 1, 9, 0) 15 24
(6, 0, 3, 6) 1 1
(6, 0, 4, 5) 2 2
(6, 0, 5, 4) 3 3
(6, 0, 6, 3) 3 4
(6, 0, 7, 2) 3 4
(6, 0, 8, 1) 3 4
(6, 0, 9, 0) 3 4
