(0, 8, 6, 6) 1 1
(0, 8, 7, 5) 1 1
(0, 8, 8, 4) 1 1
(0, 8, 9, 3) 1 1
(0, 8, 10, 2) 1 1
(0, 8, 11, 1) 1 1
(0, 8, 12, 0) 1 1
(1, 7, 3, 9) 1 1
(1, 7, 4, 8) 3 3
(1, 7, 5, 7) 6 6
(1, 7, 6, 6) 10 10
(1, 7, 7, 5) 12 13
(1, 7, 8, 4) 13 15
(1, 7, 9, 3) 13 16
(1, 7, 10, 2) 13 16
(1, 7, 11, 1) 13 16
(1, 7, 12, 0) 13 16
(2, 6, 3, 9) 4 4
(2, 6, 4, 8) 11 11
(2, 6, 5, 7) 20 20
(2, 6, 6, 6) 31 32
(2, 6, 7, 5) 37 41
(2, 6, 8, 4) 40 48
(2, 6, 9, 3) 40 51
(2, 6, 10, 2) 40 52
(2, 6, 11, 1) 40 52
(2, 6, 12, 0) 40 52
(2, 6, 2, 10) 1 1
(3, 5, 1, 11) 1 1
(3, 5, 2, 10) 4 4
(3, 5, 3, 9) 12 12
(3, 5, 4, 8) 26 26
(3, 5, 5, 7) 44 45
(3, 5, 6, 6) 63 67
(3, 5, 7, 5) 75 86
(3, 5, 8, 4) 81 100
(3, 5, 9, 3) 82 108
(3, 5, 10, 2) 82 111
(3, 5, 11, 1) 82 112
(3, 5, 12, 0) 82 112
(4, 4, 2, 10) 5 5
(4, 4, 3, 9) 14 14
(4, 4, 4, 8) 31 31
(4, 4, 5, 7) 52 53
(4, 4, 6, 6) 75 80
(4, 4, 7, 5) 89 102
(4, 4, 8, 4) 96 119
(4, 4, 9, 3) 97 128
(4, 4, 10, 2) 97 132
(4, 4, 11, 1) 97 133
(4, 4, 12, 0) 97 133
(4, 4, 1, 11) 1 1
(5, 3, 1, 11) 1 1
(5, 3, 2, 10) 4 4
(5, 3, 3, 9) 12 12
(5, 3, 4, 8) 26 26
(5, 3, 5, 7) 44 45
(5, 3, 6, 6) 63 67
(5, 3, 7, 5) 75 86
(5, 3, 8, 4) 81 100
(5, 3, 9, 3) 82 108
(5, 3, 10, 2) 82 111
(5, 3, 11, 1) 82 112
(5, 3, 12, 0) 82 112
(6, 2, 3, 9) 4 4
(6, 2, 4, 8) 11 11
(6, 2, 5, 7) 20 20
(6, 2, 6, 6) 31 32
(6, 2, 7, 5) 37 41
(6, 2, 8, 4) 40 48
(6, 2, 9, 3) 40 51
(6, 2, 10, 2) 40 52
(6, 2, 11, 1) 40 52
(6, 2, 12, 0) 40 52
(6, 2, 2, 10) 1 1
(7, 1, 3, 9) 1 1
(7, 1, 4, 8) 3 3
(7, 1, 5, 7) 6 6
(7, 1, 6, 6) 10 10
(7, 1, 7, 5) 12 13
(7, 1, 8, 4) 13 15
(7, 1, 9, 3) 13 16
(7, 1, 10, 2) 13 16
(7, 1, 11, 1) 13 16
(7, 1, 12, 0) 13 16
(8, 0, 6, 6) 1 1
(8, 0, 7, 5) 1 1
(8, 0, 8, 4) 1 1
(8, 0, 9, 3) 1 1
(8, 0, 10, 2) 1 1
(8, 0, 11, 1) 1 1
(8, 0, 12, 0) 1 1
