(4, 12, 12, 12) 1 1
(4, 12, 13, 11) 1 1
(4, 12, 14, 10) 1 1
(4, 12, 15, 9) 1 1
(4, 12, 16, 8) 1 1
(4, 12, 17, 7) 1 1
(4, 12, 18, 6) 1 1
(4, 12, 19, 5) 1 1
(4, 12, 20, 4) 1 1
(4, 12, 21, 3) 1 1
(4, 12, 22, 2) 1 1
(4, 12, 23, 1) 1 1
(4, 12, 24, 0) 1 1
(5, 11, 9, 15) 1 1
(5, 11, 10, 14) 3 3
(5, 11, 11, 13) 6 6
(5, 11, 12, 12) 10 10
(5, 11, 13, 11) 13 13
(5, 11, 14, 10) 15 15
(5, 11, 15, 9) 16 16
(5, 11, 16, 8) 16 16
(5, 11, 17, 7) 16 16
(5, 11, 18, 6) 16 16
(5, 11, 19, 5) 16 16
(5, 11, 20, 4) 16 16
(5, 11, 21, 3) 16 16
(5, 11, 22, 2) 16 16
(5, 11, 23, 1) 16 16
(5, 11, 24, 0) 16 16
(6, 10, 8, 16) 1 1
(6, 10, 9, 15) 4 4
(6, 10, 10, 14) 11 11
(6, 10, 11, 13) 20 20
(6, 10, 12, 12) 32 32
(6, 10, 13, 11) 41 41
(6, 10, 14, 10) 48 48
(6, 10, 15, 9) 51 51
(6, 10, 16, 8) 52 52
(6, 10, 17, 7) 52 52
(6, 10, 18, 6) 52 52
(6, 10, 19, 5) 52 52
(6, 10, 20, 4) 52 52
(6, 10, 21, 3) 52 52
(6, 10, 22, 2) 52 52
(6, 10, 23, 1) 52 52
(6, 10, 24, 0) 52 52
(7, 9, 9, 15) 12 12
(7, 9, 10, 14) 26 26
(7, 9, 11, 13) 45 45
(7, 9, 12, 12) 67 67
(7, 9, 13, 11) 86 86
(7, 9, 14, 10) 100 100
(7, 9, 15, 9) 107 108
(7, 9, 16, 8) 109 111
(7, 9, 17, 7) 109 112
(7, 9, 18, 6) 109 112
(7, 9, 19, 5) 109 112
(7, 9, 20, 4) 109 112
(7, 9, 21, 3) 109 112
(7, 9, 22, 2) 109 112
(7, 9, 23, 1) 109 112
(7, 9, 24, 0) 109 112
(8, 8, 12, 12) 80 80
(8, 8, 13, 11) 102 102
(8, 8, 14, 10) 119 119
(8, 8, 15, 9) 127 128
(8, 8, 16, 8) 130 132
(8, 8, 17, 7) 130 133
(8, 8, 18, 6) 130 133
(8, 8, 19, 5) 130 133
(8, 8, 20, 4) 130 133
(8, 8, 21, 3) 130 133
(8, 8, 22, 2) 130 133
(8, 8, 23, 1) 130 133
(8, 8, 24, 0) 130 133
(7, 9, 7, 17) 1 1
(7, 9, 8, 16) 4 4
(8, 8, 7, 17) 1 1
(8, 8, 8, 16) 5 5
(8, 8, 9, 15) 14 14
(8, 8, 10, 14) 31 31
(8, 8, 11, 13) 53 53
(9, 7, 9, 15) 12 12
(9, 7, 10, 14) 26 26
(9, 7, 11, 13) 45 45
(9, 7, 12, 12) 67 67
(9, 7, 13, 11) 86 86
(9, 7, 14, 10) 100 100
(9, 7, 15, 9) 107 108
(9, 7, 16, 8) 109 111
(9, 7, 17, 7) 109 112
(9, 7, 18, 6) 109 112
(9, 7, 19, 5) 109 112
(9, 7, 20, 4) 109 112
(9, 7, 21, 3) 109 112
(9, 7, 22, 2) 109 112
(9, 7, 23, 1) 109 112
(9, 7, 24, 0) 109 112
(9, 7, 7, 17) 1 1
(9, 7, 8, 16) 4 4
(10, 6, 8, 16) 1 1
(10, 6, 9, 15) 4 4
(10, 6, 10, 14) 11 11
(10, 6, 11, 13) 20 20
(10, 6, 12, 12) 32 32
(10, 6, 13, 11) 41 41
(10, 6, 14, 10) 48 48
(10, 6, 15, 9) 51 51
(10, 6, 16, 8) 52 52
(10, 6, 17, 7) 52 52
(10, 6, 18, 6) 52 52
(10, 6, 19, 5) 52 52
(10, 6, 20, 4) 52 52
(10, 6, 21, 3) 52 52
(10, 6, 22, 2) 52 52
(10, 6, 23, 1) 52 52
(10, 6, 24, 0) 52 52
(11, 5, 9, 15) 1 1
(11, 5, 10, 14) 3 3
(11, 5, 11, 13) 6 6
(11, 5, 12, 12) 10 10
(11, 5, 13, 11) 13 13
(11, 5, 14, 10) 15 15
(11, 5, 15, 9) 16 16
(11, 5, 16, 8) 16 16
(11, 5, 17, 7) 16 16
(11, 5, 18, 6) 16 16
(11, 5, 19, 5) 16 16
(11, 5, 20, 4) 16 16
(11, 5, 21, 3) 16 16
(11, 5, 22, 2) 16 16
(11, 5, 23, 1) 16 16
(11, 5, 24, 0) 16 16
(12, 4, 12, 12) 1 1
(12, 4, 13, 11) 1 1
(12, 4, 14, 10) 1 1
(12, 4, 15, 9) 1 1
(12, 4, 16, 8) 1 1
(12, 4, 17, 7) 1 1
(12, 4, 18, 6) 1 1
(12, 4, 19, 5) 1 1
(12, 4, 20, 4) 1 1
(12, 4, 21, 3) 1 1
(12, 4, 22, 2) 1 1
(12, 4, 23, 1) 1 1
(12, 4, 24, 0) 1 1
