(4, 14, 12, 15) 1 1
(4, 14, 13, 14) 1 1
(4, 14, 14, 13) 1 1
(4, 14, 15, 12) 1 1
(4, 14, 16, 11) 1 1
(4, 14, 17, 10) 1 1
(4, 14, 18, 9) 1 1
(4, 14, 19, 8) 1 1
(4, 14, 20, 7) 1 1
(4, 14, 21, 6) 1 1
(4, 14, 22, 5) 1 1
(4, 14, 23, 4) 1 1
(4, 14, 24, 3) 1 1
(4, 14, 25, 2) 1 1
(4, 14, 26, 1) 1 1
(4, 14, 27, 0) 1 1
(5, 13, 12, 15) 11 11
(5, 13, 13, 14) 14 14
(5, 13, 14, 13) 16 16
(5, 13, 15, 12) 17 17
(5, 13, 16, 11) 17 17
(5, 13, 17, 10) 17 17
(5, 13, 18, 9) 17 17
(5, 13, 19, 8) 17 17
(5, 13, 20, 7) 17 17
(5, 13, 21, 6) 17 17
(5, 13, 22, 5) 17 17
(5, 13, 23, 4) 17 17
(5, 13, 24, 3) 17 17
(5, 13, 25, 2) 17 17
(5, 13, 26, 1) 17 17
(5, 13, 27, 0) 17 17
(6, 12, 12, 15) 42 43
(6, 12, 13, 14) 53 55
(6, 12, 14, 13) 61 64
(6, 12, 15, 12) 64 68
(6, 12, 16, 11) 65 69
(6, 12, 17, 10) 65 69
(6, 12, 18, 9) 65 69
(6, 12, 19, 8) 65 69
(6, 12, 20, 7) 65 69
(6, 12, 21, 6) 65 69
(6, 12, 22, 5) 65 69
(6, 12, 23, 4) 65 69
(6, 12, 24, 3) 65 69
(6, 12, 25, 2) 65 69
(6, 12, 26, 1) 65 69
(6, 12, 27, 0) 65 69
(5, 13, 9, 18) 1 1
(5, 13, 10, 17) 3 3
(5, 13, 11, 16) 6 6
(6, 12, 9, 18) 5 5
(6, 12, 10, 17) 14 14
(6, 12, 11, 16) 26 26
(7, 11, 9, 18) 17 17
(7, 11, 10, 17) 39 40
(7, 11, 11, 16) 68 71
(7, 11, 12, 15) 102 109
(7, 11, 13, 14) 127 140
(7, 11, 14, 13) 144 163
(7, 11, 15, 12) 151 175
(7, 11, 16, 11) 153 179
(7, 11, 17, 10) 153 180
(7, 11, 18, 9) 153 180
(7, 11, 19, 8) 153 180
(7, 11, 20, 7) 153 180
(7, 11, 21, 6) 153 180
(7, 11, 22, 5) 153 180
(7, 11, 23, 4) 153 180
(7, 11, 24, 3) 153 180
(7, 11, 25, 2) 153 180
(7, 11, 26, 1) 153 180
(7, 11, 27, 0) 153 180
(6, 12, 8, 19) 1 1
(7, 11, 8, 19) 5 5
(8, 10, 8, 19) 10 10
(8, 10, 9, 18) 30 30
(8, 10, 10, 17) 66 68
(8, 10, 11, 16) 112 118
(8, 10, 12, 15) 164 179
(8, 10, 13, 14) 202 229
(8, 10, 14, 13) 227 267
(8, 10, 15, 12) 237 287
(8, 10, 16, 11) 240 295
(8, 10, 17, 10) 240 297
(8, 10, 18, 9) 240 297
(8, 10, 19, 8) 240 297
(8, 10, 20, 7) 240 297
(8, 10, 21, 6) 240 297
(8, 10, 22, 5) 240 297
(8, 10, 23, 4) 240 297
(8, 10, 24, 3) 240 297
(8, 10, 25, 2) 240 297
(8, 10, 26, 1) 240 297
(8, 10, 27, 0) 240 297
(9, 9, 9, 18) 37 38
(9, 9, 10, 17) 79 83
(9, 9, 11, 16) 133 143
(9, 9, 12, 15) 192 214
(9, 9, 13, 14) 236 274
(9, 9, 14, 13) 264 319
(9, 9, 15, 12) 275 344
(9, 9, 16, 11) 278 354
(9, 9, 17, 10) 278 357
(9, 9, 18, 9) 278 357
(9, 9, 19, 8) 278 357
(9, 9, 20, 7) 278 357
(9, 9, 21, 6) 278 357
(9, 9, 22, 5) 278 357
(9, 9, 23, 4) 278 357
(9, 9, 24, 3) 278 357
(9, 9, 25, 2) 278 357
(9, 9, 26, 1) 278 357
(9, 9, 27, 0) 278 357
(10, 8, 12, 15) 164 179
(10, 8, 13, 14) 202 229
(10, 8, 14, 13) 227 267
(10, 8, 15, 12) 237 287
(10, 8, 16, 11) 240 295
(10, 8, 17, 10) 240 297
(10, 8, 18, 9) 240 297
(10, 8, 19, 8) 240 297
(10, 8, 20, 7) 240 297
(10, 8, 21, 6) 240 297
(10, 8, 22, 5) 240 297
(10, 8, 23, 4) 240 297
(10, 8, 24, 3) 240 297
(10, 8, 25, 2) 240 297
(10, 8, 26, 1) 240 297
(10, 8, 27, 0) 240 297
(7, 11, 7, 20) 1 1
(8, 10, 7, 20) 2 2
(9, 9, 7, 20) 3 3
(9, 9, 8, 19) 13 13
(10, 8, 7, 20) 2 2
(10, 8, 8, 19) 10 10
(10, 8, 9, 18) 30 30
(10, 8, 10, 17) 66 68
(10, 8, 11, 16) 112 118
(11, 7, 9, 18) 17 17
(11, 7, 10, 17) 39 40
(11, 7, 11, 16) 68 71
(11, 7, 12, 15) 102 109
(11, 7, 13, 14) 127 140
(11, 7, 14, 13) 144 163
(11, 7, 15, 12) 151 175
(11, 7, 16, 11) 153 179
(11, 7, 17, 10) 153 180
(11, 7, 18, 9) 153 180
(11, 7, 19, 8) 153 180
(11, 7, 20, 7) 153 180
(11, 7, 21, 6) 153 180
(11, 7, 22, 5) 153 180
(11, 7, 23, 4) 153 180
(11, 7, 24, 3) 153 180
(11, 7, 25, 2) 153 180
(11, 7, 26, 1) 153 180
(11, 7, 27, 0) 153 180
(11, 7, 7, 20) 1 1
(11, 7, 8, 19) 5 5
(12, 6, 8, 19) 1 1
(12, 6, 9, 18) 5 5
(12, 6, 10, 17) 14 14
(12, 6, 11, 16) 26 26
(12, 6, 12, 15) 42 43
(12, 6, 13, 14) 53 55
(12, 6, 14, 13) 61 64
(12, 6, 15, 12) 64 68
(12, 6, 16, 11) 65 69
(12, 6, 17, 10) 65 69
(12, 6, 18, 9) 65 69
(12, 6, 19, 8) 65 69
(12, 6, 20, 7) 65 69
(12, 6, 21, 6) 65 69
(12, 6, 22, 5) 65 69
(12, 6, 23, 4) 65 69
(12, 6, 24, 3) 65 69
(12, 6, 25, 2) 65 69
(12, 6, 26, 1) 65 69
(12, 6, 27, 0) 65 69
(13, 5, 9, 18) 1 1
(13, 5, 10, 17) 3 3
(13, 5, 11, 16) 6 6
(13, 5, 12, 15) 11 11
(13, 5, 13, 14) 14 14
(13, 5, 14, 13) 16 16
(13, 5, 15, 12) 17 17
(13, 5, 16, 11) 17 17
(13, 5, 17, 10) 17 17
(13, 5, 18, 9) 17 17
(13, 5, 19, 8) 17 17
(13, 5, 20, 7) 17 17
(13, 5, 21, 6) 17 17
(13, 5, 22, 5) 17 17
(13, 5, 23, 4) 17 17
(13, 5, 24, 3) 17 17
(13, 5, 25, 2) 17 17
(13, 5, 26, 1) 17 17
(13, 5, 27, 0) 17 17
(14, 4, 12, 15) 1 1
(14, 4, 13, 14) 1 1
(14, 4, 14, 13) 1 1
(14, 4, 15, 12) 1 1
(14, 4, 16, 11) 1 1
(14, 4, 17, 10) 1 1
(14, 4, 18, 9) 1 1
(14, 4, 19, 8) 1 1
(14, 4, 20, 7) 1 1
(14, 4, 21, 6) 1 1
(14, 4, 22, 5) 1 1
(14, 4, 23, 4) 1 1
(14, 4, 24, 3) 1 1
(14, 4, 25, 2) 1 1
(14, 4, 26, 1) 1 1
(14, 4, 27, 0) 1 1
