(12, 14, 18, 21) 1 1
(12, 14, 19, 20) 1 1
(12, 14, 20, 19) 1 1
(12, 14, 21, 18) 1 1
(12, 14, 22, 17) 1 1
(12, 14, 23, 16) 1 1
(12, 14, 24, 15) 1 1
(12, 14, 25, 14) 1 1
(12, 14, 26, 13) 1 1
(12, 14, 27, 12) 1 1
(12, 14, 28, 11) 1 1
(12, 14, 29, 10) 1 1
(12, 14, 30, 9) 1 1
(12, 14, 31, 8) 1 1
(12, 14, 32, 7) 1 1
(12, 14, 33, 6) 1 1
(12, 14, 34, 5) 1 1
(12, 14, 35, 4) 1 1
(12, 14, 36, 3) 1 1
(12, 14, 37, 2) 1 1
(12, 14, 38, 1) 1 1
(12, 14, 39, 0) 1 1
(13, 13, 18, 21) 1 1
(13, 13, 19, 20) 1 1
(13, 13, 20, 19) 1 1
(13, 13, 21, 18) 1 1
(13, 13, 22, 17) 1 1
(13, 13, 23, 16) 1 1
(13, 13, 24, 15) 1 1
(13, 13, 25, 14) 1 1
(13, 13, 26, 13) 1 1
(13, 13, 27, 12) 1 1
(13, 13, 28, 11) 1 1
(13, 13, 29, 10) 1 1
(13, 13, 30, 9) 1 1
(13, 13, 31, 8) 1 1
(13, 13, 32, 7) 1 1
(13, 13, 33, 6) 1 1
(13, 13, 34, 5) 1 1
(13, 13, 35, 4) 1 1
(13, 13, 36, 3) 1 1
(13, 13, 37, 2) 1 1
(13, 13, 38, 1) 1 1
(13, 13, 39, 0) 1 1
(14, 12, 18, 21) 1 1
(14, 12, 19, 20) 1 1
(14, 12, 20, 19) 1 1
(14, 12, 21, 18) 1 1
(14, 12, 22, 17) 1 1
(14, 12, 23, 16) 1 1
(14, 12, 24, 15) 1 1
(14, 12, 25, 14) 1 1
(14, 12, 26, 13) 1 1
(14, 12, 27, 12) 1 1
(14, 12, 28, 11) 1 1
(14, 12, 29, 10) 1 1
(14, 12, 30, 9) 1 1
(14, 12, 31, 8) 1 1
(14, 12, 32, 7) 1 1
(14, 12, 33, 6) 1 1
(14, 12, 34, 5) 1 1
(14, 12, 35, 4) 1 1
(14, 12, 36, 3) 1 1
(14, 12, 37, 2) 1 1
(14, 12, 38, 1) 1 1
(14, 12, 39, 0) 1 1
