4 8 6 26 7
8 4 6 26 7
4 8 26 6 7
8 4 26 6 7
3 9 16 16 157
9 3 16 16 157
4 8 15 17 248
8 4 15 17 248
4 8 17 15 248
8 4 17 15 248
0 12 13 19 3
12 0 13 19 3
0 12 19 13 3
12 0 19 13 3
5 7 14 18 296
7 5 14 18 296
5 7 18 14 296
7 5 18 14 296
3 9 2 30 0
9 3 2 30 0
3 9 30 2 0
9 3 30 2 0
0 12 7 25 0
12 0 7 25 0
0 12 25 7 0
12 0 25 7 0
5 7 9 23 70
7 5 9 23 70
5 7 23 9 70
7 5 23 9 70
5 7 12 20 207
7 5 12 20 207
5 7 20 12 207
7 5 20 12 207
1 11 15 17 26
11 1 15 17 26
1 11 17 15 26
11 1 17 15 26
4 8 3 29 0
8 4 3 29 0
4 8 29 3 0
8 4 29 3 0
3 9 3 29 0
9 3 3 29 0
3 9 29 3 0
9 3 29 3 0
3 9 1 31 0
9 3 1 31 0
3 9 31 1 0
9 3 31 1 0
3 9 13 19 119
9 3 13 19 119
3 9 19 13 119
9 3 19 13 119
2 10 15 17 70
10 2 15 17 70
2 10 17 15 70
10 2 17 15 70
5 7 10 22 109
7 5 10 22 109
5 7 22 10 109
7 5 22 10 109
1 11 10 22 7
11 1 10 22 7
1 11 22 10 7
11 1 22 10 7
6 6 2 30 0
6 6 30 2 0
2 10 14 18 64
10 2 14 18 64
2 10 18 14 64
10 2 18 14 64
2 10 2 30 0
10 2 2 30 0
2 10 30 2 0
10 2 30 2 0
6 6 11 21 178
6 6 21 11 178
0 12 10 22 1
12 0 10 22 1
0 12 22 10 1
12 0 22 10 1
3 9 4 28 0
9 3 4 28 0
3 9 28 4 0
9 3 28 4 0
6 6 6 26 12
6 6 26 6 12
6 6 3 29 0
6 6 29 3 0
5 7 3 29 0
7 5 3 29 0
5 7 29 3 0
7 5 29 3 0
3 9 6 26 3
9 3 6 26 3
3 9 26 6 3
9 3 26 6 3
4 8 7 25 16
8 4 7 25 16
4 8 25 7 16
8 4 25 7 16
4 8 10 22 83
8 4 10 22 83
4 8 22 10 83
8 4 22 10 83
6 6 15 17 364
6 6 17 15 364
2 10 12 20 43
10 2 12 20 43
2 10 20 12 43
10 2 20 12 43
6 6 13 19 288
6 6 19 13 288
3 9 12 20 94
9 3 12 20 94
3 9 20 12 94
9 3 20 12 94
1 11 12 20 15
11 1 12 20 15
1 11 20 12 15
11 1 20 12 15
0 12 6 26 0
12 0 6 26 0
0 12 26 6 0
12 0 26 6 0
1 11 7 25 1
11 1 7 25 1
1 11 25 7 1
11 1 25 7 1
3 9 15 17 152
9 3 15 17 152
3 9 17 15 152
9 3 17 15 152
2 10 9 23 12
10 2 9 23 12
2 10 23 9 12
10 2 23 9 12
2 10 4 28 0
10 2 4 28 0
2 10 28 4 0
10 2 28 4 0
4 8 2 30 0
8 4 2 30 0
4 8 30 2 0
8 4 30 2 0
1 11 5 27 0
11 1 5 27 0
1 11 27 5 0
11 1 27 5 0
5 7 5 27 3
7 5 5 27 3
5 7 27 5 3
7 5 27 5 3
4 8 5 27 2
8 4 5 27 2
4 8 27 5 2
8 4 27 5 2
4 8 12 20 158
8 4 12 20 158
4 8 20 12 158
8 4 20 12 158
0 12 14 18 4
12 0 14 18 4
0 12 18 14 4
12 0 18 14 4
6 6 14 18 334
6 6 18 14 334
0 12 12 20 2
12 0 12 20 2
0 12 20 12 2
12 0 20 12 2
1 11 3 29 0
11 1 3 29 0
1 11 29 3 0
11 1 29 3 0
4 8 4 28 0
8 4 4 28 0
4 8 28 4 0
8 4 28 4 0
2 10 13 19 54
10 2 13 19 54
2 10 19 13 54
10 2 19 13 54
6 6 0 32 0
6 6 32 0 0
0 12 11 21 1
12 0 11 21 1
0 12 21 11 1
12 0 21 11 1
3 9 5 27 1
9 3 5 27 1
3 9 27 5 1
9 3 27 5 1
2 10 5 27 0
10 2 5 27 0
2 10 27 5 0
10 2 27 5 0
0 12 8 24 0
12 0 8 24 0
0 12 24 8 0
12 0 24 8 0
1 11 16 16 27
11 1 16 16 27
2 10 3 29 0
10 2 3 29 0
2 10 29 3 0
10 2 29 3 0
5 7 4 28 0
7 5 4 28 0
5 7 28 4 0
7 5 28 4 0
1 11 13 19 20
11 1 13 19 20
1 11 19 13 20
11 1 19 13 20
6 6 10 22 126
6 6 22 10 126
4 8 13 19 195
8 4 13 19 195
4 8 19 13 195
8 4 19 13 195
6 6 5 27 4
6 6 27 5 4
6 6 7 25 26
6 6 25 7 26
0 12 15 17 4
12 0 15 17 4
0 12 17 15 4
12 0 17 15 4
6 6 12 20 235
6 6 20 12 235
4 8 1 31 0
8 4 1 31 0
4 8 31 1 0
8 4 31 1 0
2 10 7 25 3
10 2 7 25 3
2 10 25 7 3
10 2 25 7 3
3 9 14 18 137
9 3 14 18 137
3 9 18 14 137
9 3 18 14 137
1 11 6 26 0
11 1 6 26 0
1 11 26 6 0
11 1 26 6 0
1 11 11 21 11
11 1 11 21 11
1 11 21 11 11
11 1 21 11 11
4 8 16 16 258
8 4 16 16 258
3 9 7 25 9
9 3 7 25 9
3 9 25 7 9
9 3 25 7 9
6 6 8 24 49
6 6 24 8 49
3 9 11 21 71
9 3 11 21 71
3 9 21 11 71
9 3 21 11 71
0 12 16 16 5
12 0 16 16 5
3 9 8 24 17
9 3 8 24 17
3 9 24 8 17
9 3 24 8 17
2 10 10 22 21
10 2 10 22 21
2 10 22 10 21
10 2 22 10 21
6 6 1 31 0
6 6 31 1 0
4 8 14 18 227
8 4 14 18 227
4 8 18 14 227
8 4 18 14 227
2 10 8 24 7
10 2 8 24 7
2 10 24 8 7
10 2 24 8 7
6 6 9 23 80
6 6 23 9 80
5 7 15 17 326
7 5 15 17 326
5 7 17 15 326
7 5 17 15 326
3 9 10 22 48
9 3 10 22 48
3 9 22 10 48
9 3 22 10 48
5 7 7 25 22
7 5 7 25 22
5 7 25 7 22
7 5 25 7 22
5 7 2 30 0
7 5 2 30 0
5 7 30 2 0
7 5 30 2 0
1 11 8 24 2
11 1 8 24 2
1 11 24 8 2
11 1 24 8 2
1 11 4 28 0
11 1 4 28 0
1 11 28 4 0
11 1 28 4 0
5 7 8 24 41
7 5 8 24 41
5 7 24 8 41
7 5 24 8 41
2 10 11 21 31
10 2 11 21 31
2 10 21 11 31
10 2 21 11 31
1 11 14 18 23
11 1 14 18 23
1 11 18 14 23
11 1 18 14 23
0 12 9 23 0
12 0 9 23 0
0 12 23 9 0
12 0 23 9 0
6 6 4 28 1
6 6 28 4 1
4 8 8 24 31
8 4 8 24 31
4 8 24 8 31
8 4 24 8 31
4 8 11 21 119
8 4 11 21 119
4 8 21 11 119
8 4 21 11 119
1 11 9 23 4
11 1 9 23 4
1 11 23 9 4
11 1 23 9 4
2 10 16 16 74
10 2 16 16 74
5 7 1 31 0
7 5 1 31 0
5 7 31 1 0
7 5 31 1 0
5 7 13 19 257
7 5 13 19 257
5 7 19 13 257
7 5 19 13 257
5 7 6 26 9
7 5 6 26 9
5 7 26 6 9
7 5 26 6 9
3 9 9 23 30
9 3 9 23 30
3 9 23 9 30
9 3 23 9 30
6 6 16 16 379
2 10 6 26 1
10 2 6 26 1
2 10 26 6 1
10 2 26 6 1
5 7 16 16 336
7 5 16 16 336
4 8 9 23 52
8 4 9 23 52
4 8 23 9 52
8 4 23 9 52
5 7 11 21 158
7 5 11 21 158
5 7 21 11 158
7 5 21 11 158
