3 6 3 22 1
6 3 3 22 1
3 6 22 3 1
6 3 22 3 1
0 9 11 14 8
9 0 11 14 8
0 9 14 11 8
9 0 14 11 8
3 6 7 18 37
6 3 7 18 37
3 6 18 7 37
6 3 18 7 37
3 6 10 15 95
6 3 10 15 95
3 6 15 10 95
6 3 15 10 95
1 8 4 21 1
8 1 4 21 1
1 8 21 4 1
8 1 21 4 1
2 7 6 19 12
7 2 6 19 12
2 7 19 6 12
7 2 19 6 12
4 5 7 18 45
5 4 7 18 45
4 5 18 7 45
5 4 18 7 45
1 8 8 17 15
8 1 8 17 15
1 8 17 8 15
8 1 17 8 15
0 9 8 17 3
9 0 8 17 3
0 9 17 8 3
9 0 17 8 3
3 6 11 14 108
6 3 11 14 108
3 6 14 11 108
6 3 14 11 108
4 5 10 15 115
5 4 10 15 115
4 5 15 10 115
5 4 15 10 115
2 7 7 18 20
7 2 7 18 20
2 7 18 7 20
7 2 18 7 20
1 8 6 19 6
8 1 6 19 6
1 8 19 6 6
8 1 19 6 6
4 5 3 22 1
5 4 3 22 1
4 5 22 3 1
5 4 22 3 1
0 9 10 15 7
9 0 10 15 7
0 9 15 10 7
9 0 15 10 7
4 5 8 17 66
5 4 8 17 66
4 5 17 8 66
5 4 17 8 66
1 8 1 24 0
8 1 1 24 0
1 8 24 1 0
8 1 24 1 0
1 8 11 14 31
8 1 11 14 31
1 8 14 11 31
8 1 14 11 31
3 6 5 20 12
6 3 5 20 12
3 6 20 5 12
6 3 20 5 12
3 6 12 13 115
6 3 12 13 115
3 6 13 12 115
6 3 13 12 115
1 8 7 18 10
8 1 7 18 10
1 8 18 7 10
8 1 18 7 10
4 5 12 13 139
5 4 12 13 139
4 5 13 12 139
5 4 13 12 139
3 6 2 23 0
6 3 2 23 0
3 6 23 2 0
6 3 23 2 0
0 9 5 20 0
9 0 5 20 0
0 9 20 5 0
9 0 20 5 0
3 6 6 19 23
6 3 6 19 23
3 6 19 6 23
6 3 19 6 23
4 5 4 21 6
5 4 4 21 6
4 5 21 4 6
5 4 21 4 6
1 8 5 20 3
8 1 5 20 3
1 8 20 5 3
8 1 20 5 3
0 9 4 21 0
9 0 4 21 0
0 9 21 4 0
9 0 21 4 0
4 5 6 19 28
5 4 6 19 28
4 5 19 6 28
5 4 19 6 28
1 8 2 23 0
8 1 2 23 0
1 8 23 2 0
8 1 23 2 0
2 7 3 22 0
7 2 3 22 0
2 7 22 3 0
7 2 22 3 0
4 5 11 14 131
5 4 11 14 131
4 5 14 11 131
5 4 14 11 131
2 7 5 20 6
7 2 5 20 6
2 7 20 5 6
7 2 20 5 6
4 5 1 24 0
5 4 1 24 0
4 5 24 1 0
5 4 24 1 0
2 7 9 16 42
7 2 9 16 42
2 7 16 9 42
7 2 16 9 42
0 9 3 22 0
9 0 3 22 0
0 9 22 3 0
9 0 22 3 0
0 9 9 16 5
9 0 9 16 5
0 9 16 9 5
9 0 16 9 5
2 7 11 14 62
7 2 11 14 62
2 7 14 11 62
7 2 14 11 62
3 6 0 25 0
6 3 0 25 0
3 6 25 0 0
6 3 25 0 0
0 9 6 19 1
9 0 6 19 1
0 9 19 6 1
9 0 19 6 1
1 8 10 15 27
8 1 10 15 27
1 8 15 10 27
8 1 15 10 27
4 5 0 25 0
5 4 0 25 0
4 5 25 0 0
5 4 25 0 0
3 6 4 21 5
6 3 4 21 5
3 6 21 4 5
6 3 21 4 5
4 5 9 16 91
5 4 9 16 91
4 5 16 9 91
5 4 16 9 91
1 8 12 13 33
8 1 12 13 33
1 8 13 12 33
8 1 13 12 33
3 6 9 16 75
6 3 9 16 75
3 6 16 9 75
6 3 16 9 75
4 5 5 20 15
5 4 5 20 15
4 5 20 5 15
5 4 20 5 15
1 8 3 22 0
8 1 3 22 0
1 8 22 3 0
8 1 22 3 0
2 7 12 13 66
7 2 12 13 66
2 7 13 12 66
7 2 13 12 66
3 6 1 24 0
6 3 1 24 0
3 6 24 1 0
6 3 24 1 0
3 6 8 17 54
6 3 8 17 54
3 6 17 8 54
6 3 17 8 54
2 7 4 21 2
7 2 4 21 2
2 7 21 4 2
7 2 21 4 2
2 7 10 15 54
7 2 10 15 54
2 7 15 10 54
7 2 15 10 54
0 9 12 13 9
9 0 12 13 9
0 9 13 12 9
9 0 13 12 9
1 8 9 16 21
8 1 9 16 21
1 8 16 9 21
8 1 16 9 21
2 7 1 24 0
7 2 1 24 0
2 7 24 1 0
7 2 24 1 0
2 7 2 23 0
7 2 2 23 0
2 7 23 2 0
7 2 23 2 0
4 5 2 23 0
5 4 2 23 0
4 5 23 2 0
5 4 23 2 0
0 9 7 18 2
9 0 7 18 2
0 9 18 7 2
9 0 18 7 2
2 7 8 17 30
7 2 8 17 30
2 7 17 8 30
7 2 17 8 30
