0 6 9 9 9
6 0 9 9 9
1 5 8 10 18
5 1 8 10 18
1 5 10 8 18
5 1 10 8 18
3 3 8 10 36
3 3 10 8 36
2 4 2 16 1
4 2 2 16 1
2 4 16 2 1
4 2 16 2 1
2 4 6 12 17
4 2 6 12 17
2 4 12 6 17
4 2 12 6 17
2 4 0 18 0
4 2 0 18 0
2 4 18 0 0
4 2 18 0 0
3 3 6 12 24
3 3 12 6 24
3 3 9 9 38
1 5 4 14 6
5 1 4 14 6
1 5 14 4 6
5 1 14 4 6
0 6 7 11 7
6 0 7 11 7
0 6 11 7 7
6 0 11 7 7
1 5 9 9 19
5 1 9 9 19
3 3 7 11 30
3 3 11 7 30
2 4 7 11 22
4 2 7 11 22
2 4 11 7 22
4 2 11 7 22
2 4 1 17 0
4 2 1 17 0
2 4 17 1 0
4 2 17 1 0
1 5 6 12 12
5 1 6 12 12
1 5 12 6 12
5 1 12 6 12
3 3 1 17 0
3 3 17 1 0
1 5 7 11 15
5 1 7 11 15
1 5 11 7 15
5 1 11 7 15
2 4 9 9 28
4 2 9 9 28
0 6 1 17 0
6 0 1 17 0
0 6 17 1 0
6 0 17 1 0
3 3 0 18 0
3 3 18 0 0
2 4 4 14 8
4 2 4 14 8
2 4 14 4 8
4 2 14 4 8
2 4 5 13 13
4 2 5 13 13
2 4 13 5 13
4 2 13 5 13
1 5 0 18 0
5 1 0 18 0
1 5 18 0 0
5 1 18 0 0
3 3 3 15 6
3 3 15 3 6
1 5 5 13 9
5 1 5 13 9
1 5 13 5 9
5 1 13 5 9
0 6 2 16 0
6 0 2 16 0
0 6 16 2 0
6 0 16 2 0
3 3 4 14 12
3 3 14 4 12
2 4 8 10 26
4 2 8 10 26
2 4 10 8 26
4 2 10 8 26
1 5 3 15 3
5 1 3 15 3
1 5 15 3 3
5 1 15 3 3
3 3 5 13 18
3 3 13 5 18
0 6 4 14 2
6 0 4 14 2
0 6 14 4 2
6 0 14 4 2
1 5 2 16 1
5 1 2 16 1
1 5 16 2 1
5 1 16 2 1
0 6 6 12 5
6 0 6 12 5
0 6 12 6 5
6 0 12 6 5
1 5 1 17 0
5 1 1 17 0
1 5 17 1 0
5 1 17 1 0
0 6 3 15 1
6 0 3 15 1
0 6 15 3 1
6 0 15 3 1
0 6 5 13 4
6 0 5 13 4
0 6 13 5 4
6 0 13 5 4
0 6 8 10 8
6 0 8 10 8
0 6 10 8 8
6 0 10 8 8
3 3 2 16 2
3 3 16 2 2
2 4 3 15 4
4 2 3 15 4
2 4 15 3 4
4 2 15 3 4
