11 32 23 34 0
32 11 23 34 0
11 32 34 23 0
32 11 34 23 0
11 32 24 33 0
32 11 24 33 0
11 32 33 24 0
32 11 33 24 0
11 32 25 32 0
32 11 25 32 0
11 32 32 25 0
32 11 32 25 0
11 32 26 31 0
32 11 26 31 0
11 32 31 26 0
32 11 31 26 0
11 32 27 30 0
32 11 27 30 0
11 32 30 27 0
32 11 30 27 0
11 32 28 29 0
32 11 28 29 0
11 32 29 28 0
32 11 29 28 0
12 31 23 34 0
31 12 23 34 0
12 31 34 23 0
31 12 34 23 0
12 31 24 33 0
31 12 24 33 0
12 31 33 24 0
31 12 33 24 0
12 31 25 32 0
31 12 25 32 0
12 31 32 25 0
31 12 32 25 0
12 31 26 31 0
31 12 26 31 0
12 31 31 26 0
31 12 31 26 0
12 31 27 30 0
31 12 27 30 0
12 31 30 27 0
31 12 30 27 0
12 31 28 29 0
31 12 28 29 0
12 31 29 28 0
31 12 29 28 0
13 30 23 34 0
30 13 23 34 0
13 30 34 23 0
30 13 34 23 0
13 30 24 33 0
30 13 24 33 0
13 30 33 24 0
30 13 33 24 0
13 30 25 32 0
30 13 25 32 0
13 30 32 25 0
30 13 32 25 0
13 30 26 31 0
30 13 26 31 0
13 30 31 26 0
30 13 31 26 0
13 30 27 30 0
30 13 27 30 0
13 30 30 27 0
30 13 30 27 0
13 30 28 29 0
30 13 28 29 0
13 30 29 28 0
30 13 29 28 0
14 29 23 34 0
29 14 23 34 0
14 29 34 23 0
29 14 34 23 0
14 29 24 33 0
29 14 24 33 0
14 29 33 24 0
29 14 33 24 0
14 29 25 32 0
29 14 25 32 0
14 29 32 25 0
29 14 32 25 0
14 29 26 31 0
29 14 26 31 0
14 29 31 26 0
29 14 31 26 0
14 29 27 30 0
29 14 27 30 0
14 29 30 27 0
29 14 30 27 0
14 29 28 29 0
29 14 28 29 0
14 29 29 28 0
29 14 29 28 0
15 28 23 34 0
28 15 23 34 0
15 28 34 23 0
28 15 34 23 0
15 28 24 33 0
28 15 24 33 0
15 28 33 24 0
28 15 33 24 0
15 28 25 32 0
28 15 25 32 0
15 28 32 25 0
28 15 32 25 0
15 28 26 31 1
28 15 26 31 1
15 28 31 26 1
28 15 31 26 1
15 28 27 30 2
28 15 27 30 2
15 28 30 27 2
28 15 30 27 2
15 28 28 29 3
28 15 28 29 3
15 28 29 28 3
28 15 29 28 3
12 31 21 36 0
31 12 21 36 0
12 31 36 21 0
31 12 36 21 0
12 31 22 35 0
31 12 22 35 0
12 31 35 22 0
31 12 35 22 0
13 30 21 36 0
30 13 21 36 0
13 30 36 21 0
30 13 36 21 0
13 30 22 35 0
30 13 22 35 0
13 30 35 22 0
30 13 35 22 0
14 29 21 36 0
29 14 21 36 0
14 29 36 21 0
29 14 36 21 0
14 29 22 35 0
29 14 22 35 0
14 29 35 22 0
29 14 35 22 0
15 28 21 36 0
28 15 21 36 0
15 28 36 21 0
28 15 36 21 0
15 28 22 35 0
28 15 22 35 0
15 28 35 22 0
28 15 35 22 0
16 27 21 36 0
27 16 21 36 0
16 27 36 21 0
27 16 36 21 0
16 27 22 35 0
27 16 22 35 0
16 27 35 22 0
27 16 35 22 0
16 27 23 34 0
27 16 23 34 0
16 27 34 23 0
27 16 34 23 0
16 27 24 33 2
27 16 24 33 2
16 27 33 24 2
27 16 33 24 2
16 27 25 32 5
27 16 25 32 5
16 27 32 25 5
27 16 32 25 5
16 27 26 31 11
27 16 26 31 11
16 27 31 26 11
27 16 31 26 11
16 27 27 30 17
27 16 27 30 17
16 27 30 27 17
27 16 30 27 17
16 27 28 29 21
27 16 28 29 21
16 27 29 28 21
27 16 29 28 21
17 26 21 36 0
26 17 21 36 0
17 26 36 21 0
26 17 36 21 0
17 26 22 35 1
26 17 22 35 1
17 26 35 22 1
26 17 35 22 1
17 26 23 34 4
26 17 23 34 4
17 26 34 23 4
26 17 34 23 4
17 26 24 33 13
26 17 24 33 13
17 26 33 24 13
26 17 33 24 13
17 26 25 32 27
26 17 25 32 27
17 26 32 25 27
26 17 32 25 27
17 26 26 31 47
26 17 26 31 47
17 26 31 26 47
26 17 31 26 47
17 26 27 30 66
26 17 27 30 66
17 26 30 27 66
26 17 30 27 66
17 26 28 29 78
26 17 28 29 78
17 26 29 28 78
26 17 29 28 78
18 25 23 34 18
25 18 23 34 18
18 25 34 23 18
25 18 34 23 18
18 25 24 33 44
25 18 24 33 44
18 25 33 24 44
25 18 33 24 44
18 25 25 32 82
25 18 25 32 82
18 25 32 25 82
25 18 32 25 82
18 25 26 31 130
25 18 26 31 130
18 25 31 26 130
25 18 31 26 130
18 25 27 30 174
25 18 27 30 174
18 25 30 27 174
25 18 30 27 174
18 25 28 29 201
25 18 28 29 201
18 25 29 28 201
25 18 29 28 201
13 30 19 38 0
30 13 19 38 0
13 30 38 19 0
30 13 38 19 0
13 30 20 37 0
30 13 20 37 0
13 30 37 20 0
30 13 37 20 0
14 29 19 38 0
29 14 19 38 0
14 29 38 19 0
29 14 38 19 0
14 29 20 37 0
29 14 20 37 0
14 29 37 20 0
29 14 37 20 0
15 28 19 38 0
28 15 19 38 0
15 28 38 19 0
28 15 38 19 0
15 28 20 37 0
28 15 20 37 0
15 28 37 20 0
28 15 37 20 0
16 27 19 38 0
27 16 19 38 0
16 27 38 19 0
27 16 38 19 0
16 27 20 37 0
27 16 20 37 0
16 27 37 20 0
27 16 37 20 0
17 26 19 38 0
26 17 19 38 0
17 26 38 19 0
26 17 38 19 0
17 26 20 37 0
26 17 20 37 0
17 26 37 20 0
26 17 37 20 0
14 29 18 39 0
29 14 18 39 0
14 29 39 18 0
29 14 39 18 0
15 28 18 39 0
28 15 18 39 0
15 28 39 18 0
28 15 39 18 0
16 27 18 39 0
27 16 18 39 0
16 27 39 18 0
27 16 39 18 0
17 26 18 39 0
26 17 18 39 0
17 26 39 18 0
26 17 39 18 0
18 25 18 39 0
25 18 18 39 0
18 25 39 18 0
25 18 39 18 0
18 25 19 38 0
25 18 19 38 0
18 25 38 19 0
25 18 38 19 0
18 25 20 37 0
25 18 20 37 0
18 25 37 20 0
25 18 37 20 0
18 25 21 36 1
25 18 21 36 1
18 25 36 21 1
25 18 36 21 1
18 25 22 35 6
25 18 22 35 6
18 25 35 22 6
25 18 35 22 6
19 24 19 38 0
24 19 19 38 0
19 24 38 19 0
24 19 38 19 0
19 24 20 37 1
24 19 20 37 1
19 24 37 20 1
24 19 37 20 1
19 24 21 36 5
24 19 21 36 5
19 24 36 21 5
24 19 36 21 5
19 24 22 35 18
24 19 22 35 18
19 24 35 22 18
24 19 35 22 18
19 24 23 34 46
24 19 23 34 46
19 24 34 23 46
24 19 34 23 46
19 24 24 33 99
24 19 24 33 99
19 24 33 24 99
24 19 33 24 99
19 24 25 32 173
24 19 25 32 173
19 24 32 25 173
24 19 32 25 173
19 24 26 31 261
24 19 26 31 261
19 24 31 26 261
24 19 31 26 261
19 24 27 30 340
24 19 27 30 340
19 24 30 27 340
24 19 30 27 340
19 24 28 29 387
24 19 28 29 387
19 24 29 28 387
24 19 29 28 387
20 23 22 35 33
23 20 22 35 33
20 23 35 22 33
23 20 35 22 33
20 23 23 34 80
23 20 23 34 80
20 23 34 23 80
23 20 34 23 80
20 23 24 33 163
23 20 24 33 163
20 23 33 24 163
23 20 33 24 163
20 23 25 32 275
23 20 25 32 275
20 23 32 25 275
23 20 32 25 275
20 23 26 31 405
23 20 26 31 405
20 23 31 26 405
23 20 31 26 405
20 23 27 30 520
23 20 27 30 520
20 23 30 27 520
23 20 30 27 520
20 23 28 29 588
23 20 28 29 588
20 23 29 28 588
23 20 29 28 588
15 28 17 40 0
28 15 17 40 0
15 28 40 17 0
28 15 40 17 0
16 27 17 40 0
27 16 17 40 0
16 27 40 17 0
27 16 40 17 0
17 26 17 40 0
26 17 17 40 0
17 26 40 17 0
26 17 40 17 0
18 25 17 40 0
25 18 17 40 0
18 25 40 17 0
25 18 40 17 0
19 24 17 40 0
24 19 17 40 0
19 24 40 17 0
24 19 40 17 0
19 24 18 39 0
24 19 18 39 0
19 24 39 18 0
24 19 39 18 0
20 23 17 40 0
23 20 17 40 0
20 23 40 17 0
23 20 40 17 0
20 23 18 39 0
23 20 18 39 0
20 23 39 18 0
23 20 39 18 0
20 23 19 38 0
23 20 19 38 0
20 23 38 19 0
23 20 38 19 0
20 23 20 37 2
23 20 20 37 2
20 23 37 20 2
23 20 37 20 2
20 23 21 36 10
23 20 21 36 10
20 23 36 21 10
23 20 36 21 10
21 22 19 38 0
22 21 19 38 0
21 22 38 19 0
22 21 38 19 0
21 22 20 37 3
22 21 20 37 3
21 22 37 20 3
22 21 37 20 3
21 22 21 36 14
22 21 21 36 14
21 22 36 21 14
22 21 36 21 14
21 22 22 35 44
22 21 22 35 44
21 22 35 22 44
22 21 35 22 44
21 22 23 34 104
22 21 23 34 104
21 22 34 23 104
22 21 34 23 104
21 22 24 33 207
22 21 24 33 207
21 22 33 24 207
22 21 33 24 207
21 22 25 32 344
22 21 25 32 344
21 22 32 25 344
22 21 32 25 344
21 22 26 31 501
22 21 26 31 501
21 22 31 26 501
22 21 31 26 501
21 22 27 30 639
22 21 27 30 639
21 22 30 27 639
22 21 30 27 639
21 22 28 29 720
22 21 28 29 720
21 22 29 28 720
22 21 29 28 720
21 22 17 40 0
22 21 17 40 0
21 22 40 17 0
22 21 40 17 0
21 22 18 39 0
22 21 18 39 0
21 22 39 18 0
22 21 39 18 0
16 27 16 41 0
27 16 16 41 0
16 27 41 16 0
27 16 41 16 0
17 26 16 41 0
26 17 16 41 0
17 26 41 16 0
26 17 41 16 0
18 25 16 41 0
25 18 16 41 0
18 25 41 16 0
25 18 41 16 0
19 24 16 41 0
24 19 16 41 0
19 24 41 16 0
24 19 41 16 0
20 23 16 41 0
23 20 16 41 0
20 23 41 16 0
23 20 41 16 0
21 22 16 41 0
22 21 16 41 0
21 22 41 16 0
22 21 41 16 0
18 25 15 42 0
25 18 15 42 0
18 25 42 15 0
25 18 42 15 0
19 24 15 42 0
24 19 15 42 0
19 24 42 15 0
24 19 42 15 0
20 23 15 42 0
23 20 15 42 0
20 23 42 15 0
23 20 42 15 0
21 22 15 42 0
22 21 15 42 0
21 22 42 15 0
22 21 42 15 0
