5 29 20 25 0
29 5 20 25 0
5 29 25 20 0
29 5 25 20 0
5 29 21 24 0
29 5 21 24 0
5 29 24 21 0
29 5 24 21 0
5 29 22 23 0
29 5 22 23 0
5 29 23 22 0
29 5 23 22 0
6 28 20 25 0
28 6 20 25 0
6 28 25 20 0
28 6 25 20 0
6 28 21 24 0
28 6 21 24 0
6 28 24 21 0
28 6 24 21 0
6 28 22 23 0
28 6 22 23 0
6 28 23 22 0
28 6 23 22 0
7 27 20 25 0
27 7 20 25 0
7 27 25 20 0
27 7 25 20 0
7 27 21 24 0
27 7 21 24 0
7 27 24 21 0
27 7 24 21 0
7 27 22 23 0
27 7 22 23 0
7 27 23 22 0
27 7 23 22 0
8 26 20 25 0
26 8 20 25 0
8 26 25 20 0
26 8 25 20 0
8 26 21 24 0
26 8 21 24 0
8 26 24 21 0
26 8 24 21 0
8 26 22 23 0
26 8 22 23 0
8 26 23 22 0
26 8 23 22 0
9 25 20 25 3
25 9 20 25 3
9 25 25 20 3
25 9 25 20 3
9 25 21 24 5
25 9 21 24 5
9 25 24 21 5
25 9 24 21 5
9 25 22 23 6
25 9 22 23 6
9 25 23 22 6
25 9 23 22 6
6 28 16 29 0
28 6 16 29 0
6 28 29 16 0
28 6 29 16 0
6 28 17 28 0
28 6 17 28 0
6 28 28 17 0
28 6 28 17 0
6 28 18 27 0
28 6 18 27 0
6 28 27 18 0
28 6 27 18 0
6 28 19 26 0
28 6 19 26 0
6 28 26 19 0
28 6 26 19 0
7 27 16 29 0
27 7 16 29 0
7 27 29 16 0
27 7 29 16 0
7 27 17 28 0
27 7 17 28 0
7 27 28 17 0
27 7 28 17 0
7 27 18 27 0
27 7 18 27 0
7 27 27 18 0
27 7 27 18 0
7 27 19 26 0
27 7 19 26 0
7 27 26 19 0
27 7 26 19 0
8 26 16 29 0
26 8 16 29 0
8 26 29 16 0
26 8 29 16 0
8 26 17 28 0
26 8 17 28 0
8 26 28 17 0
26 8 28 17 0
8 26 18 27 0
26 8 18 27 0
8 26 27 18 0
26 8 27 18 0
8 26 19 26 0
26 8 19 26 0
8 26 26 19 0
26 8 26 19 0
9 25 16 29 0
25 9 16 29 0
9 25 29 16 0
25 9 29 16 0
9 25 17 28 0
25 9 17 28 0
9 25 28 17 0
25 9 28 17 0
9 25 18 27 0
25 9 18 27 0
9 25 27 18 0
25 9 27 18 0
9 25 19 26 1
25 9 19 26 1
9 25 26 19 1
25 9 26 19 1
10 24 16 29 0
24 10 16 29 0
10 24 29 16 0
24 10 29 16 0
10 24 17 28 2
24 10 17 28 2
10 24 28 17 2
24 10 28 17 2
10 24 18 27 7
24 10 18 27 7
10 24 27 18 7
24 10 27 18 7
10 24 19 26 16
24 10 19 26 16
10 24 26 19 16
24 10 26 19 16
10 24 20 25 28
24 10 20 25 28
10 24 25 20 28
24 10 25 20 28
10 24 21 24 41
24 10 21 24 41
10 24 24 21 41
24 10 24 21 41
10 24 22 23 48
24 10 22 23 48
10 24 23 22 48
24 10 23 22 48
11 23 16 29 5
23 11 16 29 5
11 23 29 16 5
23 11 29 16 5
11 23 17 28 18
23 11 17 28 18
11 23 28 17 18
23 11 28 17 18
11 23 18 27 44
23 11 18 27 44
11 23 27 18 44
23 11 27 18 44
11 23 19 26 84
23 11 19 26 84
11 23 26 19 84
23 11 26 19 84
11 23 20 25 133
23 11 20 25 133
11 23 25 20 133
23 11 25 20 133
11 23 21 24 180
23 11 21 24 180
11 23 24 21 180
23 11 24 21 180
11 23 22 23 207
23 11 22 23 207
11 23 23 22 207
23 11 23 22 207
7 27 14 31 0
27 7 14 31 0
7 27 31 14 0
27 7 31 14 0
7 27 15 30 0
27 7 15 30 0
7 27 30 15 0
27 7 30 15 0
8 26 14 31 0
26 8 14 31 0
8 26 31 14 0
26 8 31 14 0
8 26 15 30 0
26 8 15 30 0
8 26 30 15 0
26 8 30 15 0
9 25 14 31 0
25 9 14 31 0
9 25 31 14 0
25 9 31 14 0
9 25 15 30 0
25 9 15 30 0
9 25 30 15 0
25 9 30 15 0
10 24 14 31 0
24 10 14 31 0
10 24 31 14 0
24 10 31 14 0
10 24 15 30 0
24 10 15 30 0
10 24 30 15 0
24 10 30 15 0
11 23 14 31 0
23 11 14 31 0
11 23 31 14 0
23 11 31 14 0
11 23 15 30 1
23 11 15 30 1
11 23 30 15 1
23 11 30 15 1
8 26 13 32 0
26 8 13 32 0
8 26 32 13 0
26 8 32 13 0
9 25 13 32 0
25 9 13 32 0
9 25 32 13 0
25 9 32 13 0
10 24 13 32 0
24 10 13 32 0
10 24 32 13 0
24 10 32 13 0
11 23 13 32 0
23 11 13 32 0
11 23 32 13 0
23 11 32 13 0
12 22 13 32 0
22 12 13 32 0
12 22 32 13 0
22 12 32 13 0
12 22 14 31 1
22 12 14 31 1
12 22 31 14 1
22 12 31 14 1
12 22 15 30 8
22 12 15 30 8
12 22 30 15 8
22 12 30 15 8
12 22 16 29 28
22 12 16 29 28
12 22 29 16 28
22 12 29 16 28
12 22 17 28 76
22 12 17 28 76
12 22 28 17 76
22 12 28 17 76
12 22 18 27 160
22 12 18 27 160
12 22 27 18 160
22 12 27 18 160
12 22 19 26 280
22 12 19 26 280
12 22 26 19 280
22 12 26 19 280
12 22 20 25 418
22 12 20 25 418
12 22 25 20 418
22 12 25 20 418
12 22 21 24 544
22 12 21 24 544
12 22 24 21 544
22 12 24 21 544
12 22 22 23 617
22 12 22 23 617
12 22 23 22 617
22 12 23 22 617
13 21 14 31 7
21 13 14 31 7
13 21 31 14 7
21 13 31 14 7
13 21 15 30 31
21 13 15 30 31
13 21 30 15 31
21 13 30 15 31
13 21 16 29 91
21 13 16 29 91
13 21 29 16 91
21 13 29 16 91
13 21 17 28 214
21 13 17 28 214
13 21 28 17 214
21 13 28 17 214
13 21 18 27 415
21 13 18 27 415
13 21 27 18 415
21 13 27 18 415
13 21 19 26 687
21 13 19 26 687
13 21 26 19 687
21 13 26 19 687
13 21 20 25 990
21 13 20 25 990
13 21 25 20 990
21 13 25 20 990
13 21 21 24 1258
21 13 21 24 1258
13 21 24 21 1258
21 13 24 21 1258
13 21 22 23 1413
21 13 22 23 1413
13 21 23 22 1413
21 13 23 22 1413
9 25 12 33 0
25 9 12 33 0
9 25 33 12 0
25 9 33 12 0
10 24 12 33 0
24 10 12 33 0
10 24 33 12 0
24 10 33 12 0
11 23 12 33 0
23 11 12 33 0
11 23 33 12 0
23 11 33 12 0
12 22 12 33 0
22 12 12 33 0
12 22 33 12 0
22 12 33 12 0
13 21 12 33 0
21 13 12 33 0
13 21 33 12 0
21 13 33 12 0
13 21 13 32 1
21 13 13 32 1
13 21 32 13 1
21 13 32 13 1
14 20 12 33 0
20 14 12 33 0
14 20 33 12 0
20 14 33 12 0
14 20 13 32 4
20 14 13 32 4
14 20 32 13 4
20 14 32 13 4
14 20 14 31 21
20 14 14 31 21
14 20 31 14 21
20 14 31 14 21
14 20 15 30 77
20 14 15 30 77
14 20 30 15 77
20 14 30 15 77
14 20 16 29 204
20 14 16 29 204
14 20 29 16 204
20 14 29 16 204
14 20 17 28 447
20 14 17 28 447
14 20 28 17 447
20 14 28 17 447
14 20 18 27 825
20 14 18 27 825
14 20 27 18 825
20 14 27 18 825
14 20 19 26 1321
20 14 19 26 1321
14 20 26 19 1321
20 14 26 19 1321
14 20 20 25 1859
20 14 20 25 1859
14 20 25 20 1859
20 14 25 20 1859
14 20 21 24 2327
20 14 21 24 2327
14 20 24 21 2327
20 14 24 21 2327
14 20 22 23 2597
20 14 22 23 2597
14 20 23 22 2597
20 14 23 22 2597
15 19 14 31 44
19 15 14 31 44
15 19 31 14 44
19 15 31 14 44
15 19 15 30 142
19 15 15 30 142
15 19 30 15 142
19 15 30 15 142
15 19 16 29 354
19 15 16 29 354
15 19 29 16 354
19 15 29 16 354
15 19 17 28 740
19 15 17 28 740
15 19 28 17 740
19 15 28 17 740
15 19 18 27 1324
19 15 18 27 1324
15 19 27 18 1324
19 15 27 18 1324
15 19 19 26 2073
19 15 19 26 2073
15 19 26 19 2073
19 15 26 19 2073
15 19 20 25 2874
19 15 20 25 2874
15 19 25 20 2874
19 15 25 20 2874
15 19 21 24 3562
19 15 21 24 3562
15 19 24 21 3562
19 15 24 21 3562
15 19 22 23 3958
19 15 22 23 3958
15 19 23 22 3958
19 15 23 22 3958
15 19 12 33 1
19 15 12 33 1
15 19 33 12 1
19 15 33 12 1
15 19 13 32 10
19 15 13 32 10
15 19 32 13 10
19 15 32 13 10
16 18 13 32 16
18 16 13 32 16
16 18 32 13 16
18 16 32 13 16
16 18 14 31 65
18 16 14 31 65
16 18 31 14 65
18 16 31 14 65
16 18 15 30 200
18 16 15 30 200
16 18 30 15 200
18 16 30 15 200
16 18 16 29 483
18 16 16 29 483
16 18 29 16 483
18 16 29 16 483
16 18 17 28 988
18 16 17 28 988
16 18 28 17 988
18 16 28 17 988
16 18 18 27 1739
18 16 18 27 1739
16 18 27 18 1739
18 16 27 18 1739
16 18 19 26 2692
18 16 19 26 2692
16 18 26 19 2692
18 16 26 19 2692
16 18 20 25 3702
18 16 20 25 3702
16 18 25 20 3702
18 16 25 20 3702
16 18 21 24 4565
18 16 21 24 4565
16 18 24 21 4565
18 16 24 21 4565
16 18 22 23 5060
18 16 22 23 5060
16 18 23 22 5060
18 16 23 22 5060
17 17 16 29 538
17 17 29 16 538
17 17 17 28 1090
17 17 28 17 1090
17 17 18 27 1907
17 17 27 18 1907
17 17 19 26 2939
17 17 26 19 2939
17 17 20 25 4031
17 17 25 20 4031
17 17 21 24 4961
17 17 24 21 4961
17 17 22 23 5494
17 17 23 22 5494
17 17 14 31 75
17 17 31 14 75
17 17 15 30 225
17 17 30 15 225
10 24 10 35 0
24 10 10 35 0
10 24 35 10 0
24 10 35 10 0
10 24 11 34 0
24 10 11 34 0
10 24 34 11 0
24 10 34 11 0
11 23 10 35 0
23 11 10 35 0
11 23 35 10 0
23 11 35 10 0
11 23 11 34 0
23 11 11 34 0
11 23 34 11 0
23 11 34 11 0
12 22 10 35 0
22 12 10 35 0
12 22 35 10 0
22 12 35 10 0
12 22 11 34 0
22 12 11 34 0
12 22 34 11 0
22 12 34 11 0
13 21 10 35 0
21 13 10 35 0
13 21 35 10 0
21 13 35 10 0
13 21 11 34 0
21 13 11 34 0
13 21 34 11 0
21 13 34 11 0
14 20 10 35 0
20 14 10 35 0
14 20 35 10 0
20 14 35 10 0
14 20 11 34 0
20 14 11 34 0
14 20 34 11 0
20 14 34 11 0
15 19 10 35 0
19 15 10 35 0
15 19 35 10 0
19 15 35 10 0
15 19 11 34 0
19 15 11 34 0
15 19 34 11 0
19 15 34 11 0
16 18 12 33 2
18 16 12 33 2
16 18 33 12 2
18 16 33 12 2
12 22 9 36 0
22 12 9 36 0
12 22 36 9 0
22 12 36 9 0
13 21 9 36 0
21 13 9 36 0
13 21 36 9 0
21 13 36 9 0
14 20 9 36 0
20 14 9 36 0
14 20 36 9 0
20 14 36 9 0
15 19 9 36 0
19 15 9 36 0
15 19 36 9 0
19 15 36 9 0
16 18 9 36 0
18 16 9 36 0
16 18 36 9 0
18 16 36 9 0
16 18 10 35 0
18 16 10 35 0
16 18 35 10 0
18 16 35 10 0
16 18 11 34 0
18 16 11 34 0
16 18 34 11 0
18 16 34 11 0
17 17 10 35 0
17 17 35 10 0
17 17 11 34 0
17 17 34 11 0
17 17 12 33 3
17 17 33 12 3
17 17 13 32 19
17 17 32 13 19
13 21 8 37 0
21 13 8 37 0
13 21 37 8 0
21 13 37 8 0
14 20 8 37 0
20 14 8 37 0
14 20 37 8 0
20 14 37 8 0
15 19 8 37 0
19 15 8 37 0
15 19 37 8 0
19 15 37 8 0
16 18 8 37 0
18 16 8 37 0
16 18 37 8 0
18 16 37 8 0
17 17 8 37 0
17 17 37 8 0
17 17 9 36 0
17 17 36 9 0
