4 27 16 25 0
27 4 16 25 0
4 27 25 16 0
27 4 25 16 0
4 27 17 24 0
27 4 17 24 0
4 27 24 17 0
27 4 24 17 0
4 27 18 23 0
27 4 18 23 0
4 27 23 18 0
27 4 23 18 0
4 27 19 22 0
27 4 19 22 0
4 27 22 19 0
27 4 22 19 0
4 27 20 21 0
27 4 20 21 0
4 27 21 20 0
27 4 21 20 0
5 26 16 25 0
26 5 16 25 0
5 26 25 16 0
26 5 25 16 0
5 26 17 24 0
26 5 17 24 0
5 26 24 17 0
26 5 24 17 0
5 26 18 23 0
26 5 18 23 0
5 26 23 18 0
26 5 23 18 0
5 26 19 22 0
26 5 19 22 0
5 26 22 19 0
26 5 22 19 0
5 26 20 21 0
26 5 20 21 0
5 26 21 20 0
26 5 21 20 0
6 25 16 25 0
25 6 16 25 0
6 25 25 16 0
25 6 25 16 0
6 25 17 24 0
25 6 17 24 0
6 25 24 17 0
25 6 24 17 0
6 25 18 23 0
25 6 18 23 0
6 25 23 18 0
25 6 23 18 0
6 25 19 22 0
25 6 19 22 0
6 25 22 19 0
25 6 22 19 0
6 25 20 21 0
25 6 20 21 0
6 25 21 20 0
25 6 21 20 0
7 24 16 25 0
24 7 16 25 0
7 24 25 16 0
24 7 25 16 0
7 24 17 24 0
24 7 17 24 0
7 24 24 17 0
24 7 24 17 0
7 24 18 23 1
24 7 18 23 1
7 24 23 18 1
24 7 23 18 1
7 24 19 22 2
24 7 19 22 2
7 24 22 19 2
24 7 22 19 2
7 24 20 21 3
24 7 20 21 3
7 24 21 20 3
24 7 21 20 3
8 23 16 25 4
23 8 16 25 4
8 23 25 16 4
23 8 25 16 4
8 23 17 24 9
23 8 17 24 9
8 23 24 17 9
23 8 24 17 9
8 23 18 23 17
23 8 18 23 17
8 23 23 18 17
23 8 23 18 17
8 23 19 22 25
23 8 19 22 25
8 23 22 19 25
23 8 22 19 25
8 23 20 21 30
23 8 20 21 30
8 23 21 20 30
23 8 21 20 30
5 26 13 28 0
26 5 13 28 0
5 26 28 13 0
26 5 28 13 0
5 26 14 27 0
26 5 14 27 0
5 26 27 14 0
26 5 27 14 0
5 26 15 26 0
26 5 15 26 0
5 26 26 15 0
26 5 26 15 0
6 25 13 28 0
25 6 13 28 0
6 25 28 13 0
25 6 28 13 0
6 25 14 27 0
25 6 14 27 0
6 25 27 14 0
25 6 27 14 0
6 25 15 26 0
25 6 15 26 0
6 25 26 15 0
25 6 26 15 0
7 24 13 28 0
24 7 13 28 0
7 24 28 13 0
24 7 28 13 0
7 24 14 27 0
24 7 14 27 0
7 24 27 14 0
24 7 27 14 0
7 24 15 26 0
24 7 15 26 0
7 24 26 15 0
24 7 26 15 0
8 23 13 28 0
23 8 13 28 0
8 23 28 13 0
23 8 28 13 0
8 23 14 27 0
23 8 14 27 0
8 23 27 14 0
23 8 27 14 0
8 23 15 26 1
23 8 15 26 1
8 23 26 15 1
23 8 26 15 1
9 22 13 28 0
22 9 13 28 0
9 22 28 13 0
22 9 28 13 0
9 22 14 27 3
22 9 14 27 3
9 22 27 14 3
22 9 27 14 3
9 22 15 26 11
22 9 15 26 11
9 22 26 15 11
22 9 26 15 11
9 22 16 25 29
22 9 16 25 29
9 22 25 16 29
22 9 25 16 29
9 22 17 24 57
22 9 17 24 57
9 22 24 17 57
22 9 24 17 57
9 22 18 23 93
22 9 18 23 93
9 22 23 18 93
22 9 23 18 93
9 22 19 22 126
22 9 19 22 126
9 22 22 19 126
22 9 22 19 126
9 22 20 21 147
22 9 20 21 147
9 22 21 20 147
22 9 21 20 147
10 21 13 28 5
21 10 13 28 5
10 21 28 13 5
21 10 28 13 5
10 21 14 27 21
21 10 14 27 21
10 21 27 14 21
21 10 27 14 21
10 21 15 26 57
21 10 15 26 57
10 21 26 15 57
21 10 26 15 57
10 21 16 25 123
21 10 16 25 123
10 21 25 16 123
21 10 25 16 123
10 21 17 24 218
21 10 17 24 218
10 21 24 17 218
21 10 24 17 218
10 21 18 23 330
21 10 18 23 330
10 21 23 18 330
21 10 23 18 330
10 21 19 22 430
21 10 19 22 430
10 21 22 19 430
21 10 22 19 430
10 21 20 21 491
21 10 20 21 491
10 21 21 20 491
21 10 21 20 491
6 25 12 29 0
25 6 12 29 0
6 25 29 12 0
25 6 29 12 0
7 24 12 29 0
24 7 12 29 0
7 24 29 12 0
24 7 29 12 0
8 23 12 29 0
23 8 12 29 0
8 23 29 12 0
23 8 29 12 0
9 22 12 29 0
22 9 12 29 0
9 22 29 12 0
22 9 29 12 0
10 21 12 29 1
21 10 12 29 1
10 21 29 12 1
21 10 29 12 1
7 24 11 30 0
24 7 11 30 0
7 24 30 11 0
24 7 30 11 0
8 23 11 30 0
23 8 11 30 0
8 23 30 11 0
23 8 30 11 0
9 22 11 30 0
22 9 11 30 0
9 22 30 11 0
22 9 30 11 0
10 21 11 30 0
21 10 11 30 0
10 21 30 11 0
21 10 30 11 0
11 20 11 30 0
20 11 11 30 0
11 20 30 11 0
20 11 30 11 0
11 20 12 29 5
20 11 12 29 5
11 20 29 12 5
20 11 29 12 5
11 20 13 28 23
20 11 13 28 23
11 20 28 13 23
20 11 28 13 23
11 20 14 27 74
20 11 14 27 74
11 20 27 14 74
20 11 27 14 74
11 20 15 26 177
20 11 15 26 177
11 20 26 15 177
20 11 26 15 177
11 20 16 25 351
20 11 16 25 351
11 20 25 16 351
20 11 25 16 351
11 20 17 24 586
20 11 17 24 586
11 20 24 17 586
20 11 24 17 586
11 20 18 23 852
20 11 18 23 852
11 20 23 18 852
20 11 23 18 852
11 20 19 22 1085
20 11 19 22 1085
11 20 22 19 1085
20 11 22 19 1085
11 20 20 21 1223
20 11 20 21 1223
11 20 21 20 1223
20 11 21 20 1223
12 19 12 29 19
19 12 12 29 19
12 19 29 12 19
19 12 29 12 19
12 19 13 28 68
19 12 13 28 68
12 19 28 13 68
19 12 28 13 68
12 19 14 27 188
19 12 14 27 188
12 19 27 14 188
19 12 27 14 188
12 19 15 26 413
19 12 15 26 413
12 19 26 15 413
19 12 26 15 413
12 19 16 25 769
19 12 16 25 769
12 19 25 16 769
19 12 25 16 769
12 19 17 24 1235
19 12 17 24 1235
12 19 24 17 1235
19 12 24 17 1235
12 19 18 23 1746
19 12 18 23 1746
12 19 23 18 1746
19 12 23 18 1746
12 19 19 22 2186
19 12 19 22 2186
12 19 22 19 2186
19 12 22 19 2186
12 19 20 21 2445
19 12 20 21 2445
12 19 21 20 2445
19 12 21 20 2445
12 19 11 30 3
19 12 11 30 3
12 19 30 11 3
19 12 30 11 3
13 18 11 30 9
18 13 11 30 9
13 18 30 11 9
18 13 30 11 9
13 18 12 29 44
18 13 12 29 44
13 18 29 12 44
18 13 29 12 44
13 18 13 28 140
18 13 13 28 140
13 18 28 13 140
18 13 28 13 140
13 18 14 27 357
18 13 14 27 357
13 18 27 14 357
18 13 27 14 357
13 18 15 26 746
18 13 15 26 746
13 18 26 15 746
18 13 26 15 746
13 18 16 25 1340
18 13 16 25 1340
13 18 25 16 1340
18 13 25 16 1340
13 18 17 24 2099
18 13 17 24 2099
13 18 24 17 2099
18 13 24 17 2099
13 18 18 23 2916
18 13 18 23 2916
13 18 23 18 2916
18 13 23 18 2916
13 18 19 22 3612
18 13 19 22 3612
13 18 22 19 3612
18 13 22 19 3612
13 18 20 21 4018
18 13 20 21 4018
13 18 21 20 4018
18 13 21 20 4018
14 17 13 28 223
17 14 13 28 223
14 17 28 13 223
17 14 28 13 223
14 17 14 27 540
17 14 14 27 540
14 17 27 14 540
17 14 27 14 540
14 17 15 26 1094
17 14 15 26 1094
14 17 26 15 1094
17 14 26 15 1094
14 17 16 25 1922
17 14 16 25 1922
14 17 25 16 1922
17 14 25 16 1922
14 17 17 24 2963
17 14 17 24 2963
14 17 24 17 2963
17 14 24 17 2963
14 17 18 23 4071
17 14 18 23 4071
14 17 23 18 4071
17 14 23 18 4071
14 17 19 22 5010
17 14 19 22 5010
14 17 22 19 5010
17 14 22 19 5010
14 17 20 21 5553
17 14 20 21 5553
14 17 21 20 5553
17 14 21 20 5553
14 17 12 29 75
17 14 12 29 75
14 17 29 12 75
17 14 29 12 75
15 16 13 28 277
16 15 13 28 277
15 16 28 13 277
16 15 28 13 277
15 16 14 27 659
16 15 14 27 659
15 16 27 14 659
16 15 27 14 659
15 16 15 26 1317
16 15 15 26 1317
15 16 26 15 1317
16 15 26 15 1317
15 16 16 25 2290
16 15 16 25 2290
15 16 25 16 2290
16 15 25 16 2290
15 16 17 24 3507
16 15 17 24 3507
15 16 24 17 3507
16 15 24 17 3507
15 16 18 23 4794
16 15 18 23 4794
15 16 23 18 4794
16 15 23 18 4794
15 16 19 22 5880
16 15 19 22 5880
15 16 22 19 5880
16 15 22 19 5880
15 16 20 21 6508
16 15 20 21 6508
15 16 21 20 6508
16 15 21 20 6508
7 24 10 31 0
24 7 10 31 0
7 24 31 10 0
24 7 31 10 0
8 23 10 31 0
23 8 10 31 0
8 23 31 10 0
23 8 31 10 0
9 22 10 31 0
22 9 10 31 0
9 22 31 10 0
22 9 31 10 0
10 21 10 31 0
21 10 10 31 0
10 21 31 10 0
21 10 31 10 0
11 20 10 31 0
20 11 10 31 0
11 20 31 10 0
20 11 31 10 0
8 23 9 32 0
23 8 9 32 0
8 23 32 9 0
23 8 32 9 0
9 22 9 32 0
22 9 9 32 0
9 22 32 9 0
22 9 32 9 0
10 21 9 32 0
21 10 9 32 0
10 21 32 9 0
21 10 32 9 0
11 20 9 32 0
20 11 9 32 0
11 20 32 9 0
20 11 32 9 0
12 19 9 32 0
19 12 9 32 0
12 19 32 9 0
19 12 32 9 0
12 19 10 31 0
19 12 10 31 0
12 19 31 10 0
19 12 31 10 0
13 18 10 31 1
18 13 10 31 1
13 18 31 10 1
18 13 31 10 1
9 22 8 33 0
22 9 8 33 0
9 22 33 8 0
22 9 33 8 0
10 21 8 33 0
21 10 8 33 0
10 21 33 8 0
21 10 33 8 0
11 20 8 33 0
20 11 8 33 0
11 20 33 8 0
20 11 33 8 0
12 19 8 33 0
19 12 8 33 0
12 19 33 8 0
19 12 33 8 0
13 18 8 33 0
18 13 8 33 0
13 18 33 8 0
18 13 33 8 0
13 18 9 32 0
18 13 9 32 0
13 18 32 9 0
18 13 32 9 0
14 17 8 33 0
17 14 8 33 0
14 17 33 8 0
17 14 33 8 0
14 17 9 32 0
17 14 9 32 0
14 17 32 9 0
17 14 32 9 0
14 17 10 31 3
17 14 10 31 3
14 17 31 10 3
17 14 31 10 3
14 17 11 30 18
17 14 11 30 18
14 17 30 11 18
17 14 30 11 18
15 16 10 31 4
16 15 10 31 4
15 16 31 10 4
16 15 31 10 4
15 16 11 30 24
16 15 11 30 24
15 16 30 11 24
16 15 30 11 24
15 16 12 29 96
16 15 12 29 96
15 16 29 12 96
16 15 29 12 96
15 16 8 33 0
16 15 8 33 0
15 16 33 8 0
16 15 33 8 0
15 16 9 32 0
16 15 9 32 0
15 16 32 9 0
16 15 32 9 0
10 21 7 34 0
21 10 7 34 0
10 21 34 7 0
21 10 34 7 0
11 20 7 34 0
20 11 7 34 0
11 20 34 7 0
20 11 34 7 0
12 19 7 34 0
19 12 7 34 0
12 19 34 7 0
19 12 34 7 0
13 18 7 34 0
18 13 7 34 0
13 18 34 7 0
18 13 34 7 0
14 17 7 34 0
17 14 7 34 0
14 17 34 7 0
17 14 34 7 0
15 16 7 34 0
16 15 7 34 0
15 16 34 7 0
16 15 34 7 0
12 19 6 35 0
19 12 6 35 0
12 19 35 6 0
19 12 35 6 0
13 18 6 35 0
18 13 6 35 0
13 18 35 6 0
18 13 35 6 0
14 17 6 35 0
17 14 6 35 0
14 17 35 6 0
17 14 35 6 0
15 16 6 35 0
16 15 6 35 0
15 16 35 6 0
16 15 35 6 0
