7 30 20 29 0
30 7 20 29 0
7 30 29 20 0
30 7 29 20 0
7 30 21 28 0
30 7 21 28 0
7 30 28 21 0
30 7 28 21 0
7 30 22 27 0
30 7 22 27 0
7 30 27 22 0
30 7 27 22 0
7 30 23 26 0
30 7 23 26 0
7 30 26 23 0
30 7 26 23 0
7 30 24 25 0
30 7 24 25 0
7 30 25 24 0
30 7 25 24 0
8 29 20 29 0
29 8 20 29 0
8 29 29 20 0
29 8 29 20 0
8 29 21 28 0
29 8 21 28 0
8 29 28 21 0
29 8 28 21 0
8 29 22 27 0
29 8 22 27 0
8 29 27 22 0
29 8 27 22 0
8 29 23 26 0
29 8 23 26 0
8 29 26 23 0
29 8 26 23 0
8 29 24 25 0
29 8 24 25 0
8 29 25 24 0
29 8 25 24 0
9 28 20 29 0
28 9 20 29 0
9 28 29 20 0
28 9 29 20 0
9 28 21 28 0
28 9 21 28 0
9 28 28 21 0
28 9 28 21 0
9 28 22 27 0
28 9 22 27 0
9 28 27 22 0
28 9 27 22 0
9 28 23 26 0
28 9 23 26 0
9 28 26 23 0
28 9 26 23 0
9 28 24 25 0
28 9 24 25 0
9 28 25 24 0
28 9 25 24 0
10 27 20 29 0
27 10 20 29 0
10 27 29 20 0
27 10 29 20 0
10 27 21 28 0
27 10 21 28 0
10 27 28 21 0
27 10 28 21 0
10 27 22 27 0
27 10 22 27 0
10 27 27 22 0
27 10 27 22 0
10 27 23 26 0
27 10 23 26 0
10 27 26 23 0
27 10 26 23 0
10 27 24 25 0
27 10 24 25 0
10 27 25 24 0
27 10 25 24 0
11 26 20 29 0
26 11 20 29 0
11 26 29 20 0
26 11 29 20 0
11 26 21 28 2
26 11 21 28 2
11 26 28 21 2
26 11 28 21 2
11 26 22 27 4
26 11 22 27 4
11 26 27 22 4
26 11 27 22 4
11 26 23 26 6
26 11 23 26 6
11 26 26 23 6
26 11 26 23 6
11 26 24 25 8
26 11 24 25 8
11 26 25 24 8
26 11 25 24 8
12 25 20 29 7
25 12 20 29 7
12 25 29 20 7
25 12 29 20 7
12 25 21 28 18
25 12 21 28 18
12 25 28 21 18
25 12 28 21 18
12 25 22 27 31
25 12 22 27 31
12 25 27 22 31
25 12 27 22 31
12 25 23 26 44
25 12 23 26 44
12 25 26 23 44
25 12 26 23 44
12 25 24 25 53
25 12 24 25 53
12 25 25 24 53
25 12 25 24 53
8 29 17 32 0
29 8 17 32 0
8 29 32 17 0
29 8 32 17 0
8 29 18 31 0
29 8 18 31 0
8 29 31 18 0
29 8 31 18 0
8 29 19 30 0
29 8 19 30 0
8 29 30 19 0
29 8 30 19 0
9 28 17 32 0
28 9 17 32 0
9 28 32 17 0
28 9 32 17 0
9 28 18 31 0
28 9 18 31 0
9 28 31 18 0
28 9 31 18 0
9 28 19 30 0
28 9 19 30 0
9 28 30 19 0
28 9 30 19 0
10 27 17 32 0
27 10 17 32 0
10 27 32 17 0
27 10 32 17 0
10 27 18 31 0
27 10 18 31 0
10 27 31 18 0
27 10 31 18 0
10 27 19 30 0
27 10 19 30 0
10 27 30 19 0
27 10 30 19 0
11 26 17 32 0
26 11 17 32 0
11 26 32 17 0
26 11 32 17 0
11 26 18 31 0
26 11 18 31 0
11 26 31 18 0
26 11 31 18 0
11 26 19 30 0
26 11 19 30 0
11 26 30 19 0
26 11 30 19 0
12 25 17 32 0
25 12 17 32 0
12 25 32 17 0
25 12 32 17 0
12 25 18 31 0
25 12 18 31 0
12 25 31 18 0
25 12 31 18 0
12 25 19 30 2
25 12 19 30 2
12 25 30 19 2
25 12 30 19 2
9 28 16 33 0
28 9 16 33 0
9 28 33 16 0
28 9 33 16 0
10 27 16 33 0
27 10 16 33 0
10 27 33 16 0
27 10 33 16 0
11 26 16 33 0
26 11 16 33 0
11 26 33 16 0
26 11 33 16 0
12 25 16 33 0
25 12 16 33 0
12 25 33 16 0
25 12 33 16 0
13 24 16 33 0
24 13 16 33 0
13 24 33 16 0
24 13 33 16 0
13 24 17 32 1
24 13 17 32 1
13 24 32 17 1
24 13 32 17 1
13 24 18 31 5
24 13 18 31 5
13 24 31 18 5
24 13 31 18 5
13 24 19 30 18
24 13 19 30 18
13 24 30 19 18
24 13 30 19 18
13 24 20 29 43
24 13 20 29 43
13 24 29 20 43
24 13 29 20 43
13 24 21 28 85
24 13 21 28 85
13 24 28 21 85
24 13 28 21 85
13 24 22 27 134
24 13 22 27 134
13 24 27 22 134
24 13 27 22 134
13 24 23 26 180
24 13 23 26 180
13 24 26 23 180
24 13 26 23 180
13 24 24 25 209
24 13 24 25 209
13 24 25 24 209
24 13 25 24 209
14 23 17 32 7
23 14 17 32 7
14 23 32 17 7
23 14 32 17 7
14 23 18 31 26
23 14 18 31 26
14 23 31 18 26
23 14 31 18 26
14 23 19 30 70
23 14 19 30 70
14 23 30 19 70
23 14 30 19 70
14 23 20 29 146
23 14 20 29 146
14 23 29 20 146
23 14 29 20 146
14 23 21 28 260
23 14 21 28 260
14 23 28 21 260
23 14 28 21 260
14 23 22 27 389
23 14 22 27 389
14 23 27 22 389
23 14 27 22 389
14 23 23 26 505
23 14 23 26 505
14 23 26 23 505
23 14 26 23 505
14 23 24 25 576
23 14 24 25 576
14 23 25 24 576
23 14 25 24 576
10 27 14 35 0
27 10 14 35 0
10 27 35 14 0
27 10 35 14 0
10 27 15 34 0
27 10 15 34 0
10 27 34 15 0
27 10 34 15 0
11 26 14 35 0
26 11 14 35 0
11 26 35 14 0
26 11 35 14 0
11 26 15 34 0
26 11 15 34 0
11 26 34 15 0
26 11 34 15 0
12 25 14 35 0
25 12 14 35 0
12 25 35 14 0
25 12 35 14 0
12 25 15 34 0
25 12 15 34 0
12 25 34 15 0
25 12 34 15 0
13 24 14 35 0
24 13 14 35 0
13 24 35 14 0
24 13 35 14 0
13 24 15 34 0
24 13 15 34 0
13 24 34 15 0
24 13 34 15 0
14 23 14 35 0
23 14 14 35 0
14 23 35 14 0
23 14 35 14 0
14 23 15 34 0
23 14 15 34 0
14 23 34 15 0
23 14 34 15 0
14 23 16 33 1
23 14 16 33 1
14 23 33 16 1
23 14 33 16 1
15 22 14 35 0
22 15 14 35 0
15 22 35 14 0
22 15 35 14 0
15 22 15 34 1
22 15 15 34 1
15 22 34 15 1
22 15 34 15 1
15 22 16 33 6
22 15 16 33 6
15 22 33 16 6
22 15 33 16 6
15 22 17 32 26
22 15 17 32 26
15 22 32 17 26
22 15 32 17 26
15 22 18 31 77
22 15 18 31 77
15 22 31 18 77
22 15 31 18 77
15 22 19 30 183
22 15 19 30 183
15 22 30 19 183
22 15 30 19 183
15 22 20 29 355
22 15 20 29 355
15 22 29 20 355
22 15 29 20 355
15 22 21 28 594
22 15 21 28 594
15 22 28 21 594
22 15 28 21 594
15 22 22 27 858
22 15 22 27 858
15 22 27 22 858
22 15 27 22 858
15 22 23 26 1091
22 15 23 26 1091
15 22 26 23 1091
22 15 26 23 1091
15 22 24 25 1229
22 15 24 25 1229
15 22 25 24 1229
22 15 25 24 1229
16 21 16 33 16
21 16 16 33 16
16 21 33 16 16
21 16 33 16 16
16 21 17 32 59
21 16 17 32 59
16 21 32 17 59
21 16 32 17 59
16 21 18 31 159
21 16 18 31 159
16 21 31 18 159
21 16 31 18 159
16 21 19 30 353
21 16 19 30 353
16 21 30 19 353
21 16 30 19 353
16 21 20 29 656
21 16 20 29 656
16 21 29 20 656
21 16 29 20 656
16 21 21 28 1061
21 16 21 28 1061
16 21 28 21 1061
21 16 28 21 1061
16 21 22 27 1500
21 16 22 27 1500
16 21 27 22 1500
21 16 27 22 1500
16 21 23 26 1882
21 16 23 26 1882
16 21 26 23 1882
21 16 26 23 1882
16 21 24 25 2106
21 16 24 25 2106
16 21 25 24 2106
21 16 25 24 2106
12 25 13 36 0
25 12 13 36 0
12 25 36 13 0
25 12 36 13 0
13 24 13 36 0
24 13 13 36 0
13 24 36 13 0
24 13 36 13 0
14 23 13 36 0
23 14 13 36 0
14 23 36 13 0
23 14 36 13 0
15 22 13 36 0
22 15 13 36 0
15 22 36 13 0
22 15 36 13 0
16 21 13 36 0
21 16 13 36 0
16 21 36 13 0
21 16 36 13 0
16 21 14 35 0
21 16 14 35 0
16 21 35 14 0
21 16 35 14 0
16 21 15 34 3
21 16 15 34 3
16 21 34 15 3
21 16 34 15 3
17 20 14 35 0
20 17 14 35 0
17 20 35 14 0
20 17 35 14 0
17 20 15 34 6
20 17 15 34 6
17 20 34 15 6
20 17 34 15 6
17 20 16 33 29
20 17 16 33 29
17 20 33 16 29
20 17 33 16 29
17 20 17 32 98
20 17 17 32 98
17 20 32 17 98
20 17 32 17 98
17 20 18 31 252
20 17 18 31 252
17 20 31 18 252
20 17 31 18 252
17 20 19 30 538
20 17 19 30 538
17 20 30 19 538
20 17 30 19 538
17 20 20 29 973
20 17 20 29 973
17 20 29 20 973
20 17 29 20 973
17 20 21 28 1543
20 17 21 28 1543
17 20 28 21 1543
20 17 28 21 1543
17 20 22 27 2153
20 17 22 27 2153
17 20 27 22 2153
20 17 27 22 2153
17 20 23 26 2678
20 17 23 26 2678
17 20 26 23 2678
20 17 26 23 2678
17 20 24 25 2985
20 17 24 25 2985
17 20 25 24 2985
20 17 25 24 2985
18 19 17 32 126
19 18 17 32 126
18 19 32 17 126
19 18 32 17 126
18 19 18 31 315
19 18 18 31 315
18 19 31 18 315
19 18 31 18 315
18 19 19 30 660
19 18 19 30 660
18 19 30 19 660
19 18 30 19 660
18 19 20 29 1180
19 18 20 29 1180
18 19 29 20 1180
19 18 29 20 1180
18 19 21 28 1853
19 18 21 28 1853
18 19 28 21 1853
19 18 28 21 1853
18 19 22 27 2570
19 18 22 27 2570
18 19 27 22 2570
19 18 27 22 2570
18 19 23 26 3185
19 18 23 26 3185
18 19 26 23 3185
19 18 26 23 3185
18 19 24 25 3542
19 18 24 25 3542
18 19 25 24 3542
19 18 25 24 3542
18 19 14 35 1
19 18 14 35 1
18 19 35 14 1
19 18 35 14 1
18 19 15 34 9
19 18 15 34 9
18 19 34 15 9
19 18 34 15 9
18 19 16 33 39
19 18 16 33 39
18 19 33 16 39
19 18 33 16 39
11 26 13 36 0
26 11 13 36 0
11 26 36 13 0
26 11 36 13 0
12 25 12 37 0
25 12 12 37 0
12 25 37 12 0
25 12 37 12 0
13 24 12 37 0
24 13 12 37 0
13 24 37 12 0
24 13 37 12 0
14 23 12 37 0
23 14 12 37 0
14 23 37 12 0
23 14 37 12 0
15 22 12 37 0
22 15 12 37 0
15 22 37 12 0
22 15 37 12 0
16 21 12 37 0
21 16 12 37 0
16 21 37 12 0
21 16 37 12 0
13 24 11 38 0
24 13 11 38 0
13 24 38 11 0
24 13 38 11 0
14 23 11 38 0
23 14 11 38 0
14 23 38 11 0
23 14 38 11 0
15 22 11 38 0
22 15 11 38 0
15 22 38 11 0
22 15 38 11 0
16 21 11 38 0
21 16 11 38 0
16 21 38 11 0
21 16 38 11 0
17 20 11 38 0
20 17 11 38 0
17 20 38 11 0
20 17 38 11 0
17 20 12 37 0
20 17 12 37 0
17 20 37 12 0
20 17 37 12 0
17 20 13 36 0
20 17 13 36 0
17 20 36 13 0
20 17 36 13 0
18 19 12 37 0
19 18 12 37 0
18 19 37 12 0
19 18 37 12 0
18 19 13 36 0
19 18 13 36 0
18 19 36 13 0
19 18 36 13 0
18 19 11 38 0
19 18 11 38 0
18 19 38 11 0
19 18 38 11 0
15 22 10 39 0
22 15 10 39 0
15 22 39 10 0
22 15 39 10 0
16 21 10 39 0
21 16 10 39 0
16 21 39 10 0
21 16 39 10 0
17 20 10 39 0
20 17 10 39 0
17 20 39 10 0
20 17 39 10 0
18 19 10 39 0
19 18 10 39 0
18 19 39 10 0
19 18 39 10 0
