3 25 13 24 0
25 3 13 24 0
3 25 24 13 0
25 3 24 13 0
3 25 14 23 0
25 3 14 23 0
3 25 23 14 0
25 3 23 14 0
3 25 15 22 0
25 3 15 22 0
3 25 22 15 0
25 3 22 15 0
3 25 16 21 0
25 3 16 21 0
3 25 21 16 0
25 3 21 16 0
3 25 17 20 0
25 3 17 20 0
3 25 20 17 0
25 3 20 17 0
3 25 18 19 0
25 3 18 19 0
3 25 19 18 0
25 3 19 18 0
4 24 13 24 0
24 4 13 24 0
4 24 24 13 0
24 4 24 13 0
4 24 14 23 0
24 4 14 23 0
4 24 23 14 0
24 4 23 14 0
4 24 15 22 0
24 4 15 22 0
4 24 22 15 0
24 4 22 15 0
4 24 16 21 0
24 4 16 21 0
4 24 21 16 0
24 4 21 16 0
4 24 17 20 0
24 4 17 20 0
4 24 20 17 0
24 4 20 17 0
4 24 18 19 0
24 4 18 19 0
4 24 19 18 0
24 4 19 18 0
5 23 13 24 0
23 5 13 24 0
5 23 24 13 0
23 5 24 13 0
5 23 14 23 0
23 5 14 23 0
5 23 23 14 0
23 5 23 14 0
5 23 15 22 0
23 5 15 22 0
5 23 22 15 0
23 5 22 15 0
5 23 16 21 0
23 5 16 21 0
5 23 21 16 0
23 5 21 16 0
5 23 17 20 0
23 5 17 20 0
5 23 20 17 0
23 5 20 17 0
5 23 18 19 1
23 5 18 19 1
5 23 19 18 1
23 5 19 18 1
6 22 13 24 0
22 6 13 24 0
6 22 24 13 0
22 6 24 13 0
6 22 14 23 1
22 6 14 23 1
6 22 23 14 1
22 6 23 14 1
6 22 15 22 3
22 6 15 22 3
6 22 22 15 3
22 6 22 15 3
6 22 16 21 6
22 6 16 21 6
6 22 21 16 6
22 6 21 16 6
6 22 17 20 9
22 6 17 20 9
6 22 20 17 9
22 6 20 17 9
6 22 18 19 12
22 6 18 19 12
6 22 19 18 12
22 6 19 18 12
7 21 13 24 4
21 7 13 24 4
7 21 24 13 4
21 7 24 13 4
7 21 14 23 12
21 7 14 23 12
7 21 23 14 12
21 7 23 14 12
7 21 15 22 26
21 7 15 22 26
7 21 22 15 26
21 7 22 15 26
7 21 16 21 44
21 7 16 21 44
7 21 21 16 44
21 7 21 16 44
7 21 17 20 61
21 7 17 20 61
7 21 20 17 61
21 7 20 17 61
7 21 18 19 73
21 7 18 19 73
7 21 19 18 73
21 7 19 18 73
4 24 11 26 0
24 4 11 26 0
4 24 26 11 0
24 4 26 11 0
4 24 12 25 0
24 4 12 25 0
4 24 25 12 0
24 4 25 12 0
5 23 11 26 0
23 5 11 26 0
5 23 26 11 0
23 5 26 11 0
5 23 12 25 0
23 5 12 25 0
5 23 25 12 0
23 5 25 12 0
6 22 11 26 0
22 6 11 26 0
6 22 26 11 0
22 6 26 11 0
6 22 12 25 0
22 6 12 25 0
6 22 25 12 0
22 6 25 12 0
7 21 11 26 0
21 7 11 26 0
7 21 26 11 0
21 7 26 11 0
7 21 12 25 1
21 7 12 25 1
7 21 25 12 1
21 7 25 12 1
8 20 11 26 1
20 8 11 26 1
8 20 26 11 1
20 8 26 11 1
8 20 12 25 9
20 8 12 25 9
8 20 25 12 9
20 8 25 12 9
8 20 13 24 27
20 8 13 24 27
8 20 24 13 27
20 8 24 13 27
8 20 14 23 63
20 8 14 23 63
8 20 23 14 63
20 8 23 14 63
8 20 15 22 118
20 8 15 22 118
8 20 22 15 118
20 8 22 15 118
8 20 16 21 184
20 8 16 21 184
8 20 21 16 184
20 8 21 16 184
8 20 17 20 243
20 8 17 20 243
8 20 20 17 243
20 8 20 17 243
8 20 18 19 281
20 8 18 19 281
8 20 19 18 281
20 8 19 18 281
9 19 11 26 11
19 9 11 26 11
9 19 26 11 11
19 9 26 11 11
9 19 12 25 40
19 9 12 25 40
9 19 25 12 40
19 9 25 12 40
9 19 13 24 102
19 9 13 24 102
9 19 24 13 102
19 9 24 13 102
9 19 14 23 211
19 9 14 23 211
9 19 23 14 211
19 9 23 14 211
9 19 15 22 364
19 9 15 22 364
9 19 22 15 364
19 9 22 15 364
9 19 16 21 539
19 9 16 21 539
9 19 21 16 539
19 9 21 16 539
9 19 17 20 694
19 9 17 20 694
9 19 20 17 694
19 9 20 17 694
9 19 18 19 788
19 9 18 19 788
9 19 19 18 788
19 9 19 18 788
6 22 10 27 0
22 6 10 27 0
6 22 27 10 0
22 6 27 10 0
7 21 10 27 0
21 7 10 27 0
7 21 27 10 0
21 7 27 10 0
8 20 10 27 0
20 8 10 27 0
8 20 27 10 0
20 8 27 10 0
9 19 10 27 2
19 9 10 27 2
9 19 27 10 2
19 9 27 10 2
10 18 10 27 10
18 10 10 27 10
10 18 27 10 10
18 10 27 10 10
10 18 11 26 40
18 10 11 26 40
10 18 26 11 40
18 10 26 11 40
10 18 12 25 119
18 10 12 25 119
10 18 25 12 119
18 10 25 12 119
10 18 13 24 272
18 10 13 24 272
10 18 24 13 272
18 10 24 13 272
10 18 14 23 522
18 10 14 23 522
10 18 23 14 522
18 10 23 14 522
10 18 15 22 855
18 10 15 22 855
10 18 22 15 855
18 10 22 15 855
10 18 16 21 1225
18 10 16 21 1225
10 18 21 16 1225
18 10 21 16 1225
10 18 17 20 1546
18 10 17 20 1546
10 18 20 17 1546
18 10 20 17 1546
10 18 18 19 1737
18 10 18 19 1737
10 18 19 18 1737
18 10 19 18 1737
11 17 11 26 96
17 11 11 26 96
11 17 26 11 96
17 11 26 11 96
11 17 12 25 256
17 11 12 25 256
11 17 25 12 256
17 11 25 12 256
11 17 13 24 550
17 11 13 24 550
11 17 24 13 550
17 11 24 13 550
11 17 14 23 1006
17 11 14 23 1006
11 17 23 14 1006
17 11 23 14 1006
11 17 15 22 1599
17 11 15 22 1599
11 17 22 15 1599
17 11 22 15 1599
11 17 16 21 2241
17 11 16 21 2241
11 17 21 16 2241
17 11 21 16 2241
11 17 17 20 2791
17 11 17 20 2791
11 17 20 17 2791
17 11 20 17 2791
11 17 18 19 3115
17 11 18 19 3115
11 17 19 18 3115
17 11 19 18 3115
12 16 11 26 175
16 12 11 26 175
12 16 26 11 175
16 12 26 11 175
12 16 12 25 435
16 12 12 25 435
12 16 25 12 435
16 12 25 12 435
12 16 13 24 894
16 12 13 24 894
12 16 24 13 894
16 12 24 13 894
12 16 14 23 1588
16 12 14 23 1588
12 16 23 14 1588
16 12 23 14 1588
12 16 15 22 2469
16 12 15 22 2469
12 16 22 15 2469
16 12 22 15 2469
12 16 16 21 3411
16 12 16 21 3411
12 16 21 16 3411
16 12 21 16 3411
12 16 17 20 4211
16 12 17 20 4211
12 16 20 17 4211
16 12 20 17 4211
12 16 18 19 4677
16 12 18 19 4677
12 16 19 18 4677
16 12 19 18 4677
13 15 13 24 1180
15 13 13 24 1180
13 15 24 13 1180
15 13 24 13 1180
13 15 14 23 2064
15 13 14 23 2064
13 15 23 14 2064
15 13 23 14 2064
13 15 15 22 3176
15 13 15 22 3176
13 15 22 15 3176
15 13 22 15 3176
13 15 16 21 4353
15 13 16 21 4353
13 15 21 16 4353
15 13 21 16 4353
13 15 17 20 5349
15 13 17 20 5349
13 15 20 17 5349
15 13 20 17 5349
13 15 18 19 5927
15 13 18 19 5927
13 15 19 18 5927
15 13 19 18 5927
5 23 9 28 0
23 5 9 28 0
5 23 28 9 0
23 5 28 9 0
5 23 10 27 0
23 5 10 27 0
5 23 27 10 0
23 5 27 10 0
6 22 9 28 0
22 6 9 28 0
6 22 28 9 0
22 6 28 9 0
7 21 9 28 0
21 7 9 28 0
7 21 28 9 0
21 7 28 9 0
8 20 9 28 0
20 8 9 28 0
8 20 28 9 0
20 8 28 9 0
9 19 9 28 0
19 9 9 28 0
9 19 28 9 0
19 9 28 9 0
10 18 9 28 1
18 10 9 28 1
10 18 28 9 1
18 10 28 9 1
6 22 8 29 0
22 6 8 29 0
6 22 29 8 0
22 6 29 8 0
7 21 8 29 0
21 7 8 29 0
7 21 29 8 0
21 7 29 8 0
8 20 8 29 0
20 8 8 29 0
8 20 29 8 0
20 8 29 8 0
9 19 8 29 0
19 9 8 29 0
9 19 29 8 0
19 9 29 8 0
10 18 8 29 0
18 10 8 29 0
10 18 29 8 0
18 10 29 8 0
7 21 7 30 0
21 7 7 30 0
7 21 30 7 0
21 7 30 7 0
8 20 7 30 0
20 8 7 30 0
8 20 30 7 0
20 8 30 7 0
9 19 7 30 0
19 9 7 30 0
9 19 30 7 0
19 9 30 7 0
10 18 7 30 0
18 10 7 30 0
10 18 30 7 0
18 10 30 7 0
11 17 7 30 0
17 11 7 30 0
11 17 30 7 0
17 11 30 7 0
11 17 8 29 0
17 11 8 29 0
11 17 29 8 0
17 11 29 8 0
11 17 9 28 5
17 11 9 28 5
11 17 28 9 5
17 11 28 9 5
11 17 10 27 28
17 11 10 27 28
11 17 27 10 28
17 11 27 10 28
12 16 8 29 2
16 12 8 29 2
12 16 29 8 2
16 12 29 8 2
12 16 9 28 13
16 12 9 28 13
12 16 28 9 13
16 12 28 9 13
12 16 10 27 57
16 12 10 27 57
12 16 27 10 57
16 12 27 10 57
12 16 7 30 0
16 12 7 30 0
12 16 30 7 0
16 12 30 7 0
13 15 7 30 0
15 13 7 30 0
13 15 30 7 0
15 13 30 7 0
13 15 8 29 3
15 13 8 29 3
13 15 29 8 3
15 13 29 8 3
13 15 9 28 20
15 13 9 28 20
13 15 28 9 20
15 13 28 9 20
13 15 10 27 82
15 13 10 27 82
13 15 27 10 82
15 13 27 10 82
13 15 11 26 243
15 13 11 26 243
13 15 26 11 243
15 13 26 11 243
13 15 12 25 585
15 13 12 25 585
13 15 25 12 585
15 13 25 12 585
14 14 9 28 24
14 14 28 9 24
14 14 10 27 95
14 14 27 10 95
14 14 11 26 273
14 14 26 11 273
14 14 12 25 650
14 14 25 12 650
14 14 13 24 1298
14 14 24 13 1298
14 14 14 23 2257
14 14 23 14 2257
14 14 15 22 3459
14 14 22 15 3459
14 14 16 21 4728
14 14 21 16 4728
14 14 17 20 5798
14 14 20 17 5798
14 14 18 19 6420
14 14 19 18 6420
14 14 8 29 4
14 14 29 8 4
8 20 6 31 0
20 8 6 31 0
8 20 31 6 0
20 8 31 6 0
9 19 6 31 0
19 9 6 31 0
9 19 31 6 0
19 9 31 6 0
10 18 6 31 0
18 10 6 31 0
10 18 31 6 0
18 10 31 6 0
11 17 6 31 0
17 11 6 31 0
11 17 31 6 0
17 11 31 6 0
12 16 6 31 0
16 12 6 31 0
12 16 31 6 0
16 12 31 6 0
9 19 5 32 0
19 9 5 32 0
9 19 32 5 0
19 9 32 5 0
10 18 5 32 0
18 10 5 32 0
10 18 32 5 0
18 10 32 5 0
11 17 5 32 0
17 11 5 32 0
11 17 32 5 0
17 11 32 5 0
12 16 5 32 0
16 12 5 32 0
12 16 32 5 0
16 12 32 5 0
13 15 5 32 0
15 13 5 32 0
13 15 32 5 0
15 13 32 5 0
13 15 6 31 0
15 13 6 31 0
13 15 31 6 0
15 13 31 6 0
14 14 5 32 0
14 14 32 5 0
14 14 6 31 0
14 14 31 6 0
14 14 7 30 0
14 14 30 7 0
12 16 4 33 0
16 12 4 33 0
12 16 33 4 0
16 12 33 4 0
13 15 4 33 0
15 13 4 33 0
13 15 33 4 0
15 13 33 4 0
14 14 4 33 0
14 14 33 4 0
