0 13 3 14 0
13 0 3 14 0
0 13 14 3 0
13 0 14 3 0
0 13 4 13 0
13 0 4 13 0
0 13 13 4 0
13 0 13 4 0
0 13 5 12 0
13 0 5 12 0
0 13 12 5 0
13 0 12 5 0
0 13 6 11 0
13 0 6 11 0
0 13 11 6 0
13 0 11 6 0
0 13 7 10 0
13 0 7 10 0
0 13 10 7 0
13 0 10 7 0
0 13 8 9 1
13 0 8 9 1
0 13 9 8 1
13 0 9 8 1
1 12 3 14 0
12 1 3 14 0
1 12 14 3 0
12 1 14 3 0
1 12 4 13 0
12 1 4 13 0
1 12 13 4 0
12 1 13 4 0
1 12 5 12 1
12 1 5 12 1
1 12 12 5 1
12 1 12 5 1
1 12 6 11 2
12 1 6 11 2
1 12 11 6 2
12 1 11 6 2
1 12 7 10 3
12 1 7 10 3
1 12 10 7 3
12 1 10 7 3
1 12 8 9 5
12 1 8 9 5
1 12 9 8 5
12 1 9 8 5
2 11 3 14 0
11 2 3 14 0
2 11 14 3 0
11 2 14 3 0
2 11 4 13 0
11 2 4 13 0
2 11 13 4 0
11 2 13 4 0
2 11 5 12 2
11 2 5 12 2
2 11 12 5 2
11 2 12 5 2
2 11 6 11 5
11 2 6 11 5
2 11 11 6 5
11 2 11 6 5
2 11 7 10 8
11 2 7 10 8
2 11 10 7 8
11 2 10 7 8
2 11 8 9 11
11 2 8 9 11
2 11 9 8 11
11 2 9 8 11
3 10 3 14 1
10 3 3 14 1
3 10 14 3 1
10 3 14 3 1
3 10 4 13 2
10 3 4 13 2
3 10 13 4 2
10 3 13 4 2
3 10 5 12 7
10 3 5 12 7
3 10 12 5 7
10 3 12 5 7
3 10 6 11 13
10 3 6 11 13
3 10 11 6 13
10 3 11 6 13
3 10 7 10 19
10 3 7 10 19
3 10 10 7 19
10 3 10 7 19
3 10 8 9 24
10 3 8 9 24
3 10 9 8 24
10 3 9 8 24
4 9 3 14 2
9 4 3 14 2
4 9 14 3 2
9 4 14 3 2
4 9 4 13 5
9 4 4 13 5
4 9 13 4 5
9 4 13 4 5
4 9 5 12 13
9 4 5 12 13
4 9 12 5 13
9 4 12 5 13
4 9 6 11 22
9 4 6 11 22
4 9 11 6 22
9 4 11 6 22
4 9 7 10 31
9 4 7 10 31
4 9 10 7 31
9 4 10 7 31
4 9 8 9 38
9 4 8 9 38
4 9 9 8 38
9 4 9 8 38
1 12 1 16 0
12 1 1 16 0
1 12 16 1 0
12 1 16 1 0
1 12 2 15 0
12 1 2 15 0
1 12 15 2 0
12 1 15 2 0
2 11 1 16 0
11 2 1 16 0
2 11 16 1 0
11 2 16 1 0
2 11 2 15 0
11 2 2 15 0
2 11 15 2 0
11 2 15 2 0
3 10 1 16 0
10 3 1 16 0
3 10 16 1 0
10 3 16 1 0
3 10 2 15 0
10 3 2 15 0
3 10 15 2 0
10 3 15 2 0
4 9 1 16 0
9 4 1 16 0
4 9 16 1 0
9 4 16 1 0
4 9 2 15 0
9 4 2 15 0
4 9 15 2 0
9 4 15 2 0
5 8 1 16 1
8 5 1 16 1
5 8 16 1 1
8 5 16 1 1
5 8 2 15 2
8 5 2 15 2
5 8 15 2 2
8 5 15 2 2
5 8 3 14 6
8 5 3 14 6
5 8 14 3 6
8 5 14 3 6
5 8 4 13 12
8 5 4 13 12
5 8 13 4 12
8 5 13 4 12
5 8 5 12 23
8 5 5 12 23
5 8 12 5 23
8 5 12 5 23
5 8 6 11 35
8 5 6 11 35
5 8 11 6 35
8 5 11 6 35
5 8 7 10 47
8 5 7 10 47
5 8 10 7 47
8 5 10 7 47
5 8 8 9 55
8 5 8 9 55
5 8 9 8 55
8 5 9 8 55
6 7 1 16 1
7 6 1 16 1
6 7 16 1 1
7 6 16 1 1
6 7 2 15 3
7 6 2 15 3
6 7 15 2 3
7 6 15 2 3
6 7 3 14 8
7 6 3 14 8
6 7 14 3 8
7 6 14 3 8
6 7 4 13 15
7 6 4 13 15
6 7 13 4 15
7 6 13 4 15
6 7 5 12 28
7 6 5 12 28
6 7 12 5 28
7 6 12 5 28
6 7 6 11 42
7 6 6 11 42
6 7 11 6 42
7 6 11 6 42
6 7 7 10 55
7 6 7 10 55
6 7 10 7 55
7 6 10 7 55
6 7 8 9 64
7 6 8 9 64
6 7 9 8 64
7 6 9 8 64
3 10 0 17 0
10 3 0 17 0
3 10 17 0 0
10 3 17 0 0
4 9 0 17 0
9 4 0 17 0
4 9 17 0 0
9 4 17 0 0
5 8 0 17 0
8 5 0 17 0
5 8 17 0 0
8 5 17 0 0
6 7 0 17 0
7 6 0 17 0
6 7 17 0 0
7 6 17 0 0
