9 31 21 32 0
31 9 21 32 0
9 31 32 21 0
31 9 32 21 0
9 31 22 31 0
31 9 22 31 0
9 31 31 22 0
31 9 31 22 0
9 31 23 30 0
31 9 23 30 0
9 31 30 23 0
31 9 30 23 0
9 31 24 29 0
31 9 24 29 0
9 31 29 24 0
31 9 29 24 0
9 31 25 28 0
31 9 25 28 0
9 31 28 25 0
31 9 28 25 0
9 31 26 27 0
31 9 26 27 0
9 31 27 26 0
31 9 27 26 0
10 30 21 32 0
30 10 21 32 0
10 30 32 21 0
30 10 32 21 0
10 30 22 31 0
30 10 22 31 0
10 30 31 22 0
30 10 31 22 0
10 30 23 30 0
30 10 23 30 0
10 30 30 23 0
30 10 30 23 0
10 30 24 29 0
30 10 24 29 0
10 30 29 24 0
30 10 29 24 0
10 30 25 28 0
30 10 25 28 0
10 30 28 25 0
30 10 28 25 0
10 30 26 27 0
30 10 26 27 0
10 30 27 26 0
30 10 27 26 0
11 29 21 32 0
29 11 21 32 0
11 29 32 21 0
29 11 32 21 0
11 29 22 31 0
29 11 22 31 0
11 29 31 22 0
29 11 31 22 0
11 29 23 30 0
29 11 23 30 0
11 29 30 23 0
29 11 30 23 0
11 29 24 29 0
29 11 24 29 0
11 29 29 24 0
29 11 29 24 0
11 29 25 28 0
29 11 25 28 0
11 29 28 25 0
29 11 28 25 0
11 29 26 27 0
29 11 26 27 0
11 29 27 26 0
29 11 27 26 0
12 28 21 32 0
28 12 21 32 0
12 28 32 21 0
28 12 32 21 0
12 28 22 31 0
28 12 22 31 0
12 28 31 22 0
28 12 31 22 0
12 28 23 30 0
28 12 23 30 0
12 28 30 23 0
28 12 30 23 0
12 28 24 29 0
28 12 24 29 0
12 28 29 24 0
28 12 29 24 0
12 28 25 28 0
28 12 25 28 0
12 28 28 25 0
28 12 28 25 0
12 28 26 27 0
28 12 26 27 0
12 28 27 26 0
28 12 27 26 0
13 27 21 32 0
27 13 21 32 0
13 27 32 21 0
27 13 32 21 0
13 27 22 31 0
27 13 22 31 0
13 27 31 22 0
27 13 31 22 0
13 27 23 30 1
27 13 23 30 1
13 27 30 23 1
27 13 30 23 1
13 27 24 29 3
27 13 24 29 3
13 27 29 24 3
27 13 29 24 3
13 27 25 28 5
27 13 25 28 5
13 27 28 25 5
27 13 28 25 5
13 27 26 27 6
27 13 26 27 6
13 27 27 26 6
27 13 27 26 6
10 30 20 33 0
30 10 20 33 0
10 30 33 20 0
30 10 33 20 0
11 29 20 33 0
29 11 20 33 0
11 29 33 20 0
29 11 33 20 0
12 28 20 33 0
28 12 20 33 0
12 28 33 20 0
28 12 33 20 0
13 27 20 33 0
27 13 20 33 0
13 27 33 20 0
27 13 33 20 0
14 26 20 33 0
26 14 20 33 0
14 26 33 20 0
26 14 33 20 0
14 26 21 32 1
26 14 21 32 1
14 26 32 21 1
26 14 32 21 1
14 26 22 31 5
26 14 22 31 5
14 26 31 22 5
26 14 31 22 5
14 26 23 30 12
26 14 23 30 12
14 26 30 23 12
26 14 30 23 12
14 26 24 29 23
26 14 24 29 23
14 26 29 24 23
26 14 29 24 23
14 26 25 28 34
26 14 25 28 34
14 26 28 25 34
26 14 28 25 34
14 26 26 27 40
26 14 26 27 40
14 26 27 26 40
26 14 27 26 40
15 25 21 32 11
25 15 21 32 11
15 25 32 21 11
25 15 32 21 11
15 25 22 31 29
25 15 22 31 29
15 25 31 22 29
25 15 31 22 29
15 25 23 30 58
25 15 23 30 58
15 25 30 23 58
25 15 30 23 58
15 25 24 29 95
25 15 24 29 95
15 25 29 24 95
25 15 29 24 95
15 25 25 28 130
25 15 25 28 130
15 25 28 25 130
25 15 28 25 130
15 25 26 27 151
25 15 26 27 151
15 25 27 26 151
25 15 27 26 151
10 30 19 34 0
30 10 19 34 0
10 30 34 19 0
30 10 34 19 0
11 29 19 34 0
29 11 19 34 0
11 29 34 19 0
29 11 34 19 0
12 28 19 34 0
28 12 19 34 0
12 28 34 19 0
28 12 34 19 0
13 27 19 34 0
27 13 19 34 0
13 27 34 19 0
27 13 34 19 0
14 26 19 34 0
26 14 19 34 0
14 26 34 19 0
26 14 34 19 0
11 29 17 36 0
29 11 17 36 0
11 29 36 17 0
29 11 36 17 0
11 29 18 35 0
29 11 18 35 0
11 29 35 18 0
29 11 35 18 0
12 28 17 36 0
28 12 17 36 0
12 28 36 17 0
28 12 36 17 0
12 28 18 35 0
28 12 18 35 0
12 28 35 18 0
28 12 35 18 0
13 27 17 36 0
27 13 17 36 0
13 27 36 17 0
27 13 36 17 0
13 27 18 35 0
27 13 18 35 0
13 27 35 18 0
27 13 35 18 0
14 26 17 36 0
26 14 17 36 0
14 26 36 17 0
26 14 36 17 0
14 26 18 35 0
26 14 18 35 0
14 26 35 18 0
26 14 35 18 0
15 25 17 36 0
25 15 17 36 0
15 25 36 17 0
25 15 36 17 0
15 25 18 35 0
25 15 18 35 0
15 25 35 18 0
25 15 35 18 0
15 25 19 34 0
25 15 19 34 0
15 25 34 19 0
25 15 34 19 0
15 25 20 33 3
25 15 20 33 3
15 25 33 20 3
25 15 33 20 3
16 24 17 36 0
24 16 17 36 0
16 24 36 17 0
24 16 36 17 0
16 24 18 35 1
24 16 18 35 1
16 24 35 18 1
24 16 35 18 1
16 24 19 34 4
24 16 19 34 4
16 24 34 19 4
24 16 34 19 4
16 24 20 33 16
24 16 20 33 16
16 24 33 20 16
24 16 33 20 16
16 24 21 32 44
24 16 21 32 44
16 24 32 21 44
24 16 32 21 44
16 24 22 31 97
24 16 22 31 97
16 24 31 22 97
24 16 31 22 97
16 24 23 30 174
24 16 23 30 174
16 24 30 23 174
24 16 30 23 174
16 24 24 29 266
24 16 24 29 266
16 24 29 24 266
24 16 29 24 266
16 24 25 28 349
24 16 25 28 349
16 24 28 25 349
24 16 28 25 349
16 24 26 27 399
24 16 26 27 399
16 24 27 26 399
24 16 27 26 399
17 23 19 34 14
23 17 19 34 14
17 23 34 19 14
23 17 34 19 14
17 23 20 33 45
23 17 20 33 45
17 23 33 20 45
23 17 33 20 45
17 23 21 32 110
23 17 21 32 110
17 23 32 21 110
23 17 32 21 110
17 23 22 31 222
23 17 22 31 222
17 23 31 22 222
23 17 31 22 222
17 23 23 30 376
23 17 23 30 376
17 23 30 23 376
23 17 30 23 376
17 23 24 29 553
23 17 24 29 553
17 23 29 24 553
23 17 29 24 553
17 23 25 28 710
23 17 25 28 710
17 23 28 25 710
23 17 28 25 710
17 23 26 27 802
23 17 26 27 802
17 23 27 26 802
23 17 27 26 802
12 28 16 37 0
28 12 16 37 0
12 28 37 16 0
28 12 37 16 0
13 27 16 37 0
27 13 16 37 0
13 27 37 16 0
27 13 37 16 0
14 26 16 37 0
26 14 16 37 0
14 26 37 16 0
26 14 37 16 0
15 25 16 37 0
25 15 16 37 0
15 25 37 16 0
25 15 37 16 0
16 24 16 37 0
24 16 16 37 0
16 24 37 16 0
24 16 37 16 0
13 27 15 38 0
27 13 15 38 0
13 27 38 15 0
27 13 38 15 0
14 26 15 38 0
26 14 15 38 0
14 26 38 15 0
26 14 38 15 0
15 25 15 38 0
25 15 15 38 0
15 25 38 15 0
25 15 38 15 0
16 24 15 38 0
24 16 15 38 0
16 24 38 15 0
24 16 38 15 0
17 23 15 38 0
23 17 15 38 0
17 23 38 15 0
23 17 38 15 0
17 23 16 37 0
23 17 16 37 0
17 23 37 16 0
23 17 37 16 0
17 23 17 36 0
23 17 17 36 0
17 23 36 17 0
23 17 36 17 0
17 23 18 35 3
23 17 18 35 3
17 23 35 18 3
23 17 35 18 3
18 22 16 37 0
22 18 16 37 0
18 22 37 16 0
22 18 37 16 0
18 22 17 36 1
22 18 17 36 1
18 22 36 17 1
22 18 36 17 1
18 22 18 35 8
22 18 18 35 8
18 22 35 18 8
22 18 35 18 8
18 22 19 34 30
22 18 19 34 30
18 22 34 19 30
22 18 34 19 30
18 22 20 33 88
22 18 20 33 88
18 22 33 20 88
22 18 33 20 88
18 22 21 32 201
22 18 21 32 201
18 22 32 21 201
22 18 32 21 201
18 22 22 31 386
22 18 22 31 386
18 22 31 22 386
22 18 31 22 386
18 22 23 30 634
22 18 23 30 634
18 22 30 23 634
22 18 30 23 634
18 22 24 29 911
22 18 24 29 911
18 22 29 24 911
22 18 29 24 911
18 22 25 28 1152
22 18 25 28 1152
18 22 28 25 1152
22 18 28 25 1152
18 22 26 27 1294
22 18 26 27 1294
18 22 27 26 1294
22 18 27 26 1294
19 21 19 34 46
21 19 19 34 46
19 21 34 19 46
21 19 34 19 46
19 21 20 33 128
21 19 20 33 128
19 21 33 20 128
21 19 33 20 128
19 21 21 32 283
21 19 21 32 283
19 21 32 21 283
21 19 32 21 283
19 21 22 31 530
21 19 22 31 530
19 21 31 22 530
21 19 31 22 530
19 21 23 30 856
21 19 23 30 856
19 21 30 23 856
21 19 30 23 856
19 21 24 29 1215
21 19 24 29 1215
19 21 29 24 1215
21 19 29 24 1215
19 21 25 28 1525
21 19 25 28 1525
19 21 28 25 1525
21 19 28 25 1525
19 21 26 27 1707
21 19 26 27 1707
19 21 27 26 1707
21 19 27 26 1707
18 22 15 38 0
22 18 15 38 0
18 22 38 15 0
22 18 38 15 0
19 21 15 38 0
21 19 15 38 0
19 21 38 15 0
21 19 38 15 0
19 21 16 37 0
21 19 16 37 0
19 21 37 16 0
21 19 37 16 0
19 21 17 36 2
21 19 17 36 2
19 21 36 17 2
21 19 36 17 2
19 21 18 35 13
21 19 18 35 13
19 21 35 18 13
21 19 35 18 13
20 20 17 36 2
20 20 36 17 2
20 20 18 35 15
20 20 35 18 15
20 20 19 34 53
20 20 34 19 53
20 20 20 33 145
20 20 33 20 145
20 20 21 32 317
20 20 32 21 317
20 20 22 31 590
20 20 31 22 590
20 20 23 30 946
20 20 30 23 946
20 20 24 29 1337
20 20 29 24 1337
20 20 25 28 1675
20 20 28 25 1675
20 20 26 27 1872
20 20 27 26 1872
20 20 16 37 0
20 20 37 16 0
14 26 14 39 0
26 14 14 39 0
14 26 39 14 0
26 14 39 14 0
15 25 14 39 0
25 15 14 39 0
15 25 39 14 0
25 15 39 14 0
16 24 14 39 0
24 16 14 39 0
16 24 39 14 0
24 16 39 14 0
17 23 14 39 0
23 17 14 39 0
17 23 39 14 0
23 17 39 14 0
18 22 14 39 0
22 18 14 39 0
18 22 39 14 0
22 18 39 14 0
15 25 13 40 0
25 15 13 40 0
15 25 40 13 0
25 15 40 13 0
16 24 13 40 0
24 16 13 40 0
16 24 40 13 0
24 16 40 13 0
17 23 13 40 0
23 17 13 40 0
17 23 40 13 0
23 17 40 13 0
18 22 13 40 0
22 18 13 40 0
18 22 40 13 0
22 18 40 13 0
19 21 13 40 0
21 19 13 40 0
19 21 40 13 0
21 19 40 13 0
19 21 14 39 0
21 19 14 39 0
19 21 39 14 0
21 19 39 14 0
20 20 13 40 0
20 20 40 13 0
20 20 14 39 0
20 20 39 14 0
20 20 15 38 0
20 20 38 15 0
18 22 12 41 0
22 18 12 41 0
18 22 41 12 0
22 18 41 12 0
19 21 12 41 0
21 19 12 41 0
19 21 41 12 0
21 19 41 12 0
20 20 12 41 0
20 20 41 12 0
