15 34 30 35 0
34 15 30 35 0
15 34 35 30 0
34 15 35 30 0
15 34 31 34 0
34 15 31 34 0
15 34 34 31 0
34 15 34 31 0
15 34 32 33 0
34 15 32 33 0
15 34 33 32 0
34 15 33 32 0
16 33 30 35 0
33 16 30 35 0
16 33 35 30 0
33 16 35 30 0
16 33 31 34 0
33 16 31 34 0
16 33 34 31 0
33 16 34 31 0
16 33 32 33 0
33 16 32 33 0
16 33 33 32 0
33 16 33 32 0
17 32 30 35 0
32 17 30 35 0
17 32 35 30 0
32 17 35 30 0
17 32 31 34 0
32 17 31 34 0
17 32 34 31 0
32 17 34 31 0
17 32 32 33 0
32 17 32 33 0
17 32 33 32 0
32 17 33 32 0
18 31 30 35 0
31 18 30 35 0
18 31 35 30 0
31 18 35 30 0
18 31 31 34 0
31 18 31 34 0
18 31 34 31 0
31 18 34 31 0
18 31 32 33 0
31 18 32 33 0
18 31 33 32 0
31 18 33 32 0
19 30 30 35 0
30 19 30 35 0
19 30 35 30 0
30 19 35 30 0
19 30 31 34 0
30 19 31 34 0
19 30 34 31 0
30 19 34 31 0
19 30 32 33 0
30 19 32 33 0
19 30 33 32 0
30 19 33 32 0
16 33 26 39 0
33 16 26 39 0
16 33 39 26 0
33 16 39 26 0
16 33 27 38 0
33 16 27 38 0
16 33 38 27 0
33 16 38 27 0
16 33 28 37 0
33 16 28 37 0
16 33 37 28 0
33 16 37 28 0
16 33 29 36 0
33 16 29 36 0
16 33 36 29 0
33 16 36 29 0
17 32 26 39 0
32 17 26 39 0
17 32 39 26 0
32 17 39 26 0
17 32 27 38 0
32 17 27 38 0
17 32 38 27 0
32 17 38 27 0
17 32 28 37 0
32 17 28 37 0
17 32 37 28 0
32 17 37 28 0
17 32 29 36 0
32 17 29 36 0
17 32 36 29 0
32 17 36 29 0
18 31 26 39 0
31 18 26 39 0
18 31 39 26 0
31 18 39 26 0
18 31 27 38 0
31 18 27 38 0
18 31 38 27 0
31 18 38 27 0
18 31 28 37 0
31 18 28 37 0
18 31 37 28 0
31 18 37 28 0
18 31 29 36 0
31 18 29 36 0
18 31 36 29 0
31 18 36 29 0
19 30 26 39 0
30 19 26 39 0
19 30 39 26 0
30 19 39 26 0
19 30 27 38 0
30 19 27 38 0
19 30 38 27 0
30 19 38 27 0
19 30 28 37 0
30 19 28 37 0
19 30 37 28 0
30 19 37 28 0
19 30 29 36 0
30 19 29 36 0
19 30 36 29 0
30 19 36 29 0
20 29 26 39 0
29 20 26 39 0
20 29 39 26 0
29 20 39 26 0
20 29 27 38 0
29 20 27 38 0
20 29 38 27 0
29 20 38 27 0
20 29 28 37 0
29 20 28 37 0
20 29 37 28 0
29 20 37 28 0
20 29 29 36 0
29 20 29 36 0
20 29 36 29 0
29 20 36 29 0
20 29 30 35 0
29 20 30 35 0
20 29 35 30 0
29 20 35 30 0
20 29 31 34 1
29 20 31 34 1
20 29 34 31 1
29 20 34 31 1
20 29 32 33 1
29 20 32 33 1
20 29 33 32 1
29 20 33 32 1
17 32 24 41 0
32 17 24 41 0
17 32 41 24 0
32 17 41 24 0
17 32 25 40 0
32 17 25 40 0
17 32 40 25 0
32 17 40 25 0
18 31 24 41 0
31 18 24 41 0
18 31 41 24 0
31 18 41 24 0
18 31 25 40 0
31 18 25 40 0
18 31 40 25 0
31 18 40 25 0
19 30 24 41 0
30 19 24 41 0
19 30 41 24 0
30 19 41 24 0
19 30 25 40 0
30 19 25 40 0
19 30 40 25 0
30 19 40 25 0
20 29 24 41 0
29 20 24 41 0
20 29 41 24 0
29 20 41 24 0
20 29 25 40 0
29 20 25 40 0
20 29 40 25 0
29 20 40 25 0
21 28 24 41 0
28 21 24 41 0
21 28 41 24 0
28 21 41 24 0
21 28 25 40 0
28 21 25 40 0
21 28 40 25 0
28 21 40 25 0
21 28 26 39 0
28 21 26 39 0
21 28 39 26 0
28 21 39 26 0
21 28 27 38 0
28 21 27 38 0
21 28 38 27 0
28 21 38 27 0
21 28 28 37 0
28 21 28 37 0
21 28 37 28 0
28 21 37 28 0
21 28 29 36 1
28 21 29 36 1
21 28 36 29 1
28 21 36 29 1
21 28 30 35 2
28 21 30 35 2
21 28 35 30 2
28 21 35 30 2
21 28 31 34 4
28 21 31 34 4
21 28 34 31 4
28 21 34 31 4
21 28 32 33 5
28 21 32 33 5
21 28 33 32 5
28 21 33 32 5
22 27 24 41 0
27 22 24 41 0
22 27 41 24 0
27 22 41 24 0
22 27 25 40 0
27 22 25 40 0
22 27 40 25 0
27 22 40 25 0
22 27 26 39 0
27 22 26 39 0
22 27 39 26 0
27 22 39 26 0
22 27 27 38 1
27 22 27 38 1
22 27 38 27 1
27 22 38 27 1
22 27 28 37 2
27 22 28 37 2
22 27 37 28 2
27 22 37 28 2
22 27 29 36 5
27 22 29 36 5
22 27 36 29 5
27 22 36 29 5
22 27 30 35 8
27 22 30 35 8
22 27 35 30 8
27 22 35 30 8
22 27 31 34 12
27 22 31 34 12
22 27 34 31 12
27 22 34 31 12
22 27 32 33 14
27 22 32 33 14
22 27 33 32 14
27 22 33 32 14
23 26 26 39 0
26 23 26 39 0
23 26 39 26 0
26 23 39 26 0
23 26 27 38 2
26 23 27 38 2
23 26 38 27 2
26 23 38 27 2
23 26 28 37 5
26 23 28 37 5
23 26 37 28 5
26 23 37 28 5
23 26 29 36 10
26 23 29 36 10
23 26 36 29 10
26 23 36 29 10
23 26 30 35 16
26 23 30 35 16
23 26 35 30 16
26 23 35 30 16
23 26 31 34 23
26 23 31 34 23
23 26 34 31 23
26 23 34 31 23
23 26 32 33 26
26 23 32 33 26
23 26 33 32 26
26 23 33 32 26
24 25 30 35 23
25 24 30 35 23
24 25 35 30 23
25 24 35 30 23
24 25 31 34 31
25 24 31 34 31
24 25 34 31 31
25 24 34 31 31
24 25 32 33 35
25 24 32 33 35
24 25 33 32 35
25 24 33 32 35
18 31 23 42 0
31 18 23 42 0
18 31 42 23 0
31 18 42 23 0
19 30 23 42 0
30 19 23 42 0
19 30 42 23 0
30 19 42 23 0
20 29 23 42 0
29 20 23 42 0
20 29 42 23 0
29 20 42 23 0
21 28 23 42 0
28 21 23 42 0
21 28 42 23 0
28 21 42 23 0
22 27 23 42 0
27 22 23 42 0
22 27 42 23 0
27 22 42 23 0
19 30 22 43 0
30 19 22 43 0
19 30 43 22 0
30 19 43 22 0
20 29 22 43 0
29 20 22 43 0
20 29 43 22 0
29 20 43 22 0
21 28 22 43 0
28 21 22 43 0
21 28 43 22 0
28 21 43 22 0
22 27 22 43 0
27 22 22 43 0
22 27 43 22 0
27 22 43 22 0
23 26 22 43 0
26 23 22 43 0
23 26 43 22 0
26 23 43 22 0
23 26 23 42 0
26 23 23 42 0
23 26 42 23 0
26 23 42 23 0
23 26 24 41 0
26 23 24 41 0
23 26 41 24 0
26 23 41 24 0
23 26 25 40 0
26 23 25 40 0
23 26 40 25 0
26 23 40 25 0
24 25 23 42 0
25 24 23 42 0
24 25 42 23 0
25 24 42 23 0
24 25 24 41 0
25 24 24 41 0
24 25 41 24 0
25 24 41 24 0
24 25 25 40 0
25 24 25 40 0
24 25 40 25 0
25 24 40 25 0
24 25 26 39 1
25 24 26 39 1
24 25 39 26 1
25 24 39 26 1
24 25 27 38 4
25 24 27 38 4
24 25 38 27 4
25 24 38 27 4
24 25 28 37 8
25 24 28 37 8
24 25 37 28 8
25 24 37 28 8
24 25 29 36 15
25 24 29 36 15
24 25 36 29 15
25 24 36 29 15
24 25 22 43 0
25 24 22 43 0
24 25 43 22 0
25 24 43 22 0
21 28 21 44 0
28 21 21 44 0
21 28 44 21 0
28 21 44 21 0
22 27 21 44 0
27 22 21 44 0
22 27 44 21 0
27 22 44 21 0
23 26 21 44 0
26 23 21 44 0
23 26 44 21 0
26 23 44 21 0
24 25 21 44 0
25 24 21 44 0
24 25 44 21 0
25 24 44 21 0
