2 23 11 22 0
23 2 11 22 0
2 23 22 11 0
23 2 22 11 0
2 23 12 21 0
23 2 12 21 0
2 23 21 12 0
23 2 21 12 0
2 23 13 20 0
23 2 13 20 0
2 23 20 13 0
23 2 20 13 0
2 23 14 19 0
23 2 14 19 0
2 23 19 14 0
23 2 19 14 0
2 23 15 18 0
23 2 15 18 0
2 23 18 15 0
23 2 18 15 0
2 23 16 17 0
23 2 16 17 0
2 23 17 16 0
23 2 17 16 0
3 22 11 22 0
22 3 11 22 0
3 22 22 11 0
22 3 22 11 0
3 22 12 21 0
22 3 12 21 0
3 22 21 12 0
22 3 21 12 0
3 22 13 20 0
22 3 13 20 0
3 22 20 13 0
22 3 20 13 0
3 22 14 19 0
22 3 14 19 0
3 22 19 14 0
22 3 19 14 0
3 22 15 18 0
22 3 15 18 0
3 22 18 15 0
22 3 18 15 0
3 22 16 17 0
22 3 16 17 0
3 22 17 16 0
22 3 17 16 0
4 21 11 22 0
21 4 11 22 0
4 21 22 11 0
21 4 22 11 0
4 21 12 21 0
21 4 12 21 0
4 21 21 12 0
21 4 21 12 0
4 21 13 20 0
21 4 13 20 0
4 21 20 13 0
21 4 20 13 0
4 21 14 19 1
21 4 14 19 1
4 21 19 14 1
21 4 19 14 1
4 21 15 18 2
21 4 15 18 2
4 21 18 15 2
21 4 18 15 2
4 21 16 17 2
21 4 16 17 2
4 21 17 16 2
21 4 17 16 2
5 20 11 22 1
20 5 11 22 1
5 20 22 11 1
20 5 22 11 1
5 20 12 21 3
20 5 12 21 3
5 20 21 12 3
20 5 21 12 3
5 20 13 20 7
20 5 13 20 7
5 20 20 13 7
20 5 20 13 7
5 20 14 19 13
20 5 14 19 13
5 20 19 14 13
20 5 19 14 13
5 20 15 18 20
20 5 15 18 20
5 20 18 15 20
20 5 18 15 20
5 20 16 17 23
20 5 16 17 23
5 20 17 16 23
20 5 17 16 23
6 19 11 22 7
19 6 11 22 7
6 19 22 11 7
19 6 22 11 7
6 19 12 21 20
19 6 12 21 20
6 19 21 12 20
19 6 21 12 20
6 19 13 20 41
19 6 13 20 41
6 19 20 13 41
19 6 20 13 41
6 19 14 19 68
19 6 14 19 68
6 19 19 14 68
19 6 19 14 68
6 19 15 18 95
19 6 15 18 95
6 19 18 15 95
19 6 18 15 95
6 19 16 17 110
19 6 16 17 110
6 19 17 16 110
19 6 17 16 110
3 22 10 23 0
22 3 10 23 0
3 22 23 10 0
22 3 23 10 0
4 21 10 23 0
21 4 10 23 0
4 21 23 10 0
21 4 23 10 0
5 20 10 23 0
20 5 10 23 0
5 20 23 10 0
20 5 23 10 0
6 19 10 23 1
19 6 10 23 1
6 19 23 10 1
19 6 23 10 1
7 18 10 23 12
18 7 10 23 12
7 18 23 10 12
18 7 23 10 12
7 18 11 22 38
18 7 11 22 38
7 18 22 11 38
18 7 22 11 38
7 18 12 21 86
18 7 12 21 86
7 18 21 12 86
18 7 21 12 86
7 18 13 20 157
18 7 13 20 157
7 18 20 13 157
18 7 20 13 157
7 18 14 19 241
18 7 14 19 241
7 18 19 14 241
18 7 19 14 241
7 18 15 18 320
18 7 15 18 320
7 18 18 15 320
18 7 18 15 320
7 18 16 17 365
18 7 16 17 365
7 18 17 16 365
18 7 17 16 365
8 17 10 23 47
17 8 10 23 47
8 17 23 10 47
17 8 23 10 47
8 17 11 22 121
17 8 11 22 121
8 17 22 11 121
17 8 22 11 121
8 17 12 21 247
17 8 12 21 247
8 17 21 12 247
17 8 21 12 247
8 17 13 20 423
17 8 13 20 423
8 17 20 13 423
17 8 20 13 423
8 17 14 19 623
17 8 14 19 623
8 17 19 14 623
17 8 19 14 623
8 17 15 18 803
17 8 15 18 803
8 17 18 15 803
17 8 18 15 803
8 17 16 17 907
17 8 16 17 907
8 17 17 16 907
17 8 17 16 907
9 16 10 23 126
16 9 10 23 126
9 16 23 10 126
16 9 23 10 126
9 16 11 22 289
16 9 11 22 289
9 16 22 11 289
16 9 22 11 289
9 16 12 21 549
16 9 12 21 549
9 16 21 12 549
16 9 21 12 549
9 16 13 20 898
16 9 13 20 898
9 16 20 13 898
16 9 20 13 898
9 16 14 19 1282
16 9 14 19 1282
9 16 19 14 1282
16 9 19 14 1282
9 16 15 18 1620
16 9 15 18 1620
9 16 18 15 1620
16 9 18 15 1620
9 16 16 17 1815
16 9 16 17 1815
9 16 17 16 1815
16 9 17 16 1815
10 15 11 22 526
15 10 11 22 526
10 15 22 11 526
15 10 22 11 526
10 15 12 21 962
15 10 12 21 962
10 15 21 12 962
15 10 21 12 962
10 15 13 20 1530
15 10 13 20 1530
10 15 20 13 1530
15 10 20 13 1530
10 15 14 19 2143
15 10 14 19 2143
10 15 19 14 2143
15 10 19 14 2143
10 15 15 18 2675
15 10 15 18 2675
10 15 18 15 2675
15 10 18 15 2675
10 15 16 17 2981
15 10 16 17 2981
10 15 17 16 2981
15 10 17 16 2981
3 22 9 24 0
22 3 9 24 0
3 22 24 9 0
22 3 24 9 0
4 21 9 24 0
21 4 9 24 0
4 21 24 9 0
21 4 24 9 0
5 20 9 24 0
20 5 9 24 0
5 20 24 9 0
20 5 24 9 0
6 19 9 24 0
19 6 9 24 0
6 19 24 9 0
19 6 24 9 0
7 18 9 24 3
18 7 9 24 3
7 18 24 9 3
18 7 24 9 3
4 21 7 26 0
21 4 7 26 0
4 21 26 7 0
21 4 26 7 0
4 21 8 25 0
21 4 8 25 0
4 21 25 8 0
21 4 25 8 0
5 20 7 26 0
20 5 7 26 0
5 20 26 7 0
20 5 26 7 0
5 20 8 25 0
20 5 8 25 0
5 20 25 8 0
20 5 25 8 0
6 19 7 26 0
19 6 7 26 0
6 19 26 7 0
19 6 26 7 0
6 19 8 25 0
19 6 8 25 0
6 19 25 8 0
19 6 25 8 0
7 18 7 26 0
18 7 7 26 0
7 18 26 7 0
18 7 26 7 0
7 18 8 25 0
18 7 8 25 0
7 18 25 8 0
18 7 25 8 0
8 17 7 26 0
17 8 7 26 0
8 17 26 7 0
17 8 26 7 0
8 17 8 25 2
17 8 8 25 2
8 17 25 8 2
17 8 25 8 2
8 17 9 24 14
17 8 9 24 14
8 17 24 9 14
17 8 24 9 14
9 16 7 26 2
16 9 7 26 2
9 16 26 7 2
16 9 26 7 2
9 16 8 25 11
16 9 8 25 11
9 16 25 8 11
16 9 25 8 11
9 16 9 24 45
16 9 9 24 45
9 16 24 9 45
16 9 24 9 45
6 19 6 27 0
19 6 6 27 0
6 19 27 6 0
19 6 27 6 0
7 18 6 27 0
18 7 6 27 0
7 18 27 6 0
18 7 27 6 0
8 17 6 27 0
17 8 6 27 0
8 17 27 6 0
17 8 27 6 0
9 16 6 27 0
16 9 6 27 0
9 16 27 6 0
16 9 27 6 0
10 15 6 27 0
15 10 6 27 0
10 15 27 6 0
15 10 27 6 0
10 15 7 26 5
15 10 7 26 5
10 15 26 7 5
15 10 26 7 5
10 15 8 25 26
15 10 8 25 26
10 15 25 8 26
15 10 25 8 26
10 15 9 24 93
15 10 9 24 93
10 15 24 9 93
15 10 24 9 93
10 15 10 23 243
15 10 10 23 243
10 15 23 10 243
15 10 23 10 243
11 14 7 26 11
14 11 7 26 11
11 14 26 7 11
14 11 26 7 11
11 14 8 25 47
14 11 8 25 47
11 14 25 8 47
14 11 25 8 47
11 14 9 24 151
14 11 9 24 151
11 14 24 9 151
14 11 24 9 151
11 14 10 23 373
14 11 10 23 373
11 14 23 10 373
14 11 23 10 373
11 14 11 22 778
14 11 11 22 778
11 14 22 11 778
14 11 22 11 778
11 14 12 21 1387
14 11 12 21 1387
11 14 21 12 1387
14 11 21 12 1387
11 14 13 20 2167
14 11 13 20 2167
11 14 20 13 2167
14 11 20 13 2167
11 14 14 19 2999
14 11 14 19 2999
11 14 19 14 2999
14 11 19 14 2999
11 14 15 18 3714
14 11 15 18 3714
11 14 18 15 3714
14 11 18 15 3714
11 14 16 17 4124
14 11 16 17 4124
11 14 17 16 4124
14 11 17 16 4124
12 13 7 26 15
13 12 7 26 15
12 13 26 7 15
13 12 26 7 15
12 13 8 25 61
13 12 8 25 61
12 13 25 8 61
13 12 25 8 61
12 13 9 24 189
13 12 9 24 189
12 13 24 9 189
13 12 24 9 189
12 13 10 23 458
13 12 10 23 458
12 13 23 10 458
13 12 23 10 458
12 13 11 22 940
13 12 11 22 940
12 13 22 11 940
13 12 22 11 940
12 13 12 21 1657
13 12 12 21 1657
12 13 21 12 1657
13 12 21 12 1657
12 13 13 20 2568
13 12 13 20 2568
12 13 20 13 2568
13 12 20 13 2568
12 13 14 19 3535
13 12 14 19 3535
12 13 19 14 3535
13 12 19 14 3535
12 13 15 18 4362
13 12 15 18 4362
12 13 18 15 4362
13 12 18 15 4362
12 13 16 17 4835
13 12 16 17 4835
12 13 17 16 4835
13 12 17 16 4835
5 20 6 27 0
20 5 6 27 0
5 20 27 6 0
20 5 27 6 0
6 19 5 28 0
19 6 5 28 0
6 19 28 5 0
19 6 28 5 0
7 18 5 28 0
18 7 5 28 0
7 18 28 5 0
18 7 28 5 0
8 17 5 28 0
17 8 5 28 0
8 17 28 5 0
17 8 28 5 0
9 16 5 28 0
16 9 5 28 0
9 16 28 5 0
16 9 28 5 0
10 15 5 28 0
15 10 5 28 0
10 15 28 5 0
15 10 28 5 0
7 18 4 29 0
18 7 4 29 0
7 18 29 4 0
18 7 29 4 0
8 17 4 29 0
17 8 4 29 0
8 17 29 4 0
17 8 29 4 0
9 16 4 29 0
16 9 4 29 0
9 16 29 4 0
16 9 29 4 0
10 15 4 29 0
15 10 4 29 0
10 15 29 4 0
15 10 29 4 0
11 14 4 29 0
14 11 4 29 0
11 14 29 4 0
14 11 29 4 0
11 14 5 28 0
14 11 5 28 0
11 14 28 5 0
14 11 28 5 0
11 14 6 27 1
14 11 6 27 1
11 14 27 6 1
14 11 27 6 1
12 13 5 28 0
13 12 5 28 0
12 13 28 5 0
13 12 28 5 0
12 13 6 27 2
13 12 6 27 2
12 13 27 6 2
13 12 27 6 2
12 13 4 29 0
13 12 4 29 0
12 13 29 4 0
13 12 29 4 0
9 16 3 30 0
16 9 3 30 0
9 16 30 3 0
16 9 30 3 0
10 15 3 30 0
15 10 3 30 0
10 15 30 3 0
15 10 30 3 0
11 14 3 30 0
14 11 3 30 0
11 14 30 3 0
14 11 30 3 0
12 13 3 30 0
13 12 3 30 0
12 13 30 3 0
13 12 30 3 0
