0 19 10 15 0
19 0 10 15 0
0 19 15 10 0
19 0 15 10 0
0 19 11 14 0
19 0 11 14 0
0 19 14 11 0
19 0 14 11 0
0 19 12 13 0
19 0 12 13 0
0 19 13 12 0
19 0 13 12 0
1 18 10 15 0
18 1 10 15 0
1 18 15 10 0
18 1 15 10 0
1 18 11 14 0
18 1 11 14 0
1 18 14 11 0
18 1 14 11 0
1 18 12 13 0
18 1 12 13 0
1 18 13 12 0
18 1 13 12 0
2 17 10 15 2
17 2 10 15 2
2 17 15 10 2
17 2 15 10 2
2 17 11 14 3
17 2 11 14 3
2 17 14 11 3
17 2 14 11 3
2 17 12 13 4
17 2 12 13 4
2 17 13 12 4
17 2 13 12 4
3 16 10 15 12
16 3 10 15 12
3 16 15 10 12
16 3 15 10 12
3 16 11 14 18
16 3 11 14 18
3 16 14 11 18
16 3 14 11 18
3 16 12 13 22
16 3 12 13 22
3 16 13 12 22
16 3 13 12 22
4 15 10 15 50
15 4 10 15 50
4 15 15 10 50
15 4 15 10 50
4 15 11 14 70
15 4 11 14 70
4 15 14 11 70
15 4 14 11 70
4 15 12 13 83
15 4 12 13 83
4 15 13 12 83
15 4 13 12 83
1 18 6 19 0
18 1 6 19 0
1 18 19 6 0
18 1 19 6 0
1 18 7 18 0
18 1 7 18 0
1 18 18 7 0
18 1 18 7 0
1 18 8 17 0
18 1 8 17 0
1 18 17 8 0
18 1 17 8 0
1 18 9 16 0
18 1 9 16 0
1 18 16 9 0
18 1 16 9 0
2 17 6 19 0
17 2 6 19 0
2 17 19 6 0
17 2 19 6 0
2 17 7 18 0
17 2 7 18 0
2 17 18 7 0
17 2 18 7 0
2 17 8 17 0
17 2 8 17 0
2 17 17 8 0
17 2 17 8 0
2 17 9 16 1
17 2 9 16 1
2 17 16 9 1
17 2 16 9 1
3 16 6 19 0
16 3 6 19 0
3 16 19 6 0
16 3 19 6 0
3 16 7 18 0
16 3 7 18 0
3 16 18 7 0
16 3 18 7 0
3 16 8 17 2
16 3 8 17 2
3 16 17 8 2
16 3 17 8 2
3 16 9 16 6
16 3 9 16 6
3 16 16 9 6
16 3 16 9 6
4 15 6 19 1
15 4 6 19 1
4 15 19 6 1
15 4 19 6 1
4 15 7 18 4
15 4 7 18 4
4 15 18 7 4
15 4 18 7 4
4 15 8 17 13
15 4 8 17 13
4 15 17 8 13
15 4 17 8 13
4 15 9 16 29
15 4 9 16 29
4 15 16 9 29
15 4 16 9 29
5 14 6 19 5
14 5 6 19 5
5 14 19 6 5
14 5 19 6 5
5 14 7 18 17
14 5 7 18 17
5 14 18 7 17
14 5 18 7 17
5 14 8 17 44
14 5 8 17 44
5 14 17 8 44
14 5 17 8 44
5 14 9 16 87
14 5 9 16 87
5 14 16 9 87
14 5 16 9 87
5 14 10 15 140
14 5 10 15 140
5 14 15 10 140
14 5 15 10 140
5 14 11 14 188
14 5 11 14 188
5 14 14 11 188
14 5 14 11 188
5 14 12 13 219
14 5 12 13 219
5 14 13 12 219
14 5 13 12 219
6 13 6 19 20
13 6 6 19 20
6 13 19 6 20
13 6 19 6 20
6 13 7 18 53
13 6 7 18 53
6 13 18 7 53
13 6 18 7 53
6 13 8 17 115
13 6 8 17 115
6 13 17 8 115
13 6 17 8 115
6 13 9 16 205
13 6 9 16 205
6 13 16 9 205
13 6 16 9 205
6 13 10 15 311
13 6 10 15 311
6 13 15 10 311
13 6 15 10 311
6 13 11 14 406
13 6 11 14 406
6 13 14 11 406
13 6 14 11 406
6 13 12 13 464
13 6 12 13 464
6 13 13 12 464
13 6 13 12 464
7 12 6 19 44
12 7 6 19 44
7 12 19 6 44
12 7 19 6 44
7 12 7 18 107
12 7 7 18 107
7 12 18 7 107
12 7 18 7 107
7 12 8 17 217
12 7 8 17 217
7 12 17 8 217
12 7 17 8 217
7 12 9 16 369
12 7 9 16 369
7 12 16 9 369
12 7 16 9 369
7 12 10 15 543
12 7 10 15 543
7 12 15 10 543
12 7 15 10 543
7 12 11 14 696
12 7 11 14 696
7 12 14 11 696
12 7 14 11 696
7 12 12 13 788
12 7 12 13 788
7 12 13 12 788
12 7 13 12 788
2 17 4 21 0
17 2 4 21 0
2 17 21 4 0
17 2 21 4 0
2 17 5 20 0
17 2 5 20 0
2 17 20 5 0
17 2 20 5 0
3 16 4 21 0
16 3 4 21 0
3 16 21 4 0
16 3 21 4 0
3 16 5 20 0
16 3 5 20 0
3 16 20 5 0
16 3 20 5 0
4 15 4 21 0
15 4 4 21 0
4 15 21 4 0
15 4 21 4 0
4 15 5 20 0
15 4 5 20 0
4 15 20 5 0
15 4 20 5 0
5 14 4 21 0
14 5 4 21 0
5 14 21 4 0
14 5 21 4 0
5 14 5 20 0
14 5 5 20 0
5 14 20 5 0
14 5 20 5 0
6 13 4 21 1
13 6 4 21 1
6 13 21 4 1
13 6 21 4 1
6 13 5 20 5
13 6 5 20 5
6 13 20 5 5
13 6 20 5 5
3 16 3 22 0
16 3 3 22 0
3 16 22 3 0
16 3 22 3 0
4 15 3 22 0
15 4 3 22 0
4 15 22 3 0
15 4 22 3 0
5 14 3 22 0
14 5 3 22 0
5 14 22 3 0
14 5 22 3 0
6 13 3 22 0
13 6 3 22 0
6 13 22 3 0
13 6 22 3 0
7 12 3 22 0
12 7 3 22 0
7 12 22 3 0
12 7 22 3 0
7 12 4 21 3
12 7 4 21 3
7 12 21 4 3
12 7 21 4 3
7 12 5 20 13
12 7 5 20 13
7 12 20 5 13
12 7 20 5 13
8 11 3 22 1
11 8 3 22 1
8 11 22 3 1
11 8 22 3 1
8 11 4 21 7
11 8 4 21 7
8 11 21 4 7
11 8 21 4 7
8 11 5 20 25
11 8 5 20 25
8 11 20 5 25
11 8 20 5 25
8 11 6 19 75
11 8 6 19 75
8 11 19 6 75
11 8 19 6 75
8 11 7 18 171
11 8 7 18 171
8 11 18 7 171
11 8 18 7 171
8 11 8 17 330
11 8 8 17 330
8 11 17 8 330
11 8 17 8 330
8 11 9 16 545
11 8 9 16 545
8 11 16 9 545
11 8 16 9 545
8 11 10 15 785
11 8 10 15 785
8 11 15 10 785
11 8 15 10 785
8 11 11 14 993
11 8 11 14 993
8 11 14 11 993
11 8 14 11 993
8 11 12 13 1118
11 8 12 13 1118
8 11 13 12 1118
11 8 13 12 1118
9 10 3 22 1
10 9 3 22 1
9 10 22 3 1
10 9 22 3 1
9 10 4 21 9
10 9 4 21 9
9 10 21 4 9
10 9 21 4 9
9 10 5 20 33
10 9 5 20 33
9 10 20 5 33
10 9 20 5 33
9 10 6 19 95
10 9 6 19 95
9 10 19 6 95
10 9 19 6 95
9 10 7 18 212
10 9 7 18 212
9 10 18 7 212
10 9 18 7 212
9 10 8 17 403
10 9 8 17 403
9 10 17 8 403
10 9 17 8 403
9 10 9 16 656
10 9 9 16 656
9 10 16 9 656
10 9 16 9 656
9 10 10 15 937
10 9 10 15 937
9 10 15 10 937
10 9 15 10 937
9 10 11 14 1180
10 9 11 14 1180
9 10 14 11 1180
10 9 14 11 1180
9 10 12 13 1324
10 9 12 13 1324
9 10 13 12 1324
10 9 13 12 1324
4 15 2 23 0
15 4 2 23 0
4 15 23 2 0
15 4 23 2 0
5 14 2 23 0
14 5 2 23 0
5 14 23 2 0
14 5 23 2 0
6 13 2 23 0
13 6 2 23 0
6 13 23 2 0
13 6 23 2 0
7 12 2 23 0
12 7 2 23 0
7 12 23 2 0
12 7 23 2 0
8 11 2 23 0
11 8 2 23 0
8 11 23 2 0
11 8 23 2 0
9 10 2 23 0
10 9 2 23 0
9 10 23 2 0
10 9 23 2 0
6 13 1 24 0
13 6 1 24 0
6 13 24 1 0
13 6 24 1 0
7 12 1 24 0
12 7 1 24 0
7 12 24 1 0
12 7 24 1 0
8 11 1 24 0
11 8 1 24 0
8 11 24 1 0
11 8 24 1 0
9 10 1 24 0
10 9 1 24 0
9 10 24 1 0
10 9 24 1 0
