0 13 6 11 0
13 0 6 11 0
0 13 11 6 0
13 0 11 6 0
0 13 7 10 0
13 0 7 10 0
0 13 10 7 0
13 0 10 7 0
1 12 6 11 0
12 1 6 11 0
1 12 11 6 0
12 1 11 6 0
1 12 7 10 0
12 1 7 10 0
1 12 10 7 0
12 1 10 7 0
0 13 8 9 0
13 0 8 9 0
0 13 9 8 0
13 0 9 8 0
1 12 8 9 0
12 1 8 9 0
1 12 9 8 0
12 1 9 8 0
1 12 3 14 0
12 1 3 14 0
1 12 14 3 0
12 1 14 3 0
1 12 4 13 0
12 1 4 13 0
1 12 13 4 0
12 1 13 4 0
2 11 3 14 0
11 2 3 14 0
2 11 14 3 0
11 2 14 3 0
2 11 4 13 0
11 2 4 13 0
2 11 13 4 0
11 2 13 4 0
1 12 5 12 0
12 1 5 12 0
1 12 12 5 0
12 1 12 5 0
2 11 5 12 0
11 2 5 12 0
2 11 12 5 0
11 2 12 5 0
2 11 6 11 0
11 2 6 11 0
2 11 11 6 0
11 2 11 6 0
2 11 7 10 0
11 2 7 10 0
2 11 10 7 0
11 2 10 7 0
2 11 8 9 0
11 2 8 9 0
2 11 9 8 0
11 2 9 8 0
3 10 3 14 0
10 3 3 14 0
3 10 14 3 0
10 3 14 3 0
3 10 4 13 0
10 3 4 13 0
3 10 13 4 0
10 3 13 4 0
3 10 5 12 0
10 3 5 12 0
3 10 12 5 0
10 3 12 5 0
3 10 6 11 0
10 3 6 11 0
3 10 11 6 0
10 3 11 6 0
3 10 7 10 0
10 3 7 10 0
3 10 10 7 0
10 3 10 7 0
3 10 8 9 0
10 3 8 9 0
3 10 9 8 0
10 3 9 8 0
4 9 3 14 0
9 4 3 14 0
4 9 14 3 0
9 4 14 3 0
4 9 4 13 0
9 4 4 13 0
4 9 13 4 0
9 4 13 4 0
4 9 5 12 0
9 4 5 12 0
4 9 12 5 0
9 4 12 5 0
4 9 6 11 0
9 4 6 11 0
4 9 11 6 0
9 4 11 6 0
4 9 7 10 0
9 4 7 10 0
4 9 10 7 0
9 4 10 7 0
4 9 8 9 0
9 4 8 9 0
4 9 9 8 0
9 4 9 8 0
2 11 2 15 0
11 2 2 15 0
2 11 15 2 0
11 2 15 2 0
3 10 2 15 0
10 3 2 15 0
3 10 15 2 0
10 3 15 2 0
3 10 1 16 0
10 3 1 16 0
3 10 16 1 0
10 3 16 1 0
4 9 1 16 0
9 4 1 16 0
4 9 16 1 0
9 4 16 1 0
4 9 2 15 0
9 4 2 15 0
4 9 15 2 0
9 4 15 2 0
5 8 1 16 0
8 5 1 16 0
5 8 16 1 0
8 5 16 1 0
5 8 2 15 0
8 5 2 15 0
5 8 15 2 0
8 5 15 2 0
5 8 3 14 0
8 5 3 14 0
5 8 14 3 0
8 5 14 3 0
5 8 4 13 0
8 5 4 13 0
5 8 13 4 0
8 5 13 4 0
5 8 5 12 0
8 5 5 12 0
5 8 12 5 0
8 5 12 5 0
5 8 6 11 0
8 5 6 11 0
5 8 11 6 0
8 5 11 6 0
5 8 7 10 0
8 5 7 10 0
5 8 10 7 0
8 5 10 7 0
5 8 8 9 0
8 5 8 9 0
5 8 9 8 0
8 5 9 8 0
6 7 1 16 0
7 6 1 16 0
6 7 16 1 0
7 6 16 1 0
6 7 2 15 0
7 6 2 15 0
6 7 15 2 0
7 6 15 2 0
6 7 3 14 0
7 6 3 14 0
6 7 14 3 0
7 6 14 3 0
6 7 4 13 0
7 6 4 13 0
6 7 13 4 0
7 6 13 4 0
6 7 5 12 0
7 6 5 12 0
6 7 12 5 0
7 6 12 5 0
6 7 6 11 0
7 6 6 11 0
6 7 11 6 0
7 6 11 6 0
6 7 7 10 0
7 6 7 10 0
6 7 10 7 0
7 6 10 7 0
6 7 8 9 0
7 6 8 9 0
6 7 9 8 0
7 6 9 8 0
6 7 0 17 0
7 6 0 17 0
6 7 17 0 0
7 6 17 0 0
