13 33 26 35 0
33 13 26 35 0
13 33 35 26 0
33 13 35 26 0
13 33 27 34 0
33 13 27 34 0
13 33 34 27 0
33 13 34 27 0
13 33 28 33 0
33 13 28 33 0
13 33 33 28 0
33 13 33 28 0
13 33 29 32 0
33 13 29 32 0
13 33 32 29 0
33 13 32 29 0
13 33 30 31 0
33 13 30 31 0
13 33 31 30 0
33 13 31 30 0
14 32 26 35 0
32 14 26 35 0
14 32 35 26 0
32 14 35 26 0
14 32 27 34 0
32 14 27 34 0
14 32 34 27 0
32 14 34 27 0
14 32 28 33 0
32 14 28 33 0
14 32 33 28 0
32 14 33 28 0
14 32 29 32 0
32 14 29 32 0
14 32 32 29 0
32 14 32 29 0
14 32 30 31 0
32 14 30 31 0
14 32 31 30 0
32 14 31 30 0
15 31 26 35 0
31 15 26 35 0
15 31 35 26 0
31 15 35 26 0
15 31 27 34 0
31 15 27 34 0
15 31 34 27 0
31 15 34 27 0
15 31 28 33 0
31 15 28 33 0
15 31 33 28 0
31 15 33 28 0
15 31 29 32 0
31 15 29 32 0
15 31 32 29 0
31 15 32 29 0
15 31 30 31 0
31 15 30 31 0
15 31 31 30 0
31 15 31 30 0
16 30 26 35 0
30 16 26 35 0
16 30 35 26 0
30 16 35 26 0
16 30 27 34 0
30 16 27 34 0
16 30 34 27 0
30 16 34 27 0
16 30 28 33 0
30 16 28 33 0
16 30 33 28 0
30 16 33 28 0
16 30 29 32 0
30 16 29 32 0
16 30 32 29 0
30 16 32 29 0
16 30 30 31 0
30 16 30 31 0
16 30 31 30 0
30 16 31 30 0
17 29 26 35 0
29 17 26 35 0
17 29 35 26 0
29 17 35 26 0
17 29 27 34 0
29 17 27 34 0
17 29 34 27 0
29 17 34 27 0
17 29 28 33 0
29 17 28 33 0
17 29 33 28 0
29 17 33 28 0
17 29 29 32 0
29 17 29 32 0
17 29 32 29 0
29 17 32 29 0
17 29 30 31 1
29 17 30 31 1
17 29 31 30 1
29 17 31 30 1
14 32 23 38 0
32 14 23 38 0
14 32 38 23 0
32 14 38 23 0
14 32 24 37 0
32 14 24 37 0
14 32 37 24 0
32 14 37 24 0
14 32 25 36 0
32 14 25 36 0
14 32 36 25 0
32 14 36 25 0
15 31 23 38 0
31 15 23 38 0
15 31 38 23 0
31 15 38 23 0
15 31 24 37 0
31 15 24 37 0
15 31 37 24 0
31 15 37 24 0
15 31 25 36 0
31 15 25 36 0
15 31 36 25 0
31 15 36 25 0
16 30 23 38 0
30 16 23 38 0
16 30 38 23 0
30 16 38 23 0
16 30 24 37 0
30 16 24 37 0
16 30 37 24 0
30 16 37 24 0
16 30 25 36 0
30 16 25 36 0
16 30 36 25 0
30 16 36 25 0
17 29 23 38 0
29 17 23 38 0
17 29 38 23 0
29 17 38 23 0
17 29 24 37 0
29 17 24 37 0
17 29 37 24 0
29 17 37 24 0
17 29 25 36 0
29 17 25 36 0
17 29 36 25 0
29 17 36 25 0
18 28 23 38 0
28 18 23 38 0
18 28 38 23 0
28 18 38 23 0
18 28 24 37 0
28 18 24 37 0
18 28 37 24 0
28 18 37 24 0
18 28 25 36 0
28 18 25 36 0
18 28 36 25 0
28 18 36 25 0
18 28 26 35 0
28 18 26 35 0
18 28 35 26 0
28 18 35 26 0
18 28 27 34 1
28 18 27 34 1
18 28 34 27 1
28 18 34 27 1
18 28 28 33 3
28 18 28 33 3
18 28 33 28 3
28 18 33 28 3
18 28 29 32 5
28 18 29 32 5
18 28 32 29 5
28 18 32 29 5
18 28 30 31 7
28 18 30 31 7
18 28 31 30 7
28 18 31 30 7
15 31 22 39 0
31 15 22 39 0
15 31 39 22 0
31 15 39 22 0
16 30 22 39 0
30 16 22 39 0
16 30 39 22 0
30 16 39 22 0
17 29 22 39 0
29 17 22 39 0
17 29 39 22 0
29 17 39 22 0
18 28 22 39 0
28 18 22 39 0
18 28 39 22 0
28 18 39 22 0
19 27 22 39 0
27 19 22 39 0
19 27 39 22 0
27 19 39 22 0
19 27 23 38 0
27 19 23 38 0
19 27 38 23 0
27 19 38 23 0
19 27 24 37 0
27 19 24 37 0
19 27 37 24 0
27 19 37 24 0
19 27 25 36 1
27 19 25 36 1
19 27 36 25 1
27 19 36 25 1
19 27 26 35 3
27 19 26 35 3
19 27 35 26 3
27 19 35 26 3
19 27 27 34 8
27 19 27 34 8
19 27 34 27 8
27 19 34 27 8
19 27 28 33 15
27 19 28 33 15
19 27 33 28 15
27 19 33 28 15
19 27 29 32 22
27 19 29 32 22
19 27 32 29 22
27 19 32 29 22
19 27 30 31 27
27 19 30 31 27
19 27 31 30 27
27 19 31 30 27
20 26 23 38 0
26 20 23 38 0
20 26 38 23 0
26 20 38 23 0
20 26 24 37 1
26 20 24 37 1
20 26 37 24 1
26 20 37 24 1
20 26 25 36 5
26 20 25 36 5
20 26 36 25 5
26 20 36 25 5
20 26 26 35 12
26 20 26 35 12
20 26 35 26 12
26 20 35 26 12
20 26 27 34 26
26 20 27 34 26
20 26 34 27 26
26 20 34 27 26
20 26 28 33 43
26 20 28 33 43
20 26 33 28 43
26 20 33 28 43
20 26 29 32 59
26 20 29 32 59
20 26 32 29 59
26 20 32 29 59
20 26 30 31 70
26 20 30 31 70
20 26 31 30 70
26 20 31 30 70
21 25 26 35 29
25 21 26 35 29
21 25 35 26 29
25 21 35 26 29
21 25 27 34 55
25 21 27 34 55
21 25 34 27 55
25 21 34 27 55
21 25 28 33 85
25 21 28 33 85
21 25 33 28 85
25 21 33 28 85
21 25 29 32 113
25 21 29 32 113
21 25 32 29 113
25 21 32 29 113
21 25 30 31 131
25 21 30 31 131
21 25 31 30 131
25 21 31 30 131
16 30 20 41 0
30 16 20 41 0
16 30 41 20 0
30 16 41 20 0
16 30 21 40 0
30 16 21 40 0
16 30 40 21 0
30 16 40 21 0
17 29 20 41 0
29 17 20 41 0
17 29 41 20 0
29 17 41 20 0
17 29 21 40 0
29 17 21 40 0
17 29 40 21 0
29 17 40 21 0
18 28 20 41 0
28 18 20 41 0
18 28 41 20 0
28 18 41 20 0
18 28 21 40 0
28 18 21 40 0
18 28 40 21 0
28 18 40 21 0
19 27 20 41 0
27 19 20 41 0
19 27 41 20 0
27 19 41 20 0
19 27 21 40 0
27 19 21 40 0
19 27 40 21 0
27 19 40 21 0
20 26 20 41 0
26 20 20 41 0
20 26 41 20 0
26 20 41 20 0
20 26 21 40 0
26 20 21 40 0
20 26 40 21 0
26 20 40 21 0
20 26 22 39 0
26 20 22 39 0
20 26 39 22 0
26 20 39 22 0
21 25 20 41 0
25 21 20 41 0
21 25 41 20 0
25 21 41 20 0
21 25 21 40 0
25 21 21 40 0
21 25 40 21 0
25 21 40 21 0
21 25 22 39 0
25 21 22 39 0
21 25 39 22 0
25 21 39 22 0
21 25 23 38 1
25 21 23 38 1
21 25 38 23 1
25 21 38 23 1
21 25 24 37 4
25 21 24 37 4
21 25 37 24 4
25 21 37 24 4
21 25 25 36 13
25 21 25 36 13
21 25 36 25 13
25 21 36 25 13
22 24 22 39 0
24 22 22 39 0
22 24 39 22 0
24 22 39 22 0
22 24 23 38 2
24 22 23 38 2
22 24 38 23 2
24 22 38 23 2
22 24 24 37 8
24 22 24 37 8
22 24 37 24 8
24 22 37 24 8
22 24 25 36 22
24 22 25 36 22
22 24 36 25 22
24 22 36 25 22
22 24 26 35 46
24 22 26 35 46
22 24 35 26 46
24 22 35 26 46
22 24 27 34 83
24 22 27 34 83
22 24 34 27 83
24 22 34 27 83
22 24 28 33 125
24 22 28 33 125
22 24 33 28 125
24 22 33 28 125
22 24 29 32 163
24 22 29 32 163
22 24 32 29 163
24 22 32 29 163
22 24 30 31 187
24 22 30 31 187
22 24 31 30 187
24 22 31 30 187
23 23 26 35 52
23 23 35 26 52
23 23 27 34 94
23 23 34 27 94
23 23 28 33 141
23 23 33 28 141
23 23 29 32 183
23 23 32 29 183
23 23 30 31 210
23 23 31 30 210
18 28 19 42 0
28 18 19 42 0
18 28 42 19 0
28 18 42 19 0
19 27 19 42 0
27 19 19 42 0
19 27 42 19 0
27 19 42 19 0
20 26 19 42 0
26 20 19 42 0
20 26 42 19 0
26 20 42 19 0
21 25 19 42 0
25 21 19 42 0
21 25 42 19 0
25 21 42 19 0
22 24 19 42 0
24 22 19 42 0
22 24 42 19 0
24 22 42 19 0
22 24 20 41 0
24 22 20 41 0
22 24 41 20 0
24 22 41 20 0
22 24 21 40 0
24 22 21 40 0
22 24 40 21 0
24 22 40 21 0
23 23 20 41 0
23 23 41 20 0
23 23 21 40 0
23 23 40 21 0
23 23 22 39 0
23 23 39 22 0
23 23 23 38 2
23 23 38 23 2
23 23 24 37 9
23 23 37 24 9
23 23 25 36 25
23 23 36 25 25
19 27 18 43 0
27 19 18 43 0
19 27 43 18 0
27 19 43 18 0
20 26 18 43 0
26 20 18 43 0
20 26 43 18 0
26 20 43 18 0
21 25 18 43 0
25 21 18 43 0
21 25 43 18 0
25 21 43 18 0
22 24 18 43 0
24 22 18 43 0
22 24 43 18 0
24 22 43 18 0
23 23 18 43 0
23 23 43 18 0
23 23 19 42 0
23 23 42 19 0
