0 16 6 15 0
16 0 6 15 0
0 16 15 6 0
16 0 15 6 0
0 16 7 14 0
16 0 7 14 0
0 16 14 7 0
16 0 14 7 0
0 16 8 13 0
16 0 8 13 0
0 16 13 8 0
16 0 13 8 0
0 16 9 12 0
16 0 9 12 0
0 16 12 9 0
16 0 12 9 0
0 16 10 11 0
16 0 10 11 0
0 16 11 10 0
16 0 11 10 0
1 15 6 15 0
15 1 6 15 0
1 15 15 6 0
15 1 15 6 0
1 15 7 14 0
15 1 7 14 0
1 15 14 7 0
15 1 14 7 0
1 15 8 13 1
15 1 8 13 1
1 15 13 8 1
15 1 13 8 1
1 15 9 12 2
15 1 9 12 2
1 15 12 9 2
15 1 12 9 2
1 15 10 11 2
15 1 10 11 2
1 15 11 10 2
15 1 11 10 2
2 14 6 15 1
14 2 6 15 1
2 14 15 6 1
14 2 15 6 1
2 14 7 14 2
14 2 7 14 2
2 14 14 7 2
14 2 14 7 2
2 14 8 13 6
14 2 8 13 6
2 14 13 8 6
14 2 13 8 6
2 14 9 12 10
14 2 9 12 10
2 14 12 9 10
14 2 12 9 10
2 14 10 11 12
14 2 10 11 12
2 14 11 10 12
14 2 11 10 12
3 13 6 15 5
13 3 6 15 5
3 13 15 6 5
13 3 15 6 5
3 13 7 14 11
13 3 7 14 11
3 13 14 7 11
13 3 14 7 11
3 13 8 13 22
13 3 8 13 22
3 13 13 8 22
13 3 13 8 22
3 13 9 12 33
13 3 9 12 33
3 13 12 9 33
13 3 12 9 33
3 13 10 11 39
13 3 10 11 39
3 13 11 10 39
13 3 11 10 39
4 12 6 15 17
12 4 6 15 17
4 12 15 6 17
12 4 15 6 17
4 12 7 14 34
12 4 7 14 34
4 12 14 7 34
12 4 14 7 34
4 12 8 13 59
12 4 8 13 59
4 12 13 8 59
12 4 13 8 59
4 12 9 12 83
12 4 9 12 83
4 12 12 9 83
12 4 12 9 83
4 12 10 11 97
12 4 10 11 97
4 12 11 10 97
12 4 11 10 97
1 15 3 18 0
15 1 3 18 0
1 15 18 3 0
15 1 18 3 0
1 15 4 17 0
15 1 4 17 0
1 15 17 4 0
15 1 17 4 0
1 15 5 16 0
15 1 5 16 0
1 15 16 5 0
15 1 16 5 0
2 14 3 18 0
14 2 3 18 0
2 14 18 3 0
14 2 18 3 0
2 14 4 17 0
14 2 4 17 0
2 14 17 4 0
14 2 17 4 0
2 14 5 16 0
14 2 5 16 0
2 14 16 5 0
14 2 16 5 0
3 13 3 18 0
13 3 3 18 0
3 13 18 3 0
13 3 18 3 0
3 13 4 17 0
13 3 4 17 0
3 13 17 4 0
13 3 17 4 0
3 13 5 16 1
13 3 5 16 1
3 13 16 5 1
13 3 16 5 1
4 12 3 18 0
12 4 3 18 0
4 12 18 3 0
12 4 18 3 0
4 12 4 17 1
12 4 4 17 1
4 12 17 4 1
12 4 17 4 1
4 12 5 16 5
12 4 5 16 5
4 12 16 5 5
12 4 16 5 5
5 11 3 18 1
11 5 3 18 1
5 11 18 3 1
11 5 18 3 1
5 11 4 17 5
11 5 4 17 5
5 11 17 4 5
11 5 17 4 5
5 11 5 16 16
11 5 5 16 16
5 11 16 5 16
11 5 16 5 16
5 11 6 15 40
11 5 6 15 40
5 11 15 6 40
11 5 15 6 40
5 11 7 14 75
11 5 7 14 75
5 11 14 7 75
11 5 14 7 75
5 11 8 13 120
11 5 8 13 120
5 11 13 8 120
11 5 13 8 120
5 11 9 12 162
11 5 9 12 162
5 11 12 9 162
11 5 12 9 162
5 11 10 11 186
11 5 10 11 186
5 11 11 10 186
11 5 11 10 186
6 10 3 18 4
10 6 3 18 4
6 10 18 3 4
10 6 18 3 4
6 10 4 17 14
10 6 4 17 14
6 10 17 4 14
10 6 17 4 14
6 10 5 16 35
10 6 5 16 35
6 10 16 5 35
10 6 16 5 35
6 10 6 15 76
10 6 6 15 76
6 10 15 6 76
10 6 15 6 76
6 10 7 14 132
10 6 7 14 132
6 10 14 7 132
10 6 14 7 132
6 10 8 13 201
10 6 8 13 201
6 10 13 8 201
10 6 13 8 201
6 10 9 12 263
10 6 9 12 263
6 10 12 9 263
10 6 12 9 263
6 10 10 11 299
10 6 10 11 299
6 10 11 10 299
10 6 11 10 299
7 9 3 18 6
9 7 3 18 6
7 9 18 3 6
9 7 18 3 6
7 9 4 17 20
9 7 4 17 20
7 9 17 4 20
9 7 17 4 20
7 9 5 16 50
9 7 5 16 50
7 9 16 5 50
9 7 16 5 50
7 9 6 15 104
9 7 6 15 104
7 9 15 6 104
9 7 15 6 104
7 9 7 14 177
9 7 7 14 177
7 9 14 7 177
9 7 14 7 177
7 9 8 13 264
9 7 8 13 264
7 9 13 8 264
9 7 13 8 264
7 9 9 12 342
9 7 9 12 342
7 9 12 9 342
9 7 12 9 342
7 9 10 11 387
9 7 10 11 387
7 9 11 10 387
9 7 11 10 387
2 14 2 19 0
14 2 2 19 0
2 14 19 2 0
14 2 19 2 0
3 13 2 19 0
13 3 2 19 0
3 13 19 2 0
13 3 19 2 0
4 12 2 19 0
12 4 2 19 0
4 12 19 2 0
12 4 19 2 0
5 11 2 19 0
11 5 2 19 0
5 11 19 2 0
11 5 19 2 0
6 10 2 19 1
10 6 2 19 1
6 10 19 2 1
10 6 19 2 1
3 13 1 20 0
13 3 1 20 0
3 13 20 1 0
13 3 20 1 0
4 12 1 20 0
12 4 1 20 0
4 12 20 1 0
12 4 20 1 0
5 11 1 20 0
11 5 1 20 0
5 11 20 1 0
11 5 20 1 0
6 10 1 20 0
10 6 1 20 0
6 10 20 1 0
10 6 20 1 0
7 9 1 20 0
9 7 1 20 0
7 9 20 1 0
9 7 20 1 0
7 9 2 19 1
9 7 2 19 1
7 9 19 2 1
9 7 19 2 1
8 8 1 20 0
8 8 20 1 0
8 8 2 19 2
8 8 19 2 2
8 8 3 18 8
8 8 18 3 8
8 8 4 17 25
8 8 17 4 25
8 8 5 16 59
8 8 16 5 59
8 8 6 15 120
8 8 15 6 120
8 8 7 14 200
8 8 14 7 200
8 8 8 13 295
8 8 13 8 295
8 8 9 12 379
8 8 12 9 379
8 8 10 11 428
8 8 11 10 428
6 10 0 21 0
10 6 0 21 0
6 10 21 0 0
10 6 21 0 0
7 9 0 21 0
9 7 0 21 0
7 9 21 0 0
9 7 21 0 0
8 8 0 21 0
8 8 21 0 0
