0 14 15 21 0
14 0 15 21 0
0 14 21 15 0
14 0 21 15 0
0 14 16 20 0
14 0 16 20 0
0 14 20 16 0
14 0 20 16 0
0 14 17 19 0
14 0 17 19 0
0 14 19 17 0
14 0 19 17 0
0 14 18 18 0
14 0 18 18 0
1 13 15 21 0
13 1 15 21 0
1 13 21 15 0
13 1 21 15 0
1 13 16 20 0
13 1 16 20 0
1 13 20 16 0
13 1 20 16 0
1 13 17 19 0
13 1 17 19 0
1 13 19 17 0
13 1 19 17 0
1 13 18 18 0
13 1 18 18 0
2 12 15 21 5
12 2 15 21 5
2 12 21 15 5
12 2 21 15 5
2 12 16 20 7
12 2 16 20 7
2 12 20 16 7
12 2 20 16 7
2 12 17 19 9
12 2 17 19 9
2 12 19 17 9
12 2 19 17 9
2 12 18 18 9
12 2 18 18 9
1 13 10 26 0
13 1 10 26 0
1 13 26 10 0
13 1 26 10 0
1 13 11 25 0
13 1 11 25 0
1 13 25 11 0
13 1 25 11 0
1 13 12 24 0
13 1 12 24 0
1 13 24 12 0
13 1 24 12 0
1 13 13 23 0
13 1 13 23 0
1 13 23 13 0
13 1 23 13 0
1 13 14 22 0
13 1 14 22 0
1 13 22 14 0
13 1 22 14 0
2 12 10 26 0
12 2 10 26 0
2 12 26 10 0
12 2 26 10 0
2 12 11 25 0
12 2 11 25 0
2 12 25 11 0
12 2 25 11 0
2 12 12 24 0
12 2 12 24 0
2 12 24 12 0
12 2 24 12 0
2 12 13 23 1
12 2 13 23 1
2 12 23 13 1
12 2 23 13 1
2 12 14 22 2
12 2 14 22 2
2 12 22 14 2
12 2 22 14 2
3 11 10 26 0
11 3 10 26 0
3 11 26 10 0
11 3 26 10 0
3 11 11 25 2
11 3 11 25 2
3 11 25 11 2
11 3 25 11 2
3 11 12 24 7
11 3 12 24 7
3 11 24 12 7
11 3 24 12 7
3 11 13 23 16
11 3 13 23 16
3 11 23 13 16
11 3 23 13 16
3 11 14 22 29
11 3 14 22 29
3 11 22 14 29
11 3 22 14 29
3 11 15 21 46
11 3 15 21 46
3 11 21 15 46
11 3 21 15 46
3 11 16 20 62
11 3 16 20 62
3 11 20 16 62
11 3 20 16 62
3 11 17 19 74
11 3 17 19 74
3 11 19 17 74
11 3 19 17 74
3 11 18 18 78
11 3 18 18 78
4 10 10 26 7
10 4 10 26 7
4 10 26 10 7
10 4 26 10 7
4 10 11 25 21
10 4 11 25 21
4 10 25 11 21
10 4 25 11 21
4 10 12 24 46
10 4 12 24 46
4 10 24 12 46
10 4 24 12 46
4 10 13 23 87
10 4 13 23 87
4 10 23 13 87
10 4 23 13 87
4 10 14 22 139
10 4 14 22 139
4 10 22 14 139
10 4 22 14 139
4 10 15 21 201
10 4 15 21 201
4 10 21 15 201
10 4 21 15 201
4 10 16 20 256
10 4 16 20 256
4 10 20 16 256
10 4 20 16 256
4 10 17 19 298
10 4 17 19 298
4 10 19 17 298
10 4 19 17 298
4 10 18 18 311
10 4 18 18 311
2 12 7 29 0
12 2 7 29 0
2 12 29 7 0
12 2 29 7 0
2 12 8 28 0
12 2 8 28 0
2 12 28 8 0
12 2 28 8 0
2 12 9 27 0
12 2 9 27 0
2 12 27 9 0
12 2 27 9 0
3 11 7 29 0
11 3 7 29 0
3 11 29 7 0
11 3 29 7 0
3 11 8 28 0
11 3 8 28 0
3 11 28 8 0
11 3 28 8 0
3 11 9 27 0
11 3 9 27 0
3 11 27 9 0
11 3 27 9 0
4 10 7 29 0
10 4 7 29 0
4 10 29 7 0
10 4 29 7 0
4 10 8 28 0
10 4 8 28 0
4 10 28 8 0
10 4 28 8 0
4 10 9 27 2
10 4 9 27 2
4 10 27 9 2
10 4 27 9 2
3 11 6 30 0
11 3 6 30 0
3 11 30 6 0
11 3 30 6 0
4 10 6 30 0
10 4 6 30 0
4 10 30 6 0
10 4 30 6 0
5 9 6 30 0
9 5 6 30 0
5 9 30 6 0
9 5 30 6 0
5 9 7 29 0
9 5 7 29 0
5 9 29 7 0
9 5 29 7 0
5 9 8 28 2
9 5 8 28 2
5 9 28 8 2
9 5 28 8 2
5 9 9 27 10
9 5 9 27 10
5 9 27 9 10
9 5 27 9 10
5 9 10 26 30
9 5 10 26 30
5 9 26 10 30
9 5 26 10 30
5 9 11 25 71
9 5 11 25 71
5 9 25 11 71
9 5 25 11 71
5 9 12 24 141
9 5 12 24 141
5 9 24 12 141
9 5 24 12 141
5 9 13 23 243
9 5 13 23 243
5 9 23 13 243
9 5 23 13 243
5 9 14 22 371
9 5 14 22 371
5 9 22 14 371
9 5 22 14 371
5 9 15 21 511
9 5 15 21 511
5 9 21 15 511
9 5 21 15 511
5 9 16 20 638
9 5 16 20 638
5 9 20 16 638
9 5 20 16 638
5 9 17 19 728
9 5 17 19 728
5 9 19 17 728
9 5 19 17 728
5 9 18 18 760
9 5 18 18 760
6 8 7 29 2
8 6 7 29 2
6 8 29 7 2
8 6 29 7 2
6 8 8 28 8
8 6 8 28 8
6 8 28 8 8
8 6 28 8 8
6 8 9 27 27
8 6 9 27 27
6 8 27 9 27
8 6 27 9 27
6 8 10 26 67
8 6 10 26 67
6 8 26 10 67
8 6 26 10 67
6 8 11 25 145
8 6 11 25 145
6 8 25 11 145
8 6 25 11 145
6 8 12 24 267
8 6 12 24 267
6 8 24 12 267
8 6 24 12 267
6 8 13 23 442
8 6 13 23 442
6 8 23 13 442
8 6 23 13 442
6 8 14 22 652
8 6 14 22 652
6 8 22 14 652
8 6 22 14 652
6 8 15 21 881
8 6 15 21 881
6 8 21 15 881
8 6 21 15 881
6 8 16 20 1082
8 6 16 20 1082
6 8 20 16 1082
8 6 20 16 1082
6 8 17 19 1227
8 6 17 19 1227
6 8 19 17 1227
8 6 19 17 1227
6 8 18 18 1275
8 6 18 18 1275
4 10 4 32 0
10 4 4 32 0
4 10 32 4 0
10 4 32 4 0
4 10 5 31 0
10 4 5 31 0
4 10 31 5 0
10 4 31 5 0
5 9 4 32 0
9 5 4 32 0
5 9 32 4 0
9 5 32 4 0
5 9 5 31 0
9 5 5 31 0
5 9 31 5 0
9 5 31 5 0
6 8 4 32 0
8 6 4 32 0
6 8 32 4 0
8 6 32 4 0
6 8 5 31 0
8 6 5 31 0
6 8 31 5 0
8 6 31 5 0
6 8 6 30 0
8 6 6 30 0
6 8 30 6 0
8 6 30 6 0
7 7 4 32 0
7 7 32 4 0
7 7 5 31 0
7 7 31 5 0
7 7 6 30 0
7 7 30 6 0
7 7 7 29 2
7 7 29 7 2
7 7 8 28 10
7 7 28 8 10
7 7 9 27 33
7 7 27 9 33
7 7 10 26 83
7 7 26 10 83
7 7 11 25 176
7 7 25 11 176
7 7 12 24 323
7 7 24 12 323
7 7 13 23 528
7 7 23 13 528
7 7 14 22 776
7 7 22 14 776
7 7 15 21 1041
7 7 21 15 1041
7 7 16 20 1277
7 7 20 16 1277
7 7 17 19 1442
7 7 19 17 1442
7 7 18 18 1500
6 8 3 33 0
8 6 3 33 0
6 8 33 3 0
8 6 33 3 0
7 7 3 33 0
7 7 33 3 0
