0 12 10 21 0
12 0 10 21 0
0 12 21 10 0
12 0 21 10 0
0 12 11 20 0
12 0 11 20 0
0 12 20 11 0
12 0 20 11 0
0 12 12 19 0
12 0 12 19 0
0 12 19 12 0
12 0 19 12 0
0 12 13 18 0
12 0 13 18 0
0 12 18 13 0
12 0 18 13 0
0 12 14 17 0
12 0 14 17 0
0 12 17 14 0
12 0 17 14 0
0 12 15 16 0
12 0 15 16 0
0 12 16 15 0
12 0 16 15 0
1 11 10 21 0
11 1 10 21 0
1 11 21 10 0
11 1 21 10 0
1 11 11 20 0
11 1 11 20 0
1 11 20 11 0
11 1 20 11 0
1 11 12 19 1
11 1 12 19 1
1 11 19 12 1
11 1 19 12 1
1 11 13 18 2
11 1 13 18 2
1 11 18 13 2
11 1 18 13 2
1 11 14 17 3
11 1 14 17 3
1 11 17 14 3
11 1 17 14 3
1 11 15 16 4
11 1 15 16 4
1 11 16 15 4
11 1 16 15 4
2 10 10 21 4
10 2 10 21 4
2 10 21 10 4
10 2 21 10 4
2 10 11 20 9
10 2 11 20 9
2 10 20 11 9
10 2 20 11 9
2 10 12 19 17
10 2 12 19 17
2 10 19 12 17
10 2 19 12 17
2 10 13 18 26
10 2 13 18 26
2 10 18 13 26
10 2 18 13 26
2 10 14 17 34
10 2 14 17 34
2 10 17 14 34
10 2 17 14 34
2 10 15 16 39
10 2 15 16 39
2 10 16 15 39
10 2 16 15 39
1 11 6 25 0
11 1 6 25 0
1 11 25 6 0
11 1 25 6 0
1 11 7 24 0
11 1 7 24 0
1 11 24 7 0
11 1 24 7 0
1 11 8 23 0
11 1 8 23 0
1 11 23 8 0
11 1 23 8 0
1 11 9 22 0
11 1 9 22 0
1 11 22 9 0
11 1 22 9 0
2 10 6 25 0
10 2 6 25 0
2 10 25 6 0
10 2 25 6 0
2 10 7 24 0
10 2 7 24 0
2 10 24 7 0
10 2 24 7 0
2 10 8 23 0
10 2 8 23 0
2 10 23 8 0
10 2 23 8 0
2 10 9 22 1
10 2 9 22 1
2 10 22 9 1
10 2 22 9 1
3 9 6 25 0
9 3 6 25 0
3 9 25 6 0
9 3 25 6 0
3 9 7 24 1
9 3 7 24 1
3 9 24 7 1
9 3 24 7 1
3 9 8 23 5
9 3 8 23 5
3 9 23 8 5
9 3 23 8 5
3 9 9 22 14
9 3 9 22 14
3 9 22 9 14
9 3 22 9 14
3 9 10 21 31
9 3 10 21 31
3 9 21 10 31
9 3 21 10 31
3 9 11 20 57
9 3 11 20 57
3 9 20 11 57
9 3 20 11 57
3 9 12 19 90
9 3 12 19 90
3 9 19 12 90
9 3 19 12 90
3 9 13 18 125
9 3 13 18 125
3 9 18 13 125
9 3 18 13 125
3 9 14 17 155
9 3 14 17 155
3 9 17 14 155
9 3 17 14 155
3 9 15 16 172
9 3 15 16 172
3 9 16 15 172
9 3 16 15 172
4 8 6 25 2
8 4 6 25 2
4 8 25 6 2
8 4 25 6 2
4 8 7 24 8
8 4 7 24 8
4 8 24 7 8
8 4 24 7 8
4 8 8 23 23
8 4 8 23 23
4 8 23 8 23
8 4 23 8 23
4 8 9 22 53
8 4 9 22 53
4 8 22 9 53
8 4 22 9 53
4 8 10 21 102
8 4 10 21 102
4 8 21 10 102
8 4 21 10 102
4 8 11 20 170
8 4 11 20 170
4 8 20 11 170
8 4 20 11 170
4 8 12 19 253
8 4 12 19 253
4 8 19 12 253
8 4 19 12 253
4 8 13 18 337
8 4 13 18 337
4 8 18 13 337
8 4 18 13 337
4 8 14 17 406
8 4 14 17 406
4 8 17 14 406
8 4 17 14 406
4 8 15 16 446
8 4 15 16 446
4 8 16 15 446
8 4 16 15 446
2 10 4 27 0
10 2 4 27 0
2 10 27 4 0
10 2 27 4 0
2 10 5 26 0
10 2 5 26 0
2 10 26 5 0
10 2 26 5 0
3 9 4 27 0
9 3 4 27 0
3 9 27 4 0
9 3 27 4 0
3 9 5 26 0
9 3 5 26 0
3 9 26 5 0
9 3 26 5 0
4 8 4 27 0
8 4 4 27 0
4 8 27 4 0
8 4 27 4 0
4 8 5 26 0
8 4 5 26 0
4 8 26 5 0
8 4 26 5 0
3 9 3 28 0
9 3 3 28 0
3 9 28 3 0
9 3 28 3 0
4 8 3 28 0
8 4 3 28 0
4 8 28 3 0
8 4 28 3 0
5 7 3 28 0
7 5 3 28 0
5 7 28 3 0
7 5 28 3 0
5 7 4 27 0
7 5 4 27 0
5 7 27 4 0
7 5 27 4 0
5 7 5 26 1
7 5 5 26 1
5 7 26 5 1
7 5 26 5 1
5 7 6 25 6
7 5 6 25 6
5 7 25 6 6
7 5 25 6 6
5 7 7 24 20
7 5 7 24 20
5 7 24 7 20
7 5 24 7 20
5 7 8 23 51
7 5 8 23 51
5 7 23 8 51
7 5 23 8 51
5 7 9 22 108
7 5 9 22 108
5 7 22 9 108
7 5 22 9 108
5 7 10 21 196
7 5 10 21 196
5 7 21 10 196
7 5 21 10 196
5 7 11 20 314
7 5 11 20 314
5 7 20 11 314
7 5 20 11 314
5 7 12 19 453
7 5 12 19 453
5 7 19 12 453
7 5 19 12 453
5 7 13 18 591
7 5 13 18 591
5 7 18 13 591
7 5 18 13 591
5 7 14 17 703
7 5 14 17 703
5 7 17 14 703
7 5 17 14 703
5 7 15 16 767
7 5 15 16 767
5 7 16 15 767
7 5 16 15 767
6 6 4 27 0
6 6 27 4 0
6 6 5 26 2
6 6 26 5 2
6 6 6 25 9
6 6 25 6 9
6 6 7 24 27
6 6 24 7 27
6 6 8 23 66
6 6 23 8 66
6 6 9 22 135
6 6 22 9 135
6 6 10 21 241
6 6 21 10 241
6 6 11 20 382
6 6 20 11 382
6 6 12 19 546
6 6 19 12 546
6 6 13 18 708
6 6 18 13 708
6 6 14 17 840
6 6 17 14 840
6 6 15 16 914
6 6 16 15 914
4 8 2 29 0
8 4 2 29 0
4 8 29 2 0
8 4 29 2 0
5 7 2 29 0
7 5 2 29 0
5 7 29 2 0
7 5 29 2 0
6 6 2 29 0
6 6 29 2 0
6 6 3 28 0
6 6 28 3 0
