1 15 15 26 0
15 1 15 26 0
1 15 26 15 0
15 1 26 15 0
1 15 16 25 0
15 1 16 25 0
1 15 25 16 0
15 1 25 16 0
1 15 17 24 0
15 1 17 24 0
1 15 24 17 0
15 1 24 17 0
1 15 18 23 0
15 1 18 23 0
1 15 23 18 0
15 1 23 18 0
1 15 19 22 0
15 1 19 22 0
1 15 22 19 0
15 1 22 19 0
1 15 20 21 0
15 1 20 21 0
1 15 21 20 0
15 1 21 20 0
2 14 15 26 0
14 2 15 26 0
2 14 26 15 0
14 2 26 15 0
2 14 16 25 0
14 2 16 25 0
2 14 25 16 0
14 2 25 16 0
2 14 17 24 0
14 2 17 24 0
2 14 24 17 0
14 2 24 17 0
2 14 18 23 0
14 2 18 23 0
2 14 23 18 0
14 2 23 18 0
2 14 19 22 0
14 2 19 22 0
2 14 22 19 0
14 2 22 19 0
2 14 20 21 0
14 2 20 21 0
2 14 21 20 0
14 2 21 20 0
3 13 15 26 1
13 3 15 26 1
3 13 26 15 1
13 3 26 15 1
3 13 16 25 3
13 3 16 25 3
3 13 25 16 3
13 3 25 16 3
3 13 17 24 6
13 3 17 24 6
3 13 24 17 6
13 3 24 17 6
3 13 18 23 9
13 3 18 23 9
3 13 23 18 9
13 3 23 18 9
3 13 19 22 12
13 3 19 22 12
3 13 22 19 12
13 3 22 19 12
3 13 20 21 14
13 3 20 21 14
3 13 21 20 14
13 3 21 20 14
4 12 15 26 17
12 4 15 26 17
4 12 26 15 17
12 4 26 15 17
4 12 16 25 33
12 4 16 25 33
4 12 25 16 33
12 4 25 16 33
4 12 17 24 54
12 4 17 24 54
4 12 24 17 54
12 4 24 17 54
4 12 18 23 76
12 4 18 23 76
4 12 23 18 76
12 4 23 18 76
4 12 19 22 95
12 4 19 22 95
4 12 22 19 95
12 4 22 19 95
4 12 20 21 106
12 4 20 21 106
4 12 21 20 106
12 4 21 20 106
2 14 11 30 0
14 2 11 30 0
2 14 30 11 0
14 2 30 11 0
2 14 12 29 0
14 2 12 29 0
2 14 29 12 0
14 2 29 12 0
2 14 13 28 0
14 2 13 28 0
2 14 28 13 0
14 2 28 13 0
2 14 14 27 0
14 2 14 27 0
2 14 27 14 0
14 2 27 14 0
3 13 11 30 0
13 3 11 30 0
3 13 30 11 0
13 3 30 11 0
3 13 12 29 0
13 3 12 29 0
3 13 29 12 0
13 3 29 12 0
3 13 13 28 0
13 3 13 28 0
3 13 28 13 0
13 3 28 13 0
3 13 14 27 0
13 3 14 27 0
3 13 27 14 0
13 3 27 14 0
4 12 11 30 0
12 4 11 30 0
4 12 30 11 0
12 4 30 11 0
4 12 12 29 0
12 4 12 29 0
4 12 29 12 0
12 4 29 12 0
4 12 13 28 2
12 4 13 28 2
4 12 28 13 2
12 4 28 13 2
4 12 14 27 7
12 4 14 27 7
4 12 27 14 7
12 4 27 14 7
3 13 10 31 0
13 3 10 31 0
3 13 31 10 0
13 3 31 10 0
4 12 10 31 0
12 4 10 31 0
4 12 31 10 0
12 4 31 10 0
5 11 10 31 0
11 5 10 31 0
5 11 31 10 0
11 5 31 10 0
5 11 11 30 1
11 5 11 30 1
5 11 30 11 1
11 5 30 11 1
5 11 12 29 6
11 5 12 29 6
5 11 29 12 6
11 5 29 12 6
5 11 13 28 19
11 5 13 28 19
5 11 28 13 19
11 5 28 13 19
5 11 14 27 45
11 5 14 27 45
5 11 27 14 45
11 5 27 14 45
5 11 15 26 89
11 5 15 26 89
5 11 26 15 89
11 5 26 15 89
5 11 16 25 151
11 5 16 25 151
5 11 25 16 151
11 5 25 16 151
5 11 17 24 226
11 5 17 24 226
5 11 24 17 226
11 5 24 17 226
5 11 18 23 302
11 5 18 23 302
5 11 23 18 302
11 5 23 18 302
5 11 19 22 365
11 5 19 22 365
5 11 22 19 365
11 5 22 19 365
5 11 20 21 401
11 5 20 21 401
5 11 21 20 401
11 5 21 20 401
6 10 11 30 9
10 6 11 30 9
6 10 30 11 9
10 6 30 11 9
6 10 12 29 28
10 6 12 29 28
6 10 29 12 28
10 6 29 12 28
6 10 13 28 69
10 6 13 28 69
6 10 28 13 69
10 6 28 13 69
6 10 14 27 142
10 6 14 27 142
6 10 27 14 142
10 6 27 14 142
6 10 15 26 254
10 6 15 26 254
6 10 26 15 254
10 6 26 15 254
6 10 16 25 403
10 6 16 25 403
6 10 25 16 403
10 6 25 16 403
6 10 17 24 576
10 6 17 24 576
6 10 24 17 576
10 6 24 17 576
6 10 18 23 747
10 6 18 23 747
6 10 23 18 747
10 6 23 18 747
6 10 19 22 886
10 6 19 22 886
6 10 22 19 886
10 6 22 19 886
6 10 20 21 964
10 6 20 21 964
6 10 21 20 964
10 6 21 20 964
3 13 9 32 0
13 3 9 32 0
3 13 32 9 0
13 3 32 9 0
4 12 9 32 0
12 4 9 32 0
4 12 32 9 0
12 4 32 9 0
5 11 9 32 0
11 5 9 32 0
5 11 32 9 0
11 5 32 9 0
4 12 7 34 0
12 4 7 34 0
4 12 34 7 0
12 4 34 7 0
4 12 8 33 0
12 4 8 33 0
4 12 33 8 0
12 4 33 8 0
5 11 7 34 0
11 5 7 34 0
5 11 34 7 0
11 5 34 7 0
5 11 8 33 0
11 5 8 33 0
5 11 33 8 0
11 5 33 8 0
6 10 7 34 0
10 6 7 34 0
6 10 34 7 0
10 6 34 7 0
6 10 8 33 0
10 6 8 33 0
6 10 33 8 0
10 6 33 8 0
6 10 9 32 0
10 6 9 32 0
6 10 32 9 0
10 6 32 9 0
6 10 10 31 2
10 6 10 31 2
6 10 31 10 2
10 6 31 10 2
7 9 7 34 0
9 7 7 34 0
7 9 34 7 0
9 7 34 7 0
7 9 8 33 0
9 7 8 33 0
7 9 33 8 0
9 7 33 8 0
7 9 9 32 1
9 7 9 32 1
7 9 32 9 1
9 7 32 9 1
7 9 10 31 6
9 7 10 31 6
7 9 31 10 6
9 7 31 10 6
7 9 11 30 22
9 7 11 30 22
7 9 30 11 22
9 7 30 11 22
7 9 12 29 60
9 7 12 29 60
7 9 29 12 60
9 7 29 12 60
7 9 13 28 136
9 7 13 28 136
7 9 28 13 136
9 7 28 13 136
7 9 14 27 264
9 7 14 27 264
7 9 27 14 264
9 7 27 14 264
7 9 15 26 453
9 7 15 26 453
7 9 26 15 453
9 7 26 15 453
7 9 16 25 698
9 7 16 25 698
7 9 25 16 698
9 7 25 16 698
7 9 17 24 976
9 7 17 24 976
7 9 24 17 976
9 7 24 17 976
7 9 18 23 1247
9 7 18 23 1247
7 9 23 18 1247
9 7 23 18 1247
7 9 19 22 1465
9 7 19 22 1465
7 9 22 19 1465
9 7 22 19 1465
7 9 20 21 1587
9 7 20 21 1587
7 9 21 20 1587
9 7 21 20 1587
8 8 9 32 2
8 8 32 9 2
8 8 10 31 9
8 8 31 10 9
8 8 11 30 30
8 8 30 11 30
8 8 12 29 78
8 8 29 12 78
8 8 13 28 171
8 8 28 13 171
8 8 14 27 325
8 8 27 14 325
8 8 15 26 550
8 8 26 15 550
8 8 16 25 838
8 8 25 16 838
8 8 17 24 1163
8 8 24 17 1163
8 8 18 23 1479
8 8 23 18 1479
8 8 19 22 1732
8 8 22 19 1732
8 8 20 21 1873
8 8 21 20 1873
5 11 6 35 0
11 5 6 35 0
5 11 35 6 0
11 5 35 6 0
6 10 6 35 0
10 6 6 35 0
6 10 35 6 0
10 6 35 6 0
7 9 6 35 0
9 7 6 35 0
7 9 35 6 0
9 7 35 6 0
6 10 5 36 0
10 6 5 36 0
6 10 36 5 0
10 6 36 5 0
7 9 5 36 0
9 7 5 36 0
7 9 36 5 0
9 7 36 5 0
8 8 5 36 0
8 8 36 5 0
8 8 6 35 0
8 8 35 6 0
8 8 7 34 0
8 8 34 7 0
8 8 8 33 0
8 8 33 8 0
