5 19 25 36 0
19 5 25 36 0
5 19 36 25 0
19 5 36 25 0
5 19 26 35 0
19 5 26 35 0
5 19 35 26 0
19 5 35 26 0
5 19 27 34 0
19 5 27 34 0
5 19 34 27 0
19 5 34 27 0
5 19 28 33 0
19 5 28 33 0
5 19 33 28 0
19 5 33 28 0
5 19 29 32 0
19 5 29 32 0
5 19 32 29 0
19 5 32 29 0
5 19 30 31 0
19 5 30 31 0
5 19 31 30 0
19 5 31 30 0
6 18 25 36 0
18 6 25 36 0
6 18 36 25 0
18 6 36 25 0
6 18 26 35 0
18 6 26 35 0
6 18 35 26 0
18 6 35 26 0
6 18 27 34 0
18 6 27 34 0
6 18 34 27 0
18 6 34 27 0
6 18 28 33 0
18 6 28 33 0
6 18 33 28 0
18 6 33 28 0
6 18 29 32 0
18 6 29 32 0
6 18 32 29 0
18 6 32 29 0
6 18 30 31 0
18 6 30 31 0
6 18 31 30 0
18 6 31 30 0
7 17 25 36 0
17 7 25 36 0
7 17 36 25 0
17 7 36 25 0
7 17 26 35 0
17 7 26 35 0
7 17 35 26 0
17 7 35 26 0
7 17 27 34 0
17 7 27 34 0
7 17 34 27 0
17 7 34 27 0
7 17 28 33 0
17 7 28 33 0
7 17 33 28 0
17 7 33 28 0
7 17 29 32 0
17 7 29 32 0
7 17 32 29 0
17 7 32 29 0
7 17 30 31 1
17 7 30 31 1
7 17 31 30 1
17 7 31 30 1
6 18 21 40 0
18 6 21 40 0
6 18 40 21 0
18 6 40 21 0
6 18 22 39 0
18 6 22 39 0
6 18 39 22 0
18 6 39 22 0
6 18 23 38 0
18 6 23 38 0
6 18 38 23 0
18 6 38 23 0
6 18 24 37 0
18 6 24 37 0
6 18 37 24 0
18 6 37 24 0
7 17 21 40 0
17 7 21 40 0
7 17 40 21 0
17 7 40 21 0
7 17 22 39 0
17 7 22 39 0
7 17 39 22 0
17 7 39 22 0
7 17 23 38 0
17 7 23 38 0
7 17 38 23 0
17 7 38 23 0
7 17 24 37 0
17 7 24 37 0
7 17 37 24 0
17 7 37 24 0
8 16 21 40 0
16 8 21 40 0
8 16 40 21 0
16 8 40 21 0
8 16 22 39 0
16 8 22 39 0
8 16 39 22 0
16 8 39 22 0
8 16 23 38 0
16 8 23 38 0
8 16 38 23 0
16 8 38 23 0
8 16 24 37 0
16 8 24 37 0
8 16 37 24 0
16 8 37 24 0
8 16 25 36 0
16 8 25 36 0
8 16 36 25 0
16 8 36 25 0
8 16 26 35 1
16 8 26 35 1
8 16 35 26 1
16 8 35 26 1
8 16 27 34 3
16 8 27 34 3
8 16 34 27 3
16 8 34 27 3
8 16 28 33 5
16 8 28 33 5
8 16 33 28 5
16 8 33 28 5
8 16 29 32 7
16 8 29 32 7
8 16 32 29 7
16 8 32 29 7
8 16 30 31 9
16 8 30 31 9
8 16 31 30 9
16 8 31 30 9
7 17 19 42 0
17 7 19 42 0
7 17 42 19 0
17 7 42 19 0
7 17 20 41 0
17 7 20 41 0
7 17 41 20 0
17 7 41 20 0
8 16 19 42 0
16 8 19 42 0
8 16 42 19 0
16 8 42 19 0
8 16 20 41 0
16 8 20 41 0
8 16 41 20 0
16 8 41 20 0
9 15 19 42 0
15 9 19 42 0
9 15 42 19 0
15 9 42 19 0
9 15 20 41 0
15 9 20 41 0
9 15 41 20 0
15 9 41 20 0
9 15 21 40 0
15 9 21 40 0
9 15 40 21 0
15 9 40 21 0
9 15 22 39 0
15 9 22 39 0
9 15 39 22 0
15 9 39 22 0
9 15 23 38 1
15 9 23 38 1
9 15 38 23 1
15 9 38 23 1
9 15 24 37 3
15 9 24 37 3
9 15 37 24 3
15 9 37 24 3
9 15 25 36 7
15 9 25 36 7
9 15 36 25 7
15 9 36 25 7
9 15 26 35 14
15 9 26 35 14
9 15 35 26 14
15 9 35 26 14
9 15 27 34 24
15 9 27 34 24
9 15 34 27 24
15 9 34 27 24
9 15 28 33 34
15 9 28 33 34
9 15 33 28 34
15 9 33 28 34
9 15 29 32 43
15 9 29 32 43
9 15 32 29 43
15 9 32 29 43
9 15 30 31 49
15 9 30 31 49
9 15 31 30 49
15 9 31 30 49
10 14 19 42 0
14 10 19 42 0
10 14 42 19 0
14 10 42 19 0
10 14 20 41 0
14 10 20 41 0
10 14 41 20 0
14 10 41 20 0
10 14 21 40 1
14 10 21 40 1
10 14 40 21 1
14 10 40 21 1
10 14 22 39 3
14 10 22 39 3
10 14 39 22 3
14 10 39 22 3
10 14 23 38 8
14 10 23 38 8
10 14 38 23 8
14 10 38 23 8
10 14 24 37 18
14 10 24 37 18
10 14 37 24 18
14 10 37 24 18
10 14 25 36 34
14 10 25 36 34
10 14 36 25 34
14 10 36 25 34
10 14 26 35 56
14 10 26 35 56
10 14 35 26 56
14 10 35 26 56
10 14 27 34 84
14 10 27 34 84
10 14 34 27 84
14 10 34 27 84
10 14 28 33 112
14 10 28 33 112
10 14 33 28 112
14 10 33 28 112
10 14 29 32 135
14 10 29 32 135
10 14 32 29 135
14 10 32 29 135
10 14 30 31 149
14 10 30 31 149
10 14 31 30 149
14 10 31 30 149
11 13 21 40 2
13 11 21 40 2
11 13 40 21 2
13 11 40 21 2
11 13 22 39 7
13 11 22 39 7
11 13 39 22 7
13 11 39 22 7
11 13 23 38 18
13 11 23 38 18
11 13 38 23 18
13 11 38 23 18
11 13 24 37 38
13 11 24 37 38
11 13 37 24 38
13 11 37 24 38
11 13 25 36 69
13 11 25 36 69
11 13 36 25 69
13 11 36 25 69
11 13 26 35 110
13 11 26 35 110
11 13 35 26 110
13 11 35 26 110
11 13 27 34 159
13 11 27 34 159
11 13 34 27 159
13 11 34 27 159
11 13 28 33 207
13 11 28 33 207
11 13 33 28 207
13 11 33 28 207
11 13 29 32 246
13 11 29 32 246
11 13 32 29 246
13 11 32 29 246
11 13 30 31 269
13 11 30 31 269
11 13 31 30 269
13 11 31 30 269
12 12 25 36 91
12 12 36 25 91
12 12 26 35 142
12 12 35 26 142
12 12 27 34 201
12 12 34 27 201
12 12 28 33 259
12 12 33 28 259
12 12 29 32 306
12 12 32 29 306
12 12 30 31 333
12 12 31 30 333
8 16 17 44 0
16 8 17 44 0
8 16 44 17 0
16 8 44 17 0
8 16 18 43 0
16 8 18 43 0
8 16 43 18 0
16 8 43 18 0
9 15 17 44 0
15 9 17 44 0
9 15 44 17 0
15 9 44 17 0
9 15 18 43 0
15 9 18 43 0
9 15 43 18 0
15 9 43 18 0
10 14 17 44 0
14 10 17 44 0
10 14 44 17 0
14 10 44 17 0
10 14 18 43 0
14 10 18 43 0
10 14 43 18 0
14 10 43 18 0
9 15 16 45 0
15 9 16 45 0
9 15 45 16 0
15 9 45 16 0
10 14 16 45 0
14 10 16 45 0
10 14 45 16 0
14 10 45 16 0
11 13 16 45 0
13 11 16 45 0
11 13 45 16 0
13 11 45 16 0
11 13 17 44 0
13 11 17 44 0
11 13 44 17 0
13 11 44 17 0
11 13 18 43 0
13 11 18 43 0
11 13 43 18 0
13 11 43 18 0
11 13 19 42 0
13 11 19 42 0
11 13 42 19 0
13 11 42 19 0
11 13 20 41 0
13 11 20 41 0
11 13 41 20 0
13 11 41 20 0
12 12 17 44 0
12 12 44 17 0
12 12 18 43 0
12 12 43 18 0
12 12 19 42 0
12 12 42 19 0
12 12 20 41 1
12 12 41 20 1
12 12 21 40 4
12 12 40 21 4
12 12 22 39 11
12 12 39 22 11
12 12 23 38 26
12 12 38 23 26
12 12 24 37 52
12 12 37 24 52
10 14 15 46 0
14 10 15 46 0
10 14 46 15 0
14 10 46 15 0
11 13 15 46 0
13 11 15 46 0
11 13 46 15 0
13 11 46 15 0
12 12 15 46 0
12 12 46 15 0
12 12 16 45 0
12 12 45 16 0
