10 20 31 45 0
20 10 31 45 0
10 20 45 31 0
20 10 45 31 0
10 20 32 44 0
20 10 32 44 0
10 20 44 32 0
20 10 44 32 0
10 20 33 43 0
20 10 33 43 0
10 20 43 33 0
20 10 43 33 0
10 20 34 42 0
20 10 34 42 0
10 20 42 34 0
20 10 42 34 0
10 20 35 41 0
20 10 35 41 0
10 20 41 35 0
20 10 41 35 0
10 20 36 40 0
20 10 36 40 0
10 20 40 36 0
20 10 40 36 0
10 20 37 39 0
20 10 37 39 0
10 20 39 37 0
20 10 39 37 0
11 19 31 45 0
19 11 31 45 0
11 19 45 31 0
19 11 45 31 0
11 19 32 44 0
19 11 32 44 0
11 19 44 32 0
19 11 44 32 0
11 19 33 43 0
19 11 33 43 0
11 19 43 33 0
19 11 43 33 0
11 19 34 42 0
19 11 34 42 0
11 19 42 34 0
19 11 42 34 0
11 19 35 41 0
19 11 35 41 0
11 19 41 35 0
19 11 41 35 0
11 19 36 40 0
19 11 36 40 0
11 19 40 36 0
19 11 40 36 0
11 19 37 39 0
19 11 37 39 0
11 19 39 37 0
19 11 39 37 0
12 18 31 45 0
18 12 31 45 0
12 18 45 31 0
18 12 45 31 0
12 18 32 44 0
18 12 32 44 0
12 18 44 32 0
18 12 44 32 0
12 18 33 43 0
18 12 33 43 0
12 18 43 33 0
18 12 43 33 0
12 18 34 42 0
18 12 34 42 0
12 18 42 34 0
18 12 42 34 0
12 18 35 41 0
18 12 35 41 0
12 18 41 35 0
18 12 41 35 0
12 18 36 40 0
18 12 36 40 0
12 18 40 36 0
18 12 40 36 0
12 18 37 39 0
18 12 37 39 0
12 18 39 37 0
18 12 39 37 0
10 20 38 38 0
20 10 38 38 0
11 19 38 38 0
19 11 38 38 0
12 18 38 38 0
18 12 38 38 0
11 19 28 48 0
19 11 28 48 0
11 19 48 28 0
19 11 48 28 0
11 19 29 47 0
19 11 29 47 0
11 19 47 29 0
19 11 47 29 0
11 19 30 46 0
19 11 30 46 0
11 19 46 30 0
19 11 46 30 0
12 18 28 48 0
18 12 28 48 0
12 18 48 28 0
18 12 48 28 0
12 18 29 47 0
18 12 29 47 0
12 18 47 29 0
18 12 47 29 0
12 18 30 46 0
18 12 30 46 0
12 18 46 30 0
18 12 46 30 0
13 17 28 48 0
17 13 28 48 0
13 17 48 28 0
17 13 48 28 0
13 17 29 47 0
17 13 29 47 0
13 17 47 29 0
17 13 47 29 0
13 17 30 46 0
17 13 30 46 0
13 17 46 30 0
17 13 46 30 0
13 17 31 45 0
17 13 31 45 0
13 17 45 31 0
17 13 45 31 0
13 17 32 44 0
17 13 32 44 0
13 17 44 32 0
17 13 44 32 0
13 17 33 43 0
17 13 33 43 0
13 17 43 33 0
17 13 43 33 0
13 17 34 42 0
17 13 34 42 0
13 17 42 34 0
17 13 42 34 0
13 17 35 41 0
17 13 35 41 0
13 17 41 35 0
17 13 41 35 0
13 17 36 40 0
17 13 36 40 0
13 17 40 36 0
17 13 40 36 0
13 17 37 39 0
17 13 37 39 0
13 17 39 37 0
17 13 39 37 0
13 17 38 38 0
17 13 38 38 0
12 18 27 49 0
18 12 27 49 0
12 18 49 27 0
18 12 49 27 0
13 17 27 49 0
17 13 27 49 0
13 17 49 27 0
17 13 49 27 0
14 16 27 49 0
16 14 27 49 0
14 16 49 27 0
16 14 49 27 0
14 16 28 48 0
16 14 28 48 0
14 16 48 28 0
16 14 48 28 0
14 16 29 47 0
16 14 29 47 0
14 16 47 29 0
16 14 47 29 0
14 16 30 46 0
16 14 30 46 0
14 16 46 30 0
16 14 46 30 0
14 16 31 45 0
16 14 31 45 0
14 16 45 31 0
16 14 45 31 0
14 16 32 44 0
16 14 32 44 0
14 16 44 32 0
16 14 44 32 0
14 16 33 43 0
16 14 33 43 0
14 16 43 33 0
16 14 43 33 0
14 16 34 42 0
16 14 34 42 0
14 16 42 34 0
16 14 42 34 0
14 16 35 41 0
16 14 35 41 0
14 16 41 35 0
16 14 41 35 0
14 16 36 40 0
16 14 36 40 0
14 16 40 36 0
16 14 40 36 0
14 16 37 39 0
16 14 37 39 0
14 16 39 37 0
16 14 39 37 0
14 16 38 38 0
16 14 38 38 0
15 15 28 48 0
15 15 48 28 0
15 15 29 47 0
15 15 47 29 0
15 15 30 46 0
15 15 46 30 0
15 15 31 45 0
15 15 45 31 0
15 15 32 44 1
15 15 44 32 1
15 15 33 43 1
15 15 43 33 1
15 15 34 42 1
15 15 42 34 1
15 15 35 41 1
15 15 41 35 1
15 15 36 40 1
15 15 40 36 1
15 15 37 39 1
15 15 39 37 1
15 15 38 38 1
13 17 26 50 0
17 13 26 50 0
13 17 50 26 0
17 13 50 26 0
14 16 26 50 0
16 14 26 50 0
14 16 50 26 0
16 14 50 26 0
15 15 26 50 0
15 15 50 26 0
15 15 27 49 0
15 15 49 27 0
