0 10 6 20 0
10 0 6 20 0
0 10 20 6 0
10 0 20 6 0
0 10 7 19 0
10 0 7 19 0
0 10 19 7 0
10 0 19 7 0
0 10 8 18 0
10 0 8 18 0
0 10 18 8 0
10 0 18 8 0
0 10 9 17 0
10 0 9 17 0
0 10 17 9 0
10 0 17 9 0
0 10 10 16 0
10 0 10 16 0
0 10 16 10 0
10 0 16 10 0
0 10 11 15 0
10 0 11 15 0
0 10 15 11 0
10 0 15 11 0
0 10 12 14 1
10 0 12 14 1
0 10 14 12 1
10 0 14 12 1
1 9 6 20 0
9 1 6 20 0
1 9 20 6 0
9 1 20 6 0
1 9 7 19 0
9 1 7 19 0
1 9 19 7 0
9 1 19 7 0
1 9 8 18 1
9 1 8 18 1
1 9 18 8 1
9 1 18 8 1
1 9 9 17 3
9 1 9 17 3
1 9 17 9 3
9 1 17 9 3
1 9 10 16 6
9 1 10 16 6
1 9 16 10 6
9 1 16 10 6
1 9 11 15 9
9 1 11 15 9
1 9 15 11 9
9 1 15 11 9
1 9 12 14 12
9 1 12 14 12
1 9 14 12 12
9 1 14 12 12
2 8 6 20 2
8 2 6 20 2
2 8 20 6 2
8 2 20 6 2
2 8 7 19 5
8 2 7 19 5
2 8 19 7 5
8 2 19 7 5
2 8 8 18 13
8 2 8 18 13
2 8 18 8 13
8 2 18 8 13
2 8 9 17 24
8 2 9 17 24
2 8 17 9 24
8 2 17 9 24
2 8 10 16 39
8 2 10 16 39
2 8 16 10 39
8 2 16 10 39
2 8 11 15 52
8 2 11 15 52
2 8 15 11 52
8 2 15 11 52
2 8 12 14 64
8 2 12 14 64
2 8 14 12 64
8 2 14 12 64
0 10 13 13 1
10 0 13 13 1
1 9 13 13 13
9 1 13 13 13
2 8 13 13 67
8 2 13 13 67
1 9 3 23 0
9 1 3 23 0
1 9 23 3 0
9 1 23 3 0
1 9 4 22 0
9 1 4 22 0
1 9 22 4 0
9 1 22 4 0
1 9 5 21 0
9 1 5 21 0
1 9 21 5 0
9 1 21 5 0
2 8 3 23 0
8 2 3 23 0
2 8 23 3 0
8 2 23 3 0
2 8 4 22 0
8 2 4 22 0
2 8 22 4 0
8 2 22 4 0
2 8 5 21 0
8 2 5 21 0
2 8 21 5 0
8 2 21 5 0
3 7 3 23 0
7 3 3 23 0
3 7 23 3 0
7 3 23 3 0
3 7 4 22 1
7 3 4 22 1
3 7 22 4 1
7 3 22 4 1
3 7 5 21 4
7 3 5 21 4
3 7 21 5 4
7 3 21 5 4
3 7 6 20 12
7 3 6 20 12
3 7 20 6 12
7 3 20 6 12
3 7 7 19 27
7 3 7 19 27
3 7 19 7 27
7 3 19 7 27
3 7 8 18 52
7 3 8 18 52
3 7 18 8 52
7 3 18 8 52
3 7 9 17 85
7 3 9 17 85
3 7 17 9 85
7 3 17 9 85
3 7 10 16 124
7 3 10 16 124
3 7 16 10 124
7 3 16 10 124
3 7 11 15 160
7 3 11 15 160
3 7 15 11 160
7 3 15 11 160
3 7 12 14 187
7 3 12 14 187
3 7 14 12 187
7 3 14 12 187
3 7 13 13 196
7 3 13 13 196
4 6 3 23 0
6 4 3 23 0
4 6 23 3 0
6 4 23 3 0
4 6 4 22 3
6 4 4 22 3
4 6 22 4 3
6 4 22 4 3
4 6 5 21 10
6 4 5 21 10
4 6 21 5 10
6 4 21 5 10
4 6 6 20 27
6 4 6 20 27
4 6 20 6 27
6 4 20 6 27
4 6 7 19 56
6 4 7 19 56
4 6 19 7 56
6 4 19 7 56
4 6 8 18 103
6 4 8 18 103
4 6 18 8 103
6 4 18 8 103
4 6 9 17 161
6 4 9 17 161
4 6 17 9 161
6 4 17 9 161
4 6 10 16 229
6 4 10 16 229
4 6 16 10 229
6 4 16 10 229
4 6 11 15 289
6 4 11 15 289
4 6 15 11 289
6 4 15 11 289
4 6 12 14 335
6 4 12 14 335
4 6 14 12 335
6 4 14 12 335
4 6 13 13 349
6 4 13 13 349
2 8 2 24 0
8 2 2 24 0
2 8 24 2 0
8 2 24 2 0
3 7 2 24 0
7 3 2 24 0
3 7 24 2 0
7 3 24 2 0
4 6 2 24 0
6 4 2 24 0
4 6 24 2 0
6 4 24 2 0
3 7 1 25 0
7 3 1 25 0
3 7 25 1 0
7 3 25 1 0
4 6 1 25 0
6 4 1 25 0
4 6 25 1 0
6 4 25 1 0
5 5 1 25 0
5 5 25 1 0
5 5 2 24 0
5 5 24 2 0
5 5 3 23 1
5 5 23 3 1
5 5 4 22 5
5 5 22 4 5
5 5 5 21 15
5 5 21 5 15
5 5 6 20 37
5 5 20 6 37
5 5 7 19 75
5 5 19 7 75
5 5 8 18 132
5 5 18 8 132
5 5 9 17 204
5 5 17 9 204
5 5 10 16 284
5 5 16 10 284
5 5 11 15 357
5 5 15 11 357
5 5 12 14 410
5 5 14 12 410
5 5 13 13 428
