6 20 30 36 0
20 6 30 36 0
6 20 36 30 0
20 6 36 30 0
6 20 31 35 0
20 6 31 35 0
6 20 35 31 0
20 6 35 31 0
6 20 32 34 0
20 6 32 34 0
6 20 34 32 0
20 6 34 32 0
6 20 33 33 0
20 6 33 33 0
7 19 30 36 0
19 7 30 36 0
7 19 36 30 0
19 7 36 30 0
7 19 31 35 0
19 7 31 35 0
7 19 35 31 0
19 7 35 31 0
7 19 32 34 0
19 7 32 34 0
7 19 34 32 0
19 7 34 32 0
7 19 33 33 0
19 7 33 33 0
8 18 30 36 0
18 8 30 36 0
8 18 36 30 0
18 8 36 30 0
8 18 31 35 0
18 8 31 35 0
8 18 35 31 0
18 8 35 31 0
8 18 32 34 0
18 8 32 34 0
8 18 34 32 0
18 8 34 32 0
8 18 33 33 0
18 8 33 33 0
7 19 25 41 0
19 7 25 41 0
7 19 41 25 0
19 7 41 25 0
7 19 26 40 0
19 7 26 40 0
7 19 40 26 0
19 7 40 26 0
7 19 27 39 0
19 7 27 39 0
7 19 39 27 0
19 7 39 27 0
7 19 28 38 0
19 7 28 38 0
7 19 38 28 0
19 7 38 28 0
7 19 29 37 0
19 7 29 37 0
7 19 37 29 0
19 7 37 29 0
8 18 25 41 0
18 8 25 41 0
8 18 41 25 0
18 8 41 25 0
8 18 26 40 0
18 8 26 40 0
8 18 40 26 0
18 8 40 26 0
8 18 27 39 0
18 8 27 39 0
8 18 39 27 0
18 8 39 27 0
8 18 28 38 0
18 8 28 38 0
8 18 38 28 0
18 8 38 28 0
8 18 29 37 0
18 8 29 37 0
8 18 37 29 0
18 8 37 29 0
9 17 25 41 0
17 9 25 41 0
9 17 41 25 0
17 9 41 25 0
9 17 26 40 0
17 9 26 40 0
9 17 40 26 0
17 9 40 26 0
9 17 27 39 0
17 9 27 39 0
9 17 39 27 0
17 9 39 27 0
9 17 28 38 0
17 9 28 38 0
9 17 38 28 0
17 9 38 28 0
9 17 29 37 0
17 9 29 37 0
9 17 37 29 0
17 9 37 29 0
9 17 30 36 0
17 9 30 36 0
9 17 36 30 0
17 9 36 30 0
9 17 31 35 1
17 9 31 35 1
9 17 35 31 1
17 9 35 31 1
9 17 32 34 1
17 9 32 34 1
9 17 34 32 1
17 9 34 32 1
9 17 33 33 1
17 9 33 33 1
8 18 22 44 0
18 8 22 44 0
8 18 44 22 0
18 8 44 22 0
8 18 23 43 0
18 8 23 43 0
8 18 43 23 0
18 8 43 23 0
8 18 24 42 0
18 8 24 42 0
8 18 42 24 0
18 8 42 24 0
9 17 22 44 0
17 9 22 44 0
9 17 44 22 0
17 9 44 22 0
9 17 23 43 0
17 9 23 43 0
9 17 43 23 0
17 9 43 23 0
9 17 24 42 0
17 9 24 42 0
9 17 42 24 0
17 9 42 24 0
10 16 22 44 0
16 10 22 44 0
10 16 44 22 0
16 10 44 22 0
10 16 23 43 0
16 10 23 43 0
10 16 43 23 0
16 10 43 23 0
10 16 24 42 0
16 10 24 42 0
10 16 42 24 0
16 10 42 24 0
10 16 25 41 0
16 10 25 41 0
10 16 41 25 0
16 10 41 25 0
10 16 26 40 0
16 10 26 40 0
10 16 40 26 0
16 10 40 26 0
10 16 27 39 0
16 10 27 39 0
10 16 39 27 0
16 10 39 27 0
10 16 28 38 1
16 10 28 38 1
10 16 38 28 1
16 10 38 28 1
10 16 29 37 2
16 10 29 37 2
10 16 37 29 2
16 10 37 29 2
10 16 30 36 4
16 10 30 36 4
10 16 36 30 4
16 10 36 30 4
10 16 31 35 6
16 10 31 35 6
10 16 35 31 6
16 10 35 31 6
10 16 32 34 8
16 10 32 34 8
10 16 34 32 8
16 10 34 32 8
10 16 33 33 8
16 10 33 33 8
9 17 21 45 0
17 9 21 45 0
9 17 45 21 0
17 9 45 21 0
10 16 21 45 0
16 10 21 45 0
10 16 45 21 0
16 10 45 21 0
11 15 21 45 0
15 11 21 45 0
11 15 45 21 0
15 11 45 21 0
11 15 22 44 0
15 11 22 44 0
11 15 44 22 0
15 11 44 22 0
11 15 23 43 0
15 11 23 43 0
11 15 43 23 0
15 11 43 23 0
11 15 24 42 0
15 11 24 42 0
11 15 42 24 0
15 11 42 24 0
11 15 25 41 1
15 11 25 41 1
11 15 41 25 1
15 11 41 25 1
11 15 26 40 2
15 11 26 40 2
11 15 40 26 2
15 11 40 26 2
11 15 27 39 5
15 11 27 39 5
11 15 39 27 5
15 11 39 27 5
11 15 28 38 9
15 11 28 38 9
11 15 38 28 9
15 11 38 28 9
11 15 29 37 15
15 11 29 37 15
11 15 37 29 15
15 11 37 29 15
11 15 30 36 21
15 11 30 36 21
11 15 36 30 21
15 11 36 30 21
11 15 31 35 28
15 11 31 35 28
11 15 35 31 28
15 11 35 31 28
11 15 32 34 32
15 11 32 34 32
11 15 34 32 32
15 11 34 32 32
11 15 33 33 34
15 11 33 33 34
12 14 22 44 0
14 12 22 44 0
12 14 44 22 0
14 12 44 22 0
12 14 23 43 0
14 12 23 43 0
12 14 43 23 0
14 12 43 23 0
12 14 24 42 1
14 12 24 42 1
12 14 42 24 1
14 12 42 24 1
12 14 25 41 3
14 12 25 41 3
12 14 41 25 3
14 12 41 25 3
12 14 26 40 7
14 12 26 40 7
12 14 40 26 7
14 12 40 26 7
12 14 27 39 13
14 12 27 39 13
12 14 39 27 13
14 12 39 27 13
12 14 28 38 23
14 12 28 38 23
12 14 38 28 23
14 12 38 28 23
12 14 29 37 34
14 12 29 37 34
12 14 37 29 34
14 12 37 29 34
12 14 30 36 47
14 12 30 36 47
12 14 36 30 47
14 12 36 30 47
12 14 31 35 58
14 12 31 35 58
12 14 35 31 58
14 12 35 31 58
12 14 32 34 67
14 12 32 34 67
12 14 34 32 67
14 12 34 32 67
12 14 33 33 69
14 12 33 33 69
13 13 25 41 4
13 13 41 25 4
13 13 26 40 9
13 13 40 26 9
13 13 27 39 18
13 13 39 27 18
13 13 28 38 30
13 13 38 28 30
13 13 29 37 45
13 13 37 29 45
13 13 30 36 60
13 13 36 30 60
13 13 31 35 75
13 13 35 31 75
13 13 32 34 84
13 13 34 32 84
13 13 33 33 88
10 16 19 47 0
16 10 19 47 0
10 16 47 19 0
16 10 47 19 0
10 16 20 46 0
16 10 20 46 0
10 16 46 20 0
16 10 46 20 0
11 15 19 47 0
15 11 19 47 0
11 15 47 19 0
15 11 47 19 0
11 15 20 46 0
15 11 20 46 0
11 15 46 20 0
15 11 46 20 0
12 14 19 47 0
14 12 19 47 0
12 14 47 19 0
14 12 47 19 0
12 14 20 46 0
14 12 20 46 0
12 14 46 20 0
14 12 46 20 0
12 14 21 45 0
14 12 21 45 0
12 14 45 21 0
14 12 45 21 0
13 13 19 47 0
13 13 47 19 0
13 13 20 46 0
13 13 46 20 0
13 13 21 45 0
13 13 45 21 0
13 13 22 44 0
13 13 44 22 0
13 13 23 43 0
13 13 43 23 0
13 13 24 42 1
13 13 42 24 1
12 14 18 48 0
14 12 18 48 0
12 14 48 18 0
14 12 48 18 0
13 13 18 48 0
13 13 48 18 0
