14 20 36 50 0
20 14 36 50 0
14 20 50 36 0
20 14 50 36 0
14 20 37 49 0
20 14 37 49 0
14 20 49 37 0
20 14 49 37 0
14 20 38 48 0
20 14 38 48 0
14 20 48 38 0
20 14 48 38 0
14 20 39 47 0
20 14 39 47 0
14 20 47 39 0
20 14 47 39 0
14 20 40 46 0
20 14 40 46 0
14 20 46 40 0
20 14 46 40 0
14 20 41 45 0
20 14 41 45 0
14 20 45 41 0
20 14 45 41 0
14 20 42 44 0
20 14 42 44 0
14 20 44 42 0
20 14 44 42 0
15 19 36 50 0
19 15 36 50 0
15 19 50 36 0
19 15 50 36 0
15 19 37 49 0
19 15 37 49 0
15 19 49 37 0
19 15 49 37 0
15 19 38 48 0
19 15 38 48 0
15 19 48 38 0
19 15 48 38 0
15 19 39 47 0
19 15 39 47 0
15 19 47 39 0
19 15 47 39 0
15 19 40 46 0
19 15 40 46 0
15 19 46 40 0
19 15 46 40 0
15 19 41 45 0
19 15 41 45 0
15 19 45 41 0
19 15 45 41 0
15 19 42 44 0
19 15 42 44 0
15 19 44 42 0
19 15 44 42 0
16 18 36 50 0
18 16 36 50 0
16 18 50 36 0
18 16 50 36 0
16 18 37 49 0
18 16 37 49 0
16 18 49 37 0
18 16 49 37 0
16 18 38 48 0
18 16 38 48 0
16 18 48 38 0
18 16 48 38 0
16 18 39 47 0
18 16 39 47 0
16 18 47 39 0
18 16 47 39 0
16 18 40 46 0
18 16 40 46 0
16 18 46 40 0
18 16 46 40 0
16 18 41 45 0
18 16 41 45 0
16 18 45 41 0
18 16 45 41 0
16 18 42 44 0
18 16 42 44 0
16 18 44 42 0
18 16 44 42 0
14 20 43 43 0
20 14 43 43 0
15 19 43 43 0
19 15 43 43 0
16 18 43 43 0
18 16 43 43 0
15 19 35 51 0
19 15 35 51 0
15 19 51 35 0
19 15 51 35 0
16 18 35 51 0
18 16 35 51 0
16 18 51 35 0
18 16 51 35 0
17 17 35 51 0
17 17 51 35 0
17 17 36 50 0
17 17 50 36 0
17 17 37 49 0
17 17 49 37 0
17 17 38 48 0
17 17 48 38 0
17 17 39 47 0
17 17 47 39 0
17 17 40 46 0
17 17 46 40 0
17 17 41 45 0
17 17 45 41 0
17 17 42 44 0
17 17 44 42 0
17 17 43 43 0
