2 16 16 30 0
16 2 16 30 0
2 16 30 16 0
16 2 30 16 0
2 16 17 29 0
16 2 17 29 0
2 16 29 17 0
16 2 29 17 0
2 16 18 28 0
16 2 18 28 0
2 16 28 18 0
16 2 28 18 0
2 16 19 27 0
16 2 19 27 0
2 16 27 19 0
16 2 27 19 0
2 16 20 26 0
16 2 20 26 0
2 16 26 20 0
16 2 26 20 0
2 16 21 25 0
16 2 21 25 0
2 16 25 21 0
16 2 25 21 0
2 16 22 24 0
16 2 22 24 0
2 16 24 22 0
16 2 24 22 0
3 15 16 30 0
15 3 16 30 0
3 15 30 16 0
15 3 30 16 0
3 15 17 29 0
15 3 17 29 0
3 15 29 17 0
15 3 29 17 0
3 15 18 28 0
15 3 18 28 0
3 15 28 18 0
15 3 28 18 0
3 15 19 27 0
15 3 19 27 0
3 15 27 19 0
15 3 27 19 0
3 15 20 26 0
15 3 20 26 0
3 15 26 20 0
15 3 26 20 0
3 15 21 25 0
15 3 21 25 0
3 15 25 21 0
15 3 25 21 0
3 15 22 24 0
15 3 22 24 0
3 15 24 22 0
15 3 24 22 0
4 14 16 30 0
14 4 16 30 0
4 14 30 16 0
14 4 30 16 0
4 14 17 29 0
14 4 17 29 0
4 14 29 17 0
14 4 29 17 0
4 14 18 28 2
14 4 18 28 2
4 14 28 18 2
14 4 28 18 2
4 14 19 27 4
14 4 19 27 4
4 14 27 19 4
14 4 27 19 4
4 14 20 26 7
14 4 20 26 7
4 14 26 20 7
14 4 26 20 7
4 14 21 25 10
14 4 21 25 10
4 14 25 21 10
14 4 25 21 10
4 14 22 24 13
14 4 22 24 13
4 14 24 22 13
14 4 24 22 13
2 16 23 23 0
16 2 23 23 0
3 15 23 23 0
15 3 23 23 0
4 14 23 23 13
14 4 23 23 13
3 15 15 31 0
15 3 15 31 0
3 15 31 15 0
15 3 31 15 0
4 14 15 31 0
14 4 15 31 0
4 14 31 15 0
14 4 31 15 0
5 13 15 31 1
13 5 15 31 1
5 13 31 15 1
13 5 31 15 1
5 13 16 30 4
13 5 16 30 4
5 13 30 16 4
13 5 30 16 4
5 13 17 29 11
13 5 17 29 11
5 13 29 17 11
13 5 29 17 11
5 13 18 28 24
13 5 18 28 24
5 13 28 18 24
13 5 28 18 24
5 13 19 27 42
13 5 19 27 42
5 13 27 19 42
13 5 27 19 42
5 13 20 26 63
13 5 20 26 63
5 13 26 20 63
13 5 26 20 63
5 13 21 25 84
13 5 21 25 84
5 13 25 21 84
13 5 25 21 84
5 13 22 24 99
13 5 22 24 99
5 13 24 22 99
13 5 24 22 99
5 13 23 23 104
13 5 23 23 104
6 12 16 30 30
12 6 16 30 30
6 12 30 16 30
12 6 30 16 30
6 12 17 29 63
12 6 17 29 63
6 12 29 17 63
12 6 29 17 63
6 12 18 28 116
12 6 18 28 116
6 12 28 18 116
12 6 28 18 116
6 12 19 27 182
12 6 19 27 182
6 12 27 19 182
12 6 27 19 182
6 12 20 26 258
12 6 20 26 258
6 12 26 20 258
12 6 26 20 258
6 12 21 25 326
12 6 21 25 326
6 12 25 21 326
12 6 25 21 326
6 12 22 24 377
12 6 22 24 377
6 12 24 22 377
12 6 24 22 377
6 12 23 23 393
12 6 23 23 393
3 15 13 33 0
15 3 13 33 0
3 15 33 13 0
15 3 33 13 0
3 15 14 32 0
15 3 14 32 0
3 15 32 14 0
15 3 32 14 0
4 14 13 33 0
14 4 13 33 0
4 14 33 13 0
14 4 33 13 0
4 14 14 32 0
14 4 14 32 0
4 14 32 14 0
14 4 32 14 0
5 13 13 33 0
13 5 13 33 0
5 13 33 13 0
13 5 33 13 0
5 13 14 32 0
13 5 14 32 0
5 13 32 14 0
13 5 32 14 0
4 14 11 35 0
14 4 11 35 0
4 14 35 11 0
14 4 35 11 0
4 14 12 34 0
14 4 12 34 0
4 14 34 12 0
14 4 34 12 0
5 13 11 35 0
13 5 11 35 0
5 13 35 11 0
13 5 35 11 0
5 13 12 34 0
13 5 12 34 0
5 13 34 12 0
13 5 34 12 0
6 12 11 35 0
12 6 11 35 0
6 12 35 11 0
12 6 35 11 0
6 12 12 34 0
12 6 12 34 0
6 12 34 12 0
12 6 34 12 0
6 12 13 33 0
12 6 13 33 0
6 12 33 13 0
12 6 33 13 0
6 12 14 32 3
12 6 14 32 3
6 12 32 14 3
12 6 32 14 3
6 12 15 31 11
12 6 15 31 11
6 12 31 15 11
12 6 31 15 11
7 11 11 35 0
11 7 11 35 0
7 11 35 11 0
11 7 35 11 0
7 11 12 34 1
11 7 12 34 1
7 11 34 12 1
11 7 34 12 1
7 11 13 33 5
11 7 13 33 5
7 11 33 13 5
11 7 33 13 5
7 11 14 32 17
11 7 14 32 17
7 11 32 14 17
11 7 32 14 17
7 11 15 31 46
11 7 15 31 46
7 11 31 15 46
11 7 31 15 46
7 11 16 30 101
11 7 16 30 101
7 11 30 16 101
11 7 30 16 101
7 11 17 29 191
11 7 17 29 191
7 11 29 17 191
11 7 29 17 191
7 11 18 28 320
11 7 18 28 320
7 11 28 18 320
11 7 28 18 320
7 11 19 27 479
11 7 19 27 479
7 11 27 19 479
11 7 27 19 479
7 11 20 26 649
11 7 20 26 649
7 11 26 20 649
11 7 26 20 649
7 11 21 25 804
11 7 21 25 804
7 11 25 21 804
11 7 25 21 804
7 11 22 24 912
11 7 22 24 912
7 11 24 22 912
11 7 24 22 912
7 11 23 23 950
11 7 23 23 950
8 10 13 33 12
10 8 13 33 12
8 10 33 13 12
10 8 33 13 12
8 10 14 32 38
10 8 14 32 38
8 10 32 14 38
10 8 32 14 38
8 10 15 31 92
10 8 15 31 92
8 10 31 15 92
10 8 31 15 92
8 10 16 30 192
10 8 16 30 192
8 10 30 16 192
10 8 30 16 192
8 10 17 29 345
10 8 17 29 345
8 10 29 17 345
10 8 29 17 345
8 10 18 28 561
10 8 18 28 561
8 10 28 18 561
10 8 28 18 561
8 10 19 27 817
10 8 19 27 817
8 10 27 19 817
10 8 27 19 817
8 10 20 26 1091
10 8 20 26 1091
8 10 26 20 1091
10 8 26 20 1091
8 10 21 25 1332
10 8 21 25 1332
8 10 25 21 1332
10 8 25 21 1332
8 10 22 24 1504
10 8 22 24 1504
8 10 24 22 1504
10 8 24 22 1504
8 10 23 23 1561
10 8 23 23 1561
5 13 9 37 0
13 5 9 37 0
5 13 37 9 0
13 5 37 9 0
5 13 10 36 0
13 5 10 36 0
5 13 36 10 0
13 5 36 10 0
6 12 9 37 0
12 6 9 37 0
6 12 37 9 0
12 6 37 9 0
6 12 10 36 0
12 6 10 36 0
6 12 36 10 0
12 6 36 10 0
7 11 9 37 0
11 7 9 37 0
7 11 37 9 0
11 7 37 9 0
7 11 10 36 0
11 7 10 36 0
7 11 36 10 0
11 7 36 10 0
6 12 8 38 0
12 6 8 38 0
6 12 38 8 0
12 6 38 8 0
7 11 8 38 0
11 7 8 38 0
7 11 38 8 0
11 7 38 8 0
8 10 8 38 0
10 8 8 38 0
8 10 38 8 0
10 8 38 8 0
8 10 9 37 0
10 8 9 37 0
8 10 37 9 0
10 8 37 9 0
8 10 10 36 0
10 8 10 36 0
8 10 36 10 0
10 8 36 10 0
8 10 11 35 0
10 8 11 35 0
8 10 35 11 0
10 8 35 11 0
8 10 12 34 3
10 8 12 34 3
8 10 34 12 3
10 8 34 12 3
9 9 9 37 0
9 9 37 9 0
9 9 10 36 0
9 9 36 10 0
9 9 11 35 1
9 9 35 11 1
9 9 12 34 5
9 9 34 12 5
9 9 13 33 18
9 9 33 13 18
9 9 14 32 51
9 9 32 14 51
9 9 15 31 119
9 9 31 15 119
9 9 16 30 239
9 9 30 16 239
9 9 17 29 425
9 9 29 17 425
9 9 18 28 678
9 9 28 18 678
9 9 19 27 981
9 9 27 19 981
9 9 20 26 1299
9 9 26 20 1299
9 9 21 25 1582
9 9 25 21 1582
9 9 22 24 1778
9 9 24 22 1778
9 9 23 23 1848
7 11 7 39 0
11 7 7 39 0
7 11 39 7 0
11 7 39 7 0
8 10 7 39 0
10 8 7 39 0
8 10 39 7 0
10 8 39 7 0
9 9 7 39 0
9 9 39 7 0
9 9 8 38 0
9 9 38 8 0
