3 17 18 33 0
17 3 18 33 0
3 17 33 18 0
17 3 33 18 0
3 17 19 32 0
17 3 19 32 0
3 17 32 19 0
17 3 32 19 0
3 17 20 31 0
17 3 20 31 0
3 17 31 20 0
17 3 31 20 0
3 17 21 30 0
17 3 21 30 0
3 17 30 21 0
17 3 30 21 0
3 17 22 29 0
17 3 22 29 0
3 17 29 22 0
17 3 29 22 0
3 17 23 28 0
17 3 23 28 0
3 17 28 23 0
17 3 28 23 0
3 17 24 27 0
17 3 24 27 0
3 17 27 24 0
17 3 27 24 0
4 16 18 33 0
16 4 18 33 0
4 16 33 18 0
16 4 33 18 0
4 16 19 32 0
16 4 19 32 0
4 16 32 19 0
16 4 32 19 0
4 16 20 31 0
16 4 20 31 0
4 16 31 20 0
16 4 31 20 0
4 16 21 30 0
16 4 21 30 0
4 16 30 21 0
16 4 30 21 0
4 16 22 29 0
16 4 22 29 0
4 16 29 22 0
16 4 29 22 0
4 16 23 28 0
16 4 23 28 0
4 16 28 23 0
16 4 28 23 0
4 16 24 27 0
16 4 24 27 0
4 16 27 24 0
16 4 27 24 0
5 15 18 33 0
15 5 18 33 0
5 15 33 18 0
15 5 33 18 0
5 15 19 32 0
15 5 19 32 0
5 15 32 19 0
15 5 32 19 0
5 15 20 31 0
15 5 20 31 0
5 15 31 20 0
15 5 31 20 0
5 15 21 30 1
15 5 21 30 1
5 15 30 21 1
15 5 30 21 1
5 15 22 29 3
15 5 22 29 3
5 15 29 22 3
15 5 29 22 3
5 15 23 28 5
15 5 23 28 5
5 15 28 23 5
15 5 28 23 5
5 15 24 27 7
15 5 24 27 7
5 15 27 24 7
15 5 27 24 7
3 17 25 26 0
17 3 25 26 0
3 17 26 25 0
17 3 26 25 0
4 16 25 26 0
16 4 25 26 0
4 16 26 25 0
16 4 26 25 0
5 15 25 26 8
15 5 25 26 8
5 15 26 25 8
15 5 26 25 8
4 16 16 35 0
16 4 16 35 0
4 16 35 16 0
16 4 35 16 0
4 16 17 34 0
16 4 17 34 0
4 16 34 17 0
16 4 34 17 0
5 15 16 35 0
15 5 16 35 0
5 15 35 16 0
15 5 35 16 0
5 15 17 34 0
15 5 17 34 0
5 15 34 17 0
15 5 34 17 0
6 14 16 35 0
14 6 16 35 0
6 14 35 16 0
14 6 35 16 0
6 14 17 34 0
14 6 17 34 0
6 14 34 17 0
14 6 34 17 0
6 14 18 33 1
14 6 18 33 1
6 14 33 18 1
14 6 33 18 1
6 14 19 32 4
14 6 19 32 4
6 14 32 19 4
14 6 32 19 4
6 14 20 31 10
14 6 20 31 10
6 14 31 20 10
14 6 31 20 10
6 14 21 30 20
14 6 21 30 20
6 14 30 21 20
14 6 30 21 20
6 14 22 29 34
14 6 22 29 34
6 14 29 22 34
14 6 29 22 34
6 14 23 28 49
14 6 23 28 49
6 14 28 23 49
14 6 28 23 49
6 14 24 27 62
14 6 24 27 62
6 14 27 24 62
14 6 27 24 62
6 14 25 26 70
14 6 25 26 70
6 14 26 25 70
14 6 26 25 70
7 13 16 35 1
13 7 16 35 1
7 13 35 16 1
13 7 35 16 1
7 13 17 34 4
13 7 17 34 4
7 13 34 17 4
13 7 34 17 4
7 13 18 33 13
13 7 18 33 13
7 13 33 18 13
13 7 33 18 13
7 13 19 32 31
13 7 19 32 31
7 13 32 19 31
13 7 32 19 31
7 13 20 31 61
13 7 20 31 61
7 13 31 20 61
13 7 31 20 61
7 13 21 30 104
13 7 21 30 104
7 13 30 21 104
13 7 30 21 104
7 13 22 29 157
13 7 22 29 157
7 13 29 22 157
13 7 29 22 157
7 13 23 28 211
13 7 23 28 211
7 13 28 23 211
13 7 28 23 211
7 13 24 27 256
13 7 24 27 256
7 13 27 24 256
13 7 27 24 256
7 13 25 26 282
13 7 25 26 282
7 13 26 25 282
13 7 26 25 282
8 12 18 33 48
12 8 18 33 48
8 12 33 18 48
12 8 33 18 48
8 12 19 32 100
12 8 19 32 100
8 12 32 19 100
12 8 32 19 100
8 12 20 31 180
12 8 20 31 180
8 12 31 20 180
12 8 31 20 180
8 12 21 30 287
12 8 21 30 287
8 12 30 21 287
12 8 30 21 287
8 12 22 29 412
12 8 22 29 412
8 12 29 22 412
12 8 29 22 412
8 12 23 28 536
12 8 23 28 536
8 12 28 23 536
12 8 28 23 536
8 12 24 27 637
12 8 24 27 637
8 12 27 24 637
12 8 27 24 637
8 12 25 26 694
12 8 25 26 694
8 12 26 25 694
12 8 26 25 694
5 15 13 38 0
15 5 13 38 0
5 15 38 13 0
15 5 38 13 0
5 15 14 37 0
15 5 14 37 0
5 15 37 14 0
15 5 37 14 0
5 15 15 36 0
15 5 15 36 0
5 15 36 15 0
15 5 36 15 0
6 14 13 38 0
14 6 13 38 0
6 14 38 13 0
14 6 38 13 0
6 14 14 37 0
14 6 14 37 0
6 14 37 14 0
14 6 37 14 0
6 14 15 36 0
14 6 15 36 0
6 14 36 15 0
14 6 36 15 0
7 13 13 38 0
13 7 13 38 0
7 13 38 13 0
13 7 38 13 0
7 13 14 37 0
13 7 14 37 0
7 13 37 14 0
13 7 37 14 0
7 13 15 36 0
13 7 15 36 0
7 13 36 15 0
13 7 36 15 0
6 14 12 39 0
14 6 12 39 0
6 14 39 12 0
14 6 39 12 0
7 13 12 39 0
13 7 12 39 0
7 13 39 12 0
13 7 39 12 0
8 12 12 39 0
12 8 12 39 0
8 12 39 12 0
12 8 39 12 0
8 12 13 38 0
12 8 13 38 0
8 12 38 13 0
12 8 38 13 0
8 12 14 37 0
12 8 14 37 0
8 12 37 14 0
12 8 37 14 0
8 12 15 36 1
12 8 15 36 1
8 12 36 15 1
12 8 36 15 1
8 12 16 35 6
12 8 16 35 6
8 12 35 16 6
12 8 35 16 6
8 12 17 34 19
12 8 17 34 19
8 12 34 17 19
12 8 34 17 19
9 11 13 38 0
11 9 13 38 0
9 11 38 13 0
11 9 38 13 0
9 11 14 37 1
11 9 14 37 1
9 11 37 14 1
11 9 37 14 1
9 11 15 36 5
11 9 15 36 5
9 11 36 15 5
11 9 36 15 5
9 11 16 35 17
11 9 16 35 17
9 11 35 16 17
11 9 35 16 17
9 11 17 34 45
11 9 17 34 45
9 11 34 17 45
11 9 34 17 45
9 11 18 33 101
11 9 18 33 101
9 11 33 18 101
11 9 33 18 101
9 11 19 32 195
11 9 19 32 195
9 11 32 19 195
11 9 32 19 195
9 11 20 31 334
11 9 20 31 334
9 11 31 20 334
11 9 31 20 334
9 11 21 30 514
11 9 21 30 514
9 11 30 21 514
11 9 30 21 514
9 11 22 29 719
11 9 22 29 719
9 11 29 22 719
11 9 29 22 719
9 11 23 28 919
11 9 23 28 919
9 11 28 23 919
11 9 28 23 919
9 11 24 27 1080
11 9 24 27 1080
9 11 27 24 1080
11 9 27 24 1080
9 11 25 26 1170
11 9 25 26 1170
9 11 26 25 1170
11 9 26 25 1170
10 10 16 35 21
10 10 35 16 21
10 10 17 34 56
10 10 34 17 56
10 10 18 33 124
10 10 33 18 124
10 10 19 32 237
10 10 32 19 237
10 10 20 31 402
10 10 31 20 402
10 10 21 30 614
10 10 30 21 614
10 10 22 29 854
10 10 29 22 854
10 10 23 28 1087
10 10 28 23 1087
10 10 24 27 1274
10 10 27 24 1274
10 10 25 26 1378
10 10 26 25 1378
7 13 10 41 0
13 7 10 41 0
7 13 41 10 0
13 7 41 10 0
7 13 11 40 0
13 7 11 40 0
7 13 40 11 0
13 7 40 11 0
8 12 10 41 0
12 8 10 41 0
8 12 41 10 0
12 8 41 10 0
8 12 11 40 0
12 8 11 40 0
8 12 40 11 0
12 8 40 11 0
9 11 10 41 0
11 9 10 41 0
9 11 41 10 0
11 9 41 10 0
9 11 11 40 0
11 9 11 40 0
9 11 40 11 0
11 9 40 11 0
9 11 12 39 0
11 9 12 39 0
9 11 39 12 0
11 9 39 12 0
10 10 10 41 0
10 10 41 10 0
10 10 11 40 0
10 10 40 11 0
10 10 12 39 0
10 10 39 12 0
10 10 13 38 0
10 10 38 13 0
10 10 14 37 1
10 10 37 14 1
10 10 15 36 6
10 10 36 15 6
9 11 9 42 0
11 9 9 42 0
9 11 42 9 0
11 9 42 9 0
10 10 9 42 0
10 10 42 9 0
