8 20 30 41 0
20 8 30 41 0
8 20 41 30 0
20 8 41 30 0
8 20 31 40 0
20 8 31 40 0
8 20 40 31 0
20 8 40 31 0
8 20 32 39 0
20 8 32 39 0
8 20 39 32 0
20 8 39 32 0
8 20 33 38 0
20 8 33 38 0
8 20 38 33 0
20 8 38 33 0
8 20 34 37 0
20 8 34 37 0
8 20 37 34 0
20 8 37 34 0
8 20 35 36 0
20 8 35 36 0
8 20 36 35 0
20 8 36 35 0
9 19 30 41 0
19 9 30 41 0
9 19 41 30 0
19 9 41 30 0
9 19 31 40 0
19 9 31 40 0
9 19 40 31 0
19 9 40 31 0
9 19 32 39 0
19 9 32 39 0
9 19 39 32 0
19 9 39 32 0
9 19 33 38 0
19 9 33 38 0
9 19 38 33 0
19 9 38 33 0
9 19 34 37 0
19 9 34 37 0
9 19 37 34 0
19 9 37 34 0
9 19 35 36 0
19 9 35 36 0
9 19 36 35 0
19 9 36 35 0
10 18 30 41 0
18 10 30 41 0
10 18 41 30 0
18 10 41 30 0
10 18 31 40 0
18 10 31 40 0
10 18 40 31 0
18 10 40 31 0
10 18 32 39 0
18 10 32 39 0
10 18 39 32 0
18 10 39 32 0
10 18 33 38 0
18 10 33 38 0
10 18 38 33 0
18 10 38 33 0
10 18 34 37 0
18 10 34 37 0
10 18 37 34 0
18 10 37 34 0
10 18 35 36 0
18 10 35 36 0
10 18 36 35 0
18 10 36 35 0
9 19 26 45 0
19 9 26 45 0
9 19 45 26 0
19 9 45 26 0
9 19 27 44 0
19 9 27 44 0
9 19 44 27 0
19 9 44 27 0
9 19 28 43 0
19 9 28 43 0
9 19 43 28 0
19 9 43 28 0
9 19 29 42 0
19 9 29 42 0
9 19 42 29 0
19 9 42 29 0
10 18 26 45 0
18 10 26 45 0
10 18 45 26 0
18 10 45 26 0
10 18 27 44 0
18 10 27 44 0
10 18 44 27 0
18 10 44 27 0
10 18 28 43 0
18 10 28 43 0
10 18 43 28 0
18 10 43 28 0
10 18 29 42 0
18 10 29 42 0
10 18 42 29 0
18 10 42 29 0
11 17 26 45 0
17 11 26 45 0
11 17 45 26 0
17 11 45 26 0
11 17 27 44 0
17 11 27 44 0
11 17 44 27 0
17 11 44 27 0
11 17 28 43 0
17 11 28 43 0
11 17 43 28 0
17 11 43 28 0
11 17 29 42 0
17 11 29 42 0
11 17 42 29 0
17 11 42 29 0
11 17 30 41 0
17 11 30 41 0
11 17 41 30 0
17 11 41 30 0
11 17 31 40 0
17 11 31 40 0
11 17 40 31 0
17 11 40 31 0
11 17 32 39 0
17 11 32 39 0
11 17 39 32 0
17 11 39 32 0
11 17 33 38 0
17 11 33 38 0
11 17 38 33 0
17 11 38 33 0
11 17 34 37 0
17 11 34 37 0
11 17 37 34 0
17 11 37 34 0
11 17 35 36 0
17 11 35 36 0
11 17 36 35 0
17 11 36 35 0
10 18 24 47 0
18 10 24 47 0
10 18 47 24 0
18 10 47 24 0
10 18 25 46 0
18 10 25 46 0
10 18 46 25 0
18 10 46 25 0
11 17 24 47 0
17 11 24 47 0
11 17 47 24 0
17 11 47 24 0
11 17 25 46 0
17 11 25 46 0
11 17 46 25 0
17 11 46 25 0
12 16 24 47 0
16 12 24 47 0
12 16 47 24 0
16 12 47 24 0
12 16 25 46 0
16 12 25 46 0
12 16 46 25 0
16 12 46 25 0
12 16 26 45 0
16 12 26 45 0
12 16 45 26 0
16 12 45 26 0
12 16 27 44 0
16 12 27 44 0
12 16 44 27 0
16 12 44 27 0
12 16 28 43 0
16 12 28 43 0
12 16 43 28 0
16 12 43 28 0
12 16 29 42 0
16 12 29 42 0
12 16 42 29 0
16 12 42 29 0
12 16 30 41 0
16 12 30 41 0
12 16 41 30 0
16 12 41 30 0
12 16 31 40 0
16 12 31 40 0
12 16 40 31 0
16 12 40 31 0
12 16 32 39 0
16 12 32 39 0
12 16 39 32 0
16 12 39 32 0
12 16 33 38 0
16 12 33 38 0
12 16 38 33 0
16 12 38 33 0
12 16 34 37 0
16 12 34 37 0
12 16 37 34 0
16 12 37 34 0
12 16 35 36 0
16 12 35 36 0
12 16 36 35 0
16 12 36 35 0
13 15 24 47 0
15 13 24 47 0
13 15 47 24 0
15 13 47 24 0
13 15 25 46 0
15 13 25 46 0
13 15 46 25 0
15 13 46 25 0
13 15 26 45 0
15 13 26 45 0
13 15 45 26 0
15 13 45 26 0
13 15 27 44 0
15 13 27 44 0
13 15 44 27 0
15 13 44 27 0
13 15 28 43 1
15 13 28 43 1
13 15 43 28 1
15 13 43 28 1
13 15 29 42 2
15 13 29 42 2
13 15 42 29 2
15 13 42 29 2
13 15 30 41 3
15 13 30 41 3
13 15 41 30 3
15 13 41 30 3
13 15 31 40 4
15 13 31 40 4
13 15 40 31 4
15 13 40 31 4
13 15 32 39 5
15 13 32 39 5
13 15 39 32 5
15 13 39 32 5
13 15 33 38 5
15 13 33 38 5
13 15 38 33 5
15 13 38 33 5
13 15 34 37 5
15 13 34 37 5
13 15 37 34 5
15 13 37 34 5
13 15 35 36 5
15 13 35 36 5
13 15 36 35 5
15 13 36 35 5
14 14 26 45 0
14 14 45 26 0
14 14 27 44 0
14 14 44 27 0
14 14 28 43 1
14 14 43 28 1
14 14 29 42 2
14 14 42 29 2
14 14 30 41 3
14 14 41 30 3
14 14 31 40 4
14 14 40 31 4
14 14 32 39 5
14 14 39 32 5
14 14 33 38 5
14 14 38 33 5
14 14 34 37 5
14 14 37 34 5
14 14 35 36 5
14 14 36 35 5
11 17 23 48 0
17 11 23 48 0
11 17 48 23 0
17 11 48 23 0
12 16 23 48 0
16 12 23 48 0
12 16 48 23 0
16 12 48 23 0
13 15 23 48 0
15 13 23 48 0
13 15 48 23 0
15 13 48 23 0
12 16 22 49 0
16 12 22 49 0
12 16 49 22 0
16 12 49 22 0
13 15 22 49 0
15 13 22 49 0
13 15 49 22 0
15 13 49 22 0
14 14 22 49 0
14 14 49 22 0
14 14 23 48 0
14 14 48 23 0
14 14 24 47 0
14 14 47 24 0
14 14 25 46 0
14 14 46 25 0
