4 18 21 35 0
18 4 21 35 0
4 18 35 21 0
18 4 35 21 0
4 18 22 34 0
18 4 22 34 0
4 18 34 22 0
18 4 34 22 0
4 18 23 33 0
18 4 23 33 0
4 18 33 23 0
18 4 33 23 0
4 18 24 32 0
18 4 24 32 0
4 18 32 24 0
18 4 32 24 0
4 18 25 31 0
18 4 25 31 0
4 18 31 25 0
18 4 31 25 0
4 18 26 30 0
18 4 26 30 0
4 18 30 26 0
18 4 30 26 0
4 18 27 29 0
18 4 27 29 0
4 18 29 27 0
18 4 29 27 0
5 17 21 35 0
17 5 21 35 0
5 17 35 21 0
17 5 35 21 0
5 17 22 34 0
17 5 22 34 0
5 17 34 22 0
17 5 34 22 0
5 17 23 33 0
17 5 23 33 0
5 17 33 23 0
17 5 33 23 0
5 17 24 32 0
17 5 24 32 0
5 17 32 24 0
17 5 32 24 0
5 17 25 31 0
17 5 25 31 0
5 17 31 25 0
17 5 31 25 0
5 17 26 30 0
17 5 26 30 0
5 17 30 26 0
17 5 30 26 0
5 17 27 29 0
17 5 27 29 0
5 17 29 27 0
17 5 29 27 0
6 16 21 35 0
16 6 21 35 0
6 16 35 21 0
16 6 35 21 0
6 16 22 34 0
16 6 22 34 0
6 16 34 22 0
16 6 34 22 0
6 16 23 33 0
16 6 23 33 0
6 16 33 23 0
16 6 33 23 0
6 16 24 32 0
16 6 24 32 0
6 16 32 24 0
16 6 32 24 0
6 16 25 31 1
16 6 25 31 1
6 16 31 25 1
16 6 31 25 1
6 16 26 30 2
16 6 26 30 2
6 16 30 26 2
16 6 30 26 2
6 16 27 29 3
16 6 27 29 3
6 16 29 27 3
16 6 29 27 3
4 18 28 28 0
18 4 28 28 0
5 17 28 28 0
17 5 28 28 0
6 16 28 28 3
16 6 28 28 3
5 17 18 38 0
17 5 18 38 0
5 17 38 18 0
17 5 38 18 0
5 17 19 37 0
17 5 19 37 0
5 17 37 19 0
17 5 37 19 0
5 17 20 36 0
17 5 20 36 0
5 17 36 20 0
17 5 36 20 0
6 16 18 38 0
16 6 18 38 0
6 16 38 18 0
16 6 38 18 0
6 16 19 37 0
16 6 19 37 0
6 16 37 19 0
16 6 37 19 0
6 16 20 36 0
16 6 20 36 0
6 16 36 20 0
16 6 36 20 0
7 15 18 38 0
15 7 18 38 0
7 15 38 18 0
15 7 38 18 0
7 15 19 37 0
15 7 19 37 0
7 15 37 19 0
15 7 37 19 0
7 15 20 36 0
15 7 20 36 0
7 15 36 20 0
15 7 36 20 0
7 15 21 35 0
15 7 21 35 0
7 15 35 21 0
15 7 35 21 0
7 15 22 34 2
15 7 22 34 2
7 15 34 22 2
15 7 34 22 2
7 15 23 33 5
15 7 23 33 5
7 15 33 23 5
15 7 33 23 5
7 15 24 32 10
15 7 24 32 10
7 15 32 24 10
15 7 32 24 10
7 15 25 31 17
15 7 25 31 17
7 15 31 25 17
15 7 31 25 17
7 15 26 30 25
15 7 26 30 25
7 15 30 26 25
15 7 30 26 25
7 15 27 29 30
15 7 27 29 30
7 15 29 27 30
15 7 29 27 30
7 15 28 28 32
15 7 28 28 32
6 16 17 39 0
16 6 17 39 0
6 16 39 17 0
16 6 39 17 0
7 15 17 39 0
15 7 17 39 0
7 15 39 17 0
15 7 39 17 0
8 14 17 39 0
14 8 17 39 0
8 14 39 17 0
14 8 39 17 0
8 14 18 38 0
14 8 18 38 0
8 14 38 18 0
14 8 38 18 0
8 14 19 37 1
14 8 19 37 1
8 14 37 19 1
14 8 37 19 1
8 14 20 36 3
14 8 20 36 3
8 14 36 20 3
14 8 36 20 3
8 14 21 35 9
14 8 21 35 9
8 14 35 21 9
14 8 35 21 9
8 14 22 34 20
14 8 22 34 20
8 14 34 22 20
14 8 34 22 20
8 14 23 33 39
14 8 23 33 39
8 14 33 23 39
14 8 33 23 39
8 14 24 32 63
14 8 24 32 63
8 14 32 24 63
14 8 32 24 63
8 14 25 31 93
14 8 25 31 93
8 14 31 25 93
14 8 31 25 93
8 14 26 30 120
14 8 26 30 120
8 14 30 26 120
14 8 30 26 120
8 14 27 29 141
14 8 27 29 141
8 14 29 27 141
14 8 29 27 141
8 14 28 28 147
14 8 28 28 147
9 13 18 38 1
13 9 18 38 1
9 13 38 18 1
13 9 38 18 1
9 13 19 37 5
13 9 19 37 5
9 13 37 19 5
13 9 37 19 5
9 13 20 36 15
13 9 20 36 15
9 13 36 20 15
13 9 36 20 15
9 13 21 35 35
13 9 21 35 35
9 13 35 21 35
13 9 35 21 35
9 13 22 34 70
13 9 22 34 70
9 13 34 22 70
13 9 34 22 70
9 13 23 33 121
13 9 23 33 121
9 13 33 23 121
13 9 33 23 121
9 13 24 32 186
13 9 24 32 186
9 13 32 24 186
13 9 32 24 186
9 13 25 31 257
13 9 25 31 257
9 13 31 25 257
13 9 31 25 257
9 13 26 30 323
13 9 26 30 323
9 13 30 26 323
13 9 30 26 323
9 13 27 29 369
13 9 27 29 369
9 13 29 27 369
13 9 29 27 369
9 13 28 28 386
13 9 28 28 386
10 12 21 35 76
12 10 21 35 76
10 12 35 21 76
12 10 35 21 76
10 12 22 34 140
12 10 22 34 140
10 12 34 22 140
12 10 34 22 140
10 12 23 33 232
12 10 23 33 232
10 12 33 23 232
12 10 33 23 232
10 12 24 32 342
12 10 24 32 342
10 12 32 24 342
12 10 32 24 342
10 12 25 31 463
12 10 25 31 463
10 12 31 25 463
12 10 31 25 463
10 12 26 30 569
12 10 26 30 569
10 12 30 26 569
12 10 30 26 569
10 12 27 29 646
12 10 27 29 646
10 12 29 27 646
12 10 29 27 646
10 12 28 28 671
12 10 28 28 671
6 16 16 40 0
16 6 16 40 0
6 16 40 16 0
16 6 40 16 0
7 15 16 40 0
15 7 16 40 0
7 15 40 16 0
15 7 40 16 0
8 14 16 40 0
14 8 16 40 0
8 14 40 16 0
14 8 40 16 0
7 15 14 42 0
15 7 14 42 0
7 15 42 14 0
15 7 42 14 0
7 15 15 41 0
15 7 15 41 0
7 15 41 15 0
15 7 41 15 0
8 14 14 42 0
14 8 14 42 0
8 14 42 14 0
14 8 42 14 0
8 14 15 41 0
14 8 15 41 0
8 14 41 15 0
14 8 41 15 0
9 13 14 42 0
13 9 14 42 0
9 13 42 14 0
13 9 42 14 0
9 13 15 41 0
13 9 15 41 0
9 13 41 15 0
13 9 41 15 0
9 13 16 40 0
13 9 16 40 0
9 13 40 16 0
13 9 40 16 0
9 13 17 39 0
13 9 17 39 0
9 13 39 17 0
13 9 39 17 0
10 12 14 42 0
12 10 14 42 0
10 12 42 14 0
12 10 42 14 0
10 12 15 41 0
12 10 15 41 0
10 12 41 15 0
12 10 41 15 0
10 12 16 40 0
12 10 16 40 0
10 12 40 16 0
12 10 40 16 0
10 12 17 39 1
12 10 17 39 1
10 12 39 17 1
12 10 39 17 1
10 12 18 38 4
12 10 18 38 4
10 12 38 18 4
12 10 38 18 4
10 12 19 37 14
12 10 19 37 14
10 12 37 19 14
12 10 37 19 14
10 12 20 36 35
12 10 20 36 35
10 12 36 20 35
12 10 36 20 35
11 11 16 40 0
11 11 40 16 0
11 11 17 39 1
11 11 39 17 1
11 11 18 38 6
11 11 38 18 6
11 11 19 37 18
11 11 37 19 18
11 11 20 36 45
11 11 36 20 45
11 11 21 35 94
11 11 35 21 94
11 11 22 34 173
11 11 34 22 173
11 11 23 33 281
11 11 33 23 281
11 11 24 32 414
11 11 32 24 414
11 11 25 31 554
11 11 31 25 554
11 11 26 30 681
11 11 30 26 681
11 11 27 29 768
11 11 29 27 768
11 11 28 28 800
8 14 13 43 0
14 8 13 43 0
8 14 43 13 0
14 8 43 13 0
9 13 13 43 0
13 9 13 43 0
9 13 43 13 0
13 9 43 13 0
10 12 13 43 0
12 10 13 43 0
10 12 43 13 0
12 10 43 13 0
9 13 12 44 0
13 9 12 44 0
9 13 44 12 0
13 9 44 12 0
10 12 12 44 0
12 10 12 44 0
10 12 44 12 0
12 10 44 12 0
11 11 12 44 0
11 11 44 12 0
11 11 13 43 0
11 11 43 13 0
11 11 14 42 0
11 11 42 14 0
11 11 15 41 0
11 11 41 15 0
