0 8 3 20 0
8 0 3 20 0
0 8 20 3 0
8 0 20 3 0
0 8 4 19 0
8 0 4 19 0
0 8 19 4 0
8 0 19 4 0
0 8 5 18 0
8 0 5 18 0
0 8 18 5 0
8 0 18 5 0
0 8 6 17 0
8 0 6 17 0
0 8 17 6 0
8 0 17 6 0
0 8 7 16 0
8 0 7 16 0
0 8 16 7 0
8 0 16 7 0
0 8 8 15 0
8 0 8 15 0
0 8 15 8 0
8 0 15 8 0
0 8 9 14 0
8 0 9 14 0
0 8 14 9 0
8 0 14 9 0
0 8 10 13 0
8 0 10 13 0
0 8 13 10 0
8 0 13 10 0
0 8 11 12 0
8 0 11 12 0
0 8 12 11 0
8 0 12 11 0
1 7 3 20 0
7 1 3 20 0
1 7 20 3 0
7 1 20 3 0
1 7 4 19 0
7 1 4 19 0
1 7 19 4 0
7 1 19 4 0
1 7 5 18 0
7 1 5 18 0
1 7 18 5 0
7 1 18 5 0
1 7 6 17 0
7 1 6 17 0
1 7 17 6 0
7 1 17 6 0
1 7 7 16 0
7 1 7 16 0
1 7 16 7 0
7 1 16 7 0
1 7 8 15 0
7 1 8 15 0
1 7 15 8 0
7 1 15 8 0
1 7 9 14 0
7 1 9 14 0
1 7 14 9 0
7 1 14 9 0
1 7 10 13 0
7 1 10 13 0
1 7 13 10 0
7 1 13 10 0
1 7 11 12 0
7 1 11 12 0
1 7 12 11 0
7 1 12 11 0
2 6 3 20 1
6 2 3 20 1
2 6 20 3 1
6 2 20 3 1
2 6 4 19 2
6 2 4 19 2
2 6 19 4 2
6 2 19 4 2
2 6 5 18 4
6 2 5 18 4
2 6 18 5 4
6 2 18 5 4
2 6 6 17 6
6 2 6 17 6
2 6 17 6 6
6 2 17 6 6
2 6 7 16 8
6 2 7 16 8
2 6 16 7 8
6 2 16 7 8
2 6 8 15 9
6 2 8 15 9
2 6 15 8 9
6 2 15 8 9
2 6 9 14 10
6 2 9 14 10
2 6 14 9 10
6 2 14 9 10
2 6 10 13 10
6 2 10 13 10
2 6 13 10 10
6 2 13 10 10
2 6 11 12 10
6 2 11 12 10
2 6 12 11 10
6 2 12 11 10
1 7 1 22 0
7 1 1 22 0
1 7 22 1 0
7 1 22 1 0
1 7 2 21 0
7 1 2 21 0
1 7 21 2 0
7 1 21 2 0
2 6 1 22 0
6 2 1 22 0
2 6 22 1 0
6 2 22 1 0
2 6 2 21 0
6 2 2 21 0
2 6 21 2 0
6 2 21 2 0
3 5 1 22 0
5 3 1 22 0
3 5 22 1 0
5 3 22 1 0
3 5 2 21 1
5 3 2 21 1
3 5 21 2 1
5 3 21 2 1
3 5 3 20 3
5 3 3 20 3
3 5 20 3 3
5 3 20 3 3
3 5 4 19 6
5 3 4 19 6
3 5 19 4 6
5 3 19 4 6
3 5 5 18 10
5 3 5 18 10
3 5 18 5 10
5 3 18 5 10
3 5 6 17 15
5 3 6 17 15
3 5 17 6 15
5 3 17 6 15
3 5 7 16 19
5 3 7 16 19
3 5 16 7 19
5 3 16 7 19
3 5 8 15 22
5 3 8 15 22
3 5 15 8 22
5 3 15 8 22
3 5 9 14 24
5 3 9 14 24
3 5 14 9 24
5 3 14 9 24
3 5 10 13 25
5 3 10 13 25
3 5 13 10 25
5 3 13 10 25
3 5 11 12 25
5 3 11 12 25
3 5 12 11 25
5 3 12 11 25
4 4 1 22 0
4 4 22 1 0
4 4 2 21 1
4 4 21 2 1
4 4 3 20 4
4 4 20 3 4
4 4 4 19 8
4 4 19 4 8
4 4 5 18 14
4 4 18 5 14
4 4 6 17 21
4 4 17 6 21
4 4 7 16 27
4 4 16 7 27
4 4 8 15 31
4 4 15 8 31
4 4 9 14 34
4 4 14 9 34
4 4 10 13 35
4 4 13 10 35
4 4 11 12 35
4 4 12 11 35
3 5 0 23 0
5 3 0 23 0
3 5 23 0 0
5 3 23 0 0
4 4 0 23 0
4 4 23 0 0
