4 18 21 37 0
18 4 21 37 0
4 18 37 21 0
18 4 37 21 0
4 18 22 36 0
18 4 22 36 0
4 18 36 22 0
18 4 36 22 0
4 18 23 35 0
18 4 23 35 0
4 18 35 23 0
18 4 35 23 0
4 18 24 34 0
18 4 24 34 0
4 18 34 24 0
18 4 34 24 0
4 18 25 33 0
18 4 25 33 0
4 18 33 25 0
18 4 33 25 0
4 18 26 32 0
18 4 26 32 0
4 18 32 26 0
18 4 32 26 0
4 18 27 31 0
18 4 27 31 0
4 18 31 27 0
18 4 31 27 0
4 18 28 30 0
18 4 28 30 0
4 18 30 28 0
18 4 30 28 0
4 18 29 29 0
18 4 29 29 0
5 17 21 37 0
17 5 21 37 0
5 17 37 21 0
17 5 37 21 0
5 17 22 36 0
17 5 22 36 0
5 17 36 22 0
17 5 36 22 0
5 17 23 35 0
17 5 23 35 0
5 17 35 23 0
17 5 35 23 0
5 17 24 34 0
17 5 24 34 0
5 17 34 24 0
17 5 34 24 0
5 17 25 33 0
17 5 25 33 0
5 17 33 25 0
17 5 33 25 0
5 17 26 32 0
17 5 26 32 0
5 17 32 26 0
17 5 32 26 0
5 17 27 31 0
17 5 27 31 0
5 17 31 27 0
17 5 31 27 0
5 17 28 30 0
17 5 28 30 0
5 17 30 28 0
17 5 30 28 0
5 17 29 29 0
17 5 29 29 0
6 16 21 37 0
16 6 21 37 0
6 16 37 21 0
16 6 37 21 0
6 16 22 36 0
16 6 22 36 0
6 16 36 22 0
16 6 36 22 0
6 16 23 35 0
16 6 23 35 0
6 16 35 23 0
16 6 35 23 0
6 16 24 34 0
16 6 24 34 0
6 16 34 24 0
16 6 34 24 0
6 16 25 33 1
16 6 25 33 1
6 16 33 25 1
16 6 33 25 1
6 16 26 32 2
16 6 26 32 2
6 16 32 26 2
16 6 32 26 2
6 16 27 31 3
16 6 27 31 3
6 16 31 27 3
16 6 31 27 3
6 16 28 30 4
16 6 28 30 4
6 16 30 28 4
16 6 30 28 4
6 16 29 29 5
16 6 29 29 5
5 17 18 40 0
17 5 18 40 0
5 17 40 18 0
17 5 40 18 0
5 17 19 39 0
17 5 19 39 0
5 17 39 19 0
17 5 39 19 0
5 17 20 38 0
17 5 20 38 0
5 17 38 20 0
17 5 38 20 0
6 16 18 40 0
16 6 18 40 0
6 16 40 18 0
16 6 40 18 0
6 16 19 39 0
16 6 19 39 0
6 16 39 19 0
16 6 39 19 0
6 16 20 38 0
16 6 20 38 0
6 16 38 20 0
16 6 38 20 0
7 15 18 40 0
15 7 18 40 0
7 15 40 18 0
15 7 40 18 0
7 15 19 39 0
15 7 19 39 0
7 15 39 19 0
15 7 39 19 0
7 15 20 38 0
15 7 20 38 0
7 15 38 20 0
15 7 38 20 0
7 15 21 37 0
15 7 21 37 0
7 15 37 21 0
15 7 37 21 0
7 15 22 36 1
15 7 22 36 1
7 15 36 22 1
15 7 36 22 1
7 15 23 35 3
15 7 23 35 3
7 15 35 23 3
15 7 35 23 3
7 15 24 34 8
15 7 24 34 8
7 15 34 24 8
15 7 34 24 8
7 15 25 33 16
15 7 25 33 16
7 15 33 25 16
15 7 33 25 16
7 15 26 32 26
15 7 26 32 26
7 15 32 26 26
15 7 32 26 26
7 15 27 31 35
15 7 27 31 35
7 15 31 27 35
15 7 31 27 35
7 15 28 30 43
15 7 28 30 43
7 15 30 28 43
15 7 30 28 43
7 15 29 29 46
15 7 29 29 46
6 16 17 41 0
16 6 17 41 0
6 16 41 17 0
16 6 41 17 0
7 15 17 41 0
15 7 17 41 0
7 15 41 17 0
15 7 41 17 0
8 14 17 41 0
14 8 17 41 0
8 14 41 17 0
14 8 41 17 0
8 14 18 40 0
14 8 18 40 0
8 14 40 18 0
14 8 40 18 0
8 14 19 39 0
14 8 19 39 0
8 14 39 19 0
14 8 39 19 0
8 14 20 38 0
14 8 20 38 0
8 14 38 20 0
14 8 38 20 0
8 14 21 37 3
14 8 21 37 3
8 14 37 21 3
14 8 37 21 3
8 14 22 36 10
14 8 22 36 10
8 14 36 22 10
14 8 36 22 10
8 14 23 35 25
14 8 23 35 25
8 14 35 23 25
14 8 35 23 25
8 14 24 34 49
14 8 24 34 49
8 14 34 24 49
14 8 34 24 49
8 14 25 33 84
14 8 25 33 84
8 14 33 25 84
14 8 33 25 84
8 14 26 32 122
14 8 26 32 122
8 14 32 26 122
14 8 32 26 122
8 14 27 31 160
14 8 27 31 160
8 14 31 27 160
14 8 31 27 160
8 14 28 30 186
14 8 28 30 186
8 14 30 28 186
14 8 30 28 186
8 14 29 29 197
14 8 29 29 197
9 13 18 40 0
13 9 18 40 0
9 13 40 18 0
13 9 40 18 0
9 13 19 39 1
13 9 19 39 1
9 13 39 19 1
13 9 39 19 1
9 13 20 38 5
13 9 20 38 5
9 13 38 20 5
13 9 38 20 5
9 13 21 37 16
13 9 21 37 16
9 13 37 21 16
13 9 37 21 16
9 13 22 36 41
13 9 22 36 41
9 13 36 22 41
13 9 36 22 41
9 13 23 35 85
13 9 23 35 85
9 13 35 23 85
13 9 35 23 85
9 13 24 34 151
13 9 24 34 151
9 13 34 24 151
13 9 34 24 151
9 13 25 33 237
13 9 25 33 237
9 13 33 25 237
13 9 33 25 237
9 13 26 32 333
13 9 26 32 333
9 13 32 26 333
13 9 32 26 333
9 13 27 31 420
13 9 27 31 420
9 13 31 27 420
13 9 31 27 420
9 13 28 30 483
13 9 28 30 483
9 13 30 28 483
13 9 30 28 483
9 13 29 29 506
13 9 29 29 506
10 12 21 37 36
12 10 21 37 36
10 12 37 21 36
12 10 37 21 36
10 12 22 36 83
12 10 22 36 83
10 12 36 22 83
12 10 36 22 83
10 12 23 35 164
12 10 23 35 164
10 12 35 23 164
12 10 35 23 164
10 12 24 34 278
12 10 24 34 278
10 12 34 24 278
12 10 34 24 278
10 12 25 33 425
12 10 25 33 425
10 12 33 25 425
12 10 33 25 425
10 12 26 32 581
12 10 26 32 581
10 12 32 26 581
12 10 32 26 581
10 12 27 31 725
12 10 27 31 725
10 12 31 27 725
12 10 31 27 725
10 12 28 30 824
12 10 28 30 824
10 12 30 28 824
12 10 30 28 824
10 12 29 29 863
12 10 29 29 863
6 16 16 42 0
16 6 16 42 0
6 16 42 16 0
16 6 42 16 0
7 15 16 42 0
15 7 16 42 0
7 15 42 16 0
15 7 42 16 0
8 14 16 42 0
14 8 16 42 0
8 14 42 16 0
14 8 42 16 0
7 15 14 44 0
15 7 14 44 0
7 15 44 14 0
15 7 44 14 0
7 15 15 43 0
15 7 15 43 0
7 15 43 15 0
15 7 43 15 0
8 14 14 44 0
14 8 14 44 0
8 14 44 14 0
14 8 44 14 0
8 14 15 43 0
14 8 15 43 0
8 14 43 15 0
14 8 43 15 0
9 13 14 44 0
13 9 14 44 0
9 13 44 14 0
13 9 44 14 0
9 13 15 43 0
13 9 15 43 0
9 13 43 15 0
13 9 43 15 0
9 13 16 42 0
13 9 16 42 0
9 13 42 16 0
13 9 42 16 0
9 13 17 41 0
13 9 17 41 0
9 13 41 17 0
13 9 41 17 0
10 12 14 44 0
12 10 14 44 0
10 12 44 14 0
12 10 44 14 0
10 12 15 43 0
12 10 15 43 0
10 12 43 15 0
12 10 43 15 0
10 12 16 42 0
12 10 16 42 0
10 12 42 16 0
12 10 42 16 0
10 12 17 41 0
12 10 17 41 0
10 12 41 17 0
12 10 41 17 0
10 12 18 40 0
12 10 18 40 0
10 12 40 18 0
12 10 40 18 0
10 12 19 39 3
12 10 19 39 3
10 12 39 19 3
12 10 39 19 3
10 12 20 38 12
12 10 20 38 12
10 12 38 20 12
12 10 38 20 12
11 11 16 42 0
11 11 42 16 0
11 11 17 41 0
11 11 41 17 0
11 11 18 40 1
11 11 40 18 1
11 11 19 39 5
11 11 39 19 5
11 11 20 38 18
11 11 38 20 18
11 11 21 37 48
11 11 37 21 48
11 11 22 36 107
11 11 36 22 107
11 11 23 35 203
11 11 35 23 203
11 11 24 34 342
11 11 34 24 342
11 11 25 33 514
11 11 33 25 514
11 11 26 32 700
11 11 32 26 700
11 11 27 31 867
11 11 31 27 867
11 11 28 30 986
11 11 30 28 986
11 11 29 29 1028
8 14 13 45 0
14 8 13 45 0
8 14 45 13 0
14 8 45 13 0
9 13 13 45 0
13 9 13 45 0
9 13 45 13 0
13 9 45 13 0
10 12 13 45 0
12 10 13 45 0
10 12 45 13 0
12 10 45 13 0
9 13 12 46 0
13 9 12 46 0
9 13 46 12 0
13 9 46 12 0
10 12 12 46 0
12 10 12 46 0
10 12 46 12 0
12 10 46 12 0
11 11 12 46 0
11 11 46 12 0
11 11 13 45 0
11 11 45 13 0
11 11 14 44 0
11 11 44 14 0
11 11 15 43 0
11 11 43 15 0
