5 19 25 38 0
19 5 25 38 0
5 19 38 25 0
19 5 38 25 0
5 19 26 37 0
19 5 26 37 0
5 19 37 26 0
19 5 37 26 0
5 19 27 36 0
19 5 27 36 0
5 19 36 27 0
19 5 36 27 0
5 19 28 35 0
19 5 28 35 0
5 19 35 28 0
19 5 35 28 0
5 19 29 34 0
19 5 29 34 0
5 19 34 29 0
19 5 34 29 0
5 19 30 33 0
19 5 30 33 0
5 19 33 30 0
19 5 33 30 0
5 19 31 32 0
19 5 31 32 0
5 19 32 31 0
19 5 32 31 0
6 18 25 38 0
18 6 25 38 0
6 18 38 25 0
18 6 38 25 0
6 18 26 37 0
18 6 26 37 0
6 18 37 26 0
18 6 37 26 0
6 18 27 36 0
18 6 27 36 0
6 18 36 27 0
18 6 36 27 0
6 18 28 35 0
18 6 28 35 0
6 18 35 28 0
18 6 35 28 0
6 18 29 34 0
18 6 29 34 0
6 18 34 29 0
18 6 34 29 0
6 18 30 33 0
18 6 30 33 0
6 18 33 30 0
18 6 33 30 0
6 18 31 32 0
18 6 31 32 0
6 18 32 31 0
18 6 32 31 0
7 17 25 38 0
17 7 25 38 0
7 17 38 25 0
17 7 38 25 0
7 17 26 37 0
17 7 26 37 0
7 17 37 26 0
17 7 37 26 0
7 17 27 36 0
17 7 27 36 0
7 17 36 27 0
17 7 36 27 0
7 17 28 35 0
17 7 28 35 0
7 17 35 28 0
17 7 35 28 0
7 17 29 34 0
17 7 29 34 0
7 17 34 29 0
17 7 34 29 0
7 17 30 33 1
17 7 30 33 1
7 17 33 30 1
17 7 33 30 1
7 17 31 32 1
17 7 31 32 1
7 17 32 31 1
17 7 32 31 1
6 18 21 42 0
18 6 21 42 0
6 18 42 21 0
18 6 42 21 0
6 18 22 41 0
18 6 22 41 0
6 18 41 22 0
18 6 41 22 0
6 18 23 40 0
18 6 23 40 0
6 18 40 23 0
18 6 40 23 0
6 18 24 39 0
18 6 24 39 0
6 18 39 24 0
18 6 39 24 0
7 17 21 42 0
17 7 21 42 0
7 17 42 21 0
17 7 42 21 0
7 17 22 41 0
17 7 22 41 0
7 17 41 22 0
17 7 41 22 0
7 17 23 40 0
17 7 23 40 0
7 17 40 23 0
17 7 40 23 0
7 17 24 39 0
17 7 24 39 0
7 17 39 24 0
17 7 39 24 0
8 16 21 42 0
16 8 21 42 0
8 16 42 21 0
16 8 42 21 0
8 16 22 41 0
16 8 22 41 0
8 16 41 22 0
16 8 41 22 0
8 16 23 40 0
16 8 23 40 0
8 16 40 23 0
16 8 40 23 0
8 16 24 39 0
16 8 24 39 0
8 16 39 24 0
16 8 39 24 0
8 16 25 38 0
16 8 25 38 0
8 16 38 25 0
16 8 38 25 0
8 16 26 37 1
16 8 26 37 1
8 16 37 26 1
16 8 37 26 1
8 16 27 36 3
16 8 27 36 3
8 16 36 27 3
16 8 36 27 3
8 16 28 35 6
16 8 28 35 6
8 16 35 28 6
16 8 35 28 6
8 16 29 34 10
16 8 29 34 10
8 16 34 29 10
16 8 34 29 10
8 16 30 33 14
16 8 30 33 14
8 16 33 30 14
16 8 33 30 14
8 16 31 32 16
16 8 31 32 16
8 16 32 31 16
16 8 32 31 16
7 17 19 44 0
17 7 19 44 0
7 17 44 19 0
17 7 44 19 0
7 17 20 43 0
17 7 20 43 0
7 17 43 20 0
17 7 43 20 0
8 16 19 44 0
16 8 19 44 0
8 16 44 19 0
16 8 44 19 0
8 16 20 43 0
16 8 20 43 0
8 16 43 20 0
16 8 43 20 0
9 15 19 44 0
15 9 19 44 0
9 15 44 19 0
15 9 44 19 0
9 15 20 43 0
15 9 20 43 0
9 15 43 20 0
15 9 43 20 0
9 15 21 42 0
15 9 21 42 0
9 15 42 21 0
15 9 42 21 0
9 15 22 41 0
15 9 22 41 0
9 15 41 22 0
15 9 41 22 0
9 15 23 40 0
15 9 23 40 0
9 15 40 23 0
15 9 40 23 0
9 15 24 39 1
15 9 24 39 1
9 15 39 24 1
15 9 39 24 1
9 15 25 38 4
15 9 25 38 4
9 15 38 25 4
15 9 38 25 4
9 15 26 37 11
15 9 26 37 11
9 15 37 26 11
15 9 37 26 11
9 15 27 36 23
15 9 27 36 23
9 15 36 27 23
15 9 36 27 23
9 15 28 35 39
15 9 28 35 39
9 15 35 28 39
15 9 35 28 39
9 15 29 34 57
15 9 29 34 57
9 15 34 29 57
15 9 34 29 57
9 15 30 33 73
15 9 30 33 73
9 15 33 30 73
15 9 33 30 73
9 15 31 32 82
15 9 31 32 82
9 15 32 31 82
15 9 32 31 82
10 14 19 44 0
14 10 19 44 0
10 14 44 19 0
14 10 44 19 0
10 14 20 43 0
14 10 20 43 0
10 14 43 20 0
14 10 43 20 0
10 14 21 42 0
14 10 21 42 0
10 14 42 21 0
14 10 42 21 0
10 14 22 41 0
14 10 22 41 0
10 14 41 22 0
14 10 41 22 0
10 14 23 40 2
14 10 23 40 2
10 14 40 23 2
14 10 40 23 2
10 14 24 39 8
14 10 24 39 8
10 14 39 24 8
14 10 39 24 8
10 14 25 38 21
14 10 25 38 21
10 14 38 25 21
14 10 38 25 21
10 14 26 37 45
14 10 26 37 45
10 14 37 26 45
14 10 37 26 45
10 14 27 36 81
14 10 27 36 81
10 14 36 27 81
14 10 36 27 81
10 14 28 35 125
14 10 28 35 125
10 14 35 28 125
14 10 35 28 125
10 14 29 34 172
14 10 29 34 172
10 14 34 29 172
14 10 34 29 172
10 14 30 33 212
14 10 30 33 212
10 14 33 30 212
14 10 33 30 212
10 14 31 32 234
14 10 31 32 234
10 14 32 31 234
14 10 32 31 234
11 13 21 42 0
13 11 21 42 0
11 13 42 21 0
13 11 42 21 0
11 13 22 41 1
13 11 22 41 1
11 13 41 22 1
13 11 41 22 1
11 13 23 40 6
13 11 23 40 6
11 13 40 23 6
13 11 40 23 6
11 13 24 39 19
13 11 24 39 19
11 13 39 24 19
13 11 39 24 19
11 13 25 38 45
13 11 25 38 45
11 13 38 25 45
13 11 38 25 45
11 13 26 37 90
13 11 26 37 90
11 13 37 26 90
13 11 37 26 90
11 13 27 36 154
13 11 27 36 154
11 13 36 27 154
13 11 36 27 154
11 13 28 35 231
13 11 28 35 231
11 13 35 28 231
13 11 35 28 231
11 13 29 34 311
13 11 29 34 311
11 13 34 29 311
13 11 34 29 311
11 13 30 33 378
13 11 30 33 378
11 13 33 30 378
13 11 33 30 378
11 13 31 32 415
13 11 31 32 415
11 13 32 31 415
13 11 32 31 415
12 12 25 38 60
12 12 38 25 60
12 12 26 37 116
12 12 37 26 116
12 12 27 36 194
12 12 36 27 194
12 12 28 35 287
12 12 35 28 287
12 12 29 34 382
12 12 34 29 382
12 12 30 33 461
12 12 33 30 461
12 12 31 32 505
12 12 32 31 505
8 16 17 46 0
16 8 17 46 0
8 16 46 17 0
16 8 46 17 0
8 16 18 45 0
16 8 18 45 0
8 16 45 18 0
16 8 45 18 0
9 15 17 46 0
15 9 17 46 0
9 15 46 17 0
15 9 46 17 0
9 15 18 45 0
15 9 18 45 0
9 15 45 18 0
15 9 45 18 0
10 14 17 46 0
14 10 17 46 0
10 14 46 17 0
14 10 46 17 0
10 14 18 45 0
14 10 18 45 0
10 14 45 18 0
14 10 45 18 0
9 15 16 47 0
15 9 16 47 0
9 15 47 16 0
15 9 47 16 0
10 14 16 47 0
14 10 16 47 0
10 14 47 16 0
14 10 47 16 0
11 13 16 47 0
13 11 16 47 0
11 13 47 16 0
13 11 47 16 0
11 13 17 46 0
13 11 17 46 0
11 13 46 17 0
13 11 46 17 0
11 13 18 45 0
13 11 18 45 0
11 13 45 18 0
13 11 45 18 0
11 13 19 44 0
13 11 19 44 0
11 13 44 19 0
13 11 44 19 0
11 13 20 43 0
13 11 20 43 0
11 13 43 20 0
13 11 43 20 0
12 12 17 46 0
12 12 46 17 0
12 12 18 45 0
12 12 45 18 0
12 12 19 44 0
12 12 44 19 0
12 12 20 43 0
12 12 43 20 0
12 12 21 42 0
12 12 42 21 0
12 12 22 41 2
12 12 41 22 2
12 12 23 40 9
12 12 40 23 9
12 12 24 39 26
12 12 39 24 26
10 14 15 48 0
14 10 15 48 0
10 14 48 15 0
14 10 48 15 0
11 13 15 48 0
13 11 15 48 0
11 13 48 15 0
13 11 48 15 0
12 12 15 48 0
12 12 48 15 0
12 12 16 47 0
12 12 47 16 0
