3 17 18 35 0
17 3 18 35 0
3 17 35 18 0
17 3 35 18 0
3 17 19 34 0
17 3 19 34 0
3 17 34 19 0
17 3 34 19 0
3 17 20 33 0
17 3 20 33 0
3 17 33 20 0
17 3 33 20 0
3 17 21 32 0
17 3 21 32 0
3 17 32 21 0
17 3 32 21 0
3 17 22 31 0
17 3 22 31 0
3 17 31 22 0
17 3 31 22 0
3 17 23 30 0
17 3 23 30 0
3 17 30 23 0
17 3 30 23 0
3 17 24 29 0
17 3 24 29 0
3 17 29 24 0
17 3 29 24 0
3 17 25 28 0
17 3 25 28 0
3 17 28 25 0
17 3 28 25 0
3 17 26 27 0
17 3 26 27 0
3 17 27 26 0
17 3 27 26 0
4 16 18 35 0
16 4 18 35 0
4 16 35 18 0
16 4 35 18 0
4 16 19 34 0
16 4 19 34 0
4 16 34 19 0
16 4 34 19 0
4 16 20 33 0
16 4 20 33 0
4 16 33 20 0
16 4 33 20 0
4 16 21 32 0
16 4 21 32 0
4 16 32 21 0
16 4 32 21 0
4 16 22 31 0
16 4 22 31 0
4 16 31 22 0
16 4 31 22 0
4 16 23 30 0
16 4 23 30 0
4 16 30 23 0
16 4 30 23 0
4 16 24 29 0
16 4 24 29 0
4 16 29 24 0
16 4 29 24 0
4 16 25 28 0
16 4 25 28 0
4 16 28 25 0
16 4 28 25 0
4 16 26 27 0
16 4 26 27 0
4 16 27 26 0
16 4 27 26 0
5 15 18 35 0
15 5 18 35 0
5 15 35 18 0
15 5 35 18 0
5 15 19 34 0
15 5 19 34 0
5 15 34 19 0
15 5 34 19 0
5 15 20 33 0
15 5 20 33 0
5 15 33 20 0
15 5 33 20 0
5 15 21 32 1
15 5 21 32 1
5 15 32 21 1
15 5 32 21 1
5 15 22 31 2
15 5 22 31 2
5 15 31 22 2
15 5 31 22 2
5 15 23 30 4
15 5 23 30 4
5 15 30 23 4
15 5 30 23 4
5 15 24 29 7
15 5 24 29 7
5 15 29 24 7
15 5 29 24 7
5 15 25 28 9
15 5 25 28 9
5 15 28 25 9
15 5 28 25 9
5 15 26 27 10
15 5 26 27 10
5 15 27 26 10
15 5 27 26 10
4 16 16 37 0
16 4 16 37 0
4 16 37 16 0
16 4 37 16 0
4 16 17 36 0
16 4 17 36 0
4 16 36 17 0
16 4 36 17 0
5 15 16 37 0
15 5 16 37 0
5 15 37 16 0
15 5 37 16 0
5 15 17 36 0
15 5 17 36 0
5 15 36 17 0
15 5 36 17 0
6 14 16 37 0
14 6 16 37 0
6 14 37 16 0
14 6 37 16 0
6 14 17 36 0
14 6 17 36 0
6 14 36 17 0
14 6 36 17 0
6 14 18 35 0
14 6 18 35 0
6 14 35 18 0
14 6 35 18 0
6 14 19 34 1
14 6 19 34 1
6 14 34 19 1
14 6 34 19 1
6 14 20 33 5
14 6 20 33 5
6 14 33 20 5
14 6 33 20 5
6 14 21 32 13
14 6 21 32 13
6 14 32 21 13
14 6 32 21 13
6 14 22 31 25
14 6 22 31 25
6 14 31 22 25
14 6 31 22 25
6 14 23 30 41
14 6 23 30 41
6 14 30 23 41
14 6 30 23 41
6 14 24 29 59
14 6 24 29 59
6 14 29 24 59
14 6 29 24 59
6 14 25 28 74
14 6 25 28 74
6 14 28 25 74
14 6 28 25 74
6 14 26 27 82
14 6 26 27 82
6 14 27 26 82
14 6 27 26 82
7 13 16 37 0
13 7 16 37 0
7 13 37 16 0
13 7 37 16 0
7 13 17 36 1
13 7 17 36 1
7 13 36 17 1
13 7 36 17 1
7 13 18 35 5
13 7 18 35 5
7 13 35 18 5
13 7 35 18 5
7 13 19 34 15
13 7 19 34 15
7 13 34 19 15
13 7 34 19 15
7 13 20 33 36
13 7 20 33 36
7 13 33 20 36
13 7 33 20 36
7 13 21 32 72
13 7 21 32 72
7 13 32 21 72
13 7 32 21 72
7 13 22 31 122
13 7 22 31 122
7 13 31 22 122
13 7 31 22 122
7 13 23 30 183
13 7 23 30 183
7 13 30 23 183
13 7 30 23 183
7 13 24 29 246
13 7 24 29 246
7 13 29 24 246
13 7 29 24 246
7 13 25 28 298
13 7 25 28 298
7 13 28 25 298
13 7 28 25 298
7 13 26 27 327
13 7 26 27 327
7 13 27 26 327
13 7 27 26 327
8 12 18 35 21
12 8 18 35 21
8 12 35 18 21
12 8 35 18 21
8 12 19 34 53
12 8 19 34 53
8 12 34 19 53
12 8 34 19 53
8 12 20 33 112
12 8 20 33 112
8 12 33 20 112
12 8 33 20 112
8 12 21 32 204
12 8 21 32 204
8 12 32 21 204
12 8 32 21 204
8 12 22 31 327
12 8 22 31 327
8 12 31 22 327
12 8 31 22 327
8 12 23 30 470
12 8 23 30 470
8 12 30 23 470
12 8 30 23 470
8 12 24 29 613
12 8 24 29 613
8 12 29 24 613
12 8 29 24 613
8 12 25 28 729
12 8 25 28 729
8 12 28 25 729
12 8 28 25 729
8 12 26 27 794
12 8 26 27 794
8 12 27 26 794
12 8 27 26 794
5 15 13 40 0
15 5 13 40 0
5 15 40 13 0
15 5 40 13 0
5 15 14 39 0
15 5 14 39 0
5 15 39 14 0
15 5 39 14 0
5 15 15 38 0
15 5 15 38 0
5 15 38 15 0
15 5 38 15 0
6 14 13 40 0
14 6 13 40 0
6 14 40 13 0
14 6 40 13 0
6 14 14 39 0
14 6 14 39 0
6 14 39 14 0
14 6 39 14 0
6 14 15 38 0
14 6 15 38 0
6 14 38 15 0
14 6 38 15 0
7 13 13 40 0
13 7 13 40 0
7 13 40 13 0
13 7 40 13 0
7 13 14 39 0
13 7 14 39 0
7 13 39 14 0
13 7 39 14 0
7 13 15 38 0
13 7 15 38 0
7 13 38 15 0
13 7 38 15 0
6 14 12 41 0
14 6 12 41 0
6 14 41 12 0
14 6 41 12 0
7 13 12 41 0
13 7 12 41 0
7 13 41 12 0
13 7 41 12 0
8 12 12 41 0
12 8 12 41 0
8 12 41 12 0
12 8 41 12 0
8 12 13 40 0
12 8 13 40 0
8 12 40 13 0
12 8 40 13 0
8 12 14 39 0
12 8 14 39 0
8 12 39 14 0
12 8 39 14 0
8 12 15 38 0
12 8 15 38 0
8 12 38 15 0
12 8 38 15 0
8 12 16 37 1
12 8 16 37 1
8 12 37 16 1
12 8 37 16 1
8 12 17 36 6
12 8 17 36 6
8 12 36 17 6
12 8 36 17 6
9 11 13 40 0
11 9 13 40 0
9 11 40 13 0
11 9 40 13 0
9 11 14 39 0
11 9 14 39 0
9 11 39 14 0
11 9 39 14 0
9 11 15 38 1
11 9 15 38 1
9 11 38 15 1
11 9 38 15 1
9 11 16 37 5
11 9 16 37 5
9 11 37 16 5
11 9 37 16 5
9 11 17 36 18
11 9 17 36 18
9 11 36 17 18
11 9 36 17 18
9 11 18 35 49
11 9 18 35 49
9 11 35 18 49
11 9 35 18 49
9 11 19 34 111
11 9 19 34 111
9 11 34 19 111
11 9 34 19 111
9 11 20 33 217
11 9 20 33 217
9 11 33 20 217
11 9 33 20 217
9 11 21 32 375
11 9 21 32 375
9 11 32 21 375
11 9 32 21 375
9 11 22 31 580
11 9 22 31 580
9 11 31 22 580
11 9 31 22 580
9 11 23 30 814
11 9 23 30 814
9 11 30 23 814
11 9 30 23 814
9 11 24 29 1044
11 9 24 29 1044
9 11 29 24 1044
11 9 29 24 1044
9 11 25 28 1229
11 9 25 28 1229
9 11 28 25 1229
11 9 28 25 1229
9 11 26 27 1332
11 9 26 27 1332
9 11 27 26 1332
11 9 27 26 1332
10 10 16 37 6
10 10 37 16 6
10 10 17 36 22
10 10 36 17 22
10 10 18 35 60
10 10 35 18 60
10 10 19 34 135
10 10 34 19 135
10 10 20 33 262
10 10 33 20 262
10 10 21 32 449
10 10 32 21 449
10 10 22 31 690
10 10 31 22 690
10 10 23 30 963
10 10 30 23 963
10 10 24 29 1231
10 10 29 24 1231
10 10 25 28 1445
10 10 28 25 1445
10 10 26 27 1564
10 10 27 26 1564
7 13 10 43 0
13 7 10 43 0
7 13 43 10 0
13 7 43 10 0
7 13 11 42 0
13 7 11 42 0
7 13 42 11 0
13 7 42 11 0
8 12 10 43 0
12 8 10 43 0
8 12 43 10 0
12 8 43 10 0
8 12 11 42 0
12 8 11 42 0
8 12 42 11 0
12 8 42 11 0
9 11 10 43 0
11 9 10 43 0
9 11 43 10 0
11 9 43 10 0
9 11 11 42 0
11 9 11 42 0
9 11 42 11 0
11 9 42 11 0
9 11 12 41 0
11 9 12 41 0
9 11 41 12 0
11 9 41 12 0
10 10 10 43 0
10 10 43 10 0
10 10 11 42 0
10 10 42 11 0
10 10 12 41 0
10 10 41 12 0
10 10 13 40 0
10 10 40 13 0
10 10 14 39 0
10 10 39 14 0
10 10 15 38 1
10 10 38 15 1
9 11 9 44 0
11 9 9 44 0
9 11 44 9 0
11 9 44 9 0
10 10 9 44 0
10 10 44 9 0
