0 14 15 23 0
14 0 15 23 0
0 14 23 15 0
14 0 23 15 0
0 14 16 22 0
14 0 16 22 0
0 14 22 16 0
14 0 22 16 0
0 14 17 21 0
14 0 17 21 0
0 14 21 17 0
14 0 21 17 0
0 14 18 20 0
14 0 18 20 0
0 14 20 18 0
14 0 20 18 0
0 14 19 19 0
14 0 19 19 0
1 13 15 23 0
13 1 15 23 0
1 13 23 15 0
13 1 23 15 0
1 13 16 22 0
13 1 16 22 0
1 13 22 16 0
13 1 22 16 0
1 13 17 21 0
13 1 17 21 0
1 13 21 17 0
13 1 21 17 0
1 13 18 20 0
13 1 18 20 0
1 13 20 18 0
13 1 20 18 0
1 13 19 19 0
13 1 19 19 0
2 12 15 23 2
12 2 15 23 2
2 12 23 15 2
12 2 23 15 2
2 12 16 22 3
12 2 16 22 3
2 12 22 16 3
12 2 22 16 3
2 12 17 21 5
12 2 17 21 5
2 12 21 17 5
12 2 21 17 5
2 12 18 20 6
12 2 18 20 6
2 12 20 18 6
12 2 20 18 6
2 12 19 19 7
12 2 19 19 7
1 13 10 28 0
13 1 10 28 0
1 13 28 10 0
13 1 28 10 0
1 13 11 27 0
13 1 11 27 0
1 13 27 11 0
13 1 27 11 0
1 13 12 26 0
13 1 12 26 0
1 13 26 12 0
13 1 26 12 0
1 13 13 25 0
13 1 13 25 0
1 13 25 13 0
13 1 25 13 0
1 13 14 24 0
13 1 14 24 0
1 13 24 14 0
13 1 24 14 0
2 12 10 28 0
12 2 10 28 0
2 12 28 10 0
12 2 28 10 0
2 12 11 27 0
12 2 11 27 0
2 12 27 11 0
12 2 27 11 0
2 12 12 26 0
12 2 12 26 0
2 12 26 12 0
12 2 26 12 0
2 12 13 25 0
12 2 13 25 0
2 12 25 13 0
12 2 25 13 0
2 12 14 24 0
12 2 14 24 0
2 12 24 14 0
12 2 24 14 0
3 11 10 28 0
11 3 10 28 0
3 11 28 10 0
11 3 28 10 0
3 11 11 27 1
11 3 11 27 1
3 11 27 11 1
11 3 27 11 1
3 11 12 26 3
11 3 12 26 3
3 11 26 12 3
11 3 26 12 3
3 11 13 25 7
11 3 13 25 7
3 11 25 13 7
11 3 25 13 7
3 11 14 24 14
11 3 14 24 14
3 11 24 14 14
11 3 24 14 14
3 11 15 23 25
11 3 15 23 25
3 11 23 15 25
11 3 23 15 25
3 11 16 22 37
11 3 16 22 37
3 11 22 16 37
11 3 22 16 37
3 11 17 21 49
11 3 17 21 49
3 11 21 17 49
11 3 21 17 49
3 11 18 20 58
11 3 18 20 58
3 11 20 18 58
11 3 20 18 58
3 11 19 19 62
11 3 19 19 62
4 10 10 28 3
10 4 10 28 3
4 10 28 10 3
10 4 28 10 3
4 10 11 27 10
10 4 11 27 10
4 10 27 11 10
10 4 27 11 10
4 10 12 26 23
10 4 12 26 23
4 10 26 12 23
10 4 26 12 23
4 10 13 25 46
10 4 13 25 46
4 10 25 13 46
10 4 25 13 46
4 10 14 24 78
10 4 14 24 78
4 10 24 14 78
10 4 24 14 78
4 10 15 23 122
10 4 15 23 122
4 10 23 15 122
10 4 23 15 122
4 10 16 22 167
10 4 16 22 167
4 10 22 16 167
10 4 22 16 167
4 10 17 21 211
10 4 17 21 211
4 10 21 17 211
10 4 21 17 211
4 10 18 20 240
10 4 18 20 240
4 10 20 18 240
10 4 20 18 240
4 10 19 19 253
10 4 19 19 253
2 12 7 31 0
12 2 7 31 0
2 12 31 7 0
12 2 31 7 0
2 12 8 30 0
12 2 8 30 0
2 12 30 8 0
12 2 30 8 0
2 12 9 29 0
12 2 9 29 0
2 12 29 9 0
12 2 29 9 0
3 11 7 31 0
11 3 7 31 0
3 11 31 7 0
11 3 31 7 0
3 11 8 30 0
11 3 8 30 0
3 11 30 8 0
11 3 30 8 0
3 11 9 29 0
11 3 9 29 0
3 11 29 9 0
11 3 29 9 0
4 10 7 31 0
10 4 7 31 0
4 10 31 7 0
10 4 31 7 0
4 10 8 30 0
10 4 8 30 0
4 10 30 8 0
10 4 30 8 0
4 10 9 29 1
10 4 9 29 1
4 10 29 9 1
10 4 29 9 1
3 11 6 32 0
11 3 6 32 0
3 11 32 6 0
11 3 32 6 0
4 10 6 32 0
10 4 6 32 0
4 10 32 6 0
10 4 32 6 0
5 9 6 32 0
9 5 6 32 0
5 9 32 6 0
9 5 32 6 0
5 9 7 31 0
9 5 7 31 0
5 9 31 7 0
9 5 31 7 0
5 9 8 30 1
9 5 8 30 1
5 9 30 8 1
9 5 30 8 1
5 9 9 29 5
9 5 9 29 5
5 9 29 9 5
9 5 29 9 5
5 9 10 28 15
9 5 10 28 15
5 9 28 10 15
9 5 28 10 15
5 9 11 27 37
9 5 11 27 37
5 9 27 11 37
9 5 27 11 37
5 9 12 26 77
9 5 12 26 77
5 9 26 12 77
9 5 26 12 77
5 9 13 25 139
9 5 13 25 139
5 9 25 13 139
9 5 25 13 139
5 9 14 24 224
9 5 14 24 224
5 9 24 14 224
9 5 24 14 224
5 9 15 23 328
9 5 15 23 328
5 9 23 15 328
9 5 23 15 328
5 9 16 22 437
9 5 16 22 437
5 9 22 16 437
9 5 22 16 437
5 9 17 21 535
9 5 17 21 535
5 9 21 17 535
9 5 21 17 535
5 9 18 20 603
9 5 18 20 603
5 9 20 18 603
9 5 20 18 603
5 9 19 19 628
9 5 19 19 628
6 8 7 31 1
8 6 7 31 1
6 8 31 7 1
8 6 31 7 1
6 8 8 30 4
8 6 8 30 4
6 8 30 8 4
8 6 30 8 4
6 8 9 29 14
8 6 9 29 14
6 8 29 9 14
8 6 29 9 14
6 8 10 28 35
8 6 10 28 35
6 8 28 10 35
8 6 28 10 35
6 8 11 27 79
8 6 11 27 79
6 8 27 11 79
8 6 27 11 79
6 8 12 26 151
8 6 12 26 151
6 8 26 12 151
8 6 26 12 151
6 8 13 25 262
8 6 13 25 262
6 8 25 13 262
8 6 25 13 262
6 8 14 24 406
8 6 14 24 406
6 8 24 14 406
8 6 24 14 406
6 8 15 23 581
8 6 15 23 581
6 8 23 15 581
8 6 23 15 581
6 8 16 22 757
8 6 16 22 757
6 8 22 16 757
8 6 22 16 757
6 8 17 21 917
8 6 17 21 917
6 8 21 17 917
8 6 21 17 917
6 8 18 20 1023
8 6 18 20 1023
6 8 20 18 1023
8 6 20 18 1023
6 8 19 19 1065
8 6 19 19 1065
4 10 4 34 0
10 4 4 34 0
4 10 34 4 0
10 4 34 4 0
4 10 5 33 0
10 4 5 33 0
4 10 33 5 0
10 4 33 5 0
5 9 4 34 0
9 5 4 34 0
5 9 34 4 0
9 5 34 4 0
5 9 5 33 0
9 5 5 33 0
5 9 33 5 0
9 5 33 5 0
6 8 4 34 0
8 6 4 34 0
6 8 34 4 0
8 6 34 4 0
6 8 5 33 0
8 6 5 33 0
6 8 33 5 0
8 6 33 5 0
6 8 6 32 0
8 6 6 32 0
6 8 32 6 0
8 6 32 6 0
7 7 4 34 0
7 7 34 4 0
7 7 5 33 0
7 7 33 5 0
7 7 6 32 0
7 7 32 6 0
7 7 7 31 1
7 7 31 7 1
7 7 8 30 5
7 7 30 8 5
7 7 9 29 17
7 7 29 9 17
7 7 10 28 44
7 7 28 10 44
7 7 11 27 97
7 7 27 11 97
7 7 12 26 185
7 7 26 12 185
7 7 13 25 316
7 7 25 13 316
7 7 14 24 488
7 7 24 14 488
7 7 15 23 692
7 7 23 15 692
7 7 16 22 900
7 7 22 16 900
7 7 17 21 1084
7 7 21 17 1084
7 7 18 20 1210
7 7 20 18 1210
7 7 19 19 1256
6 8 3 35 0
8 6 3 35 0
6 8 35 3 0
8 6 35 3 0
7 7 3 35 0
7 7 35 3 0
