2 16 16 32 0
16 2 16 32 0
2 16 32 16 0
16 2 32 16 0
2 16 17 31 0
16 2 17 31 0
2 16 31 17 0
16 2 31 17 0
2 16 18 30 0
16 2 18 30 0
2 16 30 18 0
16 2 30 18 0
2 16 19 29 0
16 2 19 29 0
2 16 29 19 0
16 2 29 19 0
2 16 20 28 0
16 2 20 28 0
2 16 28 20 0
16 2 28 20 0
2 16 21 27 0
16 2 21 27 0
2 16 27 21 0
16 2 27 21 0
2 16 22 26 0
16 2 22 26 0
2 16 26 22 0
16 2 26 22 0
2 16 23 25 0
16 2 23 25 0
2 16 25 23 0
16 2 25 23 0
2 16 24 24 0
16 2 24 24 0
3 15 16 32 0
15 3 16 32 0
3 15 32 16 0
15 3 32 16 0
3 15 17 31 0
15 3 17 31 0
3 15 31 17 0
15 3 31 17 0
3 15 18 30 0
15 3 18 30 0
3 15 30 18 0
15 3 30 18 0
3 15 19 29 0
15 3 19 29 0
3 15 29 19 0
15 3 29 19 0
3 15 20 28 0
15 3 20 28 0
3 15 28 20 0
15 3 28 20 0
3 15 21 27 0
15 3 21 27 0
3 15 27 21 0
15 3 27 21 0
3 15 22 26 0
15 3 22 26 0
3 15 26 22 0
15 3 26 22 0
3 15 23 25 0
15 3 23 25 0
3 15 25 23 0
15 3 25 23 0
3 15 24 24 0
15 3 24 24 0
4 14 16 32 0
14 4 16 32 0
4 14 32 16 0
14 4 32 16 0
4 14 17 31 0
14 4 17 31 0
4 14 31 17 0
14 4 31 17 0
4 14 18 30 1
14 4 18 30 1
4 14 30 18 1
14 4 30 18 1
4 14 19 29 2
14 4 19 29 2
4 14 29 19 2
14 4 29 19 2
4 14 20 28 5
14 4 20 28 5
4 14 28 20 5
14 4 28 20 5
4 14 21 27 8
14 4 21 27 8
4 14 27 21 8
14 4 27 21 8
4 14 22 26 11
14 4 22 26 11
4 14 26 22 11
14 4 26 22 11
4 14 23 25 13
14 4 23 25 13
4 14 25 23 13
14 4 25 23 13
4 14 24 24 15
14 4 24 24 15
3 15 15 33 0
15 3 15 33 0
3 15 33 15 0
15 3 33 15 0
4 14 15 33 0
14 4 15 33 0
4 14 33 15 0
14 4 33 15 0
5 13 15 33 0
13 5 15 33 0
5 13 33 15 0
13 5 33 15 0
5 13 16 32 1
13 5 16 32 1
5 13 32 16 1
13 5 32 16 1
5 13 17 31 5
13 5 17 31 5
5 13 31 17 5
13 5 31 17 5
5 13 18 30 13
13 5 18 30 13
5 13 30 18 13
13 5 30 18 13
5 13 19 29 26
13 5 19 29 26
5 13 29 19 26
13 5 29 19 26
5 13 20 28 45
13 5 20 28 45
5 13 28 20 45
13 5 28 20 45
5 13 21 27 67
13 5 21 27 67
5 13 27 21 67
13 5 27 21 67
5 13 22 26 87
13 5 22 26 87
5 13 26 22 87
13 5 26 22 87
5 13 23 25 102
13 5 23 25 102
5 13 25 23 102
13 5 25 23 102
5 13 24 24 108
13 5 24 24 108
6 12 16 32 14
12 6 16 32 14
6 12 32 16 14
12 6 32 16 14
6 12 17 31 34
12 6 17 31 34
6 12 31 17 34
12 6 31 17 34
6 12 18 30 71
12 6 18 30 71
6 12 30 18 71
12 6 30 18 71
6 12 19 29 124
12 6 19 29 124
6 12 29 19 124
12 6 29 19 124
6 12 20 28 195
12 6 20 28 195
6 12 28 20 195
12 6 28 20 195
6 12 21 27 270
12 6 21 27 270
6 12 27 21 270
12 6 27 21 270
6 12 22 26 341
12 6 22 26 341
6 12 26 22 341
12 6 26 22 341
6 12 23 25 389
12 6 23 25 389
6 12 25 23 389
12 6 25 23 389
6 12 24 24 409
12 6 24 24 409
3 15 13 35 0
15 3 13 35 0
3 15 35 13 0
15 3 35 13 0
3 15 14 34 0
15 3 14 34 0
3 15 34 14 0
15 3 34 14 0
4 14 13 35 0
14 4 13 35 0
4 14 35 13 0
14 4 35 13 0
4 14 14 34 0
14 4 14 34 0
4 14 34 14 0
14 4 34 14 0
5 13 13 35 0
13 5 13 35 0
5 13 35 13 0
13 5 35 13 0
5 13 14 34 0
13 5 14 34 0
5 13 34 14 0
13 5 34 14 0
4 14 11 37 0
14 4 11 37 0
4 14 37 11 0
14 4 37 11 0
4 14 12 36 0
14 4 12 36 0
4 14 36 12 0
14 4 36 12 0
5 13 11 37 0
13 5 11 37 0
5 13 37 11 0
13 5 37 11 0
5 13 12 36 0
13 5 12 36 0
5 13 36 12 0
13 5 36 12 0
6 12 11 37 0
12 6 11 37 0
6 12 37 11 0
12 6 37 11 0
6 12 12 36 0
12 6 12 36 0
6 12 36 12 0
12 6 36 12 0
6 12 13 35 0
12 6 13 35 0
6 12 35 13 0
12 6 35 13 0
6 12 14 34 1
12 6 14 34 1
6 12 34 14 1
12 6 34 14 1
6 12 15 33 4
12 6 15 33 4
6 12 33 15 4
12 6 33 15 4
7 11 11 37 0
11 7 11 37 0
7 11 37 11 0
11 7 37 11 0
7 11 12 36 0
11 7 12 36 0
7 11 36 12 0
11 7 36 12 0
7 11 13 35 1
11 7 13 35 1
7 11 35 13 1
11 7 35 13 1
7 11 14 34 6
11 7 14 34 6
7 11 34 14 6
11 7 34 14 6
7 11 15 33 20
11 7 15 33 20
7 11 33 15 20
11 7 33 15 20
7 11 16 32 51
11 7 16 32 51
7 11 32 16 51
11 7 32 16 51
7 11 17 31 110
11 7 17 31 110
7 11 31 17 110
11 7 31 17 110
7 11 18 30 205
11 7 18 30 205
7 11 30 18 205
11 7 30 18 205
7 11 19 29 337
11 7 19 29 337
7 11 29 19 337
11 7 29 19 337
7 11 20 28 500
11 7 20 28 500
7 11 28 20 500
11 7 28 20 500
7 11 21 27 674
11 7 21 27 674
7 11 27 21 674
11 7 27 21 674
7 11 22 26 829
11 7 22 26 829
7 11 26 22 829
11 7 26 22 829
7 11 23 25 938
11 7 23 25 938
7 11 25 23 938
11 7 25 23 938
7 11 24 24 978
11 7 24 24 978
8 10 13 35 4
10 8 13 35 4
8 10 35 13 4
10 8 35 13 4
8 10 14 34 16
10 8 14 34 16
8 10 34 14 16
10 8 34 14 16
8 10 15 33 44
10 8 15 33 44
8 10 33 15 44
10 8 33 15 44
8 10 16 32 104
10 8 16 32 104
8 10 32 16 104
10 8 32 16 104
8 10 17 31 208
10 8 17 31 208
8 10 31 17 208
10 8 31 17 208
8 10 18 30 372
10 8 18 30 372
8 10 30 18 372
10 8 30 18 372
8 10 19 29 590
10 8 19 29 590
8 10 29 19 590
10 8 29 19 590
8 10 20 28 857
10 8 20 28 857
8 10 28 20 857
10 8 28 20 857
8 10 21 27 1132
10 8 21 27 1132
8 10 27 21 1132
10 8 27 21 1132
8 10 22 26 1380
10 8 22 26 1380
8 10 26 22 1380
10 8 26 22 1380
8 10 23 25 1548
10 8 23 25 1548
8 10 25 23 1548
10 8 25 23 1548
8 10 24 24 1613
10 8 24 24 1613
5 13 9 39 0
13 5 9 39 0
5 13 39 9 0
13 5 39 9 0
5 13 10 38 0
13 5 10 38 0
5 13 38 10 0
13 5 38 10 0
6 12 9 39 0
12 6 9 39 0
6 12 39 9 0
12 6 39 9 0
6 12 10 38 0
12 6 10 38 0
6 12 38 10 0
12 6 38 10 0
7 11 9 39 0
11 7 9 39 0
7 11 39 9 0
11 7 39 9 0
7 11 10 38 0
11 7 10 38 0
7 11 38 10 0
11 7 38 10 0
6 12 8 40 0
12 6 8 40 0
6 12 40 8 0
12 6 40 8 0
7 11 8 40 0
11 7 8 40 0
7 11 40 8 0
11 7 40 8 0
8 10 8 40 0
10 8 8 40 0
8 10 40 8 0
10 8 40 8 0
8 10 9 39 0
10 8 9 39 0
8 10 39 9 0
10 8 39 9 0
8 10 10 38 0
10 8 10 38 0
8 10 38 10 0
10 8 38 10 0
8 10 11 37 0
10 8 11 37 0
8 10 37 11 0
10 8 37 11 0
8 10 12 36 1
10 8 12 36 1
8 10 36 12 1
10 8 36 12 1
9 9 9 39 0
9 9 39 9 0
9 9 10 38 0
9 9 38 10 0
9 9 11 37 0
9 9 37 11 0
9 9 12 36 1
9 9 36 12 1
9 9 13 35 6
9 9 35 13 6
9 9 14 34 21
9 9 34 14 21
9 9 15 33 57
9 9 33 15 57
9 9 16 32 130
9 9 32 16 130
9 9 17 31 257
9 9 31 17 257
9 9 18 30 450
9 9 30 18 450
9 9 19 29 710
9 9 29 19 710
9 9 20 28 1020
9 9 28 20 1020
9 9 21 27 1343
9 9 27 21 1343
9 9 22 26 1629
9 9 26 22 1629
9 9 23 25 1827
9 9 25 23 1827
9 9 24 24 1898
7 11 7 41 0
11 7 7 41 0
7 11 41 7 0
11 7 41 7 0
8 10 7 41 0
10 8 7 41 0
8 10 41 7 0
10 8 41 7 0
9 9 7 41 0
9 9 41 7 0
9 9 8 40 0
9 9 40 8 0
