1 15 15 28 0
15 1 15 28 0
1 15 28 15 0
15 1 28 15 0
1 15 16 27 0
15 1 16 27 0
1 15 27 16 0
15 1 27 16 0
1 15 17 26 0
15 1 17 26 0
1 15 26 17 0
15 1 26 17 0
1 15 18 25 0
15 1 18 25 0
1 15 25 18 0
15 1 25 18 0
1 15 19 24 0
15 1 19 24 0
1 15 24 19 0
15 1 24 19 0
1 15 20 23 0
15 1 20 23 0
1 15 23 20 0
15 1 23 20 0
1 15 21 22 0
15 1 21 22 0
1 15 22 21 0
15 1 22 21 0
2 14 15 28 0
14 2 15 28 0
2 14 28 15 0
14 2 28 15 0
2 14 16 27 0
14 2 16 27 0
2 14 27 16 0
14 2 27 16 0
2 14 17 26 0
14 2 17 26 0
2 14 26 17 0
14 2 26 17 0
2 14 18 25 0
14 2 18 25 0
2 14 25 18 0
14 2 25 18 0
2 14 19 24 0
14 2 19 24 0
2 14 24 19 0
14 2 24 19 0
2 14 20 23 0
14 2 20 23 0
2 14 23 20 0
14 2 23 20 0
2 14 21 22 0
14 2 21 22 0
2 14 22 21 0
14 2 22 21 0
3 13 15 28 0
13 3 15 28 0
3 13 28 15 0
13 3 28 15 0
3 13 16 27 1
13 3 16 27 1
3 13 27 16 1
13 3 27 16 1
3 13 17 26 3
13 3 17 26 3
3 13 26 17 3
13 3 26 17 3
3 13 18 25 5
13 3 18 25 5
3 13 25 18 5
13 3 25 18 5
3 13 19 24 8
13 3 19 24 8
3 13 24 19 8
13 3 24 19 8
3 13 20 23 11
13 3 20 23 11
3 13 23 20 11
13 3 23 20 11
3 13 21 22 12
13 3 21 22 12
3 13 22 21 12
13 3 22 21 12
4 12 15 28 8
12 4 15 28 8
4 12 28 15 8
12 4 28 15 8
4 12 16 27 18
12 4 16 27 18
4 12 27 16 18
12 4 27 16 18
4 12 17 26 33
12 4 17 26 33
4 12 26 17 33
12 4 26 17 33
4 12 18 25 51
12 4 18 25 51
4 12 25 18 51
12 4 25 18 51
4 12 19 24 71
12 4 19 24 71
4 12 24 19 71
12 4 24 19 71
4 12 20 23 88
12 4 20 23 88
4 12 23 20 88
12 4 23 20 88
4 12 21 22 97
12 4 21 22 97
4 12 22 21 97
12 4 22 21 97
2 14 11 32 0
14 2 11 32 0
2 14 32 11 0
14 2 32 11 0
2 14 12 31 0
14 2 12 31 0
2 14 31 12 0
14 2 31 12 0
2 14 13 30 0
14 2 13 30 0
2 14 30 13 0
14 2 30 13 0
2 14 14 29 0
14 2 14 29 0
2 14 29 14 0
14 2 29 14 0
3 13 11 32 0
13 3 11 32 0
3 13 32 11 0
13 3 32 11 0
3 13 12 31 0
13 3 12 31 0
3 13 31 12 0
13 3 31 12 0
3 13 13 30 0
13 3 13 30 0
3 13 30 13 0
13 3 30 13 0
3 13 14 29 0
13 3 14 29 0
3 13 29 14 0
13 3 29 14 0
4 12 11 32 0
12 4 11 32 0
4 12 32 11 0
12 4 32 11 0
4 12 12 31 0
12 4 12 31 0
4 12 31 12 0
12 4 31 12 0
4 12 13 30 1
12 4 13 30 1
4 12 30 13 1
12 4 30 13 1
4 12 14 29 3
12 4 14 29 3
4 12 29 14 3
12 4 29 14 3
3 13 10 33 0
13 3 10 33 0
3 13 33 10 0
13 3 33 10 0
4 12 10 33 0
12 4 10 33 0
4 12 33 10 0
12 4 33 10 0
5 11 10 33 0
11 5 10 33 0
5 11 33 10 0
11 5 33 10 0
5 11 11 32 0
11 5 11 32 0
5 11 32 11 0
11 5 32 11 0
5 11 12 31 2
11 5 12 31 2
5 11 31 12 2
11 5 31 12 2
5 11 13 30 8
11 5 13 30 8
5 11 30 13 8
11 5 30 13 8
5 11 14 29 22
11 5 14 29 22
5 11 29 14 22
11 5 29 14 22
5 11 15 28 48
11 5 15 28 48
5 11 28 15 48
11 5 28 15 48
5 11 16 27 90
11 5 16 27 90
5 11 27 16 90
11 5 27 16 90
5 11 17 26 147
11 5 17 26 147
5 11 26 17 147
11 5 26 17 147
5 11 18 25 214
11 5 18 25 214
5 11 25 18 214
11 5 25 18 214
5 11 19 24 282
11 5 19 24 282
5 11 24 19 282
11 5 24 19 282
5 11 20 23 338
11 5 20 23 338
5 11 23 20 338
11 5 23 20 338
5 11 21 22 369
11 5 21 22 369
5 11 22 21 369
11 5 22 21 369
6 10 11 32 4
10 6 11 32 4
6 10 32 11 4
10 6 32 11 4
6 10 12 31 13
10 6 12 31 13
6 10 31 12 13
10 6 31 12 13
6 10 13 30 35
10 6 13 30 35
6 10 30 13 35
10 6 30 13 35
6 10 14 29 78
10 6 14 29 78
6 10 29 14 78
10 6 29 14 78
6 10 15 28 150
10 6 15 28 150
6 10 28 15 150
10 6 28 15 150
6 10 16 27 257
10 6 16 27 257
6 10 27 16 257
10 6 27 16 257
6 10 17 26 396
10 6 17 26 396
6 10 26 17 396
10 6 26 17 396
6 10 18 25 552
10 6 18 25 552
6 10 25 18 552
10 6 25 18 552
6 10 19 24 706
10 6 19 24 706
6 10 24 19 706
10 6 24 19 706
6 10 20 23 830
10 6 20 23 830
6 10 23 20 830
10 6 23 20 830
6 10 21 22 898
10 6 21 22 898
6 10 22 21 898
10 6 22 21 898
3 13 9 34 0
13 3 9 34 0
3 13 34 9 0
13 3 34 9 0
4 12 9 34 0
12 4 9 34 0
4 12 34 9 0
12 4 34 9 0
5 11 9 34 0
11 5 9 34 0
5 11 34 9 0
11 5 34 9 0
4 12 7 36 0
12 4 7 36 0
4 12 36 7 0
12 4 36 7 0
4 12 8 35 0
12 4 8 35 0
4 12 35 8 0
12 4 35 8 0
5 11 7 36 0
11 5 7 36 0
5 11 36 7 0
11 5 36 7 0
5 11 8 35 0
11 5 8 35 0
5 11 35 8 0
11 5 35 8 0
6 10 7 36 0
10 6 7 36 0
6 10 36 7 0
10 6 36 7 0
6 10 8 35 0
10 6 8 35 0
6 10 35 8 0
10 6 35 8 0
6 10 9 34 0
10 6 9 34 0
6 10 34 9 0
10 6 34 9 0
6 10 10 33 1
10 6 10 33 1
6 10 33 10 1
10 6 33 10 1
7 9 7 36 0
9 7 7 36 0
7 9 36 7 0
9 7 36 7 0
7 9 8 35 0
9 7 8 35 0
7 9 35 8 0
9 7 35 8 0
7 9 9 34 0
9 7 9 34 0
7 9 34 9 0
9 7 34 9 0
7 9 10 33 2
9 7 10 33 2
7 9 33 10 2
9 7 33 10 2
7 9 11 32 9
9 7 11 32 9
7 9 32 11 9
9 7 32 11 9
7 9 12 31 28
9 7 12 31 28
7 9 31 12 28
9 7 31 12 28
7 9 13 30 70
9 7 13 30 70
7 9 30 13 70
9 7 30 13 70
7 9 14 29 148
9 7 14 29 148
7 9 29 14 148
9 7 29 14 148
7 9 15 28 273
9 7 15 28 273
7 9 28 15 273
9 7 28 15 273
7 9 16 27 453
9 7 16 27 453
7 9 27 16 453
9 7 27 16 453
7 9 17 26 680
9 7 17 26 680
7 9 26 17 680
9 7 26 17 680
7 9 18 25 932
9 7 18 25 932
7 9 25 18 932
9 7 25 18 932
7 9 19 24 1176
9 7 19 24 1176
7 9 24 19 1176
9 7 24 19 1176
7 9 20 23 1371
9 7 20 23 1371
7 9 23 20 1371
9 7 23 20 1371
7 9 21 22 1478
9 7 21 22 1478
7 9 22 21 1478
9 7 22 21 1478
8 8 9 34 1
8 8 34 9 1
8 8 10 33 4
8 8 33 10 4
8 8 11 32 14
8 8 32 11 14
8 8 12 31 39
8 8 31 12 39
8 8 13 30 92
8 8 30 13 92
8 8 14 29 187
8 8 29 14 187
8 8 15 28 339
8 8 28 15 339
8 8 16 27 553
8 8 27 16 553
8 8 17 26 821
8 8 26 17 821
8 8 18 25 1117
8 8 25 18 1117
8 8 19 24 1402
8 8 24 19 1402
8 8 20 23 1628
8 8 23 20 1628
8 8 21 22 1753
8 8 22 21 1753
5 11 6 37 0
11 5 6 37 0
5 11 37 6 0
11 5 37 6 0
6 10 6 37 0
10 6 6 37 0
6 10 37 6 0
10 6 37 6 0
7 9 6 37 0
9 7 6 37 0
7 9 37 6 0
9 7 37 6 0
6 10 5 38 0
10 6 5 38 0
6 10 38 5 0
10 6 38 5 0
7 9 5 38 0
9 7 5 38 0
7 9 38 5 0
9 7 38 5 0
8 8 5 38 0
8 8 38 5 0
8 8 6 37 0
8 8 37 6 0
8 8 7 36 0
8 8 36 7 0
8 8 8 35 0
8 8 35 8 0
