6 20 30 38 0
20 6 30 38 0
6 20 38 30 0
20 6 38 30 0
6 20 31 37 0
20 6 31 37 0
6 20 37 31 0
20 6 37 31 0
6 20 32 36 0
20 6 32 36 0
6 20 36 32 0
20 6 36 32 0
6 20 33 35 0
20 6 33 35 0
6 20 35 33 0
20 6 35 33 0
6 20 34 34 0
20 6 34 34 0
7 19 30 38 0
19 7 30 38 0
7 19 38 30 0
19 7 38 30 0
7 19 31 37 0
19 7 31 37 0
7 19 37 31 0
19 7 37 31 0
7 19 32 36 0
19 7 32 36 0
7 19 36 32 0
19 7 36 32 0
7 19 33 35 0
19 7 33 35 0
7 19 35 33 0
19 7 35 33 0
7 19 34 34 0
19 7 34 34 0
8 18 30 38 0
18 8 30 38 0
8 18 38 30 0
18 8 38 30 0
8 18 31 37 0
18 8 31 37 0
8 18 37 31 0
18 8 37 31 0
8 18 32 36 0
18 8 32 36 0
8 18 36 32 0
18 8 36 32 0
8 18 33 35 0
18 8 33 35 0
8 18 35 33 0
18 8 35 33 0
8 18 34 34 0
18 8 34 34 0
7 19 25 43 0
19 7 25 43 0
7 19 43 25 0
19 7 43 25 0
7 19 26 42 0
19 7 26 42 0
7 19 42 26 0
19 7 42 26 0
7 19 27 41 0
19 7 27 41 0
7 19 41 27 0
19 7 41 27 0
7 19 28 40 0
19 7 28 40 0
7 19 40 28 0
19 7 40 28 0
7 19 29 39 0
19 7 29 39 0
7 19 39 29 0
19 7 39 29 0
8 18 25 43 0
18 8 25 43 0
8 18 43 25 0
18 8 43 25 0
8 18 26 42 0
18 8 26 42 0
8 18 42 26 0
18 8 42 26 0
8 18 27 41 0
18 8 27 41 0
8 18 41 27 0
18 8 41 27 0
8 18 28 40 0
18 8 28 40 0
8 18 40 28 0
18 8 40 28 0
8 18 29 39 0
18 8 29 39 0
8 18 39 29 0
18 8 39 29 0
9 17 25 43 0
17 9 25 43 0
9 17 43 25 0
17 9 43 25 0
9 17 26 42 0
17 9 26 42 0
9 17 42 26 0
17 9 42 26 0
9 17 27 41 0
17 9 27 41 0
9 17 41 27 0
17 9 41 27 0
9 17 28 40 0
17 9 28 40 0
9 17 40 28 0
17 9 40 28 0
9 17 29 39 0
17 9 29 39 0
9 17 39 29 0
17 9 39 29 0
9 17 30 38 0
17 9 30 38 0
9 17 38 30 0
17 9 38 30 0
9 17 31 37 1
17 9 31 37 1
9 17 37 31 1
17 9 37 31 1
9 17 32 36 2
17 9 32 36 2
9 17 36 32 2
17 9 36 32 2
9 17 33 35 3
17 9 33 35 3
9 17 35 33 3
17 9 35 33 3
9 17 34 34 3
17 9 34 34 3
8 18 22 46 0
18 8 22 46 0
8 18 46 22 0
18 8 46 22 0
8 18 23 45 0
18 8 23 45 0
8 18 45 23 0
18 8 45 23 0
8 18 24 44 0
18 8 24 44 0
8 18 44 24 0
18 8 44 24 0
9 17 22 46 0
17 9 22 46 0
9 17 46 22 0
17 9 46 22 0
9 17 23 45 0
17 9 23 45 0
9 17 45 23 0
17 9 45 23 0
9 17 24 44 0
17 9 24 44 0
9 17 44 24 0
17 9 44 24 0
10 16 22 46 0
16 10 22 46 0
10 16 46 22 0
16 10 46 22 0
10 16 23 45 0
16 10 23 45 0
10 16 45 23 0
16 10 45 23 0
10 16 24 44 0
16 10 24 44 0
10 16 44 24 0
16 10 44 24 0
10 16 25 43 0
16 10 25 43 0
10 16 43 25 0
16 10 43 25 0
10 16 26 42 0
16 10 26 42 0
10 16 42 26 0
16 10 42 26 0
10 16 27 41 0
16 10 27 41 0
10 16 41 27 0
16 10 41 27 0
10 16 28 40 1
16 10 28 40 1
10 16 40 28 1
16 10 40 28 1
10 16 29 39 3
16 10 29 39 3
10 16 39 29 3
16 10 39 29 3
10 16 30 38 7
16 10 30 38 7
10 16 38 30 7
16 10 38 30 7
10 16 31 37 12
16 10 31 37 12
10 16 37 31 12
16 10 37 31 12
10 16 32 36 18
16 10 32 36 18
10 16 36 32 18
16 10 36 32 18
10 16 33 35 22
16 10 33 35 22
10 16 35 33 22
16 10 35 33 22
10 16 34 34 24
16 10 34 34 24
9 17 21 47 0
17 9 21 47 0
9 17 47 21 0
17 9 47 21 0
10 16 21 47 0
16 10 21 47 0
10 16 47 21 0
16 10 47 21 0
11 15 21 47 0
15 11 21 47 0
11 15 47 21 0
15 11 47 21 0
11 15 22 46 0
15 11 22 46 0
11 15 46 22 0
15 11 46 22 0
11 15 23 45 0
15 11 23 45 0
11 15 45 23 0
15 11 45 23 0
11 15 24 44 0
15 11 24 44 0
11 15 44 24 0
15 11 44 24 0
11 15 25 43 0
15 11 25 43 0
11 15 43 25 0
15 11 43 25 0
11 15 26 42 0
15 11 26 42 0
11 15 42 26 0
15 11 42 26 0
11 15 27 41 2
15 11 27 41 2
11 15 41 27 2
15 11 41 27 2
11 15 28 40 6
15 11 28 40 6
11 15 40 28 6
15 11 40 28 6
11 15 29 39 15
15 11 29 39 15
11 15 39 29 15
15 11 39 29 15
11 15 30 38 28
15 11 30 38 28
11 15 38 30 28
15 11 38 30 28
11 15 31 37 45
15 11 31 37 45
11 15 37 31 45
15 11 37 31 45
11 15 32 36 61
15 11 32 36 61
11 15 36 32 61
15 11 36 32 61
11 15 33 35 74
15 11 33 35 74
11 15 35 33 74
15 11 35 33 74
11 15 34 34 78
15 11 34 34 78
12 14 22 46 0
14 12 22 46 0
12 14 46 22 0
14 12 46 22 0
12 14 23 45 0
14 12 23 45 0
12 14 45 23 0
14 12 45 23 0
12 14 24 44 0
14 12 24 44 0
12 14 44 24 0
14 12 44 24 0
12 14 25 43 0
14 12 25 43 0
12 14 43 25 0
14 12 43 25 0
12 14 26 42 2
14 12 26 42 2
12 14 42 26 2
14 12 42 26 2
12 14 27 41 7
14 12 27 41 7
12 14 41 27 7
14 12 41 27 7
12 14 28 40 18
14 12 28 40 18
12 14 40 28 18
14 12 40 28 18
12 14 29 39 36
14 12 29 39 36
12 14 39 29 36
14 12 39 29 36
12 14 30 38 63
14 12 30 38 63
12 14 38 30 63
14 12 38 30 63
12 14 31 37 93
14 12 31 37 93
12 14 37 31 93
14 12 37 31 93
12 14 32 36 123
14 12 32 36 123
12 14 36 32 123
14 12 36 32 123
12 14 33 35 144
14 12 33 35 144
12 14 35 33 144
14 12 35 33 144
12 14 34 34 153
14 12 34 34 153
13 13 25 43 0
13 13 43 25 0
13 13 26 42 2
13 13 42 26 2
13 13 27 41 9
13 13 41 27 9
13 13 28 40 22
13 13 40 28 22
13 13 29 39 45
13 13 39 29 45
13 13 30 38 77
13 13 38 30 77
13 13 31 37 115
13 13 37 31 115
13 13 32 36 150
13 13 36 32 150
13 13 33 35 177
13 13 35 33 177
13 13 34 34 186
10 16 19 49 0
16 10 19 49 0
10 16 49 19 0
16 10 49 19 0
10 16 20 48 0
16 10 20 48 0
10 16 48 20 0
16 10 48 20 0
11 15 19 49 0
15 11 19 49 0
11 15 49 19 0
15 11 49 19 0
11 15 20 48 0
15 11 20 48 0
11 15 48 20 0
15 11 48 20 0
12 14 19 49 0
14 12 19 49 0
12 14 49 19 0
14 12 49 19 0
12 14 20 48 0
14 12 20 48 0
12 14 48 20 0
14 12 48 20 0
12 14 21 47 0
14 12 21 47 0
12 14 47 21 0
14 12 47 21 0
13 13 19 49 0
13 13 49 19 0
13 13 20 48 0
13 13 48 20 0
13 13 21 47 0
13 13 47 21 0
13 13 22 46 0
13 13 46 22 0
13 13 23 45 0
13 13 45 23 0
13 13 24 44 0
13 13 44 24 0
12 14 18 50 0
14 12 18 50 0
12 14 50 18 0
14 12 50 18 0
13 13 18 50 0
13 13 50 18 0
