12 20 33 50 0
20 12 33 50 0
12 20 50 33 0
20 12 50 33 0
12 20 34 49 0
20 12 34 49 0
12 20 49 34 0
20 12 49 34 0
12 20 35 48 0
20 12 35 48 0
12 20 48 35 0
20 12 48 35 0
12 20 36 47 0
20 12 36 47 0
12 20 47 36 0
20 12 47 36 0
12 20 37 46 0
20 12 37 46 0
12 20 46 37 0
20 12 46 37 0
12 20 38 45 0
20 12 38 45 0
12 20 45 38 0
20 12 45 38 0
12 20 39 44 0
20 12 39 44 0
12 20 44 39 0
20 12 44 39 0
12 20 40 43 0
20 12 40 43 0
12 20 43 40 0
20 12 43 40 0
12 20 41 42 0
20 12 41 42 0
12 20 42 41 0
20 12 42 41 0
13 19 33 50 0
19 13 33 50 0
13 19 50 33 0
19 13 50 33 0
13 19 34 49 0
19 13 34 49 0
13 19 49 34 0
19 13 49 34 0
13 19 35 48 0
19 13 35 48 0
13 19 48 35 0
19 13 48 35 0
13 19 36 47 0
19 13 36 47 0
13 19 47 36 0
19 13 47 36 0
13 19 37 46 0
19 13 37 46 0
13 19 46 37 0
19 13 46 37 0
13 19 38 45 0
19 13 38 45 0
13 19 45 38 0
19 13 45 38 0
13 19 39 44 0
19 13 39 44 0
13 19 44 39 0
19 13 44 39 0
13 19 40 43 0
19 13 40 43 0
13 19 43 40 0
19 13 43 40 0
13 19 41 42 0
19 13 41 42 0
13 19 42 41 0
19 13 42 41 0
14 18 33 50 0
18 14 33 50 0
14 18 50 33 0
18 14 50 33 0
14 18 34 49 0
18 14 34 49 0
14 18 49 34 0
18 14 49 34 0
14 18 35 48 0
18 14 35 48 0
14 18 48 35 0
18 14 48 35 0
14 18 36 47 0
18 14 36 47 0
14 18 47 36 0
18 14 47 36 0
14 18 37 46 0
18 14 37 46 0
14 18 46 37 0
18 14 46 37 0
14 18 38 45 0
18 14 38 45 0
14 18 45 38 0
18 14 45 38 0
14 18 39 44 0
18 14 39 44 0
14 18 44 39 0
18 14 44 39 0
14 18 40 43 0
18 14 40 43 0
14 18 43 40 0
18 14 43 40 0
14 18 41 42 0
18 14 41 42 0
14 18 42 41 0
18 14 42 41 0
13 19 31 52 0
19 13 31 52 0
13 19 52 31 0
19 13 52 31 0
13 19 32 51 0
19 13 32 51 0
13 19 51 32 0
19 13 51 32 0
14 18 31 52 0
18 14 31 52 0
14 18 52 31 0
18 14 52 31 0
14 18 32 51 0
18 14 32 51 0
14 18 51 32 0
18 14 51 32 0
15 17 31 52 0
17 15 31 52 0
15 17 52 31 0
17 15 52 31 0
15 17 32 51 0
17 15 32 51 0
15 17 51 32 0
17 15 51 32 0
15 17 33 50 0
17 15 33 50 0
15 17 50 33 0
17 15 50 33 0
15 17 34 49 0
17 15 34 49 0
15 17 49 34 0
17 15 49 34 0
15 17 35 48 0
17 15 35 48 0
15 17 48 35 0
17 15 48 35 0
15 17 36 47 0
17 15 36 47 0
15 17 47 36 0
17 15 47 36 0
15 17 37 46 0
17 15 37 46 0
15 17 46 37 0
17 15 46 37 0
15 17 38 45 0
17 15 38 45 0
15 17 45 38 0
17 15 45 38 0
15 17 39 44 0
17 15 39 44 0
15 17 44 39 0
17 15 44 39 0
15 17 40 43 0
17 15 40 43 0
15 17 43 40 0
17 15 43 40 0
15 17 41 42 0
17 15 41 42 0
15 17 42 41 0
17 15 42 41 0
16 16 31 52 0
16 16 52 31 0
16 16 32 51 0
16 16 51 32 0
16 16 33 50 0
16 16 50 33 0
16 16 34 49 0
16 16 49 34 0
16 16 35 48 0
16 16 48 35 0
16 16 36 47 0
16 16 47 36 0
16 16 37 46 0
16 16 46 37 0
16 16 38 45 0
16 16 45 38 0
16 16 39 44 0
16 16 44 39 0
16 16 40 43 0
16 16 43 40 0
16 16 41 42 0
16 16 42 41 0
15 17 30 53 0
17 15 30 53 0
15 17 53 30 0
17 15 53 30 0
16 16 30 53 0
16 16 53 30 0
