8 20 30 43 0
20 8 30 43 0
8 20 43 30 0
20 8 43 30 0
8 20 31 42 0
20 8 31 42 0
8 20 42 31 0
20 8 42 31 0
8 20 32 41 0
20 8 32 41 0
8 20 41 32 0
20 8 41 32 0
8 20 33 40 0
20 8 33 40 0
8 20 40 33 0
20 8 40 33 0
8 20 34 39 0
20 8 34 39 0
8 20 39 34 0
20 8 39 34 0
8 20 35 38 0
20 8 35 38 0
8 20 38 35 0
20 8 38 35 0
8 20 36 37 0
20 8 36 37 0
8 20 37 36 0
20 8 37 36 0
9 19 30 43 0
19 9 30 43 0
9 19 43 30 0
19 9 43 30 0
9 19 31 42 0
19 9 31 42 0
9 19 42 31 0
19 9 42 31 0
9 19 32 41 0
19 9 32 41 0
9 19 41 32 0
19 9 41 32 0
9 19 33 40 0
19 9 33 40 0
9 19 40 33 0
19 9 40 33 0
9 19 34 39 0
19 9 34 39 0
9 19 39 34 0
19 9 39 34 0
9 19 35 38 0
19 9 35 38 0
9 19 38 35 0
19 9 38 35 0
9 19 36 37 0
19 9 36 37 0
9 19 37 36 0
19 9 37 36 0
10 18 30 43 0
18 10 30 43 0
10 18 43 30 0
18 10 43 30 0
10 18 31 42 0
18 10 31 42 0
10 18 42 31 0
18 10 42 31 0
10 18 32 41 0
18 10 32 41 0
10 18 41 32 0
18 10 41 32 0
10 18 33 40 0
18 10 33 40 0
10 18 40 33 0
18 10 40 33 0
10 18 34 39 0
18 10 34 39 0
10 18 39 34 0
18 10 39 34 0
10 18 35 38 0
18 10 35 38 0
10 18 38 35 0
18 10 38 35 0
10 18 36 37 0
18 10 36 37 0
10 18 37 36 0
18 10 37 36 0
9 19 26 47 0
19 9 26 47 0
9 19 47 26 0
19 9 47 26 0
9 19 27 46 0
19 9 27 46 0
9 19 46 27 0
19 9 46 27 0
9 19 28 45 0
19 9 28 45 0
9 19 45 28 0
19 9 45 28 0
9 19 29 44 0
19 9 29 44 0
9 19 44 29 0
19 9 44 29 0
10 18 26 47 0
18 10 26 47 0
10 18 47 26 0
18 10 47 26 0
10 18 27 46 0
18 10 27 46 0
10 18 46 27 0
18 10 46 27 0
10 18 28 45 0
18 10 28 45 0
10 18 45 28 0
18 10 45 28 0
10 18 29 44 0
18 10 29 44 0
10 18 44 29 0
18 10 44 29 0
11 17 26 47 0
17 11 26 47 0
11 17 47 26 0
17 11 47 26 0
11 17 27 46 0
17 11 27 46 0
11 17 46 27 0
17 11 46 27 0
11 17 28 45 0
17 11 28 45 0
11 17 45 28 0
17 11 45 28 0
11 17 29 44 0
17 11 29 44 0
11 17 44 29 0
17 11 44 29 0
11 17 30 43 0
17 11 30 43 0
11 17 43 30 0
17 11 43 30 0
11 17 31 42 0
17 11 31 42 0
11 17 42 31 0
17 11 42 31 0
11 17 32 41 0
17 11 32 41 0
11 17 41 32 0
17 11 41 32 0
11 17 33 40 1
17 11 33 40 1
11 17 40 33 1
17 11 40 33 1
11 17 34 39 2
17 11 34 39 2
11 17 39 34 2
17 11 39 34 2
11 17 35 38 3
17 11 35 38 3
11 17 38 35 3
17 11 38 35 3
11 17 36 37 4
17 11 36 37 4
11 17 37 36 4
17 11 37 36 4
10 18 24 49 0
18 10 24 49 0
10 18 49 24 0
18 10 49 24 0
10 18 25 48 0
18 10 25 48 0
10 18 48 25 0
18 10 48 25 0
11 17 24 49 0
17 11 24 49 0
11 17 49 24 0
17 11 49 24 0
11 17 25 48 0
17 11 25 48 0
11 17 48 25 0
17 11 48 25 0
12 16 24 49 0
16 12 24 49 0
12 16 49 24 0
16 12 49 24 0
12 16 25 48 0
16 12 25 48 0
12 16 48 25 0
16 12 48 25 0
12 16 26 47 0
16 12 26 47 0
12 16 47 26 0
16 12 47 26 0
12 16 27 46 0
16 12 27 46 0
12 16 46 27 0
16 12 46 27 0
12 16 28 45 0
16 12 28 45 0
12 16 45 28 0
16 12 45 28 0
12 16 29 44 0
16 12 29 44 0
12 16 44 29 0
16 12 44 29 0
12 16 30 43 0
16 12 30 43 0
12 16 43 30 0
16 12 43 30 0
12 16 31 42 1
16 12 31 42 1
12 16 42 31 1
16 12 42 31 1
12 16 32 41 3
16 12 32 41 3
12 16 41 32 3
16 12 41 32 3
12 16 33 40 6
16 12 33 40 6
12 16 40 33 6
16 12 40 33 6
12 16 34 39 10
16 12 34 39 10
12 16 39 34 10
16 12 39 34 10
12 16 35 38 14
16 12 35 38 14
12 16 38 35 14
16 12 38 35 14
12 16 36 37 16
16 12 36 37 16
12 16 37 36 16
16 12 37 36 16
13 15 24 49 0
15 13 24 49 0
13 15 49 24 0
15 13 49 24 0
13 15 25 48 0
15 13 25 48 0
13 15 48 25 0
15 13 48 25 0
13 15 26 47 0
15 13 26 47 0
13 15 47 26 0
15 13 47 26 0
13 15 27 46 0
15 13 27 46 0
13 15 46 27 0
15 13 46 27 0
13 15 28 45 0
15 13 28 45 0
13 15 45 28 0
15 13 45 28 0
13 15 29 44 0
15 13 29 44 0
13 15 44 29 0
15 13 44 29 0
13 15 30 43 1
15 13 30 43 1
13 15 43 30 1
15 13 43 30 1
13 15 31 42 4
15 13 31 42 4
13 15 42 31 4
15 13 42 31 4
13 15 32 41 9
15 13 32 41 9
13 15 41 32 9
15 13 41 32 9
13 15 33 40 16
15 13 33 40 16
13 15 40 33 16
15 13 40 33 16
13 15 34 39 25
15 13 34 39 25
13 15 39 34 25
15 13 39 34 25
13 15 35 38 33
15 13 35 38 33
13 15 38 35 33
15 13 38 35 33
13 15 36 37 37
15 13 36 37 37
13 15 37 36 37
15 13 37 36 37
14 14 26 47 0
14 14 47 26 0
14 14 27 46 0
14 14 46 27 0
14 14 28 45 0
14 14 45 28 0
14 14 29 44 0
14 14 44 29 0
14 14 30 43 2
14 14 43 30 2
14 14 31 42 6
14 14 42 31 6
14 14 32 41 12
14 14 41 32 12
14 14 33 40 21
14 14 40 33 21
14 14 34 39 32
14 14 39 34 32
14 14 35 38 41
14 14 38 35 41
14 14 36 37 46
14 14 37 36 46
11 17 23 50 0
17 11 23 50 0
11 17 50 23 0
17 11 50 23 0
12 16 23 50 0
16 12 23 50 0
12 16 50 23 0
16 12 50 23 0
13 15 23 50 0
15 13 23 50 0
13 15 50 23 0
15 13 50 23 0
12 16 22 51 0
16 12 22 51 0
12 16 51 22 0
16 12 51 22 0
13 15 22 51 0
15 13 22 51 0
13 15 51 22 0
15 13 51 22 0
14 14 22 51 0
14 14 51 22 0
14 14 23 50 0
14 14 50 23 0
14 14 24 49 0
14 14 49 24 0
14 14 25 48 0
14 14 48 25 0
