0 12 10 23 0
12 0 10 23 0
0 12 23 10 0
12 0 23 10 0
0 12 11 22 0
12 0 11 22 0
0 12 22 11 0
12 0 22 11 0
0 12 12 21 0
12 0 12 21 0
0 12 21 12 0
12 0 21 12 0
0 12 13 20 0
12 0 13 20 0
0 12 20 13 0
12 0 20 13 0
0 12 14 19 0
12 0 14 19 0
0 12 19 14 0
12 0 19 14 0
0 12 15 18 0
12 0 15 18 0
0 12 18 15 0
12 0 18 15 0
0 12 16 17 0
12 0 16 17 0
0 12 17 16 0
12 0 17 16 0
1 11 10 23 0
11 1 10 23 0
1 11 23 10 0
11 1 23 10 0
1 11 11 22 0
11 1 11 22 0
1 11 22 11 0
11 1 22 11 0
1 11 12 21 0
11 1 12 21 0
1 11 21 12 0
11 1 21 12 0
1 11 13 20 0
11 1 13 20 0
1 11 20 13 0
11 1 20 13 0
1 11 14 19 1
11 1 14 19 1
1 11 19 14 1
11 1 19 14 1
1 11 15 18 2
11 1 15 18 2
1 11 18 15 2
11 1 18 15 2
1 11 16 17 2
11 1 16 17 2
1 11 17 16 2
11 1 17 16 2
2 10 10 23 1
10 2 10 23 1
2 10 23 10 1
10 2 23 10 1
2 10 11 22 3
10 2 11 22 3
2 10 22 11 3
10 2 22 11 3
2 10 12 21 6
10 2 12 21 6
2 10 21 12 6
10 2 21 12 6
2 10 13 20 10
10 2 13 20 10
2 10 20 13 10
10 2 20 13 10
2 10 14 19 16
10 2 14 19 16
2 10 19 14 16
10 2 19 14 16
2 10 15 18 21
10 2 15 18 21
2 10 18 15 21
10 2 18 15 21
2 10 16 17 23
10 2 16 17 23
2 10 17 16 23
10 2 17 16 23
1 11 6 27 0
11 1 6 27 0
1 11 27 6 0
11 1 27 6 0
1 11 7 26 0
11 1 7 26 0
1 11 26 7 0
11 1 26 7 0
1 11 8 25 0
11 1 8 25 0
1 11 25 8 0
11 1 25 8 0
1 11 9 24 0
11 1 9 24 0
1 11 24 9 0
11 1 24 9 0
2 10 6 27 0
10 2 6 27 0
2 10 27 6 0
10 2 27 6 0
2 10 7 26 0
10 2 7 26 0
2 10 26 7 0
10 2 26 7 0
2 10 8 25 0
10 2 8 25 0
2 10 25 8 0
10 2 25 8 0
2 10 9 24 0
10 2 9 24 0
2 10 24 9 0
10 2 24 9 0
3 9 6 27 0
9 3 6 27 0
3 9 27 6 0
9 3 27 6 0
3 9 7 26 1
9 3 7 26 1
3 9 26 7 1
9 3 26 7 1
3 9 8 25 3
9 3 8 25 3
3 9 25 8 3
9 3 25 8 3
3 9 9 24 7
9 3 9 24 7
3 9 24 9 7
9 3 24 9 7
3 9 10 23 15
9 3 10 23 15
3 9 23 10 15
9 3 23 10 15
3 9 11 22 28
9 3 11 22 28
3 9 22 11 28
9 3 22 11 28
3 9 12 21 45
9 3 12 21 45
3 9 21 12 45
9 3 21 12 45
3 9 13 20 66
9 3 13 20 66
3 9 20 13 66
9 3 20 13 66
3 9 14 19 88
9 3 14 19 88
3 9 19 14 88
9 3 19 14 88
3 9 15 18 106
9 3 15 18 106
3 9 18 15 106
9 3 18 15 106
3 9 16 17 116
9 3 16 17 116
3 9 17 16 116
9 3 17 16 116
4 8 6 27 1
8 4 6 27 1
4 8 27 6 1
8 4 27 6 1
4 8 7 26 4
8 4 7 26 4
4 8 26 7 4
8 4 26 7 4
4 8 8 25 12
8 4 8 25 12
4 8 25 8 12
8 4 25 8 12
4 8 9 24 27
8 4 9 24 27
4 8 24 9 27
8 4 24 9 27
4 8 10 23 52
8 4 10 23 52
4 8 23 10 52
8 4 23 10 52
4 8 11 22 89
8 4 11 22 89
4 8 22 11 89
8 4 22 11 89
4 8 12 21 137
8 4 12 21 137
4 8 21 12 137
8 4 21 12 137
4 8 13 20 190
8 4 13 20 190
4 8 20 13 190
8 4 20 13 190
4 8 14 19 243
8 4 14 19 243
4 8 19 14 243
8 4 19 14 243
4 8 15 18 286
8 4 15 18 286
4 8 18 15 286
8 4 18 15 286
4 8 16 17 309
8 4 16 17 309
4 8 17 16 309
8 4 17 16 309
2 10 4 29 0
10 2 4 29 0
2 10 29 4 0
10 2 29 4 0
2 10 5 28 0
10 2 5 28 0
2 10 28 5 0
10 2 28 5 0
3 9 4 29 0
9 3 4 29 0
3 9 29 4 0
9 3 29 4 0
3 9 5 28 0
9 3 5 28 0
3 9 28 5 0
9 3 28 5 0
4 8 4 29 0
8 4 4 29 0
4 8 29 4 0
8 4 29 4 0
4 8 5 28 0
8 4 5 28 0
4 8 28 5 0
8 4 28 5 0
3 9 3 30 0
9 3 3 30 0
3 9 30 3 0
9 3 30 3 0
4 8 3 30 0
8 4 3 30 0
4 8 30 3 0
8 4 30 3 0
5 7 3 30 0
7 5 3 30 0
5 7 30 3 0
7 5 30 3 0
5 7 4 29 0
7 5 4 29 0
5 7 29 4 0
7 5 29 4 0
5 7 5 28 1
7 5 5 28 1
5 7 28 5 1
7 5 28 5 1
5 7 6 27 4
7 5 6 27 4
5 7 27 6 4
7 5 27 6 4
5 7 7 26 12
7 5 7 26 12
5 7 26 7 12
7 5 26 7 12
5 7 8 25 29
7 5 8 25 29
5 7 25 8 29
7 5 25 8 29
5 7 9 24 60
7 5 9 24 60
5 7 24 9 60
7 5 24 9 60
5 7 10 23 108
7 5 10 23 108
5 7 23 10 108
7 5 23 10 108
5 7 11 22 176
7 5 11 22 176
5 7 22 11 176
7 5 22 11 176
5 7 12 21 260
7 5 12 21 260
5 7 21 12 260
7 5 21 12 260
5 7 13 20 352
7 5 13 20 352
5 7 20 13 352
7 5 20 13 352
5 7 14 19 441
7 5 14 19 441
5 7 19 14 441
7 5 19 14 441
5 7 15 18 512
7 5 15 18 512
5 7 18 15 512
7 5 18 15 512
5 7 16 17 550
7 5 16 17 550
5 7 17 16 550
7 5 17 16 550
6 6 4 29 0
6 6 29 4 0
6 6 5 28 1
6 6 28 5 1
6 6 6 27 5
6 6 27 6 5
6 6 7 26 15
6 6 26 7 15
6 6 8 25 36
6 6 25 8 36
6 6 9 24 73
6 6 24 9 73
6 6 10 23 132
6 6 23 10 132
6 6 11 22 213
6 6 22 11 213
6 6 12 21 313
6 6 21 12 313
6 6 13 20 422
6 6 20 13 422
6 6 14 19 527
6 6 19 14 527
6 6 15 18 609
6 6 18 15 609
6 6 16 17 654
6 6 17 16 654
4 8 2 31 0
8 4 2 31 0
4 8 31 2 0
8 4 31 2 0
5 7 2 31 0
7 5 2 31 0
5 7 31 2 0
7 5 31 2 0
6 6 2 31 0
6 6 31 2 0
6 6 3 30 0
6 6 30 3 0
