10 20 31 47 0
20 10 31 47 0
10 20 47 31 0
20 10 47 31 0
10 20 32 46 0
20 10 32 46 0
10 20 46 32 0
20 10 46 32 0
10 20 33 45 0
20 10 33 45 0
10 20 45 33 0
20 10 45 33 0
10 20 34 44 0
20 10 34 44 0
10 20 44 34 0
20 10 44 34 0
10 20 35 43 0
20 10 35 43 0
10 20 43 35 0
20 10 43 35 0
10 20 36 42 0
20 10 36 42 0
10 20 42 36 0
20 10 42 36 0
10 20 37 41 0
20 10 37 41 0
10 20 41 37 0
20 10 41 37 0
10 20 38 40 0
20 10 38 40 0
10 20 40 38 0
20 10 40 38 0
10 20 39 39 0
20 10 39 39 0
11 19 31 47 0
19 11 31 47 0
11 19 47 31 0
19 11 47 31 0
11 19 32 46 0
19 11 32 46 0
11 19 46 32 0
19 11 46 32 0
11 19 33 45 0
19 11 33 45 0
11 19 45 33 0
19 11 45 33 0
11 19 34 44 0
19 11 34 44 0
11 19 44 34 0
19 11 44 34 0
11 19 35 43 0
19 11 35 43 0
11 19 43 35 0
19 11 43 35 0
11 19 36 42 0
19 11 36 42 0
11 19 42 36 0
19 11 42 36 0
11 19 37 41 0
19 11 37 41 0
11 19 41 37 0
19 11 41 37 0
11 19 38 40 0
19 11 38 40 0
11 19 40 38 0
19 11 40 38 0
11 19 39 39 0
19 11 39 39 0
12 18 31 47 0
18 12 31 47 0
12 18 47 31 0
18 12 47 31 0
12 18 32 46 0
18 12 32 46 0
12 18 46 32 0
18 12 46 32 0
12 18 33 45 0
18 12 33 45 0
12 18 45 33 0
18 12 45 33 0
12 18 34 44 0
18 12 34 44 0
12 18 44 34 0
18 12 44 34 0
12 18 35 43 0
18 12 35 43 0
12 18 43 35 0
18 12 43 35 0
12 18 36 42 0
18 12 36 42 0
12 18 42 36 0
18 12 42 36 0
12 18 37 41 0
18 12 37 41 0
12 18 41 37 0
18 12 41 37 0
12 18 38 40 0
18 12 38 40 0
12 18 40 38 0
18 12 40 38 0
12 18 39 39 0
18 12 39 39 0
11 19 28 50 0
19 11 28 50 0
11 19 50 28 0
19 11 50 28 0
11 19 29 49 0
19 11 29 49 0
11 19 49 29 0
19 11 49 29 0
11 19 30 48 0
19 11 30 48 0
11 19 48 30 0
19 11 48 30 0
12 18 28 50 0
18 12 28 50 0
12 18 50 28 0
18 12 50 28 0
12 18 29 49 0
18 12 29 49 0
12 18 49 29 0
18 12 49 29 0
12 18 30 48 0
18 12 30 48 0
12 18 48 30 0
18 12 48 30 0
13 17 28 50 0
17 13 28 50 0
13 17 50 28 0
17 13 50 28 0
13 17 29 49 0
17 13 29 49 0
13 17 49 29 0
17 13 49 29 0
13 17 30 48 0
17 13 30 48 0
13 17 48 30 0
17 13 48 30 0
13 17 31 47 0
17 13 31 47 0
13 17 47 31 0
17 13 47 31 0
13 17 32 46 0
17 13 32 46 0
13 17 46 32 0
17 13 46 32 0
13 17 33 45 0
17 13 33 45 0
13 17 45 33 0
17 13 45 33 0
13 17 34 44 0
17 13 34 44 0
13 17 44 34 0
17 13 44 34 0
13 17 35 43 0
17 13 35 43 0
13 17 43 35 0
17 13 43 35 0
13 17 36 42 1
17 13 36 42 1
13 17 42 36 1
17 13 42 36 1
13 17 37 41 1
17 13 37 41 1
13 17 41 37 1
17 13 41 37 1
13 17 38 40 2
17 13 38 40 2
13 17 40 38 2
17 13 40 38 2
13 17 39 39 2
17 13 39 39 2
12 18 27 51 0
18 12 27 51 0
12 18 51 27 0
18 12 51 27 0
13 17 27 51 0
17 13 27 51 0
13 17 51 27 0
17 13 51 27 0
14 16 27 51 0
16 14 27 51 0
14 16 51 27 0
16 14 51 27 0
14 16 28 50 0
16 14 28 50 0
14 16 50 28 0
16 14 50 28 0
14 16 29 49 0
16 14 29 49 0
14 16 49 29 0
16 14 49 29 0
14 16 30 48 0
16 14 30 48 0
14 16 48 30 0
16 14 48 30 0
14 16 31 47 0
16 14 31 47 0
14 16 47 31 0
16 14 47 31 0
14 16 32 46 0
16 14 32 46 0
14 16 46 32 0
16 14 46 32 0
14 16 33 45 0
16 14 33 45 0
14 16 45 33 0
16 14 45 33 0
14 16 34 44 0
16 14 34 44 0
14 16 44 34 0
16 14 44 34 0
14 16 35 43 1
16 14 35 43 1
14 16 43 35 1
16 14 43 35 1
14 16 36 42 2
16 14 36 42 2
14 16 42 36 2
16 14 42 36 2
14 16 37 41 3
16 14 37 41 3
14 16 41 37 3
16 14 41 37 3
14 16 38 40 4
16 14 38 40 4
14 16 40 38 4
16 14 40 38 4
14 16 39 39 5
16 14 39 39 5
15 15 28 50 0
15 15 50 28 0
15 15 29 49 0
15 15 49 29 0
15 15 30 48 0
15 15 48 30 0
15 15 31 47 0
15 15 47 31 0
15 15 32 46 0
15 15 46 32 0
15 15 33 45 0
15 15 45 33 0
15 15 34 44 1
15 15 44 34 1
15 15 35 43 2
15 15 43 35 2
15 15 36 42 4
15 15 42 36 4
15 15 37 41 5
15 15 41 37 5
15 15 38 40 7
15 15 40 38 7
15 15 39 39 8
13 17 26 52 0
17 13 26 52 0
13 17 52 26 0
17 13 52 26 0
14 16 26 52 0
16 14 26 52 0
14 16 52 26 0
16 14 52 26 0
15 15 26 52 0
15 15 52 26 0
15 15 27 51 0
15 15 51 27 0
