10 20 31 44 0
20 10 31 44 0
10 20 44 31 0
20 10 44 31 0
10 20 32 43 0
20 10 32 43 0
10 20 43 32 0
20 10 43 32 0
10 20 33 42 0
20 10 33 42 0
10 20 42 33 0
20 10 42 33 0
10 20 34 41 0
20 10 34 41 0
10 20 41 34 0
20 10 41 34 0
10 20 35 40 0
20 10 35 40 0
10 20 40 35 0
20 10 40 35 0
10 20 36 39 0
20 10 36 39 0
10 20 39 36 0
20 10 39 36 0
11 19 31 44 0
19 11 31 44 0
11 19 44 31 0
19 11 44 31 0
11 19 32 43 0
19 11 32 43 0
11 19 43 32 0
19 11 43 32 0
11 19 33 42 0
19 11 33 42 0
11 19 42 33 0
19 11 42 33 0
11 19 34 41 0
19 11 34 41 0
11 19 41 34 0
19 11 41 34 0
11 19 35 40 0
19 11 35 40 0
11 19 40 35 0
19 11 40 35 0
11 19 36 39 0
19 11 36 39 0
11 19 39 36 0
19 11 39 36 0
12 18 31 44 0
18 12 31 44 0
12 18 44 31 0
18 12 44 31 0
12 18 32 43 0
18 12 32 43 0
12 18 43 32 0
18 12 43 32 0
12 18 33 42 0
18 12 33 42 0
12 18 42 33 0
18 12 42 33 0
12 18 34 41 0
18 12 34 41 0
12 18 41 34 0
18 12 41 34 0
12 18 35 40 0
18 12 35 40 0
12 18 40 35 0
18 12 40 35 0
12 18 36 39 0
18 12 36 39 0
12 18 39 36 0
18 12 39 36 0
10 20 37 38 0
20 10 37 38 0
10 20 38 37 0
20 10 38 37 0
11 19 37 38 0
19 11 37 38 0
11 19 38 37 0
19 11 38 37 0
12 18 37 38 0
18 12 37 38 0
12 18 38 37 0
18 12 38 37 0
11 19 28 47 0
19 11 28 47 0
11 19 47 28 0
19 11 47 28 0
11 19 29 46 0
19 11 29 46 0
11 19 46 29 0
19 11 46 29 0
11 19 30 45 0
19 11 30 45 0
11 19 45 30 0
19 11 45 30 0
12 18 28 47 0
18 12 28 47 0
12 18 47 28 0
18 12 47 28 0
12 18 29 46 0
18 12 29 46 0
12 18 46 29 0
18 12 46 29 0
12 18 30 45 0
18 12 30 45 0
12 18 45 30 0
18 12 45 30 0
13 17 28 47 0
17 13 28 47 0
13 17 47 28 0
17 13 47 28 0
13 17 29 46 0
17 13 29 46 0
13 17 46 29 0
17 13 46 29 0
13 17 30 45 0
17 13 30 45 0
13 17 45 30 0
17 13 45 30 0
13 17 31 44 0
17 13 31 44 0
13 17 44 31 0
17 13 44 31 0
13 17 32 43 0
17 13 32 43 0
13 17 43 32 0
17 13 43 32 0
13 17 33 42 0
17 13 33 42 0
13 17 42 33 0
17 13 42 33 0
13 17 34 41 0
17 13 34 41 0
13 17 41 34 0
17 13 41 34 0
13 17 35 40 0
17 13 35 40 0
13 17 40 35 0
17 13 40 35 0
13 17 36 39 0
17 13 36 39 0
13 17 39 36 0
17 13 39 36 0
13 17 37 38 0
17 13 37 38 0
13 17 38 37 0
17 13 38 37 0
12 18 27 48 0
18 12 27 48 0
12 18 48 27 0
18 12 48 27 0
13 17 27 48 0
17 13 27 48 0
13 17 48 27 0
17 13 48 27 0
14 16 27 48 0
16 14 27 48 0
14 16 48 27 0
16 14 48 27 0
14 16 28 47 0
16 14 28 47 0
14 16 47 28 0
16 14 47 28 0
14 16 29 46 0
16 14 29 46 0
14 16 46 29 0
16 14 46 29 0
14 16 30 45 0
16 14 30 45 0
14 16 45 30 0
16 14 45 30 0
14 16 31 44 0
16 14 31 44 0
14 16 44 31 0
16 14 44 31 0
14 16 32 43 0
16 14 32 43 0
14 16 43 32 0
16 14 43 32 0
14 16 33 42 0
16 14 33 42 0
14 16 42 33 0
16 14 42 33 0
14 16 34 41 0
16 14 34 41 0
14 16 41 34 0
16 14 41 34 0
14 16 35 40 0
16 14 35 40 0
14 16 40 35 0
16 14 40 35 0
14 16 36 39 0
16 14 36 39 0
14 16 39 36 0
16 14 39 36 0
14 16 37 38 0
16 14 37 38 0
14 16 38 37 0
16 14 38 37 0
15 15 28 47 0
15 15 47 28 0
15 15 29 46 0
15 15 46 29 0
15 15 30 45 0
15 15 45 30 0
15 15 31 44 1
15 15 44 31 1
15 15 32 43 1
15 15 43 32 1
15 15 33 42 1
15 15 42 33 1
15 15 34 41 1
15 15 41 34 1
15 15 35 40 1
15 15 40 35 1
15 15 36 39 1
15 15 39 36 1
15 15 37 38 1
15 15 38 37 1
13 17 26 49 0
17 13 26 49 0
13 17 49 26 0
17 13 49 26 0
14 16 26 49 0
16 14 26 49 0
14 16 49 26 0
16 14 49 26 0
15 15 26 49 0
15 15 49 26 0
15 15 27 48 0
15 15 48 27 0
