7 17 20 28 0
17 7 20 28 0
7 17 28 20 0
17 7 28 20 0
7 17 21 27 0
17 7 21 27 0
7 17 27 21 0
17 7 27 21 0
7 17 22 26 0
17 7 22 26 0
7 17 26 22 0
17 7 26 22 0
7 17 23 25 0
17 7 23 25 0
7 17 25 23 0
17 7 25 23 0
7 17 24 24 0
17 7 24 24 0
8 16 20 28 0
16 8 20 28 0
8 16 28 20 0
16 8 28 20 0
8 16 21 27 0
16 8 21 27 0
8 16 27 21 0
16 8 27 21 0
8 16 22 26 0
16 8 22 26 0
8 16 26 22 0
16 8 26 22 0
8 16 23 25 0
16 8 23 25 0
8 16 25 23 0
16 8 25 23 0
8 16 24 24 0
16 8 24 24 0
9 15 20 28 0
15 9 20 28 0
9 15 28 20 0
15 9 28 20 0
9 15 21 27 0
15 9 21 27 0
9 15 27 21 0
15 9 27 21 0
9 15 22 26 0
15 9 22 26 0
9 15 26 22 0
15 9 26 22 0
9 15 23 25 0
15 9 23 25 0
9 15 25 23 0
15 9 25 23 0
9 15 24 24 0
15 9 24 24 0
8 16 17 31 0
16 8 17 31 0
8 16 31 17 0
16 8 31 17 0
8 16 18 30 0
16 8 18 30 0
8 16 30 18 0
16 8 30 18 0
8 16 19 29 0
16 8 19 29 0
8 16 29 19 0
16 8 29 19 0
9 15 17 31 0
15 9 17 31 0
9 15 31 17 0
15 9 31 17 0
9 15 18 30 0
15 9 18 30 0
9 15 30 18 0
15 9 30 18 0
9 15 19 29 0
15 9 19 29 0
9 15 29 19 0
15 9 29 19 0
10 14 17 31 0
14 10 17 31 0
10 14 31 17 0
14 10 31 17 0
10 14 18 30 0
14 10 18 30 0
10 14 30 18 0
14 10 30 18 0
10 14 19 29 0
14 10 19 29 0
10 14 29 19 0
14 10 29 19 0
10 14 20 28 0
14 10 20 28 0
10 14 28 20 0
14 10 28 20 0
10 14 21 27 0
14 10 21 27 0
10 14 27 21 0
14 10 27 21 0
10 14 22 26 0
14 10 22 26 0
10 14 26 22 0
14 10 26 22 0
10 14 23 25 0
14 10 23 25 0
10 14 25 23 0
14 10 25 23 0
10 14 24 24 0
14 10 24 24 0
9 15 16 32 0
15 9 16 32 0
9 15 32 16 0
15 9 32 16 0
10 14 16 32 0
14 10 16 32 0
10 14 32 16 0
14 10 32 16 0
11 13 16 32 0
13 11 16 32 0
11 13 32 16 0
13 11 32 16 0
11 13 17 31 0
13 11 17 31 0
11 13 31 17 0
13 11 31 17 0
11 13 18 30 0
13 11 18 30 0
11 13 30 18 0
13 11 30 18 0
11 13 19 29 0
13 11 19 29 0
11 13 29 19 0
13 11 29 19 0
11 13 20 28 0
13 11 20 28 0
11 13 28 20 0
13 11 28 20 0
11 13 21 27 0
13 11 21 27 0
11 13 27 21 0
13 11 27 21 0
11 13 22 26 0
13 11 22 26 0
11 13 26 22 0
13 11 26 22 0
11 13 23 25 0
13 11 23 25 0
11 13 25 23 0
13 11 25 23 0
11 13 24 24 0
13 11 24 24 0
12 12 17 31 0
12 12 31 17 0
12 12 18 30 0
12 12 30 18 0
12 12 19 29 1
12 12 29 19 1
12 12 20 28 1
12 12 28 20 1
12 12 21 27 1
12 12 27 21 1
12 12 22 26 1
12 12 26 22 1
12 12 23 25 1
12 12 25 23 1
12 12 24 24 1
10 14 15 33 0
14 10 15 33 0
10 14 33 15 0
14 10 33 15 0
11 13 15 33 0
13 11 15 33 0
11 13 33 15 0
13 11 33 15 0
12 12 15 33 0
12 12 33 15 0
12 12 16 32 0
12 12 32 16 0
