0 5 1 11 0
5 0 1 11 0
0 5 11 1 0
5 0 11 1 0
1 4 1 11 0
4 1 1 11 0
1 4 11 1 0
4 1 11 1 0
0 5 2 10 0
5 0 2 10 0
0 5 10 2 0
5 0 10 2 0
1 4 2 10 0
4 1 2 10 0
1 4 10 2 0
4 1 10 2 0
0 5 3 9 0
5 0 3 9 0
0 5 9 3 0
5 0 9 3 0
1 4 3 9 0
4 1 3 9 0
1 4 9 3 0
4 1 9 3 0
0 5 4 8 0
5 0 4 8 0
0 5 8 4 0
5 0 8 4 0
1 4 4 8 0
4 1 4 8 0
1 4 8 4 0
4 1 8 4 0
0 5 5 7 0
5 0 5 7 0
0 5 7 5 0
5 0 7 5 0
1 4 5 7 0
4 1 5 7 0
1 4 7 5 0
4 1 7 5 0
0 5 6 6 0
5 0 6 6 0
1 4 6 6 0
4 1 6 6 0
1 4 0 12 0
4 1 0 12 0
1 4 12 0 0
4 1 12 0 0
2 3 0 12 0
3 2 0 12 0
2 3 12 0 0
3 2 12 0 0
2 3 1 11 0
3 2 1 11 0
2 3 11 1 0
3 2 11 1 0
2 3 2 10 0
3 2 2 10 0
2 3 10 2 0
3 2 10 2 0
2 3 3 9 0
3 2 3 9 0
2 3 9 3 0
3 2 9 3 0
2 3 4 8 0
3 2 4 8 0
2 3 8 4 0
3 2 8 4 0
2 3 5 7 0
3 2 5 7 0
2 3 7 5 0
3 2 7 5 0
2 3 6 6 0
3 2 6 6 0
