17 24 52 68 0
24 17 52 68 0
17 24 68 52 0
24 17 68 52 0
17 24 53 67 0
24 17 53 67 0
17 24 67 53 0
24 17 67 53 0
17 24 54 66 0
24 17 54 66 0
17 24 66 54 0
24 17 66 54 0
17 24 55 65 0
24 17 55 65 0
17 24 65 55 0
24 17 65 55 0
17 24 56 64 0
24 17 56 64 0
17 24 64 56 0
24 17 64 56 0
17 24 57 63 0
24 17 57 63 0
17 24 63 57 0
24 17 63 57 0
17 24 58 62 0
24 17 58 62 0
17 24 62 58 0
24 17 62 58 0
18 23 52 68 0
23 18 52 68 0
18 23 68 52 0
23 18 68 52 0
18 23 53 67 0
23 18 53 67 0
18 23 67 53 0
23 18 67 53 0
18 23 54 66 0
23 18 54 66 0
18 23 66 54 0
23 18 66 54 0
18 23 55 65 0
23 18 55 65 0
18 23 65 55 0
23 18 65 55 0
18 23 56 64 0
23 18 56 64 0
18 23 64 56 0
23 18 64 56 0
18 23 57 63 0
23 18 57 63 0
18 23 63 57 0
23 18 63 57 0
18 23 58 62 0
23 18 58 62 0
18 23 62 58 0
23 18 62 58 0
19 22 52 68 0
22 19 52 68 0
19 22 68 52 0
22 19 68 52 0
19 22 53 67 0
22 19 53 67 0
19 22 67 53 0
22 19 67 53 0
19 22 54 66 0
22 19 54 66 0
19 22 66 54 0
22 19 66 54 0
19 22 55 65 0
22 19 55 65 0
19 22 65 55 0
22 19 65 55 0
19 22 56 64 0
22 19 56 64 0
19 22 64 56 0
22 19 64 56 0
19 22 57 63 0
22 19 57 63 0
19 22 63 57 0
22 19 63 57 0
19 22 58 62 0
22 19 58 62 0
19 22 62 58 0
22 19 62 58 0
20 21 52 68 0
21 20 52 68 0
20 21 68 52 0
21 20 68 52 0
20 21 53 67 0
21 20 53 67 0
20 21 67 53 0
21 20 67 53 0
20 21 54 66 0
21 20 54 66 0
20 21 66 54 0
21 20 66 54 0
20 21 55 65 0
21 20 55 65 0
20 21 65 55 0
21 20 65 55 0
20 21 56 64 0
21 20 56 64 0
20 21 64 56 0
21 20 64 56 0
20 21 57 63 0
21 20 57 63 0
20 21 63 57 0
21 20 63 57 0
20 21 58 62 0
21 20 58 62 0
20 21 62 58 0
21 20 62 58 0
17 24 59 61 0
24 17 59 61 0
17 24 61 59 0
24 17 61 59 0
18 23 59 61 0
23 18 59 61 0
18 23 61 59 0
23 18 61 59 0
19 22 59 61 0
22 19 59 61 0
19 22 61 59 0
22 19 61 59 0
20 21 59 61 0
21 20 59 61 0
20 21 61 59 0
21 20 61 59 0
17 24 60 60 0
24 17 60 60 0
18 23 60 60 0
23 18 60 60 0
19 22 60 60 0
22 19 60 60 0
20 21 60 60 0
21 20 60 60 0
18 23 51 69 0
23 18 51 69 0
18 23 69 51 0
23 18 69 51 0
19 22 51 69 0
22 19 51 69 0
19 22 69 51 0
22 19 69 51 0
20 21 51 69 0
21 20 51 69 0
20 21 69 51 0
21 20 69 51 0
