7 24 42 48 0
24 7 42 48 0
7 24 48 42 0
24 7 48 42 0
7 24 43 47 0
24 7 43 47 0
7 24 47 43 0
24 7 47 43 0
7 24 44 46 0
24 7 44 46 0
7 24 46 44 0
24 7 46 44 0
7 24 45 45 0
24 7 45 45 0
8 23 42 48 0
23 8 42 48 0
8 23 48 42 0
23 8 48 42 0
8 23 43 47 0
23 8 43 47 0
8 23 47 43 0
23 8 47 43 0
8 23 44 46 0
23 8 44 46 0
8 23 46 44 0
23 8 46 44 0
8 23 45 45 0
23 8 45 45 0
9 22 42 48 0
22 9 42 48 0
9 22 48 42 0
22 9 48 42 0
9 22 43 47 0
22 9 43 47 0
9 22 47 43 0
22 9 47 43 0
9 22 44 46 0
22 9 44 46 0
9 22 46 44 0
22 9 46 44 0
9 22 45 45 0
22 9 45 45 0
10 21 42 48 0
21 10 42 48 0
10 21 48 42 0
21 10 48 42 0
10 21 43 47 0
21 10 43 47 0
10 21 47 43 0
21 10 47 43 0
10 21 44 46 0
21 10 44 46 0
10 21 46 44 0
21 10 46 44 0
10 21 45 45 0
21 10 45 45 0
8 23 36 54 0
23 8 36 54 0
8 23 54 36 0
23 8 54 36 0
8 23 37 53 0
23 8 37 53 0
8 23 53 37 0
23 8 53 37 0
8 23 38 52 0
23 8 38 52 0
8 23 52 38 0
23 8 52 38 0
8 23 39 51 0
23 8 39 51 0
8 23 51 39 0
23 8 51 39 0
8 23 40 50 0
23 8 40 50 0
8 23 50 40 0
23 8 50 40 0
8 23 41 49 0
23 8 41 49 0
8 23 49 41 0
23 8 49 41 0
9 22 36 54 0
22 9 36 54 0
9 22 54 36 0
22 9 54 36 0
9 22 37 53 0
22 9 37 53 0
9 22 53 37 0
22 9 53 37 0
9 22 38 52 0
22 9 38 52 0
9 22 52 38 0
22 9 52 38 0
9 22 39 51 0
22 9 39 51 0
9 22 51 39 0
22 9 51 39 0
9 22 40 50 0
22 9 40 50 0
9 22 50 40 0
22 9 50 40 0
9 22 41 49 0
22 9 41 49 0
9 22 49 41 0
22 9 49 41 0
10 21 36 54 0
21 10 36 54 0
10 21 54 36 0
21 10 54 36 0
10 21 37 53 0
21 10 37 53 0
10 21 53 37 0
21 10 53 37 0
10 21 38 52 0
21 10 38 52 0
10 21 52 38 0
21 10 52 38 0
10 21 39 51 0
21 10 39 51 0
10 21 51 39 0
21 10 51 39 0
10 21 40 50 0
21 10 40 50 0
10 21 50 40 0
21 10 50 40 0
10 21 41 49 0
21 10 41 49 0
10 21 49 41 0
21 10 49 41 0
11 20 36 54 0
20 11 36 54 0
11 20 54 36 0
20 11 54 36 0
11 20 37 53 0
20 11 37 53 0
11 20 53 37 0
20 11 53 37 0
11 20 38 52 1
20 11 38 52 1
11 20 52 38 1
20 11 52 38 1
11 20 39 51 2
20 11 39 51 2
11 20 51 39 2
20 11 51 39 2
11 20 40 50 4
20 11 40 50 4
11 20 50 40 4
20 11 50 40 4
11 20 41 49 6
20 11 41 49 6
11 20 49 41 6
20 11 49 41 6
11 20 42 48 9
20 11 42 48 9
11 20 48 42 9
20 11 48 42 9
11 20 43 47 11
20 11 43 47 11
11 20 47 43 11
20 11 47 43 11
11 20 44 46 13
20 11 44 46 13
11 20 46 44 13
20 11 46 44 13
11 20 45 45 13
20 11 45 45 13
9 22 32 58 0
22 9 32 58 0
9 22 58 32 0
22 9 58 32 0
9 22 33 57 0
22 9 33 57 0
9 22 57 33 0
22 9 57 33 0
9 22 34 56 0
22 9 34 56 0
9 22 56 34 0
22 9 56 34 0
9 22 35 55 0
22 9 35 55 0
9 22 55 35 0
22 9 55 35 0
10 21 32 58 0
21 10 32 58 0
10 21 58 32 0
21 10 58 32 0
10 21 33 57 0
21 10 33 57 0
10 21 57 33 0
21 10 57 33 0
10 21 34 56 0
21 10 34 56 0
10 21 56 34 0
21 10 56 34 0
10 21 35 55 0
21 10 35 55 0
10 21 55 35 0
21 10 55 35 0
11 20 32 58 0
20 11 32 58 0
11 20 58 32 0
20 11 58 32 0
11 20 33 57 0
20 11 33 57 0
11 20 57 33 0
20 11 57 33 0
11 20 34 56 0
20 11 34 56 0
11 20 56 34 0
20 11 56 34 0
11 20 35 55 0
20 11 35 55 0
11 20 55 35 0
20 11 55 35 0
12 19 32 58 0
19 12 32 58 0
12 19 58 32 0
19 12 58 32 0
12 19 33 57 0
19 12 33 57 0
12 19 57 33 0
19 12 57 33 0
12 19 34 56 1
19 12 34 56 1
12 19 56 34 1
19 12 56 34 1
12 19 35 55 3
19 12 35 55 3
12 19 55 35 3
19 12 55 35 3
12 19 36 54 7
19 12 36 54 7
12 19 54 36 7
19 12 54 36 7
12 19 37 53 14
19 12 37 53 14
12 19 53 37 14
19 12 53 37 14
12 19 38 52 25
19 12 38 52 25
12 19 52 38 25
19 12 52 38 25
12 19 39 51 39
19 12 39 51 39
12 19 51 39 39
19 12 51 39 39
12 19 40 50 57
19 12 40 50 57
12 19 50 40 57
19 12 50 40 57
12 19 41 49 76
19 12 41 49 76
12 19 49 41 76
19 12 49 41 76
12 19 42 48 95
19 12 42 48 95
12 19 48 42 95
19 12 48 42 95
12 19 43 47 111
19 12 43 47 111
12 19 47 43 111
19 12 47 43 111
12 19 44 46 122
19 12 44 46 122
12 19 46 44 122
19 12 46 44 122
12 19 45 45 125
19 12 45 45 125
10 21 30 60 0
21 10 30 60 0
10 21 60 30 0
21 10 60 30 0
10 21 31 59 0
21 10 31 59 0
10 21 59 31 0
21 10 59 31 0
11 20 30 60 0
20 11 30 60 0
11 20 60 30 0
20 11 60 30 0
11 20 31 59 0
20 11 31 59 0
11 20 59 31 0
20 11 59 31 0
12 19 30 60 0
19 12 30 60 0
12 19 60 30 0
19 12 60 30 0
12 19 31 59 0
19 12 31 59 0
12 19 59 31 0
19 12 59 31 0
13 18 30 60 0
18 13 30 60 0
13 18 60 30 0
18 13 60 30 0
13 18 31 59 0
18 13 31 59 0
13 18 59 31 0
18 13 59 31 0
13 18 32 58 1
18 13 32 58 1
13 18 58 32 1
18 13 58 32 1
13 18 33 57 3
18 13 33 57 3
13 18 57 33 3
18 13 57 33 3
13 18 34 56 9
18 13 34 56 9
13 18 56 34 9
18 13 56 34 9
13 18 35 55 20
18 13 35 55 20
13 18 55 35 20
18 13 55 35 20
13 18 36 54 40
18 13 36 54 40
13 18 54 36 40
18 13 54 36 40
13 18 37 53 70
18 13 37 53 70
13 18 53 37 70
18 13 53 37 70
13 18 38 52 113
18 13 38 52 113
13 18 52 38 113
18 13 52 38 113
13 18 39 51 166
18 13 39 51 166
13 18 51 39 166
18 13 51 39 166
13 18 40 50 230
18 13 40 50 230
13 18 50 40 230
18 13 50 40 230
13 18 41 49 296
18 13 41 49 296
13 18 49 41 296
18 13 49 41 296
13 18 42 48 360
18 13 42 48 360
13 18 48 42 360
18 13 48 42 360
13 18 43 47 412
18 13 43 47 412
13 18 47 43 412
18 13 47 43 412
13 18 44 46 448
18 13 44 46 448
13 18 46 44 448
18 13 46 44 448
13 18 45 45 459
18 13 45 45 459
14 17 30 60 0
17 14 30 60 0
14 17 60 30 0
17 14 60 30 0
14 17 31 59 0
17 14 31 59 0
14 17 59 31 0
17 14 59 31 0
14 17 32 58 3
17 14 32 58 3
14 17 58 32 3
17 14 58 32 3
14 17 33 57 10
17 14 33 57 10
14 17 57 33 10
17 14 57 33 10
14 17 34 56 26
17 14 34 56 26
14 17 56 34 26
17 14 56 34 26
14 17 35 55 55
17 14 35 55 55
14 17 55 35 55
17 14 55 35 55
14 17 36 54 104
17 14 36 54 104
14 17 54 36 104
17 14 54 36 104
14 17 37 53 175
17 14 37 53 175
14 17 53 37 175
17 14 53 37 175
14 17 38 52 272
17 14 38 52 272
14 17 52 38 272
17 14 52 38 272
14 17 39 51 390
17 14 39 51 390
14 17 51 39 390
17 14 51 39 390
14 17 40 50 526
17 14 40 50 526
14 17 50 40 526
17 14 50 40 526
14 17 41 49 666
17 14 41 49 666
14 17 49 41 666
17 14 49 41 666
14 17 42 48 798
17 14 42 48 798
14 17 48 42 798
17 14 48 42 798
14 17 43 47 905
17 14 43 47 905
14 17 47 43 905
17 14 47 43 905
14 17 44 46 977
17 14 44 46 977
14 17 46 44 977
17 14 46 44 977
14 17 45 45 1001
17 14 45 45 1001
15 16 32 58 6
16 15 32 58 6
15 16 58 32 6
16 15 58 32 6
15 16 33 57 18
16 15 33 57 18
15 16 57 33 18
16 15 57 33 18
15 16 34 56 44
16 15 34 56 44
15 16 56 34 44
16 15 56 34 44
15 16 35 55 89
16 15 35 55 89
15 16 55 35 89
16 15 55 35 89
15 16 36 54 163
16 15 36 54 163
15 16 54 36 163
16 15 54 36 163
15 16 37 53 269
16 15 37 53 269
15 16 53 37 269
16 15 53 37 269
15 16 38 52 411
16 15 38 52 411
15 16 52 38 411
16 15 52 38 411
15 16 39 51 582
16 15 39 51 582
15 16 51 39 582
16 15 51 39 582
15 16 40 50 777
16 15 40 50 777
15 16 50 40 777
16 15 50 40 777
15 16 41 49 976
16 15 41 49 976
15 16 49 41 976
16 15 49 41 976
15 16 42 48 1163
16 15 42 48 1163
15 16 48 42 1163
16 15 48 42 1163
15 16 43 47 1314
16 15 43 47 1314
15 16 47 43 1314
16 15 47 43 1314
15 16 44 46 1415
16 15 44 46 1415
15 16 46 44 1415
16 15 46 44 1415
15 16 45 45 1448
16 15 45 45 1448
11 20 28 62 0
20 11 28 62 0
11 20 62 28 0
20 11 62 28 0
11 20 29 61 0
20 11 29 61 0
11 20 61 29 0
20 11 61 29 0
12 19 28 62 0
19 12 28 62 0
12 19 62 28 0
19 12 62 28 0
12 19 29 61 0
19 12 29 61 0
12 19 61 29 0
19 12 61 29 0
13 18 28 62 0
18 13 28 62 0
13 18 62 28 0
18 13 62 28 0
13 18 29 61 0
18 13 29 61 0
13 18 61 29 0
18 13 61 29 0
14 17 28 62 0
17 14 28 62 0
14 17 62 28 0
17 14 62 28 0
14 17 29 61 0
17 14 29 61 0
14 17 61 29 0
17 14 61 29 0
12 19 27 63 0
19 12 27 63 0
12 19 63 27 0
19 12 63 27 0
13 18 27 63 0
18 13 27 63 0
13 18 63 27 0
18 13 63 27 0
14 17 27 63 0
17 14 27 63 0
14 17 63 27 0
17 14 63 27 0
15 16 27 63 0
16 15 27 63 0
15 16 63 27 0
16 15 63 27 0
15 16 28 62 0
16 15 28 62 0
15 16 62 28 0
16 15 62 28 0
15 16 29 61 0
16 15 29 61 0
15 16 61 29 0
16 15 61 29 0
15 16 30 60 0
16 15 30 60 0
15 16 60 30 0
16 15 60 30 0
15 16 31 59 1
16 15 31 59 1
15 16 59 31 1
16 15 59 31 1
13 18 26 64 0
18 13 26 64 0
13 18 64 26 0
18 13 64 26 0
14 17 26 64 0
17 14 26 64 0
14 17 64 26 0
17 14 64 26 0
15 16 26 64 0
16 15 26 64 0
15 16 64 26 0
16 15 64 26 0
