5 22 31 47 0
22 5 31 47 0
5 22 47 31 0
22 5 47 31 0
5 22 32 46 0
22 5 32 46 0
5 22 46 32 0
22 5 46 32 0
5 22 33 45 0
22 5 33 45 0
5 22 45 33 0
22 5 45 33 0
5 22 34 44 0
22 5 34 44 0
5 22 44 34 0
22 5 44 34 0
5 22 35 43 0
22 5 35 43 0
5 22 43 35 0
22 5 43 35 0
5 22 36 42 0
22 5 36 42 0
5 22 42 36 0
22 5 42 36 0
5 22 37 41 0
22 5 37 41 0
5 22 41 37 0
22 5 41 37 0
6 21 31 47 0
21 6 31 47 0
6 21 47 31 0
21 6 47 31 0
6 21 32 46 0
21 6 32 46 0
6 21 46 32 0
21 6 46 32 0
6 21 33 45 0
21 6 33 45 0
6 21 45 33 0
21 6 45 33 0
6 21 34 44 0
21 6 34 44 0
6 21 44 34 0
21 6 44 34 0
6 21 35 43 0
21 6 35 43 0
6 21 43 35 0
21 6 43 35 0
6 21 36 42 0
21 6 36 42 0
6 21 42 36 0
21 6 42 36 0
6 21 37 41 0
21 6 37 41 0
6 21 41 37 0
21 6 41 37 0
7 20 31 47 0
20 7 31 47 0
7 20 47 31 0
20 7 47 31 0
7 20 32 46 0
20 7 32 46 0
7 20 46 32 0
20 7 46 32 0
7 20 33 45 0
20 7 33 45 0
7 20 45 33 0
20 7 45 33 0
7 20 34 44 0
20 7 34 44 0
7 20 44 34 0
20 7 44 34 0
7 20 35 43 0
20 7 35 43 0
7 20 43 35 0
20 7 43 35 0
7 20 36 42 0
20 7 36 42 0
7 20 42 36 0
20 7 42 36 0
7 20 37 41 1
20 7 37 41 1
7 20 41 37 1
20 7 41 37 1
8 19 31 47 1
19 8 31 47 1
8 19 47 31 1
19 8 47 31 1
8 19 32 46 3
19 8 32 46 3
8 19 46 32 3
19 8 46 32 3
8 19 33 45 6
19 8 33 45 6
8 19 45 33 6
19 8 45 33 6
8 19 34 44 10
19 8 34 44 10
8 19 44 34 10
19 8 44 34 10
8 19 35 43 15
19 8 35 43 15
8 19 43 35 15
19 8 43 35 15
8 19 36 42 21
19 8 36 42 21
8 19 42 36 21
19 8 42 36 21
8 19 37 41 27
19 8 37 41 27
8 19 41 37 27
19 8 41 37 27
5 22 38 40 0
22 5 38 40 0
5 22 40 38 0
22 5 40 38 0
6 21 38 40 0
21 6 38 40 0
6 21 40 38 0
21 6 40 38 0
7 20 38 40 1
20 7 38 40 1
7 20 40 38 1
20 7 40 38 1
8 19 38 40 30
19 8 38 40 30
8 19 40 38 30
19 8 40 38 30
5 22 39 39 0
22 5 39 39 0
6 21 39 39 0
21 6 39 39 0
7 20 39 39 1
20 7 39 39 1
8 19 39 39 31
19 8 39 39 31
6 21 27 51 0
21 6 27 51 0
6 21 51 27 0
21 6 51 27 0
6 21 28 50 0
21 6 28 50 0
6 21 50 28 0
21 6 50 28 0
6 21 29 49 0
21 6 29 49 0
6 21 49 29 0
21 6 49 29 0
6 21 30 48 0
21 6 30 48 0
6 21 48 30 0
21 6 48 30 0
7 20 27 51 0
20 7 27 51 0
7 20 51 27 0
20 7 51 27 0
7 20 28 50 0
20 7 28 50 0
7 20 50 28 0
20 7 50 28 0
7 20 29 49 0
20 7 29 49 0
7 20 49 29 0
20 7 49 29 0
7 20 30 48 0
20 7 30 48 0
7 20 48 30 0
20 7 48 30 0
8 19 27 51 0
19 8 27 51 0
8 19 51 27 0
19 8 51 27 0
8 19 28 50 0
19 8 28 50 0
8 19 50 28 0
19 8 50 28 0
8 19 29 49 0
19 8 29 49 0
8 19 49 29 0
19 8 49 29 0
8 19 30 48 0
19 8 30 48 0
8 19 48 30 0
19 8 48 30 0
9 18 27 51 1
18 9 27 51 1
9 18 51 27 1
18 9 51 27 1
9 18 28 50 3
18 9 28 50 3
9 18 50 28 3
18 9 50 28 3
9 18 29 49 8
18 9 29 49 8
9 18 49 29 8
18 9 49 29 8
9 18 30 48 16
18 9 30 48 16
9 18 48 30 16
18 9 48 30 16
9 18 31 47 31
18 9 31 47 31
9 18 47 31 31
18 9 47 31 31
9 18 32 46 53
18 9 32 46 53
9 18 46 32 53
18 9 46 32 53
9 18 33 45 84
18 9 33 45 84
9 18 45 33 84
18 9 45 33 84
9 18 34 44 120
18 9 34 44 120
9 18 44 34 120
18 9 44 34 120
9 18 35 43 162
18 9 35 43 162
9 18 43 35 162
18 9 43 35 162
9 18 36 42 203
18 9 36 42 203
9 18 42 36 203
18 9 42 36 203
9 18 37 41 240
18 9 37 41 240
9 18 41 37 240
18 9 41 37 240
9 18 38 40 262
18 9 38 40 262
9 18 40 38 262
18 9 40 38 262
9 18 39 39 271
18 9 39 39 271
7 20 25 53 0
20 7 25 53 0
7 20 53 25 0
20 7 53 25 0
7 20 26 52 0
20 7 26 52 0
7 20 52 26 0
20 7 52 26 0
8 19 25 53 0
19 8 25 53 0
8 19 53 25 0
19 8 53 25 0
8 19 26 52 0
19 8 26 52 0
8 19 52 26 0
19 8 52 26 0
9 18 25 53 0
18 9 25 53 0
9 18 53 25 0
18 9 53 25 0
9 18 26 52 0
18 9 26 52 0
9 18 52 26 0
18 9 52 26 0
10 17 25 53 1
17 10 25 53 1
10 17 53 25 1
17 10 53 25 1
10 17 26 52 3
17 10 26 52 3
10 17 52 26 3
17 10 52 26 3
10 17 27 51 10
17 10 27 51 10
10 17 51 27 10
17 10 51 27 10
10 17 28 50 25
17 10 28 50 25
10 17 50 28 25
17 10 50 28 25
10 17 29 49 54
17 10 29 49 54
10 17 49 29 54
17 10 49 29 54
10 17 30 48 101
17 10 30 48 101
10 17 48 30 101
17 10 48 30 101
10 17 31 47 175
17 10 31 47 175
10 17 47 31 175
17 10 47 31 175
10 17 32 46 277
17 10 32 46 277
10 17 46 32 277
17 10 46 32 277
10 17 33 45 408
17 10 33 45 408
10 17 45 33 408
17 10 45 33 408
10 17 34 44 560
17 10 34 44 560
10 17 44 34 560
17 10 44 34 560
10 17 35 43 723
17 10 35 43 723
10 17 43 35 723
17 10 43 35 723
10 17 36 42 878
17 10 36 42 878
10 17 42 36 878
17 10 42 36 878
10 17 37 41 1010
17 10 37 41 1010
10 17 41 37 1010
17 10 41 37 1010
10 17 38 40 1095
17 10 38 40 1095
10 17 40 38 1095
17 10 40 38 1095
10 17 39 39 1125
17 10 39 39 1125
11 16 25 53 6
16 11 25 53 6
11 16 53 25 6
16 11 53 25 6
11 16 26 52 18
16 11 26 52 18
11 16 52 26 18
16 11 52 26 18
11 16 27 51 46
16 11 27 51 46
11 16 51 27 46
16 11 51 27 46
11 16 28 50 100
16 11 28 50 100
11 16 50 28 100
16 11 50 28 100
11 16 29 49 195
16 11 29 49 195
11 16 49 29 195
16 11 49 29 195
11 16 30 48 342
16 11 30 48 342
11 16 48 30 342
16 11 48 30 342
11 16 31 47 557
16 11 31 47 557
11 16 47 31 557
16 11 47 31 557
11 16 32 46 841
16 11 32 46 841
11 16 46 32 841
16 11 46 32 841
11 16 33 45 1193
16 11 33 45 1193
11 16 45 33 1193
16 11 45 33 1193
11 16 34 44 1590
16 11 34 44 1590
11 16 44 34 1590
16 11 44 34 1590
11 16 35 43 2006
16 11 35 43 2006
11 16 43 35 2006
16 11 43 35 2006
11 16 36 42 2394
16 11 36 42 2394
11 16 42 36 2394
16 11 42 36 2394
11 16 37 41 2718
16 11 37 41 2718
11 16 41 37 2718
16 11 41 37 2718
11 16 38 40 2927
16 11 38 40 2927
11 16 40 38 2927
16 11 40 38 2927
11 16 39 39 3002
16 11 39 39 3002
12 15 27 51 112
15 12 27 51 112
12 15 51 27 112
15 12 51 27 112
12 15 28 50 228
15 12 28 50 228
12 15 50 28 228
15 12 50 28 228
12 15 29 49 423
15 12 29 49 423
12 15 49 29 423
15 12 49 29 423
12 15 30 48 717
15 12 30 48 717
12 15 48 30 717
15 12 48 30 717
12 15 31 47 1132
15 12 31 47 1132
12 15 47 31 1132
15 12 47 31 1132
12 15 32 46 1670
15 12 32 46 1670
12 15 46 32 1670
15 12 46 32 1670
12 15 33 45 2322
15 12 33 45 2322
12 15 45 33 2322
15 12 45 33 2322
12 15 34 44 3047
15 12 34 44 3047
12 15 44 34 3047
15 12 44 34 3047
12 15 35 43 3795
15 12 35 43 3795
12 15 43 35 3795
15 12 43 35 3795
12 15 36 42 4489
15 12 36 42 4489
12 15 42 36 4489
15 12 42 36 4489
12 15 37 41 5059
15 12 37 41 5059
12 15 41 37 5059
15 12 41 37 5059
12 15 38 40 5429
15 12 38 40 5429
12 15 40 38 5429
15 12 40 38 5429
12 15 39 39 5560
15 12 39 39 5560
13 14 31 47 1596
14 13 31 47 1596
13 14 47 31 1596
14 13 47 31 1596
13 14 32 46 2328
14 13 32 46 2328
13 14 46 32 2328
14 13 46 32 2328
13 14 33 45 3207
14 13 33 45 3207
13 14 45 33 3207
14 13 45 33 3207
13 14 34 44 4178
14 13 34 44 4178
13 14 44 34 4178
14 13 44 34 4178
13 14 35 43 5174
14 13 35 43 5174
13 14 43 35 5174
14 13 43 35 5174
13 14 36 42 6093
14 13 36 42 6093
13 14 42 36 6093
14 13 42 36 6093
13 14 37 41 6847
14 13 37 41 6847
13 14 41 37 6847
14 13 41 37 6847
13 14 38 40 7334
14 13 38 40 7334
13 14 40 38 7334
14 13 40 38 7334
13 14 39 39 7506
14 13 39 39 7506
8 19 22 56 0
19 8 22 56 0
8 19 56 22 0
19 8 56 22 0
8 19 23 55 0
19 8 23 55 0
8 19 55 23 0
19 8 55 23 0
8 19 24 54 0
19 8 24 54 0
8 19 54 24 0
19 8 54 24 0
9 18 22 56 0
18 9 22 56 0
9 18 56 22 0
18 9 56 22 0
9 18 23 55 0
18 9 23 55 0
9 18 55 23 0
18 9 55 23 0
9 18 24 54 0
18 9 24 54 0
9 18 54 24 0
18 9 54 24 0
10 17 22 56 0
17 10 22 56 0
10 17 56 22 0
17 10 56 22 0
10 17 23 55 0
17 10 23 55 0
10 17 55 23 0
17 10 55 23 0
10 17 24 54 0
17 10 24 54 0
10 17 54 24 0
17 10 54 24 0
11 16 22 56 0
16 11 22 56 0
11 16 56 22 0
16 11 56 22 0
11 16 23 55 0
16 11 23 55 0
11 16 55 23 0
16 11 55 23 0
11 16 24 54 1
16 11 24 54 1
11 16 54 24 1
16 11 54 24 1
9 18 21 57 0
18 9 21 57 0
9 18 57 21 0
18 9 57 21 0
10 17 21 57 0
17 10 21 57 0
10 17 57 21 0
17 10 57 21 0
11 16 21 57 0
16 11 21 57 0
11 16 57 21 0
16 11 57 21 0
12 15 21 57 0
15 12 21 57 0
12 15 57 21 0
15 12 57 21 0
12 15 22 56 0
15 12 22 56 0
12 15 56 22 0
15 12 56 22 0
12 15 23 55 1
15 12 23 55 1
12 15 55 23 1
15 12 55 23 1
12 15 24 54 5
15 12 24 54 5
12 15 54 24 5
15 12 54 24 5
12 15 25 53 18
15 12 25 53 18
12 15 53 25 18
15 12 53 25 18
12 15 26 52 48
15 12 26 52 48
12 15 52 26 48
15 12 52 26 48
13 14 22 56 0
14 13 22 56 0
13 14 56 22 0
14 13 56 22 0
13 14 23 55 2
14 13 23 55 2
13 14 55 23 2
14 13 55 23 2
13 14 24 54 9
14 13 24 54 9
13 14 54 24 9
14 13 54 24 9
13 14 25 53 30
14 13 25 53 30
13 14 53 25 30
14 13 53 25 30
13 14 26 52 76
14 13 26 52 76
13 14 52 26 76
14 13 52 26 76
13 14 27 51 171
14 13 27 51 171
13 14 51 27 171
14 13 51 27 171
13 14 28 50 339
14 13 28 50 339
13 14 50 28 339
14 13 50 28 339
13 14 29 49 615
14 13 29 49 615
13 14 49 29 615
14 13 49 29 615
13 14 30 48 1024
14 13 30 48 1024
13 14 48 30 1024
14 13 48 30 1024
10 17 19 59 0
17 10 19 59 0
10 17 59 19 0
17 10 59 19 0
10 17 20 58 0
17 10 20 58 0
10 17 58 20 0
17 10 58 20 0
11 16 19 59 0
16 11 19 59 0
11 16 59 19 0
16 11 59 19 0
11 16 20 58 0
16 11 20 58 0
11 16 58 20 0
16 11 58 20 0
12 15 19 59 0
15 12 19 59 0
12 15 59 19 0
15 12 59 19 0
12 15 20 58 0
15 12 20 58 0
12 15 58 20 0
15 12 58 20 0
13 14 19 59 0
14 13 19 59 0
13 14 59 19 0
14 13 59 19 0
13 14 20 58 0
14 13 20 58 0
13 14 58 20 0
14 13 58 20 0
13 14 21 57 0
14 13 21 57 0
13 14 57 21 0
14 13 57 21 0
12 15 18 60 0
15 12 18 60 0
12 15 60 18 0
15 12 60 18 0
13 14 18 60 0
14 13 18 60 0
13 14 60 18 0
14 13 60 18 0
