4 21 27 45 0
21 4 27 45 0
4 21 45 27 0
21 4 45 27 0
4 21 28 44 0
21 4 28 44 0
4 21 44 28 0
21 4 44 28 0
4 21 29 43 0
21 4 29 43 0
4 21 43 29 0
21 4 43 29 0
4 21 30 42 0
21 4 30 42 0
4 21 42 30 0
21 4 42 30 0
4 21 31 41 0
21 4 31 41 0
4 21 41 31 0
21 4 41 31 0
4 21 32 40 0
21 4 32 40 0
4 21 40 32 0
21 4 40 32 0
4 21 33 39 0
21 4 33 39 0
4 21 39 33 0
21 4 39 33 0
5 20 27 45 0
20 5 27 45 0
5 20 45 27 0
20 5 45 27 0
5 20 28 44 0
20 5 28 44 0
5 20 44 28 0
20 5 44 28 0
5 20 29 43 0
20 5 29 43 0
5 20 43 29 0
20 5 43 29 0
5 20 30 42 0
20 5 30 42 0
5 20 42 30 0
20 5 42 30 0
5 20 31 41 0
20 5 31 41 0
5 20 41 31 0
20 5 41 31 0
5 20 32 40 0
20 5 32 40 0
5 20 40 32 0
20 5 40 32 0
5 20 33 39 0
20 5 33 39 0
5 20 39 33 0
20 5 39 33 0
6 19 27 45 0
19 6 27 45 0
6 19 45 27 0
19 6 45 27 0
6 19 28 44 0
19 6 28 44 0
6 19 44 28 0
19 6 44 28 0
6 19 29 43 0
19 6 29 43 0
6 19 43 29 0
19 6 43 29 0
6 19 30 42 0
19 6 30 42 0
6 19 42 30 0
19 6 42 30 0
6 19 31 41 1
19 6 31 41 1
6 19 41 31 1
19 6 41 31 1
6 19 32 40 2
19 6 32 40 2
6 19 40 32 2
19 6 40 32 2
6 19 33 39 3
19 6 33 39 3
6 19 39 33 3
19 6 39 33 3
7 18 27 45 3
18 7 27 45 3
7 18 45 27 3
18 7 45 27 3
7 18 28 44 7
18 7 28 44 7
7 18 44 28 7
18 7 44 28 7
7 18 29 43 13
18 7 29 43 13
7 18 43 29 13
18 7 43 29 13
7 18 30 42 22
18 7 30 42 22
7 18 42 30 22
18 7 42 30 22
7 18 31 41 35
18 7 31 41 35
7 18 41 31 35
18 7 41 31 35
7 18 32 40 50
18 7 32 40 50
7 18 40 32 50
18 7 40 32 50
7 18 33 39 65
18 7 33 39 65
7 18 39 33 65
18 7 39 33 65
4 21 34 38 0
21 4 34 38 0
4 21 38 34 0
21 4 38 34 0
5 20 34 38 0
20 5 34 38 0
5 20 38 34 0
20 5 38 34 0
6 19 34 38 4
19 6 34 38 4
6 19 38 34 4
19 6 38 34 4
7 18 34 38 78
18 7 34 38 78
7 18 38 34 78
18 7 38 34 78
4 21 35 37 0
21 4 35 37 0
4 21 37 35 0
21 4 37 35 0
5 20 35 37 0
20 5 35 37 0
5 20 37 35 0
20 5 37 35 0
6 19 35 37 5
19 6 35 37 5
6 19 37 35 5
19 6 37 35 5
7 18 35 37 88
18 7 35 37 88
7 18 37 35 88
18 7 37 35 88
4 21 36 36 0
21 4 36 36 0
5 20 36 36 0
20 5 36 36 0
6 19 36 36 5
19 6 36 36 5
7 18 36 36 91
18 7 36 36 91
5 20 24 48 0
20 5 24 48 0
5 20 48 24 0
20 5 48 24 0
5 20 25 47 0
20 5 25 47 0
5 20 47 25 0
20 5 47 25 0
5 20 26 46 0
20 5 26 46 0
5 20 46 26 0
20 5 46 26 0
6 19 24 48 0
19 6 24 48 0
6 19 48 24 0
19 6 48 24 0
6 19 25 47 0
19 6 25 47 0
6 19 47 25 0
19 6 47 25 0
6 19 26 46 0
19 6 26 46 0
6 19 46 26 0
19 6 46 26 0
7 18 24 48 0
18 7 24 48 0
7 18 48 24 0
18 7 48 24 0
7 18 25 47 0
18 7 25 47 0
7 18 47 25 0
18 7 47 25 0
7 18 26 46 1
18 7 26 46 1
7 18 46 26 1
18 7 46 26 1
8 17 24 48 3
17 8 24 48 3
8 17 48 24 3
17 8 48 24 3
8 17 25 47 8
17 8 25 47 8
8 17 47 25 8
17 8 47 25 8
8 17 26 46 19
17 8 26 46 19
8 17 46 26 19
17 8 46 26 19
8 17 27 45 40
17 8 27 45 40
8 17 45 27 40
17 8 45 27 40
8 17 28 44 73
17 8 28 44 73
8 17 44 28 73
17 8 44 28 73
8 17 29 43 122
17 8 29 43 122
8 17 43 29 122
17 8 43 29 122
8 17 30 42 186
17 8 30 42 186
8 17 42 30 186
17 8 42 30 186
8 17 31 41 266
17 8 31 41 266
8 17 41 31 266
17 8 41 31 266
8 17 32 40 352
17 8 32 40 352
8 17 40 32 352
17 8 40 32 352
8 17 33 39 437
17 8 33 39 437
8 17 39 33 437
17 8 39 33 437
8 17 34 38 507
17 8 34 38 507
8 17 38 34 507
17 8 38 34 507
8 17 35 37 557
17 8 35 37 557
8 17 37 35 557
17 8 37 35 557
8 17 36 36 573
17 8 36 36 573
6 19 23 49 0
19 6 23 49 0
6 19 49 23 0
19 6 49 23 0
7 18 23 49 0
18 7 23 49 0
7 18 49 23 0
18 7 49 23 0
8 17 23 49 1
17 8 23 49 1
8 17 49 23 1
17 8 49 23 1
9 16 23 49 8
16 9 23 49 8
9 16 49 23 8
16 9 49 23 8
9 16 24 48 23
16 9 24 48 23
9 16 48 24 23
16 9 48 24 23
9 16 25 47 54
16 9 25 47 54
9 16 47 25 54
16 9 47 25 54
9 16 26 46 111
16 9 26 46 111
9 16 46 26 111
16 9 46 26 111
9 16 27 45 205
16 9 27 45 205
9 16 45 27 205
16 9 45 27 205
9 16 28 44 346
16 9 28 44 346
9 16 44 28 346
16 9 44 28 346
9 16 29 43 539
16 9 29 43 539
9 16 43 29 539
16 9 43 29 539
9 16 30 42 781
16 9 30 42 781
9 16 42 30 781
16 9 42 30 781
9 16 31 41 1065
16 9 31 41 1065
9 16 41 31 1065
16 9 41 31 1065
9 16 32 40 1363
16 9 32 40 1363
9 16 40 32 1363
16 9 40 32 1363
9 16 33 39 1648
16 9 33 39 1648
9 16 39 33 1648
16 9 39 33 1648
9 16 34 38 1883
16 9 34 38 1883
9 16 38 34 1883
16 9 38 34 1883
9 16 35 37 2042
16 9 35 37 2042
9 16 37 35 2042
16 9 37 35 2042
9 16 36 36 2095
16 9 36 36 2095
10 15 24 48 92
15 10 24 48 92
10 15 48 24 92
15 10 48 24 92
10 15 25 47 192
15 10 25 47 192
10 15 47 25 192
15 10 47 25 192
10 15 26 46 361
15 10 26 46 361
10 15 46 26 361
15 10 46 26 361
10 15 27 45 624
15 10 27 45 624
10 15 45 27 624
15 10 45 27 624
10 15 28 44 999
15 10 28 44 999
10 15 44 28 999
15 10 44 28 999
10 15 29 43 1495
15 10 29 43 1495
10 15 43 29 1495
15 10 43 29 1495
10 15 30 42 2098
15 10 30 42 2098
10 15 42 30 2098
15 10 42 30 2098
10 15 31 41 2784
15 10 31 41 2784
10 15 41 31 2784
15 10 41 31 2784
10 15 32 40 3491
15 10 32 40 3491
10 15 40 32 3491
15 10 40 32 3491
10 15 33 39 4157
15 10 33 39 4157
10 15 39 33 4157
15 10 39 33 4157
10 15 34 38 4700
15 10 34 38 4700
10 15 38 34 4700
15 10 38 34 4700
10 15 35 37 5062
15 10 35 37 5062
10 15 37 35 5062
15 10 37 35 5062
10 15 36 36 5184
15 10 36 36 5184
11 14 27 45 1242
14 11 27 45 1242
11 14 45 27 1242
14 11 45 27 1242
11 14 28 44 1935
14 11 28 44 1935
11 14 44 28 1935
14 11 44 28 1935
11 14 29 43 2832
14 11 29 43 2832
11 14 43 29 2832
14 11 43 29 2832
11 14 30 42 3906
14 11 30 42 3906
11 14 42 30 3906
14 11 42 30 3906
11 14 31 41 5106
14 11 31 41 5106
11 14 41 31 5106
14 11 41 31 5106
11 14 32 40 6332
14 11 32 40 6332
11 14 40 32 6332
14 11 40 32 6332
11 14 33 39 7475
14 11 33 39 7475
11 14 39 33 7475
14 11 39 33 7475
11 14 34 38 8402
14 11 34 38 8402
11 14 38 34 8402
14 11 38 34 8402
11 14 35 37 9015
14 11 35 37 9015
11 14 37 35 9015
14 11 37 35 9015
11 14 36 36 9224
14 11 36 36 9224
6 19 21 51 0
19 6 21 51 0
6 19 51 21 0
19 6 51 21 0
6 19 22 50 0
19 6 22 50 0
6 19 50 22 0
19 6 50 22 0
7 18 21 51 0
18 7 21 51 0
7 18 51 21 0
18 7 51 21 0
7 18 22 50 0
18 7 22 50 0
7 18 50 22 0
18 7 50 22 0
8 17 21 51 0
17 8 21 51 0
8 17 51 21 0
17 8 51 21 0
8 17 22 50 0
17 8 22 50 0
8 17 50 22 0
17 8 50 22 0
9 16 21 51 0
16 9 21 51 0
9 16 51 21 0
16 9 51 21 0
9 16 22 50 2
16 9 22 50 2
9 16 50 22 2
16 9 50 22 2
7 18 19 53 0
18 7 19 53 0
7 18 53 19 0
18 7 53 19 0
7 18 20 52 0
18 7 20 52 0
7 18 52 20 0
18 7 52 20 0
8 17 19 53 0
17 8 19 53 0
8 17 53 19 0
17 8 53 19 0
8 17 20 52 0
17 8 20 52 0
8 17 52 20 0
17 8 52 20 0
9 16 19 53 0
16 9 19 53 0
9 16 53 19 0
16 9 53 19 0
9 16 20 52 0
16 9 20 52 0
9 16 52 20 0
16 9 52 20 0
10 15 19 53 0
15 10 19 53 0
10 15 53 19 0
15 10 53 19 0
10 15 20 52 1
15 10 20 52 1
10 15 52 20 1
15 10 52 20 1
10 15 21 51 4
15 10 21 51 4
10 15 51 21 4
15 10 51 21 4
10 15 22 50 14
15 10 22 50 14
10 15 50 22 14
15 10 50 22 14
10 15 23 49 39
15 10 23 49 39
10 15 49 23 39
15 10 49 23 39
11 14 19 53 0
14 11 19 53 0
11 14 53 19 0
14 11 53 19 0
11 14 20 52 3
14 11 20 52 3
11 14 52 20 3
14 11 52 20 3
11 14 21 51 12
14 11 21 51 12
11 14 51 21 12
14 11 51 21 12
11 14 22 50 37
14 11 22 50 37
11 14 50 22 37
14 11 50 22 37
11 14 23 49 94
14 11 23 49 94
11 14 49 23 94
14 11 49 23 94
11 14 24 48 208
14 11 24 48 208
11 14 48 24 208
14 11 48 24 208
11 14 25 47 411
14 11 25 47 411
11 14 47 25 411
14 11 47 25 411
11 14 26 46 743
14 11 26 46 743
11 14 46 26 743
14 11 46 26 743
12 13 21 51 21
13 12 21 51 21
12 13 51 21 21
13 12 51 21 21
12 13 22 50 60
13 12 22 50 60
12 13 50 22 60
13 12 50 22 60
12 13 23 49 145
13 12 23 49 145
12 13 49 23 145
13 12 49 23 145
12 13 24 48 309
13 12 24 48 309
12 13 48 24 309
13 12 48 24 309
12 13 25 47 596
13 12 25 47 596
12 13 47 25 596
13 12 47 25 596
12 13 26 46 1055
13 12 26 46 1055
12 13 46 26 1055
13 12 46 26 1055
12 13 27 45 1736
13 12 27 45 1736
12 13 45 27 1736
13 12 45 27 1736
12 13 28 44 2670
13 12 28 44 2670
12 13 44 28 2670
13 12 44 28 2670
12 13 29 43 3867
13 12 29 43 3867
12 13 43 29 3867
13 12 43 29 3867
12 13 30 42 5288
13 12 30 42 5288
12 13 42 30 5288
13 12 42 30 5288
12 13 31 41 6867
13 12 31 41 6867
12 13 41 31 6867
13 12 41 31 6867
12 13 32 40 8470
13 12 32 40 8470
12 13 40 32 8470
13 12 40 32 8470
12 13 33 39 9958
13 12 33 39 9958
12 13 39 33 9958
13 12 39 33 9958
12 13 34 38 11162
13 12 34 38 11162
12 13 38 34 11162
13 12 38 34 11162
12 13 35 37 11956
13 12 35 37 11956
12 13 37 35 11956
13 12 37 35 11956
12 13 36 36 12226
13 12 36 36 12226
8 17 17 55 0
17 8 17 55 0
8 17 55 17 0
17 8 55 17 0
8 17 18 54 0
17 8 18 54 0
8 17 54 18 0
17 8 54 18 0
9 16 17 55 0
16 9 17 55 0
9 16 55 17 0
16 9 55 17 0
9 16 18 54 0
16 9 18 54 0
9 16 54 18 0
16 9 54 18 0
10 15 17 55 0
15 10 17 55 0
10 15 55 17 0
15 10 55 17 0
10 15 18 54 0
15 10 18 54 0
10 15 54 18 0
15 10 54 18 0
11 14 17 55 0
14 11 17 55 0
11 14 55 17 0
14 11 55 17 0
11 14 18 54 0
14 11 18 54 0
11 14 54 18 0
14 11 54 18 0
9 16 16 56 0
16 9 16 56 0
9 16 56 16 0
16 9 56 16 0
10 15 16 56 0
15 10 16 56 0
10 15 56 16 0
15 10 56 16 0
11 14 16 56 0
14 11 16 56 0
11 14 56 16 0
14 11 56 16 0
12 13 16 56 0
13 12 16 56 0
12 13 56 16 0
13 12 56 16 0
12 13 17 55 0
13 12 17 55 0
12 13 55 17 0
13 12 55 17 0
12 13 18 54 0
13 12 18 54 0
12 13 54 18 0
13 12 54 18 0
12 13 19 53 1
13 12 19 53 1
12 13 53 19 1
13 12 53 19 1
12 13 20 52 6
13 12 20 52 6
12 13 52 20 6
13 12 52 20 6
10 15 15 57 0
15 10 15 57 0
10 15 57 15 0
15 10 57 15 0
11 14 15 57 0
14 11 15 57 0
11 14 57 15 0
14 11 57 15 0
12 13 15 57 0
13 12 15 57 0
12 13 57 15 0
13 12 57 15 0
