19 24 57 69 0
24 19 57 69 0
19 24 69 57 0
24 19 69 57 0
19 24 58 68 0
24 19 58 68 0
19 24 68 58 0
24 19 68 58 0
19 24 59 67 0
24 19 59 67 0
19 24 67 59 0
24 19 67 59 0
19 24 60 66 0
24 19 60 66 0
19 24 66 60 0
24 19 66 60 0
19 24 61 65 0
24 19 61 65 0
19 24 65 61 0
24 19 65 61 0
19 24 62 64 0
24 19 62 64 0
19 24 64 62 0
24 19 64 62 0
19 24 63 63 0
24 19 63 63 0
20 23 57 69 0
23 20 57 69 0
20 23 69 57 0
23 20 69 57 0
20 23 58 68 0
23 20 58 68 0
20 23 68 58 0
23 20 68 58 0
20 23 59 67 0
23 20 59 67 0
20 23 67 59 0
23 20 67 59 0
20 23 60 66 0
23 20 60 66 0
20 23 66 60 0
23 20 66 60 0
20 23 61 65 0
23 20 61 65 0
20 23 65 61 0
23 20 65 61 0
20 23 62 64 0
23 20 62 64 0
20 23 64 62 0
23 20 64 62 0
20 23 63 63 0
23 20 63 63 0
21 22 57 69 0
22 21 57 69 0
21 22 69 57 0
22 21 69 57 0
21 22 58 68 0
22 21 58 68 0
21 22 68 58 0
22 21 68 58 0
21 22 59 67 0
22 21 59 67 0
21 22 67 59 0
22 21 67 59 0
21 22 60 66 0
22 21 60 66 0
21 22 66 60 0
22 21 66 60 0
21 22 61 65 0
22 21 61 65 0
21 22 65 61 0
22 21 65 61 0
21 22 62 64 0
22 21 62 64 0
21 22 64 62 0
22 21 64 62 0
21 22 63 63 0
22 21 63 63 0
