9 24 42 54 0
24 9 42 54 0
9 24 54 42 0
24 9 54 42 0
9 24 43 53 0
24 9 43 53 0
9 24 53 43 0
24 9 53 43 0
9 24 44 52 0
24 9 44 52 0
9 24 52 44 0
24 9 52 44 0
9 24 45 51 0
24 9 45 51 0
9 24 51 45 0
24 9 51 45 0
9 24 46 50 0
24 9 46 50 0
9 24 50 46 0
24 9 50 46 0
9 24 47 49 0
24 9 47 49 0
9 24 49 47 0
24 9 49 47 0
9 24 48 48 0
24 9 48 48 0
10 23 42 54 0
23 10 42 54 0
10 23 54 42 0
23 10 54 42 0
10 23 43 53 0
23 10 43 53 0
10 23 53 43 0
23 10 53 43 0
10 23 44 52 0
23 10 44 52 0
10 23 52 44 0
23 10 52 44 0
10 23 45 51 0
23 10 45 51 0
10 23 51 45 0
23 10 51 45 0
10 23 46 50 0
23 10 46 50 0
10 23 50 46 0
23 10 50 46 0
10 23 47 49 0
23 10 47 49 0
10 23 49 47 0
23 10 49 47 0
10 23 48 48 0
23 10 48 48 0
11 22 42 54 0
22 11 42 54 0
11 22 54 42 0
22 11 54 42 0
11 22 43 53 0
22 11 43 53 0
11 22 53 43 0
22 11 53 43 0
11 22 44 52 0
22 11 44 52 0
11 22 52 44 0
22 11 52 44 0
11 22 45 51 0
22 11 45 51 0
11 22 51 45 0
22 11 51 45 0
11 22 46 50 0
22 11 46 50 0
11 22 50 46 0
22 11 50 46 0
11 22 47 49 0
22 11 47 49 0
11 22 49 47 0
22 11 49 47 0
11 22 48 48 0
22 11 48 48 0
12 21 42 54 0
21 12 42 54 0
12 21 54 42 0
21 12 54 42 0
12 21 43 53 0
21 12 43 53 0
12 21 53 43 0
21 12 53 43 0
12 21 44 52 0
21 12 44 52 0
12 21 52 44 0
21 12 52 44 0
12 21 45 51 0
21 12 45 51 0
12 21 51 45 0
21 12 51 45 0
12 21 46 50 0
21 12 46 50 0
12 21 50 46 0
21 12 50 46 0
12 21 47 49 0
21 12 47 49 0
12 21 49 47 0
21 12 49 47 0
12 21 48 48 0
21 12 48 48 0
10 23 37 59 0
23 10 37 59 0
10 23 59 37 0
23 10 59 37 0
10 23 38 58 0
23 10 38 58 0
10 23 58 38 0
23 10 58 38 0
10 23 39 57 0
23 10 39 57 0
10 23 57 39 0
23 10 57 39 0
10 23 40 56 0
23 10 40 56 0
10 23 56 40 0
23 10 56 40 0
10 23 41 55 0
23 10 41 55 0
10 23 55 41 0
23 10 55 41 0
11 22 37 59 0
22 11 37 59 0
11 22 59 37 0
22 11 59 37 0
11 22 38 58 0
22 11 38 58 0
11 22 58 38 0
22 11 58 38 0
11 22 39 57 0
22 11 39 57 0
11 22 57 39 0
22 11 57 39 0
11 22 40 56 0
22 11 40 56 0
11 22 56 40 0
22 11 56 40 0
11 22 41 55 0
22 11 41 55 0
11 22 55 41 0
22 11 55 41 0
12 21 37 59 0
21 12 37 59 0
12 21 59 37 0
21 12 59 37 0
12 21 38 58 0
21 12 38 58 0
12 21 58 38 0
21 12 58 38 0
12 21 39 57 0
21 12 39 57 0
12 21 57 39 0
21 12 57 39 0
12 21 40 56 0
21 12 40 56 0
12 21 56 40 0
21 12 56 40 0
12 21 41 55 0
21 12 41 55 0
12 21 55 41 0
21 12 55 41 0
13 20 37 59 0
20 13 37 59 0
13 20 59 37 0
20 13 59 37 0
13 20 38 58 0
20 13 38 58 0
13 20 58 38 0
20 13 58 38 0
13 20 39 57 0
20 13 39 57 0
13 20 57 39 0
20 13 57 39 0
13 20 40 56 1
20 13 40 56 1
13 20 56 40 1
20 13 56 40 1
13 20 41 55 2
20 13 41 55 2
13 20 55 41 2
20 13 55 41 2
13 20 42 54 4
20 13 42 54 4
13 20 54 42 4
20 13 54 42 4
13 20 43 53 7
20 13 43 53 7
13 20 53 43 7
20 13 53 43 7
13 20 44 52 10
20 13 44 52 10
13 20 52 44 10
20 13 52 44 10
13 20 45 51 13
20 13 45 51 13
13 20 51 45 13
20 13 51 45 13
13 20 46 50 16
20 13 46 50 16
13 20 50 46 16
20 13 50 46 16
13 20 47 49 18
20 13 47 49 18
13 20 49 47 18
20 13 49 47 18
13 20 48 48 18
20 13 48 48 18
11 22 34 62 0
22 11 34 62 0
11 22 62 34 0
22 11 62 34 0
11 22 35 61 0
22 11 35 61 0
11 22 61 35 0
22 11 61 35 0
11 22 36 60 0
22 11 36 60 0
11 22 60 36 0
22 11 60 36 0
12 21 34 62 0
21 12 34 62 0
12 21 62 34 0
21 12 62 34 0
12 21 35 61 0
21 12 35 61 0
12 21 61 35 0
21 12 61 35 0
12 21 36 60 0
21 12 36 60 0
12 21 60 36 0
21 12 60 36 0
13 20 34 62 0
20 13 34 62 0
13 20 62 34 0
20 13 62 34 0
13 20 35 61 0
20 13 35 61 0
13 20 61 35 0
20 13 61 35 0
13 20 36 60 0
20 13 36 60 0
13 20 60 36 0
20 13 60 36 0
14 19 34 62 0
19 14 34 62 0
14 19 62 34 0
19 14 62 34 0
14 19 35 61 0
19 14 35 61 0
14 19 61 35 0
19 14 61 35 0
14 19 36 60 0
19 14 36 60 0
14 19 60 36 0
19 14 60 36 0
14 19 37 59 1
19 14 37 59 1
14 19 59 37 1
19 14 59 37 1
14 19 38 58 3
19 14 38 58 3
14 19 58 38 3
19 14 58 38 3
14 19 39 57 7
19 14 39 57 7
14 19 57 39 7
19 14 57 39 7
14 19 40 56 14
19 14 40 56 14
14 19 56 40 14
19 14 56 40 14
14 19 41 55 24
19 14 41 55 24
14 19 55 41 24
19 14 55 41 24
14 19 42 54 37
19 14 42 54 37
14 19 54 42 37
19 14 54 42 37
14 19 43 53 53
19 14 43 53 53
14 19 53 43 53
19 14 53 43 53
14 19 44 52 69
19 14 44 52 69
14 19 52 44 69
19 14 52 44 69
14 19 45 51 85
19 14 45 51 85
14 19 51 45 85
19 14 51 45 85
14 19 46 50 98
19 14 46 50 98
14 19 50 46 98
19 14 50 46 98
14 19 47 49 107
19 14 47 49 107
14 19 49 47 107
19 14 49 47 107
14 19 48 48 109
19 14 48 48 109
12 21 33 63 0
21 12 33 63 0
12 21 63 33 0
21 12 63 33 0
13 20 33 63 0
20 13 33 63 0
13 20 63 33 0
20 13 63 33 0
14 19 33 63 0
19 14 33 63 0
14 19 63 33 0
19 14 63 33 0
15 18 33 63 0
18 15 33 63 0
15 18 63 33 0
18 15 63 33 0
15 18 34 62 0
18 15 34 62 0
15 18 62 34 0
18 15 62 34 0
15 18 35 61 0
18 15 35 61 0
15 18 61 35 0
18 15 61 35 0
15 18 36 60 1
18 15 36 60 1
15 18 60 36 1
18 15 60 36 1
15 18 37 59 4
18 15 37 59 4
15 18 59 37 4
18 15 59 37 4
15 18 38 58 11
18 15 38 58 11
15 18 58 38 11
18 15 58 38 11
15 18 39 57 23
18 15 39 57 23
15 18 57 39 23
18 15 57 39 23
15 18 40 56 42
18 15 40 56 42
15 18 56 40 42
18 15 56 40 42
15 18 41 55 69
18 15 41 55 69
15 18 55 41 69
18 15 55 41 69
15 18 42 54 103
18 15 42 54 103
15 18 54 42 103
18 15 54 42 103
15 18 43 53 142
18 15 43 53 142
15 18 53 43 142
18 15 53 43 142
15 18 44 52 182
18 15 44 52 182
15 18 52 44 182
18 15 52 44 182
15 18 45 51 221
18 15 45 51 221
15 18 51 45 221
18 15 51 45 221
15 18 46 50 252
18 15 46 50 252
15 18 50 46 252
18 15 50 46 252
15 18 47 49 273
18 15 47 49 273
15 18 49 47 273
18 15 49 47 273
15 18 48 48 279
18 15 48 48 279
16 17 34 62 0
17 16 34 62 0
16 17 62 34 0
17 16 62 34 0
16 17 35 61 0
17 16 35 61 0
16 17 61 35 0
17 16 61 35 0
16 17 36 60 2
17 16 36 60 2
16 17 60 36 2
17 16 60 36 2
16 17 37 59 8
17 16 37 59 8
16 17 59 37 8
17 16 59 37 8
16 17 38 58 20
17 16 38 58 20
16 17 58 38 20
17 16 58 38 20
16 17 39 57 40
17 16 39 57 40
16 17 57 39 40
17 16 57 39 40
16 17 40 56 71
17 16 40 56 71
16 17 56 40 71
17 16 56 40 71
16 17 41 55 114
17 16 41 55 114
16 17 55 41 114
17 16 55 41 114
16 17 42 54 167
17 16 42 54 167
16 17 54 42 167
17 16 54 42 167
16 17 43 53 227
17 16 43 53 227
16 17 53 43 227
17 16 53 43 227
16 17 44 52 288
17 16 44 52 288
16 17 52 44 288
17 16 52 44 288
16 17 45 51 346
17 16 45 51 346
16 17 51 45 346
17 16 51 45 346
16 17 46 50 393
17 16 46 50 393
16 17 50 46 393
17 16 50 46 393
16 17 47 49 424
17 16 47 49 424
16 17 49 47 424
17 16 49 47 424
16 17 48 48 433
17 16 48 48 433
13 20 31 65 0
20 13 31 65 0
13 20 65 31 0
20 13 65 31 0
13 20 32 64 0
20 13 32 64 0
13 20 64 32 0
20 13 64 32 0
14 19 31 65 0
19 14 31 65 0
14 19 65 31 0
19 14 65 31 0
14 19 32 64 0
19 14 32 64 0
14 19 64 32 0
19 14 64 32 0
15 18 31 65 0
18 15 31 65 0
15 18 65 31 0
18 15 65 31 0
15 18 32 64 0
18 15 32 64 0
15 18 64 32 0
18 15 64 32 0
16 17 31 65 0
17 16 31 65 0
16 17 65 31 0
17 16 65 31 0
16 17 32 64 0
17 16 32 64 0
16 17 64 32 0
17 16 64 32 0
16 17 33 63 0
17 16 33 63 0
16 17 63 33 0
17 16 63 33 0
15 18 30 66 0
18 15 30 66 0
15 18 66 30 0
18 15 66 30 0
16 17 30 66 0
17 16 30 66 0
16 17 66 30 0
17 16 66 30 0
