13 24 45 63 0
24 13 45 63 0
13 24 63 45 0
24 13 63 45 0
13 24 46 62 0
24 13 46 62 0
13 24 62 46 0
24 13 62 46 0
13 24 47 61 0
24 13 47 61 0
13 24 61 47 0
24 13 61 47 0
13 24 48 60 0
24 13 48 60 0
13 24 60 48 0
24 13 60 48 0
13 24 49 59 0
24 13 49 59 0
13 24 59 49 0
24 13 59 49 0
13 24 50 58 0
24 13 50 58 0
13 24 58 50 0
24 13 58 50 0
13 24 51 57 0
24 13 51 57 0
13 24 57 51 0
24 13 57 51 0
14 23 45 63 0
23 14 45 63 0
14 23 63 45 0
23 14 63 45 0
14 23 46 62 0
23 14 46 62 0
14 23 62 46 0
23 14 62 46 0
14 23 47 61 0
23 14 47 61 0
14 23 61 47 0
23 14 61 47 0
14 23 48 60 0
23 14 48 60 0
14 23 60 48 0
23 14 60 48 0
14 23 49 59 0
23 14 49 59 0
14 23 59 49 0
23 14 59 49 0
14 23 50 58 0
23 14 50 58 0
14 23 58 50 0
23 14 58 50 0
14 23 51 57 0
23 14 51 57 0
14 23 57 51 0
23 14 57 51 0
15 22 45 63 0
22 15 45 63 0
15 22 63 45 0
22 15 63 45 0
15 22 46 62 0
22 15 46 62 0
15 22 62 46 0
22 15 62 46 0
15 22 47 61 0
22 15 47 61 0
15 22 61 47 0
22 15 61 47 0
15 22 48 60 0
22 15 48 60 0
15 22 60 48 0
22 15 60 48 0
15 22 49 59 0
22 15 49 59 0
15 22 59 49 0
22 15 59 49 0
15 22 50 58 0
22 15 50 58 0
15 22 58 50 0
22 15 58 50 0
15 22 51 57 0
22 15 51 57 0
15 22 57 51 0
22 15 57 51 0
16 21 45 63 0
21 16 45 63 0
16 21 63 45 0
21 16 63 45 0
16 21 46 62 0
21 16 46 62 0
16 21 62 46 0
21 16 62 46 0
16 21 47 61 0
21 16 47 61 0
16 21 61 47 0
21 16 61 47 0
16 21 48 60 0
21 16 48 60 0
16 21 60 48 0
21 16 60 48 0
16 21 49 59 0
21 16 49 59 0
16 21 59 49 0
21 16 59 49 0
16 21 50 58 0
21 16 50 58 0
16 21 58 50 0
21 16 58 50 0
16 21 51 57 0
21 16 51 57 0
16 21 57 51 0
21 16 57 51 0
13 24 52 56 0
24 13 52 56 0
13 24 56 52 0
24 13 56 52 0
14 23 52 56 0
23 14 52 56 0
14 23 56 52 0
23 14 56 52 0
15 22 52 56 0
22 15 52 56 0
15 22 56 52 0
22 15 56 52 0
16 21 52 56 0
21 16 52 56 0
16 21 56 52 0
21 16 56 52 0
13 24 53 55 0
24 13 53 55 0
13 24 55 53 0
24 13 55 53 0
14 23 53 55 0
23 14 53 55 0
14 23 55 53 0
23 14 55 53 0
15 22 53 55 0
22 15 53 55 0
15 22 55 53 0
22 15 55 53 0
16 21 53 55 0
21 16 53 55 0
16 21 55 53 0
21 16 55 53 0
13 24 54 54 0
24 13 54 54 0
14 23 54 54 0
23 14 54 54 0
15 22 54 54 0
22 15 54 54 0
16 21 54 54 0
21 16 54 54 0
14 23 42 66 0
23 14 42 66 0
14 23 66 42 0
23 14 66 42 0
14 23 43 65 0
23 14 43 65 0
14 23 65 43 0
23 14 65 43 0
14 23 44 64 0
23 14 44 64 0
14 23 64 44 0
23 14 64 44 0
15 22 42 66 0
22 15 42 66 0
15 22 66 42 0
22 15 66 42 0
15 22 43 65 0
22 15 43 65 0
15 22 65 43 0
22 15 65 43 0
15 22 44 64 0
22 15 44 64 0
15 22 64 44 0
22 15 64 44 0
16 21 42 66 0
21 16 42 66 0
16 21 66 42 0
21 16 66 42 0
16 21 43 65 0
21 16 43 65 0
16 21 65 43 0
21 16 65 43 0
16 21 44 64 0
21 16 44 64 0
16 21 64 44 0
21 16 64 44 0
17 20 42 66 0
20 17 42 66 0
17 20 66 42 0
20 17 66 42 0
17 20 43 65 0
20 17 43 65 0
17 20 65 43 0
20 17 65 43 0
17 20 44 64 0
20 17 44 64 0
17 20 64 44 0
20 17 64 44 0
17 20 45 63 0
20 17 45 63 0
17 20 63 45 0
20 17 63 45 0
17 20 46 62 0
20 17 46 62 0
17 20 62 46 0
20 17 62 46 0
17 20 47 61 1
20 17 47 61 1
17 20 61 47 1
20 17 61 47 1
17 20 48 60 2
20 17 48 60 2
17 20 60 48 2
20 17 60 48 2
17 20 49 59 3
20 17 49 59 3
17 20 59 49 3
20 17 59 49 3
17 20 50 58 4
20 17 50 58 4
17 20 58 50 4
20 17 58 50 4
17 20 51 57 5
20 17 51 57 5
17 20 57 51 5
20 17 57 51 5
17 20 52 56 6
20 17 52 56 6
17 20 56 52 6
20 17 56 52 6
17 20 53 55 6
20 17 53 55 6
17 20 55 53 6
20 17 55 53 6
17 20 54 54 6
20 17 54 54 6
15 22 41 67 0
22 15 41 67 0
15 22 67 41 0
22 15 67 41 0
16 21 41 67 0
21 16 41 67 0
16 21 67 41 0
21 16 67 41 0
17 20 41 67 0
20 17 41 67 0
17 20 67 41 0
20 17 67 41 0
18 19 41 67 0
19 18 41 67 0
18 19 67 41 0
19 18 67 41 0
18 19 42 66 0
19 18 42 66 0
18 19 66 42 0
19 18 66 42 0
18 19 43 65 0
19 18 43 65 0
18 19 65 43 0
19 18 65 43 0
18 19 44 64 0
19 18 44 64 0
18 19 64 44 0
19 18 64 44 0
18 19 45 63 0
19 18 45 63 0
18 19 63 45 0
19 18 63 45 0
18 19 46 62 1
19 18 46 62 1
18 19 62 46 1
19 18 62 46 1
18 19 47 61 3
19 18 47 61 3
18 19 61 47 3
19 18 61 47 3
18 19 48 60 5
19 18 48 60 5
18 19 60 48 5
19 18 60 48 5
18 19 49 59 7
19 18 49 59 7
18 19 59 49 7
19 18 59 49 7
18 19 50 58 9
19 18 50 58 9
18 19 58 50 9
19 18 58 50 9
18 19 51 57 11
19 18 51 57 11
18 19 57 51 11
19 18 57 51 11
18 19 52 56 13
19 18 52 56 13
18 19 56 52 13
19 18 56 52 13
18 19 53 55 13
19 18 53 55 13
18 19 55 53 13
19 18 55 53 13
18 19 54 54 13
19 18 54 54 13
16 21 40 68 0
21 16 40 68 0
16 21 68 40 0
21 16 68 40 0
17 20 40 68 0
20 17 40 68 0
17 20 68 40 0
20 17 68 40 0
18 19 40 68 0
19 18 40 68 0
18 19 68 40 0
19 18 68 40 0
