11 24 43 59 0
24 11 43 59 0
11 24 59 43 0
24 11 59 43 0
11 24 44 58 0
24 11 44 58 0
11 24 58 44 0
24 11 58 44 0
11 24 45 57 0
24 11 45 57 0
11 24 57 45 0
24 11 57 45 0
11 24 46 56 0
24 11 46 56 0
11 24 56 46 0
24 11 56 46 0
11 24 47 55 0
24 11 47 55 0
11 24 55 47 0
24 11 55 47 0
11 24 48 54 0
24 11 48 54 0
11 24 54 48 0
24 11 54 48 0
11 24 49 53 0
24 11 49 53 0
11 24 53 49 0
24 11 53 49 0
12 23 43 59 0
23 12 43 59 0
12 23 59 43 0
23 12 59 43 0
12 23 44 58 0
23 12 44 58 0
12 23 58 44 0
23 12 58 44 0
12 23 45 57 0
23 12 45 57 0
12 23 57 45 0
23 12 57 45 0
12 23 46 56 0
23 12 46 56 0
12 23 56 46 0
23 12 56 46 0
12 23 47 55 0
23 12 47 55 0
12 23 55 47 0
23 12 55 47 0
12 23 48 54 0
23 12 48 54 0
12 23 54 48 0
23 12 54 48 0
12 23 49 53 0
23 12 49 53 0
12 23 53 49 0
23 12 53 49 0
13 22 43 59 0
22 13 43 59 0
13 22 59 43 0
22 13 59 43 0
13 22 44 58 0
22 13 44 58 0
13 22 58 44 0
22 13 58 44 0
13 22 45 57 0
22 13 45 57 0
13 22 57 45 0
22 13 57 45 0
13 22 46 56 0
22 13 46 56 0
13 22 56 46 0
22 13 56 46 0
13 22 47 55 0
22 13 47 55 0
13 22 55 47 0
22 13 55 47 0
13 22 48 54 0
22 13 48 54 0
13 22 54 48 0
22 13 54 48 0
13 22 49 53 0
22 13 49 53 0
13 22 53 49 0
22 13 53 49 0
14 21 43 59 0
21 14 43 59 0
14 21 59 43 0
21 14 59 43 0
14 21 44 58 0
21 14 44 58 0
14 21 58 44 0
21 14 58 44 0
14 21 45 57 0
21 14 45 57 0
14 21 57 45 0
21 14 57 45 0
14 21 46 56 0
21 14 46 56 0
14 21 56 46 0
21 14 56 46 0
14 21 47 55 0
21 14 47 55 0
14 21 55 47 0
21 14 55 47 0
14 21 48 54 0
21 14 48 54 0
14 21 54 48 0
21 14 54 48 0
14 21 49 53 0
21 14 49 53 0
14 21 53 49 0
21 14 53 49 0
11 24 50 52 0
24 11 50 52 0
11 24 52 50 0
24 11 52 50 0
12 23 50 52 0
23 12 50 52 0
12 23 52 50 0
23 12 52 50 0
13 22 50 52 0
22 13 50 52 0
13 22 52 50 0
22 13 52 50 0
14 21 50 52 0
21 14 50 52 0
14 21 52 50 0
21 14 52 50 0
11 24 51 51 0
24 11 51 51 0
12 23 51 51 0
23 12 51 51 0
13 22 51 51 0
22 13 51 51 0
14 21 51 51 0
21 14 51 51 0
12 23 39 63 0
23 12 39 63 0
12 23 63 39 0
23 12 63 39 0
12 23 40 62 0
23 12 40 62 0
12 23 62 40 0
23 12 62 40 0
12 23 41 61 0
23 12 41 61 0
12 23 61 41 0
23 12 61 41 0
12 23 42 60 0
23 12 42 60 0
12 23 60 42 0
23 12 60 42 0
13 22 39 63 0
22 13 39 63 0
13 22 63 39 0
22 13 63 39 0
13 22 40 62 0
22 13 40 62 0
13 22 62 40 0
22 13 62 40 0
13 22 41 61 0
22 13 41 61 0
13 22 61 41 0
22 13 61 41 0
13 22 42 60 0
22 13 42 60 0
13 22 60 42 0
22 13 60 42 0
14 21 39 63 0
21 14 39 63 0
14 21 63 39 0
21 14 63 39 0
14 21 40 62 0
21 14 40 62 0
14 21 62 40 0
21 14 62 40 0
14 21 41 61 0
21 14 41 61 0
14 21 61 41 0
21 14 61 41 0
14 21 42 60 0
21 14 42 60 0
14 21 60 42 0
21 14 60 42 0
15 20 39 63 0
20 15 39 63 0
15 20 63 39 0
20 15 63 39 0
15 20 40 62 0
20 15 40 62 0
15 20 62 40 0
20 15 62 40 0
15 20 41 61 0
20 15 41 61 0
15 20 61 41 0
20 15 61 41 0
15 20 42 60 0
20 15 42 60 0
15 20 60 42 0
20 15 60 42 0
15 20 43 59 1
20 15 43 59 1
15 20 59 43 1
20 15 59 43 1
15 20 44 58 2
20 15 44 58 2
15 20 58 44 2
20 15 58 44 2
15 20 45 57 4
20 15 45 57 4
15 20 57 45 4
20 15 57 45 4
15 20 46 56 6
20 15 46 56 6
15 20 56 46 6
20 15 56 46 6
15 20 47 55 9
20 15 47 55 9
15 20 55 47 9
20 15 55 47 9
15 20 48 54 11
20 15 48 54 11
15 20 54 48 11
20 15 54 48 11
15 20 49 53 13
20 15 49 53 13
15 20 53 49 13
20 15 53 49 13
15 20 50 52 14
20 15 50 52 14
15 20 52 50 14
20 15 52 50 14
15 20 51 51 15
20 15 51 51 15
13 22 37 65 0
22 13 37 65 0
13 22 65 37 0
22 13 65 37 0
13 22 38 64 0
22 13 38 64 0
13 22 64 38 0
22 13 64 38 0
14 21 37 65 0
21 14 37 65 0
14 21 65 37 0
21 14 65 37 0
14 21 38 64 0
21 14 38 64 0
14 21 64 38 0
21 14 64 38 0
15 20 37 65 0
20 15 37 65 0
15 20 65 37 0
20 15 65 37 0
15 20 38 64 0
20 15 38 64 0
15 20 64 38 0
20 15 64 38 0
16 19 37 65 0
19 16 37 65 0
16 19 65 37 0
19 16 65 37 0
16 19 38 64 0
19 16 38 64 0
16 19 64 38 0
19 16 64 38 0
16 19 39 63 0
19 16 39 63 0
16 19 63 39 0
19 16 63 39 0
16 19 40 62 0
19 16 40 62 0
16 19 62 40 0
19 16 62 40 0
16 19 41 61 1
19 16 41 61 1
16 19 61 41 1
19 16 61 41 1
16 19 42 60 3
19 16 42 60 3
16 19 60 42 3
19 16 60 42 3
16 19 43 59 7
19 16 43 59 7
16 19 59 43 7
19 16 59 43 7
16 19 44 58 12
19 16 44 58 12
16 19 58 44 12
19 16 58 44 12
16 19 45 57 19
19 16 45 57 19
16 19 57 45 19
19 16 57 45 19
16 19 46 56 27
19 16 46 56 27
16 19 56 46 27
19 16 56 46 27
16 19 47 55 36
19 16 47 55 36
16 19 55 47 36
19 16 55 47 36
16 19 48 54 43
19 16 48 54 43
16 19 54 48 43
19 16 54 48 43
16 19 49 53 49
19 16 49 53 49
16 19 53 49 49
19 16 53 49 49
16 19 50 52 53
19 16 50 52 53
16 19 52 50 53
19 16 52 50 53
16 19 51 51 55
19 16 51 51 55
17 18 37 65 0
18 17 37 65 0
17 18 65 37 0
18 17 65 37 0
17 18 38 64 0
18 17 38 64 0
17 18 64 38 0
18 17 64 38 0
17 18 39 63 0
18 17 39 63 0
17 18 63 39 0
18 17 63 39 0
17 18 40 62 0
18 17 40 62 0
17 18 62 40 0
18 17 62 40 0
17 18 41 61 2
18 17 41 61 2
17 18 61 41 2
18 17 61 41 2
17 18 42 60 6
18 17 42 60 6
17 18 60 42 6
18 17 60 42 6
17 18 43 59 13
18 17 43 59 13
17 18 59 43 13
18 17 59 43 13
17 18 44 58 22
18 17 44 58 22
17 18 58 44 22
18 17 58 44 22
17 18 45 57 34
18 17 45 57 34
17 18 57 45 34
18 17 57 45 34
17 18 46 56 48
18 17 46 56 48
17 18 56 46 48
18 17 56 46 48
17 18 47 55 63
18 17 47 55 63
17 18 55 47 63
18 17 55 47 63
17 18 48 54 75
18 17 48 54 75
17 18 54 48 75
18 17 54 48 75
17 18 49 53 85
18 17 49 53 85
17 18 53 49 85
18 17 53 49 85
17 18 50 52 92
18 17 50 52 92
17 18 52 50 92
18 17 52 50 92
17 18 51 51 95
18 17 51 51 95
14 21 36 66 0
21 14 36 66 0
14 21 66 36 0
21 14 66 36 0
15 20 36 66 0
20 15 36 66 0
15 20 66 36 0
20 15 66 36 0
16 19 36 66 0
19 16 36 66 0
16 19 66 36 0
19 16 66 36 0
17 18 36 66 0
18 17 36 66 0
17 18 66 36 0
18 17 66 36 0
15 20 35 67 0
20 15 35 67 0
15 20 67 35 0
20 15 67 35 0
16 19 35 67 0
19 16 35 67 0
16 19 67 35 0
19 16 67 35 0
17 18 35 67 0
18 17 35 67 0
17 18 67 35 0
18 17 67 35 0
