4 20 27 47 0
20 4 27 47 0
4 20 47 27 0
20 4 47 27 0
4 20 28 46 0
20 4 28 46 0
4 20 46 28 0
20 4 46 28 0
4 20 29 45 0
20 4 29 45 0
4 20 45 29 0
20 4 45 29 0
4 20 30 44 0
20 4 30 44 0
4 20 44 30 0
20 4 44 30 0
4 20 31 43 0
20 4 31 43 0
4 20 43 31 0
20 4 43 31 0
4 20 32 42 0
20 4 32 42 0
4 20 42 32 0
20 4 42 32 0
4 20 33 41 0
20 4 33 41 0
4 20 41 33 0
20 4 41 33 0
4 20 34 40 0
20 4 34 40 0
4 20 40 34 0
20 4 40 34 0
4 20 35 39 0
20 4 35 39 0
4 20 39 35 0
20 4 39 35 0
5 19 27 47 0
19 5 27 47 0
5 19 47 27 0
19 5 47 27 0
5 19 28 46 0
19 5 28 46 0
5 19 46 28 0
19 5 46 28 0
5 19 29 45 0
19 5 29 45 0
5 19 45 29 0
19 5 45 29 0
5 19 30 44 0
19 5 30 44 0
5 19 44 30 0
19 5 44 30 0
5 19 31 43 0
19 5 31 43 0
5 19 43 31 0
19 5 43 31 0
5 19 32 42 0
19 5 32 42 0
5 19 42 32 0
19 5 42 32 0
5 19 33 41 0
19 5 33 41 0
5 19 41 33 0
19 5 41 33 0
5 19 34 40 0
19 5 34 40 0
5 19 40 34 0
19 5 40 34 0
5 19 35 39 0
19 5 35 39 0
5 19 39 35 0
19 5 39 35 0
6 18 27 47 0
18 6 27 47 0
6 18 47 27 0
18 6 47 27 0
6 18 28 46 0
18 6 28 46 0
6 18 46 28 0
18 6 46 28 0
6 18 29 45 0
18 6 29 45 0
6 18 45 29 0
18 6 45 29 0
6 18 30 44 0
18 6 30 44 0
6 18 44 30 0
18 6 44 30 0
6 18 31 43 1
18 6 31 43 1
6 18 43 31 1
18 6 43 31 1
6 18 32 42 2
18 6 32 42 2
6 18 42 32 2
18 6 42 32 2
6 18 33 41 5
18 6 33 41 5
6 18 41 33 5
18 6 41 33 5
6 18 34 40 7
18 6 34 40 7
6 18 40 34 7
18 6 40 34 7
6 18 35 39 10
18 6 35 39 10
6 18 39 35 10
18 6 39 35 10
4 20 36 38 0
20 4 36 38 0
4 20 38 36 0
20 4 38 36 0
5 19 36 38 0
19 5 36 38 0
5 19 38 36 0
19 5 38 36 0
6 18 36 38 11
18 6 36 38 11
6 18 38 36 11
18 6 38 36 11
4 20 37 37 0
20 4 37 37 0
5 19 37 37 0
19 5 37 37 0
6 18 37 37 12
18 6 37 37 12
5 19 24 50 0
19 5 24 50 0
5 19 50 24 0
19 5 50 24 0
5 19 25 49 0
19 5 25 49 0
5 19 49 25 0
19 5 49 25 0
5 19 26 48 0
19 5 26 48 0
5 19 48 26 0
19 5 48 26 0
6 18 24 50 0
18 6 24 50 0
6 18 50 24 0
18 6 50 24 0
6 18 25 49 0
18 6 25 49 0
6 18 49 25 0
18 6 49 25 0
6 18 26 48 0
18 6 26 48 0
6 18 48 26 0
18 6 48 26 0
7 17 24 50 0
17 7 24 50 0
7 17 50 24 0
17 7 50 24 0
7 17 25 49 0
17 7 25 49 0
7 17 49 25 0
17 7 49 25 0
7 17 26 48 0
17 7 26 48 0
7 17 48 26 0
17 7 48 26 0
7 17 27 47 0
17 7 27 47 0
7 17 47 27 0
17 7 47 27 0
7 17 28 46 2
17 7 28 46 2
7 17 46 28 2
17 7 46 28 2
7 17 29 45 6
17 7 29 45 6
7 17 45 29 6
17 7 45 29 6
7 17 30 44 14
17 7 30 44 14
7 17 44 30 14
17 7 44 30 14
7 17 31 43 27
17 7 31 43 27
7 17 43 31 27
17 7 43 31 27
7 17 32 42 45
17 7 32 42 45
7 17 42 32 45
17 7 42 32 45
7 17 33 41 67
17 7 33 41 67
7 17 41 33 67
17 7 41 33 67
7 17 34 40 90
17 7 34 40 90
7 17 40 34 90
17 7 40 34 90
7 17 35 39 111
17 7 35 39 111
7 17 39 35 111
17 7 39 35 111
7 17 36 38 125
17 7 36 38 125
7 17 38 36 125
17 7 38 36 125
7 17 37 37 130
17 7 37 37 130
6 18 23 51 0
18 6 23 51 0
6 18 51 23 0
18 6 51 23 0
7 17 23 51 0
17 7 23 51 0
7 17 51 23 0
17 7 51 23 0
8 16 23 51 0
16 8 23 51 0
8 16 51 23 0
16 8 51 23 0
8 16 24 50 0
16 8 24 50 0
8 16 50 24 0
16 8 50 24 0
8 16 25 49 1
16 8 25 49 1
8 16 49 25 1
16 8 49 25 1
8 16 26 48 4
16 8 26 48 4
8 16 48 26 4
16 8 48 26 4
8 16 27 47 13
16 8 27 47 13
8 16 47 27 13
16 8 47 27 13
8 16 28 46 31
16 8 28 46 31
8 16 46 28 31
16 8 46 28 31
8 16 29 45 65
16 8 29 45 65
8 16 45 29 65
16 8 45 29 65
8 16 30 44 116
16 8 30 44 116
8 16 44 30 116
16 8 44 30 116
8 16 31 43 191
16 8 31 43 191
8 16 43 31 191
16 8 43 31 191
8 16 32 42 281
16 8 32 42 281
8 16 42 32 281
16 8 42 32 281
8 16 33 41 387
16 8 33 41 387
8 16 41 33 387
16 8 41 33 387
8 16 34 40 488
16 8 34 40 488
8 16 40 34 488
16 8 40 34 488
8 16 35 39 580
16 8 35 39 580
8 16 39 35 580
16 8 39 35 580
8 16 36 38 637
16 8 36 38 637
8 16 38 36 637
16 8 38 36 637
8 16 37 37 661
16 8 37 37 661
9 15 24 50 3
15 9 24 50 3
9 15 50 24 3
15 9 50 24 3
9 15 25 49 11
15 9 25 49 11
9 15 49 25 11
15 9 49 25 11
9 15 26 48 32
15 9 26 48 32
9 15 48 26 32
15 9 48 26 32
9 15 27 47 75
15 9 27 47 75
9 15 47 27 75
15 9 47 27 75
9 15 28 46 153
15 9 28 46 153
9 15 46 28 153
15 9 46 28 153
9 15 29 45 277
15 9 29 45 277
9 15 45 29 277
15 9 45 29 277
9 15 30 44 457
15 9 30 44 457
9 15 44 30 457
15 9 44 30 457
9 15 31 43 693
15 9 31 43 693
9 15 43 31 693
15 9 43 31 693
9 15 32 42 975
15 9 32 42 975
9 15 42 32 975
15 9 42 32 975
9 15 33 41 1281
15 9 33 41 1281
9 15 41 33 1281
15 9 41 33 1281
9 15 34 40 1577
15 9 34 40 1577
9 15 40 34 1577
15 9 40 34 1577
9 15 35 39 1827
15 9 35 39 1827
9 15 39 35 1827
15 9 39 35 1827
9 15 36 38 1993
15 9 36 38 1993
9 15 38 36 1993
15 9 38 36 1993
9 15 37 37 2052
15 9 37 37 2052
10 14 27 47 230
14 10 27 47 230
10 14 47 27 230
14 10 47 27 230
10 14 28 46 424
14 10 28 46 424
10 14 46 28 424
14 10 46 28 424
10 14 29 45 721
14 10 29 45 721
10 14 45 29 721
14 10 45 29 721
10 14 30 44 1124
14 10 30 44 1124
10 14 44 30 1124
14 10 44 30 1124
10 14 31 43 1642
14 10 31 43 1642
10 14 43 31 1642
14 10 43 31 1642
10 14 32 42 2235
14 10 32 42 2235
10 14 42 32 2235
14 10 42 32 2235
10 14 33 41 2873
14 10 33 41 2873
10 14 41 33 2873
14 10 41 33 2873
10 14 34 40 3471
14 10 34 40 3471
10 14 40 34 3471
14 10 40 34 3471
10 14 35 39 3979
14 10 35 39 3979
10 14 39 35 3979
14 10 39 35 3979
10 14 36 38 4305
14 10 36 38 4305
10 14 38 36 4305
14 10 38 36 4305
10 14 37 37 4428
14 10 37 37 4428
6 18 21 53 0
18 6 21 53 0
6 18 53 21 0
18 6 53 21 0
6 18 22 52 0
18 6 22 52 0
6 18 52 22 0
18 6 52 22 0
7 17 21 53 0
17 7 21 53 0
7 17 53 21 0
17 7 53 21 0
7 17 22 52 0
17 7 22 52 0
7 17 52 22 0
17 7 52 22 0
8 16 21 53 0
16 8 21 53 0
8 16 53 21 0
16 8 53 21 0
8 16 22 52 0
16 8 22 52 0
8 16 52 22 0
16 8 52 22 0
7 17 19 55 0
17 7 19 55 0
7 17 55 19 0
17 7 55 19 0
7 17 20 54 0
17 7 20 54 0
7 17 54 20 0
17 7 54 20 0
8 16 19 55 0
16 8 19 55 0
8 16 55 19 0
16 8 55 19 0
8 16 20 54 0
16 8 20 54 0
8 16 54 20 0
16 8 54 20 0
9 15 19 55 0
15 9 19 55 0
9 15 55 19 0
15 9 55 19 0
9 15 20 54 0
15 9 20 54 0
9 15 54 20 0
15 9 54 20 0
9 15 21 53 0
15 9 21 53 0
9 15 53 21 0
15 9 53 21 0
9 15 22 52 0
15 9 22 52 0
9 15 52 22 0
15 9 52 22 0
9 15 23 51 0
15 9 23 51 0
9 15 51 23 0
15 9 51 23 0
10 14 19 55 0
14 10 19 55 0
10 14 55 19 0
14 10 55 19 0
10 14 20 54 0
14 10 20 54 0
10 14 54 20 0
14 10 54 20 0
10 14 21 53 0
14 10 21 53 0
10 14 53 21 0
14 10 53 21 0
10 14 22 52 1
14 10 22 52 1
10 14 52 22 1
14 10 52 22 1
10 14 23 51 5
14 10 23 51 5
10 14 51 23 5
14 10 51 23 5
10 14 24 50 17
14 10 24 50 17
10 14 50 24 17
14 10 50 24 17
10 14 25 49 48
14 10 25 49 48
10 14 49 25 48
14 10 49 25 48
10 14 26 48 111
14 10 26 48 111
10 14 48 26 111
14 10 48 26 111
11 13 21 53 0
13 11 21 53 0
11 13 53 21 0
13 11 53 21 0
11 13 22 52 3
13 11 22 52 3
11 13 52 22 3
13 11 52 22 3
11 13 23 51 12
13 11 23 51 12
11 13 51 23 12
13 11 51 23 12
11 13 24 50 38
13 11 24 50 38
11 13 50 24 38
13 11 50 24 38
11 13 25 49 96
13 11 25 49 96
11 13 49 25 96
13 11 49 25 96
11 13 26 48 212
13 11 26 48 212
11 13 48 26 212
13 11 48 26 212
11 13 27 47 415
13 11 27 47 415
11 13 47 27 415
13 11 47 27 415
11 13 28 46 742
13 11 28 46 742
11 13 46 28 742
13 11 46 28 742
11 13 29 45 1220
13 11 29 45 1220
11 13 45 29 1220
13 11 45 29 1220
11 13 30 44 1865
13 11 30 44 1865
11 13 44 30 1865
13 11 44 30 1865
11 13 31 43 2667
13 11 31 43 2667
11 13 43 31 2667
13 11 43 31 2667
11 13 32 42 3585
13 11 32 42 3585
11 13 42 32 3585
13 11 42 32 3585
11 13 33 41 4548
13 11 33 41 4548
11 13 41 33 4548
13 11 41 33 4548
11 13 34 40 5457
13 11 34 40 5457
11 13 40 34 5457
13 11 40 34 5457
11 13 35 39 6209
13 11 35 39 6209
11 13 39 35 6209
13 11 39 35 6209
11 13 36 38 6704
13 11 36 38 6704
11 13 38 36 6704
13 11 38 36 6704
11 13 37 37 6878
13 11 37 37 6878
12 12 25 49 125
12 12 49 25 125
12 12 26 48 265
12 12 48 26 265
12 12 27 47 512
12 12 47 27 512
12 12 28 46 897
12 12 46 28 897
12 12 29 45 1462
12 12 45 29 1462
12 12 30 44 2210
12 12 44 30 2210
12 12 31 43 3144
12 12 43 31 3144
12 12 32 42 4197
12 12 42 32 4197
12 12 33 41 5310
12 12 41 33 5310
12 12 34 40 6345
12 12 40 34 6345
12 12 35 39 7212
12 12 39 35 7212
12 12 36 38 7770
12 12 38 36 7770
12 12 37 37 7976
8 16 17 57 0
16 8 17 57 0
8 16 57 17 0
16 8 57 17 0
8 16 18 56 0
16 8 18 56 0
8 16 56 18 0
16 8 56 18 0
9 15 17 57 0
15 9 17 57 0
9 15 57 17 0
15 9 57 17 0
9 15 18 56 0
15 9 18 56 0
9 15 56 18 0
15 9 56 18 0
10 14 17 57 0
14 10 17 57 0
10 14 57 17 0
14 10 57 17 0
10 14 18 56 0
14 10 18 56 0
10 14 56 18 0
14 10 56 18 0
9 15 16 58 0
15 9 16 58 0
9 15 58 16 0
15 9 58 16 0
10 14 16 58 0
14 10 16 58 0
10 14 58 16 0
14 10 58 16 0
11 13 16 58 0
13 11 16 58 0
11 13 58 16 0
13 11 58 16 0
11 13 17 57 0
13 11 17 57 0
11 13 57 17 0
13 11 57 17 0
11 13 18 56 0
13 11 18 56 0
11 13 56 18 0
13 11 56 18 0
11 13 19 55 0
13 11 19 55 0
11 13 55 19 0
13 11 55 19 0
11 13 20 54 0
13 11 20 54 0
11 13 54 20 0
13 11 54 20 0
12 12 17 57 0
12 12 57 17 0
12 12 18 56 0
12 12 56 18 0
12 12 19 55 0
12 12 55 19 0
12 12 20 54 0
12 12 54 20 0
12 12 21 53 1
12 12 53 21 1
12 12 22 52 5
12 12 52 22 5
12 12 23 51 18
12 12 51 23 18
12 12 24 50 51
12 12 50 24 51
10 14 15 59 0
14 10 15 59 0
10 14 59 15 0
14 10 59 15 0
11 13 15 59 0
13 11 15 59 0
11 13 59 15 0
13 11 59 15 0
12 12 15 59 0
12 12 59 15 0
12 12 16 58 0
12 12 58 16 0
