0 6 3 17 0
6 0 3 17 0
0 6 17 3 0
6 0 17 3 0
0 6 4 16 0
6 0 4 16 0
0 6 16 4 0
6 0 16 4 0
0 6 5 15 0
6 0 5 15 0
0 6 15 5 0
6 0 15 5 0
0 6 6 14 0
6 0 6 14 0
0 6 14 6 0
6 0 14 6 0
0 6 7 13 0
6 0 7 13 0
0 6 13 7 0
6 0 13 7 0
0 6 8 12 0
6 0 8 12 0
0 6 12 8 0
6 0 12 8 0
0 6 9 11 0
6 0 9 11 0
0 6 11 9 0
6 0 11 9 0
1 5 1 19 0
5 1 1 19 0
1 5 19 1 0
5 1 19 1 0
1 5 2 18 0
5 1 2 18 0
1 5 18 2 0
5 1 18 2 0
1 5 3 17 0
5 1 3 17 0
1 5 17 3 0
5 1 17 3 0
1 5 4 16 0
5 1 4 16 0
1 5 16 4 0
5 1 16 4 0
1 5 5 15 0
5 1 5 15 0
1 5 15 5 0
5 1 15 5 0
1 5 6 14 0
5 1 6 14 0
1 5 14 6 0
5 1 14 6 0
1 5 7 13 0
5 1 7 13 0
1 5 13 7 0
5 1 13 7 0
1 5 8 12 0
5 1 8 12 0
1 5 12 8 0
5 1 12 8 0
1 5 9 11 0
5 1 9 11 0
1 5 11 9 0
5 1 11 9 0
2 4 1 19 0
4 2 1 19 0
2 4 19 1 0
4 2 19 1 0
2 4 2 18 0
4 2 2 18 0
2 4 18 2 0
4 2 18 2 0
2 4 3 17 0
4 2 3 17 0
2 4 17 3 0
4 2 17 3 0
2 4 4 16 0
4 2 4 16 0
2 4 16 4 0
4 2 16 4 0
2 4 5 15 0
4 2 5 15 0
2 4 15 5 0
4 2 15 5 0
2 4 6 14 0
4 2 6 14 0
2 4 14 6 0
4 2 14 6 0
2 4 7 13 0
4 2 7 13 0
2 4 13 7 0
4 2 13 7 0
2 4 8 12 0
4 2 8 12 0
2 4 12 8 0
4 2 12 8 0
2 4 9 11 0
4 2 9 11 0
2 4 11 9 0
4 2 11 9 0
0 6 10 10 0
6 0 10 10 0
1 5 10 10 0
5 1 10 10 0
2 4 10 10 0
4 2 10 10 0
3 3 0 20 0
3 3 20 0 0
3 3 1 19 0
3 3 19 1 0
3 3 2 18 0
3 3 18 2 0
3 3 3 17 0
3 3 17 3 0
3 3 4 16 0
3 3 16 4 0
3 3 5 15 0
3 3 15 5 0
3 3 6 14 0
3 3 14 6 0
3 3 7 13 0
3 3 13 7 0
3 3 8 12 0
3 3 12 8 0
3 3 9 11 0
3 3 11 9 0
3 3 10 10 0
