0 12 10 28 0
12 0 10 28 0
0 12 28 10 0
12 0 28 10 0
0 12 11 27 0
12 0 11 27 0
0 12 27 11 0
12 0 27 11 0
0 12 12 26 0
12 0 12 26 0
0 12 26 12 0
12 0 26 12 0
0 12 13 25 0
12 0 13 25 0
0 12 25 13 0
12 0 25 13 0
0 12 14 24 0
12 0 14 24 0
0 12 24 14 0
12 0 24 14 0
0 12 15 23 0
12 0 15 23 0
0 12 23 15 0
12 0 23 15 0
0 12 16 22 0
12 0 16 22 0
0 12 22 16 0
12 0 22 16 0
0 12 17 21 0
12 0 17 21 0
0 12 21 17 0
12 0 21 17 0
0 12 18 20 1
12 0 18 20 1
0 12 20 18 1
12 0 20 18 1
1 11 10 28 0
11 1 10 28 0
1 11 28 10 0
11 1 28 10 0
1 11 11 27 0
11 1 11 27 0
1 11 27 11 0
11 1 27 11 0
1 11 12 26 0
11 1 12 26 0
1 11 26 12 0
11 1 26 12 0
1 11 13 25 1
11 1 13 25 1
1 11 25 13 1
11 1 25 13 1
1 11 14 24 3
11 1 14 24 3
1 11 24 14 3
11 1 24 14 3
1 11 15 23 6
11 1 15 23 6
1 11 23 15 6
11 1 23 15 6
1 11 16 22 9
11 1 16 22 9
1 11 22 16 9
11 1 22 16 9
1 11 17 21 12
11 1 17 21 12
1 11 21 17 12
11 1 21 17 12
1 11 18 20 15
11 1 18 20 15
1 11 20 18 15
11 1 20 18 15
2 10 10 28 2
10 2 10 28 2
2 10 28 10 2
10 2 28 10 2
2 10 11 27 5
10 2 11 27 5
2 10 27 11 5
10 2 27 11 5
2 10 12 26 12
10 2 12 26 12
2 10 26 12 12
10 2 26 12 12
2 10 13 25 22
10 2 13 25 22
2 10 25 13 22
10 2 25 13 22
2 10 14 24 39
10 2 14 24 39
2 10 24 14 39
10 2 24 14 39
2 10 15 23 57
10 2 15 23 57
2 10 23 15 57
10 2 23 15 57
2 10 16 22 78
10 2 16 22 78
2 10 22 16 78
10 2 22 16 78
2 10 17 21 94
10 2 17 21 94
2 10 21 17 94
10 2 21 17 94
2 10 18 20 109
10 2 18 20 109
2 10 20 18 109
10 2 20 18 109
0 12 19 19 1
12 0 19 19 1
1 11 19 19 16
11 1 19 19 16
2 10 19 19 112
10 2 19 19 112
1 11 6 32 0
11 1 6 32 0
1 11 32 6 0
11 1 32 6 0
1 11 7 31 0
11 1 7 31 0
1 11 31 7 0
11 1 31 7 0
1 11 8 30 0
11 1 8 30 0
1 11 30 8 0
11 1 30 8 0
1 11 9 29 0
11 1 9 29 0
1 11 29 9 0
11 1 29 9 0
2 10 6 32 0
10 2 6 32 0
2 10 32 6 0
10 2 32 6 0
2 10 7 31 0
10 2 7 31 0
2 10 31 7 0
10 2 31 7 0
2 10 8 30 0
10 2 8 30 0
2 10 30 8 0
10 2 30 8 0
2 10 9 29 0
10 2 9 29 0
2 10 29 9 0
10 2 29 9 0
3 9 6 32 0
9 3 6 32 0
3 9 32 6 0
9 3 32 6 0
3 9 7 31 1
9 3 7 31 1
3 9 31 7 1
9 3 31 7 1
3 9 8 30 3
9 3 8 30 3
3 9 30 8 3
9 3 30 8 3
3 9 9 29 9
9 3 9 29 9
3 9 29 9 9
9 3 29 9 9
3 9 10 28 21
9 3 10 28 21
3 9 28 10 21
9 3 28 10 21
3 9 11 27 43
9 3 11 27 43
3 9 27 11 43
9 3 27 11 43
3 9 12 26 77
9 3 12 26 77
3 9 26 12 77
9 3 26 12 77
3 9 13 25 125
9 3 13 25 125
3 9 25 13 125
9 3 25 13 125
3 9 14 24 186
9 3 14 24 186
3 9 24 14 186
9 3 24 14 186
3 9 15 23 255
9 3 15 23 255
3 9 23 15 255
9 3 23 15 255
3 9 16 22 324
9 3 16 22 324
3 9 22 16 324
9 3 22 16 324
3 9 17 21 383
9 3 17 21 383
3 9 21 17 383
9 3 21 17 383
3 9 18 20 424
9 3 18 20 424
3 9 20 18 424
9 3 20 18 424
3 9 19 19 438
9 3 19 19 438
4 8 6 32 1
8 4 6 32 1
4 8 32 6 1
8 4 32 6 1
4 8 7 31 5
8 4 7 31 5
4 8 31 7 5
8 4 31 7 5
4 8 8 30 15
8 4 8 30 15
4 8 30 8 15
8 4 30 8 15
4 8 9 29 35
8 4 9 29 35
4 8 29 9 35
8 4 29 9 35
4 8 10 28 74
8 4 10 28 74
4 8 28 10 74
8 4 28 10 74
4 8 11 27 135
8 4 11 27 135
4 8 27 11 135
8 4 27 11 135
4 8 12 26 227
8 4 12 26 227
4 8 26 12 227
8 4 26 12 227
4 8 13 25 345
8 4 13 25 345
4 8 25 13 345
8 4 25 13 345
4 8 14 24 493
8 4 14 24 493
4 8 24 14 493
8 4 24 14 493
4 8 15 23 649
8 4 15 23 649
4 8 23 15 649
8 4 23 15 649
4 8 16 22 807
8 4 16 22 807
4 8 22 16 807
8 4 22 16 807
4 8 17 21 934
8 4 17 21 934
4 8 21 17 934
8 4 21 17 934
4 8 18 20 1026
8 4 18 20 1026
4 8 20 18 1026
8 4 20 18 1026
4 8 19 19 1053
8 4 19 19 1053
2 10 4 34 0
10 2 4 34 0
2 10 34 4 0
10 2 34 4 0
2 10 5 33 0
10 2 5 33 0
2 10 33 5 0
10 2 33 5 0
3 9 4 34 0
9 3 4 34 0
3 9 34 4 0
9 3 34 4 0
3 9 5 33 0
9 3 5 33 0
3 9 33 5 0
9 3 33 5 0
4 8 4 34 0
8 4 4 34 0
4 8 34 4 0
8 4 34 4 0
4 8 5 33 0
8 4 5 33 0
4 8 33 5 0
8 4 33 5 0
3 9 3 35 0
9 3 3 35 0
3 9 35 3 0
9 3 35 3 0
4 8 3 35 0
8 4 3 35 0
4 8 35 3 0
8 4 35 3 0
5 7 3 35 0
7 5 3 35 0
5 7 35 3 0
7 5 35 3 0
5 7 4 34 0
7 5 4 34 0
5 7 34 4 0
7 5 34 4 0
5 7 5 33 1
7 5 5 33 1
5 7 33 5 1
7 5 33 5 1
5 7 6 32 4
7 5 6 32 4
5 7 32 6 4
7 5 32 6 4
5 7 7 31 14
7 5 7 31 14
5 7 31 7 14
7 5 31 7 14
5 7 8 30 35
7 5 8 30 35
5 7 30 8 35
7 5 30 8 35
5 7 9 29 77
7 5 9 29 77
5 7 29 9 77
7 5 29 9 77
5 7 10 28 149
7 5 10 28 149
5 7 28 10 149
7 5 28 10 149
5 7 11 27 261
7 5 11 27 261
5 7 27 11 261
7 5 27 11 261
5 7 12 26 418
7 5 12 26 418
5 7 26 12 418
7 5 26 12 418
5 7 13 25 621
7 5 13 25 621
5 7 25 13 621
7 5 25 13 621
5 7 14 24 861
7 5 14 24 861
5 7 24 14 861
7 5 24 14 861
5 7 15 23 1118
7 5 15 23 1118
5 7 23 15 1118
7 5 23 15 1118
5 7 16 22 1365
7 5 16 22 1365
5 7 22 16 1365
7 5 22 16 1365
5 7 17 21 1571
7 5 17 21 1571
5 7 21 17 1571
7 5 21 17 1571
5 7 18 20 1710
7 5 18 20 1710
5 7 20 18 1710
7 5 20 18 1710
5 7 19 19 1758
7 5 19 19 1758
6 6 4 34 0
6 6 34 4 0
6 6 5 33 1
6 6 33 5 1
6 6 6 32 6
6 6 32 6 6
6 6 7 31 18
6 6 31 7 18
6 6 8 30 45
6 6 30 8 45
6 6 9 29 95
6 6 29 9 95
6 6 10 28 184
6 6 28 10 184
6 6 11 27 316
6 6 27 11 316
6 6 12 26 505
6 6 26 12 505
6 6 13 25 741
6 6 25 13 741
6 6 14 24 1026
6 6 24 14 1026
6 6 15 23 1322
6 6 23 15 1322
6 6 16 22 1613
6 6 22 16 1613
6 6 17 21 1847
6 6 21 17 1847
6 6 18 20 2013
6 6 20 18 2013
6 6 19 19 2064
4 8 2 36 0
8 4 2 36 0
4 8 36 2 0
8 4 36 2 0
5 7 2 36 0
7 5 2 36 0
5 7 36 2 0
7 5 36 2 0
6 6 2 36 0
6 6 36 2 0
6 6 3 35 0
6 6 35 3 0
