0 10 6 26 0
10 0 6 26 0
0 10 26 6 0
10 0 26 6 0
0 10 7 25 0
10 0 7 25 0
0 10 25 7 0
10 0 25 7 0
0 10 8 24 0
10 0 8 24 0
0 10 24 8 0
10 0 24 8 0
0 10 9 23 0
10 0 9 23 0
0 10 23 9 0
10 0 23 9 0
0 10 10 22 0
10 0 10 22 0
0 10 22 10 0
10 0 22 10 0
0 10 11 21 0
10 0 11 21 0
0 10 21 11 0
10 0 21 11 0
0 10 12 20 0
10 0 12 20 0
0 10 20 12 0
10 0 20 12 0
0 10 13 19 1
10 0 13 19 1
0 10 19 13 1
10 0 19 13 1
0 10 14 18 2
10 0 14 18 2
0 10 18 14 2
10 0 18 14 2
1 9 6 26 0
9 1 6 26 0
1 9 26 6 0
9 1 26 6 0
1 9 7 25 0
9 1 7 25 0
1 9 25 7 0
9 1 25 7 0
1 9 8 24 0
9 1 8 24 0
1 9 24 8 0
9 1 24 8 0
1 9 9 23 1
9 1 9 23 1
1 9 23 9 1
9 1 23 9 1
1 9 10 22 3
9 1 10 22 3
1 9 22 10 3
9 1 22 10 3
1 9 11 21 6
9 1 11 21 6
1 9 21 11 6
9 1 21 11 6
1 9 12 20 10
9 1 12 20 10
1 9 20 12 10
9 1 20 12 10
1 9 13 19 15
9 1 13 19 15
1 9 19 13 15
9 1 19 13 15
1 9 14 18 20
9 1 14 18 20
1 9 18 14 20
9 1 18 14 20
2 8 6 26 1
8 2 6 26 1
2 8 26 6 1
8 2 26 6 1
2 8 7 25 3
8 2 7 25 3
2 8 25 7 3
8 2 25 7 3
2 8 8 24 7
8 2 8 24 7
2 8 24 8 7
8 2 24 8 7
2 8 9 23 15
8 2 9 23 15
2 8 23 9 15
8 2 23 9 15
2 8 10 22 27
8 2 10 22 27
2 8 22 10 27
8 2 22 10 27
2 8 11 21 43
8 2 11 21 43
2 8 21 11 43
8 2 21 11 43
2 8 12 20 62
8 2 12 20 62
2 8 20 12 62
8 2 20 12 62
2 8 13 19 82
8 2 13 19 82
2 8 19 13 82
8 2 19 13 82
2 8 14 18 100
8 2 14 18 100
2 8 18 14 100
8 2 18 14 100
0 10 15 17 2
10 0 15 17 2
0 10 17 15 2
10 0 17 15 2
1 9 15 17 23
9 1 15 17 23
1 9 17 15 23
9 1 17 15 23
2 8 15 17 112
8 2 15 17 112
2 8 17 15 112
8 2 17 15 112
0 10 16 16 2
10 0 16 16 2
1 9 16 16 24
9 1 16 16 24
2 8 16 16 116
8 2 16 16 116
1 9 3 29 0
9 1 3 29 0
1 9 29 3 0
9 1 29 3 0
1 9 4 28 0
9 1 4 28 0
1 9 28 4 0
9 1 28 4 0
1 9 5 27 0
9 1 5 27 0
1 9 27 5 0
9 1 27 5 0
2 8 3 29 0
8 2 3 29 0
2 8 29 3 0
8 2 29 3 0
2 8 4 28 0
8 2 4 28 0
2 8 28 4 0
8 2 28 4 0
2 8 5 27 0
8 2 5 27 0
2 8 27 5 0
8 2 27 5 0
3 7 3 29 0
7 3 3 29 0
3 7 29 3 0
7 3 29 3 0
3 7 4 28 1
7 3 4 28 1
3 7 28 4 1
7 3 28 4 1
3 7 5 27 3
7 3 5 27 3
3 7 27 5 3
7 3 27 5 3
3 7 6 26 8
7 3 6 26 8
3 7 26 6 8
7 3 26 6 8
3 7 7 25 18
7 3 7 25 18
3 7 25 7 18
7 3 25 7 18
3 7 8 24 35
7 3 8 24 35
3 7 24 8 35
7 3 24 8 35
3 7 9 23 61
7 3 9 23 61
3 7 23 9 61
7 3 23 9 61
3 7 10 22 97
7 3 10 22 97
3 7 22 10 97
7 3 22 10 97
3 7 11 21 142
7 3 11 21 142
3 7 21 11 142
7 3 21 11 142
3 7 12 20 192
7 3 12 20 192
3 7 20 12 192
7 3 20 12 192
3 7 13 19 242
7 3 13 19 242
3 7 19 13 242
7 3 19 13 242
3 7 14 18 285
7 3 14 18 285
3 7 18 14 285
7 3 18 14 285
3 7 15 17 314
7 3 15 17 314
3 7 17 15 314
7 3 17 15 314
3 7 16 16 324
7 3 16 16 324
4 6 3 29 0
6 4 3 29 0
4 6 29 3 0
6 4 29 3 0
4 6 4 28 2
6 4 4 28 2
4 6 28 4 2
6 4 28 4 2
4 6 5 27 7
6 4 5 27 7
4 6 27 5 7
6 4 27 5 7
4 6 6 26 18
6 4 6 26 18
4 6 26 6 18
6 4 26 6 18
4 6 7 25 38
6 4 7 25 38
4 6 25 7 38
6 4 25 7 38
4 6 8 24 71
6 4 8 24 71
4 6 24 8 71
6 4 24 8 71
4 6 9 23 120
6 4 9 23 120
4 6 23 9 120
6 4 23 9 120
4 6 10 22 185
6 4 10 22 185
4 6 22 10 185
6 4 22 10 185
4 6 11 21 263
6 4 11 21 263
4 6 21 11 263
6 4 21 11 263
4 6 12 20 348
6 4 12 20 348
4 6 20 12 348
6 4 20 12 348
4 6 13 19 432
6 4 13 19 432
4 6 19 13 432
6 4 19 13 432
4 6 14 18 503
6 4 14 18 503
4 6 18 14 503
6 4 18 14 503
4 6 15 17 550
6 4 15 17 550
4 6 17 15 550
6 4 17 15 550
4 6 16 16 566
6 4 16 16 566
2 8 2 30 0
8 2 2 30 0
2 8 30 2 0
8 2 30 2 0
3 7 2 30 0
7 3 2 30 0
3 7 30 2 0
7 3 30 2 0
4 6 2 30 0
6 4 2 30 0
4 6 30 2 0
6 4 30 2 0
3 7 1 31 0
7 3 1 31 0
3 7 31 1 0
7 3 31 1 0
4 6 1 31 0
6 4 1 31 0
4 6 31 1 0
6 4 31 1 0
5 5 1 31 0
5 5 31 1 0
5 5 2 30 0
5 5 30 2 0
5 5 3 29 1
5 5 29 3 1
5 5 4 28 4
5 5 28 4 4
5 5 5 27 11
5 5 27 5 11
5 5 6 26 26
5 5 26 6 26
5 5 7 25 52
5 5 25 7 52
5 5 8 24 94
5 5 24 8 94
5 5 9 23 155
5 5 23 9 155
5 5 10 22 234
5 5 22 10 234
5 5 11 21 328
5 5 21 11 328
5 5 12 20 430
5 5 20 12 430
5 5 13 19 530
5 5 19 13 530
5 5 14 18 614
5 5 18 14 614
5 5 15 17 669
5 5 17 15 669
5 5 16 16 688
