2 18 22 40 0
18 2 22 40 0
2 18 40 22 0
18 2 40 22 0
2 18 23 39 0
18 2 23 39 0
2 18 39 23 0
18 2 39 23 0
2 18 24 38 0
18 2 24 38 0
2 18 38 24 0
18 2 38 24 0
2 18 25 37 0
18 2 25 37 0
2 18 37 25 0
18 2 37 25 0
2 18 26 36 0
18 2 26 36 0
2 18 36 26 0
18 2 36 26 0
2 18 27 35 0
18 2 27 35 0
2 18 35 27 0
18 2 35 27 0
2 18 28 34 0
18 2 28 34 0
2 18 34 28 0
18 2 34 28 0
2 18 29 33 0
18 2 29 33 0
2 18 33 29 0
18 2 33 29 0
2 18 30 32 0
18 2 30 32 0
2 18 32 30 0
18 2 32 30 0
3 17 22 40 0
17 3 22 40 0
3 17 40 22 0
17 3 40 22 0
3 17 23 39 0
17 3 23 39 0
3 17 39 23 0
17 3 39 23 0
3 17 24 38 0
17 3 24 38 0
3 17 38 24 0
17 3 38 24 0
3 17 25 37 0
17 3 25 37 0
3 17 37 25 0
17 3 37 25 0
3 17 26 36 0
17 3 26 36 0
3 17 36 26 0
17 3 36 26 0
3 17 27 35 0
17 3 27 35 0
3 17 35 27 0
17 3 35 27 0
3 17 28 34 0
17 3 28 34 0
3 17 34 28 0
17 3 34 28 0
3 17 29 33 0
17 3 29 33 0
3 17 33 29 0
17 3 33 29 0
3 17 30 32 0
17 3 30 32 0
3 17 32 30 0
17 3 32 30 0
4 16 22 40 0
16 4 22 40 0
4 16 40 22 0
16 4 40 22 0
4 16 23 39 0
16 4 23 39 0
4 16 39 23 0
16 4 39 23 0
4 16 24 38 2
16 4 24 38 2
4 16 38 24 2
16 4 38 24 2
4 16 25 37 4
16 4 25 37 4
4 16 37 25 4
16 4 37 25 4
4 16 26 36 8
16 4 26 36 8
4 16 36 26 8
16 4 36 26 8
4 16 27 35 12
16 4 27 35 12
4 16 35 27 12
16 4 35 27 12
4 16 28 34 18
16 4 28 34 18
4 16 34 28 18
16 4 34 28 18
4 16 29 33 22
16 4 29 33 22
4 16 33 29 22
16 4 33 29 22
4 16 30 32 26
16 4 30 32 26
4 16 32 30 26
16 4 32 30 26
2 18 31 31 0
18 2 31 31 0
3 17 31 31 0
17 3 31 31 0
4 16 31 31 26
16 4 31 31 26
3 17 21 41 0
17 3 21 41 0
3 17 41 21 0
17 3 41 21 0
4 16 21 41 0
16 4 21 41 0
4 16 41 21 0
16 4 41 21 0
5 15 21 41 2
15 5 21 41 2
5 15 41 21 2
15 5 41 21 2
5 15 22 40 6
15 5 22 40 6
5 15 40 22 6
15 5 40 22 6
5 15 23 39 16
15 5 23 39 16
5 15 39 23 16
15 5 39 23 16
5 15 24 38 34
15 5 24 38 34
5 15 38 24 34
15 5 38 24 34
5 15 25 37 60
15 5 25 37 60
5 15 37 25 60
15 5 37 25 60
5 15 26 36 94
15 5 26 36 94
5 15 36 26 94
15 5 36 26 94
5 15 27 35 134
15 5 27 35 134
5 15 35 27 134
15 5 35 27 134
5 15 28 34 176
15 5 28 34 176
5 15 34 28 176
15 5 34 28 176
5 15 29 33 212
15 5 29 33 212
5 15 33 29 212
15 5 33 29 212
5 15 30 32 236
15 5 30 32 236
5 15 32 30 236
15 5 32 30 236
5 15 31 31 244
15 5 31 31 244
6 14 22 40 64
14 6 22 40 64
6 14 40 22 64
14 6 40 22 64
6 14 23 39 124
14 6 23 39 124
6 14 39 23 124
14 6 39 23 124
6 14 24 38 220
14 6 24 38 220
6 14 38 24 220
14 6 38 24 220
6 14 25 37 346
14 6 25 37 346
6 14 37 25 346
14 6 37 25 346
6 14 26 36 504
14 6 26 36 504
6 14 36 26 504
14 6 36 26 504
6 14 27 35 674
14 6 27 35 674
6 14 35 27 674
14 6 35 27 674
6 14 28 34 848
14 6 28 34 848
6 14 34 28 848
14 6 34 28 848
6 14 29 33 990
14 6 29 33 990
6 14 33 29 990
14 6 33 29 990
6 14 30 32 1090
14 6 30 32 1090
6 14 32 30 1090
14 6 32 30 1090
6 14 31 31 1120
14 6 31 31 1120
3 17 18 44 0
17 3 18 44 0
3 17 44 18 0
17 3 44 18 0
3 17 19 43 0
17 3 19 43 0
3 17 43 19 0
17 3 43 19 0
3 17 20 42 0
17 3 20 42 0
3 17 42 20 0
17 3 42 20 0
4 16 18 44 0
16 4 18 44 0
4 16 44 18 0
16 4 44 18 0
4 16 19 43 0
16 4 19 43 0
4 16 43 19 0
16 4 43 19 0
4 16 20 42 0
16 4 20 42 0
4 16 42 20 0
16 4 42 20 0
5 15 18 44 0
15 5 18 44 0
5 15 44 18 0
15 5 44 18 0
5 15 19 43 0
15 5 19 43 0
5 15 43 19 0
15 5 43 19 0
5 15 20 42 0
15 5 20 42 0
5 15 42 20 0
15 5 42 20 0
4 16 16 46 0
16 4 16 46 0
4 16 46 16 0
16 4 46 16 0
4 16 17 45 0
16 4 17 45 0
4 16 45 17 0
16 4 45 17 0
5 15 16 46 0
15 5 16 46 0
5 15 46 16 0
15 5 46 16 0
5 15 17 45 0
15 5 17 45 0
5 15 45 17 0
15 5 45 17 0
6 14 16 46 0
14 6 16 46 0
6 14 46 16 0
14 6 46 16 0
6 14 17 45 0
14 6 17 45 0
6 14 45 17 0
14 6 45 17 0
6 14 18 44 0
14 6 18 44 0
6 14 44 18 0
14 6 44 18 0
6 14 19 43 2
14 6 19 43 2
6 14 43 19 2
14 6 43 19 2
6 14 20 42 10
14 6 20 42 10
6 14 42 20 10
14 6 42 20 10
6 14 21 41 28
14 6 21 41 28
6 14 41 21 28
14 6 41 21 28
7 13 16 46 0
13 7 16 46 0
7 13 46 16 0
13 7 46 16 0
7 13 17 45 2
13 7 17 45 2
7 13 45 17 2
13 7 45 17 2
7 13 18 44 8
13 7 18 44 8
7 13 44 18 8
13 7 44 18 8
7 13 19 43 26
13 7 19 43 26
7 13 43 19 26
13 7 43 19 26
7 13 20 42 66
13 7 20 42 66
7 13 42 20 66
13 7 42 20 66
7 13 21 41 146
13 7 21 41 146
7 13 41 21 146
13 7 41 21 146
7 13 22 40 282
13 7 22 40 282
7 13 40 22 282
13 7 40 22 282
7 13 23 39 494
13 7 23 39 494
7 13 39 23 494
13 7 39 23 494
7 13 24 38 794
13 7 24 38 794
7 13 38 24 794
13 7 38 24 794
7 13 25 37 1180
13 7 25 37 1180
7 13 37 25 1180
13 7 37 25 1180
7 13 26 36 1634
13 7 26 36 1634
7 13 36 26 1634
13 7 36 26 1634
7 13 27 35 2120
13 7 27 35 2120
7 13 35 27 2120
13 7 35 27 2120
7 13 28 34 2588
13 7 28 34 2588
7 13 34 28 2588
13 7 34 28 2588
7 13 29 33 2978
13 7 29 33 2978
7 13 33 29 2978
13 7 33 29 2978
7 13 30 32 3238
13 7 30 32 3238
7 13 32 30 3238
13 7 32 30 3238
7 13 31 31 3328
13 7 31 31 3328
8 12 18 44 34
12 8 18 44 34
8 12 44 18 34
12 8 44 18 34
8 12 19 43 88
12 8 19 43 88
8 12 43 19 88
12 8 43 19 88
8 12 20 42 200
12 8 20 42 200
8 12 42 20 200
12 8 42 20 200
8 12 21 41 398
12 8 21 41 398
8 12 41 21 398
12 8 41 21 398
8 12 22 40 722
12 8 22 40 722
8 12 40 22 722
12 8 40 22 722
8 12 23 39 1194
12 8 23 39 1194
8 12 39 23 1194
12 8 39 23 1194
8 12 24 38 1844
12 8 24 38 1844
8 12 38 24 1844
12 8 38 24 1844
8 12 25 37 2646
12 8 25 37 2646
8 12 37 25 2646
12 8 37 25 2646
8 12 26 36 3578
12 8 26 36 3578
8 12 36 26 3578
12 8 36 26 3578
8 12 27 35 4546
12 8 27 35 4546
8 12 35 27 4546
12 8 35 27 4546
8 12 28 34 5476
12 8 28 34 5476
8 12 34 28 5476
12 8 34 28 5476
8 12 29 33 6232
12 8 29 33 6232
8 12 33 29 6232
12 8 33 29 6232
8 12 30 32 6744
12 8 30 32 6744
8 12 32 30 6744
12 8 32 30 6744
8 12 31 31 6912
12 8 31 31 6912
5 15 13 49 0
15 5 13 49 0
5 15 49 13 0
15 5 49 13 0
5 15 14 48 0
15 5 14 48 0
5 15 48 14 0
15 5 48 14 0
5 15 15 47 0
15 5 15 47 0
5 15 47 15 0
15 5 47 15 0
6 14 13 49 0
14 6 13 49 0
6 14 49 13 0
14 6 49 13 0
6 14 14 48 0
14 6 14 48 0
6 14 48 14 0
14 6 48 14 0
6 14 15 47 0
14 6 15 47 0
6 14 47 15 0
14 6 47 15 0
7 13 13 49 0
13 7 13 49 0
7 13 49 13 0
13 7 49 13 0
7 13 14 48 0
13 7 14 48 0
7 13 48 14 0
13 7 48 14 0
7 13 15 47 0
13 7 15 47 0
7 13 47 15 0
13 7 47 15 0
6 14 12 50 0
14 6 12 50 0
6 14 50 12 0
14 6 50 12 0
7 13 12 50 0
13 7 12 50 0
7 13 50 12 0
13 7 50 12 0
8 12 12 50 0
12 8 12 50 0
8 12 50 12 0
12 8 50 12 0
8 12 13 49 0
12 8 13 49 0
8 12 49 13 0
12 8 49 13 0
8 12 14 48 0
12 8 14 48 0
8 12 48 14 0
12 8 48 14 0
8 12 15 47 0
12 8 15 47 0
8 12 47 15 0
12 8 47 15 0
8 12 16 46 2
12 8 16 46 2
8 12 46 16 2
12 8 46 16 2
8 12 17 45 10
12 8 17 45 10
8 12 45 17 10
12 8 45 17 10
9 11 13 49 0
11 9 13 49 0
9 11 49 13 0
11 9 49 13 0
9 11 14 48 0
11 9 14 48 0
9 11 48 14 0
11 9 48 14 0
9 11 15 47 2
11 9 15 47 2
9 11 47 15 2
11 9 47 15 2
9 11 16 46 8
11 9 16 46 8
9 11 46 16 8
11 9 46 16 8
9 11 17 45 28
11 9 17 45 28
9 11 45 17 28
11 9 45 17 28
9 11 18 44 76
11 9 18 44 76
9 11 44 18 76
11 9 44 18 76
9 11 19 43 180
11 9 19 43 180
9 11 43 19 180
11 9 43 19 180
9 11 20 42 376
11 9 20 42 376
9 11 42 20 376
11 9 42 20 376
9 11 21 41 714
11 9 21 41 714
9 11 41 21 714
11 9 41 21 714
9 11 22 40 1240
11 9 22 40 1240
9 11 40 22 1240
11 9 40 22 1240
9 11 23 39 1998
11 9 23 39 1998
9 11 39 23 1998
11 9 39 23 1998
9 11 24 38 3006
11 9 24 38 3006
9 11 38 24 3006
11 9 38 24 3006
9 11 25 37 4244
11 9 25 37 4244
9 11 37 25 4244
11 9 37 25 4244
9 11 26 36 5648
11 9 26 36 5648
9 11 36 26 5648
11 9 36 26 5648
9 11 27 35 7108
11 9 27 35 7108
9 11 35 27 7108
11 9 35 27 7108
9 11 28 34 8482
11 9 28 34 8482
9 11 34 28 8482
11 9 34 28 8482
9 11 29 33 9610
11 9 29 33 9610
9 11 33 29 9610
11 9 33 29 9610
9 11 30 32 10354
11 9 30 32 10354
9 11 32 30 10354
11 9 32 30 10354
9 11 31 31 10612
11 9 31 31 10612
10 10 16 46 10
10 10 46 16 10
10 10 17 45 34
10 10 45 17 34
10 10 18 44 94
10 10 44 18 94
10 10 19 43 218
10 10 43 19 218
10 10 20 42 454
10 10 42 20 454
10 10 21 41 850
10 10 41 21 850
10 10 22 40 1468
10 10 40 22 1468
10 10 23 39 2344
10 10 39 23 2344
10 10 24 38 3512
10 10 38 24 3512
10 10 25 37 4928
10 10 37 25 4928
10 10 26 36 6540
10 10 36 26 6540
10 10 27 35 8198
10 10 35 27 8198
10 10 28 34 9770
10 10 34 28 9770
10 10 29 33 11044
10 10 33 29 11044
10 10 30 32 11896
10 10 32 30 11896
10 10 31 31 12180
7 13 10 52 0
13 7 10 52 0
7 13 52 10 0
13 7 52 10 0
7 13 11 51 0
13 7 11 51 0
7 13 51 11 0
13 7 51 11 0
8 12 10 52 0
12 8 10 52 0
8 12 52 10 0
12 8 52 10 0
8 12 11 51 0
12 8 11 51 0
8 12 51 11 0
12 8 51 11 0
9 11 10 52 0
11 9 10 52 0
9 11 52 10 0
11 9 52 10 0
9 11 11 51 0
11 9 11 51 0
9 11 51 11 0
11 9 51 11 0
9 11 12 50 0
11 9 12 50 0
9 11 50 12 0
11 9 50 12 0
10 10 10 52 0
10 10 52 10 0
10 10 11 51 0
10 10 51 11 0
10 10 12 50 0
10 10 50 12 0
10 10 13 49 0
10 10 49 13 0
10 10 14 48 0
10 10 48 14 0
10 10 15 47 2
10 10 47 15 2
9 11 9 53 0
11 9 9 53 0
9 11 53 9 0
11 9 53 9 0
10 10 9 53 0
10 10 53 9 0
