0 4 1 13 0
4 0 1 13 0
0 4 13 1 0
4 0 13 1 0
0 4 2 12 0
4 0 2 12 0
0 4 12 2 0
4 0 12 2 0
0 4 3 11 1
4 0 3 11 1
0 4 11 3 1
4 0 11 3 1
0 4 4 10 1
4 0 4 10 1
0 4 10 4 1
4 0 10 4 1
0 4 5 9 2
4 0 5 9 2
0 4 9 5 2
4 0 9 5 2
0 4 6 8 2
4 0 6 8 2
0 4 8 6 2
4 0 8 6 2
0 4 7 7 3
4 0 7 7 3
1 3 0 14 0
3 1 0 14 0
1 3 14 0 0
3 1 14 0 0
1 3 1 13 0
3 1 1 13 0
1 3 13 1 0
3 1 13 1 0
1 3 2 12 1
3 1 2 12 1
1 3 12 2 1
3 1 12 2 1
1 3 3 11 2
3 1 3 11 2
1 3 11 3 2
3 1 11 3 2
1 3 4 10 3
3 1 4 10 3
1 3 10 4 3
3 1 10 4 3
1 3 5 9 4
3 1 5 9 4
1 3 9 5 4
3 1 9 5 4
1 3 6 8 5
3 1 6 8 5
1 3 8 6 5
3 1 8 6 5
1 3 7 7 6
3 1 7 7 6
2 2 0 14 0
2 2 14 0 0
2 2 1 13 0
2 2 13 1 0
2 2 2 12 1
2 2 12 2 1
2 2 3 11 3
2 2 11 3 3
2 2 4 10 4
2 2 10 4 4
2 2 5 9 6
2 2 9 5 6
2 2 6 8 7
2 2 8 6 7
2 2 7 7 9
