9 23 42 56 0
23 9 42 56 0
9 23 56 42 0
23 9 56 42 0
9 23 43 55 0
23 9 43 55 0
9 23 55 43 0
23 9 55 43 0
9 23 44 54 0
23 9 44 54 0
9 23 54 44 0
23 9 54 44 0
9 23 45 53 0
23 9 45 53 0
9 23 53 45 0
23 9 53 45 0
9 23 46 52 0
23 9 46 52 0
9 23 52 46 0
23 9 52 46 0
9 23 47 51 0
23 9 47 51 0
9 23 51 47 0
23 9 51 47 0
9 23 48 50 0
23 9 48 50 0
9 23 50 48 0
23 9 50 48 0
9 23 49 49 0
23 9 49 49 0
10 22 42 56 0
22 10 42 56 0
10 22 56 42 0
22 10 56 42 0
10 22 43 55 0
22 10 43 55 0
10 22 55 43 0
22 10 55 43 0
10 22 44 54 0
22 10 44 54 0
10 22 54 44 0
22 10 54 44 0
10 22 45 53 0
22 10 45 53 0
10 22 53 45 0
22 10 53 45 0
10 22 46 52 0
22 10 46 52 0
10 22 52 46 0
22 10 52 46 0
10 22 47 51 0
22 10 47 51 0
10 22 51 47 0
22 10 51 47 0
10 22 48 50 0
22 10 48 50 0
10 22 50 48 0
22 10 50 48 0
10 22 49 49 0
22 10 49 49 0
11 21 42 56 0
21 11 42 56 0
11 21 56 42 0
21 11 56 42 0
11 21 43 55 0
21 11 43 55 0
11 21 55 43 0
21 11 55 43 0
11 21 44 54 0
21 11 44 54 0
11 21 54 44 0
21 11 54 44 0
11 21 45 53 0
21 11 45 53 0
11 21 53 45 0
21 11 53 45 0
11 21 46 52 0
21 11 46 52 0
11 21 52 46 0
21 11 52 46 0
11 21 47 51 0
21 11 47 51 0
11 21 51 47 0
21 11 51 47 0
11 21 48 50 0
21 11 48 50 0
11 21 50 48 0
21 11 50 48 0
11 21 49 49 0
21 11 49 49 0
10 22 37 61 0
22 10 37 61 0
10 22 61 37 0
22 10 61 37 0
10 22 38 60 0
22 10 38 60 0
10 22 60 38 0
22 10 60 38 0
10 22 39 59 0
22 10 39 59 0
10 22 59 39 0
22 10 59 39 0
10 22 40 58 0
22 10 40 58 0
10 22 58 40 0
22 10 58 40 0
10 22 41 57 0
22 10 41 57 0
10 22 57 41 0
22 10 57 41 0
11 21 37 61 0
21 11 37 61 0
11 21 61 37 0
21 11 61 37 0
11 21 38 60 0
21 11 38 60 0
11 21 60 38 0
21 11 60 38 0
11 21 39 59 0
21 11 39 59 0
11 21 59 39 0
21 11 59 39 0
11 21 40 58 0
21 11 40 58 0
11 21 58 40 0
21 11 58 40 0
11 21 41 57 0
21 11 41 57 0
11 21 57 41 0
21 11 57 41 0
12 20 37 61 0
20 12 37 61 0
12 20 61 37 0
20 12 61 37 0
12 20 38 60 0
20 12 38 60 0
12 20 60 38 0
20 12 60 38 0
12 20 39 59 0
20 12 39 59 0
12 20 59 39 0
20 12 59 39 0
12 20 40 58 0
20 12 40 58 0
12 20 58 40 0
20 12 58 40 0
12 20 41 57 0
20 12 41 57 0
12 20 57 41 0
20 12 57 41 0
12 20 42 56 0
20 12 42 56 0
12 20 56 42 0
20 12 56 42 0
12 20 43 55 0
20 12 43 55 0
12 20 55 43 0
20 12 55 43 0
12 20 44 54 0
20 12 44 54 0
12 20 54 44 0
20 12 54 44 0
12 20 45 53 1
20 12 45 53 1
12 20 53 45 1
20 12 53 45 1
12 20 46 52 1
20 12 46 52 1
12 20 52 46 1
20 12 52 46 1
12 20 47 51 2
20 12 47 51 2
12 20 51 47 2
20 12 51 47 2
12 20 48 50 2
20 12 48 50 2
12 20 50 48 2
20 12 50 48 2
12 20 49 49 3
20 12 49 49 3
11 21 34 64 0
21 11 34 64 0
11 21 64 34 0
21 11 64 34 0
11 21 35 63 0
21 11 35 63 0
11 21 63 35 0
21 11 63 35 0
11 21 36 62 0
21 11 36 62 0
11 21 62 36 0
21 11 62 36 0
12 20 34 64 0
20 12 34 64 0
12 20 64 34 0
20 12 64 34 0
12 20 35 63 0
20 12 35 63 0
12 20 63 35 0
20 12 63 35 0
12 20 36 62 0
20 12 36 62 0
12 20 62 36 0
20 12 62 36 0
13 19 34 64 0
19 13 34 64 0
13 19 64 34 0
19 13 64 34 0
13 19 35 63 0
19 13 35 63 0
13 19 63 35 0
19 13 63 35 0
13 19 36 62 0
19 13 36 62 0
13 19 62 36 0
19 13 62 36 0
13 19 37 61 0
19 13 37 61 0
13 19 61 37 0
19 13 61 37 0
13 19 38 60 0
19 13 38 60 0
13 19 60 38 0
19 13 60 38 0
13 19 39 59 0
19 13 39 59 0
13 19 59 39 0
19 13 59 39 0
13 19 40 58 0
19 13 40 58 0
13 19 58 40 0
19 13 58 40 0
13 19 41 57 0
19 13 41 57 0
13 19 57 41 0
19 13 57 41 0
13 19 42 56 1
19 13 42 56 1
13 19 56 42 1
19 13 56 42 1
13 19 43 55 2
19 13 43 55 2
13 19 55 43 2
19 13 55 43 2
13 19 44 54 4
19 13 44 54 4
13 19 54 44 4
19 13 54 44 4
13 19 45 53 7
19 13 45 53 7
13 19 53 45 7
19 13 53 45 7
13 19 46 52 10
19 13 46 52 10
13 19 52 46 10
19 13 52 46 10
13 19 47 51 13
19 13 47 51 13
13 19 51 47 13
19 13 51 47 13
13 19 48 50 15
19 13 48 50 15
13 19 50 48 15
19 13 50 48 15
13 19 49 49 16
19 13 49 49 16
12 20 33 65 0
20 12 33 65 0
12 20 65 33 0
20 12 65 33 0
13 19 33 65 0
19 13 33 65 0
13 19 65 33 0
19 13 65 33 0
14 18 33 65 0
18 14 33 65 0
14 18 65 33 0
18 14 65 33 0
14 18 34 64 0
18 14 34 64 0
14 18 64 34 0
18 14 64 34 0
14 18 35 63 0
18 14 35 63 0
14 18 63 35 0
18 14 63 35 0
14 18 36 62 0
18 14 36 62 0
14 18 62 36 0
18 14 62 36 0
14 18 37 61 0
18 14 37 61 0
14 18 61 37 0
18 14 61 37 0
14 18 38 60 0
18 14 38 60 0
14 18 60 38 0
18 14 60 38 0
14 18 39 59 1
18 14 39 59 1
14 18 59 39 1
18 14 59 39 1
14 18 40 58 2
18 14 40 58 2
14 18 58 40 2
18 14 58 40 2
14 18 41 57 5
18 14 41 57 5
14 18 57 41 5
18 14 57 41 5
14 18 42 56 9
18 14 42 56 9
14 18 56 42 9
18 14 56 42 9
14 18 43 55 16
18 14 43 55 16
14 18 55 43 16
18 14 55 43 16
14 18 44 54 23
18 14 44 54 23
14 18 54 44 23
18 14 54 44 23
14 18 45 53 34
18 14 45 53 34
14 18 53 45 34
18 14 53 45 34
14 18 46 52 42
18 14 46 52 42
14 18 52 46 42
18 14 52 46 42
14 18 47 51 52
18 14 47 51 52
14 18 51 47 52
18 14 51 47 52
14 18 48 50 56
18 14 48 50 56
14 18 50 48 56
18 14 50 48 56
14 18 49 49 60
18 14 49 49 60
15 17 34 64 0
17 15 34 64 0
15 17 64 34 0
17 15 64 34 0
15 17 35 63 0
17 15 35 63 0
15 17 63 35 0
17 15 63 35 0
15 17 36 62 0
17 15 36 62 0
15 17 62 36 0
17 15 62 36 0
15 17 37 61 0
17 15 37 61 0
15 17 61 37 0
17 15 61 37 0
15 17 38 60 1
17 15 38 60 1
15 17 60 38 1
17 15 60 38 1
15 17 39 59 3
17 15 39 59 3
15 17 59 39 3
17 15 59 39 3
15 17 40 58 7
17 15 40 58 7
15 17 58 40 7
17 15 58 40 7
15 17 41 57 13
17 15 41 57 13
15 17 57 41 13
17 15 57 41 13
15 17 42 56 23
17 15 42 56 23
15 17 56 42 23
17 15 56 42 23
15 17 43 55 36
17 15 43 55 36
15 17 55 43 36
17 15 55 43 36
15 17 44 54 52
17 15 44 54 52
15 17 54 44 52
17 15 54 44 52
15 17 45 53 70
17 15 45 53 70
15 17 53 45 70
17 15 53 45 70
15 17 46 52 87
17 15 46 52 87
15 17 52 46 87
17 15 52 46 87
15 17 47 51 102
17 15 47 51 102
15 17 51 47 102
17 15 51 47 102
15 17 48 50 112
17 15 48 50 112
15 17 50 48 112
17 15 50 48 112
15 17 49 49 116
17 15 49 49 116
16 16 37 61 0
16 16 61 37 0
16 16 38 60 1
16 16 60 38 1
16 16 39 59 4
16 16 59 39 4
16 16 40 58 9
16 16 58 40 9
16 16 41 57 18
16 16 57 41 18
16 16 42 56 30
16 16 56 42 30
16 16 43 55 48
16 16 55 43 48
16 16 44 54 67
16 16 54 44 67
16 16 45 53 91
16 16 53 45 91
16 16 46 52 110
16 16 52 46 110
16 16 47 51 130
16 16 51 47 130
16 16 48 50 140
16 16 50 48 140
16 16 49 49 147
13 19 31 67 0
19 13 31 67 0
13 19 67 31 0
19 13 67 31 0
13 19 32 66 0
19 13 32 66 0
13 19 66 32 0
19 13 66 32 0
14 18 31 67 0
18 14 31 67 0
14 18 67 31 0
18 14 67 31 0
14 18 32 66 0
18 14 32 66 0
14 18 66 32 0
18 14 66 32 0
15 17 31 67 0
17 15 31 67 0
15 17 67 31 0
17 15 67 31 0
15 17 32 66 0
17 15 32 66 0
15 17 66 32 0
17 15 66 32 0
15 17 33 65 0
17 15 33 65 0
15 17 65 33 0
17 15 65 33 0
16 16 31 67 0
16 16 67 31 0
16 16 32 66 0
16 16 66 32 0
16 16 33 65 0
16 16 65 33 0
16 16 34 64 0
16 16 64 34 0
16 16 35 63 0
16 16 63 35 0
16 16 36 62 0
16 16 62 36 0
15 17 30 68 0
17 15 30 68 0
15 17 68 30 0
17 15 68 30 0
16 16 30 68 0
16 16 68 30 0
