13 23 45 65 0
23 13 45 65 0
13 23 65 45 0
23 13 65 45 0
13 23 46 64 0
23 13 46 64 0
13 23 64 46 0
23 13 64 46 0
13 23 47 63 0
23 13 47 63 0
13 23 63 47 0
23 13 63 47 0
13 23 48 62 0
23 13 48 62 0
13 23 62 48 0
23 13 62 48 0
13 23 49 61 0
23 13 49 61 0
13 23 61 49 0
23 13 61 49 0
13 23 50 60 0
23 13 50 60 0
13 23 60 50 0
23 13 60 50 0
13 23 51 59 0
23 13 51 59 0
13 23 59 51 0
23 13 59 51 0
13 23 52 58 0
23 13 52 58 0
13 23 58 52 0
23 13 58 52 0
13 23 53 57 0
23 13 53 57 0
13 23 57 53 0
23 13 57 53 0
14 22 45 65 0
22 14 45 65 0
14 22 65 45 0
22 14 65 45 0
14 22 46 64 0
22 14 46 64 0
14 22 64 46 0
22 14 64 46 0
14 22 47 63 0
22 14 47 63 0
14 22 63 47 0
22 14 63 47 0
14 22 48 62 0
22 14 48 62 0
14 22 62 48 0
22 14 62 48 0
14 22 49 61 0
22 14 49 61 0
14 22 61 49 0
22 14 61 49 0
14 22 50 60 0
22 14 50 60 0
14 22 60 50 0
22 14 60 50 0
14 22 51 59 0
22 14 51 59 0
14 22 59 51 0
22 14 59 51 0
14 22 52 58 0
22 14 52 58 0
14 22 58 52 0
22 14 58 52 0
14 22 53 57 0
22 14 53 57 0
14 22 57 53 0
22 14 57 53 0
15 21 45 65 0
21 15 45 65 0
15 21 65 45 0
21 15 65 45 0
15 21 46 64 0
21 15 46 64 0
15 21 64 46 0
21 15 64 46 0
15 21 47 63 0
21 15 47 63 0
15 21 63 47 0
21 15 63 47 0
15 21 48 62 0
21 15 48 62 0
15 21 62 48 0
21 15 62 48 0
15 21 49 61 0
21 15 49 61 0
15 21 61 49 0
21 15 61 49 0
15 21 50 60 0
21 15 50 60 0
15 21 60 50 0
21 15 60 50 0
15 21 51 59 0
21 15 51 59 0
15 21 59 51 0
21 15 59 51 0
15 21 52 58 0
21 15 52 58 0
15 21 58 52 0
21 15 58 52 0
15 21 53 57 0
21 15 53 57 0
15 21 57 53 0
21 15 57 53 0
13 23 54 56 0
23 13 54 56 0
13 23 56 54 0
23 13 56 54 0
14 22 54 56 0
22 14 54 56 0
14 22 56 54 0
22 14 56 54 0
15 21 54 56 0
21 15 54 56 0
15 21 56 54 0
21 15 56 54 0
13 23 55 55 0
23 13 55 55 0
14 22 55 55 0
22 14 55 55 0
15 21 55 55 0
21 15 55 55 0
14 22 42 68 0
22 14 42 68 0
14 22 68 42 0
22 14 68 42 0
14 22 43 67 0
22 14 43 67 0
14 22 67 43 0
22 14 67 43 0
14 22 44 66 0
22 14 44 66 0
14 22 66 44 0
22 14 66 44 0
15 21 42 68 0
21 15 42 68 0
15 21 68 42 0
21 15 68 42 0
15 21 43 67 0
21 15 43 67 0
15 21 67 43 0
21 15 67 43 0
15 21 44 66 0
21 15 44 66 0
15 21 66 44 0
21 15 66 44 0
16 20 42 68 0
20 16 42 68 0
16 20 68 42 0
20 16 68 42 0
16 20 43 67 0
20 16 43 67 0
16 20 67 43 0
20 16 67 43 0
16 20 44 66 0
20 16 44 66 0
16 20 66 44 0
20 16 66 44 0
16 20 45 65 0
20 16 45 65 0
16 20 65 45 0
20 16 65 45 0
16 20 46 64 0
20 16 46 64 0
16 20 64 46 0
20 16 64 46 0
16 20 47 63 0
20 16 47 63 0
16 20 63 47 0
20 16 63 47 0
16 20 48 62 0
20 16 48 62 0
16 20 62 48 0
20 16 62 48 0
16 20 49 61 0
20 16 49 61 0
16 20 61 49 0
20 16 61 49 0
16 20 50 60 0
20 16 50 60 0
16 20 60 50 0
20 16 60 50 0
16 20 51 59 0
20 16 51 59 0
16 20 59 51 0
20 16 59 51 0
16 20 52 58 0
20 16 52 58 0
16 20 58 52 0
20 16 58 52 0
16 20 53 57 0
20 16 53 57 0
16 20 57 53 0
20 16 57 53 0
16 20 54 56 0
20 16 54 56 0
16 20 56 54 0
20 16 56 54 0
16 20 55 55 0
20 16 55 55 0
15 21 41 69 0
21 15 41 69 0
15 21 69 41 0
21 15 69 41 0
16 20 41 69 0
20 16 41 69 0
16 20 69 41 0
20 16 69 41 0
17 19 41 69 0
19 17 41 69 0
17 19 69 41 0
19 17 69 41 0
17 19 42 68 0
19 17 42 68 0
17 19 68 42 0
19 17 68 42 0
17 19 43 67 0
19 17 43 67 0
17 19 67 43 0
19 17 67 43 0
17 19 44 66 0
19 17 44 66 0
17 19 66 44 0
19 17 66 44 0
17 19 45 65 0
19 17 45 65 0
17 19 65 45 0
19 17 65 45 0
17 19 46 64 0
19 17 46 64 0
17 19 64 46 0
19 17 64 46 0
17 19 47 63 0
19 17 47 63 0
17 19 63 47 0
19 17 63 47 0
17 19 48 62 0
19 17 48 62 0
17 19 62 48 0
19 17 62 48 0
17 19 49 61 0
19 17 49 61 0
17 19 61 49 0
19 17 61 49 0
17 19 50 60 0
19 17 50 60 0
17 19 60 50 0
19 17 60 50 0
17 19 51 59 0
19 17 51 59 0
17 19 59 51 0
19 17 59 51 0
17 19 52 58 0
19 17 52 58 0
17 19 58 52 0
19 17 58 52 0
17 19 53 57 0
19 17 53 57 0
17 19 57 53 0
19 17 57 53 0
17 19 54 56 0
19 17 54 56 0
17 19 56 54 0
19 17 56 54 0
17 19 55 55 0
19 17 55 55 0
18 18 42 68 0
18 18 68 42 0
18 18 43 67 0
18 18 67 43 0
18 18 44 66 0
18 18 66 44 0
18 18 45 65 0
18 18 65 45 0
18 18 46 64 0
18 18 64 46 0
18 18 47 63 0
18 18 63 47 0
18 18 48 62 1
18 18 62 48 1
18 18 49 61 1
18 18 61 49 1
18 18 50 60 1
18 18 60 50 1
18 18 51 59 1
18 18 59 51 1
18 18 52 58 1
18 18 58 52 1
18 18 53 57 1
18 18 57 53 1
18 18 54 56 1
18 18 56 54 1
18 18 55 55 1
16 20 40 70 0
20 16 40 70 0
16 20 70 40 0
20 16 70 40 0
17 19 40 70 0
19 17 40 70 0
17 19 70 40 0
19 17 70 40 0
18 18 40 70 0
18 18 70 40 0
18 18 41 69 0
18 18 69 41 0
