6 22 36 50 0
22 6 36 50 0
6 22 50 36 0
22 6 50 36 0
6 22 37 49 0
22 6 37 49 0
6 22 49 37 0
22 6 49 37 0
6 22 38 48 0
22 6 38 48 0
6 22 48 38 0
22 6 48 38 0
6 22 39 47 0
22 6 39 47 0
6 22 47 39 0
22 6 47 39 0
6 22 40 46 0
22 6 40 46 0
6 22 46 40 0
22 6 46 40 0
6 22 41 45 0
22 6 41 45 0
6 22 45 41 0
22 6 45 41 0
6 22 42 44 0
22 6 42 44 0
6 22 44 42 0
22 6 44 42 0
6 22 43 43 0
22 6 43 43 0
7 21 36 50 0
21 7 36 50 0
7 21 50 36 0
21 7 50 36 0
7 21 37 49 0
21 7 37 49 0
7 21 49 37 0
21 7 49 37 0
7 21 38 48 0
21 7 38 48 0
7 21 48 38 0
21 7 48 38 0
7 21 39 47 0
21 7 39 47 0
7 21 47 39 0
21 7 47 39 0
7 21 40 46 0
21 7 40 46 0
7 21 46 40 0
21 7 46 40 0
7 21 41 45 0
21 7 41 45 0
7 21 45 41 0
21 7 45 41 0
7 21 42 44 0
21 7 42 44 0
7 21 44 42 0
21 7 44 42 0
7 21 43 43 0
21 7 43 43 0
8 20 36 50 0
20 8 36 50 0
8 20 50 36 0
20 8 50 36 0
8 20 37 49 0
20 8 37 49 0
8 20 49 37 0
20 8 49 37 0
8 20 38 48 0
20 8 38 48 0
8 20 48 38 0
20 8 48 38 0
8 20 39 47 0
20 8 39 47 0
8 20 47 39 0
20 8 47 39 0
8 20 40 46 0
20 8 40 46 0
8 20 46 40 0
20 8 46 40 0
8 20 41 45 0
20 8 41 45 0
8 20 45 41 0
20 8 45 41 0
8 20 42 44 1
20 8 42 44 1
8 20 44 42 1
20 8 44 42 1
8 20 43 43 1
20 8 43 43 1
7 21 31 55 0
21 7 31 55 0
7 21 55 31 0
21 7 55 31 0
7 21 32 54 0
21 7 32 54 0
7 21 54 32 0
21 7 54 32 0
7 21 33 53 0
21 7 33 53 0
7 21 53 33 0
21 7 53 33 0
7 21 34 52 0
21 7 34 52 0
7 21 52 34 0
21 7 52 34 0
7 21 35 51 0
21 7 35 51 0
7 21 51 35 0
21 7 51 35 0
8 20 31 55 0
20 8 31 55 0
8 20 55 31 0
20 8 55 31 0
8 20 32 54 0
20 8 32 54 0
8 20 54 32 0
20 8 54 32 0
8 20 33 53 0
20 8 33 53 0
8 20 53 33 0
20 8 53 33 0
8 20 34 52 0
20 8 34 52 0
8 20 52 34 0
20 8 52 34 0
8 20 35 51 0
20 8 35 51 0
8 20 51 35 0
20 8 51 35 0
9 19 31 55 0
19 9 31 55 0
9 19 55 31 0
19 9 55 31 0
9 19 32 54 0
19 9 32 54 0
9 19 54 32 0
19 9 54 32 0
9 19 33 53 0
19 9 33 53 0
9 19 53 33 0
19 9 53 33 0
9 19 34 52 0
19 9 34 52 0
9 19 52 34 0
19 9 52 34 0
9 19 35 51 0
19 9 35 51 0
9 19 51 35 0
19 9 51 35 0
9 19 36 50 0
19 9 36 50 0
9 19 50 36 0
19 9 50 36 0
9 19 37 49 1
19 9 37 49 1
9 19 49 37 1
19 9 49 37 1
9 19 38 48 3
19 9 38 48 3
9 19 48 38 3
19 9 48 38 3
9 19 39 47 6
19 9 39 47 6
9 19 47 39 6
19 9 47 39 6
9 19 40 46 9
19 9 40 46 9
9 19 46 40 9
19 9 46 40 9
9 19 41 45 12
19 9 41 45 12
9 19 45 41 12
19 9 45 41 12
9 19 42 44 15
19 9 42 44 15
9 19 44 42 15
19 9 44 42 15
9 19 43 43 16
19 9 43 43 16
8 20 28 58 0
20 8 28 58 0
8 20 58 28 0
20 8 58 28 0
8 20 29 57 0
20 8 29 57 0
8 20 57 29 0
20 8 57 29 0
8 20 30 56 0
20 8 30 56 0
8 20 56 30 0
20 8 56 30 0
9 19 28 58 0
19 9 28 58 0
9 19 58 28 0
19 9 58 28 0
9 19 29 57 0
19 9 29 57 0
9 19 57 29 0
19 9 57 29 0
9 19 30 56 0
19 9 30 56 0
9 19 56 30 0
19 9 56 30 0
10 18 28 58 0
18 10 28 58 0
10 18 58 28 0
18 10 58 28 0
10 18 29 57 0
18 10 29 57 0
10 18 57 29 0
18 10 57 29 0
10 18 30 56 0
18 10 30 56 0
10 18 56 30 0
18 10 56 30 0
10 18 31 55 0
18 10 31 55 0
10 18 55 31 0
18 10 55 31 0
10 18 32 54 0
18 10 32 54 0
10 18 54 32 0
18 10 54 32 0
10 18 33 53 0
18 10 33 53 0
10 18 53 33 0
18 10 53 33 0
10 18 34 52 2
18 10 34 52 2
10 18 52 34 2
18 10 52 34 2
10 18 35 51 5
18 10 35 51 5
10 18 51 35 5
18 10 51 35 5
10 18 36 50 12
18 10 36 50 12
10 18 50 36 12
18 10 50 36 12
10 18 37 49 22
18 10 37 49 22
10 18 49 37 22
18 10 49 37 22
10 18 38 48 39
18 10 38 48 39
10 18 48 38 39
18 10 48 38 39
10 18 39 47 57
18 10 39 47 57
10 18 47 39 57
18 10 47 39 57
10 18 40 46 78
18 10 40 46 78
10 18 46 40 78
18 10 46 40 78
10 18 41 45 94
18 10 41 45 94
10 18 45 41 94
18 10 45 41 94
10 18 42 44 109
18 10 42 44 109
10 18 44 42 109
18 10 44 42 109
10 18 43 43 112
18 10 43 43 112
9 19 27 59 0
19 9 27 59 0
9 19 59 27 0
19 9 59 27 0
10 18 27 59 0
18 10 27 59 0
10 18 59 27 0
18 10 59 27 0
11 17 27 59 0
17 11 27 59 0
11 17 59 27 0
17 11 59 27 0
11 17 28 58 0
17 11 28 58 0
11 17 58 28 0
17 11 58 28 0
11 17 29 57 0
17 11 29 57 0
11 17 57 29 0
17 11 57 29 0
11 17 30 56 0
17 11 30 56 0
11 17 56 30 0
17 11 56 30 0
11 17 31 55 1
17 11 31 55 1
11 17 55 31 1
17 11 55 31 1
11 17 32 54 3
17 11 32 54 3
11 17 54 32 3
17 11 54 32 3
11 17 33 53 9
17 11 33 53 9
11 17 53 33 9
17 11 53 33 9
11 17 34 52 21
17 11 34 52 21
11 17 52 34 21
17 11 52 34 21
11 17 35 51 43
17 11 35 51 43
11 17 51 35 43
17 11 51 35 43
11 17 36 50 77
17 11 36 50 77
11 17 50 36 77
17 11 50 36 77
11 17 37 49 125
17 11 37 49 125
11 17 49 37 125
17 11 49 37 125
11 17 38 48 186
17 11 38 48 186
11 17 48 38 186
17 11 48 38 186
11 17 39 47 255
17 11 39 47 255
11 17 47 39 255
17 11 47 39 255
11 17 40 46 324
17 11 40 46 324
11 17 46 40 324
17 11 46 40 324
11 17 41 45 383
17 11 41 45 383
11 17 45 41 383
17 11 45 41 383
11 17 42 44 424
17 11 42 44 424
11 17 44 42 424
17 11 44 42 424
11 17 43 43 438
17 11 43 43 438
12 16 28 58 0
16 12 28 58 0
12 16 58 28 0
16 12 58 28 0
12 16 29 57 0
16 12 29 57 0
12 16 57 29 0
16 12 57 29 0
12 16 30 56 1
16 12 30 56 1
12 16 56 30 1
16 12 56 30 1
12 16 31 55 5
16 12 31 55 5
12 16 55 31 5
16 12 55 31 5
12 16 32 54 15
16 12 32 54 15
12 16 54 32 15
16 12 54 32 15
12 16 33 53 35
16 12 33 53 35
12 16 53 33 35
16 12 53 33 35
12 16 34 52 74
16 12 34 52 74
12 16 52 34 74
16 12 52 34 74
12 16 35 51 135
16 12 35 51 135
12 16 51 35 135
16 12 51 35 135
12 16 36 50 227
16 12 36 50 227
12 16 50 36 227
16 12 50 36 227
12 16 37 49 345
16 12 37 49 345
12 16 49 37 345
16 12 49 37 345
12 16 38 48 493
16 12 38 48 493
12 16 48 38 493
16 12 48 38 493
12 16 39 47 649
16 12 39 47 649
12 16 47 39 649
16 12 47 39 649
12 16 40 46 807
16 12 40 46 807
12 16 46 40 807
16 12 46 40 807
12 16 41 45 934
16 12 41 45 934
12 16 45 41 934
16 12 45 41 934
12 16 42 44 1026
16 12 42 44 1026
12 16 44 42 1026
16 12 44 42 1026
12 16 43 43 1053
16 12 43 43 1053
13 15 31 55 14
15 13 31 55 14
13 15 55 31 14
15 13 55 31 14
13 15 32 54 35
15 13 32 54 35
13 15 54 32 35
15 13 54 32 35
13 15 33 53 77
15 13 33 53 77
13 15 53 33 77
15 13 53 33 77
13 15 34 52 149
15 13 34 52 149
13 15 52 34 149
15 13 52 34 149
13 15 35 51 261
15 13 35 51 261
13 15 51 35 261
15 13 51 35 261
13 15 36 50 418
15 13 36 50 418
13 15 50 36 418
15 13 50 36 418
13 15 37 49 621
15 13 37 49 621
13 15 49 37 621
15 13 49 37 621
13 15 38 48 861
15 13 38 48 861
13 15 48 38 861
15 13 48 38 861
13 15 39 47 1118
15 13 39 47 1118
13 15 47 39 1118
15 13 47 39 1118
13 15 40 46 1365
15 13 40 46 1365
13 15 46 40 1365
15 13 46 40 1365
13 15 41 45 1571
15 13 41 45 1571
13 15 45 41 1571
15 13 45 41 1571
13 15 42 44 1710
15 13 42 44 1710
13 15 44 42 1710
15 13 44 42 1710
13 15 43 43 1758
15 13 43 43 1758
14 14 36 50 505
14 14 50 36 505
14 14 37 49 741
14 14 49 37 741
14 14 38 48 1026
14 14 48 38 1026
14 14 39 47 1322
14 14 47 39 1322
14 14 40 46 1613
14 14 46 40 1613
14 14 41 45 1847
14 14 45 41 1847
14 14 42 44 2013
14 14 44 42 2013
14 14 43 43 2064
9 19 26 60 0
19 9 26 60 0
9 19 60 26 0
19 9 60 26 0
10 18 26 60 0
18 10 26 60 0
10 18 60 26 0
18 10 60 26 0
11 17 26 60 0
17 11 26 60 0
11 17 60 26 0
17 11 60 26 0
10 18 24 62 0
18 10 24 62 0
10 18 62 24 0
18 10 62 24 0
10 18 25 61 0
18 10 25 61 0
10 18 61 25 0
18 10 61 25 0
11 17 24 62 0
17 11 24 62 0
11 17 62 24 0
17 11 62 24 0
11 17 25 61 0
17 11 25 61 0
11 17 61 25 0
17 11 61 25 0
12 16 24 62 0
16 12 24 62 0
12 16 62 24 0
16 12 62 24 0
12 16 25 61 0
16 12 25 61 0
12 16 61 25 0
16 12 61 25 0
12 16 26 60 0
16 12 26 60 0
12 16 60 26 0
16 12 60 26 0
12 16 27 59 0
16 12 27 59 0
12 16 59 27 0
16 12 59 27 0
13 15 24 62 0
15 13 24 62 0
13 15 62 24 0
15 13 62 24 0
13 15 25 61 0
15 13 25 61 0
13 15 61 25 0
15 13 61 25 0
13 15 26 60 0
15 13 26 60 0
13 15 60 26 0
15 13 60 26 0
13 15 27 59 0
15 13 27 59 0
13 15 59 27 0
15 13 59 27 0
13 15 28 58 0
15 13 28 58 0
13 15 58 28 0
15 13 58 28 0
13 15 29 57 1
15 13 29 57 1
13 15 57 29 1
15 13 57 29 1
13 15 30 56 4
15 13 30 56 4
13 15 56 30 4
15 13 56 30 4
14 14 26 60 0
14 14 60 26 0
14 14 27 59 0
14 14 59 27 0
14 14 28 58 0
14 14 58 28 0
14 14 29 57 1
14 14 57 29 1
14 14 30 56 6
14 14 56 30 6
14 14 31 55 18
14 14 55 31 18
14 14 32 54 45
14 14 54 32 45
14 14 33 53 95
14 14 53 33 95
14 14 34 52 184
14 14 52 34 184
14 14 35 51 316
14 14 51 35 316
11 17 23 63 0
17 11 23 63 0
11 17 63 23 0
17 11 63 23 0
12 16 23 63 0
16 12 23 63 0
12 16 63 23 0
16 12 63 23 0
13 15 23 63 0
15 13 23 63 0
13 15 63 23 0
15 13 63 23 0
12 16 22 64 0
16 12 22 64 0
12 16 64 22 0
16 12 64 22 0
13 15 22 64 0
15 13 22 64 0
13 15 64 22 0
15 13 64 22 0
14 14 22 64 0
14 14 64 22 0
14 14 23 63 0
14 14 63 23 0
14 14 24 62 0
14 14 62 24 0
14 14 25 61 0
14 14 61 25 0
