1 17 21 35 0
17 1 21 35 0
1 17 35 21 0
17 1 35 21 0
1 17 22 34 0
17 1 22 34 0
1 17 34 22 0
17 1 34 22 0
1 17 23 33 0
17 1 23 33 0
1 17 33 23 0
17 1 33 23 0
1 17 24 32 0
17 1 24 32 0
1 17 32 24 0
17 1 32 24 0
1 17 25 31 0
17 1 25 31 0
1 17 31 25 0
17 1 31 25 0
1 17 26 30 0
17 1 26 30 0
1 17 30 26 0
17 1 30 26 0
1 17 27 29 0
17 1 27 29 0
1 17 29 27 0
17 1 29 27 0
1 17 28 28 0
17 1 28 28 0
2 16 21 35 0
16 2 21 35 0
2 16 35 21 0
16 2 35 21 0
2 16 22 34 0
16 2 22 34 0
2 16 34 22 0
16 2 34 22 0
2 16 23 33 0
16 2 23 33 0
2 16 33 23 0
16 2 33 23 0
2 16 24 32 0
16 2 24 32 0
2 16 32 24 0
16 2 32 24 0
2 16 25 31 0
16 2 25 31 0
2 16 31 25 0
16 2 31 25 0
2 16 26 30 0
16 2 26 30 0
2 16 30 26 0
16 2 30 26 0
2 16 27 29 0
16 2 27 29 0
2 16 29 27 0
16 2 29 27 0
2 16 28 28 0
16 2 28 28 0
3 15 21 35 1
15 3 21 35 1
3 15 35 21 1
15 3 35 21 1
3 15 22 34 3
15 3 22 34 3
3 15 34 22 3
15 3 34 22 3
3 15 23 33 6
15 3 23 33 6
3 15 33 23 6
15 3 33 23 6
3 15 24 32 10
15 3 24 32 10
3 15 32 24 10
15 3 32 24 10
3 15 25 31 14
15 3 25 31 14
3 15 31 25 14
15 3 31 25 14
3 15 26 30 18
15 3 26 30 18
3 15 30 26 18
15 3 30 26 18
3 15 27 29 21
15 3 27 29 21
3 15 29 27 21
15 3 29 27 21
3 15 28 28 22
15 3 28 28 22
4 14 21 35 27
14 4 21 35 27
4 14 35 21 27
14 4 35 21 27
4 14 22 34 49
14 4 22 34 49
4 14 34 22 49
14 4 34 22 49
4 14 23 33 79
14 4 23 33 79
4 14 33 23 79
14 4 33 23 79
4 14 24 32 114
14 4 24 32 114
4 14 32 24 114
14 4 32 24 114
4 14 25 31 149
14 4 25 31 149
4 14 31 25 149
14 4 31 25 149
4 14 26 30 180
14 4 26 30 180
4 14 30 26 180
14 4 30 26 180
4 14 27 29 202
14 4 27 29 202
4 14 29 27 202
14 4 29 27 202
4 14 28 28 210
14 4 28 28 210
2 16 16 40 0
16 2 16 40 0
2 16 40 16 0
16 2 40 16 0
2 16 17 39 0
16 2 17 39 0
2 16 39 17 0
16 2 39 17 0
2 16 18 38 0
16 2 18 38 0
2 16 38 18 0
16 2 38 18 0
2 16 19 37 0
16 2 19 37 0
2 16 37 19 0
16 2 37 19 0
2 16 20 36 0
16 2 20 36 0
2 16 36 20 0
16 2 36 20 0
3 15 16 40 0
15 3 16 40 0
3 15 40 16 0
15 3 40 16 0
3 15 17 39 0
15 3 17 39 0
3 15 39 17 0
15 3 39 17 0
3 15 18 38 0
15 3 18 38 0
3 15 38 18 0
15 3 38 18 0
3 15 19 37 0
15 3 19 37 0
3 15 37 19 0
15 3 37 19 0
3 15 20 36 0
15 3 20 36 0
3 15 36 20 0
15 3 36 20 0
4 14 16 40 0
14 4 16 40 0
4 14 40 16 0
14 4 40 16 0
4 14 17 39 0
14 4 17 39 0
4 14 39 17 0
14 4 39 17 0
4 14 18 38 1
14 4 18 38 1
4 14 38 18 1
14 4 38 18 1
4 14 19 37 5
14 4 19 37 5
4 14 37 19 5
14 4 37 19 5
4 14 20 36 13
14 4 20 36 13
4 14 36 20 13
14 4 36 20 13
3 15 15 41 0
15 3 15 41 0
3 15 41 15 0
15 3 41 15 0
4 14 15 41 0
14 4 15 41 0
4 14 41 15 0
14 4 41 15 0
5 13 15 41 0
13 5 15 41 0
5 13 41 15 0
13 5 41 15 0
5 13 16 40 2
13 5 16 40 2
5 13 40 16 2
13 5 40 16 2
5 13 17 39 8
13 5 17 39 8
5 13 39 17 8
13 5 39 17 8
5 13 18 38 23
13 5 18 38 23
5 13 38 18 23
13 5 38 18 23
5 13 19 37 54
13 5 19 37 54
5 13 37 19 54
13 5 37 19 54
5 13 20 36 107
13 5 20 36 107
5 13 36 20 107
13 5 36 20 107
5 13 21 35 188
13 5 21 35 188
5 13 35 21 188
13 5 35 21 188
5 13 22 34 299
13 5 22 34 299
5 13 34 22 299
13 5 34 22 299
5 13 23 33 437
13 5 23 33 437
5 13 33 23 437
13 5 33 23 437
5 13 24 32 590
13 5 24 32 590
5 13 32 24 590
13 5 32 24 590
5 13 25 31 740
13 5 25 31 740
5 13 31 25 740
13 5 31 25 740
5 13 26 30 868
13 5 26 30 868
5 13 30 26 868
13 5 30 26 868
5 13 27 29 955
13 5 27 29 955
5 13 29 27 955
13 5 29 27 955
5 13 28 28 986
13 5 28 28 986
6 12 16 40 21
12 6 16 40 21
6 12 40 16 21
12 6 40 16 21
6 12 17 39 55
12 6 17 39 55
6 12 39 17 55
12 6 39 17 55
6 12 18 38 123
12 6 18 38 123
6 12 38 18 123
12 6 38 18 123
6 12 19 37 242
12 6 19 37 242
6 12 37 19 242
12 6 37 19 242
6 12 20 36 428
12 6 20 36 428
6 12 36 20 428
12 6 36 20 428
6 12 21 35 692
12 6 21 35 692
6 12 35 21 692
12 6 35 21 692
6 12 22 34 1033
12 6 22 34 1033
6 12 34 22 1033
12 6 34 22 1033
6 12 23 33 1437
12 6 23 33 1437
6 12 33 23 1437
12 6 33 23 1437
6 12 24 32 1871
12 6 24 32 1871
6 12 32 24 1871
12 6 32 24 1871
6 12 25 31 2288
12 6 25 31 2288
6 12 31 25 2288
12 6 31 25 2288
6 12 26 30 2637
12 6 26 30 2637
6 12 30 26 2637
12 6 30 26 2637
6 12 27 29 2870
12 6 27 29 2870
6 12 29 27 2870
12 6 29 27 2870
6 12 28 28 2952
12 6 28 28 2952
3 15 13 43 0
15 3 13 43 0
3 15 43 13 0
15 3 43 13 0
3 15 14 42 0
15 3 14 42 0
3 15 42 14 0
15 3 42 14 0
4 14 13 43 0
14 4 13 43 0
4 14 43 13 0
14 4 43 13 0
4 14 14 42 0
14 4 14 42 0
4 14 42 14 0
14 4 42 14 0
5 13 13 43 0
13 5 13 43 0
5 13 43 13 0
13 5 43 13 0
5 13 14 42 0
13 5 14 42 0
5 13 42 14 0
13 5 42 14 0
4 14 11 45 0
14 4 11 45 0
4 14 45 11 0
14 4 45 11 0
4 14 12 44 0
14 4 12 44 0
4 14 44 12 0
14 4 44 12 0
5 13 11 45 0
13 5 11 45 0
5 13 45 11 0
13 5 45 11 0
5 13 12 44 0
13 5 12 44 0
5 13 44 12 0
13 5 44 12 0
6 12 11 45 0
12 6 11 45 0
6 12 45 11 0
12 6 45 11 0
6 12 12 44 0
12 6 12 44 0
6 12 44 12 0
12 6 44 12 0
6 12 13 43 0
12 6 13 43 0
6 12 43 13 0
12 6 43 13 0
6 12 14 42 1
12 6 14 42 1
6 12 42 14 1
12 6 42 14 1
6 12 15 41 6
12 6 15 41 6
6 12 41 15 6
12 6 41 15 6
7 11 11 45 0
11 7 11 45 0
7 11 45 11 0
11 7 45 11 0
7 11 12 44 0
11 7 12 44 0
7 11 44 12 0
11 7 44 12 0
7 11 13 43 2
11 7 13 43 2
7 11 43 13 2
11 7 43 13 2
7 11 14 42 9
11 7 14 42 9
7 11 42 14 9
11 7 42 14 9
7 11 15 41 29
11 7 15 41 29
7 11 41 15 29
11 7 41 15 29
7 11 16 40 77
11 7 16 40 77
7 11 40 16 77
11 7 40 16 77
7 11 17 39 174
11 7 17 39 174
7 11 39 17 174
11 7 39 17 174
7 11 18 38 349
11 7 18 38 349
7 11 38 18 349
11 7 38 18 349
7 11 19 37 634
11 7 19 37 634
7 11 37 19 634
11 7 37 19 634
7 11 20 36 1057
11 7 20 36 1057
7 11 36 20 1057
11 7 36 20 1057
7 11 21 35 1633
11 7 21 35 1633
7 11 35 21 1633
11 7 35 21 1633
7 11 22 34 2355
11 7 22 34 2355
7 11 34 22 2355
11 7 34 22 2355
7 11 23 33 3187
11 7 23 33 3187
7 11 33 23 3187
11 7 33 23 3187
7 11 24 32 4063
11 7 24 32 4063
7 11 32 24 4063
11 7 32 24 4063
7 11 25 31 4894
11 7 25 31 4894
7 11 31 25 4894
11 7 31 25 4894
7 11 26 30 5582
11 7 26 30 5582
7 11 30 26 5582
11 7 30 26 5582
7 11 27 29 6037
11 7 27 29 6037
7 11 29 27 6037
11 7 29 27 6037
7 11 28 28 6196
11 7 28 28 6196
8 10 13 43 6
10 8 13 43 6
8 10 43 13 6
10 8 43 13 6
8 10 14 42 22
10 8 14 42 22
8 10 42 14 22
10 8 42 14 22
8 10 15 41 63
10 8 15 41 63
8 10 41 15 63
10 8 41 15 63
8 10 16 40 153
10 8 16 40 153
8 10 40 16 153
10 8 40 16 153
8 10 17 39 325
10 8 17 39 325
8 10 39 17 325
10 8 39 17 325
8 10 18 38 622
10 8 18 38 622
8 10 38 18 622
10 8 38 18 622
8 10 19 37 1090
10 8 19 37 1090
8 10 37 19 1090
10 8 37 19 1090
8 10 20 36 1766
10 8 20 36 1766
8 10 36 20 1766
10 8 36 20 1766
8 10 21 35 2667
10 8 21 35 2667
8 10 35 21 2667
10 8 35 21 2667
8 10 22 34 3778
10 8 22 34 3778
8 10 34 22 3778
10 8 34 22 3778
8 10 23 33 5042
10 8 23 33 5042
8 10 33 23 5042
10 8 33 23 5042
8 10 24 32 6359
10 8 24 32 6359
8 10 32 24 6359
10 8 32 24 6359
8 10 25 31 7598
10 8 25 31 7598
8 10 31 25 7598
10 8 31 25 7598
8 10 26 30 8618
10 8 26 30 8618
8 10 30 26 8618
10 8 30 26 8618
8 10 27 29 9291
10 8 27 29 9291
8 10 29 27 9291
10 8 29 27 9291
8 10 28 28 9526
10 8 28 28 9526
5 13 9 47 0
13 5 9 47 0
5 13 47 9 0
13 5 47 9 0
5 13 10 46 0
13 5 10 46 0
5 13 46 10 0
13 5 46 10 0
6 12 9 47 0
12 6 9 47 0
6 12 47 9 0
12 6 47 9 0
6 12 10 46 0
12 6 10 46 0
6 12 46 10 0
12 6 46 10 0
7 11 9 47 0
11 7 9 47 0
7 11 47 9 0
11 7 47 9 0
7 11 10 46 0
11 7 10 46 0
7 11 46 10 0
11 7 46 10 0
6 12 8 48 0
12 6 8 48 0
6 12 48 8 0
12 6 48 8 0
7 11 8 48 0
11 7 8 48 0
7 11 48 8 0
11 7 48 8 0
8 10 8 48 0
10 8 8 48 0
8 10 48 8 0
10 8 48 8 0
8 10 9 47 0
10 8 9 47 0
8 10 47 9 0
10 8 47 9 0
8 10 10 46 0
10 8 10 46 0
8 10 46 10 0
10 8 46 10 0
8 10 11 45 0
10 8 11 45 0
8 10 45 11 0
10 8 45 11 0
8 10 12 44 1
10 8 12 44 1
8 10 44 12 1
10 8 44 12 1
9 9 9 47 0
9 9 47 9 0
9 9 10 46 0
9 9 46 10 0
9 9 11 45 0
9 9 45 11 0
9 9 12 44 2
9 9 44 12 2
9 9 13 43 9
9 9 43 13 9
9 9 14 42 30
9 9 42 14 30
9 9 15 41 82
9 9 41 15 82
9 9 16 40 192
9 9 40 16 192
9 9 17 39 399
9 9 39 17 399
9 9 18 38 752
9 9 38 18 752
9 9 19 37 1302
9 9 37 19 1302
9 9 20 36 2090
9 9 36 20 2090
9 9 21 35 3134
9 9 35 21 3134
9 9 22 34 4414
9 9 34 22 4414
9 9 23 33 5864
9 9 33 23 5864
9 9 24 32 7370
9 9 32 24 7370
9 9 25 31 8783
9 9 31 25 8783
9 9 26 30 9944
9 9 30 26 9944
9 9 27 29 10709
9 9 29 27 10709
9 9 28 28 10976
7 11 7 49 0
11 7 7 49 0
7 11 49 7 0
11 7 49 7 0
8 10 7 49 0
10 8 7 49 0
8 10 49 7 0
10 8 49 7 0
9 9 7 49 0
9 9 49 7 0
9 9 8 48 0
9 9 48 8 0
