5 21 31 49 0
21 5 31 49 0
5 21 49 31 0
21 5 49 31 0
5 21 32 48 0
21 5 32 48 0
5 21 48 32 0
21 5 48 32 0
5 21 33 47 0
21 5 33 47 0
5 21 47 33 0
21 5 47 33 0
5 21 34 46 0
21 5 34 46 0
5 21 46 34 0
21 5 46 34 0
5 21 35 45 0
21 5 35 45 0
5 21 45 35 0
21 5 45 35 0
5 21 36 44 0
21 5 36 44 0
5 21 44 36 0
21 5 44 36 0
5 21 37 43 0
21 5 37 43 0
5 21 43 37 0
21 5 43 37 0
5 21 38 42 0
21 5 38 42 0
5 21 42 38 0
21 5 42 38 0
5 21 39 41 0
21 5 39 41 0
5 21 41 39 0
21 5 41 39 0
6 20 31 49 0
20 6 31 49 0
6 20 49 31 0
20 6 49 31 0
6 20 32 48 0
20 6 32 48 0
6 20 48 32 0
20 6 48 32 0
6 20 33 47 0
20 6 33 47 0
6 20 47 33 0
20 6 47 33 0
6 20 34 46 0
20 6 34 46 0
6 20 46 34 0
20 6 46 34 0
6 20 35 45 0
20 6 35 45 0
6 20 45 35 0
20 6 45 35 0
6 20 36 44 0
20 6 36 44 0
6 20 44 36 0
20 6 44 36 0
6 20 37 43 0
20 6 37 43 0
6 20 43 37 0
20 6 43 37 0
6 20 38 42 0
20 6 38 42 0
6 20 42 38 0
20 6 42 38 0
6 20 39 41 0
20 6 39 41 0
6 20 41 39 0
20 6 41 39 0
7 19 31 49 0
19 7 31 49 0
7 19 49 31 0
19 7 49 31 0
7 19 32 48 0
19 7 32 48 0
7 19 48 32 0
19 7 48 32 0
7 19 33 47 0
19 7 33 47 0
7 19 47 33 0
19 7 47 33 0
7 19 34 46 0
19 7 34 46 0
7 19 46 34 0
19 7 46 34 0
7 19 35 45 0
19 7 35 45 0
7 19 45 35 0
19 7 45 35 0
7 19 36 44 1
19 7 36 44 1
7 19 44 36 1
19 7 44 36 1
7 19 37 43 2
19 7 37 43 2
7 19 43 37 2
19 7 43 37 2
7 19 38 42 3
19 7 38 42 3
7 19 42 38 3
19 7 42 38 3
7 19 39 41 4
19 7 39 41 4
7 19 41 39 4
19 7 41 39 4
5 21 40 40 0
21 5 40 40 0
6 20 40 40 0
20 6 40 40 0
7 19 40 40 4
19 7 40 40 4
6 20 27 53 0
20 6 27 53 0
6 20 53 27 0
20 6 53 27 0
6 20 28 52 0
20 6 28 52 0
6 20 52 28 0
20 6 52 28 0
6 20 29 51 0
20 6 29 51 0
6 20 51 29 0
20 6 51 29 0
6 20 30 50 0
20 6 30 50 0
6 20 50 30 0
20 6 50 30 0
7 19 27 53 0
19 7 27 53 0
7 19 53 27 0
19 7 53 27 0
7 19 28 52 0
19 7 28 52 0
7 19 52 28 0
19 7 52 28 0
7 19 29 51 0
19 7 29 51 0
7 19 51 29 0
19 7 51 29 0
7 19 30 50 0
19 7 30 50 0
7 19 50 30 0
19 7 50 30 0
8 18 27 53 0
18 8 27 53 0
8 18 53 27 0
18 8 53 27 0
8 18 28 52 0
18 8 28 52 0
8 18 52 28 0
18 8 52 28 0
8 18 29 51 0
18 8 29 51 0
8 18 51 29 0
18 8 51 29 0
8 18 30 50 0
18 8 30 50 0
8 18 50 30 0
18 8 50 30 0
8 18 31 49 0
18 8 31 49 0
8 18 49 31 0
18 8 49 31 0
8 18 32 48 1
18 8 32 48 1
8 18 48 32 1
18 8 48 32 1
8 18 33 47 4
18 8 33 47 4
8 18 47 33 4
18 8 47 33 4
8 18 34 46 9
18 8 34 46 9
8 18 46 34 9
18 8 46 34 9
8 18 35 45 16
18 8 35 45 16
8 18 45 35 16
18 8 45 35 16
8 18 36 44 26
18 8 36 44 26
8 18 44 36 26
18 8 44 36 26
8 18 37 43 37
18 8 37 43 37
8 18 43 37 37
18 8 43 37 37
8 18 38 42 47
18 8 38 42 47
8 18 42 38 47
18 8 42 38 47
8 18 39 41 54
18 8 39 41 54
8 18 41 39 54
18 8 41 39 54
8 18 40 40 56
18 8 40 40 56
7 19 25 55 0
19 7 25 55 0
7 19 55 25 0
19 7 55 25 0
7 19 26 54 0
19 7 26 54 0
7 19 54 26 0
19 7 54 26 0
8 18 25 55 0
18 8 25 55 0
8 18 55 25 0
18 8 55 25 0
8 18 26 54 0
18 8 26 54 0
8 18 54 26 0
18 8 54 26 0
9 17 25 55 0
17 9 25 55 0
9 17 55 25 0
17 9 55 25 0
9 17 26 54 0
17 9 26 54 0
9 17 54 26 0
17 9 54 26 0
9 17 27 53 0
17 9 27 53 0
9 17 53 27 0
17 9 53 27 0
9 17 28 52 0
17 9 28 52 0
9 17 52 28 0
17 9 52 28 0
9 17 29 51 1
17 9 29 51 1
9 17 51 29 1
17 9 51 29 1
9 17 30 50 4
17 9 30 50 4
9 17 50 30 4
17 9 50 30 4
9 17 31 49 11
17 9 31 49 11
9 17 49 31 11
17 9 49 31 11
9 17 32 48 25
17 9 32 48 25
9 17 48 32 25
17 9 48 32 25
9 17 33 47 49
17 9 33 47 49
9 17 47 33 49
17 9 47 33 49
9 17 34 46 84
17 9 34 46 84
9 17 46 34 84
17 9 46 34 84
9 17 35 45 129
17 9 35 45 129
9 17 45 35 129
17 9 45 35 129
9 17 36 44 182
17 9 36 44 182
9 17 44 36 182
17 9 44 36 182
9 17 37 43 236
17 9 37 43 236
9 17 43 37 236
17 9 43 37 236
9 17 38 42 283
17 9 38 42 283
9 17 42 38 283
17 9 42 38 283
9 17 39 41 315
17 9 39 41 315
9 17 41 39 315
17 9 41 39 315
9 17 40 40 326
17 9 40 40 326
10 16 25 55 0
16 10 25 55 0
10 16 55 25 0
16 10 55 25 0
10 16 26 54 0
16 10 26 54 0
10 16 54 26 0
16 10 54 26 0
10 16 27 53 1
16 10 27 53 1
10 16 53 27 1
16 10 53 27 1
10 16 28 52 4
16 10 28 52 4
10 16 52 28 4
16 10 52 28 4
10 16 29 51 13
16 10 29 51 13
10 16 51 29 13
16 10 51 29 13
10 16 30 50 33
16 10 30 50 33
10 16 50 30 33
16 10 50 30 33
10 16 31 49 70
16 10 31 49 70
10 16 49 31 70
16 10 49 31 70
10 16 32 48 132
16 10 32 48 132
10 16 48 32 132
16 10 48 32 132
10 16 33 47 225
16 10 33 47 225
10 16 47 33 225
16 10 47 33 225
10 16 34 46 350
16 10 34 46 350
10 16 46 34 350
16 10 46 34 350
10 16 35 45 502
16 10 35 45 502
10 16 45 35 502
16 10 45 35 502
10 16 36 44 670
16 10 36 44 670
10 16 44 36 670
16 10 44 36 670
10 16 37 43 835
16 10 37 43 835
10 16 43 37 835
16 10 43 37 835
10 16 38 42 975
16 10 38 42 975
10 16 42 38 975
16 10 42 38 975
10 16 39 41 1069
16 10 39 41 1069
10 16 41 39 1069
16 10 41 39 1069
10 16 40 40 1102
16 10 40 40 1102
11 15 27 53 6
15 11 27 53 6
11 15 53 27 6
15 11 53 27 6
11 15 28 52 19
15 11 28 52 19
11 15 52 28 19
15 11 52 28 19
11 15 29 51 49
15 11 29 51 49
11 15 51 29 49
15 11 51 29 49
11 15 30 50 108
15 11 30 50 108
11 15 50 30 108
15 11 50 30 108
11 15 31 49 209
15 11 31 49 209
11 15 49 31 209
15 11 49 31 209
11 15 32 48 366
15 11 32 48 366
11 15 48 32 366
15 11 48 32 366
11 15 33 47 588
15 11 33 47 588
11 15 47 33 588
15 11 47 33 588
11 15 34 46 874
15 11 34 46 874
11 15 46 34 874
15 11 46 34 874
11 15 35 45 1211
15 11 35 45 1211
11 15 45 35 1211
15 11 45 35 1211
11 15 36 44 1573
15 11 36 44 1573
11 15 44 36 1573
15 11 44 36 1573
11 15 37 43 1921
15 11 37 43 1921
11 15 43 37 1921
15 11 43 37 1921
11 15 38 42 2212
15 11 38 42 2212
11 15 42 38 2212
15 11 42 38 2212
11 15 39 41 2406
15 11 39 41 2406
11 15 41 39 2406
15 11 41 39 2406
11 15 40 40 2474
15 11 40 40 2474
12 14 31 49 389
14 12 31 49 389
12 14 49 31 389
14 12 49 31 389
12 14 32 48 654
14 12 32 48 654
12 14 48 32 654
14 12 48 32 654
12 14 33 47 1019
14 12 33 47 1019
12 14 47 33 1019
14 12 47 33 1019
12 14 34 46 1479
14 12 34 46 1479
12 14 46 34 1479
14 12 46 34 1479
12 14 35 45 2011
14 12 35 45 2011
12 14 45 35 2011
14 12 45 35 2011
12 14 36 44 2575
14 12 36 44 2575
12 14 44 36 2575
14 12 44 36 2575
12 14 37 43 3112
14 12 37 43 3112
12 14 43 37 3112
14 12 43 37 3112
12 14 38 42 3558
14 12 38 42 3558
12 14 42 38 3558
14 12 42 38 3558
12 14 39 41 3853
14 12 39 41 3853
12 14 41 39 3853
14 12 41 39 3853
12 14 40 40 3956
14 12 40 40 3956
8 18 22 58 0
18 8 22 58 0
8 18 58 22 0
18 8 58 22 0
8 18 23 57 0
18 8 23 57 0
8 18 57 23 0
18 8 57 23 0
8 18 24 56 0
18 8 24 56 0
8 18 56 24 0
18 8 56 24 0
9 17 22 58 0
17 9 22 58 0
9 17 58 22 0
17 9 58 22 0
9 17 23 57 0
17 9 23 57 0
9 17 57 23 0
17 9 57 23 0
9 17 24 56 0
17 9 24 56 0
9 17 56 24 0
17 9 56 24 0
10 16 22 58 0
16 10 22 58 0
10 16 58 22 0
16 10 58 22 0
10 16 23 57 0
16 10 23 57 0
10 16 57 23 0
16 10 57 23 0
10 16 24 56 0
16 10 24 56 0
10 16 56 24 0
16 10 56 24 0
9 17 21 59 0
17 9 21 59 0
9 17 59 21 0
17 9 59 21 0
10 16 21 59 0
16 10 21 59 0
10 16 59 21 0
16 10 59 21 0
11 15 21 59 0
15 11 21 59 0
11 15 59 21 0
15 11 59 21 0
11 15 22 58 0
15 11 22 58 0
11 15 58 22 0
15 11 58 22 0
11 15 23 57 0
15 11 23 57 0
11 15 57 23 0
15 11 57 23 0
11 15 24 56 0
15 11 24 56 0
11 15 56 24 0
15 11 56 24 0
11 15 25 55 0
15 11 25 55 0
11 15 55 25 0
15 11 55 25 0
11 15 26 54 1
15 11 26 54 1
11 15 54 26 1
15 11 54 26 1
12 14 22 58 0
14 12 22 58 0
12 14 58 22 0
14 12 58 22 0
12 14 23 57 0
14 12 23 57 0
12 14 57 23 0
14 12 57 23 0
12 14 24 56 0
14 12 24 56 0
12 14 56 24 0
14 12 56 24 0
12 14 25 55 1
14 12 25 55 1
12 14 55 25 1
14 12 55 25 1
12 14 26 54 5
14 12 26 54 5
12 14 54 26 5
14 12 54 26 5
12 14 27 53 17
14 12 27 53 17
12 14 53 27 17
14 12 53 27 17
12 14 28 52 45
14 12 28 52 45
12 14 52 28 45
14 12 52 28 45
12 14 29 51 104
14 12 29 51 104
12 14 51 29 104
14 12 51 29 104
12 14 30 50 212
14 12 30 50 212
12 14 50 30 212
14 12 50 30 212
13 13 25 55 1
13 13 55 25 1
13 13 26 54 6
13 13 54 26 6
13 13 27 53 21
13 13 53 27 21
13 13 28 52 56
13 13 52 28 56
13 13 29 51 128
13 13 51 29 128
13 13 30 50 258
13 13 50 30 258
13 13 31 49 469
13 13 49 31 469
13 13 32 48 782
13 13 48 32 782
13 13 33 47 1210
13 13 47 33 1210
13 13 34 46 1746
13 13 46 34 1746
13 13 35 45 2363
13 13 45 35 2363
13 13 36 44 3014
13 13 44 36 3014
13 13 37 43 3632
13 13 43 37 3632
13 13 38 42 4144
13 13 42 38 4144
13 13 39 41 4482
13 13 41 39 4482
13 13 40 40 4600
10 16 19 61 0
16 10 19 61 0
10 16 61 19 0
16 10 61 19 0
10 16 20 60 0
16 10 20 60 0
10 16 60 20 0
16 10 60 20 0
11 15 19 61 0
15 11 19 61 0
11 15 61 19 0
15 11 61 19 0
11 15 20 60 0
15 11 20 60 0
11 15 60 20 0
15 11 60 20 0
12 14 19 61 0
14 12 19 61 0
12 14 61 19 0
14 12 61 19 0
12 14 20 60 0
14 12 20 60 0
12 14 60 20 0
14 12 60 20 0
12 14 21 59 0
14 12 21 59 0
12 14 59 21 0
14 12 59 21 0
13 13 19 61 0
13 13 61 19 0
13 13 20 60 0
13 13 60 20 0
13 13 21 59 0
13 13 59 21 0
13 13 22 58 0
13 13 58 22 0
13 13 23 57 0
13 13 57 23 0
13 13 24 56 0
13 13 56 24 0
12 14 18 62 0
14 12 18 62 0
12 14 62 18 0
14 12 62 18 0
13 13 18 62 0
13 13 62 18 0
