0 16 21 29 0
16 0 21 29 0
0 16 29 21 0
16 0 29 21 0
0 16 22 28 0
16 0 22 28 0
0 16 28 22 0
16 0 28 22 0
0 16 23 27 0
16 0 23 27 0
0 16 27 23 0
16 0 27 23 0
0 16 24 26 0
16 0 24 26 0
0 16 26 24 0
16 0 26 24 0
0 16 25 25 0
16 0 25 25 0
1 15 21 29 0
15 1 21 29 0
1 15 29 21 0
15 1 29 21 0
1 15 22 28 0
15 1 22 28 0
1 15 28 22 0
15 1 28 22 0
1 15 23 27 0
15 1 23 27 0
1 15 27 23 0
15 1 27 23 0
1 15 24 26 0
15 1 24 26 0
1 15 26 24 0
15 1 26 24 0
1 15 25 25 0
15 1 25 25 0
2 14 21 29 5
14 2 21 29 5
2 14 29 21 5
14 2 29 21 5
2 14 22 28 7
14 2 22 28 7
2 14 28 22 7
14 2 28 22 7
2 14 23 27 10
14 2 23 27 10
2 14 27 23 10
14 2 27 23 10
2 14 24 26 11
14 2 24 26 11
2 14 26 24 11
14 2 26 24 11
2 14 25 25 12
14 2 25 25 12
1 15 15 35 0
15 1 15 35 0
1 15 35 15 0
15 1 35 15 0
1 15 16 34 0
15 1 16 34 0
1 15 34 16 0
15 1 34 16 0
1 15 17 33 0
15 1 17 33 0
1 15 33 17 0
15 1 33 17 0
1 15 18 32 0
15 1 18 32 0
1 15 32 18 0
15 1 32 18 0
1 15 19 31 0
15 1 19 31 0
1 15 31 19 0
15 1 31 19 0
1 15 20 30 0
15 1 20 30 0
1 15 30 20 0
15 1 30 20 0
2 14 15 35 0
14 2 15 35 0
2 14 35 15 0
14 2 35 15 0
2 14 16 34 0
14 2 16 34 0
2 14 34 16 0
14 2 34 16 0
2 14 17 33 0
14 2 17 33 0
2 14 33 17 0
14 2 33 17 0
2 14 18 32 0
14 2 18 32 0
2 14 32 18 0
14 2 32 18 0
2 14 19 31 1
14 2 19 31 1
2 14 31 19 1
14 2 31 19 1
2 14 20 30 2
14 2 20 30 2
2 14 30 20 2
14 2 30 20 2
3 13 15 35 0
13 3 15 35 0
3 13 35 15 0
13 3 35 15 0
3 13 16 34 2
13 3 16 34 2
3 13 34 16 2
13 3 34 16 2
3 13 17 33 6
13 3 17 33 6
3 13 33 17 6
13 3 33 17 6
3 13 18 32 14
13 3 18 32 14
3 13 32 18 14
13 3 32 18 14
3 13 19 31 27
13 3 19 31 27
3 13 31 19 27
13 3 31 19 27
3 13 20 30 45
13 3 20 30 45
3 13 30 20 45
13 3 30 20 45
3 13 21 29 67
13 3 21 29 67
3 13 29 21 67
13 3 29 21 67
3 13 22 28 90
13 3 22 28 90
3 13 28 22 90
13 3 28 22 90
3 13 23 27 111
13 3 23 27 111
3 13 27 23 111
13 3 27 23 111
3 13 24 26 125
13 3 24 26 125
3 13 26 24 125
13 3 26 24 125
3 13 25 25 130
13 3 25 25 130
4 12 15 35 13
12 4 15 35 13
4 12 35 15 13
12 4 35 15 13
4 12 16 34 31
12 4 16 34 31
4 12 34 16 31
12 4 34 16 31
4 12 17 33 65
12 4 17 33 65
4 12 33 17 65
12 4 33 17 65
4 12 18 32 116
12 4 18 32 116
4 12 32 18 116
12 4 32 18 116
4 12 19 31 191
12 4 19 31 191
4 12 31 19 191
12 4 31 19 191
4 12 20 30 281
12 4 20 30 281
4 12 30 20 281
12 4 30 20 281
4 12 21 29 387
12 4 21 29 387
4 12 29 21 387
12 4 29 21 387
4 12 22 28 488
12 4 22 28 488
4 12 28 22 488
12 4 28 22 488
4 12 23 27 580
12 4 23 27 580
4 12 27 23 580
12 4 27 23 580
4 12 24 26 637
12 4 24 26 637
4 12 26 24 637
12 4 26 24 637
4 12 25 25 661
12 4 25 25 661
2 14 11 39 0
14 2 11 39 0
2 14 39 11 0
14 2 39 11 0
2 14 12 38 0
14 2 12 38 0
2 14 38 12 0
14 2 38 12 0
2 14 13 37 0
14 2 13 37 0
2 14 37 13 0
14 2 37 13 0
2 14 14 36 0
14 2 14 36 0
2 14 36 14 0
14 2 36 14 0
3 13 11 39 0
13 3 11 39 0
3 13 39 11 0
13 3 39 11 0
3 13 12 38 0
13 3 12 38 0
3 13 38 12 0
13 3 38 12 0
3 13 13 37 0
13 3 13 37 0
3 13 37 13 0
13 3 37 13 0
3 13 14 36 0
13 3 14 36 0
3 13 36 14 0
13 3 36 14 0
4 12 11 39 0
12 4 11 39 0
4 12 39 11 0
12 4 39 11 0
4 12 12 38 0
12 4 12 38 0
4 12 38 12 0
12 4 38 12 0
4 12 13 37 1
12 4 13 37 1
4 12 37 13 1
12 4 37 13 1
4 12 14 36 4
12 4 14 36 4
4 12 36 14 4
12 4 36 14 4
3 13 10 40 0
13 3 10 40 0
3 13 40 10 0
13 3 40 10 0
4 12 10 40 0
12 4 10 40 0
4 12 40 10 0
12 4 40 10 0
5 11 10 40 0
11 5 10 40 0
5 11 40 10 0
11 5 40 10 0
5 11 11 39 0
11 5 11 39 0
5 11 39 11 0
11 5 39 11 0
5 11 12 38 3
11 5 12 38 3
5 11 38 12 3
11 5 38 12 3
5 11 13 37 11
11 5 13 37 11
5 11 37 13 11
11 5 37 13 11
5 11 14 36 32
11 5 14 36 32
5 11 36 14 32
11 5 36 14 32
5 11 15 35 75
11 5 15 35 75
5 11 35 15 75
11 5 35 15 75
5 11 16 34 153
11 5 16 34 153
5 11 34 16 153
11 5 34 16 153
5 11 17 33 277
11 5 17 33 277
5 11 33 17 277
11 5 33 17 277
5 11 18 32 457
11 5 18 32 457
5 11 32 18 457
11 5 32 18 457
5 11 19 31 693
11 5 19 31 693
5 11 31 19 693
11 5 31 19 693
5 11 20 30 975
11 5 20 30 975
5 11 30 20 975
11 5 30 20 975
5 11 21 29 1281
11 5 21 29 1281
5 11 29 21 1281
11 5 29 21 1281
5 11 22 28 1577
11 5 22 28 1577
5 11 28 22 1577
11 5 28 22 1577
5 11 23 27 1827
11 5 23 27 1827
5 11 27 23 1827
11 5 27 23 1827
5 11 24 26 1993
11 5 24 26 1993
5 11 26 24 1993
11 5 26 24 1993
5 11 25 25 2052
11 5 25 25 2052
6 10 11 39 5
10 6 11 39 5
6 10 39 11 5
10 6 39 11 5
6 10 12 38 17
10 6 12 38 17
6 10 38 12 17
10 6 38 12 17
6 10 13 37 48
10 6 13 37 48
6 10 37 13 48
10 6 37 13 48
6 10 14 36 111
10 6 14 36 111
6 10 36 14 111
10 6 36 14 111
6 10 15 35 230
10 6 15 35 230
6 10 35 15 230
10 6 35 15 230
6 10 16 34 424
10 6 16 34 424
6 10 34 16 424
10 6 34 16 424
6 10 17 33 721
10 6 17 33 721
6 10 33 17 721
10 6 33 17 721
6 10 18 32 1124
10 6 18 32 1124
6 10 32 18 1124
10 6 32 18 1124
6 10 19 31 1642
10 6 19 31 1642
6 10 31 19 1642
10 6 31 19 1642
6 10 20 30 2235
10 6 20 30 2235
6 10 30 20 2235
10 6 30 20 2235
6 10 21 29 2873
10 6 21 29 2873
6 10 29 21 2873
10 6 29 21 2873
6 10 22 28 3471
10 6 22 28 3471
6 10 28 22 3471
10 6 28 22 3471
6 10 23 27 3979
10 6 23 27 3979
6 10 27 23 3979
10 6 27 23 3979
6 10 24 26 4305
10 6 24 26 4305
6 10 26 24 4305
10 6 26 24 4305
6 10 25 25 4428
10 6 25 25 4428
3 13 9 41 0
13 3 9 41 0
3 13 41 9 0
13 3 41 9 0
4 12 9 41 0
12 4 9 41 0
4 12 41 9 0
12 4 41 9 0
5 11 9 41 0
11 5 9 41 0
5 11 41 9 0
11 5 41 9 0
4 12 7 43 0
12 4 7 43 0
4 12 43 7 0
12 4 43 7 0
4 12 8 42 0
12 4 8 42 0
4 12 42 8 0
12 4 42 8 0
5 11 7 43 0
11 5 7 43 0
5 11 43 7 0
11 5 43 7 0
5 11 8 42 0
11 5 8 42 0
5 11 42 8 0
11 5 42 8 0
6 10 7 43 0
10 6 7 43 0
6 10 43 7 0
10 6 43 7 0
6 10 8 42 0
10 6 8 42 0
6 10 42 8 0
10 6 42 8 0
6 10 9 41 0
10 6 9 41 0
6 10 41 9 0
10 6 41 9 0
6 10 10 40 1
10 6 10 40 1
6 10 40 10 1
10 6 40 10 1
7 9 7 43 0
9 7 7 43 0
7 9 43 7 0
9 7 43 7 0
7 9 8 42 0
9 7 8 42 0
7 9 42 8 0
9 7 42 8 0
7 9 9 41 0
9 7 9 41 0
7 9 41 9 0
9 7 41 9 0
7 9 10 40 3
9 7 10 40 3
7 9 40 10 3
9 7 40 10 3
7 9 11 39 12
9 7 11 39 12
7 9 39 11 12
9 7 39 11 12
7 9 12 38 38
9 7 12 38 38
7 9 38 12 38
9 7 38 12 38
7 9 13 37 96
9 7 13 37 96
7 9 37 13 96
9 7 37 13 96
7 9 14 36 212
9 7 14 36 212
7 9 36 14 212
9 7 36 14 212
7 9 15 35 415
9 7 15 35 415
7 9 35 15 415
9 7 35 15 415
7 9 16 34 742
9 7 16 34 742
7 9 34 16 742
9 7 34 16 742
7 9 17 33 1220
9 7 17 33 1220
7 9 33 17 1220
9 7 33 17 1220
7 9 18 32 1865
9 7 18 32 1865
7 9 32 18 1865
9 7 32 18 1865
7 9 19 31 2667
9 7 19 31 2667
7 9 31 19 2667
9 7 31 19 2667
7 9 20 30 3585
9 7 20 30 3585
7 9 30 20 3585
9 7 30 20 3585
7 9 21 29 4548
9 7 21 29 4548
7 9 29 21 4548
9 7 29 21 4548
7 9 22 28 5457
9 7 22 28 5457
7 9 28 22 5457
9 7 28 22 5457
7 9 23 27 6209
9 7 23 27 6209
7 9 27 23 6209
9 7 27 23 6209
7 9 24 26 6704
9 7 24 26 6704
7 9 26 24 6704
9 7 26 24 6704
7 9 25 25 6878
9 7 25 25 6878
8 8 9 41 1
8 8 41 9 1
8 8 10 40 5
8 8 40 10 5
8 8 11 39 18
8 8 39 11 18
8 8 12 38 51
8 8 38 12 51
8 8 13 37 125
8 8 37 13 125
8 8 14 36 265
8 8 36 14 265
8 8 15 35 512
8 8 35 15 512
8 8 16 34 897
8 8 34 16 897
8 8 17 33 1462
8 8 33 17 1462
8 8 18 32 2210
8 8 32 18 2210
8 8 19 31 3144
8 8 31 19 3144
8 8 20 30 4197
8 8 30 20 4197
8 8 21 29 5310
8 8 29 21 5310
8 8 22 28 6345
8 8 28 22 6345
8 8 23 27 7212
8 8 27 23 7212
8 8 24 26 7770
8 8 26 24 7770
8 8 25 25 7976
5 11 6 44 0
11 5 6 44 0
5 11 44 6 0
11 5 44 6 0
6 10 6 44 0
10 6 6 44 0
6 10 44 6 0
10 6 44 6 0
7 9 6 44 0
9 7 6 44 0
7 9 44 6 0
9 7 44 6 0
6 10 5 45 0
10 6 5 45 0
6 10 45 5 0
10 6 45 5 0
7 9 5 45 0
9 7 5 45 0
7 9 45 5 0
9 7 45 5 0
8 8 5 45 0
8 8 45 5 0
8 8 6 44 0
8 8 44 6 0
8 8 7 43 0
8 8 43 7 0
8 8 8 42 0
8 8 42 8 0
