3 19 24 44 0
19 3 24 44 0
3 19 44 24 0
19 3 44 24 0
3 19 25 43 0
19 3 25 43 0
3 19 43 25 0
19 3 43 25 0
3 19 26 42 0
19 3 26 42 0
3 19 42 26 0
19 3 42 26 0
3 19 27 41 0
19 3 27 41 0
3 19 41 27 0
19 3 41 27 0
3 19 28 40 0
19 3 28 40 0
3 19 40 28 0
19 3 40 28 0
3 19 29 39 0
19 3 29 39 0
3 19 39 29 0
19 3 39 29 0
3 19 30 38 0
19 3 30 38 0
3 19 38 30 0
19 3 38 30 0
3 19 31 37 0
19 3 31 37 0
3 19 37 31 0
19 3 37 31 0
3 19 32 36 0
19 3 32 36 0
3 19 36 32 0
19 3 36 32 0
4 18 24 44 0
18 4 24 44 0
4 18 44 24 0
18 4 44 24 0
4 18 25 43 0
18 4 25 43 0
4 18 43 25 0
18 4 43 25 0
4 18 26 42 0
18 4 26 42 0
4 18 42 26 0
18 4 42 26 0
4 18 27 41 0
18 4 27 41 0
4 18 41 27 0
18 4 41 27 0
4 18 28 40 0
18 4 28 40 0
4 18 40 28 0
18 4 40 28 0
4 18 29 39 0
18 4 29 39 0
4 18 39 29 0
18 4 39 29 0
4 18 30 38 0
18 4 30 38 0
4 18 38 30 0
18 4 38 30 0
4 18 31 37 0
18 4 31 37 0
4 18 37 31 0
18 4 37 31 0
4 18 32 36 0
18 4 32 36 0
4 18 36 32 0
18 4 36 32 0
5 17 24 44 0
17 5 24 44 0
5 17 44 24 0
17 5 44 24 0
5 17 25 43 0
17 5 25 43 0
5 17 43 25 0
17 5 43 25 0
5 17 26 42 0
17 5 26 42 0
5 17 42 26 0
17 5 42 26 0
5 17 27 41 1
17 5 27 41 1
5 17 41 27 1
17 5 41 27 1
5 17 28 40 3
17 5 28 40 3
5 17 40 28 3
17 5 40 28 3
5 17 29 39 6
17 5 29 39 6
5 17 39 29 6
17 5 39 29 6
5 17 30 38 10
17 5 30 38 10
5 17 38 30 10
17 5 38 30 10
5 17 31 37 14
17 5 31 37 14
5 17 37 31 14
17 5 37 31 14
5 17 32 36 18
17 5 32 36 18
5 17 36 32 18
17 5 36 32 18
3 19 33 35 0
19 3 33 35 0
3 19 35 33 0
19 3 35 33 0
4 18 33 35 0
18 4 33 35 0
4 18 35 33 0
18 4 35 33 0
5 17 33 35 21
17 5 33 35 21
5 17 35 33 21
17 5 35 33 21
3 19 34 34 0
19 3 34 34 0
4 18 34 34 0
18 4 34 34 0
5 17 34 34 22
17 5 34 34 22
4 18 22 46 0
18 4 22 46 0
4 18 46 22 0
18 4 46 22 0
4 18 23 45 0
18 4 23 45 0
4 18 45 23 0
18 4 45 23 0
5 17 22 46 0
17 5 22 46 0
5 17 46 22 0
17 5 46 22 0
5 17 23 45 0
17 5 23 45 0
5 17 45 23 0
17 5 45 23 0
6 16 22 46 0
16 6 22 46 0
6 16 46 22 0
16 6 46 22 0
6 16 23 45 0
16 6 23 45 0
6 16 45 23 0
16 6 45 23 0
6 16 24 44 1
16 6 24 44 1
6 16 44 24 1
16 6 44 24 1
6 16 25 43 5
16 6 25 43 5
6 16 43 25 5
16 6 43 25 5
6 16 26 42 13
16 6 26 42 13
6 16 42 26 13
16 6 42 26 13
6 16 27 41 27
16 6 27 41 27
6 16 41 27 27
16 6 41 27 27
6 16 28 40 49
16 6 28 40 49
6 16 40 28 49
16 6 40 28 49
6 16 29 39 79
16 6 29 39 79
6 16 39 29 79
16 6 39 29 79
6 16 30 38 114
16 6 30 38 114
6 16 38 30 114
16 6 38 30 114
6 16 31 37 149
16 6 31 37 149
6 16 37 31 149
16 6 37 31 149
6 16 32 36 180
16 6 32 36 180
6 16 36 32 180
16 6 36 32 180
6 16 33 35 202
16 6 33 35 202
6 16 35 33 202
16 6 35 33 202
6 16 34 34 210
16 6 34 34 210
7 15 22 46 2
15 7 22 46 2
7 15 46 22 2
15 7 46 22 2
7 15 23 45 8
15 7 23 45 8
7 15 45 23 8
15 7 45 23 8
7 15 24 44 23
15 7 24 44 23
7 15 44 24 23
15 7 44 24 23
7 15 25 43 54
15 7 25 43 54
7 15 43 25 54
15 7 43 25 54
7 15 26 42 107
15 7 26 42 107
7 15 42 26 107
15 7 42 26 107
7 15 27 41 188
15 7 27 41 188
7 15 41 27 188
15 7 41 27 188
7 15 28 40 299
15 7 28 40 299
7 15 40 28 299
15 7 40 28 299
7 15 29 39 437
15 7 29 39 437
7 15 39 29 437
15 7 39 29 437
7 15 30 38 590
15 7 30 38 590
7 15 38 30 590
15 7 38 30 590
7 15 31 37 740
15 7 31 37 740
7 15 37 31 740
15 7 37 31 740
7 15 32 36 868
15 7 32 36 868
7 15 36 32 868
15 7 36 32 868
7 15 33 35 955
15 7 33 35 955
7 15 35 33 955
15 7 35 33 955
7 15 34 34 986
15 7 34 34 986
8 14 24 44 123
14 8 24 44 123
8 14 44 24 123
14 8 44 24 123
8 14 25 43 242
14 8 25 43 242
8 14 43 25 242
14 8 43 25 242
8 14 26 42 428
14 8 26 42 428
8 14 42 26 428
14 8 42 26 428
8 14 27 41 692
14 8 27 41 692
8 14 41 27 692
14 8 41 27 692
8 14 28 40 1033
14 8 28 40 1033
8 14 40 28 1033
14 8 40 28 1033
8 14 29 39 1437
14 8 29 39 1437
8 14 39 29 1437
14 8 39 29 1437
8 14 30 38 1871
14 8 30 38 1871
8 14 38 30 1871
14 8 38 30 1871
8 14 31 37 2288
14 8 31 37 2288
8 14 37 31 2288
14 8 37 31 2288
8 14 32 36 2637
14 8 32 36 2637
8 14 36 32 2637
14 8 36 32 2637
8 14 33 35 2870
14 8 33 35 2870
8 14 35 33 2870
14 8 35 33 2870
8 14 34 34 2952
14 8 34 34 2952
4 18 21 47 0
18 4 21 47 0
4 18 47 21 0
18 4 47 21 0
5 17 21 47 0
17 5 21 47 0
5 17 47 21 0
17 5 47 21 0
6 16 21 47 0
16 6 21 47 0
6 16 47 21 0
16 6 47 21 0
5 17 18 50 0
17 5 18 50 0
5 17 50 18 0
17 5 50 18 0
5 17 19 49 0
17 5 19 49 0
5 17 49 19 0
17 5 49 19 0
5 17 20 48 0
17 5 20 48 0
5 17 48 20 0
17 5 48 20 0
6 16 18 50 0
16 6 18 50 0
6 16 50 18 0
16 6 50 18 0
6 16 19 49 0
16 6 19 49 0
6 16 49 19 0
16 6 49 19 0
6 16 20 48 0
16 6 20 48 0
6 16 48 20 0
16 6 48 20 0
7 15 18 50 0
15 7 18 50 0
7 15 50 18 0
15 7 50 18 0
7 15 19 49 0
15 7 19 49 0
7 15 49 19 0
15 7 49 19 0
7 15 20 48 0
15 7 20 48 0
7 15 48 20 0
15 7 48 20 0
7 15 21 47 0
15 7 21 47 0
7 15 47 21 0
15 7 47 21 0
6 16 17 51 0
16 6 17 51 0
6 16 51 17 0
16 6 51 17 0
7 15 17 51 0
15 7 17 51 0
7 15 51 17 0
15 7 51 17 0
8 14 17 51 0
14 8 17 51 0
8 14 51 17 0
14 8 51 17 0
8 14 18 50 0
14 8 18 50 0
8 14 50 18 0
14 8 50 18 0
8 14 19 49 0
14 8 19 49 0
8 14 49 19 0
14 8 49 19 0
8 14 20 48 1
14 8 20 48 1
8 14 48 20 1
14 8 48 20 1
8 14 21 47 6
14 8 21 47 6
8 14 47 21 6
14 8 47 21 6
8 14 22 46 21
14 8 22 46 21
8 14 46 22 21
14 8 46 22 21
8 14 23 45 55
14 8 23 45 55
8 14 45 23 55
14 8 45 23 55
9 13 18 50 0
13 9 18 50 0
9 13 50 18 0
13 9 50 18 0
9 13 19 49 2
13 9 19 49 2
9 13 49 19 2
13 9 49 19 2
9 13 20 48 9
13 9 20 48 9
9 13 48 20 9
13 9 48 20 9
9 13 21 47 29
13 9 21 47 29
9 13 47 21 29
13 9 47 21 29
9 13 22 46 77
13 9 22 46 77
9 13 46 22 77
13 9 46 22 77
9 13 23 45 174
13 9 23 45 174
9 13 45 23 174
13 9 45 23 174
9 13 24 44 349
13 9 24 44 349
9 13 44 24 349
13 9 44 24 349
9 13 25 43 634
13 9 25 43 634
9 13 43 25 634
13 9 43 25 634
9 13 26 42 1057
13 9 26 42 1057
9 13 42 26 1057
13 9 42 26 1057
9 13 27 41 1633
13 9 27 41 1633
9 13 41 27 1633
13 9 41 27 1633
9 13 28 40 2355
13 9 28 40 2355
9 13 40 28 2355
13 9 40 28 2355
9 13 29 39 3187
13 9 29 39 3187
9 13 39 29 3187
13 9 39 29 3187
9 13 30 38 4063
13 9 30 38 4063
9 13 38 30 4063
13 9 38 30 4063
9 13 31 37 4894
13 9 31 37 4894
9 13 37 31 4894
13 9 37 31 4894
9 13 32 36 5582
13 9 32 36 5582
9 13 36 32 5582
13 9 36 32 5582
9 13 33 35 6037
13 9 33 35 6037
9 13 35 33 6037
13 9 35 33 6037
9 13 34 34 6196
13 9 34 34 6196
10 12 21 47 63
12 10 21 47 63
10 12 47 21 63
12 10 47 21 63
10 12 22 46 153
12 10 22 46 153
10 12 46 22 153
12 10 46 22 153
10 12 23 45 325
12 10 23 45 325
10 12 45 23 325
12 10 45 23 325
10 12 24 44 622
12 10 24 44 622
10 12 44 24 622
12 10 44 24 622
10 12 25 43 1090
12 10 25 43 1090
10 12 43 25 1090
12 10 43 25 1090
10 12 26 42 1766
12 10 26 42 1766
10 12 42 26 1766
12 10 42 26 1766
10 12 27 41 2667
12 10 27 41 2667
10 12 41 27 2667
12 10 41 27 2667
10 12 28 40 3778
12 10 28 40 3778
10 12 40 28 3778
12 10 40 28 3778
10 12 29 39 5042
12 10 29 39 5042
10 12 39 29 5042
12 10 39 29 5042
10 12 30 38 6359
12 10 30 38 6359
10 12 38 30 6359
12 10 38 30 6359
10 12 31 37 7598
12 10 31 37 7598
10 12 37 31 7598
12 10 37 31 7598
10 12 32 36 8618
12 10 32 36 8618
10 12 36 32 8618
12 10 36 32 8618
10 12 33 35 9291
12 10 33 35 9291
10 12 35 33 9291
12 10 35 33 9291
10 12 34 34 9526
12 10 34 34 9526
6 16 16 52 0
16 6 16 52 0
6 16 52 16 0
16 6 52 16 0
7 15 16 52 0
15 7 16 52 0
7 15 52 16 0
15 7 52 16 0
8 14 16 52 0
14 8 16 52 0
8 14 52 16 0
14 8 52 16 0
7 15 14 54 0
15 7 14 54 0
7 15 54 14 0
15 7 54 14 0
7 15 15 53 0
15 7 15 53 0
7 15 53 15 0
15 7 53 15 0
8 14 14 54 0
14 8 14 54 0
8 14 54 14 0
14 8 54 14 0
8 14 15 53 0
14 8 15 53 0
8 14 53 15 0
14 8 53 15 0
9 13 14 54 0
13 9 14 54 0
9 13 54 14 0
13 9 54 14 0
9 13 15 53 0
13 9 15 53 0
9 13 53 15 0
13 9 53 15 0
9 13 16 52 0
13 9 16 52 0
9 13 52 16 0
13 9 52 16 0
9 13 17 51 0
13 9 17 51 0
9 13 51 17 0
13 9 51 17 0
10 12 14 54 0
12 10 14 54 0
10 12 54 14 0
12 10 54 14 0
10 12 15 53 0
12 10 15 53 0
10 12 53 15 0
12 10 53 15 0
10 12 16 52 0
12 10 16 52 0
10 12 52 16 0
12 10 52 16 0
10 12 17 51 0
12 10 17 51 0
10 12 51 17 0
12 10 51 17 0
10 12 18 50 1
12 10 18 50 1
10 12 50 18 1
12 10 50 18 1
10 12 19 49 6
12 10 19 49 6
10 12 49 19 6
12 10 49 19 6
10 12 20 48 22
12 10 20 48 22
10 12 48 20 22
12 10 48 20 22
11 11 16 52 0
11 11 52 16 0
11 11 17 51 0
11 11 51 17 0
11 11 18 50 2
11 11 50 18 2
11 11 19 49 9
11 11 49 19 9
11 11 20 48 30
11 11 48 20 30
11 11 21 47 82
11 11 47 21 82
11 11 22 46 192
11 11 46 22 192
11 11 23 45 399
11 11 45 23 399
11 11 24 44 752
11 11 44 24 752
11 11 25 43 1302
11 11 43 25 1302
11 11 26 42 2090
11 11 42 26 2090
11 11 27 41 3134
11 11 41 27 3134
11 11 28 40 4414
11 11 40 28 4414
11 11 29 39 5864
11 11 39 29 5864
11 11 30 38 7370
11 11 38 30 7370
11 11 31 37 8783
11 11 37 31 8783
11 11 32 36 9944
11 11 36 32 9944
11 11 33 35 10709
11 11 35 33 10709
11 11 34 34 10976
8 14 13 55 0
14 8 13 55 0
8 14 55 13 0
14 8 55 13 0
9 13 13 55 0
13 9 13 55 0
9 13 55 13 0
13 9 55 13 0
10 12 13 55 0
12 10 13 55 0
10 12 55 13 0
12 10 55 13 0
9 13 12 56 0
13 9 12 56 0
9 13 56 12 0
13 9 56 12 0
10 12 12 56 0
12 10 12 56 0
10 12 56 12 0
12 10 56 12 0
11 11 12 56 0
11 11 56 12 0
11 11 13 55 0
11 11 55 13 0
11 11 14 54 0
11 11 54 14 0
11 11 15 53 0
11 11 53 15 0
