7 23 42 50 0
23 7 42 50 0
7 23 50 42 0
23 7 50 42 0
7 23 43 49 0
23 7 43 49 0
7 23 49 43 0
23 7 49 43 0
7 23 44 48 0
23 7 44 48 0
7 23 48 44 0
23 7 48 44 0
7 23 45 47 0
23 7 45 47 0
7 23 47 45 0
23 7 47 45 0
7 23 46 46 0
23 7 46 46 0
8 22 42 50 0
22 8 42 50 0
8 22 50 42 0
22 8 50 42 0
8 22 43 49 0
22 8 43 49 0
8 22 49 43 0
22 8 49 43 0
8 22 44 48 0
22 8 44 48 0
8 22 48 44 0
22 8 48 44 0
8 22 45 47 0
22 8 45 47 0
8 22 47 45 0
22 8 47 45 0
8 22 46 46 0
22 8 46 46 0
9 21 42 50 0
21 9 42 50 0
9 21 50 42 0
21 9 50 42 0
9 21 43 49 0
21 9 43 49 0
9 21 49 43 0
21 9 49 43 0
9 21 44 48 0
21 9 44 48 0
9 21 48 44 0
21 9 48 44 0
9 21 45 47 0
21 9 45 47 0
9 21 47 45 0
21 9 47 45 0
9 21 46 46 0
21 9 46 46 0
8 22 36 56 0
22 8 36 56 0
8 22 56 36 0
22 8 56 36 0
8 22 37 55 0
22 8 37 55 0
8 22 55 37 0
22 8 55 37 0
8 22 38 54 0
22 8 38 54 0
8 22 54 38 0
22 8 54 38 0
8 22 39 53 0
22 8 39 53 0
8 22 53 39 0
22 8 53 39 0
8 22 40 52 0
22 8 40 52 0
8 22 52 40 0
22 8 52 40 0
8 22 41 51 0
22 8 41 51 0
8 22 51 41 0
22 8 51 41 0
9 21 36 56 0
21 9 36 56 0
9 21 56 36 0
21 9 56 36 0
9 21 37 55 0
21 9 37 55 0
9 21 55 37 0
21 9 55 37 0
9 21 38 54 0
21 9 38 54 0
9 21 54 38 0
21 9 54 38 0
9 21 39 53 0
21 9 39 53 0
9 21 53 39 0
21 9 53 39 0
9 21 40 52 0
21 9 40 52 0
9 21 52 40 0
21 9 52 40 0
9 21 41 51 0
21 9 41 51 0
9 21 51 41 0
21 9 51 41 0
10 20 36 56 0
20 10 36 56 0
10 20 56 36 0
20 10 56 36 0
10 20 37 55 0
20 10 37 55 0
10 20 55 37 0
20 10 55 37 0
10 20 38 54 0
20 10 38 54 0
10 20 54 38 0
20 10 54 38 0
10 20 39 53 0
20 10 39 53 0
10 20 53 39 0
20 10 53 39 0
10 20 40 52 0
20 10 40 52 0
10 20 52 40 0
20 10 52 40 0
10 20 41 51 0
20 10 41 51 0
10 20 51 41 0
20 10 51 41 0
10 20 42 50 0
20 10 42 50 0
10 20 50 42 0
20 10 50 42 0
10 20 43 49 1
20 10 43 49 1
10 20 49 43 1
20 10 49 43 1
10 20 44 48 2
20 10 44 48 2
10 20 48 44 2
20 10 48 44 2
10 20 45 47 2
20 10 45 47 2
10 20 47 45 2
20 10 47 45 2
10 20 46 46 2
20 10 46 46 2
9 21 32 60 0
21 9 32 60 0
9 21 60 32 0
21 9 60 32 0
9 21 33 59 0
21 9 33 59 0
9 21 59 33 0
21 9 59 33 0
9 21 34 58 0
21 9 34 58 0
9 21 58 34 0
21 9 58 34 0
9 21 35 57 0
21 9 35 57 0
9 21 57 35 0
21 9 57 35 0
10 20 32 60 0
20 10 32 60 0
10 20 60 32 0
20 10 60 32 0
10 20 33 59 0
20 10 33 59 0
10 20 59 33 0
20 10 59 33 0
10 20 34 58 0
20 10 34 58 0
10 20 58 34 0
20 10 58 34 0
10 20 35 57 0
20 10 35 57 0
10 20 57 35 0
20 10 57 35 0
11 19 32 60 0
19 11 32 60 0
11 19 60 32 0
19 11 60 32 0
11 19 33 59 0
19 11 33 59 0
11 19 59 33 0
19 11 59 33 0
11 19 34 58 0
19 11 34 58 0
11 19 58 34 0
19 11 58 34 0
11 19 35 57 0
19 11 35 57 0
11 19 57 35 0
19 11 57 35 0
11 19 36 56 0
19 11 36 56 0
11 19 56 36 0
19 11 56 36 0
11 19 37 55 0
19 11 37 55 0
11 19 55 37 0
19 11 55 37 0
11 19 38 54 0
19 11 38 54 0
11 19 54 38 0
19 11 54 38 0
11 19 39 53 1
19 11 39 53 1
11 19 53 39 1
19 11 53 39 1
11 19 40 52 3
19 11 40 52 3
11 19 52 40 3
19 11 52 40 3
11 19 41 51 6
19 11 41 51 6
11 19 51 41 6
19 11 51 41 6
11 19 42 50 10
19 11 42 50 10
11 19 50 42 10
19 11 50 42 10
11 19 43 49 15
19 11 43 49 15
11 19 49 43 15
19 11 49 43 15
11 19 44 48 20
19 11 44 48 20
11 19 48 44 20
19 11 48 44 20
11 19 45 47 23
19 11 45 47 23
11 19 47 45 23
19 11 47 45 23
11 19 46 46 24
19 11 46 46 24
10 20 30 62 0
20 10 30 62 0
10 20 62 30 0
20 10 62 30 0
10 20 31 61 0
20 10 31 61 0
10 20 61 31 0
20 10 61 31 0
11 19 30 62 0
19 11 30 62 0
11 19 62 30 0
19 11 62 30 0
11 19 31 61 0
19 11 31 61 0
11 19 61 31 0
19 11 61 31 0
12 18 30 62 0
18 12 30 62 0
12 18 62 30 0
18 12 62 30 0
12 18 31 61 0
18 12 31 61 0
12 18 61 31 0
18 12 61 31 0
12 18 32 60 0
18 12 32 60 0
12 18 60 32 0
18 12 60 32 0
12 18 33 59 0
18 12 33 59 0
12 18 59 33 0
18 12 59 33 0
12 18 34 58 0
18 12 34 58 0
12 18 58 34 0
18 12 58 34 0
12 18 35 57 0
18 12 35 57 0
12 18 57 35 0
18 12 57 35 0
12 18 36 56 1
18 12 36 56 1
12 18 56 36 1
18 12 56 36 1
12 18 37 55 3
18 12 37 55 3
12 18 55 37 3
18 12 55 37 3
12 18 38 54 7
18 12 38 54 7
12 18 54 38 7
18 12 54 38 7
12 18 39 53 15
18 12 39 53 15
12 18 53 39 15
18 12 53 39 15
12 18 40 52 27
18 12 40 52 27
12 18 52 40 27
18 12 52 40 27
12 18 41 51 43
18 12 41 51 43
12 18 51 41 43
18 12 51 41 43
12 18 42 50 62
18 12 42 50 62
12 18 50 42 62
18 12 50 42 62
12 18 43 49 82
18 12 43 49 82
12 18 49 43 82
18 12 49 43 82
12 18 44 48 100
18 12 44 48 100
12 18 48 44 100
18 12 48 44 100
12 18 45 47 112
18 12 45 47 112
12 18 47 45 112
18 12 47 45 112
12 18 46 46 116
18 12 46 46 116
13 17 30 62 0
17 13 30 62 0
13 17 62 30 0
17 13 62 30 0
13 17 31 61 0
17 13 31 61 0
13 17 61 31 0
17 13 61 31 0
13 17 32 60 0
17 13 32 60 0
13 17 60 32 0
17 13 60 32 0
13 17 33 59 0
17 13 33 59 0
13 17 59 33 0
17 13 59 33 0
13 17 34 58 1
17 13 34 58 1
13 17 58 34 1
17 13 58 34 1
13 17 35 57 3
17 13 35 57 3
13 17 57 35 3
17 13 57 35 3
13 17 36 56 8
17 13 36 56 8
13 17 56 36 8
17 13 56 36 8
13 17 37 55 18
17 13 37 55 18
13 17 55 37 18
17 13 55 37 18
13 17 38 54 35
17 13 38 54 35
13 17 54 38 35
17 13 54 38 35
13 17 39 53 61
17 13 39 53 61
13 17 53 39 61
17 13 53 39 61
13 17 40 52 97
17 13 40 52 97
13 17 52 40 97
17 13 52 40 97
13 17 41 51 142
17 13 41 51 142
13 17 51 41 142
17 13 51 41 142
13 17 42 50 192
17 13 42 50 192
13 17 50 42 192
17 13 50 42 192
13 17 43 49 242
17 13 43 49 242
13 17 49 43 242
17 13 49 43 242
13 17 44 48 285
17 13 44 48 285
13 17 48 44 285
17 13 48 44 285
13 17 45 47 314
17 13 45 47 314
13 17 47 45 314
17 13 47 45 314
13 17 46 46 324
17 13 46 46 324
14 16 32 60 0
16 14 32 60 0
14 16 60 32 0
16 14 60 32 0
14 16 33 59 0
16 14 33 59 0
14 16 59 33 0
16 14 59 33 0
14 16 34 58 2
16 14 34 58 2
14 16 58 34 2
16 14 58 34 2
14 16 35 57 7
16 14 35 57 7
14 16 57 35 7
16 14 57 35 7
14 16 36 56 18
16 14 36 56 18
14 16 56 36 18
16 14 56 36 18
14 16 37 55 38
16 14 37 55 38
14 16 55 37 38
16 14 55 37 38
14 16 38 54 71
16 14 38 54 71
14 16 54 38 71
16 14 54 38 71
14 16 39 53 120
16 14 39 53 120
14 16 53 39 120
16 14 53 39 120
14 16 40 52 185
16 14 40 52 185
14 16 52 40 185
16 14 52 40 185
14 16 41 51 263
16 14 41 51 263
14 16 51 41 263
16 14 51 41 263
14 16 42 50 348
16 14 42 50 348
14 16 50 42 348
16 14 50 42 348
14 16 43 49 432
16 14 43 49 432
14 16 49 43 432
16 14 49 43 432
14 16 44 48 503
16 14 44 48 503
14 16 48 44 503
16 14 48 44 503
14 16 45 47 550
16 14 45 47 550
14 16 47 45 550
16 14 47 45 550
14 16 46 46 566
16 14 46 46 566
15 15 36 56 26
15 15 56 36 26
15 15 37 55 52
15 15 55 37 52
15 15 38 54 94
15 15 54 38 94
15 15 39 53 155
15 15 53 39 155
15 15 40 52 234
15 15 52 40 234
15 15 41 51 328
15 15 51 41 328
15 15 42 50 430
15 15 50 42 430
15 15 43 49 530
15 15 49 43 530
15 15 44 48 614
15 15 48 44 614
15 15 45 47 669
15 15 47 45 669
15 15 46 46 688
11 19 28 64 0
19 11 28 64 0
11 19 64 28 0
19 11 64 28 0
11 19 29 63 0
19 11 29 63 0
11 19 63 29 0
19 11 63 29 0
12 18 28 64 0
18 12 28 64 0
12 18 64 28 0
18 12 64 28 0
12 18 29 63 0
18 12 29 63 0
12 18 63 29 0
18 12 63 29 0
13 17 28 64 0
17 13 28 64 0
13 17 64 28 0
17 13 64 28 0
13 17 29 63 0
17 13 29 63 0
13 17 63 29 0
17 13 63 29 0
12 18 27 65 0
18 12 27 65 0
12 18 65 27 0
18 12 65 27 0
13 17 27 65 0
17 13 27 65 0
13 17 65 27 0
17 13 65 27 0
14 16 27 65 0
16 14 27 65 0
14 16 65 27 0
16 14 65 27 0
14 16 28 64 0
16 14 28 64 0
14 16 64 28 0
16 14 64 28 0
14 16 29 63 0
16 14 29 63 0
14 16 63 29 0
16 14 63 29 0
14 16 30 62 0
16 14 30 62 0
14 16 62 30 0
16 14 62 30 0
14 16 31 61 0
16 14 31 61 0
14 16 61 31 0
16 14 61 31 0
15 15 28 64 0
15 15 64 28 0
15 15 29 63 0
15 15 63 29 0
15 15 30 62 0
15 15 62 30 0
15 15 31 61 0
15 15 61 31 0
15 15 32 60 0
15 15 60 32 0
15 15 33 59 1
15 15 59 33 1
15 15 34 58 4
15 15 58 34 4
15 15 35 57 11
15 15 57 35 11
13 17 26 66 0
17 13 26 66 0
13 17 66 26 0
17 13 66 26 0
14 16 26 66 0
16 14 26 66 0
14 16 66 26 0
16 14 66 26 0
15 15 26 66 0
15 15 66 26 0
15 15 27 65 0
15 15 65 27 0
