11 23 43 61 0
23 11 43 61 0
11 23 61 43 0
23 11 61 43 0
11 23 44 60 0
23 11 44 60 0
11 23 60 44 0
23 11 60 44 0
11 23 45 59 0
23 11 45 59 0
11 23 59 45 0
23 11 59 45 0
11 23 46 58 0
23 11 46 58 0
11 23 58 46 0
23 11 58 46 0
11 23 47 57 0
23 11 47 57 0
11 23 57 47 0
23 11 57 47 0
11 23 48 56 0
23 11 48 56 0
11 23 56 48 0
23 11 56 48 0
11 23 49 55 0
23 11 49 55 0
11 23 55 49 0
23 11 55 49 0
11 23 50 54 0
23 11 50 54 0
11 23 54 50 0
23 11 54 50 0
11 23 51 53 0
23 11 51 53 0
11 23 53 51 0
23 11 53 51 0
12 22 43 61 0
22 12 43 61 0
12 22 61 43 0
22 12 61 43 0
12 22 44 60 0
22 12 44 60 0
12 22 60 44 0
22 12 60 44 0
12 22 45 59 0
22 12 45 59 0
12 22 59 45 0
22 12 59 45 0
12 22 46 58 0
22 12 46 58 0
12 22 58 46 0
22 12 58 46 0
12 22 47 57 0
22 12 47 57 0
12 22 57 47 0
22 12 57 47 0
12 22 48 56 0
22 12 48 56 0
12 22 56 48 0
22 12 56 48 0
12 22 49 55 0
22 12 49 55 0
12 22 55 49 0
22 12 55 49 0
12 22 50 54 0
22 12 50 54 0
12 22 54 50 0
22 12 54 50 0
12 22 51 53 0
22 12 51 53 0
12 22 53 51 0
22 12 53 51 0
13 21 43 61 0
21 13 43 61 0
13 21 61 43 0
21 13 61 43 0
13 21 44 60 0
21 13 44 60 0
13 21 60 44 0
21 13 60 44 0
13 21 45 59 0
21 13 45 59 0
13 21 59 45 0
21 13 59 45 0
13 21 46 58 0
21 13 46 58 0
13 21 58 46 0
21 13 58 46 0
13 21 47 57 0
21 13 47 57 0
13 21 57 47 0
21 13 57 47 0
13 21 48 56 0
21 13 48 56 0
13 21 56 48 0
21 13 56 48 0
13 21 49 55 0
21 13 49 55 0
13 21 55 49 0
21 13 55 49 0
13 21 50 54 0
21 13 50 54 0
13 21 54 50 0
21 13 54 50 0
13 21 51 53 0
21 13 51 53 0
13 21 53 51 0
21 13 53 51 0
11 23 52 52 0
23 11 52 52 0
12 22 52 52 0
22 12 52 52 0
13 21 52 52 0
21 13 52 52 0
12 22 39 65 0
22 12 39 65 0
12 22 65 39 0
22 12 65 39 0
12 22 40 64 0
22 12 40 64 0
12 22 64 40 0
22 12 64 40 0
12 22 41 63 0
22 12 41 63 0
12 22 63 41 0
22 12 63 41 0
12 22 42 62 0
22 12 42 62 0
12 22 62 42 0
22 12 62 42 0
13 21 39 65 0
21 13 39 65 0
13 21 65 39 0
21 13 65 39 0
13 21 40 64 0
21 13 40 64 0
13 21 64 40 0
21 13 64 40 0
13 21 41 63 0
21 13 41 63 0
13 21 63 41 0
21 13 63 41 0
13 21 42 62 0
21 13 42 62 0
13 21 62 42 0
21 13 62 42 0
14 20 39 65 0
20 14 39 65 0
14 20 65 39 0
20 14 65 39 0
14 20 40 64 0
20 14 40 64 0
14 20 64 40 0
20 14 64 40 0
14 20 41 63 0
20 14 41 63 0
14 20 63 41 0
20 14 63 41 0
14 20 42 62 0
20 14 42 62 0
14 20 62 42 0
20 14 62 42 0
14 20 43 61 0
20 14 43 61 0
14 20 61 43 0
20 14 61 43 0
14 20 44 60 0
20 14 44 60 0
14 20 60 44 0
20 14 60 44 0
14 20 45 59 0
20 14 45 59 0
14 20 59 45 0
20 14 59 45 0
14 20 46 58 0
20 14 46 58 0
14 20 58 46 0
20 14 58 46 0
14 20 47 57 0
20 14 47 57 0
14 20 57 47 0
20 14 57 47 0
14 20 48 56 0
20 14 48 56 0
14 20 56 48 0
20 14 56 48 0
14 20 49 55 0
20 14 49 55 0
14 20 55 49 0
20 14 55 49 0
14 20 50 54 0
20 14 50 54 0
14 20 54 50 0
20 14 54 50 0
14 20 51 53 0
20 14 51 53 0
14 20 53 51 0
20 14 53 51 0
14 20 52 52 0
20 14 52 52 0
13 21 37 67 0
21 13 37 67 0
13 21 67 37 0
21 13 67 37 0
13 21 38 66 0
21 13 38 66 0
13 21 66 38 0
21 13 66 38 0
14 20 37 67 0
20 14 37 67 0
14 20 67 37 0
20 14 67 37 0
14 20 38 66 0
20 14 38 66 0
14 20 66 38 0
20 14 66 38 0
15 19 37 67 0
19 15 37 67 0
15 19 67 37 0
19 15 67 37 0
15 19 38 66 0
19 15 38 66 0
15 19 66 38 0
19 15 66 38 0
15 19 39 65 0
19 15 39 65 0
15 19 65 39 0
19 15 65 39 0
15 19 40 64 0
19 15 40 64 0
15 19 64 40 0
19 15 64 40 0
15 19 41 63 0
19 15 41 63 0
15 19 63 41 0
19 15 63 41 0
15 19 42 62 0
19 15 42 62 0
15 19 62 42 0
19 15 62 42 0
15 19 43 61 0
19 15 43 61 0
15 19 61 43 0
19 15 61 43 0
15 19 44 60 0
19 15 44 60 0
15 19 60 44 0
19 15 60 44 0
15 19 45 59 0
19 15 45 59 0
15 19 59 45 0
19 15 59 45 0
15 19 46 58 0
19 15 46 58 0
15 19 58 46 0
19 15 58 46 0
15 19 47 57 0
19 15 47 57 0
15 19 57 47 0
19 15 57 47 0
15 19 48 56 0
19 15 48 56 0
15 19 56 48 0
19 15 56 48 0
15 19 49 55 0
19 15 49 55 0
15 19 55 49 0
19 15 55 49 0
15 19 50 54 0
19 15 50 54 0
15 19 54 50 0
19 15 54 50 0
15 19 51 53 0
19 15 51 53 0
15 19 53 51 0
19 15 53 51 0
15 19 52 52 0
19 15 52 52 0
16 18 37 67 0
18 16 37 67 0
16 18 67 37 0
18 16 67 37 0
16 18 38 66 0
18 16 38 66 0
16 18 66 38 0
18 16 66 38 0
16 18 39 65 0
18 16 39 65 0
16 18 65 39 0
18 16 65 39 0
16 18 40 64 0
18 16 40 64 0
16 18 64 40 0
18 16 64 40 0
16 18 41 63 0
18 16 41 63 0
16 18 63 41 0
18 16 63 41 0
16 18 42 62 0
18 16 42 62 0
16 18 62 42 0
18 16 62 42 0
16 18 43 61 1
18 16 43 61 1
16 18 61 43 1
18 16 61 43 1
16 18 44 60 2
18 16 44 60 2
16 18 60 44 2
18 16 60 44 2
16 18 45 59 3
18 16 45 59 3
16 18 59 45 3
18 16 59 45 3
16 18 46 58 4
18 16 46 58 4
16 18 58 46 4
18 16 58 46 4
16 18 47 57 5
18 16 47 57 5
16 18 57 47 5
18 16 57 47 5
16 18 48 56 6
18 16 48 56 6
16 18 56 48 6
18 16 56 48 6
16 18 49 55 6
18 16 49 55 6
16 18 55 49 6
18 16 55 49 6
16 18 50 54 6
18 16 50 54 6
16 18 54 50 6
18 16 54 50 6
16 18 51 53 6
18 16 51 53 6
16 18 53 51 6
18 16 53 51 6
16 18 52 52 6
18 16 52 52 6
17 17 39 65 0
17 17 65 39 0
17 17 40 64 0
17 17 64 40 0
17 17 41 63 0
17 17 63 41 0
17 17 42 62 0
17 17 62 42 0
17 17 43 61 1
17 17 61 43 1
17 17 44 60 2
17 17 60 44 2
17 17 45 59 3
17 17 59 45 3
17 17 46 58 4
17 17 58 46 4
17 17 47 57 5
17 17 57 47 5
17 17 48 56 6
17 17 56 48 6
17 17 49 55 6
17 17 55 49 6
17 17 50 54 6
17 17 54 50 6
17 17 51 53 6
17 17 53 51 6
17 17 52 52 6
14 20 36 68 0
20 14 36 68 0
14 20 68 36 0
20 14 68 36 0
15 19 36 68 0
19 15 36 68 0
15 19 68 36 0
19 15 68 36 0
16 18 36 68 0
18 16 36 68 0
16 18 68 36 0
18 16 68 36 0
15 19 35 69 0
19 15 35 69 0
15 19 69 35 0
19 15 69 35 0
16 18 35 69 0
18 16 35 69 0
16 18 69 35 0
18 16 69 35 0
17 17 35 69 0
17 17 69 35 0
17 17 36 68 0
17 17 68 36 0
17 17 37 67 0
17 17 67 37 0
17 17 38 66 0
17 17 66 38 0
