18 33 30 39 0
33 18 30 39 0
18 33 39 30 0
33 18 39 30 0
18 33 31 38 0
33 18 31 38 0
18 33 38 31 0
33 18 38 31 0
18 33 32 37 0
33 18 32 37 0
18 33 37 32 0
33 18 37 32 0
18 33 33 36 0
33 18 33 36 0
18 33 36 33 0
33 18 36 33 0
18 33 34 35 0
33 18 34 35 0
18 33 35 34 0
33 18 35 34 0
19 32 30 39 0
32 19 30 39 0
19 32 39 30 0
32 19 39 30 0
19 32 31 38 0
32 19 31 38 0
19 32 38 31 0
32 19 38 31 0
19 32 32 37 0
32 19 32 37 0
19 32 37 32 0
32 19 37 32 0
19 32 33 36 0
32 19 33 36 0
19 32 36 33 0
32 19 36 33 0
19 32 34 35 0
32 19 34 35 0
19 32 35 34 0
32 19 35 34 0
20 31 30 39 0
31 20 30 39 0
20 31 39 30 0
31 20 39 30 0
20 31 31 38 0
31 20 31 38 0
20 31 38 31 0
31 20 38 31 0
20 31 32 37 0
31 20 32 37 0
20 31 37 32 0
31 20 37 32 0
20 31 33 36 0
31 20 33 36 0
20 31 36 33 0
31 20 36 33 0
20 31 34 35 0
31 20 34 35 0
20 31 35 34 0
31 20 35 34 0
21 30 30 39 0
30 21 30 39 0
21 30 39 30 0
30 21 39 30 0
21 30 31 38 0
30 21 31 38 0
21 30 38 31 0
30 21 38 31 0
21 30 32 37 0
30 21 32 37 0
21 30 37 32 0
30 21 37 32 0
21 30 33 36 0
30 21 33 36 0
21 30 36 33 0
30 21 36 33 0
21 30 34 35 0
30 21 34 35 0
21 30 35 34 0
30 21 35 34 0
19 32 27 42 0
32 19 27 42 0
19 32 42 27 0
32 19 42 27 0
19 32 28 41 0
32 19 28 41 0
19 32 41 28 0
32 19 41 28 0
19 32 29 40 0
32 19 29 40 0
19 32 40 29 0
32 19 40 29 0
20 31 27 42 0
31 20 27 42 0
20 31 42 27 0
31 20 42 27 0
20 31 28 41 0
31 20 28 41 0
20 31 41 28 0
31 20 41 28 0
20 31 29 40 0
31 20 29 40 0
20 31 40 29 0
31 20 40 29 0
21 30 27 42 0
30 21 27 42 0
21 30 42 27 0
30 21 42 27 0
21 30 28 41 0
30 21 28 41 0
21 30 41 28 0
30 21 41 28 0
21 30 29 40 0
30 21 29 40 0
21 30 40 29 0
30 21 40 29 0
22 29 27 42 0
29 22 27 42 0
22 29 42 27 0
29 22 42 27 0
22 29 28 41 0
29 22 28 41 0
22 29 41 28 0
29 22 41 28 0
22 29 29 40 0
29 22 29 40 0
22 29 40 29 0
29 22 40 29 0
22 29 30 39 0
29 22 30 39 0
22 29 39 30 0
29 22 39 30 0
22 29 31 38 0
29 22 31 38 0
22 29 38 31 0
29 22 38 31 0
22 29 32 37 0
29 22 32 37 0
22 29 37 32 0
29 22 37 32 0
22 29 33 36 0
29 22 33 36 0
22 29 36 33 0
29 22 36 33 0
22 29 34 35 0
29 22 34 35 0
22 29 35 34 0
29 22 35 34 0
20 31 26 43 0
31 20 26 43 0
20 31 43 26 0
31 20 43 26 0
21 30 26 43 0
30 21 26 43 0
21 30 43 26 0
30 21 43 26 0
22 29 26 43 0
29 22 26 43 0
22 29 43 26 0
29 22 43 26 0
23 28 26 43 0
28 23 26 43 0
23 28 43 26 0
28 23 43 26 0
23 28 27 42 0
28 23 27 42 0
23 28 42 27 0
28 23 42 27 0
23 28 28 41 0
28 23 28 41 0
23 28 41 28 0
28 23 41 28 0
23 28 29 40 0
28 23 29 40 0
23 28 40 29 0
28 23 40 29 0
23 28 30 39 0
28 23 30 39 0
23 28 39 30 0
28 23 39 30 0
23 28 31 38 0
28 23 31 38 0
23 28 38 31 0
28 23 38 31 0
23 28 32 37 0
28 23 32 37 0
23 28 37 32 0
28 23 37 32 0
23 28 33 36 0
28 23 33 36 0
23 28 36 33 0
28 23 36 33 0
23 28 34 35 0
28 23 34 35 0
23 28 35 34 0
28 23 35 34 0
24 27 27 42 0
27 24 27 42 0
24 27 42 27 0
27 24 42 27 0
24 27 28 41 0
27 24 28 41 0
24 27 41 28 0
27 24 41 28 0
24 27 29 40 0
27 24 29 40 0
24 27 40 29 0
27 24 40 29 0
24 27 30 39 0
27 24 30 39 0
24 27 39 30 0
27 24 39 30 0
24 27 31 38 0
27 24 31 38 0
24 27 38 31 0
27 24 38 31 0
24 27 32 37 0
27 24 32 37 0
24 27 37 32 0
27 24 37 32 0
24 27 33 36 0
27 24 33 36 0
24 27 36 33 0
27 24 36 33 0
24 27 34 35 0
27 24 34 35 0
24 27 35 34 0
27 24 35 34 0
25 26 30 39 0
26 25 30 39 0
25 26 39 30 0
26 25 39 30 0
25 26 31 38 0
26 25 31 38 0
25 26 38 31 0
26 25 38 31 0
25 26 32 37 0
26 25 32 37 0
25 26 37 32 0
26 25 37 32 0
25 26 33 36 0
26 25 33 36 0
25 26 36 33 0
26 25 36 33 0
25 26 34 35 0
26 25 34 35 0
25 26 35 34 0
26 25 35 34 0
21 30 25 44 0
30 21 25 44 0
21 30 44 25 0
30 21 44 25 0
22 29 25 44 0
29 22 25 44 0
22 29 44 25 0
29 22 44 25 0
23 28 25 44 0
28 23 25 44 0
23 28 44 25 0
28 23 44 25 0
24 27 25 44 0
27 24 25 44 0
24 27 44 25 0
27 24 44 25 0
24 27 26 43 0
27 24 26 43 0
24 27 43 26 0
27 24 43 26 0
25 26 25 44 0
26 25 25 44 0
25 26 44 25 0
26 25 44 25 0
25 26 26 43 0
26 25 26 43 0
25 26 43 26 0
26 25 43 26 0
25 26 27 42 0
26 25 27 42 0
25 26 42 27 0
26 25 42 27 0
25 26 28 41 0
26 25 28 41 0
25 26 41 28 0
26 25 41 28 0
25 26 29 40 0
26 25 29 40 0
25 26 40 29 0
26 25 40 29 0
24 27 24 45 0
27 24 24 45 0
24 27 45 24 0
27 24 45 24 0
25 26 24 45 0
26 25 24 45 0
25 26 45 24 0
26 25 45 24 0
