13 32 26 35 0
32 13 26 35 0
13 32 35 26 0
32 13 35 26 0
13 32 27 34 0
32 13 27 34 0
13 32 34 27 0
32 13 34 27 0
13 32 28 33 0
32 13 28 33 0
13 32 33 28 0
32 13 33 28 0
13 32 29 32 0
32 13 29 32 0
13 32 32 29 0
32 13 32 29 0
13 32 30 31 0
32 13 30 31 0
13 32 31 30 0
32 13 31 30 0
14 31 26 35 0
31 14 26 35 0
14 31 35 26 0
31 14 35 26 0
14 31 27 34 0
31 14 27 34 0
14 31 34 27 0
31 14 34 27 0
14 31 28 33 0
31 14 28 33 0
14 31 33 28 0
31 14 33 28 0
14 31 29 32 0
31 14 29 32 0
14 31 32 29 0
31 14 32 29 0
14 31 30 31 0
31 14 30 31 0
14 31 31 30 0
31 14 31 30 0
15 30 26 35 0
30 15 26 35 0
15 30 35 26 0
30 15 35 26 0
15 30 27 34 0
30 15 27 34 0
15 30 34 27 0
30 15 34 27 0
15 30 28 33 0
30 15 28 33 0
15 30 33 28 0
30 15 33 28 0
15 30 29 32 0
30 15 29 32 0
15 30 32 29 0
30 15 32 29 0
15 30 30 31 0
30 15 30 31 0
15 30 31 30 0
30 15 31 30 0
16 29 26 35 0
29 16 26 35 0
16 29 35 26 0
29 16 35 26 0
16 29 27 34 0
29 16 27 34 0
16 29 34 27 0
29 16 34 27 0
16 29 28 33 0
29 16 28 33 0
16 29 33 28 0
29 16 33 28 0
16 29 29 32 0
29 16 29 32 0
16 29 32 29 0
29 16 32 29 0
16 29 30 31 1
29 16 30 31 1
16 29 31 30 1
29 16 31 30 1
14 31 23 38 0
31 14 23 38 0
14 31 38 23 0
31 14 38 23 0
14 31 24 37 0
31 14 24 37 0
14 31 37 24 0
31 14 37 24 0
14 31 25 36 0
31 14 25 36 0
14 31 36 25 0
31 14 36 25 0
15 30 23 38 0
30 15 23 38 0
15 30 38 23 0
30 15 38 23 0
15 30 24 37 0
30 15 24 37 0
15 30 37 24 0
30 15 37 24 0
15 30 25 36 0
30 15 25 36 0
15 30 36 25 0
30 15 36 25 0
16 29 23 38 0
29 16 23 38 0
16 29 38 23 0
29 16 38 23 0
16 29 24 37 0
29 16 24 37 0
16 29 37 24 0
29 16 37 24 0
16 29 25 36 0
29 16 25 36 0
16 29 36 25 0
29 16 36 25 0
17 28 23 38 0
28 17 23 38 0
17 28 38 23 0
28 17 38 23 0
17 28 24 37 0
28 17 24 37 0
17 28 37 24 0
28 17 37 24 0
17 28 25 36 0
28 17 25 36 0
17 28 36 25 0
28 17 36 25 0
17 28 26 35 0
28 17 26 35 0
17 28 35 26 0
28 17 35 26 0
17 28 27 34 1
28 17 27 34 1
17 28 34 27 1
28 17 34 27 1
17 28 28 33 2
28 17 28 33 2
17 28 33 28 2
28 17 33 28 2
17 28 29 32 3
28 17 29 32 3
17 28 32 29 3
28 17 32 29 3
17 28 30 31 5
28 17 30 31 5
17 28 31 30 5
28 17 31 30 5
15 30 22 39 0
30 15 22 39 0
15 30 39 22 0
30 15 39 22 0
16 29 22 39 0
29 16 22 39 0
16 29 39 22 0
29 16 39 22 0
17 28 22 39 0
28 17 22 39 0
17 28 39 22 0
28 17 39 22 0
18 27 22 39 0
27 18 22 39 0
18 27 39 22 0
27 18 39 22 0
18 27 23 38 0
27 18 23 38 0
18 27 38 23 0
27 18 38 23 0
18 27 24 37 0
27 18 24 37 0
18 27 37 24 0
27 18 37 24 0
18 27 25 36 0
27 18 25 36 0
18 27 36 25 0
27 18 36 25 0
18 27 26 35 0
27 18 26 35 0
18 27 35 26 0
27 18 35 26 0
18 27 27 34 2
27 18 27 34 2
18 27 34 27 2
27 18 34 27 2
18 27 28 33 5
27 18 28 33 5
18 27 33 28 5
27 18 33 28 5
18 27 29 32 8
27 18 29 32 8
18 27 32 29 8
27 18 32 29 8
18 27 30 31 11
27 18 30 31 11
18 27 31 30 11
27 18 31 30 11
19 26 23 38 0
26 19 23 38 0
19 26 38 23 0
26 19 38 23 0
19 26 24 37 0
26 19 24 37 0
19 26 37 24 0
26 19 37 24 0
19 26 25 36 1
26 19 25 36 1
19 26 36 25 1
26 19 36 25 1
19 26 26 35 2
26 19 26 35 2
19 26 35 26 2
26 19 35 26 2
19 26 27 34 7
26 19 27 34 7
19 26 34 27 7
26 19 34 27 7
19 26 28 33 13
26 19 28 33 13
19 26 33 28 13
26 19 33 28 13
19 26 29 32 19
26 19 29 32 19
19 26 32 29 19
26 19 32 29 19
19 26 30 31 24
26 19 30 31 24
19 26 31 30 24
26 19 31 30 24
20 25 26 35 5
25 20 26 35 5
20 25 35 26 5
25 20 35 26 5
20 25 27 34 13
25 20 27 34 13
20 25 34 27 13
25 20 34 27 13
20 25 28 33 22
25 20 28 33 22
20 25 33 28 22
25 20 33 28 22
20 25 29 32 31
25 20 29 32 31
20 25 32 29 31
25 20 32 29 31
20 25 30 31 38
25 20 30 31 38
20 25 31 30 38
25 20 31 30 38
16 29 20 41 0
29 16 20 41 0
16 29 41 20 0
29 16 41 20 0
16 29 21 40 0
29 16 21 40 0
16 29 40 21 0
29 16 40 21 0
17 28 20 41 0
28 17 20 41 0
17 28 41 20 0
28 17 41 20 0
17 28 21 40 0
28 17 21 40 0
17 28 40 21 0
28 17 40 21 0
18 27 20 41 0
27 18 20 41 0
18 27 41 20 0
27 18 41 20 0
18 27 21 40 0
27 18 21 40 0
18 27 40 21 0
27 18 40 21 0
19 26 20 41 0
26 19 20 41 0
19 26 41 20 0
26 19 41 20 0
19 26 21 40 0
26 19 21 40 0
19 26 40 21 0
26 19 40 21 0
19 26 22 39 0
26 19 22 39 0
19 26 39 22 0
26 19 39 22 0
20 25 20 41 0
25 20 20 41 0
20 25 41 20 0
25 20 41 20 0
20 25 21 40 0
25 20 21 40 0
20 25 40 21 0
25 20 40 21 0
20 25 22 39 0
25 20 22 39 0
20 25 39 22 0
25 20 39 22 0
20 25 23 38 0
25 20 23 38 0
20 25 38 23 0
25 20 38 23 0
20 25 24 37 0
25 20 24 37 0
20 25 37 24 0
25 20 37 24 0
20 25 25 36 2
25 20 25 36 2
20 25 36 25 2
25 20 36 25 2
21 24 22 39 0
24 21 22 39 0
21 24 39 22 0
24 21 39 22 0
21 24 23 38 1
24 21 23 38 1
21 24 38 23 1
24 21 38 23 1
21 24 24 37 2
24 21 24 37 2
21 24 37 24 2
24 21 37 24 2
21 24 25 36 6
24 21 25 36 6
21 24 36 25 6
24 21 36 25 6
21 24 26 35 12
24 21 26 35 12
21 24 35 26 12
24 21 35 26 12
21 24 27 34 23
24 21 27 34 23
21 24 34 27 23
24 21 34 27 23
21 24 28 33 35
24 21 28 33 35
21 24 33 28 35
24 21 33 28 35
21 24 29 32 47
24 21 29 32 47
21 24 32 29 47
24 21 32 29 47
21 24 30 31 55
24 21 30 31 55
21 24 31 30 55
24 21 31 30 55
22 23 26 35 15
23 22 26 35 15
22 23 35 26 15
23 22 35 26 15
22 23 27 34 28
23 22 27 34 28
22 23 34 27 28
23 22 34 27 28
22 23 28 33 42
23 22 28 33 42
22 23 33 28 42
23 22 33 28 42
22 23 29 32 55
23 22 29 32 55
22 23 32 29 55
23 22 32 29 55
22 23 30 31 64
23 22 30 31 64
22 23 31 30 64
23 22 31 30 64
18 27 19 42 0
27 18 19 42 0
18 27 42 19 0
27 18 42 19 0
19 26 19 42 0
26 19 19 42 0
19 26 42 19 0
26 19 42 19 0
20 25 19 42 0
25 20 19 42 0
20 25 42 19 0
25 20 42 19 0
21 24 19 42 0
24 21 19 42 0
21 24 42 19 0
24 21 42 19 0
21 24 20 41 0
24 21 20 41 0
21 24 41 20 0
24 21 41 20 0
21 24 21 40 0
24 21 21 40 0
21 24 40 21 0
24 21 40 21 0
22 23 20 41 0
23 22 20 41 0
22 23 41 20 0
23 22 41 20 0
22 23 21 40 0
23 22 21 40 0
22 23 40 21 0
23 22 40 21 0
22 23 22 39 0
23 22 22 39 0
22 23 39 22 0
23 22 39 22 0
22 23 23 38 1
23 22 23 38 1
22 23 38 23 1
23 22 38 23 1
22 23 24 37 3
23 22 24 37 3
22 23 37 24 3
23 22 37 24 3
22 23 25 36 8
23 22 25 36 8
22 23 36 25 8
23 22 36 25 8
19 26 18 43 0
26 19 18 43 0
19 26 43 18 0
26 19 43 18 0
20 25 18 43 0
25 20 18 43 0
20 25 43 18 0
25 20 43 18 0
21 24 18 43 0
24 21 18 43 0
21 24 43 18 0
24 21 43 18 0
22 23 18 43 0
23 22 18 43 0
22 23 43 18 0
23 22 43 18 0
22 23 19 42 0
23 22 19 42 0
22 23 42 19 0
23 22 42 19 0
