0 18 10 15 0
18 0 10 15 0
0 18 15 10 0
18 0 15 10 0
0 18 11 14 0
18 0 11 14 0
0 18 14 11 0
18 0 14 11 0
0 18 12 13 0
18 0 12 13 0
0 18 13 12 0
18 0 13 12 0
1 17 10 15 0
17 1 10 15 0
1 17 15 10 0
17 1 15 10 0
1 17 11 14 0
17 1 11 14 0
1 17 14 11 0
17 1 14 11 0
1 17 12 13 0
17 1 12 13 0
1 17 13 12 0
17 1 13 12 0
2 16 10 15 3
16 2 10 15 3
2 16 15 10 3
16 2 15 10 3
2 16 11 14 5
16 2 11 14 5
2 16 14 11 5
16 2 14 11 5
2 16 12 13 6
16 2 12 13 6
2 16 13 12 6
16 2 13 12 6
3 15 10 15 23
15 3 10 15 23
3 15 15 10 23
15 3 15 10 23
3 15 11 14 34
15 3 11 14 34
3 15 14 11 34
15 3 14 11 34
3 15 12 13 40
15 3 12 13 40
3 15 13 12 40
15 3 13 12 40
1 17 6 19 0
17 1 6 19 0
1 17 19 6 0
17 1 19 6 0
1 17 7 18 0
17 1 7 18 0
1 17 18 7 0
17 1 18 7 0
1 17 8 17 0
17 1 8 17 0
1 17 17 8 0
17 1 17 8 0
1 17 9 16 0
17 1 9 16 0
1 17 16 9 0
17 1 16 9 0
2 16 6 19 0
16 2 6 19 0
2 16 19 6 0
16 2 19 6 0
2 16 7 18 0
16 2 7 18 0
2 16 18 7 0
16 2 18 7 0
2 16 8 17 0
16 2 8 17 0
2 16 17 8 0
16 2 17 8 0
2 16 9 16 1
16 2 9 16 1
2 16 16 9 1
16 2 16 9 1
3 15 6 19 0
15 3 6 19 0
3 15 19 6 0
15 3 19 6 0
3 15 7 18 1
15 3 7 18 1
3 15 18 7 1
15 3 18 7 1
3 15 8 17 5
15 3 8 17 5
3 15 17 8 5
15 3 17 8 5
3 15 9 16 12
15 3 9 16 12
3 15 16 9 12
15 3 16 9 12
4 14 6 19 3
14 4 6 19 3
4 14 19 6 3
14 4 19 6 3
4 14 7 18 11
14 4 7 18 11
4 14 18 7 11
14 4 18 7 11
4 14 8 17 29
14 4 8 17 29
4 14 17 8 29
14 4 17 8 29
4 14 9 16 58
14 4 9 16 58
4 14 16 9 58
14 4 16 9 58
4 14 10 15 95
14 4 10 15 95
4 14 15 10 95
14 4 15 10 95
4 14 11 14 130
14 4 11 14 130
4 14 14 11 130
14 4 14 11 130
4 14 12 13 151
14 4 12 13 151
4 14 13 12 151
14 4 13 12 151
5 13 6 19 16
13 5 6 19 16
5 13 19 6 16
13 5 19 6 16
5 13 7 18 44
13 5 7 18 44
5 13 18 7 44
13 5 18 7 44
5 13 8 17 97
13 5 8 17 97
5 13 17 8 97
13 5 17 8 97
5 13 9 16 174
13 5 9 16 174
5 13 16 9 174
13 5 16 9 174
5 13 10 15 266
13 5 10 15 266
5 13 15 10 266
13 5 15 10 266
5 13 11 14 349
13 5 11 14 349
5 13 14 11 349
13 5 14 11 349
5 13 12 13 399
13 5 12 13 399
5 13 13 12 399
13 5 13 12 399
6 12 6 19 45
12 6 6 19 45
6 12 19 6 45
12 6 19 6 45
6 12 7 18 110
12 6 7 18 110
6 12 18 7 110
12 6 18 7 110
6 12 8 17 222
12 6 8 17 222
6 12 17 8 222
12 6 17 8 222
6 12 9 16 376
12 6 9 16 376
6 12 16 9 376
12 6 16 9 376
6 12 10 15 553
12 6 10 15 553
6 12 15 10 553
12 6 15 10 553
6 12 11 14 710
12 6 11 14 710
6 12 14 11 710
12 6 14 11 710
6 12 12 13 802
12 6 12 13 802
6 12 13 12 802
12 6 13 12 802
2 16 4 21 0
16 2 4 21 0
2 16 21 4 0
16 2 21 4 0
2 16 5 20 0
16 2 5 20 0
2 16 20 5 0
16 2 20 5 0
3 15 4 21 0
15 3 4 21 0
3 15 21 4 0
15 3 21 4 0
3 15 5 20 0
15 3 5 20 0
3 15 20 5 0
15 3 20 5 0
4 14 4 21 0
14 4 4 21 0
4 14 21 4 0
14 4 21 4 0
4 14 5 20 0
14 4 5 20 0
4 14 20 5 0
14 4 20 5 0
5 13 4 21 1
13 5 4 21 1
5 13 21 4 1
13 5 21 4 1
5 13 5 20 4
13 5 5 20 4
5 13 20 5 4
13 5 20 5 4
3 15 3 22 0
15 3 3 22 0
3 15 22 3 0
15 3 22 3 0
4 14 3 22 0
14 4 3 22 0
4 14 22 3 0
14 4 22 3 0
5 13 3 22 0
13 5 3 22 0
5 13 22 3 0
13 5 22 3 0
6 12 3 22 0
12 6 3 22 0
6 12 22 3 0
12 6 22 3 0
6 12 4 21 3
12 6 4 21 3
6 12 21 4 3
12 6 21 4 3
6 12 5 20 14
12 6 5 20 14
6 12 20 5 14
12 6 20 5 14
7 11 3 22 1
11 7 3 22 1
7 11 22 3 1
11 7 22 3 1
7 11 4 21 8
11 7 4 21 8
7 11 21 4 8
11 7 21 4 8
7 11 5 20 30
11 7 5 20 30
7 11 20 5 30
11 7 20 5 30
7 11 6 19 88
11 7 6 19 88
7 11 19 6 88
11 7 19 6 88
7 11 7 18 201
11 7 7 18 201
7 11 18 7 201
11 7 18 7 201
7 11 8 17 386
11 7 8 17 386
7 11 17 8 386
11 7 17 8 386
7 11 9 16 634
11 7 9 16 634
7 11 16 9 634
11 7 16 9 634
7 11 10 15 911
11 7 10 15 911
7 11 15 10 911
11 7 15 10 911
7 11 11 14 1152
11 7 11 14 1152
7 11 14 11 1152
11 7 14 11 1152
7 11 12 13 1294
11 7 12 13 1294
7 11 13 12 1294
11 7 13 12 1294
8 10 3 22 2
10 8 3 22 2
8 10 22 3 2
10 8 22 3 2
8 10 4 21 13
10 8 4 21 13
8 10 21 4 13
10 8 21 4 13
8 10 5 20 46
10 8 5 20 46
8 10 20 5 46
10 8 20 5 46
8 10 6 19 128
10 8 6 19 128
8 10 19 6 128
10 8 19 6 128
8 10 7 18 283
10 8 7 18 283
8 10 18 7 283
10 8 18 7 283
8 10 8 17 530
10 8 8 17 530
8 10 17 8 530
10 8 17 8 530
8 10 9 16 856
10 8 9 16 856
8 10 16 9 856
10 8 16 9 856
8 10 10 15 1215
10 8 10 15 1215
8 10 15 10 1215
10 8 15 10 1215
8 10 11 14 1525
10 8 11 14 1525
8 10 14 11 1525
10 8 14 11 1525
8 10 12 13 1707
10 8 12 13 1707
8 10 13 12 1707
10 8 13 12 1707
9 9 4 21 15
9 9 21 4 15
9 9 5 20 53
9 9 20 5 53
9 9 6 19 145
9 9 19 6 145
9 9 7 18 317
9 9 18 7 317
9 9 8 17 590
9 9 17 8 590
9 9 9 16 946
9 9 16 9 946
9 9 10 15 1337
9 9 15 10 1337
9 9 11 14 1675
9 9 14 11 1675
9 9 12 13 1872
9 9 13 12 1872
4 14 2 23 0
14 4 2 23 0
4 14 23 2 0
14 4 23 2 0
5 13 2 23 0
13 5 2 23 0
5 13 23 2 0
13 5 23 2 0
6 12 2 23 0
12 6 2 23 0
6 12 23 2 0
12 6 23 2 0
7 11 2 23 0
11 7 2 23 0
7 11 23 2 0
11 7 23 2 0
8 10 2 23 0
10 8 2 23 0
8 10 23 2 0
10 8 23 2 0
6 12 1 24 0
12 6 1 24 0
6 12 24 1 0
12 6 24 1 0
7 11 1 24 0
11 7 1 24 0
7 11 24 1 0
11 7 24 1 0
8 10 1 24 0
10 8 1 24 0
8 10 24 1 0
10 8 24 1 0
9 9 1 24 0
9 9 24 1 0
9 9 2 23 0
9 9 23 2 0
9 9 3 22 2
9 9 22 3 2
