11 31 23 34 0
31 11 23 34 0
11 31 34 23 0
31 11 34 23 0
11 31 24 33 0
31 11 24 33 0
11 31 33 24 0
31 11 33 24 0
11 31 25 32 0
31 11 25 32 0
11 31 32 25 0
31 11 32 25 0
11 31 26 31 0
31 11 26 31 0
11 31 31 26 0
31 11 31 26 0
11 31 27 30 0
31 11 27 30 0
11 31 30 27 0
31 11 30 27 0
11 31 28 29 0
31 11 28 29 0
11 31 29 28 0
31 11 29 28 0
12 30 23 34 0
30 12 23 34 0
12 30 34 23 0
30 12 34 23 0
12 30 24 33 0
30 12 24 33 0
12 30 33 24 0
30 12 33 24 0
12 30 25 32 0
30 12 25 32 0
12 30 32 25 0
30 12 32 25 0
12 30 26 31 0
30 12 26 31 0
12 30 31 26 0
30 12 31 26 0
12 30 27 30 0
30 12 27 30 0
12 30 30 27 0
30 12 30 27 0
12 30 28 29 0
30 12 28 29 0
12 30 29 28 0
30 12 29 28 0
13 29 23 34 0
29 13 23 34 0
13 29 34 23 0
29 13 34 23 0
13 29 24 33 0
29 13 24 33 0
13 29 33 24 0
29 13 33 24 0
13 29 25 32 0
29 13 25 32 0
13 29 32 25 0
29 13 32 25 0
13 29 26 31 0
29 13 26 31 0
13 29 31 26 0
29 13 31 26 0
13 29 27 30 0
29 13 27 30 0
13 29 30 27 0
29 13 30 27 0
13 29 28 29 0
29 13 28 29 0
13 29 29 28 0
29 13 29 28 0
14 28 23 34 0
28 14 23 34 0
14 28 34 23 0
28 14 34 23 0
14 28 24 33 0
28 14 24 33 0
14 28 33 24 0
28 14 33 24 0
14 28 25 32 0
28 14 25 32 0
14 28 32 25 0
28 14 32 25 0
14 28 26 31 1
28 14 26 31 1
14 28 31 26 1
28 14 31 26 1
14 28 27 30 2
28 14 27 30 2
14 28 30 27 2
28 14 30 27 2
14 28 28 29 2
28 14 28 29 2
14 28 29 28 2
28 14 29 28 2
12 30 21 36 0
30 12 21 36 0
12 30 36 21 0
30 12 36 21 0
12 30 22 35 0
30 12 22 35 0
12 30 35 22 0
30 12 35 22 0
13 29 21 36 0
29 13 21 36 0
13 29 36 21 0
29 13 36 21 0
13 29 22 35 0
29 13 22 35 0
13 29 35 22 0
29 13 35 22 0
14 28 21 36 0
28 14 21 36 0
14 28 36 21 0
28 14 36 21 0
14 28 22 35 0
28 14 22 35 0
14 28 35 22 0
28 14 35 22 0
15 27 21 36 0
27 15 21 36 0
15 27 36 21 0
27 15 36 21 0
15 27 22 35 0
27 15 22 35 0
15 27 35 22 0
27 15 35 22 0
15 27 23 34 0
27 15 23 34 0
15 27 34 23 0
27 15 34 23 0
15 27 24 33 1
27 15 24 33 1
15 27 33 24 1
27 15 33 24 1
15 27 25 32 2
27 15 25 32 2
15 27 32 25 2
27 15 32 25 2
15 27 26 31 6
27 15 26 31 6
15 27 31 26 6
27 15 31 26 6
15 27 27 30 10
27 15 27 30 10
15 27 30 27 10
27 15 30 27 10
15 27 28 29 12
27 15 28 29 12
15 27 29 28 12
27 15 29 28 12
16 26 21 36 0
26 16 21 36 0
16 26 36 21 0
26 16 36 21 0
16 26 22 35 0
26 16 22 35 0
16 26 35 22 0
26 16 35 22 0
16 26 23 34 1
26 16 23 34 1
16 26 34 23 1
26 16 34 23 1
16 26 24 33 5
26 16 24 33 5
16 26 33 24 5
26 16 33 24 5
16 26 25 32 11
26 16 25 32 11
16 26 32 25 11
26 16 32 25 11
16 26 26 31 22
26 16 26 31 22
16 26 31 26 22
26 16 31 26 22
16 26 27 30 33
26 16 27 30 33
16 26 30 27 33
26 16 30 27 33
16 26 28 29 39
26 16 28 29 39
16 26 29 28 39
26 16 29 28 39
17 25 23 34 5
25 17 23 34 5
17 25 34 23 5
25 17 34 23 5
17 25 24 33 17
25 17 24 33 17
17 25 33 24 17
25 17 33 24 17
17 25 25 32 34
25 17 25 32 34
17 25 32 25 34
25 17 32 25 34
17 25 26 31 59
25 17 26 31 59
17 25 31 26 59
25 17 31 26 59
17 25 27 30 83
25 17 27 30 83
17 25 30 27 83
25 17 30 27 83
17 25 28 29 97
25 17 28 29 97
17 25 29 28 97
25 17 29 28 97
13 29 19 38 0
29 13 19 38 0
13 29 38 19 0
29 13 38 19 0
13 29 20 37 0
29 13 20 37 0
13 29 37 20 0
29 13 37 20 0
14 28 19 38 0
28 14 19 38 0
14 28 38 19 0
28 14 38 19 0
14 28 20 37 0
28 14 20 37 0
14 28 37 20 0
28 14 37 20 0
15 27 19 38 0
27 15 19 38 0
15 27 38 19 0
27 15 38 19 0
15 27 20 37 0
27 15 20 37 0
15 27 37 20 0
27 15 37 20 0
16 26 19 38 0
26 16 19 38 0
16 26 38 19 0
26 16 38 19 0
16 26 20 37 0
26 16 20 37 0
16 26 37 20 0
26 16 37 20 0
14 28 18 39 0
28 14 18 39 0
14 28 39 18 0
28 14 39 18 0
15 27 18 39 0
27 15 18 39 0
15 27 39 18 0
27 15 39 18 0
16 26 18 39 0
26 16 18 39 0
16 26 39 18 0
26 16 39 18 0
17 25 18 39 0
25 17 18 39 0
17 25 39 18 0
25 17 39 18 0
17 25 19 38 0
25 17 19 38 0
17 25 38 19 0
25 17 38 19 0
17 25 20 37 0
25 17 20 37 0
17 25 37 20 0
25 17 37 20 0
17 25 21 36 0
25 17 21 36 0
17 25 36 21 0
25 17 36 21 0
17 25 22 35 1
25 17 22 35 1
17 25 35 22 1
25 17 35 22 1
18 24 19 38 0
24 18 19 38 0
18 24 38 19 0
24 18 38 19 0
18 24 20 37 0
24 18 20 37 0
18 24 37 20 0
24 18 37 20 0
18 24 21 36 1
24 18 21 36 1
18 24 36 21 1
24 18 36 21 1
18 24 22 35 5
24 18 22 35 5
18 24 35 22 5
24 18 35 22 5
18 24 23 34 16
24 18 23 34 16
18 24 34 23 16
24 18 34 23 16
18 24 24 33 40
24 18 24 33 40
18 24 33 24 40
24 18 33 24 40
18 24 25 32 75
24 18 25 32 75
18 24 32 25 75
24 18 32 25 75
18 24 26 31 120
24 18 26 31 120
18 24 31 26 120
24 18 31 26 120
18 24 27 30 162
24 18 27 30 162
18 24 30 27 162
24 18 30 27 162
18 24 28 29 186
24 18 28 29 186
18 24 29 28 186
24 18 29 28 186
19 23 22 35 14
23 19 22 35 14
19 23 35 22 14
23 19 35 22 14
19 23 23 34 35
23 19 23 34 35
19 23 34 23 35
23 19 34 23 35
19 23 24 33 76
23 19 24 33 76
19 23 33 24 76
23 19 33 24 76
19 23 25 32 132
23 19 25 32 132
19 23 32 25 132
23 19 32 25 132
19 23 26 31 201
23 19 26 31 201
19 23 31 26 201
23 19 31 26 201
19 23 27 30 263
23 19 27 30 263
19 23 30 27 263
23 19 30 27 263
19 23 28 29 299
23 19 28 29 299
19 23 29 28 299
23 19 29 28 299
15 27 17 40 0
27 15 17 40 0
15 27 40 17 0
27 15 40 17 0
16 26 17 40 0
26 16 17 40 0
16 26 40 17 0
26 16 40 17 0
17 25 17 40 0
25 17 17 40 0
17 25 40 17 0
25 17 40 17 0
18 24 17 40 0
24 18 17 40 0
18 24 40 17 0
24 18 40 17 0
18 24 18 39 0
24 18 18 39 0
18 24 39 18 0
24 18 39 18 0
19 23 17 40 0
23 19 17 40 0
19 23 40 17 0
23 19 40 17 0
19 23 18 39 0
23 19 18 39 0
19 23 39 18 0
23 19 39 18 0
19 23 19 38 0
23 19 19 38 0
19 23 38 19 0
23 19 38 19 0
19 23 20 37 1
23 19 20 37 1
19 23 37 20 1
23 19 37 20 1
19 23 21 36 4
23 19 21 36 4
19 23 36 21 4
23 19 36 21 4
20 22 19 38 0
22 20 19 38 0
20 22 38 19 0
22 20 38 19 0
20 22 20 37 1
22 20 20 37 1
20 22 37 20 1
22 20 37 20 1
20 22 21 36 6
22 20 21 36 6
20 22 36 21 6
22 20 36 21 6
20 22 22 35 20
22 20 22 35 20
20 22 35 22 20
22 20 35 22 20
20 22 23 34 50
22 20 23 34 50
20 22 34 23 50
22 20 34 23 50
20 22 24 33 104
22 20 24 33 104
20 22 33 24 104
22 20 33 24 104
20 22 25 32 177
22 20 25 32 177
20 22 32 25 177
22 20 32 25 177
20 22 26 31 264
22 20 26 31 264
20 22 31 26 264
22 20 31 26 264
20 22 27 30 342
22 20 27 30 342
20 22 30 27 342
22 20 30 27 342
20 22 28 29 387
22 20 28 29 387
20 22 29 28 387
22 20 29 28 387
21 21 23 34 59
21 21 34 23 59
21 21 24 33 120
21 21 33 24 120
21 21 25 32 200
21 21 32 25 200
21 21 26 31 295
21 21 31 26 295
21 21 27 30 379
21 21 30 27 379
21 21 28 29 428
21 21 29 28 428
20 22 17 40 0
22 20 17 40 0
20 22 40 17 0
22 20 40 17 0
20 22 18 39 0
22 20 18 39 0
20 22 39 18 0
22 20 39 18 0
21 21 18 39 0
21 21 39 18 0
21 21 19 38 0
21 21 38 19 0
21 21 20 37 2
21 21 37 20 2
21 21 21 36 8
21 21 36 21 8
21 21 22 35 25
21 21 35 22 25
16 26 16 41 0
26 16 16 41 0
16 26 41 16 0
26 16 41 16 0
17 25 16 41 0
25 17 16 41 0
17 25 41 16 0
25 17 41 16 0
18 24 16 41 0
24 18 16 41 0
18 24 41 16 0
24 18 41 16 0
19 23 16 41 0
23 19 16 41 0
19 23 41 16 0
23 19 41 16 0
20 22 16 41 0
22 20 16 41 0
20 22 41 16 0
22 20 41 16 0
18 24 15 42 0
24 18 15 42 0
18 24 42 15 0
24 18 42 15 0
19 23 15 42 0
23 19 15 42 0
19 23 42 15 0
23 19 42 15 0
20 22 15 42 0
22 20 15 42 0
20 22 42 15 0
22 20 42 15 0
21 21 15 42 0
21 21 42 15 0
21 21 16 41 0
21 21 41 16 0
21 21 17 40 0
21 21 40 17 0
