2 22 11 22 0
22 2 11 22 0
2 22 22 11 0
22 2 22 11 0
2 22 12 21 0
22 2 12 21 0
2 22 21 12 0
22 2 21 12 0
2 22 13 20 0
22 2 13 20 0
2 22 20 13 0
22 2 20 13 0
2 22 14 19 0
22 2 14 19 0
2 22 19 14 0
22 2 19 14 0
2 22 15 18 0
22 2 15 18 0
2 22 18 15 0
22 2 18 15 0
2 22 16 17 0
22 2 16 17 0
2 22 17 16 0
22 2 17 16 0
3 21 11 22 0
21 3 11 22 0
3 21 22 11 0
21 3 22 11 0
3 21 12 21 0
21 3 12 21 0
3 21 21 12 0
21 3 21 12 0
3 21 13 20 0
21 3 13 20 0
3 21 20 13 0
21 3 20 13 0
3 21 14 19 0
21 3 14 19 0
3 21 19 14 0
21 3 19 14 0
3 21 15 18 0
21 3 15 18 0
3 21 18 15 0
21 3 18 15 0
3 21 16 17 0
21 3 16 17 0
3 21 17 16 0
21 3 17 16 0
4 20 11 22 0
20 4 11 22 0
4 20 22 11 0
20 4 22 11 0
4 20 12 21 0
20 4 12 21 0
4 20 21 12 0
20 4 21 12 0
4 20 13 20 1
20 4 13 20 1
4 20 20 13 1
20 4 20 13 1
4 20 14 19 3
20 4 14 19 3
4 20 19 14 3
20 4 19 14 3
4 20 15 18 5
20 4 15 18 5
4 20 18 15 5
20 4 18 15 5
4 20 16 17 6
20 4 16 17 6
4 20 17 16 6
20 4 17 16 6
5 19 11 22 2
19 5 11 22 2
5 19 22 11 2
19 5 22 11 2
5 19 12 21 7
19 5 12 21 7
5 19 21 12 7
19 5 21 12 7
5 19 13 20 16
19 5 13 20 16
5 19 20 13 16
19 5 20 13 16
5 19 14 19 28
19 5 14 19 28
5 19 19 14 28
19 5 19 14 28
5 19 15 18 41
19 5 15 18 41
5 19 18 15 41
19 5 18 15 41
5 19 16 17 48
19 5 16 17 48
5 19 17 16 48
19 5 17 16 48
3 21 10 23 0
21 3 10 23 0
3 21 23 10 0
21 3 23 10 0
4 20 10 23 0
20 4 10 23 0
4 20 23 10 0
20 4 23 10 0
5 19 10 23 0
19 5 10 23 0
5 19 23 10 0
19 5 23 10 0
6 18 10 23 5
18 6 10 23 5
6 18 23 10 5
18 6 23 10 5
6 18 11 22 18
18 6 11 22 18
6 18 22 11 18
18 6 22 11 18
6 18 12 21 44
18 6 12 21 44
6 18 21 12 44
18 6 21 12 44
6 18 13 20 84
18 6 13 20 84
6 18 20 13 84
18 6 20 13 84
6 18 14 19 133
18 6 14 19 133
6 18 19 14 133
18 6 19 14 133
6 18 15 18 180
18 6 15 18 180
6 18 18 15 180
18 6 18 15 180
6 18 16 17 207
18 6 16 17 207
6 18 17 16 207
18 6 17 16 207
7 17 10 23 28
17 7 10 23 28
7 17 23 10 28
17 7 23 10 28
7 17 11 22 76
17 7 11 22 76
7 17 22 11 76
17 7 22 11 76
7 17 12 21 160
17 7 12 21 160
7 17 21 12 160
17 7 21 12 160
7 17 13 20 280
17 7 13 20 280
7 17 20 13 280
17 7 20 13 280
7 17 14 19 418
17 7 14 19 418
7 17 19 14 418
17 7 19 14 418
7 17 15 18 544
17 7 15 18 544
7 17 18 15 544
17 7 18 15 544
7 17 16 17 617
17 7 16 17 617
7 17 17 16 617
17 7 17 16 617
8 16 10 23 91
16 8 10 23 91
8 16 23 10 91
16 8 23 10 91
8 16 11 22 214
16 8 11 22 214
8 16 22 11 214
16 8 22 11 214
8 16 12 21 415
16 8 12 21 415
8 16 21 12 415
16 8 21 12 415
8 16 13 20 687
16 8 13 20 687
8 16 20 13 687
16 8 20 13 687
8 16 14 19 990
16 8 14 19 990
8 16 19 14 990
16 8 19 14 990
8 16 15 18 1258
16 8 15 18 1258
8 16 18 15 1258
16 8 18 15 1258
8 16 16 17 1413
16 8 16 17 1413
8 16 17 16 1413
16 8 17 16 1413
9 15 11 22 447
15 9 11 22 447
9 15 22 11 447
15 9 22 11 447
9 15 12 21 825
15 9 12 21 825
9 15 21 12 825
15 9 21 12 825
9 15 13 20 1321
15 9 13 20 1321
9 15 20 13 1321
15 9 20 13 1321
9 15 14 19 1859
15 9 14 19 1859
9 15 19 14 1859
15 9 19 14 1859
9 15 15 18 2327
15 9 15 18 2327
9 15 18 15 2327
15 9 18 15 2327
9 15 16 17 2597
15 9 16 17 2597
9 15 17 16 2597
15 9 17 16 2597
3 21 9 24 0
21 3 9 24 0
3 21 24 9 0
21 3 24 9 0
4 20 9 24 0
20 4 9 24 0
4 20 24 9 0
20 4 24 9 0
5 19 9 24 0
19 5 9 24 0
5 19 24 9 0
19 5 24 9 0
6 18 9 24 1
18 6 9 24 1
6 18 24 9 1
18 6 24 9 1
4 20 7 26 0
20 4 7 26 0
4 20 26 7 0
20 4 26 7 0
4 20 8 25 0
20 4 8 25 0
4 20 25 8 0
20 4 25 8 0
5 19 7 26 0
19 5 7 26 0
5 19 26 7 0
19 5 26 7 0
5 19 8 25 0
19 5 8 25 0
5 19 25 8 0
19 5 25 8 0
6 18 7 26 0
18 6 7 26 0
6 18 26 7 0
18 6 26 7 0
6 18 8 25 0
18 6 8 25 0
6 18 25 8 0
18 6 25 8 0
7 17 7 26 0
17 7 7 26 0
7 17 26 7 0
17 7 26 7 0
7 17 8 25 1
17 7 8 25 1
7 17 25 8 1
17 7 25 8 1
7 17 9 24 8
17 7 9 24 8
7 17 24 9 8
17 7 24 9 8
8 16 7 26 1
16 8 7 26 1
8 16 26 7 1
16 8 26 7 1
8 16 8 25 7
16 8 8 25 7
8 16 25 8 7
16 8 25 8 7
8 16 9 24 31
16 8 9 24 31
8 16 24 9 31
16 8 24 9 31
6 18 6 27 0
18 6 6 27 0
6 18 27 6 0
18 6 27 6 0
7 17 6 27 0
17 7 6 27 0
7 17 27 6 0
17 7 27 6 0
8 16 6 27 0
16 8 6 27 0
8 16 27 6 0
16 8 27 6 0
9 15 6 27 0
15 9 6 27 0
9 15 27 6 0
15 9 27 6 0
9 15 7 26 4
15 9 7 26 4
9 15 26 7 4
15 9 26 7 4
9 15 8 25 21
15 9 8 25 21
9 15 25 8 21
15 9 25 8 21
9 15 9 24 77
15 9 9 24 77
9 15 24 9 77
15 9 24 9 77
9 15 10 23 204
15 9 10 23 204
9 15 23 10 204
15 9 23 10 204
10 14 7 26 10
14 10 7 26 10
10 14 26 7 10
14 10 26 7 10
10 14 8 25 44
14 10 8 25 44
10 14 25 8 44
14 10 25 8 44
10 14 9 24 142
14 10 9 24 142
10 14 24 9 142
14 10 24 9 142
10 14 10 23 354
14 10 10 23 354
10 14 23 10 354
14 10 23 10 354
10 14 11 22 740
14 10 11 22 740
10 14 22 11 740
14 10 22 11 740
10 14 12 21 1324
14 10 12 21 1324
10 14 21 12 1324
14 10 21 12 1324
10 14 13 20 2073
14 10 13 20 2073
10 14 20 13 2073
14 10 20 13 2073
10 14 14 19 2874
14 10 14 19 2874
10 14 19 14 2874
14 10 19 14 2874
10 14 15 18 3562
14 10 15 18 3562
10 14 18 15 3562
14 10 18 15 3562
10 14 16 17 3958
14 10 16 17 3958
10 14 17 16 3958
14 10 17 16 3958
11 13 7 26 16
13 11 7 26 16
11 13 26 7 16
13 11 26 7 16
11 13 8 25 65
13 11 8 25 65
11 13 25 8 65
13 11 25 8 65
11 13 9 24 200
13 11 9 24 200
11 13 24 9 200
13 11 24 9 200
11 13 10 23 483
13 11 10 23 483
11 13 23 10 483
13 11 23 10 483
11 13 11 22 988
13 11 11 22 988
11 13 22 11 988
13 11 22 11 988
11 13 12 21 1739
13 11 12 21 1739
11 13 21 12 1739
13 11 21 12 1739
11 13 13 20 2692
13 11 13 20 2692
11 13 20 13 2692
13 11 20 13 2692
11 13 14 19 3702
13 11 14 19 3702
11 13 19 14 3702
13 11 19 14 3702
11 13 15 18 4565
13 11 15 18 4565
11 13 18 15 4565
13 11 18 15 4565
11 13 16 17 5060
13 11 16 17 5060
11 13 17 16 5060
13 11 17 16 5060
12 12 9 24 225
12 12 24 9 225
12 12 10 23 538
12 12 23 10 538
12 12 11 22 1090
12 12 22 11 1090
12 12 12 21 1907
12 12 21 12 1907
12 12 13 20 2939
12 12 20 13 2939
12 12 14 19 4031
12 12 19 14 4031
12 12 15 18 4961
12 12 18 15 4961
12 12 16 17 5494
12 12 17 16 5494
5 19 6 27 0
19 5 6 27 0
5 19 27 6 0
19 5 27 6 0
6 18 5 28 0
18 6 5 28 0
6 18 28 5 0
18 6 28 5 0
7 17 5 28 0
17 7 5 28 0
7 17 28 5 0
17 7 28 5 0
8 16 5 28 0
16 8 5 28 0
8 16 28 5 0
16 8 28 5 0
9 15 5 28 0
15 9 5 28 0
9 15 28 5 0
15 9 28 5 0
7 17 4 29 0
17 7 4 29 0
7 17 29 4 0
17 7 29 4 0
8 16 4 29 0
16 8 4 29 0
8 16 29 4 0
16 8 29 4 0
9 15 4 29 0
15 9 4 29 0
9 15 29 4 0
15 9 29 4 0
10 14 4 29 0
14 10 4 29 0
10 14 29 4 0
14 10 29 4 0
10 14 5 28 0
14 10 5 28 0
10 14 28 5 0
14 10 28 5 0
10 14 6 27 1
14 10 6 27 1
10 14 27 6 1
14 10 27 6 1
11 13 5 28 0
13 11 5 28 0
11 13 28 5 0
13 11 28 5 0
11 13 6 27 2
13 11 6 27 2
11 13 27 6 2
13 11 27 6 2
11 13 4 29 0
13 11 4 29 0
11 13 29 4 0
13 11 29 4 0
12 12 4 29 0
12 12 29 4 0
12 12 5 28 0
12 12 28 5 0
12 12 6 27 3
12 12 27 6 3
12 12 7 26 19
12 12 26 7 19
12 12 8 25 75
12 12 25 8 75
9 15 3 30 0
15 9 3 30 0
9 15 30 3 0
15 9 30 3 0
10 14 3 30 0
14 10 3 30 0
10 14 30 3 0
14 10 30 3 0
11 13 3 30 0
13 11 3 30 0
11 13 30 3 0
13 11 30 3 0
12 12 3 30 0
12 12 30 3 0
