5 28 20 25 0
28 5 20 25 0
5 28 25 20 0
28 5 25 20 0
5 28 21 24 0
28 5 21 24 0
5 28 24 21 0
28 5 24 21 0
5 28 22 23 0
28 5 22 23 0
5 28 23 22 0
28 5 23 22 0
6 27 20 25 0
27 6 20 25 0
6 27 25 20 0
27 6 25 20 0
6 27 21 24 0
27 6 21 24 0
6 27 24 21 0
27 6 24 21 0
6 27 22 23 0
27 6 22 23 0
6 27 23 22 0
27 6 23 22 0
7 26 20 25 0
26 7 20 25 0
7 26 25 20 0
26 7 25 20 0
7 26 21 24 0
26 7 21 24 0
7 26 24 21 0
26 7 24 21 0
7 26 22 23 0
26 7 22 23 0
7 26 23 22 0
26 7 23 22 0
8 25 20 25 1
25 8 20 25 1
8 25 25 20 1
25 8 25 20 1
8 25 21 24 2
25 8 21 24 2
8 25 24 21 2
25 8 24 21 2
8 25 22 23 2
25 8 22 23 2
8 25 23 22 2
25 8 23 22 2
6 27 16 29 0
27 6 16 29 0
6 27 29 16 0
27 6 29 16 0
6 27 17 28 0
27 6 17 28 0
6 27 28 17 0
27 6 28 17 0
6 27 18 27 0
27 6 18 27 0
6 27 27 18 0
27 6 27 18 0
6 27 19 26 0
27 6 19 26 0
6 27 26 19 0
27 6 26 19 0
7 26 16 29 0
26 7 16 29 0
7 26 29 16 0
26 7 29 16 0
7 26 17 28 0
26 7 17 28 0
7 26 28 17 0
26 7 28 17 0
7 26 18 27 0
26 7 18 27 0
7 26 27 18 0
26 7 27 18 0
7 26 19 26 0
26 7 19 26 0
7 26 26 19 0
26 7 26 19 0
8 25 16 29 0
25 8 16 29 0
8 25 29 16 0
25 8 29 16 0
8 25 17 28 0
25 8 17 28 0
8 25 28 17 0
25 8 28 17 0
8 25 18 27 0
25 8 18 27 0
8 25 27 18 0
25 8 27 18 0
8 25 19 26 0
25 8 19 26 0
8 25 26 19 0
25 8 26 19 0
9 24 16 29 0
24 9 16 29 0
9 24 29 16 0
24 9 29 16 0
9 24 17 28 1
24 9 17 28 1
9 24 28 17 1
24 9 28 17 1
9 24 18 27 3
24 9 18 27 3
9 24 27 18 3
24 9 27 18 3
9 24 19 26 7
24 9 19 26 7
9 24 26 19 7
24 9 26 19 7
9 24 20 25 13
24 9 20 25 13
9 24 25 20 13
24 9 25 20 13
9 24 21 24 20
24 9 21 24 20
9 24 24 21 20
24 9 24 21 20
9 24 22 23 23
24 9 22 23 23
9 24 23 22 23
24 9 23 22 23
10 23 16 29 1
23 10 16 29 1
10 23 29 16 1
23 10 29 16 1
10 23 17 28 7
23 10 17 28 7
10 23 28 17 7
23 10 28 17 7
10 23 18 27 20
23 10 18 27 20
10 23 27 18 20
23 10 27 18 20
10 23 19 26 41
23 10 19 26 41
10 23 26 19 41
23 10 26 19 41
10 23 20 25 68
23 10 20 25 68
10 23 25 20 68
23 10 25 20 68
10 23 21 24 95
23 10 21 24 95
10 23 24 21 95
23 10 24 21 95
10 23 22 23 110
23 10 22 23 110
10 23 23 22 110
23 10 23 22 110
7 26 14 31 0
26 7 14 31 0
7 26 31 14 0
26 7 31 14 0
7 26 15 30 0
26 7 15 30 0
7 26 30 15 0
26 7 30 15 0
8 25 14 31 0
25 8 14 31 0
8 25 31 14 0
25 8 31 14 0
8 25 15 30 0
25 8 15 30 0
8 25 30 15 0
25 8 30 15 0
9 24 14 31 0
24 9 14 31 0
9 24 31 14 0
24 9 31 14 0
9 24 15 30 0
24 9 15 30 0
9 24 30 15 0
24 9 30 15 0
10 23 14 31 0
23 10 14 31 0
10 23 31 14 0
23 10 31 14 0
10 23 15 30 0
23 10 15 30 0
10 23 30 15 0
23 10 30 15 0
8 25 13 32 0
25 8 13 32 0
8 25 32 13 0
25 8 32 13 0
9 24 13 32 0
24 9 13 32 0
9 24 32 13 0
24 9 32 13 0
10 23 13 32 0
23 10 13 32 0
10 23 32 13 0
23 10 32 13 0
11 22 13 32 0
22 11 13 32 0
11 22 32 13 0
22 11 32 13 0
11 22 14 31 0
22 11 14 31 0
11 22 31 14 0
22 11 31 14 0
11 22 15 30 3
22 11 15 30 3
11 22 30 15 3
22 11 30 15 3
11 22 16 29 12
22 11 16 29 12
11 22 29 16 12
22 11 29 16 12
11 22 17 28 38
22 11 17 28 38
11 22 28 17 38
22 11 28 17 38
11 22 18 27 86
22 11 18 27 86
11 22 27 18 86
22 11 27 18 86
11 22 19 26 157
22 11 19 26 157
11 22 26 19 157
22 11 26 19 157
11 22 20 25 241
22 11 20 25 241
11 22 25 20 241
22 11 25 20 241
11 22 21 24 320
22 11 21 24 320
11 22 24 21 320
22 11 24 21 320
11 22 22 23 365
22 11 22 23 365
11 22 23 22 365
22 11 23 22 365
12 21 14 31 2
21 12 14 31 2
12 21 31 14 2
21 12 31 14 2
12 21 15 30 14
21 12 15 30 14
12 21 30 15 14
21 12 30 15 14
12 21 16 29 47
21 12 16 29 47
12 21 29 16 47
21 12 29 16 47
12 21 17 28 121
21 12 17 28 121
12 21 28 17 121
21 12 28 17 121
12 21 18 27 247
21 12 18 27 247
12 21 27 18 247
21 12 27 18 247
12 21 19 26 423
21 12 19 26 423
12 21 26 19 423
21 12 26 19 423
12 21 20 25 623
21 12 20 25 623
12 21 25 20 623
21 12 25 20 623
12 21 21 24 803
21 12 21 24 803
12 21 24 21 803
21 12 24 21 803
12 21 22 23 907
21 12 22 23 907
12 21 23 22 907
21 12 23 22 907
9 24 12 33 0
24 9 12 33 0
9 24 33 12 0
24 9 33 12 0
10 23 12 33 0
23 10 12 33 0
10 23 33 12 0
23 10 33 12 0
11 22 12 33 0
22 11 12 33 0
11 22 33 12 0
22 11 33 12 0
12 21 12 33 0
21 12 12 33 0
12 21 33 12 0
21 12 33 12 0
12 21 13 32 0
21 12 13 32 0
12 21 32 13 0
21 12 32 13 0
13 20 12 33 0
20 13 12 33 0
13 20 33 12 0
20 13 33 12 0
13 20 13 32 2
20 13 13 32 2
13 20 32 13 2
20 13 32 13 2
13 20 14 31 11
20 13 14 31 11
13 20 31 14 11
20 13 31 14 11
13 20 15 30 45
20 13 15 30 45
13 20 30 15 45
20 13 30 15 45
13 20 16 29 126
20 13 16 29 126
13 20 29 16 126
20 13 29 16 126
13 20 17 28 289
20 13 17 28 289
13 20 28 17 289
20 13 28 17 289
13 20 18 27 549
20 13 18 27 549
13 20 27 18 549
20 13 27 18 549
13 20 19 26 898
20 13 19 26 898
13 20 26 19 898
20 13 26 19 898
13 20 20 25 1282
20 13 20 25 1282
13 20 25 20 1282
20 13 25 20 1282
13 20 21 24 1620
20 13 21 24 1620
13 20 24 21 1620
20 13 24 21 1620
13 20 22 23 1815
20 13 22 23 1815
13 20 23 22 1815
20 13 23 22 1815
14 19 14 31 26
19 14 14 31 26
14 19 31 14 26
19 14 31 14 26
14 19 15 30 93
19 14 15 30 93
14 19 30 15 93
19 14 30 15 93
14 19 16 29 243
19 14 16 29 243
14 19 29 16 243
19 14 29 16 243
14 19 17 28 526
19 14 17 28 526
14 19 28 17 526
19 14 28 17 526
14 19 18 27 962
19 14 18 27 962
14 19 27 18 962
19 14 27 18 962
14 19 19 26 1530
19 14 19 26 1530
14 19 26 19 1530
19 14 26 19 1530
14 19 20 25 2143
19 14 20 25 2143
14 19 25 20 2143
19 14 25 20 2143
14 19 21 24 2675
19 14 21 24 2675
14 19 24 21 2675
19 14 24 21 2675
14 19 22 23 2981
19 14 22 23 2981
14 19 23 22 2981
19 14 23 22 2981
14 19 12 33 0
19 14 12 33 0
14 19 33 12 0
19 14 33 12 0
14 19 13 32 5
19 14 13 32 5
14 19 32 13 5
19 14 32 13 5
15 18 13 32 11
18 15 13 32 11
15 18 32 13 11
18 15 32 13 11
15 18 14 31 47
18 15 14 31 47
15 18 31 14 47
18 15 31 14 47
15 18 15 30 151
18 15 15 30 151
15 18 30 15 151
18 15 30 15 151
15 18 16 29 373
18 15 16 29 373
15 18 29 16 373
18 15 29 16 373
15 18 17 28 778
18 15 17 28 778
15 18 28 17 778
18 15 28 17 778
15 18 18 27 1387
18 15 18 27 1387
15 18 27 18 1387
18 15 27 18 1387
15 18 19 26 2167
18 15 19 26 2167
15 18 26 19 2167
18 15 26 19 2167
15 18 20 25 2999
18 15 20 25 2999
15 18 25 20 2999
18 15 25 20 2999
15 18 21 24 3714
18 15 21 24 3714
15 18 24 21 3714
18 15 24 21 3714
15 18 22 23 4124
18 15 22 23 4124
15 18 23 22 4124
18 15 23 22 4124
16 17 16 29 458
17 16 16 29 458
16 17 29 16 458
17 16 29 16 458
16 17 17 28 940
17 16 17 28 940
16 17 28 17 940
17 16 28 17 940
16 17 18 27 1657
17 16 18 27 1657
16 17 27 18 1657
17 16 27 18 1657
16 17 19 26 2568
17 16 19 26 2568
16 17 26 19 2568
17 16 26 19 2568
16 17 20 25 3535
17 16 20 25 3535
16 17 25 20 3535
17 16 25 20 3535
16 17 21 24 4362
17 16 21 24 4362
16 17 24 21 4362
17 16 24 21 4362
16 17 22 23 4835
17 16 22 23 4835
16 17 23 22 4835
17 16 23 22 4835
16 17 14 31 61
17 16 14 31 61
16 17 31 14 61
17 16 31 14 61
16 17 15 30 189
17 16 15 30 189
16 17 30 15 189
17 16 30 15 189
10 23 10 35 0
23 10 10 35 0
10 23 35 10 0
23 10 35 10 0
10 23 11 34 0
23 10 11 34 0
10 23 34 11 0
23 10 34 11 0
11 22 10 35 0
22 11 10 35 0
11 22 35 10 0
22 11 35 10 0
11 22 11 34 0
22 11 11 34 0
11 22 34 11 0
22 11 34 11 0
12 21 10 35 0
21 12 10 35 0
12 21 35 10 0
21 12 35 10 0
12 21 11 34 0
21 12 11 34 0
12 21 34 11 0
21 12 34 11 0
13 20 10 35 0
20 13 10 35 0
13 20 35 10 0
20 13 35 10 0
13 20 11 34 0
20 13 11 34 0
13 20 34 11 0
20 13 34 11 0
14 19 10 35 0
19 14 10 35 0
14 19 35 10 0
19 14 35 10 0
14 19 11 34 0
19 14 11 34 0
14 19 34 11 0
19 14 34 11 0
15 18 12 33 1
18 15 12 33 1
15 18 33 12 1
18 15 33 12 1
12 21 9 36 0
21 12 9 36 0
12 21 36 9 0
21 12 36 9 0
13 20 9 36 0
20 13 9 36 0
13 20 36 9 0
20 13 36 9 0
14 19 9 36 0
19 14 9 36 0
14 19 36 9 0
19 14 36 9 0
15 18 9 36 0
18 15 9 36 0
15 18 36 9 0
18 15 36 9 0
15 18 10 35 0
18 15 10 35 0
15 18 35 10 0
18 15 35 10 0
15 18 11 34 0
18 15 11 34 0
15 18 34 11 0
18 15 34 11 0
16 17 10 35 0
17 16 10 35 0
16 17 35 10 0
17 16 35 10 0
16 17 11 34 0
17 16 11 34 0
16 17 34 11 0
17 16 34 11 0
16 17 12 33 2
17 16 12 33 2
16 17 33 12 2
17 16 33 12 2
16 17 13 32 15
17 16 13 32 15
16 17 32 13 15
17 16 32 13 15
13 20 8 37 0
20 13 8 37 0
13 20 37 8 0
20 13 37 8 0
14 19 8 37 0
19 14 8 37 0
14 19 37 8 0
19 14 37 8 0
15 18 8 37 0
18 15 8 37 0
15 18 37 8 0
18 15 37 8 0
16 17 8 37 0
17 16 8 37 0
16 17 37 8 0
17 16 37 8 0
16 17 9 36 0
17 16 9 36 0
16 17 36 9 0
17 16 36 9 0
