24 33 33 44 0
33 24 33 44 0
24 33 44 33 0
33 24 44 33 0
24 33 34 43 0
33 24 34 43 0
24 33 43 34 0
33 24 43 34 0
24 33 35 42 0
33 24 35 42 0
24 33 42 35 0
33 24 42 35 0
24 33 36 41 0
33 24 36 41 0
24 33 41 36 0
33 24 41 36 0
24 33 37 40 0
33 24 37 40 0
24 33 40 37 0
33 24 40 37 0
24 33 38 39 0
33 24 38 39 0
24 33 39 38 0
33 24 39 38 0
25 32 33 44 0
32 25 33 44 0
25 32 44 33 0
32 25 44 33 0
25 32 34 43 0
32 25 34 43 0
25 32 43 34 0
32 25 43 34 0
25 32 35 42 0
32 25 35 42 0
25 32 42 35 0
32 25 42 35 0
25 32 36 41 0
32 25 36 41 0
25 32 41 36 0
32 25 41 36 0
25 32 37 40 0
32 25 37 40 0
25 32 40 37 0
32 25 40 37 0
25 32 38 39 0
32 25 38 39 0
25 32 39 38 0
32 25 39 38 0
26 31 33 44 0
31 26 33 44 0
26 31 44 33 0
31 26 44 33 0
26 31 34 43 0
31 26 34 43 0
26 31 43 34 0
31 26 43 34 0
26 31 35 42 0
31 26 35 42 0
26 31 42 35 0
31 26 42 35 0
26 31 36 41 0
31 26 36 41 0
26 31 41 36 0
31 26 41 36 0
26 31 37 40 0
31 26 37 40 0
26 31 40 37 0
31 26 40 37 0
26 31 38 39 0
31 26 38 39 0
26 31 39 38 0
31 26 39 38 0
27 30 33 44 0
30 27 33 44 0
27 30 44 33 0
30 27 44 33 0
27 30 34 43 0
30 27 34 43 0
27 30 43 34 0
30 27 43 34 0
27 30 35 42 0
30 27 35 42 0
27 30 42 35 0
30 27 42 35 0
27 30 36 41 0
30 27 36 41 0
27 30 41 36 0
30 27 41 36 0
27 30 37 40 0
30 27 37 40 0
27 30 40 37 0
30 27 40 37 0
27 30 38 39 0
30 27 38 39 0
27 30 39 38 0
30 27 39 38 0
25 32 32 45 0
32 25 32 45 0
25 32 45 32 0
32 25 45 32 0
26 31 32 45 0
31 26 32 45 0
26 31 45 32 0
31 26 45 32 0
27 30 32 45 0
30 27 32 45 0
27 30 45 32 0
30 27 45 32 0
28 29 32 45 0
29 28 32 45 0
28 29 45 32 0
29 28 45 32 0
28 29 33 44 0
29 28 33 44 0
28 29 44 33 0
29 28 44 33 0
28 29 34 43 0
29 28 34 43 0
28 29 43 34 0
29 28 43 34 0
28 29 35 42 0
29 28 35 42 0
28 29 42 35 0
29 28 42 35 0
28 29 36 41 0
29 28 36 41 0
28 29 41 36 0
29 28 41 36 0
28 29 37 40 0
29 28 37 40 0
28 29 40 37 0
29 28 40 37 0
28 29 38 39 0
29 28 38 39 0
28 29 39 38 0
29 28 39 38 0
