1 20 10 19 0
20 1 10 19 0
1 20 19 10 0
20 1 19 10 0
1 20 11 18 0
20 1 11 18 0
1 20 18 11 0
20 1 18 11 0
1 20 12 17 0
20 1 12 17 0
1 20 17 12 0
20 1 17 12 0
1 20 13 16 0
20 1 13 16 0
1 20 16 13 0
20 1 16 13 0
1 20 14 15 0
20 1 14 15 0
1 20 15 14 0
20 1 15 14 0
2 19 10 19 0
19 2 10 19 0
2 19 19 10 0
19 2 19 10 0
2 19 11 18 0
19 2 11 18 0
2 19 18 11 0
19 2 18 11 0
2 19 12 17 0
19 2 12 17 0
2 19 17 12 0
19 2 17 12 0
2 19 13 16 0
19 2 13 16 0
2 19 16 13 0
19 2 16 13 0
2 19 14 15 0
19 2 14 15 0
2 19 15 14 0
19 2 15 14 0
3 18 10 19 0
18 3 10 19 0
3 18 19 10 0
18 3 19 10 0
3 18 11 18 2
18 3 11 18 2
3 18 18 11 2
18 3 18 11 2
3 18 12 17 4
18 3 12 17 4
3 18 17 12 4
18 3 17 12 4
3 18 13 16 6
18 3 13 16 6
3 18 16 13 6
18 3 16 13 6
3 18 14 15 8
18 3 14 15 8
3 18 15 14 8
18 3 15 14 8
4 17 10 19 7
17 4 10 19 7
4 17 19 10 7
17 4 19 10 7
4 17 11 18 18
17 4 11 18 18
4 17 18 11 18
17 4 18 11 18
4 17 12 17 31
17 4 12 17 31
4 17 17 12 31
17 4 17 12 31
4 17 13 16 44
17 4 13 16 44
4 17 16 13 44
17 4 16 13 44
4 17 14 15 53
17 4 14 15 53
4 17 15 14 53
17 4 15 14 53
5 16 10 19 43
16 5 10 19 43
5 16 19 10 43
16 5 19 10 43
5 16 11 18 85
16 5 11 18 85
5 16 18 11 85
16 5 18 11 85
5 16 12 17 134
16 5 12 17 134
5 16 17 12 134
16 5 17 12 134
5 16 13 16 180
16 5 13 16 180
5 16 16 13 180
16 5 16 13 180
5 16 14 15 209
16 5 14 15 209
5 16 15 14 209
16 5 15 14 209
6 15 10 19 146
15 6 10 19 146
6 15 19 10 146
15 6 19 10 146
6 15 11 18 260
15 6 11 18 260
6 15 18 11 260
15 6 18 11 260
6 15 12 17 389
15 6 12 17 389
6 15 17 12 389
15 6 17 12 389
6 15 13 16 505
15 6 13 16 505
6 15 16 13 505
15 6 16 13 505
6 15 14 15 576
15 6 14 15 576
6 15 15 14 576
15 6 15 14 576
2 19 7 22 0
19 2 7 22 0
2 19 22 7 0
19 2 22 7 0
2 19 8 21 0
19 2 8 21 0
2 19 21 8 0
19 2 21 8 0
2 19 9 20 0
19 2 9 20 0
2 19 20 9 0
19 2 20 9 0
3 18 7 22 0
18 3 7 22 0
3 18 22 7 0
18 3 22 7 0
3 18 8 21 0
18 3 8 21 0
3 18 21 8 0
18 3 21 8 0
3 18 9 20 0
18 3 9 20 0
3 18 20 9 0
18 3 20 9 0
4 17 7 22 0
17 4 7 22 0
4 17 22 7 0
17 4 22 7 0
4 17 8 21 0
17 4 8 21 0
4 17 21 8 0
17 4 21 8 0
4 17 9 20 2
17 4 9 20 2
4 17 20 9 2
17 4 20 9 2
5 16 7 22 1
16 5 7 22 1
5 16 22 7 1
16 5 22 7 1
5 16 8 21 5
16 5 8 21 5
5 16 21 8 5
16 5 21 8 5
5 16 9 20 18
16 5 9 20 18
5 16 20 9 18
16 5 20 9 18
3 18 6 23 0
18 3 6 23 0
3 18 23 6 0
18 3 23 6 0
4 17 6 23 0
17 4 6 23 0
4 17 23 6 0
17 4 23 6 0
5 16 6 23 0
16 5 6 23 0
5 16 23 6 0
16 5 23 6 0
6 15 6 23 1
15 6 6 23 1
6 15 23 6 1
15 6 23 6 1
6 15 7 22 7
15 6 7 22 7
6 15 22 7 7
15 6 22 7 7
6 15 8 21 26
15 6 8 21 26
6 15 21 8 26
15 6 21 8 26
6 15 9 20 70
15 6 9 20 70
6 15 20 9 70
15 6 20 9 70
7 14 6 23 6
14 7 6 23 6
7 14 23 6 6
14 7 23 6 6
7 14 7 22 26
14 7 7 22 26
7 14 22 7 26
14 7 22 7 26
7 14 8 21 77
14 7 8 21 77
7 14 21 8 77
14 7 21 8 77
7 14 9 20 183
14 7 9 20 183
7 14 20 9 183
14 7 20 9 183
7 14 10 19 355
14 7 10 19 355
7 14 19 10 355
14 7 19 10 355
7 14 11 18 594
14 7 11 18 594
7 14 18 11 594
14 7 18 11 594
7 14 12 17 858
14 7 12 17 858
7 14 17 12 858
14 7 17 12 858
7 14 13 16 1091
14 7 13 16 1091
7 14 16 13 1091
14 7 16 13 1091
7 14 14 15 1229
14 7 14 15 1229
7 14 15 14 1229
14 7 15 14 1229
8 13 6 23 16
13 8 6 23 16
8 13 23 6 16
13 8 23 6 16
8 13 7 22 59
13 8 7 22 59
8 13 22 7 59
13 8 22 7 59
8 13 8 21 159
13 8 8 21 159
8 13 21 8 159
13 8 21 8 159
8 13 9 20 353
13 8 9 20 353
8 13 20 9 353
13 8 20 9 353
8 13 10 19 656
13 8 10 19 656
8 13 19 10 656
13 8 19 10 656
8 13 11 18 1061
13 8 11 18 1061
8 13 18 11 1061
13 8 18 11 1061
8 13 12 17 1500
13 8 12 17 1500
8 13 17 12 1500
13 8 17 12 1500
8 13 13 16 1882
13 8 13 16 1882
8 13 16 13 1882
13 8 16 13 1882
8 13 14 15 2106
13 8 14 15 2106
8 13 15 14 2106
13 8 15 14 2106
9 12 7 22 98
12 9 7 22 98
9 12 22 7 98
12 9 22 7 98
9 12 8 21 252
12 9 8 21 252
9 12 21 8 252
12 9 21 8 252
9 12 9 20 538
12 9 9 20 538
9 12 20 9 538
12 9 20 9 538
9 12 10 19 973
12 9 10 19 973
9 12 19 10 973
12 9 19 10 973
9 12 11 18 1543
12 9 11 18 1543
9 12 18 11 1543
12 9 18 11 1543
9 12 12 17 2153
12 9 12 17 2153
9 12 17 12 2153
12 9 17 12 2153
9 12 13 16 2678
12 9 13 16 2678
9 12 16 13 2678
12 9 16 13 2678
9 12 14 15 2985
12 9 14 15 2985
9 12 15 14 2985
12 9 15 14 2985
4 17 4 25 0
17 4 4 25 0
4 17 25 4 0
17 4 25 4 0
4 17 5 24 0
17 4 5 24 0
4 17 24 5 0
17 4 24 5 0
5 16 4 25 0
16 5 4 25 0
5 16 25 4 0
16 5 25 4 0
5 16 5 24 0
16 5 5 24 0
5 16 24 5 0
16 5 24 5 0
6 15 4 25 0
15 6 4 25 0
6 15 25 4 0
15 6 25 4 0
6 15 5 24 0
15 6 5 24 0
6 15 24 5 0
15 6 24 5 0
7 14 4 25 0
14 7 4 25 0
7 14 25 4 0
14 7 25 4 0
7 14 5 24 1
14 7 5 24 1
7 14 24 5 1
14 7 24 5 1
8 13 4 25 0
13 8 4 25 0
8 13 25 4 0
13 8 25 4 0
8 13 5 24 3
13 8 5 24 3
8 13 24 5 3
13 8 24 5 3
6 15 3 26 0
15 6 3 26 0
6 15 26 3 0
15 6 26 3 0
7 14 3 26 0
14 7 3 26 0
7 14 26 3 0
14 7 26 3 0
8 13 3 26 0
13 8 3 26 0
8 13 26 3 0
13 8 26 3 0
9 12 3 26 0
12 9 3 26 0
9 12 26 3 0
12 9 26 3 0
9 12 4 25 0
12 9 4 25 0
9 12 25 4 0
12 9 25 4 0
9 12 5 24 6
12 9 5 24 6
9 12 24 5 6
12 9 24 5 6
9 12 6 23 29
12 9 6 23 29
9 12 23 6 29
12 9 23 6 29
10 11 4 25 1
11 10 4 25 1
10 11 25 4 1
11 10 25 4 1
10 11 5 24 9
11 10 5 24 9
10 11 24 5 9
11 10 24 5 9
10 11 6 23 39
11 10 6 23 39
10 11 23 6 39
11 10 23 6 39
10 11 7 22 126
11 10 7 22 126
10 11 22 7 126
11 10 22 7 126
10 11 8 21 315
11 10 8 21 315
10 11 21 8 315
11 10 21 8 315
10 11 9 20 660
11 10 9 20 660
10 11 20 9 660
11 10 20 9 660
10 11 10 19 1180
11 10 10 19 1180
10 11 19 10 1180
11 10 19 10 1180
10 11 11 18 1853
11 10 11 18 1853
10 11 18 11 1853
11 10 18 11 1853
10 11 12 17 2570
11 10 12 17 2570
10 11 17 12 2570
11 10 17 12 2570
10 11 13 16 3185
11 10 13 16 3185
10 11 16 13 3185
11 10 16 13 3185
10 11 14 15 3542
11 10 14 15 3542
10 11 15 14 3542
11 10 15 14 3542
7 14 2 27 0
14 7 2 27 0
7 14 27 2 0
14 7 27 2 0
8 13 2 27 0
13 8 2 27 0
8 13 27 2 0
13 8 27 2 0
9 12 2 27 0
12 9 2 27 0
9 12 27 2 0
12 9 27 2 0
10 11 2 27 0
11 10 2 27 0
10 11 27 2 0
11 10 27 2 0
10 11 3 26 0
11 10 3 26 0
10 11 26 3 0
11 10 26 3 0
