9 30 21 32 0
30 9 21 32 0
9 30 32 21 0
30 9 32 21 0
9 30 22 31 0
30 9 22 31 0
9 30 31 22 0
30 9 31 22 0
9 30 23 30 0
30 9 23 30 0
9 30 30 23 0
30 9 30 23 0
9 30 24 29 0
30 9 24 29 0
9 30 29 24 0
30 9 29 24 0
9 30 25 28 0
30 9 25 28 0
9 30 28 25 0
30 9 28 25 0
9 30 26 27 0
30 9 26 27 0
9 30 27 26 0
30 9 27 26 0
10 29 21 32 0
29 10 21 32 0
10 29 32 21 0
29 10 32 21 0
10 29 22 31 0
29 10 22 31 0
10 29 31 22 0
29 10 31 22 0
10 29 23 30 0
29 10 23 30 0
10 29 30 23 0
29 10 30 23 0
10 29 24 29 0
29 10 24 29 0
10 29 29 24 0
29 10 29 24 0
10 29 25 28 0
29 10 25 28 0
10 29 28 25 0
29 10 28 25 0
10 29 26 27 0
29 10 26 27 0
10 29 27 26 0
29 10 27 26 0
11 28 21 32 0
28 11 21 32 0
11 28 32 21 0
28 11 32 21 0
11 28 22 31 0
28 11 22 31 0
11 28 31 22 0
28 11 31 22 0
11 28 23 30 0
28 11 23 30 0
11 28 30 23 0
28 11 30 23 0
11 28 24 29 0
28 11 24 29 0
11 28 29 24 0
28 11 29 24 0
11 28 25 28 0
28 11 25 28 0
11 28 28 25 0
28 11 28 25 0
11 28 26 27 0
28 11 26 27 0
11 28 27 26 0
28 11 27 26 0
12 27 21 32 0
27 12 21 32 0
12 27 32 21 0
27 12 32 21 0
12 27 22 31 0
27 12 22 31 0
12 27 31 22 0
27 12 31 22 0
12 27 23 30 1
27 12 23 30 1
12 27 30 23 1
27 12 30 23 1
12 27 24 29 2
27 12 24 29 2
12 27 29 24 2
27 12 29 24 2
12 27 25 28 3
27 12 25 28 3
12 27 28 25 3
27 12 28 25 3
12 27 26 27 4
27 12 26 27 4
12 27 27 26 4
27 12 27 26 4
10 29 20 33 0
29 10 20 33 0
10 29 33 20 0
29 10 33 20 0
11 28 20 33 0
28 11 20 33 0
11 28 33 20 0
28 11 33 20 0
12 27 20 33 0
27 12 20 33 0
12 27 33 20 0
27 12 33 20 0
13 26 20 33 0
26 13 20 33 0
13 26 33 20 0
26 13 33 20 0
13 26 21 32 0
26 13 21 32 0
13 26 32 21 0
26 13 32 21 0
13 26 22 31 2
26 13 22 31 2
13 26 31 22 2
26 13 31 22 2
13 26 23 30 6
26 13 23 30 6
13 26 30 23 6
26 13 30 23 6
13 26 24 29 12
26 13 24 29 12
13 26 29 24 12
26 13 29 24 12
13 26 25 28 18
26 13 25 28 18
13 26 28 25 18
26 13 28 25 18
13 26 26 27 22
26 13 26 27 22
13 26 27 26 22
26 13 27 26 22
14 25 21 32 4
25 14 21 32 4
14 25 32 21 4
25 14 32 21 4
14 25 22 31 13
25 14 22 31 13
14 25 31 22 13
25 14 31 22 13
14 25 23 30 29
25 14 23 30 29
14 25 30 23 29
25 14 30 23 29
14 25 24 29 50
25 14 24 29 50
14 25 29 24 50
25 14 29 24 50
14 25 25 28 70
25 14 25 28 70
14 25 28 25 70
25 14 28 25 70
14 25 26 27 83
25 14 26 27 83
14 25 27 26 83
25 14 27 26 83
10 29 19 34 0
29 10 19 34 0
10 29 34 19 0
29 10 34 19 0
11 28 19 34 0
28 11 19 34 0
11 28 34 19 0
28 11 34 19 0
12 27 19 34 0
27 12 19 34 0
12 27 34 19 0
27 12 34 19 0
13 26 19 34 0
26 13 19 34 0
13 26 34 19 0
26 13 34 19 0
11 28 17 36 0
28 11 17 36 0
11 28 36 17 0
28 11 36 17 0
11 28 18 35 0
28 11 18 35 0
11 28 35 18 0
28 11 35 18 0
12 27 17 36 0
27 12 17 36 0
12 27 36 17 0
27 12 36 17 0
12 27 18 35 0
27 12 18 35 0
12 27 35 18 0
27 12 35 18 0
13 26 17 36 0
26 13 17 36 0
13 26 36 17 0
26 13 36 17 0
13 26 18 35 0
26 13 18 35 0
13 26 35 18 0
26 13 35 18 0
14 25 17 36 0
25 14 17 36 0
14 25 36 17 0
25 14 36 17 0
14 25 18 35 0
25 14 18 35 0
14 25 35 18 0
25 14 35 18 0
14 25 19 34 0
25 14 19 34 0
14 25 34 19 0
25 14 34 19 0
14 25 20 33 1
25 14 20 33 1
14 25 33 20 1
25 14 33 20 1
15 24 17 36 0
24 15 17 36 0
15 24 36 17 0
24 15 36 17 0
15 24 18 35 0
24 15 18 35 0
15 24 35 18 0
24 15 35 18 0
15 24 19 34 0
24 15 19 34 0
15 24 34 19 0
24 15 34 19 0
15 24 20 33 5
24 15 20 33 5
15 24 33 20 5
24 15 33 20 5
15 24 21 32 17
24 15 21 32 17
15 24 32 21 17
24 15 32 21 17
15 24 22 31 44
24 15 22 31 44
15 24 31 22 44
24 15 31 22 44
15 24 23 30 87
24 15 23 30 87
15 24 30 23 87
24 15 30 23 87
15 24 24 29 140
24 15 24 29 140
15 24 29 24 140
24 15 29 24 140
15 24 25 28 188
24 15 25 28 188
15 24 28 25 188
24 15 28 25 188
15 24 26 27 219
24 15 26 27 219
15 24 27 26 219
24 15 27 26 219
16 23 19 34 5
23 16 19 34 5
16 23 34 19 5
23 16 34 19 5
16 23 20 33 20
23 16 20 33 20
16 23 33 20 20
23 16 33 20 20
16 23 21 32 53
23 16 21 32 53
16 23 32 21 53
23 16 32 21 53
16 23 22 31 115
23 16 22 31 115
16 23 31 22 115
23 16 31 22 115
16 23 23 30 205
23 16 23 30 205
16 23 30 23 205
23 16 30 23 205
16 23 24 29 311
23 16 24 29 311
16 23 29 24 311
23 16 29 24 311
16 23 25 28 406
23 16 25 28 406
16 23 28 25 406
23 16 28 25 406
16 23 26 27 464
23 16 26 27 464
16 23 27 26 464
23 16 27 26 464
12 27 16 37 0
27 12 16 37 0
12 27 37 16 0
27 12 37 16 0
13 26 16 37 0
26 13 16 37 0
13 26 37 16 0
26 13 37 16 0
14 25 16 37 0
25 14 16 37 0
14 25 37 16 0
25 14 37 16 0
15 24 16 37 0
24 15 16 37 0
15 24 37 16 0
24 15 37 16 0
13 26 15 38 0
26 13 15 38 0
13 26 38 15 0
26 13 38 15 0
14 25 15 38 0
25 14 15 38 0
14 25 38 15 0
25 14 38 15 0
15 24 15 38 0
24 15 15 38 0
15 24 38 15 0
24 15 38 15 0
16 23 15 38 0
23 16 15 38 0
16 23 38 15 0
23 16 38 15 0
16 23 16 37 0
23 16 16 37 0
16 23 37 16 0
23 16 37 16 0
16 23 17 36 0
23 16 17 36 0
16 23 36 17 0
23 16 36 17 0
16 23 18 35 1
23 16 18 35 1
16 23 35 18 1
23 16 35 18 1
17 22 16 37 0
22 17 16 37 0
17 22 37 16 0
22 17 37 16 0
17 22 17 36 0
22 17 17 36 0
17 22 36 17 0
22 17 36 17 0
17 22 18 35 3
22 17 18 35 3
17 22 35 18 3
22 17 35 18 3
17 22 19 34 13
22 17 19 34 13
17 22 34 19 13
22 17 34 19 13
17 22 20 33 44
22 17 20 33 44
17 22 33 20 44
22 17 33 20 44
17 22 21 32 107
22 17 21 32 107
17 22 32 21 107
22 17 32 21 107
17 22 22 31 217
22 17 22 31 217
17 22 31 22 217
22 17 31 22 217
17 22 23 30 369
22 17 23 30 369
17 22 30 23 369
22 17 30 23 369
17 22 24 29 543
22 17 24 29 543
17 22 29 24 543
22 17 29 24 543
17 22 25 28 696
22 17 25 28 696
17 22 28 25 696
22 17 28 25 696
17 22 26 27 788
22 17 26 27 788
17 22 27 26 788
22 17 27 26 788
18 21 19 34 25
21 18 19 34 25
18 21 34 19 25
21 18 34 19 25
18 21 20 33 75
21 18 20 33 75
18 21 33 20 75
21 18 33 20 75
18 21 21 32 171
21 18 21 32 171
18 21 32 21 171
21 18 32 21 171
18 21 22 31 330
21 18 22 31 330
18 21 31 22 330
21 18 31 22 330
18 21 23 30 545
21 18 23 30 545
18 21 30 23 545
21 18 30 23 545
18 21 24 29 785
21 18 24 29 785
18 21 29 24 785
21 18 29 24 785
18 21 25 28 993
21 18 25 28 993
18 21 28 25 993
21 18 28 25 993
18 21 26 27 1118
21 18 26 27 1118
18 21 27 26 1118
21 18 27 26 1118
17 22 15 38 0
22 17 15 38 0
17 22 38 15 0
22 17 38 15 0
18 21 15 38 0
21 18 15 38 0
18 21 38 15 0
21 18 38 15 0
18 21 16 37 0
21 18 16 37 0
18 21 37 16 0
21 18 37 16 0
18 21 17 36 1
21 18 17 36 1
18 21 36 17 1
21 18 36 17 1
18 21 18 35 7
21 18 18 35 7
18 21 35 18 7
21 18 35 18 7
19 20 17 36 1
20 19 17 36 1
19 20 36 17 1
20 19 36 17 1
19 20 18 35 9
20 19 18 35 9
19 20 35 18 9
20 19 35 18 9
19 20 19 34 33
20 19 19 34 33
19 20 34 19 33
20 19 34 19 33
19 20 20 33 95
20 19 20 33 95
19 20 33 20 95
20 19 33 20 95
19 20 21 32 212
20 19 21 32 212
19 20 32 21 212
20 19 32 21 212
19 20 22 31 403
20 19 22 31 403
19 20 31 22 403
20 19 31 22 403
19 20 23 30 656
20 19 23 30 656
19 20 30 23 656
20 19 30 23 656
19 20 24 29 937
20 19 24 29 937
19 20 29 24 937
20 19 29 24 937
19 20 25 28 1180
20 19 25 28 1180
19 20 28 25 1180
20 19 28 25 1180
19 20 26 27 1324
20 19 26 27 1324
19 20 27 26 1324
20 19 27 26 1324
19 20 16 37 0
20 19 16 37 0
19 20 37 16 0
20 19 37 16 0
14 25 14 39 0
25 14 14 39 0
14 25 39 14 0
25 14 39 14 0
15 24 14 39 0
24 15 14 39 0
15 24 39 14 0
24 15 39 14 0
16 23 14 39 0
23 16 14 39 0
16 23 39 14 0
23 16 39 14 0
17 22 14 39 0
22 17 14 39 0
17 22 39 14 0
22 17 39 14 0
15 24 13 40 0
24 15 13 40 0
15 24 40 13 0
24 15 40 13 0
16 23 13 40 0
23 16 13 40 0
16 23 40 13 0
23 16 40 13 0
17 22 13 40 0
22 17 13 40 0
17 22 40 13 0
22 17 40 13 0
18 21 13 40 0
21 18 13 40 0
18 21 40 13 0
21 18 40 13 0
18 21 14 39 0
21 18 14 39 0
18 21 39 14 0
21 18 39 14 0
19 20 13 40 0
20 19 13 40 0
19 20 40 13 0
20 19 40 13 0
19 20 14 39 0
20 19 14 39 0
19 20 39 14 0
20 19 39 14 0
19 20 15 38 0
20 19 15 38 0
19 20 38 15 0
20 19 38 15 0
18 21 12 41 0
21 18 12 41 0
18 21 41 12 0
21 18 41 12 0
19 20 12 41 0
20 19 12 41 0
19 20 41 12 0
20 19 41 12 0
