4 26 16 25 0
26 4 16 25 0
4 26 25 16 0
26 4 25 16 0
4 26 17 24 0
26 4 17 24 0
4 26 24 17 0
26 4 24 17 0
4 26 18 23 0
26 4 18 23 0
4 26 23 18 0
26 4 23 18 0
4 26 19 22 0
26 4 19 22 0
4 26 22 19 0
26 4 22 19 0
4 26 20 21 0
26 4 20 21 0
4 26 21 20 0
26 4 21 20 0
5 25 16 25 0
25 5 16 25 0
5 25 25 16 0
25 5 25 16 0
5 25 17 24 0
25 5 17 24 0
5 25 24 17 0
25 5 24 17 0
5 25 18 23 0
25 5 18 23 0
5 25 23 18 0
25 5 23 18 0
5 25 19 22 0
25 5 19 22 0
5 25 22 19 0
25 5 22 19 0
5 25 20 21 0
25 5 20 21 0
5 25 21 20 0
25 5 21 20 0
6 24 16 25 0
24 6 16 25 0
6 24 25 16 0
24 6 25 16 0
6 24 17 24 0
24 6 17 24 0
6 24 24 17 0
24 6 24 17 0
6 24 18 23 0
24 6 18 23 0
6 24 23 18 0
24 6 23 18 0
6 24 19 22 0
24 6 19 22 0
6 24 22 19 0
24 6 22 19 0
6 24 20 21 1
24 6 20 21 1
6 24 21 20 1
24 6 21 20 1
7 23 16 25 1
23 7 16 25 1
7 23 25 16 1
23 7 25 16 1
7 23 17 24 3
23 7 17 24 3
7 23 24 17 3
23 7 24 17 3
7 23 18 23 6
23 7 18 23 6
7 23 23 18 6
23 7 23 18 6
7 23 19 22 9
23 7 19 22 9
7 23 22 19 9
23 7 22 19 9
7 23 20 21 12
23 7 20 21 12
7 23 21 20 12
23 7 21 20 12
5 25 13 28 0
25 5 13 28 0
5 25 28 13 0
25 5 28 13 0
5 25 14 27 0
25 5 14 27 0
5 25 27 14 0
25 5 27 14 0
5 25 15 26 0
25 5 15 26 0
5 25 26 15 0
25 5 26 15 0
6 24 13 28 0
24 6 13 28 0
6 24 28 13 0
24 6 28 13 0
6 24 14 27 0
24 6 14 27 0
6 24 27 14 0
24 6 27 14 0
6 24 15 26 0
24 6 15 26 0
6 24 26 15 0
24 6 26 15 0
7 23 13 28 0
23 7 13 28 0
7 23 28 13 0
23 7 28 13 0
7 23 14 27 0
23 7 14 27 0
7 23 27 14 0
23 7 27 14 0
7 23 15 26 0
23 7 15 26 0
7 23 26 15 0
23 7 26 15 0
8 22 13 28 0
22 8 13 28 0
8 22 28 13 0
22 8 28 13 0
8 22 14 27 1
22 8 14 27 1
8 22 27 14 1
22 8 27 14 1
8 22 15 26 4
22 8 15 26 4
8 22 26 15 4
22 8 26 15 4
8 22 16 25 12
22 8 16 25 12
8 22 25 16 12
22 8 25 16 12
8 22 17 24 26
22 8 17 24 26
8 22 24 17 26
22 8 24 17 26
8 22 18 23 44
22 8 18 23 44
8 22 23 18 44
22 8 23 18 44
8 22 19 22 61
22 8 19 22 61
8 22 22 19 61
22 8 22 19 61
8 22 20 21 73
22 8 20 21 73
8 22 21 20 73
22 8 21 20 73
9 21 13 28 1
21 9 13 28 1
9 21 28 13 1
21 9 28 13 1
9 21 14 27 9
21 9 14 27 9
9 21 27 14 9
21 9 27 14 9
9 21 15 26 27
21 9 15 26 27
9 21 26 15 27
21 9 26 15 27
9 21 16 25 63
21 9 16 25 63
9 21 25 16 63
21 9 25 16 63
9 21 17 24 118
21 9 17 24 118
9 21 24 17 118
21 9 24 17 118
9 21 18 23 184
21 9 18 23 184
9 21 23 18 184
21 9 23 18 184
9 21 19 22 243
21 9 19 22 243
9 21 22 19 243
21 9 22 19 243
9 21 20 21 281
21 9 20 21 281
9 21 21 20 281
21 9 21 20 281
6 24 12 29 0
24 6 12 29 0
6 24 29 12 0
24 6 29 12 0
7 23 12 29 0
23 7 12 29 0
7 23 29 12 0
23 7 29 12 0
8 22 12 29 0
22 8 12 29 0
8 22 29 12 0
22 8 29 12 0
9 21 12 29 0
21 9 12 29 0
9 21 29 12 0
21 9 29 12 0
7 23 11 30 0
23 7 11 30 0
7 23 30 11 0
23 7 30 11 0
8 22 11 30 0
22 8 11 30 0
8 22 30 11 0
22 8 30 11 0
9 21 11 30 0
21 9 11 30 0
9 21 30 11 0
21 9 30 11 0
10 20 11 30 0
20 10 11 30 0
10 20 30 11 0
20 10 30 11 0
10 20 12 29 2
20 10 12 29 2
10 20 29 12 2
20 10 29 12 2
10 20 13 28 11
20 10 13 28 11
10 20 28 13 11
20 10 28 13 11
10 20 14 27 40
20 10 14 27 40
10 20 27 14 40
20 10 27 14 40
10 20 15 26 102
20 10 15 26 102
10 20 26 15 102
20 10 26 15 102
10 20 16 25 211
20 10 16 25 211
10 20 25 16 211
20 10 25 16 211
10 20 17 24 364
20 10 17 24 364
10 20 24 17 364
20 10 24 17 364
10 20 18 23 539
20 10 18 23 539
10 20 23 18 539
20 10 23 18 539
10 20 19 22 694
20 10 19 22 694
10 20 22 19 694
20 10 22 19 694
10 20 20 21 788
20 10 20 21 788
10 20 21 20 788
20 10 21 20 788
11 19 12 29 10
19 11 12 29 10
11 19 29 12 10
19 11 29 12 10
11 19 13 28 40
19 11 13 28 40
11 19 28 13 40
19 11 28 13 40
11 19 14 27 119
19 11 14 27 119
11 19 27 14 119
19 11 27 14 119
11 19 15 26 272
19 11 15 26 272
11 19 26 15 272
19 11 26 15 272
11 19 16 25 522
19 11 16 25 522
11 19 25 16 522
19 11 25 16 522
11 19 17 24 855
19 11 17 24 855
11 19 24 17 855
19 11 24 17 855
11 19 18 23 1225
19 11 18 23 1225
11 19 23 18 1225
19 11 23 18 1225
11 19 19 22 1546
19 11 19 22 1546
11 19 22 19 1546
19 11 22 19 1546
11 19 20 21 1737
19 11 20 21 1737
11 19 21 20 1737
19 11 21 20 1737
11 19 11 30 1
19 11 11 30 1
11 19 30 11 1
19 11 30 11 1
12 18 11 30 5
18 12 11 30 5
12 18 30 11 5
18 12 30 11 5
12 18 12 29 28
18 12 12 29 28
12 18 29 12 28
18 12 29 12 28
12 18 13 28 96
18 12 13 28 96
12 18 28 13 96
18 12 28 13 96
12 18 14 27 256
18 12 14 27 256
12 18 27 14 256
18 12 27 14 256
12 18 15 26 550
18 12 15 26 550
12 18 26 15 550
18 12 26 15 550
12 18 16 25 1006
18 12 16 25 1006
12 18 25 16 1006
18 12 25 16 1006
12 18 17 24 1599
18 12 17 24 1599
12 18 24 17 1599
18 12 24 17 1599
12 18 18 23 2241
18 12 18 23 2241
12 18 23 18 2241
18 12 23 18 2241
12 18 19 22 2791
18 12 19 22 2791
12 18 22 19 2791
18 12 22 19 2791
12 18 20 21 3115
18 12 20 21 3115
12 18 21 20 3115
18 12 21 20 3115
13 17 13 28 175
17 13 13 28 175
13 17 28 13 175
17 13 28 13 175
13 17 14 27 435
17 13 14 27 435
13 17 27 14 435
17 13 27 14 435
13 17 15 26 894
17 13 15 26 894
13 17 26 15 894
17 13 26 15 894
13 17 16 25 1588
17 13 16 25 1588
13 17 25 16 1588
17 13 25 16 1588
13 17 17 24 2469
17 13 17 24 2469
13 17 24 17 2469
17 13 24 17 2469
13 17 18 23 3411
17 13 18 23 3411
13 17 23 18 3411
17 13 23 18 3411
13 17 19 22 4211
17 13 19 22 4211
13 17 22 19 4211
17 13 22 19 4211
13 17 20 21 4677
17 13 20 21 4677
13 17 21 20 4677
17 13 21 20 4677
13 17 12 29 57
17 13 12 29 57
13 17 29 12 57
17 13 29 12 57
14 16 13 28 243
16 14 13 28 243
14 16 28 13 243
16 14 28 13 243
14 16 14 27 585
16 14 14 27 585
14 16 27 14 585
16 14 27 14 585
14 16 15 26 1180
16 14 15 26 1180
14 16 26 15 1180
16 14 26 15 1180
14 16 16 25 2064
16 14 16 25 2064
14 16 25 16 2064
16 14 25 16 2064
14 16 17 24 3176
16 14 17 24 3176
14 16 24 17 3176
16 14 24 17 3176
14 16 18 23 4353
16 14 18 23 4353
14 16 23 18 4353
16 14 23 18 4353
14 16 19 22 5349
16 14 19 22 5349
14 16 22 19 5349
16 14 22 19 5349
14 16 20 21 5927
16 14 20 21 5927
14 16 21 20 5927
16 14 21 20 5927
15 15 16 25 2257
15 15 25 16 2257
15 15 17 24 3459
15 15 24 17 3459
15 15 18 23 4728
15 15 23 18 4728
15 15 19 22 5798
15 15 22 19 5798
15 15 20 21 6420
15 15 21 20 6420
7 23 10 31 0
23 7 10 31 0
7 23 31 10 0
23 7 31 10 0
8 22 10 31 0
22 8 10 31 0
8 22 31 10 0
22 8 31 10 0
9 21 10 31 0
21 9 10 31 0
9 21 31 10 0
21 9 31 10 0
10 20 10 31 0
20 10 10 31 0
10 20 31 10 0
20 10 31 10 0
8 22 9 32 0
22 8 9 32 0
8 22 32 9 0
22 8 32 9 0
9 21 9 32 0
21 9 9 32 0
9 21 32 9 0
21 9 32 9 0
10 20 9 32 0
20 10 9 32 0
10 20 32 9 0
20 10 32 9 0
11 19 9 32 0
19 11 9 32 0
11 19 32 9 0
19 11 32 9 0
11 19 10 31 0
19 11 10 31 0
11 19 31 10 0
19 11 31 10 0
12 18 10 31 0
18 12 10 31 0
12 18 31 10 0
18 12 31 10 0
9 21 8 33 0
21 9 8 33 0
9 21 33 8 0
21 9 33 8 0
10 20 8 33 0
20 10 8 33 0
10 20 33 8 0
20 10 33 8 0
11 19 8 33 0
19 11 8 33 0
11 19 33 8 0
19 11 33 8 0
12 18 8 33 0
18 12 8 33 0
12 18 33 8 0
18 12 33 8 0
12 18 9 32 0
18 12 9 32 0
12 18 32 9 0
18 12 32 9 0
13 17 8 33 0
17 13 8 33 0
13 17 33 8 0
17 13 33 8 0
13 17 9 32 0
17 13 9 32 0
13 17 32 9 0
17 13 32 9 0
13 17 10 31 2
17 13 10 31 2
13 17 31 10 2
17 13 31 10 2
13 17 11 30 13
17 13 11 30 13
13 17 30 11 13
17 13 30 11 13
14 16 10 31 3
16 14 10 31 3
14 16 31 10 3
16 14 31 10 3
14 16 11 30 20
16 14 11 30 20
14 16 30 11 20
16 14 30 11 20
14 16 12 29 82
16 14 12 29 82
14 16 29 12 82
16 14 29 12 82
14 16 8 33 0
16 14 8 33 0
14 16 33 8 0
16 14 33 8 0
14 16 9 32 0
16 14 9 32 0
14 16 32 9 0
16 14 32 9 0
15 15 9 32 0
15 15 32 9 0
15 15 10 31 4
15 15 31 10 4
15 15 11 30 24
15 15 30 11 24
15 15 12 29 95
15 15 29 12 95
15 15 13 28 273
15 15 28 13 273
15 15 14 27 650
15 15 27 14 650
15 15 15 26 1298
15 15 26 15 1298
10 20 7 34 0
20 10 7 34 0
10 20 34 7 0
20 10 34 7 0
11 19 7 34 0
19 11 7 34 0
11 19 34 7 0
19 11 34 7 0
12 18 7 34 0
18 12 7 34 0
12 18 34 7 0
18 12 34 7 0
13 17 7 34 0
17 13 7 34 0
13 17 34 7 0
17 13 34 7 0
14 16 7 34 0
16 14 7 34 0
14 16 34 7 0
16 14 34 7 0
12 18 6 35 0
18 12 6 35 0
12 18 35 6 0
18 12 35 6 0
13 17 6 35 0
17 13 6 35 0
13 17 35 6 0
17 13 35 6 0
14 16 6 35 0
16 14 6 35 0
14 16 35 6 0
16 14 35 6 0
15 15 6 35 0
15 15 35 6 0
15 15 7 34 0
15 15 34 7 0
15 15 8 33 0
15 15 33 8 0
