3 24 13 24 0
24 3 13 24 0
3 24 24 13 0
24 3 24 13 0
3 24 14 23 0
24 3 14 23 0
3 24 23 14 0
24 3 23 14 0
3 24 15 22 0
24 3 15 22 0
3 24 22 15 0
24 3 22 15 0
3 24 16 21 0
24 3 16 21 0
3 24 21 16 0
24 3 21 16 0
3 24 17 20 0
24 3 17 20 0
3 24 20 17 0
24 3 20 17 0
3 24 18 19 0
24 3 18 19 0
3 24 19 18 0
24 3 19 18 0
4 23 13 24 0
23 4 13 24 0
4 23 24 13 0
23 4 24 13 0
4 23 14 23 0
23 4 14 23 0
4 23 23 14 0
23 4 23 14 0
4 23 15 22 0
23 4 15 22 0
4 23 22 15 0
23 4 22 15 0
4 23 16 21 0
23 4 16 21 0
4 23 21 16 0
23 4 21 16 0
4 23 17 20 0
23 4 17 20 0
4 23 20 17 0
23 4 20 17 0
4 23 18 19 0
23 4 18 19 0
4 23 19 18 0
23 4 19 18 0
5 22 13 24 0
22 5 13 24 0
5 22 24 13 0
22 5 24 13 0
5 22 14 23 0
22 5 14 23 0
5 22 23 14 0
22 5 23 14 0
5 22 15 22 0
22 5 15 22 0
5 22 22 15 0
22 5 22 15 0
5 22 16 21 1
22 5 16 21 1
5 22 21 16 1
22 5 21 16 1
5 22 17 20 2
22 5 17 20 2
5 22 20 17 2
22 5 20 17 2
5 22 18 19 3
22 5 18 19 3
5 22 19 18 3
22 5 19 18 3
6 21 13 24 1
21 6 13 24 1
6 21 24 13 1
21 6 24 13 1
6 21 14 23 4
21 6 14 23 4
6 21 23 14 4
21 6 23 14 4
6 21 15 22 9
21 6 15 22 9
6 21 22 15 9
21 6 22 15 9
6 21 16 21 17
21 6 16 21 17
6 21 21 16 17
21 6 21 16 17
6 21 17 20 25
21 6 17 20 25
6 21 20 17 25
21 6 20 17 25
6 21 18 19 30
21 6 18 19 30
6 21 19 18 30
21 6 19 18 30
4 23 11 26 0
23 4 11 26 0
4 23 26 11 0
23 4 26 11 0
4 23 12 25 0
23 4 12 25 0
4 23 25 12 0
23 4 25 12 0
5 22 11 26 0
22 5 11 26 0
5 22 26 11 0
22 5 26 11 0
5 22 12 25 0
22 5 12 25 0
5 22 25 12 0
22 5 25 12 0
6 21 11 26 0
21 6 11 26 0
6 21 26 11 0
21 6 26 11 0
6 21 12 25 0
21 6 12 25 0
6 21 25 12 0
21 6 25 12 0
7 20 11 26 0
20 7 11 26 0
7 20 26 11 0
20 7 26 11 0
7 20 12 25 3
20 7 12 25 3
7 20 25 12 3
20 7 25 12 3
7 20 13 24 11
20 7 13 24 11
7 20 24 13 11
20 7 24 13 11
7 20 14 23 29
20 7 14 23 29
7 20 23 14 29
20 7 23 14 29
7 20 15 22 57
20 7 15 22 57
7 20 22 15 57
20 7 22 15 57
7 20 16 21 93
20 7 16 21 93
7 20 21 16 93
20 7 21 16 93
7 20 17 20 126
20 7 17 20 126
7 20 20 17 126
20 7 20 17 126
7 20 18 19 147
20 7 18 19 147
7 20 19 18 147
20 7 19 18 147
8 19 11 26 5
19 8 11 26 5
8 19 26 11 5
19 8 26 11 5
8 19 12 25 21
19 8 12 25 21
8 19 25 12 21
19 8 25 12 21
8 19 13 24 57
19 8 13 24 57
8 19 24 13 57
19 8 24 13 57
8 19 14 23 123
19 8 14 23 123
8 19 23 14 123
19 8 23 14 123
8 19 15 22 218
19 8 15 22 218
8 19 22 15 218
19 8 22 15 218
8 19 16 21 330
19 8 16 21 330
8 19 21 16 330
19 8 21 16 330
8 19 17 20 430
19 8 17 20 430
8 19 20 17 430
19 8 20 17 430
8 19 18 19 491
19 8 18 19 491
8 19 19 18 491
19 8 19 18 491
6 21 10 27 0
21 6 10 27 0
6 21 27 10 0
21 6 27 10 0
7 20 10 27 0
20 7 10 27 0
7 20 27 10 0
20 7 27 10 0
8 19 10 27 1
19 8 10 27 1
8 19 27 10 1
19 8 27 10 1
9 18 10 27 5
18 9 10 27 5
9 18 27 10 5
18 9 27 10 5
9 18 11 26 23
18 9 11 26 23
9 18 26 11 23
18 9 26 11 23
9 18 12 25 74
18 9 12 25 74
9 18 25 12 74
18 9 25 12 74
9 18 13 24 177
18 9 13 24 177
9 18 24 13 177
18 9 24 13 177
9 18 14 23 351
18 9 14 23 351
9 18 23 14 351
18 9 23 14 351
9 18 15 22 586
18 9 15 22 586
9 18 22 15 586
18 9 22 15 586
9 18 16 21 852
18 9 16 21 852
9 18 21 16 852
18 9 21 16 852
9 18 17 20 1085
18 9 17 20 1085
9 18 20 17 1085
18 9 20 17 1085
9 18 18 19 1223
18 9 18 19 1223
9 18 19 18 1223
18 9 19 18 1223
10 17 11 26 68
17 10 11 26 68
10 17 26 11 68
17 10 26 11 68
10 17 12 25 188
17 10 12 25 188
10 17 25 12 188
17 10 25 12 188
10 17 13 24 413
17 10 13 24 413
10 17 24 13 413
17 10 24 13 413
10 17 14 23 769
17 10 14 23 769
10 17 23 14 769
17 10 23 14 769
10 17 15 22 1235
17 10 15 22 1235
10 17 22 15 1235
17 10 22 15 1235
10 17 16 21 1746
17 10 16 21 1746
10 17 21 16 1746
17 10 21 16 1746
10 17 17 20 2186
17 10 17 20 2186
10 17 20 17 2186
17 10 20 17 2186
10 17 18 19 2445
17 10 18 19 2445
10 17 19 18 2445
17 10 19 18 2445
11 16 11 26 140
16 11 11 26 140
11 16 26 11 140
16 11 26 11 140
11 16 12 25 357
16 11 12 25 357
11 16 25 12 357
16 11 25 12 357
11 16 13 24 746
16 11 13 24 746
11 16 24 13 746
16 11 24 13 746
11 16 14 23 1340
16 11 14 23 1340
11 16 23 14 1340
16 11 23 14 1340
11 16 15 22 2099
16 11 15 22 2099
11 16 22 15 2099
16 11 22 15 2099
11 16 16 21 2916
16 11 16 21 2916
11 16 21 16 2916
16 11 21 16 2916
11 16 17 20 3612
16 11 17 20 3612
11 16 20 17 3612
16 11 20 17 3612
11 16 18 19 4018
16 11 18 19 4018
11 16 19 18 4018
16 11 19 18 4018
12 15 13 24 1094
15 12 13 24 1094
12 15 24 13 1094
15 12 24 13 1094
12 15 14 23 1922
15 12 14 23 1922
12 15 23 14 1922
15 12 23 14 1922
12 15 15 22 2963
15 12 15 22 2963
12 15 22 15 2963
15 12 22 15 2963
12 15 16 21 4071
15 12 16 21 4071
12 15 21 16 4071
15 12 21 16 4071
12 15 17 20 5010
15 12 17 20 5010
12 15 20 17 5010
15 12 20 17 5010
12 15 18 19 5553
15 12 18 19 5553
12 15 19 18 5553
15 12 19 18 5553
5 22 9 28 0
22 5 9 28 0
5 22 28 9 0
22 5 28 9 0
5 22 10 27 0
22 5 10 27 0
5 22 27 10 0
22 5 27 10 0
6 21 9 28 0
21 6 9 28 0
6 21 28 9 0
21 6 28 9 0
7 20 9 28 0
20 7 9 28 0
7 20 28 9 0
20 7 28 9 0
8 19 9 28 0
19 8 9 28 0
8 19 28 9 0
19 8 28 9 0
9 18 9 28 0
18 9 9 28 0
9 18 28 9 0
18 9 28 9 0
6 21 8 29 0
21 6 8 29 0
6 21 29 8 0
21 6 29 8 0
7 20 8 29 0
20 7 8 29 0
7 20 29 8 0
20 7 29 8 0
8 19 8 29 0
19 8 8 29 0
8 19 29 8 0
19 8 29 8 0
9 18 8 29 0
18 9 8 29 0
9 18 29 8 0
18 9 29 8 0
7 20 7 30 0
20 7 7 30 0
7 20 30 7 0
20 7 30 7 0
8 19 7 30 0
19 8 7 30 0
8 19 30 7 0
19 8 30 7 0
9 18 7 30 0
18 9 7 30 0
9 18 30 7 0
18 9 30 7 0
10 17 7 30 0
17 10 7 30 0
10 17 30 7 0
17 10 30 7 0
10 17 8 29 0
17 10 8 29 0
10 17 29 8 0
17 10 29 8 0
10 17 9 28 3
17 10 9 28 3
10 17 28 9 3
17 10 28 9 3
10 17 10 27 19
17 10 10 27 19
10 17 27 10 19
17 10 27 10 19
11 16 8 29 1
16 11 8 29 1
11 16 29 8 1
16 11 29 8 1
11 16 9 28 9
16 11 9 28 9
11 16 28 9 9
16 11 28 9 9
11 16 10 27 44
16 11 10 27 44
11 16 27 10 44
16 11 27 10 44
11 16 7 30 0
16 11 7 30 0
11 16 30 7 0
16 11 30 7 0
12 15 7 30 0
15 12 7 30 0
12 15 30 7 0
15 12 30 7 0
12 15 8 29 3
15 12 8 29 3
12 15 29 8 3
15 12 29 8 3
12 15 9 28 18
15 12 9 28 18
12 15 28 9 18
15 12 28 9 18
12 15 10 27 75
15 12 10 27 75
12 15 27 10 75
15 12 27 10 75
12 15 11 26 223
15 12 11 26 223
12 15 26 11 223
15 12 26 11 223
12 15 12 25 540
15 12 12 25 540
12 15 25 12 540
15 12 25 12 540
13 14 9 28 24
14 13 9 28 24
13 14 28 9 24
14 13 28 9 24
13 14 10 27 96
14 13 10 27 96
13 14 27 10 96
14 13 27 10 96
13 14 11 26 277
14 13 11 26 277
13 14 26 11 277
14 13 26 11 277
13 14 12 25 659
14 13 12 25 659
13 14 25 12 659
14 13 25 12 659
13 14 13 24 1317
14 13 13 24 1317
13 14 24 13 1317
14 13 24 13 1317
13 14 14 23 2290
14 13 14 23 2290
13 14 23 14 2290
14 13 23 14 2290
13 14 15 22 3507
14 13 15 22 3507
13 14 22 15 3507
14 13 22 15 3507
13 14 16 21 4794
14 13 16 21 4794
13 14 21 16 4794
14 13 21 16 4794
13 14 17 20 5880
14 13 17 20 5880
13 14 20 17 5880
14 13 20 17 5880
13 14 18 19 6508
14 13 18 19 6508
13 14 19 18 6508
14 13 19 18 6508
13 14 8 29 4
14 13 8 29 4
13 14 29 8 4
14 13 29 8 4
8 19 6 31 0
19 8 6 31 0
8 19 31 6 0
19 8 31 6 0
9 18 6 31 0
18 9 6 31 0
9 18 31 6 0
18 9 31 6 0
10 17 6 31 0
17 10 6 31 0
10 17 31 6 0
17 10 31 6 0
11 16 6 31 0
16 11 6 31 0
11 16 31 6 0
16 11 31 6 0
9 18 5 32 0
18 9 5 32 0
9 18 32 5 0
18 9 32 5 0
10 17 5 32 0
17 10 5 32 0
10 17 32 5 0
17 10 32 5 0
11 16 5 32 0
16 11 5 32 0
11 16 32 5 0
16 11 32 5 0
12 15 5 32 0
15 12 5 32 0
12 15 32 5 0
15 12 32 5 0
12 15 6 31 0
15 12 6 31 0
12 15 31 6 0
15 12 31 6 0
13 14 5 32 0
14 13 5 32 0
13 14 32 5 0
14 13 32 5 0
13 14 6 31 0
14 13 6 31 0
13 14 31 6 0
14 13 31 6 0
13 14 7 30 0
14 13 7 30 0
13 14 30 7 0
14 13 30 7 0
12 15 4 33 0
15 12 4 33 0
12 15 33 4 0
15 12 33 4 0
13 14 4 33 0
14 13 4 33 0
13 14 33 4 0
14 13 33 4 0
