27 33 36 45 0
33 27 36 45 0
27 33 45 36 0
33 27 45 36 0
27 33 37 44 0
33 27 37 44 0
27 33 44 37 0
33 27 44 37 0
27 33 38 43 0
33 27 38 43 0
27 33 43 38 0
33 27 43 38 0
27 33 39 42 0
33 27 39 42 0
27 33 42 39 0
33 27 42 39 0
27 33 40 41 0
33 27 40 41 0
27 33 41 40 0
33 27 41 40 0
28 32 36 45 0
32 28 36 45 0
28 32 45 36 0
32 28 45 36 0
28 32 37 44 0
32 28 37 44 0
28 32 44 37 0
32 28 44 37 0
28 32 38 43 0
32 28 38 43 0
28 32 43 38 0
32 28 43 38 0
28 32 39 42 0
32 28 39 42 0
28 32 42 39 0
32 28 42 39 0
28 32 40 41 0
32 28 40 41 0
28 32 41 40 0
32 28 41 40 0
29 31 36 45 0
31 29 36 45 0
29 31 45 36 0
31 29 45 36 0
29 31 37 44 0
31 29 37 44 0
29 31 44 37 0
31 29 44 37 0
29 31 38 43 0
31 29 38 43 0
29 31 43 38 0
31 29 43 38 0
29 31 39 42 0
31 29 39 42 0
29 31 42 39 0
31 29 42 39 0
29 31 40 41 0
31 29 40 41 0
29 31 41 40 0
31 29 41 40 0
30 30 36 45 0
30 30 45 36 0
30 30 37 44 0
30 30 44 37 0
30 30 38 43 0
30 30 43 38 0
30 30 39 42 0
30 30 42 39 0
30 30 40 41 0
30 30 41 40 0
