0 9 6 13 0
9 0 6 13 0
0 9 13 6 0
9 0 13 6 0
0 9 7 12 0
9 0 7 12 0
0 9 12 7 0
9 0 12 7 0
0 9 8 11 0
9 0 8 11 0
0 9 11 8 0
9 0 11 8 0
0 9 9 10 0
9 0 9 10 0
0 9 10 9 0
9 0 10 9 0
1 8 6 13 1
8 1 6 13 1
1 8 13 6 1
8 1 13 6 1
1 8 7 12 2
8 1 7 12 2
1 8 12 7 2
8 1 12 7 2
1 8 8 11 3
8 1 8 11 3
1 8 11 8 3
8 1 11 8 3
1 8 9 10 4
8 1 9 10 4
1 8 10 9 4
8 1 10 9 4
1 8 3 16 0
8 1 3 16 0
1 8 16 3 0
8 1 16 3 0
1 8 4 15 0
8 1 4 15 0
1 8 15 4 0
8 1 15 4 0
1 8 5 14 0
8 1 5 14 0
1 8 14 5 0
8 1 14 5 0
2 7 3 16 0
7 2 3 16 0
2 7 16 3 0
7 2 16 3 0
2 7 4 15 1
7 2 4 15 1
2 7 15 4 1
7 2 15 4 1
2 7 5 14 3
7 2 5 14 3
2 7 14 5 3
7 2 14 5 3
2 7 6 13 8
7 2 6 13 8
2 7 13 6 8
7 2 13 6 8
2 7 7 12 14
7 2 7 12 14
2 7 12 7 14
7 2 12 7 14
2 7 8 11 20
7 2 8 11 20
2 7 11 8 20
7 2 11 8 20
2 7 9 10 24
7 2 9 10 24
2 7 10 9 24
7 2 10 9 24
3 6 3 16 0
6 3 3 16 0
3 6 16 3 0
6 3 16 3 0
3 6 4 15 3
6 3 4 15 3
3 6 15 4 3
6 3 15 4 3
3 6 5 14 9
6 3 5 14 9
3 6 14 5 9
6 3 14 5 9
3 6 6 13 21
6 3 6 13 21
3 6 13 6 21
6 3 13 6 21
3 6 7 12 36
6 3 7 12 36
3 6 12 7 36
6 3 12 7 36
3 6 8 11 51
6 3 8 11 51
3 6 11 8 51
6 3 11 8 51
3 6 9 10 60
6 3 9 10 60
3 6 10 9 60
6 3 10 9 60
2 7 2 17 0
7 2 2 17 0
2 7 17 2 0
7 2 17 2 0
3 6 2 17 0
6 3 2 17 0
3 6 17 2 0
6 3 17 2 0
3 6 1 18 0
6 3 1 18 0
3 6 18 1 0
6 3 18 1 0
4 5 1 18 0
5 4 1 18 0
4 5 18 1 0
5 4 18 1 0
4 5 2 17 0
5 4 2 17 0
4 5 17 2 0
5 4 17 2 0
4 5 3 16 1
5 4 3 16 1
4 5 16 3 1
5 4 16 3 1
4 5 4 15 6
5 4 4 15 6
4 5 15 4 6
5 4 15 4 6
4 5 5 14 16
5 4 5 14 16
4 5 14 5 16
5 4 14 5 16
4 5 6 13 35
5 4 6 13 35
4 5 13 6 35
5 4 13 6 35
4 5 7 12 58
5 4 7 12 58
4 5 12 7 58
5 4 12 7 58
4 5 8 11 80
5 4 8 11 80
4 5 11 8 80
5 4 11 8 80
4 5 9 10 94
5 4 9 10 94
4 5 10 9 94
5 4 10 9 94
