0 11 10 13 0
11 0 10 13 0
0 11 13 10 0
11 0 13 10 0
0 11 11 12 0
11 0 11 12 0
0 11 12 11 0
11 0 12 11 0
1 10 10 13 0
10 1 10 13 0
1 10 13 10 0
10 1 13 10 0
1 10 11 12 0
10 1 11 12 0
1 10 12 11 0
10 1 12 11 0
1 10 6 17 0
10 1 6 17 0
1 10 17 6 0
10 1 17 6 0
1 10 7 16 0
10 1 7 16 0
1 10 16 7 0
10 1 16 7 0
1 10 8 15 0
10 1 8 15 0
1 10 15 8 0
10 1 15 8 0
1 10 9 14 0
10 1 9 14 0
1 10 14 9 0
10 1 14 9 0
2 9 6 17 0
9 2 6 17 0
2 9 17 6 0
9 2 17 6 0
2 9 7 16 1
9 2 7 16 1
2 9 16 7 1
9 2 16 7 1
2 9 8 15 2
9 2 8 15 2
2 9 15 8 2
9 2 15 8 2
2 9 9 14 4
9 2 9 14 4
2 9 14 9 4
9 2 14 9 4
2 9 10 13 5
9 2 10 13 5
2 9 13 10 5
9 2 13 10 5
2 9 11 12 6
9 2 11 12 6
2 9 12 11 6
9 2 12 11 6
3 8 6 17 1
8 3 6 17 1
3 8 17 6 1
8 3 17 6 1
3 8 7 16 4
8 3 7 16 4
3 8 16 7 4
8 3 16 7 4
3 8 8 15 9
8 3 8 15 9
3 8 15 8 9
8 3 15 8 9
3 8 9 14 16
8 3 9 14 16
3 8 14 9 16
8 3 14 9 16
3 8 10 13 22
8 3 10 13 22
3 8 13 10 22
8 3 13 10 22
3 8 11 12 26
8 3 11 12 26
3 8 12 11 26
8 3 12 11 26
2 9 4 19 0
9 2 4 19 0
2 9 19 4 0
9 2 19 4 0
2 9 5 18 0
9 2 5 18 0
2 9 18 5 0
9 2 18 5 0
3 8 4 19 0
8 3 4 19 0
3 8 19 4 0
8 3 19 4 0
3 8 5 18 0
8 3 5 18 0
3 8 18 5 0
8 3 18 5 0
3 8 3 20 0
8 3 3 20 0
3 8 20 3 0
8 3 20 3 0
4 7 3 20 0
7 4 3 20 0
4 7 20 3 0
7 4 20 3 0
4 7 4 19 0
7 4 4 19 0
4 7 19 4 0
7 4 19 4 0
4 7 5 18 1
7 4 5 18 1
4 7 18 5 1
7 4 18 5 1
4 7 6 17 4
7 4 6 17 4
4 7 17 6 4
7 4 17 6 4
4 7 7 16 12
7 4 7 16 12
4 7 16 7 12
7 4 16 7 12
4 7 8 15 24
7 4 8 15 24
4 7 15 8 24
7 4 15 8 24
4 7 9 14 40
7 4 9 14 40
4 7 14 9 40
7 4 14 9 40
4 7 10 13 54
7 4 10 13 54
4 7 13 10 54
7 4 13 10 54
4 7 11 12 63
7 4 11 12 63
4 7 12 11 63
7 4 12 11 63
5 6 4 19 0
6 5 4 19 0
5 6 19 4 0
6 5 19 4 0
5 6 5 18 2
6 5 5 18 2
5 6 18 5 2
6 5 18 5 2
5 6 6 17 7
6 5 6 17 7
5 6 17 6 7
6 5 17 6 7
5 6 7 16 19
6 5 7 16 19
5 6 16 7 19
6 5 16 7 19
5 6 8 15 37
6 5 8 15 37
5 6 15 8 37
6 5 15 8 37
5 6 9 14 60
6 5 9 14 60
5 6 14 9 60
6 5 14 9 60
5 6 10 13 81
6 5 10 13 81
5 6 13 10 81
6 5 13 10 81
5 6 11 12 94
6 5 11 12 94
5 6 12 11 94
6 5 12 11 94
4 7 2 21 0
7 4 2 21 0
4 7 21 2 0
7 4 21 2 0
5 6 2 21 0
6 5 2 21 0
5 6 21 2 0
6 5 21 2 0
5 6 3 20 0
6 5 3 20 0
5 6 20 3 0
6 5 20 3 0
