0 7 3 12 0
7 0 3 12 0
0 7 12 3 0
7 0 12 3 0
0 7 4 11 0
7 0 4 11 0
0 7 11 4 0
7 0 11 4 0
0 7 5 10 0
7 0 5 10 0
0 7 10 5 0
7 0 10 5 0
0 7 6 9 1
7 0 6 9 1
0 7 9 6 1
7 0 9 6 1
1 6 3 12 1
6 1 3 12 1
1 6 12 3 1
6 1 12 3 1
1 6 4 11 3
6 1 4 11 3
1 6 11 4 3
6 1 11 4 3
1 6 5 10 6
6 1 5 10 6
1 6 10 5 6
6 1 10 5 6
1 6 6 9 10
6 1 6 9 10
1 6 9 6 10
6 1 9 6 10
0 7 7 8 1
7 0 7 8 1
0 7 8 7 1
7 0 8 7 1
1 6 7 8 12
6 1 7 8 12
1 6 8 7 12
6 1 8 7 12
1 6 1 14 0
6 1 1 14 0
1 6 14 1 0
6 1 14 1 0
1 6 2 13 0
6 1 2 13 0
1 6 13 2 0
6 1 13 2 0
2 5 1 14 0
5 2 1 14 0
2 5 14 1 0
5 2 14 1 0
2 5 2 13 1
5 2 2 13 1
2 5 13 2 1
5 2 13 2 1
2 5 3 12 4
5 2 3 12 4
2 5 12 3 4
5 2 12 3 4
2 5 4 11 11
5 2 4 11 11
2 5 11 4 11
5 2 11 4 11
2 5 5 10 20
5 2 5 10 20
2 5 10 5 20
5 2 10 5 20
2 5 6 9 30
5 2 6 9 30
2 5 9 6 30
5 2 9 6 30
2 5 7 8 36
5 2 7 8 36
2 5 8 7 36
5 2 8 7 36
3 4 1 14 0
4 3 1 14 0
3 4 14 1 0
4 3 14 1 0
3 4 2 13 2
4 3 2 13 2
3 4 13 2 2
4 3 13 2 2
3 4 3 12 8
4 3 3 12 8
3 4 12 3 8
4 3 12 3 8
3 4 4 11 19
4 3 4 11 19
3 4 11 4 19
4 3 11 4 19
3 4 5 10 34
4 3 5 10 34
3 4 10 5 34
4 3 10 5 34
3 4 6 9 50
4 3 6 9 50
3 4 9 6 50
4 3 9 6 50
3 4 7 8 59
4 3 7 8 59
3 4 8 7 59
4 3 8 7 59
3 4 0 15 0
4 3 0 15 0
3 4 15 0 0
4 3 15 0 0
