3 14 13 22 0
14 3 13 22 0
3 14 22 13 0
14 3 22 13 0
3 14 14 21 0
14 3 14 21 0
3 14 21 14 0
14 3 21 14 0
3 14 15 20 0
14 3 15 20 0
3 14 20 15 0
14 3 20 15 0
3 14 16 19 0
14 3 16 19 0
3 14 19 16 0
14 3 19 16 0
4 13 13 22 0
13 4 13 22 0
4 13 22 13 0
13 4 22 13 0
4 13 14 21 0
13 4 14 21 0
4 13 21 14 0
13 4 21 14 0
4 13 15 20 0
13 4 15 20 0
4 13 20 15 0
13 4 20 15 0
4 13 16 19 0
13 4 16 19 0
4 13 19 16 0
13 4 19 16 0
3 14 17 18 0
14 3 17 18 0
3 14 18 17 0
14 3 18 17 0
4 13 17 18 0
13 4 17 18 0
4 13 18 17 0
13 4 18 17 0
4 13 11 24 0
13 4 11 24 0
4 13 24 11 0
13 4 24 11 0
4 13 12 23 0
13 4 12 23 0
4 13 23 12 0
13 4 23 12 0
5 12 11 24 0
12 5 11 24 0
5 12 24 11 0
12 5 24 11 0
5 12 12 23 0
12 5 12 23 0
5 12 23 12 0
12 5 23 12 0
5 12 13 22 0
12 5 13 22 0
5 12 22 13 0
12 5 22 13 0
5 12 14 21 0
12 5 14 21 0
5 12 21 14 0
12 5 21 14 0
5 12 15 20 0
12 5 15 20 0
5 12 20 15 0
12 5 20 15 0
5 12 16 19 0
12 5 16 19 0
5 12 19 16 0
12 5 19 16 0
5 12 17 18 0
12 5 17 18 0
5 12 18 17 0
12 5 18 17 0
6 11 11 24 0
11 6 11 24 0
6 11 24 11 0
11 6 24 11 0
6 11 12 23 0
11 6 12 23 0
6 11 23 12 0
11 6 23 12 0
6 11 13 22 0
11 6 13 22 0
6 11 22 13 0
11 6 22 13 0
6 11 14 21 0
11 6 14 21 0
6 11 21 14 0
11 6 21 14 0
6 11 15 20 0
11 6 15 20 0
6 11 20 15 0
11 6 20 15 0
6 11 16 19 0
11 6 16 19 0
6 11 19 16 0
11 6 19 16 0
6 11 17 18 0
11 6 17 18 0
6 11 18 17 0
11 6 18 17 0
7 10 13 22 0
10 7 13 22 0
7 10 22 13 0
10 7 22 13 0
7 10 14 21 0
10 7 14 21 0
7 10 21 14 0
10 7 21 14 0
7 10 15 20 0
10 7 15 20 0
7 10 20 15 0
10 7 20 15 0
7 10 16 19 0
10 7 16 19 0
7 10 19 16 0
10 7 19 16 0
7 10 17 18 0
10 7 17 18 0
7 10 18 17 0
10 7 18 17 0
5 12 9 26 0
12 5 9 26 0
5 12 26 9 0
12 5 26 9 0
5 12 10 25 0
12 5 10 25 0
5 12 25 10 0
12 5 25 10 0
6 11 9 26 0
11 6 9 26 0
6 11 26 9 0
11 6 26 9 0
6 11 10 25 0
11 6 10 25 0
6 11 25 10 0
11 6 25 10 0
6 11 8 27 0
11 6 8 27 0
6 11 27 8 0
11 6 27 8 0
7 10 8 27 0
10 7 8 27 0
7 10 27 8 0
10 7 27 8 0
7 10 9 26 0
10 7 9 26 0
7 10 26 9 0
10 7 26 9 0
7 10 10 25 0
10 7 10 25 0
7 10 25 10 0
10 7 25 10 0
7 10 11 24 0
10 7 11 24 0
7 10 24 11 0
10 7 24 11 0
7 10 12 23 0
10 7 12 23 0
7 10 23 12 0
10 7 23 12 0
8 9 9 26 0
9 8 9 26 0
8 9 26 9 0
9 8 26 9 0
8 9 10 25 0
9 8 10 25 0
8 9 25 10 0
9 8 25 10 0
8 9 11 24 0
9 8 11 24 0
8 9 24 11 0
9 8 24 11 0
8 9 12 23 0
9 8 12 23 0
8 9 23 12 0
9 8 23 12 0
8 9 13 22 0
9 8 13 22 0
8 9 22 13 0
9 8 22 13 0
8 9 14 21 0
9 8 14 21 0
8 9 21 14 0
9 8 21 14 0
8 9 15 20 0
9 8 15 20 0
8 9 20 15 0
9 8 20 15 0
8 9 16 19 0
9 8 16 19 0
8 9 19 16 0
9 8 19 16 0
8 9 17 18 0
9 8 17 18 0
8 9 18 17 0
9 8 18 17 0
7 10 7 28 0
10 7 7 28 0
7 10 28 7 0
10 7 28 7 0
8 9 7 28 0
9 8 7 28 0
8 9 28 7 0
9 8 28 7 0
8 9 8 27 0
9 8 8 27 0
8 9 27 8 0
9 8 27 8 0
