3 16 13 26 0
16 3 13 26 0
3 16 26 13 0
16 3 26 13 0
3 16 14 25 0
16 3 14 25 0
3 16 25 14 0
16 3 25 14 0
3 16 15 24 0
16 3 15 24 0
3 16 24 15 0
16 3 24 15 0
3 16 16 23 0
16 3 16 23 0
3 16 23 16 0
16 3 23 16 0
3 16 17 22 0
16 3 17 22 0
3 16 22 17 0
16 3 22 17 0
3 16 18 21 0
16 3 18 21 0
3 16 21 18 0
16 3 21 18 0
3 16 19 20 0
16 3 19 20 0
3 16 20 19 0
16 3 20 19 0
4 15 13 26 0
15 4 13 26 0
4 15 26 13 0
15 4 26 13 0
4 15 14 25 0
15 4 14 25 0
4 15 25 14 0
15 4 25 14 0
4 15 15 24 0
15 4 15 24 0
4 15 24 15 0
15 4 24 15 0
4 15 16 23 0
15 4 16 23 0
4 15 23 16 0
15 4 23 16 0
4 15 17 22 0
15 4 17 22 0
4 15 22 17 0
15 4 22 17 0
4 15 18 21 0
15 4 18 21 0
4 15 21 18 0
15 4 21 18 0
4 15 19 20 0
15 4 19 20 0
4 15 20 19 0
15 4 20 19 0
5 14 13 26 0
14 5 13 26 0
5 14 26 13 0
14 5 26 13 0
5 14 14 25 0
14 5 14 25 0
5 14 25 14 0
14 5 25 14 0
5 14 15 24 0
14 5 15 24 0
5 14 24 15 0
14 5 24 15 0
5 14 16 23 0
14 5 16 23 0
5 14 23 16 0
14 5 23 16 0
5 14 17 22 0
14 5 17 22 0
5 14 22 17 0
14 5 22 17 0
5 14 18 21 0
14 5 18 21 0
5 14 21 18 0
14 5 21 18 0
5 14 19 20 0
14 5 19 20 0
5 14 20 19 0
14 5 20 19 0
6 13 13 26 0
13 6 13 26 0
6 13 26 13 0
13 6 26 13 0
6 13 14 25 0
13 6 14 25 0
6 13 25 14 0
13 6 25 14 0
6 13 15 24 0
13 6 15 24 0
6 13 24 15 0
13 6 24 15 0
6 13 16 23 1
13 6 16 23 1
6 13 23 16 1
13 6 23 16 1
6 13 17 22 2
13 6 17 22 2
6 13 22 17 2
13 6 22 17 2
6 13 18 21 3
13 6 18 21 3
6 13 21 18 3
13 6 21 18 3
6 13 19 20 4
13 6 19 20 4
6 13 20 19 4
13 6 20 19 4
4 15 11 28 0
15 4 11 28 0
4 15 28 11 0
15 4 28 11 0
4 15 12 27 0
15 4 12 27 0
4 15 27 12 0
15 4 27 12 0
5 14 11 28 0
14 5 11 28 0
5 14 28 11 0
14 5 28 11 0
5 14 12 27 0
14 5 12 27 0
5 14 27 12 0
14 5 27 12 0
6 13 11 28 0
13 6 11 28 0
6 13 28 11 0
13 6 28 11 0
6 13 12 27 0
13 6 12 27 0
6 13 27 12 0
13 6 27 12 0
7 12 11 28 0
12 7 11 28 0
7 12 28 11 0
12 7 28 11 0
7 12 12 27 0
12 7 12 27 0
7 12 27 12 0
12 7 27 12 0
7 12 13 26 0
12 7 13 26 0
7 12 26 13 0
12 7 26 13 0
7 12 14 25 1
12 7 14 25 1
7 12 25 14 1
12 7 25 14 1
7 12 15 24 3
12 7 15 24 3
7 12 24 15 3
12 7 24 15 3
7 12 16 23 8
12 7 16 23 8
7 12 23 16 8
12 7 23 16 8
7 12 17 22 14
12 7 17 22 14
7 12 22 17 14
12 7 22 17 14
7 12 18 21 20
12 7 18 21 20
7 12 21 18 20
12 7 21 18 20
7 12 19 20 24
12 7 19 20 24
7 12 20 19 24
12 7 20 19 24
8 11 11 28 0
11 8 11 28 0
8 11 28 11 0
11 8 28 11 0
8 11 12 27 0
11 8 12 27 0
8 11 27 12 0
11 8 27 12 0
8 11 13 26 0
11 8 13 26 0
8 11 26 13 0
11 8 26 13 0
8 11 14 25 3
11 8 14 25 3
8 11 25 14 3
11 8 25 14 3
8 11 15 24 9
11 8 15 24 9
8 11 24 15 9
11 8 24 15 9
8 11 16 23 21
11 8 16 23 21
8 11 23 16 21
11 8 23 16 21
8 11 17 22 36
11 8 17 22 36
8 11 22 17 36
11 8 22 17 36
8 11 18 21 51
11 8 18 21 51
8 11 21 18 51
11 8 21 18 51
8 11 19 20 60
11 8 19 20 60
8 11 20 19 60
11 8 20 19 60
9 10 13 26 1
10 9 13 26 1
9 10 26 13 1
10 9 26 13 1
9 10 14 25 6
10 9 14 25 6
9 10 25 14 6
10 9 25 14 6
9 10 15 24 16
10 9 15 24 16
9 10 24 15 16
10 9 24 15 16
9 10 16 23 35
10 9 16 23 35
9 10 23 16 35
10 9 23 16 35
9 10 17 22 58
10 9 17 22 58
9 10 22 17 58
10 9 22 17 58
9 10 18 21 80
10 9 18 21 80
9 10 21 18 80
10 9 21 18 80
9 10 19 20 94
10 9 19 20 94
9 10 20 19 94
10 9 20 19 94
5 14 9 30 0
14 5 9 30 0
5 14 30 9 0
14 5 30 9 0
5 14 10 29 0
14 5 10 29 0
5 14 29 10 0
14 5 29 10 0
6 13 9 30 0
13 6 9 30 0
6 13 30 9 0
13 6 30 9 0
6 13 10 29 0
13 6 10 29 0
6 13 29 10 0
13 6 29 10 0
7 12 9 30 0
12 7 9 30 0
7 12 30 9 0
12 7 30 9 0
7 12 10 29 0
12 7 10 29 0
7 12 29 10 0
12 7 29 10 0
8 11 9 30 0
11 8 9 30 0
8 11 30 9 0
11 8 30 9 0
8 11 10 29 0
11 8 10 29 0
8 11 29 10 0
11 8 29 10 0
6 13 8 31 0
13 6 8 31 0
6 13 31 8 0
13 6 31 8 0
7 12 8 31 0
12 7 8 31 0
7 12 31 8 0
12 7 31 8 0
8 11 8 31 0
11 8 8 31 0
8 11 31 8 0
11 8 31 8 0
9 10 8 31 0
10 9 8 31 0
9 10 31 8 0
10 9 31 8 0
9 10 9 30 0
10 9 9 30 0
9 10 30 9 0
10 9 30 9 0
9 10 10 29 0
10 9 10 29 0
9 10 29 10 0
10 9 29 10 0
9 10 11 28 0
10 9 11 28 0
9 10 28 11 0
10 9 28 11 0
9 10 12 27 0
10 9 12 27 0
9 10 27 12 0
10 9 27 12 0
7 12 7 32 0
12 7 7 32 0
7 12 32 7 0
12 7 32 7 0
8 11 7 32 0
11 8 7 32 0
8 11 32 7 0
11 8 32 7 0
9 10 7 32 0
10 9 7 32 0
9 10 32 7 0
10 9 32 7 0
