11 18 23 36 0
18 11 23 36 0
11 18 36 23 0
18 11 36 23 0
11 18 24 35 0
18 11 24 35 0
11 18 35 24 0
18 11 35 24 0
11 18 25 34 0
18 11 25 34 0
11 18 34 25 0
18 11 34 25 0
11 18 26 33 0
18 11 26 33 0
11 18 33 26 0
18 11 33 26 0
11 18 27 32 0
18 11 27 32 0
11 18 32 27 0
18 11 32 27 0
11 18 28 31 0
18 11 28 31 0
11 18 31 28 0
18 11 31 28 0
11 18 29 30 0
18 11 29 30 0
11 18 30 29 0
18 11 30 29 0
12 17 23 36 0
17 12 23 36 0
12 17 36 23 0
17 12 36 23 0
12 17 24 35 0
17 12 24 35 0
12 17 35 24 0
17 12 35 24 0
12 17 25 34 0
17 12 25 34 0
12 17 34 25 0
17 12 34 25 0
12 17 26 33 0
17 12 26 33 0
12 17 33 26 0
17 12 33 26 0
12 17 27 32 0
17 12 27 32 0
12 17 32 27 0
17 12 32 27 0
12 17 28 31 0
17 12 28 31 0
12 17 31 28 0
17 12 31 28 0
12 17 29 30 0
17 12 29 30 0
12 17 30 29 0
17 12 30 29 0
13 16 23 36 0
16 13 23 36 0
13 16 36 23 0
16 13 36 23 0
13 16 24 35 0
16 13 24 35 0
13 16 35 24 0
16 13 35 24 0
13 16 25 34 0
16 13 25 34 0
13 16 34 25 0
16 13 34 25 0
13 16 26 33 0
16 13 26 33 0
13 16 33 26 0
16 13 33 26 0
13 16 27 32 0
16 13 27 32 0
13 16 32 27 0
16 13 32 27 0
13 16 28 31 0
16 13 28 31 0
13 16 31 28 0
16 13 31 28 0
13 16 29 30 0
16 13 29 30 0
13 16 30 29 0
16 13 30 29 0
14 15 23 36 0
15 14 23 36 0
14 15 36 23 0
15 14 36 23 0
14 15 24 35 0
15 14 24 35 0
14 15 35 24 0
15 14 35 24 0
14 15 25 34 0
15 14 25 34 0
14 15 34 25 0
15 14 34 25 0
14 15 26 33 0
15 14 26 33 0
14 15 33 26 0
15 14 33 26 0
14 15 27 32 0
15 14 27 32 0
14 15 32 27 0
15 14 32 27 0
14 15 28 31 0
15 14 28 31 0
14 15 31 28 0
15 14 31 28 0
14 15 29 30 0
15 14 29 30 0
14 15 30 29 0
15 14 30 29 0
12 17 22 37 0
17 12 22 37 0
12 17 37 22 0
17 12 37 22 0
13 16 22 37 0
16 13 22 37 0
13 16 37 22 0
16 13 37 22 0
14 15 22 37 0
15 14 22 37 0
14 15 37 22 0
15 14 37 22 0
