2 15 11 24 0
15 2 11 24 0
2 15 24 11 0
15 2 24 11 0
2 15 12 23 0
15 2 12 23 0
2 15 23 12 0
15 2 23 12 0
2 15 13 22 0
15 2 13 22 0
2 15 22 13 0
15 2 22 13 0
2 15 14 21 0
15 2 14 21 0
2 15 21 14 0
15 2 21 14 0
2 15 15 20 0
15 2 15 20 0
2 15 20 15 0
15 2 20 15 0
2 15 16 19 0
15 2 16 19 0
2 15 19 16 0
15 2 19 16 0
2 15 17 18 0
15 2 17 18 0
2 15 18 17 0
15 2 18 17 0
3 14 11 24 0
14 3 11 24 0
3 14 24 11 0
14 3 24 11 0
3 14 12 23 0
14 3 12 23 0
3 14 23 12 0
14 3 23 12 0
3 14 13 22 0
14 3 13 22 0
3 14 22 13 0
14 3 22 13 0
3 14 14 21 0
14 3 14 21 0
3 14 21 14 0
14 3 21 14 0
3 14 15 20 0
14 3 15 20 0
3 14 20 15 0
14 3 20 15 0
3 14 16 19 0
14 3 16 19 0
3 14 19 16 0
14 3 19 16 0
3 14 17 18 0
14 3 17 18 0
3 14 18 17 0
14 3 18 17 0
4 13 11 24 0
13 4 11 24 0
4 13 24 11 0
13 4 24 11 0
4 13 12 23 0
13 4 12 23 0
4 13 23 12 0
13 4 23 12 0
4 13 13 22 0
13 4 13 22 0
4 13 22 13 0
13 4 22 13 0
4 13 14 21 0
13 4 14 21 0
4 13 21 14 0
13 4 21 14 0
4 13 15 20 0
13 4 15 20 0
4 13 20 15 0
13 4 20 15 0
4 13 16 19 0
13 4 16 19 0
4 13 19 16 0
13 4 19 16 0
4 13 17 18 0
13 4 17 18 0
4 13 18 17 0
13 4 18 17 0
5 12 11 24 0
12 5 11 24 0
5 12 24 11 0
12 5 24 11 0
5 12 12 23 0
12 5 12 23 0
5 12 23 12 0
12 5 23 12 0
5 12 13 22 1
12 5 13 22 1
5 12 22 13 1
12 5 22 13 1
5 12 14 21 2
12 5 14 21 2
5 12 21 14 2
12 5 21 14 2
5 12 15 20 4
12 5 15 20 4
5 12 20 15 4
12 5 20 15 4
5 12 16 19 5
12 5 16 19 5
5 12 19 16 5
12 5 19 16 5
5 12 17 18 6
12 5 17 18 6
5 12 18 17 6
12 5 18 17 6
3 14 10 25 0
14 3 10 25 0
3 14 25 10 0
14 3 25 10 0
4 13 10 25 0
13 4 10 25 0
4 13 25 10 0
13 4 25 10 0
5 12 10 25 0
12 5 10 25 0
5 12 25 10 0
12 5 25 10 0
6 11 10 25 0
11 6 10 25 0
6 11 25 10 0
11 6 25 10 0
6 11 11 24 0
11 6 11 24 0
6 11 24 11 0
11 6 24 11 0
6 11 12 23 1
11 6 12 23 1
6 11 23 12 1
11 6 23 12 1
6 11 13 22 4
11 6 13 22 4
6 11 22 13 4
11 6 22 13 4
6 11 14 21 9
11 6 14 21 9
6 11 21 14 9
11 6 21 14 9
6 11 15 20 16
11 6 15 20 16
6 11 20 15 16
11 6 20 15 16
6 11 16 19 22
11 6 16 19 22
6 11 19 16 22
11 6 19 16 22
6 11 17 18 26
11 6 17 18 26
6 11 18 17 26
11 6 18 17 26
7 10 11 24 1
10 7 11 24 1
7 10 24 11 1
10 7 24 11 1
7 10 12 23 4
10 7 12 23 4
7 10 23 12 4
10 7 23 12 4
7 10 13 22 12
10 7 13 22 12
7 10 22 13 12
10 7 22 13 12
7 10 14 21 24
10 7 14 21 24
7 10 21 14 24
10 7 21 14 24
7 10 15 20 40
10 7 15 20 40
7 10 20 15 40
10 7 20 15 40
7 10 16 19 54
10 7 16 19 54
7 10 19 16 54
10 7 19 16 54
7 10 17 18 63
10 7 17 18 63
7 10 18 17 63
10 7 18 17 63
3 14 9 26 0
14 3 9 26 0
3 14 26 9 0
14 3 26 9 0
4 13 9 26 0
13 4 9 26 0
4 13 26 9 0
13 4 26 9 0
5 12 9 26 0
12 5 9 26 0
5 12 26 9 0
12 5 26 9 0
6 11 9 26 0
11 6 9 26 0
6 11 26 9 0
11 6 26 9 0
4 13 7 28 0
13 4 7 28 0
4 13 28 7 0
13 4 28 7 0
4 13 8 27 0
13 4 8 27 0
4 13 27 8 0
13 4 27 8 0
5 12 7 28 0
12 5 7 28 0
5 12 28 7 0
12 5 28 7 0
5 12 8 27 0
12 5 8 27 0
5 12 27 8 0
12 5 27 8 0
6 11 7 28 0
11 6 7 28 0
6 11 28 7 0
11 6 28 7 0
6 11 8 27 0
11 6 8 27 0
6 11 27 8 0
11 6 27 8 0
7 10 7 28 0
10 7 7 28 0
7 10 28 7 0
10 7 28 7 0
7 10 8 27 0
10 7 8 27 0
7 10 27 8 0
10 7 27 8 0
7 10 9 26 0
10 7 9 26 0
7 10 26 9 0
10 7 26 9 0
7 10 10 25 0
10 7 10 25 0
7 10 25 10 0
10 7 25 10 0
8 9 7 28 0
9 8 7 28 0
8 9 28 7 0
9 8 28 7 0
8 9 8 27 0
9 8 8 27 0
8 9 27 8 0
9 8 27 8 0
8 9 9 26 0
9 8 9 26 0
8 9 26 9 0
9 8 26 9 0
8 9 10 25 0
9 8 10 25 0
8 9 25 10 0
9 8 25 10 0
8 9 11 24 2
9 8 11 24 2
8 9 24 11 2
9 8 24 11 2
8 9 12 23 7
9 8 12 23 7
8 9 23 12 7
9 8 23 12 7
8 9 13 22 19
9 8 13 22 19
8 9 22 13 19
9 8 22 13 19
8 9 14 21 37
9 8 14 21 37
8 9 21 14 37
9 8 21 14 37
8 9 15 20 60
9 8 15 20 60
8 9 20 15 60
9 8 20 15 60
8 9 16 19 81
9 8 16 19 81
8 9 19 16 81
9 8 19 16 81
8 9 17 18 94
9 8 17 18 94
8 9 18 17 94
9 8 18 17 94
5 12 6 29 0
12 5 6 29 0
5 12 29 6 0
12 5 29 6 0
6 11 6 29 0
11 6 6 29 0
6 11 29 6 0
11 6 29 6 0
7 10 6 29 0
10 7 6 29 0
7 10 29 6 0
10 7 29 6 0
8 9 6 29 0
9 8 6 29 0
8 9 29 6 0
9 8 29 6 0
6 11 5 30 0
11 6 5 30 0
6 11 30 5 0
11 6 30 5 0
7 10 5 30 0
10 7 5 30 0
7 10 30 5 0
10 7 30 5 0
8 9 5 30 0
9 8 5 30 0
8 9 30 5 0
9 8 30 5 0
