1 12 10 17 0
12 1 10 17 0
1 12 17 10 0
12 1 17 10 0
1 12 11 16 0
12 1 11 16 0
1 12 16 11 0
12 1 16 11 0
1 12 12 15 0
12 1 12 15 0
1 12 15 12 0
12 1 15 12 0
1 12 13 14 0
12 1 13 14 0
1 12 14 13 0
12 1 14 13 0
2 11 10 17 0
11 2 10 17 0
2 11 17 10 0
11 2 17 10 0
2 11 11 16 0
11 2 11 16 0
2 11 16 11 0
11 2 16 11 0
2 11 12 15 0
11 2 12 15 0
2 11 15 12 0
11 2 15 12 0
2 11 13 14 0
11 2 13 14 0
2 11 14 13 0
11 2 14 13 0
3 10 10 17 2
10 3 10 17 2
3 10 17 10 2
10 3 17 10 2
3 10 11 16 3
10 3 11 16 3
3 10 16 11 3
10 3 16 11 3
3 10 12 15 4
10 3 12 15 4
3 10 15 12 4
10 3 15 12 4
3 10 13 14 4
10 3 13 14 4
3 10 14 13 4
10 3 14 13 4
2 11 7 20 0
11 2 7 20 0
2 11 20 7 0
11 2 20 7 0
2 11 8 19 0
11 2 8 19 0
2 11 19 8 0
11 2 19 8 0
2 11 9 18 0
11 2 9 18 0
2 11 18 9 0
11 2 18 9 0
3 10 7 20 0
10 3 7 20 0
3 10 20 7 0
10 3 20 7 0
3 10 8 19 0
10 3 8 19 0
3 10 19 8 0
10 3 19 8 0
3 10 9 18 1
10 3 9 18 1
3 10 18 9 1
10 3 18 9 1
3 10 6 21 0
10 3 6 21 0
3 10 21 6 0
10 3 21 6 0
4 9 6 21 0
9 4 6 21 0
4 9 21 6 0
9 4 21 6 0
4 9 7 20 0
9 4 7 20 0
4 9 20 7 0
9 4 20 7 0
4 9 8 19 0
9 4 8 19 0
4 9 19 8 0
9 4 19 8 0
4 9 9 18 2
9 4 9 18 2
4 9 18 9 2
9 4 18 9 2
4 9 10 17 5
9 4 10 17 5
4 9 17 10 5
9 4 17 10 5
4 9 11 16 9
9 4 11 16 9
4 9 16 11 9
9 4 16 11 9
4 9 12 15 12
9 4 12 15 12
4 9 15 12 12
9 4 15 12 12
4 9 13 14 13
9 4 13 14 13
4 9 14 13 13
9 4 14 13 13
5 8 7 20 1
8 5 7 20 1
5 8 20 7 1
8 5 20 7 1
5 8 8 19 2
8 5 8 19 2
5 8 19 8 2
8 5 19 8 2
5 8 9 18 6
8 5 9 18 6
5 8 18 9 6
8 5 18 9 6
5 8 10 17 12
8 5 10 17 12
5 8 17 10 12
8 5 17 10 12
5 8 11 16 20
8 5 11 16 20
5 8 16 11 20
8 5 16 11 20
5 8 12 15 27
8 5 12 15 27
5 8 15 12 27
8 5 15 12 27
5 8 13 14 31
8 5 13 14 31
5 8 14 13 31
8 5 14 13 31
4 9 4 23 0
9 4 4 23 0
4 9 23 4 0
9 4 23 4 0
4 9 5 22 0
9 4 5 22 0
4 9 22 5 0
9 4 22 5 0
5 8 4 23 0
8 5 4 23 0
5 8 23 4 0
8 5 23 4 0
5 8 5 22 0
8 5 5 22 0
5 8 22 5 0
8 5 22 5 0
5 8 6 21 0
8 5 6 21 0
5 8 21 6 0
8 5 21 6 0
6 7 4 23 0
7 6 4 23 0
6 7 23 4 0
7 6 23 4 0
6 7 5 22 0
7 6 5 22 0
6 7 22 5 0
7 6 22 5 0
6 7 6 21 0
7 6 6 21 0
6 7 21 6 0
7 6 21 6 0
6 7 7 20 1
7 6 7 20 1
6 7 20 7 1
7 6 20 7 1
6 7 8 19 3
7 6 8 19 3
6 7 19 8 3
7 6 19 8 3
6 7 9 18 9
7 6 9 18 9
6 7 18 9 9
7 6 18 9 9
6 7 10 17 17
7 6 10 17 17
6 7 17 10 17
7 6 17 10 17
6 7 11 16 28
7 6 11 16 28
6 7 16 11 28
7 6 16 11 28
6 7 12 15 38
7 6 12 15 38
6 7 15 12 38
7 6 15 12 38
6 7 13 14 44
7 6 13 14 44
6 7 14 13 44
7 6 14 13 44
6 7 3 24 0
7 6 3 24 0
6 7 24 3 0
7 6 24 3 0
