0 13 10 17 0
13 0 10 17 0
0 13 17 10 0
13 0 17 10 0
0 13 11 16 0
13 0 11 16 0
0 13 16 11 0
13 0 16 11 0
0 13 12 15 0
13 0 12 15 0
0 13 15 12 0
13 0 15 12 0
0 13 13 14 0
13 0 13 14 0
0 13 14 13 0
13 0 14 13 0
1 12 10 17 0
12 1 10 17 0
1 12 17 10 0
12 1 17 10 0
1 12 11 16 0
12 1 11 16 0
1 12 16 11 0
12 1 16 11 0
1 12 12 15 0
12 1 12 15 0
1 12 15 12 0
12 1 15 12 0
1 12 13 14 0
12 1 13 14 0
1 12 14 13 0
12 1 14 13 0
2 11 10 17 0
11 2 10 17 0
2 11 17 10 0
11 2 17 10 0
2 11 11 16 0
11 2 11 16 0
2 11 16 11 0
11 2 16 11 0
2 11 12 15 0
11 2 12 15 0
2 11 15 12 0
11 2 15 12 0
2 11 13 14 0
11 2 13 14 0
2 11 14 13 0
11 2 14 13 0
3 10 10 17 1
10 3 10 17 1
3 10 17 10 1
10 3 17 10 1
3 10 11 16 1
10 3 11 16 1
3 10 16 11 1
10 3 16 11 1
3 10 12 15 1
10 3 12 15 1
3 10 15 12 1
10 3 15 12 1
3 10 13 14 1
10 3 13 14 1
3 10 14 13 1
10 3 14 13 1
1 12 6 21 0
12 1 6 21 0
1 12 21 6 0
12 1 21 6 0
1 12 7 20 0
12 1 7 20 0
1 12 20 7 0
12 1 20 7 0
1 12 8 19 0
12 1 8 19 0
1 12 19 8 0
12 1 19 8 0
1 12 9 18 0
12 1 9 18 0
1 12 18 9 0
12 1 18 9 0
2 11 6 21 0
11 2 6 21 0
2 11 21 6 0
11 2 21 6 0
2 11 7 20 0
11 2 7 20 0
2 11 20 7 0
11 2 20 7 0
2 11 8 19 0
11 2 8 19 0
2 11 19 8 0
11 2 19 8 0
2 11 9 18 0
11 2 9 18 0
2 11 18 9 0
11 2 18 9 0
3 10 6 21 0
10 3 6 21 0
3 10 21 6 0
10 3 21 6 0
3 10 7 20 0
10 3 7 20 0
3 10 20 7 0
10 3 20 7 0
3 10 8 19 0
10 3 8 19 0
3 10 19 8 0
10 3 19 8 0
3 10 9 18 0
10 3 9 18 0
3 10 18 9 0
10 3 18 9 0
4 9 6 21 0
9 4 6 21 0
4 9 21 6 0
9 4 21 6 0
4 9 7 20 0
9 4 7 20 0
4 9 20 7 0
9 4 20 7 0
4 9 8 19 0
9 4 8 19 0
4 9 19 8 0
9 4 19 8 0
4 9 9 18 0
9 4 9 18 0
4 9 18 9 0
9 4 18 9 0
4 9 10 17 1
9 4 10 17 1
4 9 17 10 1
9 4 17 10 1
4 9 11 16 2
9 4 11 16 2
4 9 16 11 2
9 4 16 11 2
4 9 12 15 2
9 4 12 15 2
4 9 15 12 2
9 4 15 12 2
4 9 13 14 2
9 4 13 14 2
4 9 14 13 2
9 4 14 13 2
5 8 6 21 0
8 5 6 21 0
5 8 21 6 0
8 5 21 6 0
5 8 7 20 0
8 5 7 20 0
5 8 20 7 0
8 5 20 7 0
5 8 8 19 0
8 5 8 19 0
5 8 19 8 0
8 5 19 8 0
5 8 9 18 0
8 5 9 18 0
5 8 18 9 0
8 5 18 9 0
5 8 10 17 1
8 5 10 17 1
5 8 17 10 1
8 5 17 10 1
5 8 11 16 2
8 5 11 16 2
5 8 16 11 2
8 5 16 11 2
5 8 12 15 3
8 5 12 15 3
5 8 15 12 3
8 5 15 12 3
5 8 13 14 3
8 5 13 14 3
5 8 14 13 3
8 5 14 13 3
2 11 4 23 0
11 2 4 23 0
2 11 23 4 0
11 2 23 4 0
2 11 5 22 0
11 2 5 22 0
2 11 22 5 0
11 2 22 5 0
3 10 4 23 0
10 3 4 23 0
3 10 23 4 0
10 3 23 4 0
3 10 5 22 0
10 3 5 22 0
3 10 22 5 0
10 3 22 5 0
4 9 4 23 0
9 4 4 23 0
4 9 23 4 0
9 4 23 4 0
4 9 5 22 0
9 4 5 22 0
4 9 22 5 0
9 4 22 5 0
5 8 4 23 0
8 5 4 23 0
5 8 23 4 0
8 5 23 4 0
5 8 5 22 0
8 5 5 22 0
5 8 22 5 0
8 5 22 5 0
3 10 3 24 0
10 3 3 24 0
3 10 24 3 0
10 3 24 3 0
4 9 3 24 0
9 4 3 24 0
4 9 24 3 0
9 4 24 3 0
5 8 3 24 0
8 5 3 24 0
5 8 24 3 0
8 5 24 3 0
6 7 3 24 0
7 6 3 24 0
6 7 24 3 0
7 6 24 3 0
6 7 4 23 0
7 6 4 23 0
6 7 23 4 0
7 6 23 4 0
6 7 5 22 0
7 6 5 22 0
6 7 22 5 0
7 6 22 5 0
6 7 6 21 0
7 6 6 21 0
6 7 21 6 0
7 6 21 6 0
6 7 7 20 0
7 6 7 20 0
6 7 20 7 0
7 6 20 7 0
6 7 8 19 0
7 6 8 19 0
6 7 19 8 0
7 6 19 8 0
6 7 9 18 0
7 6 9 18 0
6 7 18 9 0
7 6 18 9 0
6 7 10 17 1
7 6 10 17 1
6 7 17 10 1
7 6 17 10 1
6 7 11 16 2
7 6 11 16 2
6 7 16 11 2
7 6 16 11 2
6 7 12 15 3
7 6 12 15 3
6 7 15 12 3
7 6 15 12 3
6 7 13 14 4
7 6 13 14 4
6 7 14 13 4
7 6 14 13 4
4 9 2 25 0
9 4 2 25 0
4 9 25 2 0
9 4 25 2 0
5 8 2 25 0
8 5 2 25 0
5 8 25 2 0
8 5 25 2 0
6 7 2 25 0
7 6 2 25 0
6 7 25 2 0
7 6 25 2 0
