5 18 20 27 0
18 5 20 27 0
5 18 27 20 0
18 5 27 20 0
5 18 21 26 0
18 5 21 26 0
5 18 26 21 0
18 5 26 21 0
5 18 22 25 0
18 5 22 25 0
5 18 25 22 0
18 5 25 22 0
5 18 23 24 0
18 5 23 24 0
5 18 24 23 0
18 5 24 23 0
6 17 20 27 0
17 6 20 27 0
6 17 27 20 0
17 6 27 20 0
6 17 21 26 0
17 6 21 26 0
6 17 26 21 0
17 6 26 21 0
6 17 22 25 0
17 6 22 25 0
6 17 25 22 0
17 6 25 22 0
6 17 23 24 0
17 6 23 24 0
6 17 24 23 0
17 6 24 23 0
7 16 20 27 0
16 7 20 27 0
7 16 27 20 0
16 7 27 20 0
7 16 21 26 0
16 7 21 26 0
7 16 26 21 0
16 7 26 21 0
7 16 22 25 0
16 7 22 25 0
7 16 25 22 0
16 7 25 22 0
7 16 23 24 0
16 7 23 24 0
7 16 24 23 0
16 7 24 23 0
8 15 20 27 0
15 8 20 27 0
8 15 27 20 0
15 8 27 20 0
8 15 21 26 0
15 8 21 26 0
8 15 26 21 0
15 8 26 21 0
8 15 22 25 0
15 8 22 25 0
8 15 25 22 0
15 8 25 22 0
8 15 23 24 0
15 8 23 24 0
8 15 24 23 0
15 8 24 23 0
6 17 16 31 0
17 6 16 31 0
6 17 31 16 0
17 6 31 16 0
6 17 17 30 0
17 6 17 30 0
6 17 30 17 0
17 6 30 17 0
6 17 18 29 0
17 6 18 29 0
6 17 29 18 0
17 6 29 18 0
6 17 19 28 0
17 6 19 28 0
6 17 28 19 0
17 6 28 19 0
7 16 16 31 0
16 7 16 31 0
7 16 31 16 0
16 7 31 16 0
7 16 17 30 0
16 7 17 30 0
7 16 30 17 0
16 7 30 17 0
7 16 18 29 0
16 7 18 29 0
7 16 29 18 0
16 7 29 18 0
7 16 19 28 0
16 7 19 28 0
7 16 28 19 0
16 7 28 19 0
8 15 16 31 0
15 8 16 31 0
8 15 31 16 0
15 8 31 16 0
8 15 17 30 0
15 8 17 30 0
8 15 30 17 0
15 8 30 17 0
8 15 18 29 0
15 8 18 29 0
8 15 29 18 0
15 8 29 18 0
8 15 19 28 0
15 8 19 28 0
8 15 28 19 0
15 8 28 19 0
9 14 16 31 0
14 9 16 31 0
9 14 31 16 0
14 9 31 16 0
9 14 17 30 0
14 9 17 30 0
9 14 30 17 0
14 9 30 17 0
9 14 18 29 0
14 9 18 29 0
9 14 29 18 0
14 9 29 18 0
9 14 19 28 0
14 9 19 28 0
9 14 28 19 0
14 9 28 19 0
9 14 20 27 0
14 9 20 27 0
9 14 27 20 0
14 9 27 20 0
9 14 21 26 1
14 9 21 26 1
9 14 26 21 1
14 9 26 21 1
9 14 22 25 2
14 9 22 25 2
9 14 25 22 2
14 9 25 22 2
9 14 23 24 3
14 9 23 24 3
9 14 24 23 3
14 9 24 23 3
7 16 14 33 0
16 7 14 33 0
7 16 33 14 0
16 7 33 14 0
7 16 15 32 0
16 7 15 32 0
7 16 32 15 0
16 7 32 15 0
8 15 14 33 0
15 8 14 33 0
8 15 33 14 0
15 8 33 14 0
8 15 15 32 0
15 8 15 32 0
8 15 32 15 0
15 8 32 15 0
9 14 14 33 0
14 9 14 33 0
9 14 33 14 0
14 9 33 14 0
9 14 15 32 0
14 9 15 32 0
9 14 32 15 0
14 9 32 15 0
10 13 14 33 0
13 10 14 33 0
10 13 33 14 0
13 10 33 14 0
10 13 15 32 0
13 10 15 32 0
10 13 32 15 0
13 10 32 15 0
10 13 16 31 0
13 10 16 31 0
10 13 31 16 0
13 10 31 16 0
10 13 17 30 0
13 10 17 30 0
10 13 30 17 0
13 10 30 17 0
10 13 18 29 0
13 10 18 29 0
10 13 29 18 0
13 10 29 18 0
10 13 19 28 1
13 10 19 28 1
10 13 28 19 1
13 10 28 19 1
10 13 20 27 3
13 10 20 27 3
10 13 27 20 3
13 10 27 20 3
10 13 21 26 7
13 10 21 26 7
10 13 26 21 7
13 10 26 21 7
10 13 22 25 11
13 10 22 25 11
10 13 25 22 11
13 10 25 22 11
10 13 23 24 14
13 10 23 24 14
10 13 24 23 14
13 10 24 23 14
11 12 14 33 0
12 11 14 33 0
11 12 33 14 0
12 11 33 14 0
11 12 15 32 0
12 11 15 32 0
11 12 32 15 0
12 11 32 15 0
11 12 16 31 0
12 11 16 31 0
11 12 31 16 0
12 11 31 16 0
11 12 17 30 0
12 11 17 30 0
11 12 30 17 0
12 11 30 17 0
11 12 18 29 0
12 11 18 29 0
11 12 29 18 0
12 11 29 18 0
11 12 19 28 2
12 11 19 28 2
11 12 28 19 2
12 11 28 19 2
11 12 20 27 6
12 11 20 27 6
11 12 27 20 6
12 11 27 20 6
11 12 21 26 13
12 11 21 26 13
11 12 26 21 13
12 11 26 21 13
11 12 22 25 20
12 11 22 25 20
11 12 25 22 20
12 11 25 22 20
11 12 23 24 25
12 11 23 24 25
11 12 24 23 25
12 11 24 23 25
8 15 13 34 0
15 8 13 34 0
8 15 34 13 0
15 8 34 13 0
9 14 13 34 0
14 9 13 34 0
9 14 34 13 0
14 9 34 13 0
10 13 13 34 0
13 10 13 34 0
10 13 34 13 0
13 10 34 13 0
11 12 13 34 0
12 11 13 34 0
11 12 34 13 0
12 11 34 13 0
9 14 12 35 0
14 9 12 35 0
9 14 35 12 0
14 9 35 12 0
10 13 12 35 0
13 10 12 35 0
10 13 35 12 0
13 10 35 12 0
11 12 12 35 0
12 11 12 35 0
11 12 35 12 0
12 11 35 12 0
