2 13 11 20 0
13 2 11 20 0
2 13 20 11 0
13 2 20 11 0
2 13 12 19 0
13 2 12 19 0
2 13 19 12 0
13 2 19 12 0
2 13 13 18 0
13 2 13 18 0
2 13 18 13 0
13 2 18 13 0
2 13 14 17 0
13 2 14 17 0
2 13 17 14 0
13 2 17 14 0
3 12 11 20 0
12 3 11 20 0
3 12 20 11 0
12 3 20 11 0
3 12 12 19 0
12 3 12 19 0
3 12 19 12 0
12 3 19 12 0
3 12 13 18 0
12 3 13 18 0
3 12 18 13 0
12 3 18 13 0
3 12 14 17 0
12 3 14 17 0
3 12 17 14 0
12 3 17 14 0
2 13 15 16 0
13 2 15 16 0
2 13 16 15 0
13 2 16 15 0
3 12 15 16 0
12 3 15 16 0
3 12 16 15 0
12 3 16 15 0
3 12 10 21 0
12 3 10 21 0
3 12 21 10 0
12 3 21 10 0
4 11 10 21 0
11 4 10 21 0
4 11 21 10 0
11 4 21 10 0
4 11 11 20 0
11 4 11 20 0
4 11 20 11 0
11 4 20 11 0
4 11 12 19 1
11 4 12 19 1
4 11 19 12 1
11 4 19 12 1
4 11 13 18 1
11 4 13 18 1
4 11 18 13 1
11 4 18 13 1
4 11 14 17 1
11 4 14 17 1
4 11 17 14 1
11 4 17 14 1
4 11 15 16 1
11 4 15 16 1
4 11 16 15 1
11 4 16 15 1
5 10 11 20 0
10 5 11 20 0
5 10 20 11 0
10 5 20 11 0
5 10 12 19 1
10 5 12 19 1
5 10 19 12 1
10 5 19 12 1
5 10 13 18 2
10 5 13 18 2
5 10 18 13 2
10 5 18 13 2
5 10 14 17 2
10 5 14 17 2
5 10 17 14 2
10 5 17 14 2
5 10 15 16 2
10 5 15 16 2
5 10 16 15 2
10 5 16 15 2
3 12 9 22 0
12 3 9 22 0
3 12 22 9 0
12 3 22 9 0
4 11 9 22 0
11 4 9 22 0
4 11 22 9 0
11 4 22 9 0
4 11 7 24 0
11 4 7 24 0
4 11 24 7 0
11 4 24 7 0
4 11 8 23 0
11 4 8 23 0
4 11 23 8 0
11 4 23 8 0
5 10 7 24 0
10 5 7 24 0
5 10 24 7 0
10 5 24 7 0
5 10 8 23 0
10 5 8 23 0
5 10 23 8 0
10 5 23 8 0
5 10 9 22 0
10 5 9 22 0
5 10 22 9 0
10 5 22 9 0
5 10 10 21 0
10 5 10 21 0
5 10 21 10 0
10 5 21 10 0
6 9 7 24 0
9 6 7 24 0
6 9 24 7 0
9 6 24 7 0
6 9 8 23 0
9 6 8 23 0
6 9 23 8 0
9 6 23 8 0
6 9 9 22 0
9 6 9 22 0
6 9 22 9 0
9 6 22 9 0
6 9 10 21 0
9 6 10 21 0
6 9 21 10 0
9 6 21 10 0
6 9 11 20 0
9 6 11 20 0
6 9 20 11 0
9 6 20 11 0
6 9 12 19 1
9 6 12 19 1
6 9 19 12 1
9 6 19 12 1
6 9 13 18 2
9 6 13 18 2
6 9 18 13 2
9 6 18 13 2
6 9 14 17 3
9 6 14 17 3
6 9 17 14 3
9 6 17 14 3
6 9 15 16 3
9 6 15 16 3
6 9 16 15 3
9 6 16 15 3
7 8 9 22 0
8 7 9 22 0
7 8 22 9 0
8 7 22 9 0
7 8 10 21 0
8 7 10 21 0
7 8 21 10 0
8 7 21 10 0
7 8 11 20 0
8 7 11 20 0
7 8 20 11 0
8 7 20 11 0
7 8 12 19 1
8 7 12 19 1
7 8 19 12 1
8 7 19 12 1
7 8 13 18 2
8 7 13 18 2
7 8 18 13 2
8 7 18 13 2
7 8 14 17 3
8 7 14 17 3
7 8 17 14 3
8 7 17 14 3
7 8 15 16 4
8 7 15 16 4
7 8 16 15 4
8 7 16 15 4
5 10 6 25 0
10 5 6 25 0
5 10 25 6 0
10 5 25 6 0
6 9 6 25 0
9 6 6 25 0
6 9 25 6 0
9 6 25 6 0
6 9 5 26 0
9 6 5 26 0
6 9 26 5 0
9 6 26 5 0
7 8 5 26 0
8 7 5 26 0
7 8 26 5 0
8 7 26 5 0
7 8 6 25 0
8 7 6 25 0
7 8 25 6 0
8 7 25 6 0
7 8 7 24 0
8 7 7 24 0
7 8 24 7 0
8 7 24 7 0
7 8 8 23 0
8 7 8 23 0
7 8 23 8 0
8 7 23 8 0
