4 17 16 27 0
17 4 16 27 0
4 17 27 16 0
17 4 27 16 0
4 17 17 26 0
17 4 17 26 0
4 17 26 17 0
17 4 26 17 0
4 17 18 25 0
17 4 18 25 0
4 17 25 18 0
17 4 25 18 0
4 17 19 24 0
17 4 19 24 0
4 17 24 19 0
17 4 24 19 0
4 17 20 23 0
17 4 20 23 0
4 17 23 20 0
17 4 23 20 0
4 17 21 22 0
17 4 21 22 0
4 17 22 21 0
17 4 22 21 0
5 16 16 27 0
16 5 16 27 0
5 16 27 16 0
16 5 27 16 0
5 16 17 26 0
16 5 17 26 0
5 16 26 17 0
16 5 26 17 0
5 16 18 25 0
16 5 18 25 0
5 16 25 18 0
16 5 25 18 0
5 16 19 24 0
16 5 19 24 0
5 16 24 19 0
16 5 24 19 0
5 16 20 23 0
16 5 20 23 0
5 16 23 20 0
16 5 23 20 0
5 16 21 22 0
16 5 21 22 0
5 16 22 21 0
16 5 22 21 0
6 15 16 27 0
15 6 16 27 0
6 15 27 16 0
15 6 27 16 0
6 15 17 26 0
15 6 17 26 0
6 15 26 17 0
15 6 26 17 0
6 15 18 25 0
15 6 18 25 0
6 15 25 18 0
15 6 25 18 0
6 15 19 24 0
15 6 19 24 0
6 15 24 19 0
15 6 24 19 0
6 15 20 23 0
15 6 20 23 0
6 15 23 20 0
15 6 23 20 0
6 15 21 22 0
15 6 21 22 0
6 15 22 21 0
15 6 22 21 0
7 14 16 27 0
14 7 16 27 0
7 14 27 16 0
14 7 27 16 0
7 14 17 26 0
14 7 17 26 0
7 14 26 17 0
14 7 26 17 0
7 14 18 25 0
14 7 18 25 0
7 14 25 18 0
14 7 25 18 0
7 14 19 24 0
14 7 19 24 0
7 14 24 19 0
14 7 24 19 0
7 14 20 23 1
14 7 20 23 1
7 14 23 20 1
14 7 23 20 1
7 14 21 22 1
14 7 21 22 1
7 14 22 21 1
14 7 22 21 1
5 16 13 30 0
16 5 13 30 0
5 16 30 13 0
16 5 30 13 0
5 16 14 29 0
16 5 14 29 0
5 16 29 14 0
16 5 29 14 0
5 16 15 28 0
16 5 15 28 0
5 16 28 15 0
16 5 28 15 0
6 15 13 30 0
15 6 13 30 0
6 15 30 13 0
15 6 30 13 0
6 15 14 29 0
15 6 14 29 0
6 15 29 14 0
15 6 29 14 0
6 15 15 28 0
15 6 15 28 0
6 15 28 15 0
15 6 28 15 0
7 14 13 30 0
14 7 13 30 0
7 14 30 13 0
14 7 30 13 0
7 14 14 29 0
14 7 14 29 0
7 14 29 14 0
14 7 29 14 0
7 14 15 28 0
14 7 15 28 0
7 14 28 15 0
14 7 28 15 0
8 13 13 30 0
13 8 13 30 0
8 13 30 13 0
13 8 30 13 0
8 13 14 29 0
13 8 14 29 0
8 13 29 14 0
13 8 29 14 0
8 13 15 28 0
13 8 15 28 0
8 13 28 15 0
13 8 28 15 0
8 13 16 27 0
13 8 16 27 0
8 13 27 16 0
13 8 27 16 0
8 13 17 26 1
13 8 17 26 1
8 13 26 17 1
13 8 26 17 1
8 13 18 25 3
13 8 18 25 3
8 13 25 18 3
13 8 25 18 3
8 13 19 24 6
13 8 19 24 6
8 13 24 19 6
13 8 24 19 6
8 13 20 23 10
13 8 20 23 10
8 13 23 20 10
13 8 23 20 10
8 13 21 22 12
13 8 21 22 12
8 13 22 21 12
13 8 22 21 12
6 15 12 31 0
15 6 12 31 0
6 15 31 12 0
15 6 31 12 0
7 14 12 31 0
14 7 12 31 0
7 14 31 12 0
14 7 31 12 0
8 13 12 31 0
13 8 12 31 0
8 13 31 12 0
13 8 31 12 0
9 12 12 31 0
12 9 12 31 0
9 12 31 12 0
12 9 31 12 0
9 12 13 30 0
12 9 13 30 0
9 12 30 13 0
12 9 30 13 0
9 12 14 29 0
12 9 14 29 0
9 12 29 14 0
12 9 29 14 0
9 12 15 28 0
12 9 15 28 0
9 12 28 15 0
12 9 28 15 0
9 12 16 27 1
12 9 16 27 1
9 12 27 16 1
12 9 27 16 1
9 12 17 26 4
12 9 17 26 4
9 12 26 17 4
12 9 26 17 4
9 12 18 25 11
12 9 18 25 11
9 12 25 18 11
12 9 25 18 11
9 12 19 24 20
12 9 19 24 20
9 12 24 19 20
12 9 24 19 20
9 12 20 23 30
12 9 20 23 30
9 12 23 20 30
12 9 23 20 30
9 12 21 22 36
12 9 21 22 36
9 12 22 21 36
12 9 22 21 36
10 11 13 30 0
11 10 13 30 0
10 11 30 13 0
11 10 30 13 0
10 11 14 29 0
11 10 14 29 0
10 11 29 14 0
11 10 29 14 0
10 11 15 28 0
11 10 15 28 0
10 11 28 15 0
11 10 28 15 0
10 11 16 27 2
11 10 16 27 2
10 11 27 16 2
11 10 27 16 2
10 11 17 26 8
11 10 17 26 8
10 11 26 17 8
11 10 26 17 8
10 11 18 25 19
11 10 18 25 19
10 11 25 18 19
11 10 25 18 19
10 11 19 24 34
11 10 19 24 34
10 11 24 19 34
11 10 24 19 34
10 11 20 23 50
11 10 20 23 50
10 11 23 20 50
11 10 23 20 50
10 11 21 22 59
11 10 21 22 59
10 11 22 21 59
11 10 22 21 59
7 14 10 33 0
14 7 10 33 0
7 14 33 10 0
14 7 33 10 0
7 14 11 32 0
14 7 11 32 0
7 14 32 11 0
14 7 32 11 0
8 13 10 33 0
13 8 10 33 0
8 13 33 10 0
13 8 33 10 0
8 13 11 32 0
13 8 11 32 0
8 13 32 11 0
13 8 32 11 0
9 12 10 33 0
12 9 10 33 0
9 12 33 10 0
12 9 33 10 0
9 12 11 32 0
12 9 11 32 0
9 12 32 11 0
12 9 32 11 0
10 11 10 33 0
11 10 10 33 0
10 11 33 10 0
11 10 33 10 0
10 11 11 32 0
11 10 11 32 0
10 11 32 11 0
11 10 32 11 0
10 11 12 31 0
11 10 12 31 0
10 11 31 12 0
11 10 31 12 0
9 12 9 34 0
12 9 9 34 0
9 12 34 9 0
12 9 34 9 0
10 11 9 34 0
11 10 9 34 0
10 11 34 9 0
11 10 34 9 0
