11 18 23 34 0
18 11 23 34 0
11 18 34 23 0
18 11 34 23 0
11 18 24 33 0
18 11 24 33 0
11 18 33 24 0
18 11 33 24 0
11 18 25 32 0
18 11 25 32 0
11 18 32 25 0
18 11 32 25 0
11 18 26 31 0
18 11 26 31 0
11 18 31 26 0
18 11 31 26 0
11 18 27 30 0
18 11 27 30 0
11 18 30 27 0
18 11 30 27 0
11 18 28 29 0
18 11 28 29 0
11 18 29 28 0
18 11 29 28 0
12 17 23 34 0
17 12 23 34 0
12 17 34 23 0
17 12 34 23 0
12 17 24 33 0
17 12 24 33 0
12 17 33 24 0
17 12 33 24 0
12 17 25 32 0
17 12 25 32 0
12 17 32 25 0
17 12 32 25 0
12 17 26 31 0
17 12 26 31 0
12 17 31 26 0
17 12 31 26 0
12 17 27 30 0
17 12 27 30 0
12 17 30 27 0
17 12 30 27 0
12 17 28 29 0
17 12 28 29 0
12 17 29 28 0
17 12 29 28 0
13 16 23 34 0
16 13 23 34 0
13 16 34 23 0
16 13 34 23 0
13 16 24 33 0
16 13 24 33 0
13 16 33 24 0
16 13 33 24 0
13 16 25 32 0
16 13 25 32 0
13 16 32 25 0
16 13 32 25 0
13 16 26 31 0
16 13 26 31 0
13 16 31 26 0
16 13 31 26 0
13 16 27 30 0
16 13 27 30 0
13 16 30 27 0
16 13 30 27 0
13 16 28 29 0
16 13 28 29 0
13 16 29 28 0
16 13 29 28 0
14 15 23 34 0
15 14 23 34 0
14 15 34 23 0
15 14 34 23 0
14 15 24 33 0
15 14 24 33 0
14 15 33 24 0
15 14 33 24 0
14 15 25 32 0
15 14 25 32 0
14 15 32 25 0
15 14 32 25 0
14 15 26 31 0
15 14 26 31 0
14 15 31 26 0
15 14 31 26 0
14 15 27 30 0
15 14 27 30 0
14 15 30 27 0
15 14 30 27 0
14 15 28 29 0
15 14 28 29 0
14 15 29 28 0
15 14 29 28 0
12 17 22 35 0
17 12 22 35 0
12 17 35 22 0
17 12 35 22 0
13 16 22 35 0
16 13 22 35 0
13 16 35 22 0
16 13 35 22 0
14 15 22 35 0
15 14 22 35 0
14 15 35 22 0
15 14 35 22 0
