0 13 10 15 0
13 0 10 15 0
0 13 15 10 0
13 0 15 10 0
0 13 11 14 0
13 0 11 14 0
0 13 14 11 0
13 0 14 11 0
0 13 12 13 0
13 0 12 13 0
0 13 13 12 0
13 0 13 12 0
1 12 10 15 0
12 1 10 15 0
1 12 15 10 0
12 1 15 10 0
1 12 11 14 0
12 1 11 14 0
1 12 14 11 0
12 1 14 11 0
1 12 12 13 0
12 1 12 13 0
1 12 13 12 0
12 1 13 12 0
2 11 10 15 2
11 2 10 15 2
2 11 15 10 2
11 2 15 10 2
2 11 11 14 3
11 2 11 14 3
2 11 14 11 3
11 2 14 11 3
2 11 12 13 4
11 2 12 13 4
2 11 13 12 4
11 2 13 12 4
3 10 10 15 12
10 3 10 15 12
3 10 15 10 12
10 3 15 10 12
3 10 11 14 18
10 3 11 14 18
3 10 14 11 18
10 3 14 11 18
3 10 12 13 22
10 3 12 13 22
3 10 13 12 22
10 3 13 12 22
1 12 6 19 0
12 1 6 19 0
1 12 19 6 0
12 1 19 6 0
1 12 7 18 0
12 1 7 18 0
1 12 18 7 0
12 1 18 7 0
1 12 8 17 0
12 1 8 17 0
1 12 17 8 0
12 1 17 8 0
1 12 9 16 0
12 1 9 16 0
1 12 16 9 0
12 1 16 9 0
2 11 6 19 0
11 2 6 19 0
2 11 19 6 0
11 2 19 6 0
2 11 7 18 0
11 2 7 18 0
2 11 18 7 0
11 2 18 7 0
2 11 8 17 0
11 2 8 17 0
2 11 17 8 0
11 2 17 8 0
2 11 9 16 1
11 2 9 16 1
2 11 16 9 1
11 2 16 9 1
3 10 6 19 0
10 3 6 19 0
3 10 19 6 0
10 3 19 6 0
3 10 7 18 0
10 3 7 18 0
3 10 18 7 0
10 3 18 7 0
3 10 8 17 2
10 3 8 17 2
3 10 17 8 2
10 3 17 8 2
3 10 9 16 6
10 3 9 16 6
3 10 16 9 6
10 3 16 9 6
4 9 6 19 1
9 4 6 19 1
4 9 19 6 1
9 4 19 6 1
4 9 7 18 4
9 4 7 18 4
4 9 18 7 4
9 4 18 7 4
4 9 8 17 12
9 4 8 17 12
4 9 17 8 12
9 4 17 8 12
4 9 9 16 26
9 4 9 16 26
4 9 16 9 26
9 4 16 9 26
4 9 10 15 44
9 4 10 15 44
4 9 15 10 44
9 4 15 10 44
4 9 11 14 62
9 4 11 14 62
4 9 14 11 62
9 4 14 11 62
4 9 12 13 73
9 4 12 13 73
4 9 13 12 73
9 4 13 12 73
5 8 6 19 3
8 5 6 19 3
5 8 19 6 3
8 5 19 6 3
5 8 7 18 11
8 5 7 18 11
5 8 18 7 11
8 5 18 7 11
5 8 8 17 29
8 5 8 17 29
5 8 17 8 29
8 5 17 8 29
5 8 9 16 58
8 5 9 16 58
5 8 16 9 58
8 5 16 9 58
5 8 10 15 94
8 5 10 15 94
5 8 15 10 94
8 5 15 10 94
5 8 11 14 127
8 5 11 14 127
5 8 14 11 127
8 5 14 11 127
5 8 12 13 148
8 5 12 13 148
5 8 13 12 148
8 5 13 12 148
2 11 4 21 0
11 2 4 21 0
2 11 21 4 0
11 2 21 4 0
2 11 5 20 0
11 2 5 20 0
2 11 20 5 0
11 2 20 5 0
3 10 4 21 0
10 3 4 21 0
3 10 21 4 0
10 3 21 4 0
3 10 5 20 0
10 3 5 20 0
3 10 20 5 0
10 3 20 5 0
4 9 4 21 0
9 4 4 21 0
4 9 21 4 0
9 4 21 4 0
4 9 5 20 0
9 4 5 20 0
4 9 20 5 0
9 4 20 5 0
5 8 4 21 0
8 5 4 21 0
5 8 21 4 0
8 5 21 4 0
5 8 5 20 0
8 5 5 20 0
5 8 20 5 0
8 5 20 5 0
3 10 3 22 0
10 3 3 22 0
3 10 22 3 0
10 3 22 3 0
4 9 3 22 0
9 4 3 22 0
4 9 22 3 0
9 4 22 3 0
5 8 3 22 0
8 5 3 22 0
5 8 22 3 0
8 5 22 3 0
6 7 3 22 0
7 6 3 22 0
6 7 22 3 0
7 6 22 3 0
6 7 4 21 0
7 6 4 21 0
6 7 21 4 0
7 6 21 4 0
6 7 5 20 1
7 6 5 20 1
6 7 20 5 1
7 6 20 5 1
6 7 6 19 6
7 6 6 19 6
6 7 19 6 6
7 6 19 6 6
6 7 7 18 19
7 6 7 18 19
6 7 18 7 19
7 6 18 7 19
6 7 8 17 46
7 6 8 17 46
6 7 17 8 46
7 6 17 8 46
6 7 9 16 87
7 6 9 16 87
6 7 16 9 87
7 6 16 9 87
6 7 10 15 137
7 6 10 15 137
6 7 15 10 137
7 6 15 10 137
6 7 11 14 183
7 6 11 14 183
6 7 14 11 183
7 6 14 11 183
6 7 12 13 211
7 6 12 13 211
6 7 13 12 211
7 6 13 12 211
4 9 2 23 0
9 4 2 23 0
4 9 23 2 0
9 4 23 2 0
5 8 2 23 0
8 5 2 23 0
5 8 23 2 0
8 5 23 2 0
6 7 2 23 0
7 6 2 23 0
6 7 23 2 0
7 6 23 2 0
