2 15 11 22 0
15 2 11 22 0
2 15 22 11 0
15 2 22 11 0
2 15 12 21 0
15 2 12 21 0
2 15 21 12 0
15 2 21 12 0
2 15 13 20 0
15 2 13 20 0
2 15 20 13 0
15 2 20 13 0
2 15 14 19 0
15 2 14 19 0
2 15 19 14 0
15 2 19 14 0
2 15 15 18 0
15 2 15 18 0
2 15 18 15 0
15 2 18 15 0
2 15 16 17 0
15 2 16 17 0
2 15 17 16 0
15 2 17 16 0
3 14 11 22 0
14 3 11 22 0
3 14 22 11 0
14 3 22 11 0
3 14 12 21 0
14 3 12 21 0
3 14 21 12 0
14 3 21 12 0
3 14 13 20 0
14 3 13 20 0
3 14 20 13 0
14 3 20 13 0
3 14 14 19 0
14 3 14 19 0
3 14 19 14 0
14 3 19 14 0
3 14 15 18 0
14 3 15 18 0
3 14 18 15 0
14 3 18 15 0
3 14 16 17 0
14 3 16 17 0
3 14 17 16 0
14 3 17 16 0
4 13 11 22 0
13 4 11 22 0
4 13 22 11 0
13 4 22 11 0
4 13 12 21 0
13 4 12 21 0
4 13 21 12 0
13 4 21 12 0
4 13 13 20 0
13 4 13 20 0
4 13 20 13 0
13 4 20 13 0
4 13 14 19 1
13 4 14 19 1
4 13 19 14 1
13 4 19 14 1
4 13 15 18 2
13 4 15 18 2
4 13 18 15 2
13 4 18 15 2
4 13 16 17 2
13 4 16 17 2
4 13 17 16 2
13 4 17 16 2
5 12 11 22 1
12 5 11 22 1
5 12 22 11 1
12 5 22 11 1
5 12 12 21 3
12 5 12 21 3
5 12 21 12 3
12 5 21 12 3
5 12 13 20 7
12 5 13 20 7
5 12 20 13 7
12 5 20 13 7
5 12 14 19 13
12 5 14 19 13
5 12 19 14 13
12 5 19 14 13
5 12 15 18 20
12 5 15 18 20
5 12 18 15 20
12 5 18 15 20
5 12 16 17 23
12 5 16 17 23
5 12 17 16 23
12 5 17 16 23
3 14 10 23 0
14 3 10 23 0
3 14 23 10 0
14 3 23 10 0
4 13 10 23 0
13 4 10 23 0
4 13 23 10 0
13 4 23 10 0
5 12 10 23 0
12 5 10 23 0
5 12 23 10 0
12 5 23 10 0
6 11 10 23 1
11 6 10 23 1
6 11 23 10 1
11 6 23 10 1
6 11 11 22 5
11 6 11 22 5
6 11 22 11 5
11 6 22 11 5
6 11 12 21 15
11 6 12 21 15
6 11 21 12 15
11 6 21 12 15
6 11 13 20 31
11 6 13 20 31
6 11 20 13 31
11 6 20 13 31
6 11 14 19 52
11 6 14 19 52
6 11 19 14 52
11 6 19 14 52
6 11 15 18 73
11 6 15 18 73
6 11 18 15 73
11 6 18 15 73
6 11 16 17 85
11 6 16 17 85
6 11 17 16 85
11 6 17 16 85
7 10 11 22 17
10 7 11 22 17
7 10 22 11 17
10 7 22 11 17
7 10 12 21 41
10 7 12 21 41
7 10 21 12 41
10 7 21 12 41
7 10 13 20 78
10 7 13 20 78
7 10 20 13 78
10 7 20 13 78
7 10 14 19 123
10 7 14 19 123
7 10 19 14 123
10 7 19 14 123
7 10 15 18 166
10 7 15 18 166
7 10 18 15 166
10 7 18 15 166
7 10 16 17 191
10 7 16 17 191
7 10 17 16 191
10 7 17 16 191
3 14 9 24 0
14 3 9 24 0
3 14 24 9 0
14 3 24 9 0
4 13 9 24 0
13 4 9 24 0
4 13 24 9 0
13 4 24 9 0
5 12 9 24 0
12 5 9 24 0
5 12 24 9 0
12 5 24 9 0
6 11 9 24 0
11 6 9 24 0
6 11 24 9 0
11 6 24 9 0
4 13 7 26 0
13 4 7 26 0
4 13 26 7 0
13 4 26 7 0
4 13 8 25 0
13 4 8 25 0
4 13 25 8 0
13 4 25 8 0
5 12 7 26 0
12 5 7 26 0
5 12 26 7 0
12 5 26 7 0
5 12 8 25 0
12 5 8 25 0
5 12 25 8 0
12 5 25 8 0
6 11 7 26 0
11 6 7 26 0
6 11 26 7 0
11 6 26 7 0
6 11 8 25 0
11 6 8 25 0
6 11 25 8 0
11 6 25 8 0
7 10 7 26 0
10 7 7 26 0
7 10 26 7 0
10 7 26 7 0
7 10 8 25 0
10 7 8 25 0
7 10 25 8 0
10 7 25 8 0
7 10 9 24 1
10 7 9 24 1
7 10 24 9 1
10 7 24 9 1
7 10 10 23 5
10 7 10 23 5
7 10 23 10 5
10 7 23 10 5
8 9 7 26 0
9 8 7 26 0
8 9 26 7 0
9 8 26 7 0
8 9 8 25 0
9 8 8 25 0
8 9 25 8 0
9 8 25 8 0
8 9 9 24 2
9 8 9 24 2
8 9 24 9 2
9 8 24 9 2
8 9 10 23 9
9 8 10 23 9
8 9 23 10 9
9 8 23 10 9
8 9 11 22 28
9 8 11 22 28
8 9 22 11 28
9 8 22 11 28
8 9 12 21 64
9 8 12 21 64
8 9 21 12 64
9 8 21 12 64
8 9 13 20 118
9 8 13 20 118
8 9 20 13 118
9 8 20 13 118
8 9 14 19 183
9 8 14 19 183
8 9 19 14 183
9 8 19 14 183
8 9 15 18 243
9 8 15 18 243
8 9 18 15 243
9 8 18 15 243
8 9 16 17 278
9 8 16 17 278
8 9 17 16 278
9 8 17 16 278
5 12 6 27 0
12 5 6 27 0
5 12 27 6 0
12 5 27 6 0
6 11 6 27 0
11 6 6 27 0
6 11 27 6 0
11 6 27 6 0
7 10 6 27 0
10 7 6 27 0
7 10 27 6 0
10 7 27 6 0
8 9 6 27 0
9 8 6 27 0
8 9 27 6 0
9 8 27 6 0
6 11 5 28 0
11 6 5 28 0
6 11 28 5 0
11 6 28 5 0
7 10 5 28 0
10 7 5 28 0
7 10 28 5 0
10 7 28 5 0
8 9 5 28 0
9 8 5 28 0
8 9 28 5 0
9 8 28 5 0
