5 18 20 25 0
18 5 20 25 0
5 18 25 20 0
18 5 25 20 0
5 18 21 24 0
18 5 21 24 0
5 18 24 21 0
18 5 24 21 0
5 18 22 23 0
18 5 22 23 0
5 18 23 22 0
18 5 23 22 0
6 17 20 25 0
17 6 20 25 0
6 17 25 20 0
17 6 25 20 0
6 17 21 24 0
17 6 21 24 0
6 17 24 21 0
17 6 24 21 0
6 17 22 23 0
17 6 22 23 0
6 17 23 22 0
17 6 23 22 0
7 16 20 25 0
16 7 20 25 0
7 16 25 20 0
16 7 25 20 0
7 16 21 24 0
16 7 21 24 0
7 16 24 21 0
16 7 24 21 0
7 16 22 23 0
16 7 22 23 0
7 16 23 22 0
16 7 23 22 0
8 15 20 25 0
15 8 20 25 0
8 15 25 20 0
15 8 25 20 0
8 15 21 24 0
15 8 21 24 0
8 15 24 21 0
15 8 24 21 0
8 15 22 23 0
15 8 22 23 0
8 15 23 22 0
15 8 23 22 0
6 17 16 29 0
17 6 16 29 0
6 17 29 16 0
17 6 29 16 0
6 17 17 28 0
17 6 17 28 0
6 17 28 17 0
17 6 28 17 0
6 17 18 27 0
17 6 18 27 0
6 17 27 18 0
17 6 27 18 0
6 17 19 26 0
17 6 19 26 0
6 17 26 19 0
17 6 26 19 0
7 16 16 29 0
16 7 16 29 0
7 16 29 16 0
16 7 29 16 0
7 16 17 28 0
16 7 17 28 0
7 16 28 17 0
16 7 28 17 0
7 16 18 27 0
16 7 18 27 0
7 16 27 18 0
16 7 27 18 0
7 16 19 26 0
16 7 19 26 0
7 16 26 19 0
16 7 26 19 0
8 15 16 29 0
15 8 16 29 0
8 15 29 16 0
15 8 29 16 0
8 15 17 28 0
15 8 17 28 0
8 15 28 17 0
15 8 28 17 0
8 15 18 27 0
15 8 18 27 0
8 15 27 18 0
15 8 27 18 0
8 15 19 26 0
15 8 19 26 0
8 15 26 19 0
15 8 26 19 0
9 14 16 29 0
14 9 16 29 0
9 14 29 16 0
14 9 29 16 0
9 14 17 28 0
14 9 17 28 0
9 14 28 17 0
14 9 28 17 0
9 14 18 27 0
14 9 18 27 0
9 14 27 18 0
14 9 27 18 0
9 14 19 26 1
14 9 19 26 1
9 14 26 19 1
14 9 26 19 1
9 14 20 25 2
14 9 20 25 2
9 14 25 20 2
14 9 25 20 2
9 14 21 24 4
14 9 21 24 4
9 14 24 21 4
14 9 24 21 4
9 14 22 23 5
14 9 22 23 5
9 14 23 22 5
14 9 23 22 5
7 16 14 31 0
16 7 14 31 0
7 16 31 14 0
16 7 31 14 0
7 16 15 30 0
16 7 15 30 0
7 16 30 15 0
16 7 30 15 0
8 15 14 31 0
15 8 14 31 0
8 15 31 14 0
15 8 31 14 0
8 15 15 30 0
15 8 15 30 0
8 15 30 15 0
15 8 30 15 0
9 14 14 31 0
14 9 14 31 0
9 14 31 14 0
14 9 31 14 0
9 14 15 30 0
14 9 15 30 0
9 14 30 15 0
14 9 30 15 0
10 13 14 31 0
13 10 14 31 0
10 13 31 14 0
13 10 31 14 0
10 13 15 30 0
13 10 15 30 0
10 13 30 15 0
13 10 30 15 0
10 13 16 29 0
13 10 16 29 0
10 13 29 16 0
13 10 29 16 0
10 13 17 28 1
13 10 17 28 1
10 13 28 17 1
13 10 28 17 1
10 13 18 27 3
13 10 18 27 3
10 13 27 18 3
13 10 27 18 3
10 13 19 26 7
13 10 19 26 7
10 13 26 19 7
13 10 26 19 7
10 13 20 25 12
13 10 20 25 12
10 13 25 20 12
13 10 25 20 12
10 13 21 24 18
13 10 21 24 18
10 13 24 21 18
13 10 24 21 18
10 13 22 23 21
13 10 22 23 21
10 13 23 22 21
13 10 23 22 21
11 12 14 31 0
12 11 14 31 0
11 12 31 14 0
12 11 31 14 0
11 12 15 30 0
12 11 15 30 0
11 12 30 15 0
12 11 30 15 0
11 12 16 29 0
12 11 16 29 0
11 12 29 16 0
12 11 29 16 0
11 12 17 28 2
12 11 17 28 2
11 12 28 17 2
12 11 28 17 2
11 12 18 27 6
12 11 18 27 6
11 12 27 18 6
12 11 27 18 6
11 12 19 26 13
12 11 19 26 13
11 12 26 19 13
12 11 26 19 13
11 12 20 25 22
12 11 20 25 22
11 12 25 20 22
12 11 25 20 22
11 12 21 24 32
12 11 21 24 32
11 12 24 21 32
12 11 24 21 32
11 12 22 23 37
12 11 22 23 37
11 12 23 22 37
12 11 23 22 37
8 15 13 32 0
15 8 13 32 0
8 15 32 13 0
15 8 32 13 0
9 14 13 32 0
14 9 13 32 0
9 14 32 13 0
14 9 32 13 0
10 13 13 32 0
13 10 13 32 0
10 13 32 13 0
13 10 32 13 0
11 12 13 32 0
12 11 13 32 0
11 12 32 13 0
12 11 32 13 0
9 14 12 33 0
14 9 12 33 0
9 14 33 12 0
14 9 33 12 0
10 13 12 33 0
13 10 12 33 0
10 13 33 12 0
13 10 33 12 0
11 12 12 33 0
12 11 12 33 0
11 12 33 12 0
12 11 33 12 0
