3 16 13 24 0
16 3 13 24 0
3 16 24 13 0
16 3 24 13 0
3 16 14 23 0
16 3 14 23 0
3 16 23 14 0
16 3 23 14 0
3 16 15 22 0
16 3 15 22 0
3 16 22 15 0
16 3 22 15 0
3 16 16 21 0
16 3 16 21 0
3 16 21 16 0
16 3 21 16 0
3 16 17 20 0
16 3 17 20 0
3 16 20 17 0
16 3 20 17 0
3 16 18 19 0
16 3 18 19 0
3 16 19 18 0
16 3 19 18 0
4 15 13 24 0
15 4 13 24 0
4 15 24 13 0
15 4 24 13 0
4 15 14 23 0
15 4 14 23 0
4 15 23 14 0
15 4 23 14 0
4 15 15 22 0
15 4 15 22 0
4 15 22 15 0
15 4 22 15 0
4 15 16 21 0
15 4 16 21 0
4 15 21 16 0
15 4 21 16 0
4 15 17 20 0
15 4 17 20 0
4 15 20 17 0
15 4 20 17 0
4 15 18 19 0
15 4 18 19 0
4 15 19 18 0
15 4 19 18 0
5 14 13 24 0
14 5 13 24 0
5 14 24 13 0
14 5 24 13 0
5 14 14 23 0
14 5 14 23 0
5 14 23 14 0
14 5 23 14 0
5 14 15 22 0
14 5 15 22 0
5 14 22 15 0
14 5 22 15 0
5 14 16 21 0
14 5 16 21 0
5 14 21 16 0
14 5 21 16 0
5 14 17 20 0
14 5 17 20 0
5 14 20 17 0
14 5 20 17 0
5 14 18 19 1
14 5 18 19 1
5 14 19 18 1
14 5 19 18 1
6 13 13 24 0
13 6 13 24 0
6 13 24 13 0
13 6 24 13 0
6 13 14 23 1
13 6 14 23 1
6 13 23 14 1
13 6 23 14 1
6 13 15 22 3
13 6 15 22 3
6 13 22 15 3
13 6 22 15 3
6 13 16 21 6
13 6 16 21 6
6 13 21 16 6
13 6 21 16 6
6 13 17 20 9
13 6 17 20 9
6 13 20 17 9
13 6 20 17 9
6 13 18 19 12
13 6 18 19 12
6 13 19 18 12
13 6 19 18 12
4 15 11 26 0
15 4 11 26 0
4 15 26 11 0
15 4 26 11 0
4 15 12 25 0
15 4 12 25 0
4 15 25 12 0
15 4 25 12 0
5 14 11 26 0
14 5 11 26 0
5 14 26 11 0
14 5 26 11 0
5 14 12 25 0
14 5 12 25 0
5 14 25 12 0
14 5 25 12 0
6 13 11 26 0
13 6 11 26 0
6 13 26 11 0
13 6 26 11 0
6 13 12 25 0
13 6 12 25 0
6 13 25 12 0
13 6 25 12 0
7 12 11 26 0
12 7 11 26 0
7 12 26 11 0
12 7 26 11 0
7 12 12 25 1
12 7 12 25 1
7 12 25 12 1
12 7 25 12 1
7 12 13 24 3
12 7 13 24 3
7 12 24 13 3
12 7 24 13 3
7 12 14 23 9
12 7 14 23 9
7 12 23 14 9
12 7 23 14 9
7 12 15 22 19
12 7 15 22 19
7 12 22 15 19
12 7 22 15 19
7 12 16 21 33
12 7 16 21 33
7 12 21 16 33
12 7 21 16 33
7 12 17 20 46
12 7 17 20 46
7 12 20 17 46
12 7 20 17 46
7 12 18 19 55
12 7 18 19 55
7 12 19 18 55
12 7 19 18 55
8 11 11 26 0
11 8 11 26 0
8 11 26 11 0
11 8 26 11 0
8 11 12 25 3
11 8 12 25 3
8 11 25 12 3
11 8 25 12 3
8 11 13 24 10
11 8 13 24 10
8 11 24 13 10
11 8 24 13 10
8 11 14 23 26
11 8 14 23 26
8 11 23 14 26
11 8 23 14 26
8 11 15 22 51
11 8 15 22 51
8 11 22 15 51
11 8 22 15 51
8 11 16 21 83
11 8 16 21 83
8 11 21 16 83
11 8 21 16 83
8 11 17 20 112
11 8 17 20 112
8 11 20 17 112
11 8 20 17 112
8 11 18 19 131
11 8 18 19 131
8 11 19 18 131
11 8 19 18 131
9 10 13 24 18
10 9 13 24 18
9 10 24 13 18
10 9 24 13 18
9 10 14 23 44
10 9 14 23 44
9 10 23 14 44
10 9 23 14 44
9 10 15 22 82
10 9 15 22 82
9 10 22 15 82
10 9 22 15 82
9 10 16 21 129
10 9 16 21 129
9 10 21 16 129
10 9 21 16 129
9 10 17 20 172
10 9 17 20 172
9 10 20 17 172
10 9 20 17 172
9 10 18 19 199
10 9 18 19 199
9 10 19 18 199
10 9 19 18 199
5 14 9 28 0
14 5 9 28 0
5 14 28 9 0
14 5 28 9 0
5 14 10 27 0
14 5 10 27 0
5 14 27 10 0
14 5 27 10 0
6 13 9 28 0
13 6 9 28 0
6 13 28 9 0
13 6 28 9 0
6 13 10 27 0
13 6 10 27 0
6 13 27 10 0
13 6 27 10 0
7 12 9 28 0
12 7 9 28 0
7 12 28 9 0
12 7 28 9 0
7 12 10 27 0
12 7 10 27 0
7 12 27 10 0
12 7 27 10 0
8 11 9 28 0
11 8 9 28 0
8 11 28 9 0
11 8 28 9 0
8 11 10 27 0
11 8 10 27 0
8 11 27 10 0
11 8 27 10 0
6 13 8 29 0
13 6 8 29 0
6 13 29 8 0
13 6 29 8 0
7 12 8 29 0
12 7 8 29 0
7 12 29 8 0
12 7 29 8 0
8 11 8 29 0
11 8 8 29 0
8 11 29 8 0
11 8 29 8 0
9 10 8 29 0
10 9 8 29 0
9 10 29 8 0
10 9 29 8 0
9 10 9 28 0
10 9 9 28 0
9 10 28 9 0
10 9 28 9 0
9 10 10 27 0
10 9 10 27 0
9 10 27 10 0
10 9 27 10 0
9 10 11 26 1
10 9 11 26 1
9 10 26 11 1
10 9 26 11 1
9 10 12 25 6
10 9 12 25 6
9 10 25 12 6
10 9 25 12 6
7 12 7 30 0
12 7 7 30 0
7 12 30 7 0
12 7 30 7 0
8 11 7 30 0
11 8 7 30 0
8 11 30 7 0
11 8 30 7 0
9 10 7 30 0
10 9 7 30 0
9 10 30 7 0
10 9 30 7 0
