13 18 26 35 0
18 13 26 35 0
13 18 35 26 0
18 13 35 26 0
13 18 27 34 0
18 13 27 34 0
13 18 34 27 0
18 13 34 27 0
13 18 28 33 0
18 13 28 33 0
13 18 33 28 0
18 13 33 28 0
13 18 29 32 0
18 13 29 32 0
13 18 32 29 0
18 13 32 29 0
13 18 30 31 0
18 13 30 31 0
13 18 31 30 0
18 13 31 30 0
14 17 26 35 0
17 14 26 35 0
14 17 35 26 0
17 14 35 26 0
14 17 27 34 0
17 14 27 34 0
14 17 34 27 0
17 14 34 27 0
14 17 28 33 0
17 14 28 33 0
14 17 33 28 0
17 14 33 28 0
14 17 29 32 0
17 14 29 32 0
14 17 32 29 0
17 14 32 29 0
14 17 30 31 0
17 14 30 31 0
14 17 31 30 0
17 14 31 30 0
15 16 26 35 0
16 15 26 35 0
15 16 35 26 0
16 15 35 26 0
15 16 27 34 0
16 15 27 34 0
15 16 34 27 0
16 15 34 27 0
15 16 28 33 0
16 15 28 33 0
15 16 33 28 0
16 15 33 28 0
15 16 29 32 0
16 15 29 32 0
15 16 32 29 0
16 15 32 29 0
15 16 30 31 0
16 15 30 31 0
15 16 31 30 0
16 15 31 30 0
