1 14 10 19 0
14 1 10 19 0
1 14 19 10 0
14 1 19 10 0
1 14 11 18 0
14 1 11 18 0
1 14 18 11 0
14 1 18 11 0
1 14 12 17 0
14 1 12 17 0
1 14 17 12 0
14 1 17 12 0
1 14 13 16 0
14 1 13 16 0
1 14 16 13 0
14 1 16 13 0
1 14 14 15 0
14 1 14 15 0
1 14 15 14 0
14 1 15 14 0
2 13 10 19 0
13 2 10 19 0
2 13 19 10 0
13 2 19 10 0
2 13 11 18 0
13 2 11 18 0
2 13 18 11 0
13 2 18 11 0
2 13 12 17 0
13 2 12 17 0
2 13 17 12 0
13 2 17 12 0
2 13 13 16 0
13 2 13 16 0
2 13 16 13 0
13 2 16 13 0
2 13 14 15 0
13 2 14 15 0
2 13 15 14 0
13 2 15 14 0
3 12 10 19 0
12 3 10 19 0
3 12 19 10 0
12 3 19 10 0
3 12 11 18 1
12 3 11 18 1
3 12 18 11 1
12 3 18 11 1
3 12 12 17 2
12 3 12 17 2
3 12 17 12 2
12 3 17 12 2
3 12 13 16 3
12 3 13 16 3
3 12 16 13 3
12 3 16 13 3
3 12 14 15 4
12 3 14 15 4
3 12 15 14 4
12 3 15 14 4
4 11 10 19 3
11 4 10 19 3
4 11 19 10 3
11 4 19 10 3
4 11 11 18 9
11 4 11 18 9
4 11 18 11 9
11 4 18 11 9
4 11 12 17 16
11 4 12 17 16
4 11 17 12 16
11 4 17 12 16
4 11 13 16 23
11 4 13 16 23
4 11 16 13 23
11 4 16 13 23
4 11 14 15 28
11 4 14 15 28
4 11 15 14 28
11 4 15 14 28
5 10 10 19 16
10 5 10 19 16
5 10 19 10 16
10 5 19 10 16
5 10 11 18 35
10 5 11 18 35
5 10 18 11 35
10 5 18 11 35
5 10 12 17 58
10 5 12 17 58
5 10 17 12 58
10 5 17 12 58
5 10 13 16 80
10 5 13 16 80
5 10 16 13 80
10 5 16 13 80
5 10 14 15 94
10 5 14 15 94
5 10 15 14 94
10 5 15 14 94
2 13 7 22 0
13 2 7 22 0
2 13 22 7 0
13 2 22 7 0
2 13 8 21 0
13 2 8 21 0
2 13 21 8 0
13 2 21 8 0
2 13 9 20 0
13 2 9 20 0
2 13 20 9 0
13 2 20 9 0
3 12 7 22 0
12 3 7 22 0
3 12 22 7 0
12 3 22 7 0
3 12 8 21 0
12 3 8 21 0
3 12 21 8 0
12 3 21 8 0
3 12 9 20 0
12 3 9 20 0
3 12 20 9 0
12 3 20 9 0
4 11 7 22 0
11 4 7 22 0
4 11 22 7 0
11 4 22 7 0
4 11 8 21 0
11 4 8 21 0
4 11 21 8 0
11 4 21 8 0
4 11 9 20 1
11 4 9 20 1
4 11 20 9 1
11 4 20 9 1
5 10 7 22 0
10 5 7 22 0
5 10 22 7 0
10 5 22 7 0
5 10 8 21 1
10 5 8 21 1
5 10 21 8 1
10 5 21 8 1
5 10 9 20 6
10 5 9 20 6
5 10 20 9 6
10 5 20 9 6
3 12 6 23 0
12 3 6 23 0
3 12 23 6 0
12 3 23 6 0
4 11 6 23 0
11 4 6 23 0
4 11 23 6 0
11 4 23 6 0
5 10 6 23 0
10 5 6 23 0
5 10 23 6 0
10 5 23 6 0
6 9 6 23 0
9 6 6 23 0
6 9 23 6 0
9 6 23 6 0
6 9 7 22 1
9 6 7 22 1
6 9 22 7 1
9 6 22 7 1
6 9 8 21 5
9 6 8 21 5
6 9 21 8 5
9 6 21 8 5
6 9 9 20 18
9 6 9 20 18
6 9 20 9 18
9 6 20 9 18
6 9 10 19 42
9 6 10 19 42
6 9 19 10 42
9 6 19 10 42
6 9 11 18 82
9 6 11 18 82
6 9 18 11 82
9 6 18 11 82
6 9 12 17 129
9 6 12 17 129
6 9 17 12 129
9 6 17 12 129
6 9 13 16 173
9 6 13 16 173
6 9 16 13 173
9 6 16 13 173
6 9 14 15 200
9 6 14 15 200
6 9 15 14 200
9 6 15 14 200
7 8 7 22 2
8 7 7 22 2
7 8 22 7 2
8 7 22 7 2
7 8 8 21 9
8 7 8 21 9
7 8 21 8 9
8 7 21 8 9
7 8 9 20 29
8 7 9 20 29
7 8 20 9 29
8 7 20 9 29
7 8 10 19 65
8 7 10 19 65
7 8 19 10 65
8 7 19 10 65
7 8 11 18 122
8 7 11 18 122
7 8 18 11 122
8 7 18 11 122
7 8 12 17 188
8 7 12 17 188
7 8 17 12 188
8 7 17 12 188
7 8 13 16 249
8 7 13 16 249
7 8 16 13 249
8 7 16 13 249
7 8 14 15 286
8 7 14 15 286
7 8 15 14 286
8 7 15 14 286
4 11 4 25 0
11 4 4 25 0
4 11 25 4 0
11 4 25 4 0
4 11 5 24 0
11 4 5 24 0
4 11 24 5 0
11 4 24 5 0
5 10 4 25 0
10 5 4 25 0
5 10 25 4 0
10 5 25 4 0
5 10 5 24 0
10 5 5 24 0
5 10 24 5 0
10 5 24 5 0
6 9 4 25 0
9 6 4 25 0
6 9 25 4 0
9 6 25 4 0
6 9 5 24 0
9 6 5 24 0
6 9 24 5 0
9 6 24 5 0
7 8 4 25 0
8 7 4 25 0
7 8 25 4 0
8 7 25 4 0
7 8 5 24 0
8 7 5 24 0
7 8 24 5 0
8 7 24 5 0
7 8 6 23 0
8 7 6 23 0
7 8 23 6 0
8 7 23 6 0
6 9 3 26 0
9 6 3 26 0
6 9 26 3 0
9 6 26 3 0
7 8 3 26 0
8 7 3 26 0
7 8 26 3 0
8 7 26 3 0
