(3, 12, 12) 621
(3, 3, 21) 18
(7, 8, 12) 2145
(4, 6, 17) 322
(2, 6, 19) 57
(8, 9, 10) 2800
(2, 7, 18) 94
(5, 6, 16) 572
(7, 10, 10) 2536
(1, 9, 17) 58
(5, 10, 12) 1510
(0, 6, 21) 1
(4, 5, 18) 191
(3, 5, 19) 87
(2, 8, 17) 139
(2, 4, 21) 14
(1, 13, 13) 105
(6, 7, 14) 1267
(4, 8, 15) 665
(2, 5, 20) 30
(2, 9, 16) 189
(3, 9, 15) 446
(2, 10, 15) 236
(3, 8, 16) 343
(1, 10, 16) 76
(4, 7, 16) 486
(6, 9, 12) 1912
(0, 11, 16) 13
(1, 5, 21) 7
(3, 6, 18) 155
(2, 11, 14) 272
(1, 6, 20) 15
(6, 8, 13) 1624
(6, 10, 11) 2068
(5, 11, 11) 1565
(0, 13, 14) 17
(3, 11, 13) 596
(1, 12, 14) 102
(1, 3, 23) 1
(1, 11, 15) 91
(4, 4, 19) 100
(7, 7, 13) 1729
(8, 8, 11) 2562
(2, 12, 13) 293
(5, 8, 14) 1104
(5, 5, 17) 350
(6, 6, 15) 899
(0, 12, 15) 16
(1, 4, 22) 3
(4, 11, 12) 1046
(0, 7, 20) 2
(0, 8, 19) 4
(2, 3, 22) 5
(0, 10, 17) 10
(3, 4, 20) 44
(7, 9, 11) 2431
(4, 10, 13) 971
(0, 9, 18) 7
(5, 7, 15) 833
(1, 8, 18) 41
(3, 7, 17) 241
(3, 10, 14) 536
(2, 2, 23) 1
(9, 9, 9) 2934
(5, 9, 13) 1343
(1, 7, 19) 26
(4, 9, 14) 836
