(8, 20, 23) 29522
(3, 16, 32) 22
(13, 19, 19) 193118
(6, 9, 36) 7
(7, 22, 22) 17182
(1, 21, 29) 1
(4, 16, 31) 160
(14, 17, 20) 215055
(4, 23, 24) 1211
(4, 13, 34) 16
(4, 12, 35) 5
(6, 12, 33) 194
(2, 19, 30) 13
(4, 11, 36) 1
(12, 13, 26) 43542
(5, 12, 34) 43
(6, 18, 27) 4488
(3, 13, 35) 1
(10, 10, 31) 2373
(9, 11, 31) 2233
(7, 7, 37) 2
(3, 17, 31) 44
(3, 23, 25) 313
(6, 11, 34) 78
(11, 17, 23) 88824
(5, 9, 37) 1
(1, 24, 26) 4
(9, 10, 32) 1035
(10, 18, 23) 67419
(6, 14, 31) 800
(4, 17, 30) 274
(6, 22, 23) 8273
(5, 14, 32) 218
(7, 15, 29) 3837
(9, 19, 23) 46859
(10, 12, 29) 8887
(2, 17, 32) 3
(7, 13, 31) 1321
(14, 18, 19) 228058
(7, 18, 26) 10708
(4, 19, 28) 608
(4, 22, 25) 1132
(13, 18, 20) 187607
(14, 16, 21) 191112
(13, 14, 24) 92124
(11, 19, 21) 111693
(9, 18, 24) 40596
(6, 15, 30) 1392
(8, 10, 33) 385
(7, 12, 32) 670
(4, 18, 29) 426
(5, 17, 29) 1092
(11, 11, 29) 9381
(5, 19, 27) 2115
(3, 22, 26) 280
(11, 12, 28) 16503
(3, 20, 28) 174
(3, 19, 29) 122
(12, 15, 24) 85076
(15, 15, 21) 197938
(1, 25, 25) 4
(10, 17, 24) 56722
(9, 9, 33) 422
(12, 18, 21) 143915
(5, 15, 31) 409
(8, 14, 29) 5727
(4, 14, 33) 39
(4, 15, 32) 84
(8, 18, 25) 22092
(2, 16, 33) 1
(6, 17, 28) 3273
(16, 17, 18) 276496
(7, 14, 30) 2349
(10, 19, 22) 75569
(2, 18, 31) 7
(4, 21, 26) 988
(8, 9, 34) 144
(7, 16, 28) 5799
(7, 21, 23) 16685
(1, 22, 28) 2
(1, 23, 27) 3
(2, 23, 26) 52
(7, 17, 27) 8150
(5, 20, 26) 2646
(13, 15, 23) 120792
(8, 8, 35) 43
(6, 16, 29) 2219
(10, 14, 27) 23140
(10, 20, 21) 79968
(11, 18, 22) 102543
(6, 8, 37) 1
(2, 20, 29) 21
(9, 20, 22) 51036
(10, 15, 26) 33347
(8, 13, 30) 3399
(7, 9, 35) 40
(9, 16, 26) 25393
(2, 24, 25) 57
(10, 11, 30) 4839
(14, 15, 22) 159803
(4, 20, 27) 802
(6, 13, 32) 420
(7, 19, 25) 13191
(11, 20, 20) 114889
(8, 21, 22) 31273
(5, 21, 25) 3102
(11, 14, 26) 39860
(8, 15, 28) 8923
(5, 22, 24) 3411
(12, 19, 20) 152383
(15, 18, 18) 259386
(13, 13, 25) 65695
(3, 18, 30) 78
(9, 12, 30) 4312
(5, 11, 35) 15
(17, 17, 17) 285240
(8, 11, 32) 895
(7, 8, 36) 10
(8, 16, 27) 12908
(5, 13, 33) 105
(8, 19, 24) 26312
(8, 17, 26) 17442
(3, 15, 33) 9
(11, 16, 24) 72470
(9, 14, 28) 12199
(3, 21, 27) 230
(9, 15, 27) 18229
(9, 21, 21) 52510
(10, 13, 28) 14940
(2, 21, 28) 32
(5, 18, 28) 1578
(16, 16, 19) 260161
(6, 10, 35) 26
(6, 21, 24) 7791
(2, 22, 27) 43
(5, 16, 30) 699
(8, 12, 31) 1835
(7, 11, 33) 303
(7, 10, 34) 119
(5, 10, 36) 4
(12, 12, 27) 27920
(6, 20, 25) 6900
(13, 17, 21) 171991
(13, 16, 22) 148598
(14, 14, 23) 125419
(15, 17, 19) 251780
(9, 17, 25) 33123
(6, 19, 26) 5749
(12, 17, 22) 128262
(3, 24, 24) 326
(10, 16, 25) 44898
(12, 14, 25) 62979
(7, 20, 24) 15282
(3, 14, 34) 3
(11, 15, 25) 55550
(15, 16, 20) 230148
(12, 16, 23) 107716
(5, 23, 23) 3517
(11, 13, 27) 26666
(9, 13, 29) 7571
