10 10 31 2351
10 11 30 4800
10 12 29 8822
10 13 28 14842
10 14 27 23002
10 15 26 33162
10 16 25 44660
10 17 24 56435
10 18 23 67090
10 19 22 75210
10 20 21 79595
11 11 29 9309
11 12 28 16380
11 13 27 26479
11 14 26 39586
11 15 25 55188
11 16 24 72006
11 17 23 88268
11 18 22 101809
11 19 21 110942
11 20 20 114196
12 12 27 27705
1 21 29 1
12 13 26 43193
12 14 25 62509
12 15 24 84158
12 16 23 106781
12 17 22 127152
12 18 21 142423
12 19 20 151165
1 22 28 2
1 23 27 3
1 24 26 4
1 25 25 4
13 13 25 65152
13 14 24 91268
13 15 23 119644
13 16 22 147130
13 17 21 169227
13 18 20 185669
13 19 19 190561
14 14 23 123865
14 15 22 157941
14 16 21 188797
14 17 20 212146
14 18 19 225180
15 15 21 194970
15 16 20 226958
15 17 19 248465
15 18 18 256058
16 16 19 253774
16 17 18 271621
17 17 17 280597
2 16 33 1
2 17 32 3
2 18 31 7
2 19 30 13
2 20 29 21
2 21 28 32
2 22 27 43
2 23 26 52
2 24 25 57
3 13 35 1
3 14 34 3
3 15 33 9
3 16 32 22
3 17 31 44
3 18 30 78
3 19 29 122
3 20 28 174
3 21 27 230
3 22 26 280
3 23 25 313
3 24 24 326
4 11 36 1
4 12 35 5
4 13 34 16
4 14 33 39
4 15 32 84
4 16 31 160
4 17 30 274
4 18 29 426
4 19 28 608
4 20 27 802
4 21 26 988
4 22 25 1132
4 23 24 1211
5 10 36 4
5 11 35 15
5 12 34 43
5 13 33 105
5 14 32 218
5 15 31 409
5 16 30 699
5 17 29 1092
5 18 28 1578
5 19 27 2115
5 20 26 2646
5 21 25 3102
5 22 24 3411
5 23 23 3517
5 9 37 1
6 10 35 26
6 11 34 78
6 12 33 194
6 13 32 420
6 14 31 800
6 15 30 1392
6 16 29 2219
6 17 28 3273
6 18 27 4488
6 19 26 5749
6 20 25 6900
6 21 24 7791
6 22 23 8273
6 8 37 1
6 9 36 7
7 10 34 118
7 11 33 302
7 12 32 668
7 13 31 1318
7 14 30 2345
7 15 29 3832
7 16 28 5792
7 17 27 8142
7 18 26 10698
7 19 25 13180
7 20 24 15270
7 21 23 16673
7 22 22 17169
7 7 37 2
7 8 36 10
7 9 35 40
8 10 33 382
8 11 32 890
8 12 31 1826
8 13 30 3386
8 14 29 5709
8 15 28 8899
8 16 27 12877
8 17 26 17404
8 18 25 22047
8 19 24 26262
8 20 23 29469
8 21 22 31218
8 8 35 43
8 9 34 143
9 10 32 1026
9 11 31 2217
9 12 30 4285
9 13 29 7531
9 14 28 12142
9 15 27 18154
9 16 26 25295
9 17 25 33004
9 18 24 40457
9 19 23 46707
9 20 22 50874
9 21 21 52347
9 9 33 419
