0 21 24 1
0 22 23 1
10 10 25 9500
10 11 24 15185
10 12 23 22388
10 13 22 30668
10 14 21 39175
10 15 20 46976
10 16 19 52737
10 17 18 56188
11 11 23 23447
11 12 22 33447
11 13 21 44380
11 14 20 54946
11 15 19 63970
11 16 18 70133
11 17 17 72073
1 15 29 1
1 16 28 3
1 17 27 6
1 18 26 10
1 19 25 14
1 20 24 18
12 12 21 46309
1 21 23 22
12 13 20 59416
12 14 19 71529
12 15 18 80753
12 16 17 85723
1 22 22 23
13 13 19 74218
13 14 18 86891
13 15 17 95313
13 16 16 98151
14 14 17 98867
14 15 16 104845
15 15 15 108060
2 11 32 1
2 12 31 3
2 13 30 8
2 14 29 16
2 15 28 31
2 16 27 52
2 17 26 79
2 18 25 108
2 19 24 136
2 20 23 158
2 21 22 172
3 10 32 4
3 11 31 13
3 12 30 32
3 13 29 66
3 14 28 118
3 15 27 196
3 16 26 293
3 17 25 405
3 18 24 516
3 19 23 612
3 20 22 676
3 21 21 703
3 9 33 1
4 10 31 37
4 11 30 87
4 12 29 175
4 13 28 317
4 14 27 517
4 15 26 782
4 16 25 1091
4 17 24 1417
4 18 23 1716
4 19 22 1947
4 20 21 2073
4 7 34 1
4 8 33 4
4 9 32 14
5 10 30 158
5 11 29 329
5 12 28 609
5 13 27 1026
5 14 26 1579
5 15 25 2261
5 16 24 3007
5 17 23 3742
5 18 22 4360
5 19 21 4779
5 20 20 4919
5 6 34 1
5 7 33 7
5 8 32 24
5 9 31 67
6 10 29 497
6 11 28 959
6 12 27 1668
6 13 26 2659
6 14 25 3908
6 15 24 5355
6 16 23 6849
6 17 22 8216
6 18 21 9262
6 19 20 9824
6 6 33 7
6 7 32 31
6 8 31 92
6 9 30 231
7 10 28 1279
7 11 27 2322
7 12 26 3837
7 13 25 5848
7 14 24 8256
7 15 23 10896
7 16 22 13459
7 17 21 15630
7 18 20 17068
7 19 19 17582
7 7 31 105
7 8 30 279
7 9 29 636
8 10 27 2803
8 11 26 4850
8 12 25 7686
8 13 24 11267
8 14 23 15358
8 15 22 19594
8 16 21 23453
8 17 20 26399
8 18 19 27998
8 8 29 686
8 9 28 1470
9 10 26 5434
9 11 25 9019
9 12 24 13762
9 13 23 19481
9 14 22 25697
9 15 21 31776
9 16 20 36870
9 17 19 40282
9 18 18 41454
9 9 27 2985
