0 10 23 1
0 11 22 2
0 12 21 4
0 13 20 6
0 14 19 8
0 15 18 10
0 16 17 11
10 10 13 7890
10 11 12 8476
1 10 22 25
11 11 11 8787
1 11 21 39
1 12 20 56
1 13 19 72
1 14 18 87
1 15 17 97
1 16 16 101
1 6 26 1
1 7 25 3
1 8 24 7
1 9 23 14
2 10 21 121
2 11 20 173
2 12 19 230
2 13 18 282
2 14 17 323
2 15 16 346
2 4 27 1
2 5 26 3
2 6 25 10
2 7 24 22
2 8 23 44
2 9 22 76
3 10 20 366
3 11 19 496
3 12 18 629
3 13 17 739
3 14 16 816
3 15 15 842
3 3 27 1
3 4 26 6
3 5 25 17
3 6 24 42
3 7 23 85
3 8 22 153
3 9 21 247
4 10 19 839
4 11 18 1094
4 12 17 1332
4 13 16 1514
4 14 15 1614
4 4 25 22
4 5 24 55
4 6 23 122
4 7 22 229
4 8 21 388
4 9 20 594
5 10 18 1600
5 11 17 2014
5 12 16 2374
5 13 15 2611
5 14 14 2697
5 5 23 132
5 6 22 274
5 7 21 493
5 8 20 798
5 9 19 1175
6 10 17 2679
6 11 16 3267
6 12 15 3725
6 13 14 3971
6 6 21 538
6 7 20 924
6 8 19 1436
6 9 18 2040
7 10 16 4010
7 11 15 4736
7 12 14 5234
7 13 13 5404
7 7 19 1529
7 8 18 2295
7 9 17 3151
8 10 15 5456
8 11 14 6248
8 12 13 6686
8 8 17 3327
8 9 16 4428
9 10 14 6820
9 11 13 7565
9 12 12 7840
9 9 15 5709
