0 15 24 1
0 16 23 2
0 17 22 3
0 18 21 4
0 19 20 4
10 10 19 13911
10 11 18 18184
10 12 17 22147
10 13 16 25203
10 14 15 26869
1 10 28 1
11 11 17 23057
11 12 16 27256
1 11 27 3
11 13 15 30074
11 14 14 31079
1 12 26 7
1 13 25 13
1 14 24 21
1 15 23 32
1 16 22 43
1 17 21 53
1 18 20 59
1 19 19 61
12 12 15 31238
12 13 14 33411
13 13 13 34580
2 10 27 19
2 11 26 38
2 12 25 67
2 13 24 106
2 14 23 153
2 15 22 205
2 16 21 254
2 17 20 291
2 18 19 311
2 7 30 1
2 8 29 3
2 9 28 8
3 10 26 101
3 11 25 179
3 12 24 288
3 13 23 423
3 14 22 574
3 15 21 726
3 16 20 855
3 17 19 941
3 18 18 972
3 6 30 2
3 7 29 8
3 8 28 22
3 9 27 50
4 10 25 354
4 11 24 580
4 12 23 874
4 13 22 1215
4 14 21 1573
4 15 20 1903
4 16 19 2157
4 17 18 2295
4 4 31 1
4 5 30 4
4 6 29 15
4 7 28 42
4 8 27 97
4 9 26 195
5 10 24 914
5 11 23 1426
5 12 22 2055
5 13 21 2746
5 14 20 3425
5 15 19 4001
5 16 18 4391
5 17 17 4526
5 5 29 16
5 6 28 52
5 7 27 131
5 8 26 282
5 9 25 533
6 10 23 1998
6 11 22 2985
6 12 21 4136
6 13 20 5329
6 14 19 6424
6 15 18 7268
6 16 17 7728
6 6 27 147
6 7 26 340
6 8 25 684
6 9 24 1224
7 10 22 3783
7 11 21 5448
7 12 20 7289
7 13 19 9088
7 14 18 10620
7 15 17 11647
7 16 16 12015
7 7 25 738
7 8 24 1410
7 9 23 2415
8 10 21 6409
8 11 20 8919
8 12 19 11550
8 13 18 13963
8 14 17 15821
8 15 16 16836
8 8 23 2578
8 9 22 4244
9 10 20 9844
9 11 19 13268
9 12 18 16663
9 13 17 19538
9 14 16 21485
9 15 15 22165
9 9 21 6744
