0 16 6 10 0
16 0 6 10 0
0 16 10 6 0
16 0 10 6 0
0 16 7 9 0
16 0 7 9 0
0 16 9 7 0
16 0 9 7 0
0 16 8 8 0
16 0 8 8 0
1 15 6 10 0
15 1 6 10 0
1 15 10 6 0
15 1 10 6 0
1 15 7 9 0
15 1 7 9 0
1 15 9 7 0
15 1 9 7 0
1 15 8 8 0
15 1 8 8 0
2 14 6 10 1
14 2 6 10 1
2 14 10 6 1
14 2 10 6 1
2 14 7 9 1
14 2 7 9 1
2 14 9 7 1
14 2 9 7 1
2 14 8 8 2
14 2 8 8 2
3 13 6 10 4
13 3 6 10 4
3 13 10 6 4
13 3 10 6 4
3 13 7 9 6
13 3 7 9 6
3 13 9 7 6
13 3 9 7 6
3 13 8 8 8
13 3 8 8 8
4 12 6 10 14
12 4 6 10 14
4 12 10 6 14
12 4 10 6 14
4 12 7 9 20
12 4 7 9 20
4 12 9 7 20
12 4 9 7 20
4 12 8 8 25
12 4 8 8 25
1 15 3 13 0
15 1 3 13 0
1 15 13 3 0
15 1 13 3 0
1 15 4 12 0
15 1 4 12 0
1 15 12 4 0
15 1 12 4 0
1 15 5 11 0
15 1 5 11 0
1 15 11 5 0
15 1 11 5 0
2 14 3 13 0
14 2 3 13 0
2 14 13 3 0
14 2 13 3 0
2 14 4 12 0
14 2 4 12 0
2 14 12 4 0
14 2 12 4 0
2 14 5 11 0
14 2 5 11 0
2 14 11 5 0
14 2 11 5 0
3 13 3 13 0
13 3 3 13 0
3 13 13 3 0
13 3 13 3 0
3 13 4 12 0
13 3 4 12 0
3 13 12 4 0
13 3 12 4 0
3 13 5 11 1
13 3 5 11 1
3 13 11 5 1
13 3 11 5 1
4 12 3 13 0
12 4 3 13 0
4 12 13 3 0
12 4 13 3 0
4 12 4 12 1
12 4 4 12 1
4 12 12 4 1
12 4 12 4 1
4 12 5 11 5
12 4 5 11 5
4 12 11 5 5
12 4 11 5 5
5 11 3 13 1
11 5 3 13 1
5 11 13 3 1
11 5 13 3 1
5 11 4 12 5
11 5 4 12 5
5 11 12 4 5
11 5 12 4 5
5 11 5 11 15
11 5 5 11 15
5 11 11 5 15
11 5 11 5 15
5 11 6 10 32
11 5 6 10 32
5 11 10 6 32
11 5 10 6 32
5 11 7 9 46
11 5 7 9 46
5 11 9 7 46
11 5 9 7 46
5 11 8 8 54
11 5 8 8 54
6 10 3 13 4
10 6 3 13 4
6 10 13 3 4
10 6 13 3 4
6 10 4 12 14
10 6 4 12 14
6 10 12 4 14
10 6 12 4 14
6 10 5 11 32
10 6 5 11 32
6 10 11 5 32
10 6 11 5 32
6 10 6 10 61
10 6 6 10 61
6 10 10 6 61
10 6 10 6 61
6 10 7 9 83
10 6 7 9 83
6 10 9 7 83
10 6 9 7 83
6 10 8 8 96
10 6 8 8 96
7 9 3 13 6
9 7 3 13 6
7 9 13 3 6
9 7 13 3 6
7 9 4 12 20
9 7 4 12 20
7 9 12 4 20
9 7 12 4 20
7 9 5 11 46
9 7 5 11 46
7 9 11 5 46
9 7 11 5 46
7 9 6 10 83
9 7 6 10 83
7 9 10 6 83
9 7 10 6 83
7 9 7 9 113
9 7 7 9 113
7 9 9 7 113
9 7 9 7 113
7 9 8 8 128
9 7 8 8 128
2 14 2 14 0
14 2 2 14 0
2 14 14 2 0
14 2 14 2 0
3 13 2 14 0
13 3 2 14 0
3 13 14 2 0
13 3 14 2 0
4 12 2 14 0
12 4 2 14 0
4 12 14 2 0
12 4 14 2 0
5 11 2 14 0
11 5 2 14 0
5 11 14 2 0
11 5 14 2 0
6 10 2 14 1
10 6 2 14 1
6 10 14 2 1
10 6 14 2 1
3 13 1 15 0
13 3 1 15 0
3 13 15 1 0
13 3 15 1 0
4 12 1 15 0
12 4 1 15 0
4 12 15 1 0
12 4 15 1 0
5 11 1 15 0
11 5 1 15 0
5 11 15 1 0
11 5 15 1 0
6 10 1 15 0
10 6 1 15 0
6 10 15 1 0
10 6 15 1 0
7 9 1 15 0
9 7 1 15 0
7 9 15 1 0
9 7 15 1 0
7 9 2 14 1
9 7 2 14 1
7 9 14 2 1
9 7 14 2 1
8 8 1 15 0
8 8 15 1 0
8 8 2 14 2
8 8 14 2 2
8 8 3 13 8
8 8 13 3 8
8 8 4 12 25
8 8 12 4 25
8 8 5 11 54
8 8 11 5 54
8 8 6 10 96
8 8 10 6 96
8 8 7 9 128
8 8 9 7 128
8 8 8 8 145
6 10 0 16 0
10 6 0 16 0
6 10 16 0 0
10 6 16 0 0
7 9 0 16 0
9 7 0 16 0
7 9 16 0 0
9 7 16 0 0
8 8 0 16 0
8 8 16 0 0
