3 22 9 16 0
22 3 9 16 0
3 22 16 9 0
22 3 16 9 0
3 22 10 15 0
22 3 10 15 0
3 22 15 10 0
22 3 15 10 0
3 22 11 14 0
22 3 11 14 0
3 22 14 11 0
22 3 14 11 0
3 22 12 13 0
22 3 12 13 0
3 22 13 12 0
22 3 13 12 0
4 21 9 16 0
21 4 9 16 0
4 21 16 9 0
21 4 16 9 0
4 21 10 15 0
21 4 10 15 0
4 21 15 10 0
21 4 15 10 0
4 21 11 14 0
21 4 11 14 0
4 21 14 11 0
21 4 14 11 0
4 21 12 13 0
21 4 12 13 0
4 21 13 12 0
21 4 13 12 0
5 20 9 16 0
20 5 9 16 0
5 20 16 9 0
20 5 16 9 0
5 20 10 15 0
20 5 10 15 0
5 20 15 10 0
20 5 15 10 0
5 20 11 14 0
20 5 11 14 0
5 20 14 11 0
20 5 14 11 0
5 20 12 13 0
20 5 12 13 0
5 20 13 12 0
20 5 13 12 0
6 19 9 16 0
19 6 9 16 0
6 19 16 9 0
19 6 16 9 0
6 19 10 15 0
19 6 10 15 0
6 19 15 10 0
19 6 15 10 0
6 19 11 14 1
19 6 11 14 1
6 19 14 11 1
19 6 14 11 1
6 19 12 13 2
19 6 12 13 2
6 19 13 12 2
19 6 13 12 2
7 18 9 16 2
18 7 9 16 2
7 18 16 9 2
18 7 16 9 2
7 18 10 15 5
18 7 10 15 5
7 18 15 10 5
18 7 15 10 5
7 18 11 14 11
18 7 11 14 11
7 18 14 11 11
18 7 14 11 11
7 18 12 13 15
18 7 12 13 15
7 18 13 12 15
18 7 13 12 15
4 21 7 18 0
21 4 7 18 0
4 21 18 7 0
21 4 18 7 0
4 21 8 17 0
21 4 8 17 0
4 21 17 8 0
21 4 17 8 0
5 20 7 18 0
20 5 7 18 0
5 20 18 7 0
20 5 18 7 0
5 20 8 17 0
20 5 8 17 0
5 20 17 8 0
20 5 17 8 0
6 19 7 18 0
19 6 7 18 0
6 19 18 7 0
19 6 18 7 0
6 19 8 17 0
19 6 8 17 0
6 19 17 8 0
19 6 17 8 0
7 18 7 18 0
18 7 7 18 0
7 18 18 7 0
18 7 18 7 0
7 18 8 17 0
18 7 8 17 0
7 18 17 8 0
18 7 17 8 0
8 17 7 18 0
17 8 7 18 0
8 17 18 7 0
17 8 18 7 0
8 17 8 17 2
17 8 8 17 2
8 17 17 8 2
17 8 17 8 2
8 17 9 16 10
17 8 9 16 10
8 17 16 9 10
17 8 16 9 10
8 17 10 15 24
17 8 10 15 24
8 17 15 10 24
17 8 15 10 24
8 17 11 14 43
17 8 11 14 43
8 17 14 11 43
17 8 14 11 43
8 17 12 13 56
17 8 12 13 56
8 17 13 12 56
17 8 13 12 56
9 16 7 18 2
16 9 7 18 2
9 16 18 7 2
16 9 18 7 2
9 16 8 17 10
16 9 8 17 10
9 16 17 8 10
16 9 17 8 10
9 16 9 16 33
16 9 9 16 33
9 16 16 9 33
16 9 16 9 33
9 16 10 15 70
16 9 10 15 70
9 16 15 10 70
16 9 15 10 70
9 16 11 14 115
16 9 11 14 115
9 16 14 11 115
16 9 14 11 115
9 16 12 13 145
16 9 12 13 145
9 16 13 12 145
16 9 13 12 145
6 19 6 19 0
19 6 6 19 0
6 19 19 6 0
19 6 19 6 0
7 18 6 19 0
18 7 6 19 0
7 18 19 6 0
18 7 19 6 0
8 17 6 19 0
17 8 6 19 0
8 17 19 6 0
17 8 19 6 0
9 16 6 19 0
16 9 6 19 0
9 16 19 6 0
16 9 19 6 0
10 15 6 19 0
15 10 6 19 0
10 15 19 6 0
15 10 19 6 0
10 15 7 18 5
15 10 7 18 5
10 15 18 7 5
15 10 18 7 5
10 15 8 17 24
15 10 8 17 24
10 15 17 8 24
15 10 17 8 24
10 15 9 16 70
15 10 9 16 70
10 15 16 9 70
15 10 16 9 70
10 15 10 15 141
15 10 10 15 141
10 15 15 10 141
15 10 15 10 141
10 15 11 14 222
15 10 11 14 222
10 15 14 11 222
15 10 14 11 222
10 15 12 13 276
15 10 12 13 276
10 15 13 12 276
15 10 13 12 276
11 14 7 18 11
14 11 7 18 11
11 14 18 7 11
14 11 18 7 11
11 14 8 17 43
14 11 8 17 43
11 14 17 8 43
14 11 17 8 43
11 14 9 16 115
14 11 9 16 115
11 14 16 9 115
14 11 16 9 115
11 14 10 15 222
14 11 10 15 222
11 14 15 10 222
14 11 15 10 222
11 14 11 14 341
14 11 11 14 341
11 14 14 11 341
14 11 14 11 341
11 14 12 13 419
14 11 12 13 419
11 14 13 12 419
14 11 13 12 419
12 13 7 18 15
13 12 7 18 15
12 13 18 7 15
13 12 18 7 15
12 13 8 17 56
13 12 8 17 56
12 13 17 8 56
13 12 17 8 56
12 13 9 16 145
13 12 9 16 145
12 13 16 9 145
13 12 16 9 145
12 13 10 15 276
13 12 10 15 276
12 13 15 10 276
13 12 15 10 276
12 13 11 14 419
13 12 11 14 419
12 13 14 11 419
13 12 14 11 419
12 13 12 13 512
13 12 12 13 512
12 13 13 12 512
13 12 13 12 512
5 20 6 19 0
20 5 6 19 0
5 20 19 6 0
20 5 19 6 0
6 19 5 20 0
19 6 5 20 0
6 19 20 5 0
19 6 20 5 0
7 18 5 20 0
18 7 5 20 0
7 18 20 5 0
18 7 20 5 0
8 17 5 20 0
17 8 5 20 0
8 17 20 5 0
17 8 20 5 0
9 16 5 20 0
16 9 5 20 0
9 16 20 5 0
16 9 20 5 0
10 15 5 20 0
15 10 5 20 0
10 15 20 5 0
15 10 20 5 0
7 18 4 21 0
18 7 4 21 0
7 18 21 4 0
18 7 21 4 0
8 17 4 21 0
17 8 4 21 0
8 17 21 4 0
17 8 21 4 0
9 16 4 21 0
16 9 4 21 0
9 16 21 4 0
16 9 21 4 0
10 15 4 21 0
15 10 4 21 0
10 15 21 4 0
15 10 21 4 0
11 14 4 21 0
14 11 4 21 0
11 14 21 4 0
14 11 21 4 0
11 14 5 20 0
14 11 5 20 0
11 14 20 5 0
14 11 20 5 0
11 14 6 19 1
14 11 6 19 1
11 14 19 6 1
14 11 19 6 1
12 13 5 20 0
13 12 5 20 0
12 13 20 5 0
13 12 20 5 0
12 13 6 19 2
13 12 6 19 2
12 13 19 6 2
13 12 19 6 2
12 13 4 21 0
13 12 4 21 0
12 13 21 4 0
13 12 21 4 0
9 16 3 22 0
16 9 3 22 0
9 16 22 3 0
16 9 22 3 0
10 15 3 22 0
15 10 3 22 0
10 15 22 3 0
15 10 22 3 0
11 14 3 22 0
14 11 3 22 0
11 14 22 3 0
14 11 22 3 0
12 13 3 22 0
13 12 3 22 0
12 13 22 3 0
13 12 22 3 0
