18 28 19 27 0
28 18 19 27 0
18 28 27 19 0
28 18 27 19 0
18 28 20 26 0
28 18 20 26 0
18 28 26 20 0
28 18 26 20 0
18 28 21 25 0
28 18 21 25 0
18 28 25 21 0
28 18 25 21 0
18 28 22 24 0
28 18 22 24 0
18 28 24 22 0
28 18 24 22 0
18 28 23 23 0
28 18 23 23 0
19 27 19 27 0
27 19 19 27 0
19 27 27 19 0
27 19 27 19 0
19 27 20 26 0
27 19 20 26 0
19 27 26 20 0
27 19 26 20 0
19 27 21 25 0
27 19 21 25 0
19 27 25 21 0
27 19 25 21 0
19 27 22 24 0
27 19 22 24 0
19 27 24 22 0
27 19 24 22 0
19 27 23 23 0
27 19 23 23 0
20 26 19 27 0
26 20 19 27 0
20 26 27 19 0
26 20 27 19 0
20 26 20 26 0
26 20 20 26 0
20 26 26 20 0
26 20 26 20 0
20 26 21 25 0
26 20 21 25 0
20 26 25 21 0
26 20 25 21 0
20 26 22 24 0
26 20 22 24 0
20 26 24 22 0
26 20 24 22 0
20 26 23 23 0
26 20 23 23 0
21 25 19 27 0
25 21 19 27 0
21 25 27 19 0
25 21 27 19 0
21 25 20 26 0
25 21 20 26 0
21 25 26 20 0
25 21 26 20 0
21 25 21 25 0
25 21 21 25 0
21 25 25 21 0
25 21 25 21 0
21 25 22 24 0
25 21 22 24 0
21 25 24 22 0
25 21 24 22 0
21 25 23 23 0
25 21 23 23 0
22 24 19 27 0
24 22 19 27 0
22 24 27 19 0
24 22 27 19 0
22 24 20 26 0
24 22 20 26 0
22 24 26 20 0
24 22 26 20 0
22 24 21 25 0
24 22 21 25 0
22 24 25 21 0
24 22 25 21 0
22 24 22 24 0
24 22 22 24 0
22 24 24 22 0
24 22 24 22 0
22 24 23 23 0
24 22 23 23 0
19 27 18 28 0
27 19 18 28 0
19 27 28 18 0
27 19 28 18 0
20 26 18 28 0
26 20 18 28 0
20 26 28 18 0
26 20 28 18 0
21 25 18 28 0
25 21 18 28 0
21 25 28 18 0
25 21 28 18 0
22 24 18 28 0
24 22 18 28 0
22 24 28 18 0
24 22 28 18 0
23 23 18 28 0
23 23 28 18 0
23 23 19 27 0
23 23 27 19 0
23 23 20 26 0
23 23 26 20 0
23 23 21 25 0
23 23 25 21 0
23 23 22 24 0
23 23 24 22 0
23 23 23 23 0
