1 18 6 13 0
18 1 6 13 0
1 18 13 6 0
18 1 13 6 0
1 18 7 12 0
18 1 7 12 0
1 18 12 7 0
18 1 12 7 0
1 18 8 11 0
18 1 8 11 0
1 18 11 8 0
18 1 11 8 0
1 18 9 10 0
18 1 9 10 0
1 18 10 9 0
18 1 10 9 0
2 17 6 13 0
17 2 6 13 0
2 17 13 6 0
17 2 13 6 0
2 17 7 12 0
17 2 7 12 0
2 17 12 7 0
17 2 12 7 0
2 17 8 11 0
17 2 8 11 0
2 17 11 8 0
17 2 11 8 0
2 17 9 10 0
17 2 9 10 0
2 17 10 9 0
17 2 10 9 0
3 16 6 13 0
16 3 6 13 0
3 16 13 6 0
16 3 13 6 0
3 16 7 12 0
16 3 7 12 0
3 16 12 7 0
16 3 12 7 0
3 16 8 11 1
16 3 8 11 1
3 16 11 8 1
16 3 11 8 1
3 16 9 10 1
16 3 9 10 1
3 16 10 9 1
16 3 10 9 1
4 15 6 13 1
15 4 6 13 1
4 15 13 6 1
15 4 13 6 1
4 15 7 12 3
15 4 7 12 3
4 15 12 7 3
15 4 12 7 3
4 15 8 11 7
15 4 8 11 7
4 15 11 8 7
15 4 11 8 7
4 15 9 10 9
15 4 9 10 9
4 15 10 9 9
15 4 10 9 9
5 14 6 13 5
14 5 6 13 5
5 14 13 6 5
14 5 13 6 5
5 14 7 12 13
14 5 7 12 13
5 14 12 7 13
14 5 12 7 13
5 14 8 11 25
14 5 8 11 25
5 14 11 8 25
14 5 11 8 25
5 14 9 10 33
14 5 9 10 33
5 14 10 9 33
14 5 10 9 33
6 13 6 13 18
13 6 6 13 18
6 13 13 6 18
13 6 13 6 18
6 13 7 12 40
13 6 7 12 40
6 13 12 7 40
13 6 12 7 40
6 13 8 11 68
13 6 8 11 68
6 13 11 8 68
13 6 11 8 68
6 13 9 10 86
13 6 9 10 86
6 13 10 9 86
13 6 10 9 86
7 12 6 13 40
12 7 6 13 40
7 12 13 6 40
12 7 13 6 40
7 12 7 12 82
12 7 7 12 82
7 12 12 7 82
12 7 12 7 82
7 12 8 11 132
12 7 8 11 132
7 12 11 8 132
12 7 11 8 132
7 12 9 10 164
12 7 9 10 164
7 12 10 9 164
12 7 10 9 164
2 17 4 15 0
17 2 4 15 0
2 17 15 4 0
17 2 15 4 0
2 17 5 14 0
17 2 5 14 0
2 17 14 5 0
17 2 14 5 0
3 16 4 15 0
16 3 4 15 0
3 16 15 4 0
16 3 15 4 0
3 16 5 14 0
16 3 5 14 0
3 16 14 5 0
16 3 14 5 0
4 15 4 15 0
15 4 4 15 0
4 15 15 4 0
15 4 15 4 0
4 15 5 14 0
15 4 5 14 0
4 15 14 5 0
15 4 14 5 0
5 14 4 15 0
14 5 4 15 0
5 14 15 4 0
14 5 15 4 0
5 14 5 14 0
14 5 5 14 0
5 14 14 5 0
14 5 14 5 0
6 13 4 15 1
13 6 4 15 1
6 13 15 4 1
13 6 15 4 1
6 13 5 14 5
13 6 5 14 5
6 13 14 5 5
13 6 14 5 5
3 16 3 16 0
16 3 3 16 0
3 16 16 3 0
16 3 16 3 0
4 15 3 16 0
15 4 3 16 0
4 15 16 3 0
15 4 16 3 0
5 14 3 16 0
14 5 3 16 0
5 14 16 3 0
14 5 16 3 0
6 13 3 16 0
13 6 3 16 0
6 13 16 3 0
13 6 16 3 0
7 12 3 16 0
12 7 3 16 0
7 12 16 3 0
12 7 16 3 0
7 12 4 15 3
12 7 4 15 3
7 12 15 4 3
12 7 15 4 3
7 12 5 14 13
12 7 5 14 13
7 12 14 5 13
12 7 14 5 13
8 11 3 16 1
11 8 3 16 1
8 11 16 3 1
11 8 16 3 1
8 11 4 15 7
11 8 4 15 7
8 11 15 4 7
11 8 15 4 7
8 11 5 14 25
11 8 5 14 25
8 11 14 5 25
11 8 14 5 25
8 11 6 13 68
11 8 6 13 68
8 11 13 6 68
11 8 13 6 68
8 11 7 12 132
11 8 7 12 132
8 11 12 7 132
11 8 12 7 132
8 11 8 11 204
11 8 8 11 204
8 11 11 8 204
11 8 11 8 204
8 11 9 10 251
11 8 9 10 251
8 11 10 9 251
11 8 10 9 251
9 10 3 16 1
10 9 3 16 1
9 10 16 3 1
10 9 16 3 1
9 10 4 15 9
10 9 4 15 9
9 10 15 4 9
10 9 15 4 9
9 10 5 14 33
10 9 5 14 33
9 10 14 5 33
10 9 14 5 33
9 10 6 13 86
10 9 6 13 86
9 10 13 6 86
10 9 13 6 86
9 10 7 12 164
10 9 7 12 164
9 10 12 7 164
10 9 12 7 164
9 10 8 11 251
10 9 8 11 251
9 10 11 8 251
10 9 11 8 251
9 10 9 10 306
10 9 9 10 306
9 10 10 9 306
10 9 10 9 306
4 15 2 17 0
15 4 2 17 0
4 15 17 2 0
15 4 17 2 0
5 14 2 17 0
14 5 2 17 0
5 14 17 2 0
14 5 17 2 0
6 13 2 17 0
13 6 2 17 0
6 13 17 2 0
13 6 17 2 0
7 12 2 17 0
12 7 2 17 0
7 12 17 2 0
12 7 17 2 0
8 11 2 17 0
11 8 2 17 0
8 11 17 2 0
11 8 17 2 0
9 10 2 17 0
10 9 2 17 0
9 10 17 2 0
10 9 17 2 0
6 13 1 18 0
13 6 1 18 0
6 13 18 1 0
13 6 18 1 0
7 12 1 18 0
12 7 1 18 0
7 12 18 1 0
12 7 18 1 0
8 11 1 18 0
11 8 1 18 0
8 11 18 1 0
11 8 18 1 0
9 10 1 18 0
10 9 1 18 0
9 10 18 1 0
10 9 18 1 0
