10 27 15 22 0
27 10 15 22 0
10 27 22 15 0
27 10 22 15 0
10 27 16 21 0
27 10 16 21 0
10 27 21 16 0
27 10 21 16 0
10 27 17 20 0
27 10 17 20 0
10 27 20 17 0
27 10 20 17 0
10 27 18 19 0
27 10 18 19 0
10 27 19 18 0
27 10 19 18 0
11 26 15 22 0
26 11 15 22 0
11 26 22 15 0
26 11 22 15 0
11 26 16 21 0
26 11 16 21 0
11 26 21 16 0
26 11 21 16 0
11 26 17 20 0
26 11 17 20 0
11 26 20 17 0
26 11 20 17 0
11 26 18 19 0
26 11 18 19 0
11 26 19 18 0
26 11 19 18 0
12 25 15 22 0
25 12 15 22 0
12 25 22 15 0
25 12 22 15 0
12 25 16 21 0
25 12 16 21 0
12 25 21 16 0
25 12 21 16 0
12 25 17 20 0
25 12 17 20 0
12 25 20 17 0
25 12 20 17 0
12 25 18 19 0
25 12 18 19 0
12 25 19 18 0
25 12 19 18 0
13 24 15 22 0
24 13 15 22 0
13 24 22 15 0
24 13 22 15 0
13 24 16 21 0
24 13 16 21 0
13 24 21 16 0
24 13 21 16 0
13 24 17 20 0
24 13 17 20 0
13 24 20 17 0
24 13 20 17 0
13 24 18 19 0
24 13 18 19 0
13 24 19 18 0
24 13 19 18 0
14 23 15 22 0
23 14 15 22 0
14 23 22 15 0
23 14 22 15 0
14 23 16 21 0
23 14 16 21 0
14 23 21 16 0
23 14 21 16 0
14 23 17 20 0
23 14 17 20 0
14 23 20 17 0
23 14 20 17 0
14 23 18 19 1
23 14 18 19 1
14 23 19 18 1
23 14 19 18 1
11 26 13 24 0
26 11 13 24 0
11 26 24 13 0
26 11 24 13 0
11 26 14 23 0
26 11 14 23 0
11 26 23 14 0
26 11 23 14 0
12 25 13 24 0
25 12 13 24 0
12 25 24 13 0
25 12 24 13 0
12 25 14 23 0
25 12 14 23 0
12 25 23 14 0
25 12 23 14 0
13 24 13 24 0
24 13 13 24 0
13 24 24 13 0
24 13 24 13 0
13 24 14 23 0
24 13 14 23 0
13 24 23 14 0
24 13 23 14 0
14 23 13 24 0
23 14 13 24 0
14 23 24 13 0
23 14 24 13 0
14 23 14 23 0
23 14 14 23 0
14 23 23 14 0
23 14 23 14 0
15 22 13 24 0
22 15 13 24 0
15 22 24 13 0
22 15 24 13 0
15 22 14 23 0
22 15 14 23 0
15 22 23 14 0
22 15 23 14 0
15 22 15 22 0
22 15 15 22 0
15 22 22 15 0
22 15 22 15 0
15 22 16 21 1
22 15 16 21 1
15 22 21 16 1
22 15 21 16 1
15 22 17 20 3
22 15 17 20 3
15 22 20 17 3
22 15 20 17 3
15 22 18 19 5
22 15 18 19 5
15 22 19 18 5
22 15 19 18 5
16 21 13 24 0
21 16 13 24 0
16 21 24 13 0
21 16 24 13 0
16 21 14 23 0
21 16 14 23 0
16 21 23 14 0
21 16 23 14 0
16 21 15 22 1
21 16 15 22 1
16 21 22 15 1
21 16 22 15 1
16 21 16 21 4
21 16 16 21 4
16 21 21 16 4
21 16 21 16 4
16 21 17 20 9
21 16 17 20 9
16 21 20 17 9
21 16 20 17 9
16 21 18 19 13
21 16 18 19 13
16 21 19 18 13
21 16 19 18 13
17 20 15 22 3
20 17 15 22 3
17 20 22 15 3
20 17 22 15 3
17 20 16 21 9
20 17 16 21 9
17 20 21 16 9
20 17 21 16 9
17 20 17 20 18
20 17 17 20 18
17 20 20 17 18
20 17 20 17 18
17 20 18 19 25
20 17 18 19 25
17 20 19 18 25
20 17 19 18 25
12 25 12 25 0
25 12 12 25 0
12 25 25 12 0
25 12 25 12 0
13 24 12 25 0
24 13 12 25 0
13 24 25 12 0
24 13 25 12 0
14 23 12 25 0
23 14 12 25 0
14 23 25 12 0
23 14 25 12 0
15 22 12 25 0
22 15 12 25 0
15 22 25 12 0
22 15 25 12 0
16 21 12 25 0
21 16 12 25 0
16 21 25 12 0
21 16 25 12 0
13 24 11 26 0
24 13 11 26 0
13 24 26 11 0
24 13 26 11 0
14 23 11 26 0
23 14 11 26 0
14 23 26 11 0
23 14 26 11 0
15 22 11 26 0
22 15 11 26 0
15 22 26 11 0
22 15 26 11 0
16 21 11 26 0
21 16 11 26 0
16 21 26 11 0
21 16 26 11 0
17 20 11 26 0
20 17 11 26 0
17 20 26 11 0
20 17 26 11 0
17 20 12 25 0
20 17 12 25 0
17 20 25 12 0
20 17 25 12 0
17 20 13 24 0
20 17 13 24 0
17 20 24 13 0
20 17 24 13 0
17 20 14 23 0
20 17 14 23 0
17 20 23 14 0
20 17 23 14 0
18 19 12 25 0
19 18 12 25 0
18 19 25 12 0
19 18 25 12 0
18 19 13 24 0
19 18 13 24 0
18 19 24 13 0
19 18 24 13 0
18 19 14 23 1
19 18 14 23 1
18 19 23 14 1
19 18 23 14 1
18 19 15 22 5
19 18 15 22 5
18 19 22 15 5
19 18 22 15 5
18 19 16 21 13
19 18 16 21 13
18 19 21 16 13
19 18 21 16 13
18 19 17 20 25
19 18 17 20 25
18 19 20 17 25
19 18 20 17 25
18 19 18 19 33
19 18 18 19 33
18 19 19 18 33
19 18 19 18 33
18 19 11 26 0
19 18 11 26 0
18 19 26 11 0
19 18 26 11 0
15 22 10 27 0
22 15 10 27 0
15 22 27 10 0
22 15 27 10 0
16 21 10 27 0
21 16 10 27 0
16 21 27 10 0
21 16 27 10 0
17 20 10 27 0
20 17 10 27 0
17 20 27 10 0
20 17 27 10 0
18 19 10 27 0
19 18 10 27 0
18 19 27 10 0
19 18 27 10 0
