2 20 7 15 0
20 2 7 15 0
2 20 15 7 0
20 2 15 7 0
2 20 8 14 0
20 2 8 14 0
2 20 14 8 0
20 2 14 8 0
2 20 9 13 0
20 2 9 13 0
2 20 13 9 0
20 2 13 9 0
2 20 10 12 0
20 2 10 12 0
2 20 12 10 0
20 2 12 10 0
2 20 11 11 0
20 2 11 11 0
3 19 7 15 0
19 3 7 15 0
3 19 15 7 0
19 3 15 7 0
3 19 8 14 0
19 3 8 14 0
3 19 14 8 0
19 3 14 8 0
3 19 9 13 0
19 3 9 13 0
3 19 13 9 0
19 3 13 9 0
3 19 10 12 0
19 3 10 12 0
3 19 12 10 0
19 3 12 10 0
3 19 11 11 0
19 3 11 11 0
4 18 7 15 0
18 4 7 15 0
4 18 15 7 0
18 4 15 7 0
4 18 8 14 0
18 4 8 14 0
4 18 14 8 0
18 4 14 8 0
4 18 9 13 0
18 4 9 13 0
4 18 13 9 0
18 4 13 9 0
4 18 10 12 0
18 4 10 12 0
4 18 12 10 0
18 4 12 10 0
4 18 11 11 1
18 4 11 11 1
5 17 7 15 0
17 5 7 15 0
5 17 15 7 0
17 5 15 7 0
5 17 8 14 1
17 5 8 14 1
5 17 14 8 1
17 5 14 8 1
5 17 9 13 3
17 5 9 13 3
5 17 13 9 3
17 5 13 9 3
5 17 10 12 5
17 5 10 12 5
5 17 12 10 5
17 5 12 10 5
5 17 11 11 7
17 5 11 11 7
6 16 7 15 2
16 6 7 15 2
6 16 15 7 2
16 6 15 7 2
6 16 8 14 7
16 6 8 14 7
6 16 14 8 7
16 6 14 8 7
6 16 9 13 17
16 6 9 13 17
6 16 13 9 17
16 6 13 9 17
6 16 10 12 25
16 6 10 12 25
6 16 12 10 25
16 6 12 10 25
6 16 11 11 31
16 6 11 11 31
3 19 6 16 0
19 3 6 16 0
3 19 16 6 0
19 3 16 6 0
4 18 6 16 0
18 4 6 16 0
4 18 16 6 0
18 4 16 6 0
5 17 6 16 0
17 5 6 16 0
5 17 16 6 0
17 5 16 6 0
6 16 6 16 0
16 6 6 16 0
6 16 16 6 0
16 6 16 6 0
7 15 6 16 2
15 7 6 16 2
7 15 16 6 2
15 7 16 6 2
7 15 7 15 10
15 7 7 15 10
7 15 15 7 10
15 7 15 7 10
7 15 8 14 28
15 7 8 14 28
7 15 14 8 28
15 7 14 8 28
7 15 9 13 55
15 7 9 13 55
7 15 13 9 55
15 7 13 9 55
7 15 10 12 79
15 7 10 12 79
7 15 12 10 79
15 7 12 10 79
7 15 11 11 91
15 7 11 11 91
8 14 6 16 7
14 8 6 16 7
8 14 16 6 7
14 8 16 6 7
8 14 7 15 28
14 8 7 15 28
8 14 15 7 28
14 8 15 7 28
8 14 8 14 67
14 8 8 14 67
8 14 14 8 67
14 8 14 8 67
8 14 9 13 124
14 8 9 13 124
8 14 13 9 124
14 8 13 9 124
8 14 10 12 172
14 8 10 12 172
8 14 12 10 172
14 8 12 10 172
8 14 11 11 196
14 8 11 11 196
9 13 6 16 17
13 9 6 16 17
9 13 16 6 17
13 9 16 6 17
9 13 7 15 55
13 9 7 15 55
9 13 15 7 55
13 9 15 7 55
9 13 8 14 124
13 9 8 14 124
9 13 14 8 124
13 9 14 8 124
9 13 9 13 216
13 9 9 13 216
9 13 13 9 216
13 9 13 9 216
9 13 10 12 295
13 9 10 12 295
9 13 12 10 295
13 9 12 10 295
9 13 11 11 330
13 9 11 11 330
10 12 7 15 79
12 10 7 15 79
10 12 15 7 79
12 10 15 7 79
10 12 8 14 172
12 10 8 14 172
10 12 14 8 172
12 10 14 8 172
10 12 9 13 295
12 10 9 13 295
10 12 13 9 295
12 10 13 9 295
10 12 10 12 397
12 10 10 12 397
10 12 12 10 397
12 10 12 10 397
10 12 11 11 444
12 10 11 11 444
4 18 4 18 0
18 4 4 18 0
4 18 18 4 0
18 4 18 4 0
4 18 5 17 0
18 4 5 17 0
4 18 17 5 0
18 4 17 5 0
5 17 4 18 0
17 5 4 18 0
5 17 18 4 0
17 5 18 4 0
5 17 5 17 0
17 5 5 17 0
5 17 17 5 0
17 5 17 5 0
6 16 4 18 0
16 6 4 18 0
6 16 18 4 0
16 6 18 4 0
6 16 5 17 0
16 6 5 17 0
6 16 17 5 0
16 6 17 5 0
7 15 4 18 0
15 7 4 18 0
7 15 18 4 0
15 7 18 4 0
7 15 5 17 0
15 7 5 17 0
7 15 17 5 0
15 7 17 5 0
8 14 4 18 0
14 8 4 18 0
8 14 18 4 0
14 8 18 4 0
8 14 5 17 1
14 8 5 17 1
8 14 17 5 1
14 8 17 5 1
9 13 4 18 0
13 9 4 18 0
9 13 18 4 0
13 9 18 4 0
9 13 5 17 3
13 9 5 17 3
9 13 17 5 3
13 9 17 5 3
6 16 3 19 0
16 6 3 19 0
6 16 19 3 0
16 6 19 3 0
7 15 3 19 0
15 7 3 19 0
7 15 19 3 0
15 7 19 3 0
8 14 3 19 0
14 8 3 19 0
8 14 19 3 0
14 8 19 3 0
9 13 3 19 0
13 9 3 19 0
9 13 19 3 0
13 9 19 3 0
10 12 3 19 0
12 10 3 19 0
10 12 19 3 0
12 10 19 3 0
10 12 4 18 0
12 10 4 18 0
10 12 18 4 0
12 10 18 4 0
10 12 5 17 5
12 10 5 17 5
10 12 17 5 5
12 10 17 5 5
10 12 6 16 25
12 10 6 16 25
10 12 16 6 25
12 10 16 6 25
11 11 4 18 1
11 11 18 4 1
11 11 5 17 7
11 11 17 5 7
11 11 6 16 31
11 11 16 6 31
11 11 7 15 91
11 11 15 7 91
11 11 8 14 196
11 11 14 8 196
11 11 9 13 330
11 11 13 9 330
11 11 10 12 444
11 11 12 10 444
11 11 11 11 493
7 15 2 20 0
15 7 2 20 0
7 15 20 2 0
15 7 20 2 0
8 14 2 20 0
14 8 2 20 0
8 14 20 2 0
14 8 20 2 0
9 13 2 20 0
13 9 2 20 0
9 13 20 2 0
13 9 20 2 0
10 12 2 20 0
12 10 2 20 0
10 12 20 2 0
12 10 20 2 0
11 11 2 20 0
11 11 20 2 0
11 11 3 19 0
11 11 19 3 0
