8 26 13 21 0
26 8 13 21 0
8 26 21 13 0
26 8 21 13 0
8 26 14 20 0
26 8 14 20 0
8 26 20 14 0
26 8 20 14 0
8 26 15 19 0
26 8 15 19 0
8 26 19 15 0
26 8 19 15 0
8 26 16 18 0
26 8 16 18 0
8 26 18 16 0
26 8 18 16 0
8 26 17 17 0
26 8 17 17 0
9 25 13 21 0
25 9 13 21 0
9 25 21 13 0
25 9 21 13 0
9 25 14 20 0
25 9 14 20 0
9 25 20 14 0
25 9 20 14 0
9 25 15 19 0
25 9 15 19 0
9 25 19 15 0
25 9 19 15 0
9 25 16 18 0
25 9 16 18 0
9 25 18 16 0
25 9 18 16 0
9 25 17 17 0
25 9 17 17 0
10 24 13 21 0
24 10 13 21 0
10 24 21 13 0
24 10 21 13 0
10 24 14 20 0
24 10 14 20 0
10 24 20 14 0
24 10 20 14 0
10 24 15 19 0
24 10 15 19 0
10 24 19 15 0
24 10 19 15 0
10 24 16 18 0
24 10 16 18 0
10 24 18 16 0
24 10 18 16 0
10 24 17 17 0
24 10 17 17 0
11 23 13 21 0
23 11 13 21 0
11 23 21 13 0
23 11 21 13 0
11 23 14 20 0
23 11 14 20 0
11 23 20 14 0
23 11 20 14 0
11 23 15 19 0
23 11 15 19 0
11 23 19 15 0
23 11 19 15 0
11 23 16 18 0
23 11 16 18 0
11 23 18 16 0
23 11 18 16 0
11 23 17 17 0
23 11 17 17 0
12 22 13 21 0
22 12 13 21 0
12 22 21 13 0
22 12 21 13 0
12 22 14 20 0
22 12 14 20 0
12 22 20 14 0
22 12 20 14 0
12 22 15 19 1
22 12 15 19 1
12 22 19 15 1
22 12 19 15 1
12 22 16 18 2
22 12 16 18 2
12 22 18 16 2
22 12 18 16 2
12 22 17 17 3
22 12 17 17 3
9 25 12 22 0
25 9 12 22 0
9 25 22 12 0
25 9 22 12 0
10 24 12 22 0
24 10 12 22 0
10 24 22 12 0
24 10 22 12 0
11 23 12 22 0
23 11 12 22 0
11 23 22 12 0
23 11 22 12 0
12 22 12 22 0
22 12 12 22 0
12 22 22 12 0
22 12 22 12 0
13 21 12 22 0
21 13 12 22 0
13 21 22 12 0
21 13 22 12 0
13 21 13 21 0
21 13 13 21 0
13 21 21 13 0
21 13 21 13 0
13 21 14 20 2
21 13 14 20 2
13 21 20 14 2
21 13 20 14 2
13 21 15 19 6
21 13 15 19 6
13 21 19 15 6
21 13 19 15 6
13 21 16 18 11
21 13 16 18 11
13 21 18 16 11
21 13 18 16 11
13 21 17 17 13
21 13 17 17 13
14 20 13 21 2
20 14 13 21 2
14 20 21 13 2
20 14 21 13 2
14 20 14 20 8
20 14 14 20 8
14 20 20 14 8
20 14 20 14 8
14 20 15 19 20
20 14 15 19 20
14 20 19 15 20
20 14 19 15 20
14 20 16 18 31
20 14 16 18 31
14 20 18 16 31
20 14 18 16 31
14 20 17 17 37
20 14 17 17 37
10 24 10 24 0
24 10 10 24 0
10 24 24 10 0
24 10 24 10 0
10 24 11 23 0
24 10 11 23 0
10 24 23 11 0
24 10 23 11 0
11 23 10 24 0
23 11 10 24 0
11 23 24 10 0
23 11 24 10 0
11 23 11 23 0
23 11 11 23 0
11 23 23 11 0
23 11 23 11 0
12 22 10 24 0
22 12 10 24 0
12 22 24 10 0
22 12 24 10 0
12 22 11 23 0
22 12 11 23 0
12 22 23 11 0
22 12 23 11 0
13 21 10 24 0
21 13 10 24 0
13 21 24 10 0
21 13 24 10 0
13 21 11 23 0
21 13 11 23 0
13 21 23 11 0
21 13 23 11 0
14 20 10 24 0
20 14 10 24 0
14 20 24 10 0
20 14 24 10 0
14 20 11 23 0
20 14 11 23 0
14 20 23 11 0
20 14 23 11 0
14 20 12 22 0
20 14 12 22 0
14 20 22 12 0
20 14 22 12 0
15 19 10 24 0
19 15 10 24 0
15 19 24 10 0
19 15 24 10 0
15 19 11 23 0
19 15 11 23 0
15 19 23 11 0
19 15 23 11 0
15 19 12 22 1
19 15 12 22 1
15 19 22 12 1
19 15 22 12 1
15 19 13 21 6
19 15 13 21 6
15 19 21 13 6
19 15 21 13 6
15 19 14 20 20
19 15 14 20 20
15 19 20 14 20
19 15 20 14 20
15 19 15 19 42
19 15 15 19 42
15 19 19 15 42
19 15 19 15 42
15 19 16 18 63
19 15 16 18 63
15 19 18 16 63
19 15 18 16 63
15 19 17 17 72
19 15 17 17 72
16 18 12 22 2
18 16 12 22 2
16 18 22 12 2
18 16 22 12 2
16 18 13 21 11
18 16 13 21 11
16 18 21 13 11
18 16 21 13 11
16 18 14 20 31
18 16 14 20 31
16 18 20 14 31
18 16 20 14 31
16 18 15 19 63
18 16 15 19 63
16 18 19 15 63
18 16 19 15 63
16 18 16 18 91
18 16 16 18 91
16 18 18 16 91
18 16 18 16 91
16 18 17 17 105
18 16 17 17 105
12 22 9 25 0
22 12 9 25 0
12 22 25 9 0
22 12 25 9 0
13 21 9 25 0
21 13 9 25 0
13 21 25 9 0
21 13 25 9 0
14 20 9 25 0
20 14 9 25 0
14 20 25 9 0
20 14 25 9 0
15 19 9 25 0
19 15 9 25 0
15 19 25 9 0
19 15 25 9 0
16 18 9 25 0
18 16 9 25 0
16 18 25 9 0
18 16 25 9 0
16 18 10 24 0
18 16 10 24 0
16 18 24 10 0
18 16 24 10 0
16 18 11 23 0
18 16 11 23 0
16 18 23 11 0
18 16 23 11 0
17 17 10 24 0
17 17 24 10 0
17 17 11 23 0
17 17 23 11 0
17 17 12 22 3
17 17 22 12 3
17 17 13 21 13
17 17 21 13 13
17 17 14 20 37
17 17 20 14 37
17 17 15 19 72
17 17 19 15 72
17 17 16 18 105
17 17 18 16 105
17 17 17 17 119
13 21 8 26 0
21 13 8 26 0
13 21 26 8 0
21 13 26 8 0
14 20 8 26 0
20 14 8 26 0
14 20 26 8 0
20 14 26 8 0
15 19 8 26 0
19 15 8 26 0
15 19 26 8 0
19 15 26 8 0
16 18 8 26 0
18 16 8 26 0
16 18 26 8 0
18 16 26 8 0
17 17 8 26 0
17 17 26 8 0
17 17 9 25 0
17 17 25 9 0
