0 13 6 7 0
13 0 6 7 0
0 13 7 6 0
13 0 7 6 0
1 12 6 7 0
12 1 6 7 0
1 12 7 6 0
12 1 7 6 0
1 12 3 10 0
12 1 3 10 0
1 12 10 3 0
12 1 10 3 0
1 12 4 9 0
12 1 4 9 0
1 12 9 4 0
12 1 9 4 0
2 11 3 10 0
11 2 3 10 0
2 11 10 3 0
11 2 10 3 0
2 11 4 9 0
11 2 4 9 0
2 11 9 4 0
11 2 9 4 0
1 12 5 8 0
12 1 5 8 0
1 12 8 5 0
12 1 8 5 0
2 11 5 8 0
11 2 5 8 0
2 11 8 5 0
11 2 8 5 0
2 11 6 7 0
11 2 6 7 0
2 11 7 6 0
11 2 7 6 0
3 10 3 10 0
10 3 3 10 0
3 10 10 3 0
10 3 10 3 0
3 10 4 9 0
10 3 4 9 0
3 10 9 4 0
10 3 9 4 0
3 10 5 8 0
10 3 5 8 0
3 10 8 5 0
10 3 8 5 0
3 10 6 7 0
10 3 6 7 0
3 10 7 6 0
10 3 7 6 0
4 9 3 10 0
9 4 3 10 0
4 9 10 3 0
9 4 10 3 0
4 9 4 9 0
9 4 4 9 0
4 9 9 4 0
9 4 9 4 0
4 9 5 8 0
9 4 5 8 0
4 9 8 5 0
9 4 8 5 0
4 9 6 7 0
9 4 6 7 0
4 9 7 6 0
9 4 7 6 0
2 11 2 11 0
11 2 2 11 0
2 11 11 2 0
11 2 11 2 0
3 10 2 11 0
10 3 2 11 0
3 10 11 2 0
10 3 11 2 0
3 10 1 12 0
10 3 1 12 0
3 10 12 1 0
10 3 12 1 0
4 9 1 12 0
9 4 1 12 0
4 9 12 1 0
9 4 12 1 0
4 9 2 11 0
9 4 2 11 0
4 9 11 2 0
9 4 11 2 0
5 8 1 12 0
8 5 1 12 0
5 8 12 1 0
8 5 12 1 0
5 8 2 11 0
8 5 2 11 0
5 8 11 2 0
8 5 11 2 0
5 8 3 10 0
8 5 3 10 0
5 8 10 3 0
8 5 10 3 0
5 8 4 9 0
8 5 4 9 0
5 8 9 4 0
8 5 9 4 0
5 8 5 8 0
8 5 5 8 0
5 8 8 5 0
8 5 8 5 0
5 8 6 7 0
8 5 6 7 0
5 8 7 6 0
8 5 7 6 0
6 7 1 12 0
7 6 1 12 0
6 7 12 1 0
7 6 12 1 0
6 7 2 11 0
7 6 2 11 0
6 7 11 2 0
7 6 11 2 0
6 7 3 10 0
7 6 3 10 0
6 7 10 3 0
7 6 10 3 0
6 7 4 9 0
7 6 4 9 0
6 7 9 4 0
7 6 9 4 0
6 7 5 8 0
7 6 5 8 0
6 7 8 5 0
7 6 8 5 0
6 7 6 7 0
7 6 6 7 0
6 7 7 6 0
7 6 7 6 0
6 7 0 13 0
7 6 0 13 0
6 7 13 0 0
7 6 13 0 0
