4 24 12 16 0
24 4 12 16 0
4 24 16 12 0
24 4 16 12 0
4 24 13 15 0
24 4 13 15 0
4 24 15 13 0
24 4 15 13 0
4 24 14 14 0
24 4 14 14 0
5 23 12 16 0
23 5 12 16 0
5 23 16 12 0
23 5 16 12 0
5 23 13 15 0
23 5 13 15 0
5 23 15 13 0
23 5 15 13 0
5 23 14 14 0
23 5 14 14 0
6 22 12 16 0
22 6 12 16 0
6 22 16 12 0
22 6 16 12 0
6 22 13 15 0
22 6 13 15 0
6 22 15 13 0
22 6 15 13 0
6 22 14 14 0
22 6 14 14 0
7 21 12 16 0
21 7 12 16 0
7 21 16 12 0
21 7 16 12 0
7 21 13 15 0
21 7 13 15 0
7 21 15 13 0
21 7 15 13 0
7 21 14 14 0
21 7 14 14 0
8 20 12 16 2
20 8 12 16 2
8 20 16 12 2
20 8 16 12 2
8 20 13 15 3
20 8 13 15 3
8 20 15 13 3
20 8 15 13 3
8 20 14 14 4
20 8 14 14 4
5 23 9 19 0
23 5 9 19 0
5 23 19 9 0
23 5 19 9 0
5 23 10 18 0
23 5 10 18 0
5 23 18 10 0
23 5 18 10 0
5 23 11 17 0
23 5 11 17 0
5 23 17 11 0
23 5 17 11 0
6 22 9 19 0
22 6 9 19 0
6 22 19 9 0
22 6 19 9 0
6 22 10 18 0
22 6 10 18 0
6 22 18 10 0
22 6 18 10 0
6 22 11 17 0
22 6 11 17 0
6 22 17 11 0
22 6 17 11 0
7 21 9 19 0
21 7 9 19 0
7 21 19 9 0
21 7 19 9 0
7 21 10 18 0
21 7 10 18 0
7 21 18 10 0
21 7 18 10 0
7 21 11 17 0
21 7 11 17 0
7 21 17 11 0
21 7 17 11 0
8 20 9 19 0
20 8 9 19 0
8 20 19 9 0
20 8 19 9 0
8 20 10 18 0
20 8 10 18 0
8 20 18 10 0
20 8 18 10 0
8 20 11 17 0
20 8 11 17 0
8 20 17 11 0
20 8 17 11 0
9 19 9 19 0
19 9 9 19 0
9 19 19 9 0
19 9 19 9 0
9 19 10 18 1
19 9 10 18 1
9 19 18 10 1
19 9 18 10 1
9 19 11 17 5
19 9 11 17 5
9 19 17 11 5
19 9 17 11 5
9 19 12 16 12
19 9 12 16 12
9 19 16 12 12
19 9 16 12 12
9 19 13 15 19
19 9 13 15 19
9 19 15 13 19
19 9 15 13 19
9 19 14 14 23
19 9 14 14 23
10 18 9 19 1
18 10 9 19 1
10 18 19 9 1
18 10 19 9 1
10 18 10 18 7
18 10 10 18 7
10 18 18 10 7
18 10 18 10 7
10 18 11 17 21
18 10 11 17 21
10 18 17 11 21
18 10 17 11 21
10 18 12 16 44
18 10 12 16 44
10 18 16 12 44
18 10 16 12 44
10 18 13 15 64
18 10 13 15 64
10 18 15 13 64
18 10 15 13 64
10 18 14 14 75
18 10 14 14 75
6 22 8 20 0
22 6 8 20 0
6 22 20 8 0
22 6 20 8 0
7 21 8 20 0
21 7 8 20 0
7 21 20 8 0
21 7 20 8 0
8 20 8 20 0
20 8 8 20 0
8 20 20 8 0
20 8 20 8 0
9 19 8 20 0
19 9 8 20 0
9 19 20 8 0
19 9 20 8 0
10 18 8 20 0
18 10 8 20 0
10 18 20 8 0
18 10 20 8 0
7 21 7 21 0
21 7 7 21 0
7 21 21 7 0
21 7 21 7 0
8 20 7 21 0
20 8 7 21 0
8 20 21 7 0
20 8 21 7 0
9 19 7 21 0
19 9 7 21 0
9 19 21 7 0
19 9 21 7 0
10 18 7 21 0
18 10 7 21 0
10 18 21 7 0
18 10 21 7 0
11 17 7 21 0
17 11 7 21 0
11 17 21 7 0
17 11 21 7 0
11 17 8 20 0
17 11 8 20 0
11 17 20 8 0
17 11 20 8 0
11 17 9 19 5
17 11 9 19 5
11 17 19 9 5
17 11 19 9 5
11 17 10 18 21
17 11 10 18 21
11 17 18 10 21
17 11 18 10 21
11 17 11 17 55
17 11 11 17 55
11 17 17 11 55
17 11 17 11 55
11 17 12 16 104
17 11 12 16 104
11 17 16 12 104
17 11 16 12 104
11 17 13 15 148
17 11 13 15 148
11 17 15 13 148
17 11 15 13 148
11 17 14 14 167
17 11 14 14 167
12 16 8 20 2
16 12 8 20 2
12 16 20 8 2
16 12 20 8 2
12 16 9 19 12
16 12 9 19 12
12 16 19 9 12
16 12 19 9 12
12 16 10 18 44
16 12 10 18 44
12 16 18 10 44
16 12 18 10 44
12 16 11 17 104
16 12 11 17 104
12 16 17 11 104
16 12 17 11 104
12 16 12 16 188
16 12 12 16 188
12 16 16 12 188
16 12 16 12 188
12 16 13 15 259
16 12 13 15 259
12 16 15 13 259
16 12 15 13 259
12 16 14 14 292
16 12 14 14 292
12 16 7 21 0
16 12 7 21 0
12 16 21 7 0
16 12 21 7 0
13 15 7 21 0
15 13 7 21 0
13 15 21 7 0
15 13 21 7 0
13 15 8 20 3
15 13 8 20 3
13 15 20 8 3
15 13 20 8 3
13 15 9 19 19
15 13 9 19 19
13 15 19 9 19
15 13 19 9 19
13 15 10 18 64
15 13 10 18 64
13 15 18 10 64
15 13 18 10 64
13 15 11 17 148
15 13 11 17 148
13 15 17 11 148
15 13 17 11 148
13 15 12 16 259
15 13 12 16 259
13 15 16 12 259
15 13 16 12 259
13 15 13 15 356
15 13 13 15 356
13 15 15 13 356
15 13 15 13 356
13 15 14 14 397
15 13 14 14 397
14 14 9 19 23
14 14 19 9 23
14 14 10 18 75
14 14 18 10 75
14 14 11 17 167
14 14 17 11 167
14 14 12 16 292
14 14 16 12 292
14 14 13 15 397
14 14 15 13 397
14 14 14 14 443
14 14 8 20 4
14 14 20 8 4
8 20 6 22 0
20 8 6 22 0
8 20 22 6 0
20 8 22 6 0
9 19 6 22 0
19 9 6 22 0
9 19 22 6 0
19 9 22 6 0
10 18 6 22 0
18 10 6 22 0
10 18 22 6 0
18 10 22 6 0
11 17 6 22 0
17 11 6 22 0
11 17 22 6 0
17 11 22 6 0
12 16 6 22 0
16 12 6 22 0
12 16 22 6 0
16 12 22 6 0
9 19 5 23 0
19 9 5 23 0
9 19 23 5 0
19 9 23 5 0
10 18 5 23 0
18 10 5 23 0
10 18 23 5 0
18 10 23 5 0
11 17 5 23 0
17 11 5 23 0
11 17 23 5 0
17 11 23 5 0
12 16 5 23 0
16 12 5 23 0
12 16 23 5 0
16 12 23 5 0
13 15 5 23 0
15 13 5 23 0
13 15 23 5 0
15 13 23 5 0
13 15 6 22 0
15 13 6 22 0
13 15 22 6 0
15 13 22 6 0
14 14 5 23 0
14 14 23 5 0
14 14 6 22 0
14 14 22 6 0
14 14 7 21 0
14 14 21 7 0
12 16 4 24 0
16 12 4 24 0
12 16 24 4 0
16 12 24 4 0
13 15 4 24 0
15 13 4 24 0
13 15 24 4 0
15 13 24 4 0
14 14 4 24 0
14 14 24 4 0
