4 23 12 17 0
23 4 12 17 0
4 23 17 12 0
23 4 17 12 0
4 23 13 16 0
23 4 13 16 0
4 23 16 13 0
23 4 16 13 0
4 23 14 15 0
23 4 14 15 0
4 23 15 14 0
23 4 15 14 0
5 22 12 17 0
22 5 12 17 0
5 22 17 12 0
22 5 17 12 0
5 22 13 16 0
22 5 13 16 0
5 22 16 13 0
22 5 16 13 0
5 22 14 15 0
22 5 14 15 0
5 22 15 14 0
22 5 15 14 0
6 21 12 17 0
21 6 12 17 0
6 21 17 12 0
21 6 17 12 0
6 21 13 16 0
21 6 13 16 0
6 21 16 13 0
21 6 16 13 0
6 21 14 15 0
21 6 14 15 0
6 21 15 14 0
21 6 15 14 0
7 20 12 17 1
20 7 12 17 1
7 20 17 12 1
20 7 17 12 1
7 20 13 16 2
20 7 13 16 2
7 20 16 13 2
20 7 16 13 2
7 20 14 15 3
20 7 14 15 3
7 20 15 14 3
20 7 15 14 3
5 22 9 20 0
22 5 9 20 0
5 22 20 9 0
22 5 20 9 0
5 22 10 19 0
22 5 10 19 0
5 22 19 10 0
22 5 19 10 0
5 22 11 18 0
22 5 11 18 0
5 22 18 11 0
22 5 18 11 0
6 21 9 20 0
21 6 9 20 0
6 21 20 9 0
21 6 20 9 0
6 21 10 19 0
21 6 10 19 0
6 21 19 10 0
21 6 19 10 0
6 21 11 18 0
21 6 11 18 0
6 21 18 11 0
21 6 18 11 0
7 20 9 20 0
20 7 9 20 0
7 20 20 9 0
20 7 20 9 0
7 20 10 19 0
20 7 10 19 0
7 20 19 10 0
20 7 19 10 0
7 20 11 18 0
20 7 11 18 0
7 20 18 11 0
20 7 18 11 0
8 19 9 20 0
19 8 9 20 0
8 19 20 9 0
19 8 20 9 0
8 19 10 19 1
19 8 10 19 1
8 19 19 10 1
19 8 19 10 1
8 19 11 18 3
19 8 11 18 3
8 19 18 11 3
19 8 18 11 3
8 19 12 17 8
19 8 12 17 8
8 19 17 12 8
19 8 17 12 8
8 19 13 16 14
19 8 13 16 14
8 19 16 13 14
19 8 16 13 14
8 19 14 15 19
19 8 14 15 19
8 19 15 14 19
19 8 15 14 19
9 18 9 20 0
18 9 9 20 0
9 18 20 9 0
18 9 20 9 0
9 18 10 19 4
18 9 10 19 4
9 18 19 10 4
18 9 19 10 4
9 18 11 18 13
18 9 11 18 13
9 18 18 11 13
18 9 18 11 13
9 18 12 17 31
18 9 12 17 31
9 18 17 12 31
18 9 17 12 31
9 18 13 16 51
18 9 13 16 51
9 18 16 13 51
18 9 16 13 51
9 18 14 15 66
18 9 14 15 66
9 18 15 14 66
18 9 15 14 66
6 21 8 21 0
21 6 8 21 0
6 21 21 8 0
21 6 21 8 0
7 20 8 21 0
20 7 8 21 0
7 20 21 8 0
20 7 21 8 0
8 19 8 21 0
19 8 8 21 0
8 19 21 8 0
19 8 21 8 0
9 18 8 21 0
18 9 8 21 0
9 18 21 8 0
18 9 21 8 0
7 20 7 22 0
20 7 7 22 0
7 20 22 7 0
20 7 22 7 0
8 19 7 22 0
19 8 7 22 0
8 19 22 7 0
19 8 22 7 0
9 18 7 22 0
18 9 7 22 0
9 18 22 7 0
18 9 22 7 0
10 17 7 22 0
17 10 7 22 0
10 17 22 7 0
17 10 22 7 0
10 17 8 21 0
17 10 8 21 0
10 17 21 8 0
17 10 21 8 0
10 17 9 20 2
17 10 9 20 2
10 17 20 9 2
17 10 20 9 2
10 17 10 19 13
17 10 10 19 13
10 17 19 10 13
17 10 19 10 13
10 17 11 18 38
17 10 11 18 38
10 17 18 11 38
17 10 18 11 38
10 17 12 17 81
17 10 12 17 81
10 17 17 12 81
17 10 17 12 81
10 17 13 16 128
17 10 13 16 128
10 17 16 13 128
17 10 16 13 128
10 17 14 15 161
17 10 14 15 161
10 17 15 14 161
17 10 15 14 161
11 16 8 21 1
16 11 8 21 1
11 16 21 8 1
16 11 21 8 1
11 16 9 20 7
16 11 9 20 7
11 16 20 9 7
16 11 20 9 7
11 16 10 19 31
16 11 10 19 31
11 16 19 10 31
16 11 19 10 31
11 16 11 18 81
16 11 11 18 81
11 16 18 11 81
16 11 18 11 81
11 16 12 17 161
16 11 12 17 161
11 16 17 12 161
16 11 17 12 161
11 16 13 16 246
16 11 13 16 246
11 16 16 13 246
16 11 16 13 246
11 16 14 15 304
16 11 14 15 304
11 16 15 14 304
16 11 15 14 304
11 16 7 22 0
16 11 7 22 0
11 16 22 7 0
16 11 22 7 0
12 15 7 22 0
15 12 7 22 0
12 15 22 7 0
15 12 22 7 0
12 15 8 21 2
15 12 8 21 2
12 15 21 8 2
15 12 21 8 2
12 15 9 20 13
15 12 9 20 13
12 15 20 9 13
15 12 20 9 13
12 15 10 19 51
15 12 10 19 51
12 15 19 10 51
15 12 19 10 51
12 15 11 18 128
15 12 11 18 128
12 15 18 11 128
15 12 18 11 128
12 15 12 17 246
15 12 12 17 246
12 15 17 12 246
15 12 17 12 246
12 15 13 16 370
15 12 13 16 370
12 15 16 13 370
15 12 16 13 370
12 15 14 15 453
15 12 14 15 453
12 15 15 14 453
15 12 15 14 453
13 14 9 20 18
14 13 9 20 18
13 14 20 9 18
14 13 20 9 18
13 14 10 19 66
14 13 10 19 66
13 14 19 10 66
14 13 19 10 66
13 14 11 18 161
14 13 11 18 161
13 14 18 11 161
14 13 18 11 161
13 14 12 17 304
14 13 12 17 304
13 14 17 12 304
14 13 17 12 304
13 14 13 16 453
14 13 13 16 453
13 14 16 13 453
14 13 16 13 453
13 14 14 15 552
14 13 14 15 552
13 14 15 14 552
14 13 15 14 552
13 14 8 21 3
14 13 8 21 3
13 14 21 8 3
14 13 21 8 3
8 19 6 23 0
19 8 6 23 0
8 19 23 6 0
19 8 23 6 0
9 18 6 23 0
18 9 6 23 0
9 18 23 6 0
18 9 23 6 0
10 17 6 23 0
17 10 6 23 0
10 17 23 6 0
17 10 23 6 0
11 16 6 23 0
16 11 6 23 0
11 16 23 6 0
16 11 23 6 0
9 18 5 24 0
18 9 5 24 0
9 18 24 5 0
18 9 24 5 0
10 17 5 24 0
17 10 5 24 0
10 17 24 5 0
17 10 24 5 0
11 16 5 24 0
16 11 5 24 0
11 16 24 5 0
16 11 24 5 0
12 15 5 24 0
15 12 5 24 0
12 15 24 5 0
15 12 24 5 0
12 15 6 23 0
15 12 6 23 0
12 15 23 6 0
15 12 23 6 0
13 14 5 24 0
14 13 5 24 0
13 14 24 5 0
14 13 24 5 0
13 14 6 23 0
14 13 6 23 0
13 14 23 6 0
14 13 23 6 0
13 14 7 22 0
14 13 7 22 0
13 14 22 7 0
14 13 22 7 0
12 15 4 25 0
15 12 4 25 0
12 15 25 4 0
15 12 25 4 0
13 14 4 25 0
14 13 4 25 0
13 14 25 4 0
14 13 25 4 0
