3 21 9 17 0
21 3 9 17 0
3 21 17 9 0
21 3 17 9 0
3 21 10 16 0
21 3 10 16 0
3 21 16 10 0
21 3 16 10 0
3 21 11 15 0
21 3 11 15 0
3 21 15 11 0
21 3 15 11 0
3 21 12 14 0
21 3 12 14 0
3 21 14 12 0
21 3 14 12 0
3 21 13 13 0
21 3 13 13 0
4 20 9 17 0
20 4 9 17 0
4 20 17 9 0
20 4 17 9 0
4 20 10 16 0
20 4 10 16 0
4 20 16 10 0
20 4 16 10 0
4 20 11 15 0
20 4 11 15 0
4 20 15 11 0
20 4 15 11 0
4 20 12 14 0
20 4 12 14 0
4 20 14 12 0
20 4 14 12 0
4 20 13 13 0
20 4 13 13 0
5 19 9 17 0
19 5 9 17 0
5 19 17 9 0
19 5 17 9 0
5 19 10 16 0
19 5 10 16 0
5 19 16 10 0
19 5 16 10 0
5 19 11 15 0
19 5 11 15 0
5 19 15 11 0
19 5 15 11 0
5 19 12 14 1
19 5 12 14 1
5 19 14 12 1
19 5 14 12 1
5 19 13 13 1
19 5 13 13 1
6 18 9 17 1
18 6 9 17 1
6 18 17 9 1
18 6 17 9 1
6 18 10 16 3
18 6 10 16 3
6 18 16 10 3
18 6 16 10 3
6 18 11 15 6
18 6 11 15 6
6 18 15 11 6
18 6 15 11 6
6 18 12 14 10
18 6 12 14 10
6 18 14 12 10
18 6 14 12 10
6 18 13 13 11
18 6 13 13 11
4 20 7 19 0
20 4 7 19 0
4 20 19 7 0
20 4 19 7 0
4 20 8 18 0
20 4 8 18 0
4 20 18 8 0
20 4 18 8 0
5 19 7 19 0
19 5 7 19 0
5 19 19 7 0
19 5 19 7 0
5 19 8 18 0
19 5 8 18 0
5 19 18 8 0
19 5 18 8 0
6 18 7 19 0
18 6 7 19 0
6 18 19 7 0
18 6 19 7 0
6 18 8 18 0
18 6 8 18 0
6 18 18 8 0
18 6 18 8 0
7 17 7 19 0
17 7 7 19 0
7 17 19 7 0
17 7 19 7 0
7 17 8 18 1
17 7 8 18 1
7 17 18 8 1
17 7 18 8 1
7 17 9 17 5
17 7 9 17 5
7 17 17 9 5
17 7 17 9 5
7 17 10 16 15
17 7 10 16 15
7 17 16 10 15
17 7 16 10 15
7 17 11 15 28
17 7 11 15 28
7 17 15 11 28
17 7 15 11 28
7 17 12 14 43
17 7 12 14 43
7 17 14 12 43
17 7 14 12 43
7 17 13 13 47
17 7 13 13 47
8 16 7 19 1
16 8 7 19 1
8 16 19 7 1
16 8 19 7 1
8 16 8 18 6
16 8 8 18 6
8 16 18 8 6
16 8 18 8 6
8 16 9 17 21
16 8 9 17 21
8 16 17 9 21
16 8 17 9 21
8 16 10 16 50
16 8 10 16 50
8 16 16 10 50
16 8 16 10 50
8 16 11 15 88
16 8 11 15 88
8 16 15 11 88
16 8 15 11 88
8 16 12 14 124
16 8 12 14 124
8 16 14 12 124
16 8 14 12 124
8 16 13 13 137
16 8 13 13 137
6 18 6 20 0
18 6 6 20 0
6 18 20 6 0
18 6 20 6 0
7 17 6 20 0
17 7 6 20 0
7 17 20 6 0
17 7 20 6 0
8 16 6 20 0
16 8 6 20 0
8 16 20 6 0
16 8 20 6 0
9 15 6 20 0
15 9 6 20 0
9 15 20 6 0
15 9 20 6 0
9 15 7 19 3
15 9 7 19 3
9 15 19 7 3
15 9 19 7 3
9 15 8 18 17
15 9 8 18 17
9 15 18 8 17
15 9 18 8 17
9 15 9 17 51
15 9 9 17 51
9 15 17 9 51
15 9 17 9 51
9 15 10 16 114
15 9 10 16 114
9 15 16 10 114
15 9 16 10 114
9 15 11 15 191
15 9 11 15 191
9 15 15 11 191
15 9 15 11 191
9 15 12 14 263
15 9 12 14 263
9 15 14 12 263
15 9 14 12 263
9 15 13 13 288
15 9 13 13 288
10 14 7 19 8
14 10 7 19 8
10 14 19 7 8
14 10 19 7 8
10 14 8 18 34
14 10 8 18 34
10 14 18 8 34
14 10 18 8 34
10 14 9 17 95
14 10 9 17 95
10 14 17 9 95
14 10 17 9 95
10 14 10 16 199
14 10 10 16 199
10 14 16 10 199
14 10 16 10 199
10 14 11 15 326
14 10 11 15 326
10 14 15 11 326
14 10 15 11 326
10 14 12 14 438
14 10 12 14 438
10 14 14 12 438
14 10 14 12 438
10 14 13 13 480
14 10 13 13 480
11 13 7 19 13
13 11 7 19 13
11 13 19 7 13
13 11 19 7 13
11 13 8 18 51
13 11 8 18 51
11 13 18 8 51
13 11 18 8 51
11 13 9 17 135
13 11 9 17 135
11 13 17 9 135
13 11 17 9 135
11 13 10 16 276
13 11 10 16 276
11 13 16 10 276
13 11 16 10 276
11 13 11 15 443
13 11 11 15 443
11 13 15 11 443
13 11 15 11 443
11 13 12 14 591
13 11 12 14 591
11 13 14 12 591
13 11 14 12 591
11 13 13 13 644
13 11 13 13 644
12 12 9 17 151
12 12 17 9 151
12 12 10 16 305
12 12 16 10 305
12 12 11 15 490
12 12 15 11 490
12 12 12 14 649
12 12 14 12 649
12 12 13 13 709
5 19 6 20 0
19 5 6 20 0
5 19 20 6 0
19 5 20 6 0
6 18 5 21 0
18 6 5 21 0
6 18 21 5 0
18 6 21 5 0
7 17 5 21 0
17 7 5 21 0
7 17 21 5 0
17 7 21 5 0
8 16 5 21 0
16 8 5 21 0
8 16 21 5 0
16 8 21 5 0
9 15 5 21 0
15 9 5 21 0
9 15 21 5 0
15 9 21 5 0
7 17 4 22 0
17 7 4 22 0
7 17 22 4 0
17 7 22 4 0
8 16 4 22 0
16 8 4 22 0
8 16 22 4 0
16 8 22 4 0
9 15 4 22 0
15 9 4 22 0
9 15 22 4 0
15 9 22 4 0
10 14 4 22 0
14 10 4 22 0
10 14 22 4 0
14 10 22 4 0
10 14 5 21 0
14 10 5 21 0
10 14 21 5 0
14 10 21 5 0
10 14 6 20 1
14 10 6 20 1
10 14 20 6 1
14 10 20 6 1
11 13 5 21 0
13 11 5 21 0
11 13 21 5 0
13 11 21 5 0
11 13 6 20 2
13 11 6 20 2
11 13 20 6 2
13 11 20 6 2
11 13 4 22 0
13 11 4 22 0
11 13 22 4 0
13 11 22 4 0
12 12 4 22 0
12 12 22 4 0
12 12 5 21 0
12 12 21 5 0
12 12 6 20 2
12 12 20 6 2
12 12 7 19 15
12 12 19 7 15
12 12 8 18 57
12 12 18 8 57
9 15 3 23 0
15 9 3 23 0
9 15 23 3 0
15 9 23 3 0
10 14 3 23 0
14 10 3 23 0
10 14 23 3 0
14 10 23 3 0
11 13 3 23 0
13 11 3 23 0
11 13 23 3 0
13 11 23 3 0
12 12 3 23 0
12 12 23 3 0
