2 19 7 16 0
19 2 7 16 0
2 19 16 7 0
19 2 16 7 0
2 19 8 15 0
19 2 8 15 0
2 19 15 8 0
19 2 15 8 0
2 19 9 14 0
19 2 9 14 0
2 19 14 9 0
19 2 14 9 0
2 19 10 13 0
19 2 10 13 0
2 19 13 10 0
19 2 13 10 0
2 19 11 12 0
19 2 11 12 0
2 19 12 11 0
19 2 12 11 0
3 18 7 16 0
18 3 7 16 0
3 18 16 7 0
18 3 16 7 0
3 18 8 15 0
18 3 8 15 0
3 18 15 8 0
18 3 15 8 0
3 18 9 14 0
18 3 9 14 0
3 18 14 9 0
18 3 14 9 0
3 18 10 13 0
18 3 10 13 0
3 18 13 10 0
18 3 13 10 0
3 18 11 12 0
18 3 11 12 0
3 18 12 11 0
18 3 12 11 0
4 17 7 16 0
17 4 7 16 0
4 17 16 7 0
17 4 16 7 0
4 17 8 15 0
17 4 8 15 0
4 17 15 8 0
17 4 15 8 0
4 17 9 14 1
17 4 9 14 1
4 17 14 9 1
17 4 14 9 1
4 17 10 13 2
17 4 10 13 2
4 17 13 10 2
17 4 13 10 2
4 17 11 12 3
17 4 11 12 3
4 17 12 11 3
17 4 12 11 3
5 16 7 16 1
16 5 7 16 1
5 16 16 7 1
16 5 16 7 1
5 16 8 15 3
16 5 8 15 3
5 16 15 8 3
16 5 15 8 3
5 16 9 14 9
16 5 9 14 9
5 16 14 9 9
16 5 14 9 9
5 16 10 13 15
16 5 10 13 15
5 16 13 10 15
16 5 13 10 15
5 16 11 12 20
16 5 11 12 20
5 16 12 11 20
16 5 12 11 20
3 18 6 17 0
18 3 6 17 0
3 18 17 6 0
18 3 17 6 0
4 17 6 17 0
17 4 6 17 0
4 17 17 6 0
17 4 17 6 0
5 16 6 17 0
16 5 6 17 0
5 16 17 6 0
16 5 17 6 0
6 15 6 17 1
15 6 6 17 1
6 15 17 6 1
15 6 17 6 1
6 15 7 16 6
15 6 7 16 6
6 15 16 7 6
15 6 16 7 6
6 15 8 15 17
15 6 8 15 17
6 15 15 8 17
15 6 15 8 17
6 15 9 14 37
15 6 9 14 37
6 15 14 9 37
15 6 14 9 37
6 15 10 13 58
15 6 10 13 58
6 15 13 10 58
15 6 13 10 58
6 15 11 12 73
15 6 11 12 73
6 15 12 11 73
15 6 12 11 73
7 14 6 17 5
14 7 6 17 5
7 14 17 6 5
14 7 17 6 5
7 14 7 16 20
14 7 7 16 20
7 14 16 7 20
14 7 16 7 20
7 14 8 15 50
14 7 8 15 50
7 14 15 8 50
14 7 15 8 50
7 14 9 14 98
14 7 9 14 98
7 14 14 9 98
14 7 14 9 98
7 14 10 13 148
14 7 10 13 148
7 14 13 10 148
14 7 13 10 148
7 14 11 12 182
14 7 11 12 182
7 14 12 11 182
14 7 12 11 182
8 13 6 17 14
13 8 6 17 14
8 13 17 6 14
13 8 17 6 14
8 13 7 16 46
13 8 7 16 46
8 13 16 7 46
13 8 16 7 46
8 13 8 15 106
13 8 8 15 106
8 13 15 8 106
13 8 15 8 106
8 13 9 14 195
13 8 9 14 195
8 13 14 9 195
13 8 14 9 195
8 13 10 13 286
13 8 10 13 286
8 13 13 10 286
13 8 13 10 286
8 13 11 12 346
13 8 11 12 346
8 13 12 11 346
13 8 12 11 346
9 12 7 16 75
12 9 7 16 75
9 12 16 7 75
12 9 16 7 75
9 12 8 15 167
12 9 8 15 167
9 12 15 8 167
12 9 15 8 167
9 12 9 14 299
12 9 9 14 299
9 12 14 9 299
12 9 14 9 299
9 12 10 13 431
12 9 10 13 431
9 12 13 10 431
12 9 13 10 431
9 12 11 12 517
12 9 11 12 517
9 12 12 11 517
12 9 12 11 517
4 17 4 19 0
17 4 4 19 0
4 17 19 4 0
17 4 19 4 0
4 17 5 18 0
17 4 5 18 0
4 17 18 5 0
17 4 18 5 0
5 16 4 19 0
16 5 4 19 0
5 16 19 4 0
16 5 19 4 0
5 16 5 18 0
16 5 5 18 0
5 16 18 5 0
16 5 18 5 0
6 15 4 19 0
15 6 4 19 0
6 15 19 4 0
15 6 19 4 0
6 15 5 18 0
15 6 5 18 0
6 15 18 5 0
15 6 18 5 0
7 14 4 19 0
14 7 4 19 0
7 14 19 4 0
14 7 19 4 0
7 14 5 18 1
14 7 5 18 1
7 14 18 5 1
14 7 18 5 1
8 13 4 19 0
13 8 4 19 0
8 13 19 4 0
13 8 19 4 0
8 13 5 18 3
13 8 5 18 3
8 13 18 5 3
13 8 18 5 3
6 15 3 20 0
15 6 3 20 0
6 15 20 3 0
15 6 20 3 0
7 14 3 20 0
14 7 3 20 0
7 14 20 3 0
14 7 20 3 0
8 13 3 20 0
13 8 3 20 0
8 13 20 3 0
13 8 20 3 0
9 12 3 20 0
12 9 3 20 0
9 12 20 3 0
12 9 20 3 0
9 12 4 19 0
12 9 4 19 0
9 12 19 4 0
12 9 19 4 0
9 12 5 18 5
12 9 5 18 5
9 12 18 5 5
12 9 18 5 5
9 12 6 17 24
12 9 6 17 24
9 12 17 6 24
12 9 17 6 24
10 11 4 19 1
11 10 4 19 1
10 11 19 4 1
11 10 19 4 1
10 11 5 18 8
11 10 5 18 8
10 11 18 5 8
11 10 18 5 8
10 11 6 17 33
11 10 6 17 33
10 11 17 6 33
11 10 17 6 33
10 11 7 16 97
11 10 7 16 97
10 11 16 7 97
11 10 16 7 97
10 11 8 15 211
11 10 8 15 211
10 11 15 8 211
11 10 15 8 211
10 11 9 14 371
11 10 9 14 371
10 11 14 9 371
11 10 14 9 371
10 11 10 13 530
11 10 10 13 530
10 11 13 10 530
11 10 13 10 530
10 11 11 12 633
11 10 11 12 633
10 11 12 11 633
11 10 12 11 633
7 14 2 21 0
14 7 2 21 0
7 14 21 2 0
14 7 21 2 0
8 13 2 21 0
13 8 2 21 0
8 13 21 2 0
13 8 21 2 0
9 12 2 21 0
12 9 2 21 0
9 12 21 2 0
12 9 21 2 0
10 11 2 21 0
11 10 2 21 0
10 11 21 2 0
11 10 21 2 0
10 11 3 20 0
11 10 3 20 0
10 11 20 3 0
11 10 20 3 0
