15 27 18 26 0
27 15 18 26 0
15 27 26 18 0
27 15 26 18 0
15 27 19 25 0
27 15 19 25 0
15 27 25 19 0
27 15 25 19 0
15 27 20 24 0
27 15 20 24 0
15 27 24 20 0
27 15 24 20 0
15 27 21 23 0
27 15 21 23 0
15 27 23 21 0
27 15 23 21 0
15 27 22 22 0
27 15 22 22 0
16 26 18 26 0
26 16 18 26 0
16 26 26 18 0
26 16 26 18 0
16 26 19 25 0
26 16 19 25 0
16 26 25 19 0
26 16 25 19 0
16 26 20 24 0
26 16 20 24 0
16 26 24 20 0
26 16 24 20 0
16 26 21 23 0
26 16 21 23 0
16 26 23 21 0
26 16 23 21 0
16 26 22 22 0
26 16 22 22 0
17 25 18 26 0
25 17 18 26 0
17 25 26 18 0
25 17 26 18 0
17 25 19 25 0
25 17 19 25 0
17 25 25 19 0
25 17 25 19 0
17 25 20 24 0
25 17 20 24 0
17 25 24 20 0
25 17 24 20 0
17 25 21 23 0
25 17 21 23 0
17 25 23 21 0
25 17 23 21 0
17 25 22 22 0
25 17 22 22 0
18 24 18 26 0
24 18 18 26 0
18 24 26 18 0
24 18 26 18 0
18 24 19 25 0
24 18 19 25 0
18 24 25 19 0
24 18 25 19 0
18 24 20 24 0
24 18 20 24 0
18 24 24 20 0
24 18 24 20 0
18 24 21 23 0
24 18 21 23 0
18 24 23 21 0
24 18 23 21 0
18 24 22 22 0
24 18 22 22 0
16 26 16 28 0
26 16 16 28 0
16 26 28 16 0
26 16 28 16 0
16 26 17 27 0
26 16 17 27 0
16 26 27 17 0
26 16 27 17 0
17 25 16 28 0
25 17 16 28 0
17 25 28 16 0
25 17 28 16 0
17 25 17 27 0
25 17 17 27 0
17 25 27 17 0
25 17 27 17 0
18 24 16 28 0
24 18 16 28 0
18 24 28 16 0
24 18 28 16 0
18 24 17 27 0
24 18 17 27 0
18 24 27 17 0
24 18 27 17 0
19 23 16 28 0
23 19 16 28 0
19 23 28 16 0
23 19 28 16 0
19 23 17 27 0
23 19 17 27 0
19 23 27 17 0
23 19 27 17 0
19 23 18 26 0
23 19 18 26 0
19 23 26 18 0
23 19 26 18 0
19 23 19 25 0
23 19 19 25 0
19 23 25 19 0
23 19 25 19 0
19 23 20 24 0
23 19 20 24 0
19 23 24 20 0
23 19 24 20 0
19 23 21 23 1
23 19 21 23 1
19 23 23 21 1
23 19 23 21 1
19 23 22 22 1
23 19 22 22 1
20 22 16 28 0
22 20 16 28 0
20 22 28 16 0
22 20 28 16 0
20 22 17 27 0
22 20 17 27 0
20 22 27 17 0
22 20 27 17 0
20 22 18 26 0
22 20 18 26 0
20 22 26 18 0
22 20 26 18 0
20 22 19 25 0
22 20 19 25 0
20 22 25 19 0
22 20 25 19 0
20 22 20 24 0
22 20 20 24 0
20 22 24 20 0
22 20 24 20 0
20 22 21 23 1
22 20 21 23 1
20 22 23 21 1
22 20 23 21 1
20 22 22 22 1
22 20 22 22 1
21 21 18 26 0
21 21 26 18 0
21 21 19 25 0
21 21 25 19 0
21 21 20 24 0
21 21 24 20 0
21 21 21 23 1
21 21 23 21 1
21 21 22 22 1
18 24 15 29 0
24 18 15 29 0
18 24 29 15 0
24 18 29 15 0
19 23 15 29 0
23 19 15 29 0
19 23 29 15 0
23 19 29 15 0
20 22 15 29 0
22 20 15 29 0
20 22 29 15 0
22 20 29 15 0
21 21 15 29 0
21 21 29 15 0
21 21 16 28 0
21 21 28 16 0
21 21 17 27 0
21 21 27 17 0
