6 24 12 20 0
24 6 12 20 0
6 24 20 12 0
24 6 20 12 0
6 24 13 19 0
24 6 13 19 0
6 24 19 13 0
24 6 19 13 0
6 24 14 18 0
24 6 14 18 0
6 24 18 14 0
24 6 18 14 0
6 24 15 17 0
24 6 15 17 0
6 24 17 15 0
24 6 17 15 0
6 24 16 16 0
24 6 16 16 0
7 23 12 20 0
23 7 12 20 0
7 23 20 12 0
23 7 20 12 0
7 23 13 19 0
23 7 13 19 0
7 23 19 13 0
23 7 19 13 0
7 23 14 18 0
23 7 14 18 0
7 23 18 14 0
23 7 18 14 0
7 23 15 17 0
23 7 15 17 0
7 23 17 15 0
23 7 17 15 0
7 23 16 16 0
23 7 16 16 0
8 22 12 20 0
22 8 12 20 0
8 22 20 12 0
22 8 20 12 0
8 22 13 19 0
22 8 13 19 0
8 22 19 13 0
22 8 19 13 0
8 22 14 18 0
22 8 14 18 0
8 22 18 14 0
22 8 18 14 0
8 22 15 17 0
22 8 15 17 0
8 22 17 15 0
22 8 17 15 0
8 22 16 16 0
22 8 16 16 0
9 21 12 20 0
21 9 12 20 0
9 21 20 12 0
21 9 20 12 0
9 21 13 19 1
21 9 13 19 1
9 21 19 13 1
21 9 19 13 1
9 21 14 18 2
21 9 14 18 2
9 21 18 14 2
21 9 18 14 2
9 21 15 17 4
21 9 15 17 4
9 21 17 15 4
21 9 17 15 4
9 21 16 16 4
21 9 16 16 4
10 20 12 20 1
20 10 12 20 1
10 20 20 12 1
20 10 20 12 1
10 20 13 19 5
20 10 13 19 5
10 20 19 13 5
20 10 19 13 5
10 20 14 18 11
20 10 14 18 11
10 20 18 14 11
20 10 18 14 11
10 20 15 17 18
20 10 15 17 18
10 20 17 15 18
20 10 17 15 18
10 20 16 16 20
20 10 16 16 20
7 23 10 22 0
23 7 10 22 0
7 23 22 10 0
23 7 22 10 0
7 23 11 21 0
23 7 11 21 0
7 23 21 11 0
23 7 21 11 0
8 22 10 22 0
22 8 10 22 0
8 22 22 10 0
22 8 22 10 0
8 22 11 21 0
22 8 11 21 0
8 22 21 11 0
22 8 21 11 0
9 21 10 22 0
21 9 10 22 0
9 21 22 10 0
21 9 22 10 0
9 21 11 21 0
21 9 11 21 0
9 21 21 11 0
21 9 21 11 0
10 20 10 22 0
20 10 10 22 0
10 20 22 10 0
20 10 22 10 0
10 20 11 21 0
20 10 11 21 0
10 20 21 11 0
20 10 21 11 0
8 22 9 23 0
22 8 9 23 0
8 22 23 9 0
22 8 23 9 0
9 21 9 23 0
21 9 9 23 0
9 21 23 9 0
21 9 23 9 0
10 20 9 23 0
20 10 9 23 0
10 20 23 9 0
20 10 23 9 0
11 19 9 23 0
19 11 9 23 0
11 19 23 9 0
19 11 23 9 0
11 19 10 22 0
19 11 10 22 0
11 19 22 10 0
19 11 22 10 0
11 19 11 21 1
19 11 11 21 1
11 19 21 11 1
19 11 21 11 1
11 19 12 20 6
19 11 12 20 6
11 19 20 12 6
19 11 20 12 6
11 19 13 19 19
19 11 13 19 19
11 19 19 13 19
19 11 19 13 19
11 19 14 18 37
19 11 14 18 37
11 19 18 14 37
19 11 18 14 37
11 19 15 17 57
19 11 15 17 57
11 19 17 15 57
19 11 17 15 57
11 19 16 16 63
19 11 16 16 63
12 18 10 22 0
18 12 10 22 0
12 18 22 10 0
18 12 22 10 0
12 18 11 21 3
18 12 11 21 3
12 18 21 11 3
18 12 21 11 3
12 18 12 20 16
18 12 12 20 16
12 18 20 12 16
18 12 20 12 16
12 18 13 19 45
18 12 13 19 45
12 18 19 13 45
18 12 19 13 45
12 18 14 18 85
18 12 14 18 85
12 18 18 14 85
18 12 18 14 85
12 18 15 17 124
18 12 15 17 124
12 18 17 15 124
18 12 17 15 124
12 18 16 16 138
18 12 16 16 138
9 21 8 24 0
21 9 8 24 0
9 21 24 8 0
21 9 24 8 0
10 20 8 24 0
20 10 8 24 0
10 20 24 8 0
20 10 24 8 0
11 19 8 24 0
19 11 8 24 0
11 19 24 8 0
19 11 24 8 0
12 18 8 24 0
18 12 8 24 0
12 18 24 8 0
18 12 24 8 0
12 18 9 23 0
18 12 9 23 0
12 18 23 9 0
18 12 23 9 0
13 17 8 24 0
17 13 8 24 0
13 17 24 8 0
17 13 24 8 0
13 17 9 23 0
17 13 9 23 0
13 17 23 9 0
17 13 23 9 0
13 17 10 22 1
17 13 10 22 1
13 17 22 10 1
17 13 22 10 1
13 17 11 21 9
17 13 11 21 9
13 17 21 11 9
17 13 21 11 9
13 17 12 20 33
17 13 12 20 33
13 17 20 12 33
17 13 20 12 33
13 17 13 19 84
17 13 13 19 84
13 17 19 13 84
17 13 19 13 84
13 17 14 18 150
17 13 14 18 150
13 17 18 14 150
17 13 18 14 150
13 17 15 17 214
17 13 15 17 214
13 17 17 15 214
17 13 17 15 214
13 17 16 16 236
17 13 16 16 236
14 16 10 22 2
16 14 10 22 2
14 16 22 10 2
16 14 22 10 2
14 16 11 21 14
16 14 11 21 14
14 16 21 11 14
16 14 21 11 14
14 16 12 20 49
16 14 12 20 49
14 16 20 12 49
16 14 20 12 49
14 16 13 19 118
16 14 13 19 118
14 16 19 13 118
16 14 19 13 118
14 16 14 18 208
16 14 14 18 208
14 16 18 14 208
16 14 18 14 208
14 16 15 17 291
16 14 15 17 291
14 16 17 15 291
16 14 17 15 291
14 16 16 16 322
16 14 16 16 322
14 16 8 24 0
16 14 8 24 0
14 16 24 8 0
16 14 24 8 0
14 16 9 23 0
16 14 9 23 0
14 16 23 9 0
16 14 23 9 0
15 15 9 23 0
15 15 23 9 0
15 15 10 22 2
15 15 22 10 2
15 15 11 21 16
15 15 21 11 16
15 15 12 20 55
15 15 20 12 55
15 15 13 19 132
15 15 19 13 132
15 15 14 18 230
15 15 18 14 230
15 15 15 17 322
15 15 17 15 322
15 15 16 16 355
10 20 7 25 0
20 10 7 25 0
10 20 25 7 0
20 10 25 7 0
11 19 7 25 0
19 11 7 25 0
11 19 25 7 0
19 11 25 7 0
12 18 7 25 0
18 12 7 25 0
12 18 25 7 0
18 12 25 7 0
13 17 7 25 0
17 13 7 25 0
13 17 25 7 0
17 13 25 7 0
14 16 7 25 0
16 14 7 25 0
14 16 25 7 0
16 14 25 7 0
12 18 6 26 0
18 12 6 26 0
12 18 26 6 0
18 12 26 6 0
13 17 6 26 0
17 13 6 26 0
13 17 26 6 0
17 13 26 6 0
14 16 6 26 0
16 14 6 26 0
14 16 26 6 0
16 14 26 6 0
15 15 6 26 0
15 15 26 6 0
15 15 7 25 0
15 15 25 7 0
15 15 8 24 0
15 15 24 8 0
