8 25 13 22 0
25 8 13 22 0
8 25 22 13 0
25 8 22 13 0
8 25 14 21 0
25 8 14 21 0
8 25 21 14 0
25 8 21 14 0
8 25 15 20 0
25 8 15 20 0
8 25 20 15 0
25 8 20 15 0
8 25 16 19 0
25 8 16 19 0
8 25 19 16 0
25 8 19 16 0
8 25 17 18 0
25 8 17 18 0
8 25 18 17 0
25 8 18 17 0
9 24 13 22 0
24 9 13 22 0
9 24 22 13 0
24 9 22 13 0
9 24 14 21 0
24 9 14 21 0
9 24 21 14 0
24 9 21 14 0
9 24 15 20 0
24 9 15 20 0
9 24 20 15 0
24 9 20 15 0
9 24 16 19 0
24 9 16 19 0
9 24 19 16 0
24 9 19 16 0
9 24 17 18 0
24 9 17 18 0
9 24 18 17 0
24 9 18 17 0
10 23 13 22 0
23 10 13 22 0
10 23 22 13 0
23 10 22 13 0
10 23 14 21 0
23 10 14 21 0
10 23 21 14 0
23 10 21 14 0
10 23 15 20 0
23 10 15 20 0
10 23 20 15 0
23 10 20 15 0
10 23 16 19 0
23 10 16 19 0
10 23 19 16 0
23 10 19 16 0
10 23 17 18 0
23 10 17 18 0
10 23 18 17 0
23 10 18 17 0
11 22 13 22 0
22 11 13 22 0
11 22 22 13 0
22 11 22 13 0
11 22 14 21 0
22 11 14 21 0
11 22 21 14 0
22 11 21 14 0
11 22 15 20 1
22 11 15 20 1
11 22 20 15 1
22 11 20 15 1
11 22 16 19 2
22 11 16 19 2
11 22 19 16 2
22 11 19 16 2
11 22 17 18 3
22 11 17 18 3
11 22 18 17 3
22 11 18 17 3
9 24 12 23 0
24 9 12 23 0
9 24 23 12 0
24 9 23 12 0
10 23 12 23 0
23 10 12 23 0
10 23 23 12 0
23 10 23 12 0
11 22 12 23 0
22 11 12 23 0
11 22 23 12 0
22 11 23 12 0
12 21 12 23 0
21 12 12 23 0
12 21 23 12 0
21 12 23 12 0
12 21 13 22 0
21 12 13 22 0
12 21 22 13 0
21 12 22 13 0
12 21 14 21 1
21 12 14 21 1
12 21 21 14 1
21 12 21 14 1
12 21 15 20 5
21 12 15 20 5
12 21 20 15 5
21 12 20 15 5
12 21 16 19 10
21 12 16 19 10
12 21 19 16 10
21 12 19 16 10
12 21 17 18 14
21 12 17 18 14
12 21 18 17 14
21 12 18 17 14
13 20 13 22 1
20 13 13 22 1
13 20 22 13 1
20 13 22 13 1
13 20 14 21 5
20 13 14 21 5
13 20 21 14 5
20 13 21 14 5
13 20 15 20 16
20 13 15 20 16
13 20 20 15 16
20 13 20 15 16
13 20 16 19 29
20 13 16 19 29
13 20 19 16 29
20 13 19 16 29
13 20 17 18 39
20 13 17 18 39
13 20 18 17 39
20 13 18 17 39
10 23 10 25 0
23 10 10 25 0
10 23 25 10 0
23 10 25 10 0
10 23 11 24 0
23 10 11 24 0
10 23 24 11 0
23 10 24 11 0
11 22 10 25 0
22 11 10 25 0
11 22 25 10 0
22 11 25 10 0
11 22 11 24 0
22 11 11 24 0
11 22 24 11 0
22 11 24 11 0
12 21 10 25 0
21 12 10 25 0
12 21 25 10 0
21 12 25 10 0
12 21 11 24 0
21 12 11 24 0
12 21 24 11 0
21 12 24 11 0
13 20 10 25 0
20 13 10 25 0
13 20 25 10 0
20 13 25 10 0
13 20 11 24 0
20 13 11 24 0
13 20 24 11 0
20 13 24 11 0
13 20 12 23 0
20 13 12 23 0
13 20 23 12 0
20 13 23 12 0
14 19 10 25 0
19 14 10 25 0
14 19 25 10 0
19 14 25 10 0
14 19 11 24 0
19 14 11 24 0
14 19 24 11 0
19 14 24 11 0
14 19 12 23 0
19 14 12 23 0
14 19 23 12 0
19 14 23 12 0
14 19 13 22 3
19 14 13 22 3
14 19 22 13 3
19 14 22 13 3
14 19 14 21 13
19 14 14 21 13
14 19 21 14 13
19 14 21 14 13
14 19 15 20 35
19 14 15 20 35
14 19 20 15 35
19 14 20 15 35
14 19 16 19 61
19 14 16 19 61
14 19 19 16 61
19 14 19 16 61
14 19 17 18 80
19 14 17 18 80
14 19 18 17 80
19 14 18 17 80
15 18 12 23 0
18 15 12 23 0
15 18 23 12 0
18 15 23 12 0
15 18 13 22 6
18 15 13 22 6
15 18 22 13 6
18 15 22 13 6
15 18 14 21 23
18 15 14 21 23
15 18 21 14 23
18 15 21 14 23
15 18 15 20 57
18 15 15 20 57
15 18 20 15 57
18 15 20 15 57
15 18 16 19 96
18 15 16 19 96
15 18 19 16 96
18 15 19 16 96
15 18 17 18 124
18 15 17 18 124
15 18 18 17 124
18 15 18 17 124
12 21 9 26 0
21 12 9 26 0
12 21 26 9 0
21 12 26 9 0
13 20 9 26 0
20 13 9 26 0
13 20 26 9 0
20 13 26 9 0
14 19 9 26 0
19 14 9 26 0
14 19 26 9 0
19 14 26 9 0
15 18 9 26 0
18 15 9 26 0
15 18 26 9 0
18 15 26 9 0
15 18 10 25 0
18 15 10 25 0
15 18 25 10 0
18 15 25 10 0
15 18 11 24 0
18 15 11 24 0
15 18 24 11 0
18 15 24 11 0
16 17 10 25 0
17 16 10 25 0
16 17 25 10 0
17 16 25 10 0
16 17 11 24 0
17 16 11 24 0
16 17 24 11 0
17 16 24 11 0
16 17 12 23 1
17 16 12 23 1
16 17 23 12 1
17 16 23 12 1
16 17 13 22 9
17 16 13 22 9
16 17 22 13 9
17 16 22 13 9
16 17 14 21 31
17 16 14 21 31
16 17 21 14 31
17 16 21 14 31
16 17 15 20 73
17 16 15 20 73
16 17 20 15 73
17 16 20 15 73
16 17 16 19 121
17 16 16 19 121
16 17 19 16 121
17 16 19 16 121
16 17 17 18 155
17 16 17 18 155
16 17 18 17 155
17 16 18 17 155
13 20 8 27 0
20 13 8 27 0
13 20 27 8 0
20 13 27 8 0
14 19 8 27 0
19 14 8 27 0
14 19 27 8 0
19 14 27 8 0
15 18 8 27 0
18 15 8 27 0
15 18 27 8 0
18 15 27 8 0
16 17 8 27 0
17 16 8 27 0
16 17 27 8 0
17 16 27 8 0
16 17 9 26 0
17 16 9 26 0
16 17 26 9 0
17 16 26 9 0
