1 17 6 14 0
17 1 6 14 0
1 17 14 6 0
17 1 14 6 0
1 17 7 13 0
17 1 7 13 0
1 17 13 7 0
17 1 13 7 0
1 17 8 12 0
17 1 8 12 0
1 17 12 8 0
17 1 12 8 0
1 17 9 11 0
17 1 9 11 0
1 17 11 9 0
17 1 11 9 0
1 17 10 10 0
17 1 10 10 0
2 16 6 14 0
16 2 6 14 0
2 16 14 6 0
16 2 14 6 0
2 16 7 13 0
16 2 7 13 0
2 16 13 7 0
16 2 13 7 0
2 16 8 12 0
16 2 8 12 0
2 16 12 8 0
16 2 12 8 0
2 16 9 11 0
16 2 9 11 0
2 16 11 9 0
16 2 11 9 0
2 16 10 10 0
16 2 10 10 0
3 15 6 14 0
15 3 6 14 0
3 15 14 6 0
15 3 14 6 0
3 15 7 13 1
15 3 7 13 1
3 15 13 7 1
15 3 13 7 1
3 15 8 12 2
15 3 8 12 2
3 15 12 8 2
15 3 12 8 2
3 15 9 11 4
15 3 9 11 4
3 15 11 9 4
15 3 11 9 4
3 15 10 10 4
15 3 10 10 4
4 14 6 14 2
14 4 6 14 2
4 14 14 6 2
14 4 14 6 2
4 14 7 13 7
14 4 7 13 7
4 14 13 7 7
14 4 13 7 7
4 14 8 12 14
14 4 8 12 14
4 14 12 8 14
14 4 12 8 14
4 14 9 11 21
14 4 9 11 21
4 14 11 9 21
14 4 11 9 21
4 14 10 10 23
14 4 10 10 23
5 13 6 14 12
13 5 6 14 12
5 13 14 6 12
13 5 14 6 12
5 13 7 13 29
13 5 7 13 29
5 13 13 7 29
13 5 13 7 29
5 13 8 12 50
13 5 8 12 50
5 13 12 8 50
13 5 12 8 50
5 13 9 11 71
13 5 9 11 71
5 13 11 9 71
13 5 11 9 71
5 13 10 10 77
13 5 10 10 77
6 12 6 14 34
12 6 6 14 34
6 12 14 6 34
12 6 14 6 34
6 12 7 13 72
12 6 7 13 72
6 12 13 7 72
12 6 13 7 72
6 12 8 12 119
12 6 8 12 119
6 12 12 8 119
12 6 12 8 119
6 12 9 11 160
12 6 9 11 160
6 12 11 9 160
12 6 11 9 160
6 12 10 10 175
12 6 10 10 175
2 16 4 16 0
16 2 4 16 0
2 16 16 4 0
16 2 16 4 0
2 16 5 15 0
16 2 5 15 0
2 16 15 5 0
16 2 15 5 0
3 15 4 16 0
15 3 4 16 0
3 15 16 4 0
15 3 16 4 0
3 15 5 15 0
15 3 5 15 0
3 15 15 5 0
15 3 15 5 0
4 14 4 16 0
14 4 4 16 0
4 14 16 4 0
14 4 16 4 0
4 14 5 15 0
14 4 5 15 0
4 14 15 5 0
14 4 15 5 0
5 13 4 16 1
13 5 4 16 1
5 13 16 4 1
13 5 16 4 1
5 13 5 15 4
13 5 5 15 4
5 13 15 5 4
13 5 15 5 4
3 15 3 17 0
15 3 3 17 0
3 15 17 3 0
15 3 17 3 0
4 14 3 17 0
14 4 3 17 0
4 14 17 3 0
14 4 17 3 0
5 13 3 17 0
13 5 3 17 0
5 13 17 3 0
13 5 17 3 0
6 12 3 17 0
12 6 3 17 0
6 12 17 3 0
12 6 17 3 0
6 12 4 16 3
12 6 4 16 3
6 12 16 4 3
12 6 16 4 3
6 12 5 15 12
12 6 5 15 12
6 12 15 5 12
12 6 15 5 12
7 11 3 17 1
11 7 3 17 1
7 11 17 3 1
11 7 17 3 1
7 11 4 16 7
11 7 4 16 7
7 11 16 4 7
11 7 16 4 7
7 11 5 15 26
11 7 5 15 26
7 11 15 5 26
11 7 15 5 26
7 11 6 14 66
11 7 6 14 66
7 11 14 6 66
11 7 14 6 66
7 11 7 13 133
11 7 7 13 133
7 11 13 7 133
11 7 13 7 133
7 11 8 12 210
11 7 8 12 210
7 11 12 8 210
11 7 12 8 210
7 11 9 11 279
11 7 9 11 279
7 11 11 9 279
11 7 11 9 279
7 11 10 10 302
11 7 10 10 302
8 10 3 17 2
10 8 3 17 2
8 10 17 3 2
10 8 17 3 2
8 10 4 16 12
10 8 4 16 12
8 10 16 4 12
10 8 16 4 12
8 10 5 15 40
10 8 5 15 40
8 10 15 5 40
10 8 15 5 40
8 10 6 14 98
10 8 6 14 98
8 10 14 6 98
10 8 14 6 98
8 10 7 13 189
10 8 7 13 189
8 10 13 7 189
10 8 13 7 189
8 10 8 12 295
10 8 8 12 295
8 10 12 8 295
10 8 12 8 295
8 10 9 11 384
10 8 9 11 384
8 10 11 9 384
10 8 11 9 384
8 10 10 10 417
10 8 10 10 417
9 9 4 16 13
9 9 16 4 13
9 9 5 15 45
9 9 15 5 45
9 9 6 14 109
9 9 14 6 109
9 9 7 13 211
9 9 13 7 211
9 9 8 12 326
9 9 12 8 326
9 9 9 11 425
9 9 11 9 425
9 9 10 10 459
4 14 2 18 0
14 4 2 18 0
4 14 18 2 0
14 4 18 2 0
5 13 2 18 0
13 5 2 18 0
5 13 18 2 0
13 5 18 2 0
6 12 2 18 0
12 6 2 18 0
6 12 18 2 0
12 6 18 2 0
7 11 2 18 0
11 7 2 18 0
7 11 18 2 0
11 7 18 2 0
8 10 2 18 0
10 8 2 18 0
8 10 18 2 0
10 8 18 2 0
6 12 1 19 0
12 6 1 19 0
6 12 19 1 0
12 6 19 1 0
7 11 1 19 0
11 7 1 19 0
7 11 19 1 0
11 7 19 1 0
8 10 1 19 0
10 8 1 19 0
8 10 19 1 0
10 8 19 1 0
9 9 1 19 0
9 9 19 1 0
9 9 2 18 0
9 9 18 2 0
9 9 3 17 2
9 9 17 3 2
