10 26 15 23 0
26 10 15 23 0
10 26 23 15 0
26 10 23 15 0
10 26 16 22 0
26 10 16 22 0
10 26 22 16 0
26 10 22 16 0
10 26 17 21 0
26 10 17 21 0
10 26 21 17 0
26 10 21 17 0
10 26 18 20 0
26 10 18 20 0
10 26 20 18 0
26 10 20 18 0
10 26 19 19 0
26 10 19 19 0
11 25 15 23 0
25 11 15 23 0
11 25 23 15 0
25 11 23 15 0
11 25 16 22 0
25 11 16 22 0
11 25 22 16 0
25 11 22 16 0
11 25 17 21 0
25 11 17 21 0
11 25 21 17 0
25 11 21 17 0
11 25 18 20 0
25 11 18 20 0
11 25 20 18 0
25 11 20 18 0
11 25 19 19 0
25 11 19 19 0
12 24 15 23 0
24 12 15 23 0
12 24 23 15 0
24 12 23 15 0
12 24 16 22 0
24 12 16 22 0
12 24 22 16 0
24 12 22 16 0
12 24 17 21 0
24 12 17 21 0
12 24 21 17 0
24 12 21 17 0
12 24 18 20 0
24 12 18 20 0
12 24 20 18 0
24 12 20 18 0
12 24 19 19 0
24 12 19 19 0
13 23 15 23 0
23 13 15 23 0
13 23 23 15 0
23 13 23 15 0
13 23 16 22 0
23 13 16 22 0
13 23 22 16 0
23 13 22 16 0
13 23 17 21 0
23 13 17 21 0
13 23 21 17 0
23 13 21 17 0
13 23 18 20 1
23 13 18 20 1
13 23 20 18 1
23 13 20 18 1
13 23 19 19 1
23 13 19 19 1
11 25 13 25 0
25 11 13 25 0
11 25 25 13 0
25 11 25 13 0
11 25 14 24 0
25 11 14 24 0
11 25 24 14 0
25 11 24 14 0
12 24 13 25 0
24 12 13 25 0
12 24 25 13 0
24 12 25 13 0
12 24 14 24 0
24 12 14 24 0
12 24 24 14 0
24 12 24 14 0
13 23 13 25 0
23 13 13 25 0
13 23 25 13 0
23 13 25 13 0
13 23 14 24 0
23 13 14 24 0
13 23 24 14 0
23 13 24 14 0
14 22 13 25 0
22 14 13 25 0
14 22 25 13 0
22 14 25 13 0
14 22 14 24 0
22 14 14 24 0
14 22 24 14 0
22 14 24 14 0
14 22 15 23 0
22 14 15 23 0
14 22 23 15 0
22 14 23 15 0
14 22 16 22 1
22 14 16 22 1
14 22 22 16 1
22 14 22 16 1
14 22 17 21 3
22 14 17 21 3
14 22 21 17 3
22 14 21 17 3
14 22 18 20 6
22 14 18 20 6
14 22 20 18 6
22 14 20 18 6
14 22 19 19 7
22 14 19 19 7
15 21 13 25 0
21 15 13 25 0
15 21 25 13 0
21 15 25 13 0
15 21 14 24 0
21 15 14 24 0
15 21 24 14 0
21 15 24 14 0
15 21 15 23 0
21 15 15 23 0
15 21 23 15 0
21 15 23 15 0
15 21 16 22 3
21 15 16 22 3
15 21 22 16 3
21 15 22 16 3
15 21 17 21 8
21 15 17 21 8
15 21 21 17 8
21 15 21 17 8
15 21 18 20 15
21 15 18 20 15
15 21 20 18 15
21 15 20 18 15
15 21 19 19 17
21 15 19 19 17
16 20 15 23 1
20 16 15 23 1
16 20 23 15 1
20 16 23 15 1
16 20 16 22 7
20 16 16 22 7
16 20 22 16 7
20 16 22 16 7
16 20 17 21 17
20 16 17 21 17
16 20 21 17 17
20 16 21 17 17
16 20 18 20 29
20 16 18 20 29
16 20 20 18 29
20 16 20 18 29
16 20 19 19 33
20 16 19 19 33
12 24 12 26 0
24 12 12 26 0
12 24 26 12 0
24 12 26 12 0
13 23 12 26 0
23 13 12 26 0
13 23 26 12 0
23 13 26 12 0
14 22 12 26 0
22 14 12 26 0
14 22 26 12 0
22 14 26 12 0
15 21 12 26 0
21 15 12 26 0
15 21 26 12 0
21 15 26 12 0
13 23 11 27 0
23 13 11 27 0
13 23 27 11 0
23 13 27 11 0
14 22 11 27 0
22 14 11 27 0
14 22 27 11 0
22 14 27 11 0
15 21 11 27 0
21 15 11 27 0
15 21 27 11 0
21 15 27 11 0
16 20 11 27 0
20 16 11 27 0
16 20 27 11 0
20 16 27 11 0
16 20 12 26 0
20 16 12 26 0
16 20 26 12 0
20 16 26 12 0
16 20 13 25 0
20 16 13 25 0
16 20 25 13 0
20 16 25 13 0
16 20 14 24 0
20 16 14 24 0
16 20 24 14 0
20 16 24 14 0
17 19 12 26 0
19 17 12 26 0
17 19 26 12 0
19 17 26 12 0
17 19 13 25 0
19 17 13 25 0
17 19 25 13 0
19 17 25 13 0
17 19 14 24 0
19 17 14 24 0
17 19 24 14 0
19 17 24 14 0
17 19 15 23 2
19 17 15 23 2
17 19 23 15 2
19 17 23 15 2
17 19 16 22 11
19 17 16 22 11
17 19 22 16 11
19 17 22 16 11
17 19 17 21 25
19 17 17 21 25
17 19 21 17 25
19 17 21 17 25
17 19 18 20 42
19 17 18 20 42
17 19 20 18 42
19 17 20 18 42
17 19 19 19 47
19 17 19 19 47
18 18 15 23 3
18 18 23 15 3
18 18 16 22 13
18 18 22 16 13
18 18 17 21 29
18 18 21 17 29
18 18 18 20 47
18 18 20 18 47
18 18 19 19 53
17 19 11 27 0
19 17 11 27 0
17 19 27 11 0
19 17 27 11 0
18 18 11 27 0
18 18 27 11 0
18 18 12 26 0
18 18 26 12 0
18 18 13 25 0
18 18 25 13 0
18 18 14 24 0
18 18 24 14 0
15 21 10 28 0
21 15 10 28 0
15 21 28 10 0
21 15 28 10 0
16 20 10 28 0
20 16 10 28 0
16 20 28 10 0
20 16 28 10 0
17 19 10 28 0
19 17 10 28 0
17 19 28 10 0
19 17 28 10 0
18 18 10 28 0
18 18 28 10 0
