12 27 18 23 0
27 12 18 23 0
12 27 23 18 0
27 12 23 18 0
12 27 19 22 0
27 12 19 22 0
12 27 22 19 0
27 12 22 19 0
12 27 20 21 0
27 12 20 21 0
12 27 21 20 0
27 12 21 20 0
13 26 18 23 0
26 13 18 23 0
13 26 23 18 0
26 13 23 18 0
13 26 19 22 0
26 13 19 22 0
13 26 22 19 0
26 13 22 19 0
13 26 20 21 0
26 13 20 21 0
13 26 21 20 0
26 13 21 20 0
14 25 18 23 0
25 14 18 23 0
14 25 23 18 0
25 14 23 18 0
14 25 19 22 0
25 14 19 22 0
14 25 22 19 0
25 14 22 19 0
14 25 20 21 0
25 14 20 21 0
14 25 21 20 0
25 14 21 20 0
15 24 18 23 0
24 15 18 23 0
15 24 23 18 0
24 15 23 18 0
15 24 19 22 0
24 15 19 22 0
15 24 22 19 0
24 15 22 19 0
15 24 20 21 0
24 15 20 21 0
15 24 21 20 0
24 15 21 20 0
13 26 15 26 0
26 13 15 26 0
13 26 26 15 0
26 13 26 15 0
13 26 16 25 0
26 13 16 25 0
13 26 25 16 0
26 13 25 16 0
13 26 17 24 0
26 13 17 24 0
13 26 24 17 0
26 13 24 17 0
14 25 15 26 0
25 14 15 26 0
14 25 26 15 0
25 14 26 15 0
14 25 16 25 0
25 14 16 25 0
14 25 25 16 0
25 14 25 16 0
14 25 17 24 0
25 14 17 24 0
14 25 24 17 0
25 14 24 17 0
15 24 15 26 0
24 15 15 26 0
15 24 26 15 0
24 15 26 15 0
15 24 16 25 0
24 15 16 25 0
15 24 25 16 0
24 15 25 16 0
15 24 17 24 0
24 15 17 24 0
15 24 24 17 0
24 15 24 17 0
16 23 15 26 0
23 16 15 26 0
16 23 26 15 0
23 16 26 15 0
16 23 16 25 0
23 16 16 25 0
16 23 25 16 0
23 16 25 16 0
16 23 17 24 0
23 16 17 24 0
16 23 24 17 0
23 16 24 17 0
16 23 18 23 0
23 16 18 23 0
16 23 23 18 0
23 16 23 18 0
16 23 19 22 1
23 16 19 22 1
16 23 22 19 1
23 16 22 19 1
16 23 20 21 2
23 16 20 21 2
16 23 21 20 2
23 16 21 20 2
14 25 14 27 0
25 14 14 27 0
14 25 27 14 0
25 14 27 14 0
15 24 14 27 0
24 15 14 27 0
15 24 27 14 0
24 15 27 14 0
16 23 14 27 0
23 16 14 27 0
16 23 27 14 0
23 16 27 14 0
17 22 14 27 0
22 17 14 27 0
17 22 27 14 0
22 17 27 14 0
17 22 15 26 0
22 17 15 26 0
17 22 26 15 0
22 17 26 15 0
17 22 16 25 0
22 17 16 25 0
17 22 25 16 0
22 17 25 16 0
17 22 17 24 0
22 17 17 24 0
17 22 24 17 0
22 17 24 17 0
17 22 18 23 1
22 17 18 23 1
17 22 23 18 1
22 17 23 18 1
17 22 19 22 3
22 17 19 22 3
17 22 22 19 3
22 17 22 19 3
17 22 20 21 5
22 17 20 21 5
17 22 21 20 5
22 17 21 20 5
18 21 15 26 0
21 18 15 26 0
18 21 26 15 0
21 18 26 15 0
18 21 16 25 0
21 18 16 25 0
18 21 25 16 0
21 18 25 16 0
18 21 17 24 0
21 18 17 24 0
18 21 24 17 0
21 18 24 17 0
18 21 18 23 2
21 18 18 23 2
18 21 23 18 2
21 18 23 18 2
18 21 19 22 5
21 18 19 22 5
18 21 22 19 5
21 18 22 19 5
18 21 20 21 8
21 18 20 21 8
18 21 21 20 8
21 18 21 20 8
19 20 18 23 3
20 19 18 23 3
19 20 23 18 3
20 19 23 18 3
19 20 19 22 7
20 19 19 22 7
19 20 22 19 7
20 19 22 19 7
19 20 20 21 11
20 19 20 21 11
19 20 21 20 11
20 19 21 20 11
15 24 13 28 0
24 15 13 28 0
15 24 28 13 0
24 15 28 13 0
16 23 13 28 0
23 16 13 28 0
16 23 28 13 0
23 16 28 13 0
17 22 13 28 0
22 17 13 28 0
17 22 28 13 0
22 17 28 13 0
18 21 13 28 0
21 18 13 28 0
18 21 28 13 0
21 18 28 13 0
18 21 14 27 0
21 18 14 27 0
18 21 27 14 0
21 18 27 14 0
19 20 13 28 0
20 19 13 28 0
19 20 28 13 0
20 19 28 13 0
19 20 14 27 0
20 19 14 27 0
19 20 27 14 0
20 19 27 14 0
19 20 15 26 0
20 19 15 26 0
19 20 26 15 0
20 19 26 15 0
19 20 16 25 0
20 19 16 25 0
19 20 25 16 0
20 19 25 16 0
19 20 17 24 0
20 19 17 24 0
19 20 24 17 0
20 19 24 17 0
18 21 12 29 0
21 18 12 29 0
18 21 29 12 0
21 18 29 12 0
19 20 12 29 0
20 19 12 29 0
19 20 29 12 0
20 19 29 12 0
