3 18 18 32 0
18 3 18 32 0
3 18 32 18 0
18 3 32 18 0
3 18 19 31 0
18 3 19 31 0
3 18 31 19 0
18 3 31 19 0
3 18 20 30 0
18 3 20 30 0
3 18 30 20 0
18 3 30 20 0
3 18 21 29 0
18 3 21 29 0
3 18 29 21 0
18 3 29 21 0
3 18 22 28 0
18 3 22 28 0
3 18 28 22 0
18 3 28 22 0
3 18 23 27 0
18 3 23 27 0
3 18 27 23 0
18 3 27 23 0
4 17 18 32 0
17 4 18 32 0
4 17 32 18 0
17 4 32 18 0
4 17 19 31 0
17 4 19 31 0
4 17 31 19 0
17 4 31 19 0
4 17 20 30 0
17 4 20 30 0
4 17 30 20 0
17 4 30 20 0
4 17 21 29 0
17 4 21 29 0
4 17 29 21 0
17 4 29 21 0
4 17 22 28 0
17 4 22 28 0
4 17 28 22 0
17 4 28 22 0
4 17 23 27 0
17 4 23 27 0
4 17 27 23 0
17 4 27 23 0
5 16 18 32 0
16 5 18 32 0
5 16 32 18 0
16 5 32 18 0
5 16 19 31 0
16 5 19 31 0
5 16 31 19 0
16 5 31 19 0
5 16 20 30 0
16 5 20 30 0
5 16 30 20 0
16 5 30 20 0
5 16 21 29 1
16 5 21 29 1
5 16 29 21 1
16 5 29 21 1
5 16 22 28 2
16 5 22 28 2
5 16 28 22 2
16 5 28 22 2
5 16 23 27 3
16 5 23 27 3
5 16 27 23 3
16 5 27 23 3
6 15 18 32 3
15 6 18 32 3
6 15 32 18 3
15 6 32 18 3
6 15 19 31 7
15 6 19 31 7
6 15 31 19 7
15 6 31 19 7
6 15 20 30 13
15 6 20 30 13
6 15 30 20 13
15 6 30 20 13
6 15 21 29 23
15 6 21 29 23
6 15 29 21 23
15 6 29 21 23
6 15 22 28 34
15 6 22 28 34
6 15 28 22 34
15 6 28 22 34
6 15 23 27 45
15 6 23 27 45
6 15 27 23 45
15 6 27 23 45
3 18 24 26 0
18 3 24 26 0
3 18 26 24 0
18 3 26 24 0
4 17 24 26 0
17 4 24 26 0
4 17 26 24 0
17 4 26 24 0
5 16 24 26 4
16 5 24 26 4
5 16 26 24 4
16 5 26 24 4
6 15 24 26 53
15 6 24 26 53
6 15 26 24 53
15 6 26 24 53
3 18 25 25 0
18 3 25 25 0
4 17 25 25 0
17 4 25 25 0
5 16 25 25 4
16 5 25 25 4
6 15 25 25 56
15 6 25 25 56
4 17 16 34 0
17 4 16 34 0
4 17 34 16 0
17 4 34 16 0
4 17 17 33 0
17 4 17 33 0
4 17 33 17 0
17 4 33 17 0
5 16 16 34 0
16 5 16 34 0
5 16 34 16 0
16 5 34 16 0
5 16 17 33 0
16 5 17 33 0
5 16 33 17 0
16 5 33 17 0
6 15 16 34 0
15 6 16 34 0
6 15 34 16 0
15 6 34 16 0
6 15 17 33 1
15 6 17 33 1
6 15 33 17 1
15 6 33 17 1
7 14 16 34 3
14 7 16 34 3
7 14 34 16 3
14 7 34 16 3
7 14 17 33 10
14 7 17 33 10
7 14 33 17 10
14 7 33 17 10
7 14 18 32 24
14 7 18 32 24
7 14 32 18 24
14 7 32 18 24
7 14 19 31 48
14 7 19 31 48
7 14 31 19 48
14 7 31 19 48
7 14 20 30 83
14 7 20 30 83
7 14 30 20 83
14 7 30 20 83
7 14 21 29 129
14 7 21 29 129
7 14 29 21 129
14 7 29 21 129
7 14 22 28 179
14 7 22 28 179
7 14 28 22 179
14 7 28 22 179
7 14 23 27 225
14 7 23 27 225
7 14 27 23 225
14 7 27 23 225
7 14 24 26 258
14 7 24 26 258
7 14 26 24 258
14 7 26 24 258
7 14 25 25 270
14 7 25 25 270
8 13 16 34 18
13 8 16 34 18
8 13 34 16 18
13 8 34 16 18
8 13 17 33 45
13 8 17 33 45
8 13 33 17 45
13 8 33 17 45
8 13 18 32 94
13 8 18 32 94
8 13 32 18 94
13 8 32 18 94
8 13 19 31 171
13 8 19 31 171
8 13 31 19 171
13 8 31 19 171
8 13 20 30 277
13 8 20 30 277
8 13 30 20 277
13 8 30 20 277
8 13 21 29 407
13 8 21 29 407
8 13 29 21 407
13 8 29 21 407
8 13 22 28 544
13 8 22 28 544
8 13 28 22 544
13 8 28 22 544
8 13 23 27 667
13 8 23 27 667
8 13 27 23 667
13 8 27 23 667
8 13 24 26 753
13 8 24 26 753
8 13 26 24 753
13 8 26 24 753
8 13 25 25 784
13 8 25 25 784
9 12 18 32 213
12 9 18 32 213
9 12 32 18 213
12 9 32 18 213
9 12 19 31 370
12 9 19 31 370
9 12 31 19 370
12 9 31 19 370
9 12 20 30 579
12 9 20 30 579
9 12 30 20 579
12 9 30 20 579
9 12 21 29 827
12 9 21 29 827
9 12 29 21 827
12 9 29 21 827
9 12 22 28 1084
12 9 22 28 1084
9 12 28 22 1084
12 9 28 22 1084
9 12 23 27 1311
12 9 23 27 1311
9 12 27 23 1311
12 9 27 23 1311
9 12 24 26 1468
12 9 24 26 1468
9 12 26 24 1468
12 9 26 24 1468
9 12 25 25 1524
12 9 25 25 1524
5 16 13 37 0
16 5 13 37 0
5 16 37 13 0
16 5 37 13 0
5 16 14 36 0
16 5 14 36 0
5 16 36 14 0
16 5 36 14 0
5 16 15 35 0
16 5 15 35 0
5 16 35 15 0
16 5 35 15 0
6 15 13 37 0
15 6 13 37 0
6 15 37 13 0
15 6 37 13 0
6 15 14 36 0
15 6 14 36 0
6 15 36 14 0
15 6 36 14 0
6 15 15 35 0
15 6 15 35 0
6 15 35 15 0
15 6 35 15 0
7 14 13 37 0
14 7 13 37 0
7 14 37 13 0
14 7 37 13 0
7 14 14 36 0
14 7 14 36 0
7 14 36 14 0
14 7 36 14 0
7 14 15 35 1
14 7 15 35 1
7 14 35 15 1
14 7 35 15 1
8 13 13 37 0
13 8 13 37 0
8 13 37 13 0
13 8 37 13 0
8 13 14 36 1
13 8 14 36 1
8 13 36 14 1
13 8 36 14 1
8 13 15 35 6
13 8 15 35 6
8 13 35 15 6
13 8 35 15 6
6 15 12 38 0
15 6 12 38 0
6 15 38 12 0
15 6 38 12 0
7 14 12 38 0
14 7 12 38 0
7 14 38 12 0
14 7 38 12 0
8 13 12 38 0
13 8 12 38 0
8 13 38 12 0
13 8 38 12 0
9 12 12 38 0
12 9 12 38 0
9 12 38 12 0
12 9 38 12 0
9 12 13 37 1
12 9 13 37 1
9 12 37 13 1
12 9 37 13 1
9 12 14 36 5
12 9 14 36 5
9 12 36 14 5
12 9 36 14 5
9 12 15 35 18
12 9 15 35 18
9 12 35 15 18
12 9 35 15 18
9 12 16 34 48
12 9 16 34 48
9 12 34 16 48
12 9 34 16 48
9 12 17 33 109
12 9 17 33 109
9 12 33 17 109
12 9 33 17 109
10 11 13 37 2
11 10 13 37 2
10 11 37 13 2
11 10 37 13 2
10 11 14 36 9
11 10 14 36 9
10 11 36 14 9
11 10 36 14 9
10 11 15 35 30
11 10 15 35 30
10 11 35 15 30
11 10 35 15 30
10 11 16 34 76
11 10 16 34 76
10 11 34 16 76
11 10 34 16 76
10 11 17 33 166
11 10 17 33 166
10 11 33 17 166
11 10 33 17 166
10 11 18 32 315
11 10 18 32 315
10 11 32 18 315
11 10 32 18 315
10 11 19 31 536
11 10 19 31 536
10 11 31 19 536
11 10 31 19 536
10 11 20 30 825
11 10 20 30 825
10 11 30 20 825
11 10 30 20 825
10 11 21 29 1165
11 10 21 29 1165
10 11 29 21 1165
11 10 29 21 1165
10 11 22 28 1513
11 10 22 28 1513
10 11 28 22 1513
11 10 28 22 1513
10 11 23 27 1819
11 10 23 27 1819
10 11 27 23 1819
11 10 27 23 1819
10 11 24 26 2029
11 10 24 26 2029
10 11 26 24 2029
11 10 26 24 2029
10 11 25 25 2104
11 10 25 25 2104
7 14 10 40 0
14 7 10 40 0
7 14 40 10 0
14 7 40 10 0
7 14 11 39 0
14 7 11 39 0
7 14 39 11 0
14 7 39 11 0
8 13 10 40 0
13 8 10 40 0
8 13 40 10 0
13 8 40 10 0
8 13 11 39 0
13 8 11 39 0
8 13 39 11 0
13 8 39 11 0
9 12 10 40 0
12 9 10 40 0
9 12 40 10 0
12 9 40 10 0
9 12 11 39 0
12 9 11 39 0
9 12 39 11 0
12 9 39 11 0
10 11 10 40 0
11 10 10 40 0
10 11 40 10 0
11 10 40 10 0
10 11 11 39 0
11 10 11 39 0
10 11 39 11 0
11 10 39 11 0
10 11 12 38 0
11 10 12 38 0
10 11 38 12 0
11 10 38 12 0
9 12 9 41 0
12 9 9 41 0
9 12 41 9 0
12 9 41 9 0
10 11 9 41 0
11 10 9 41 0
10 11 41 9 0
11 10 41 9 0
