6 21 30 35 0
21 6 30 35 0
6 21 35 30 0
21 6 35 30 0
6 21 31 34 0
21 6 31 34 0
6 21 34 31 0
21 6 34 31 0
6 21 32 33 0
21 6 32 33 0
6 21 33 32 0
21 6 33 32 0
7 20 30 35 0
20 7 30 35 0
7 20 35 30 0
20 7 35 30 0
7 20 31 34 0
20 7 31 34 0
7 20 34 31 0
20 7 34 31 0
7 20 32 33 0
20 7 32 33 0
7 20 33 32 0
20 7 33 32 0
8 19 30 35 0
19 8 30 35 0
8 19 35 30 0
19 8 35 30 0
8 19 31 34 0
19 8 31 34 0
8 19 34 31 0
19 8 34 31 0
8 19 32 33 0
19 8 32 33 0
8 19 33 32 0
19 8 33 32 0
9 18 30 35 0
18 9 30 35 0
9 18 35 30 0
18 9 35 30 0
9 18 31 34 0
18 9 31 34 0
9 18 34 31 0
18 9 34 31 0
9 18 32 33 0
18 9 32 33 0
9 18 33 32 0
18 9 33 32 0
7 20 25 40 0
20 7 25 40 0
7 20 40 25 0
20 7 40 25 0
7 20 26 39 0
20 7 26 39 0
7 20 39 26 0
20 7 39 26 0
7 20 27 38 0
20 7 27 38 0
7 20 38 27 0
20 7 38 27 0
7 20 28 37 0
20 7 28 37 0
7 20 37 28 0
20 7 37 28 0
7 20 29 36 0
20 7 29 36 0
7 20 36 29 0
20 7 36 29 0
8 19 25 40 0
19 8 25 40 0
8 19 40 25 0
19 8 40 25 0
8 19 26 39 0
19 8 26 39 0
8 19 39 26 0
19 8 39 26 0
8 19 27 38 0
19 8 27 38 0
8 19 38 27 0
19 8 38 27 0
8 19 28 37 0
19 8 28 37 0
8 19 37 28 0
19 8 37 28 0
8 19 29 36 0
19 8 29 36 0
8 19 36 29 0
19 8 36 29 0
9 18 25 40 0
18 9 25 40 0
9 18 40 25 0
18 9 40 25 0
9 18 26 39 0
18 9 26 39 0
9 18 39 26 0
18 9 39 26 0
9 18 27 38 0
18 9 27 38 0
9 18 38 27 0
18 9 38 27 0
9 18 28 37 0
18 9 28 37 0
9 18 37 28 0
18 9 37 28 0
9 18 29 36 0
18 9 29 36 0
9 18 36 29 0
18 9 36 29 0
10 17 25 40 0
17 10 25 40 0
10 17 40 25 0
17 10 40 25 0
10 17 26 39 0
17 10 26 39 0
10 17 39 26 0
17 10 39 26 0
10 17 27 38 1
17 10 27 38 1
10 17 38 27 1
17 10 38 27 1
10 17 28 37 2
17 10 28 37 2
10 17 37 28 2
17 10 37 28 2
10 17 29 36 4
17 10 29 36 4
10 17 36 29 4
17 10 36 29 4
10 17 30 35 6
17 10 30 35 6
10 17 35 30 6
17 10 35 30 6
10 17 31 34 8
17 10 31 34 8
10 17 34 31 8
17 10 34 31 8
10 17 32 33 9
17 10 32 33 9
10 17 33 32 9
17 10 33 32 9
8 19 22 43 0
19 8 22 43 0
8 19 43 22 0
19 8 43 22 0
8 19 23 42 0
19 8 23 42 0
8 19 42 23 0
19 8 42 23 0
8 19 24 41 0
19 8 24 41 0
8 19 41 24 0
19 8 41 24 0
9 18 22 43 0
18 9 22 43 0
9 18 43 22 0
18 9 43 22 0
9 18 23 42 0
18 9 23 42 0
9 18 42 23 0
18 9 42 23 0
9 18 24 41 0
18 9 24 41 0
9 18 41 24 0
18 9 41 24 0
10 17 22 43 0
17 10 22 43 0
10 17 43 22 0
17 10 43 22 0
10 17 23 42 0
17 10 23 42 0
10 17 42 23 0
17 10 42 23 0
10 17 24 41 0
17 10 24 41 0
10 17 41 24 0
17 10 41 24 0
11 16 22 43 0
16 11 22 43 0
11 16 43 22 0
16 11 43 22 0
11 16 23 42 0
16 11 23 42 0
11 16 42 23 0
16 11 42 23 0
11 16 24 41 1
16 11 24 41 1
11 16 41 24 1
16 11 41 24 1
11 16 25 40 3
16 11 25 40 3
11 16 40 25 3
16 11 40 25 3
11 16 26 39 7
16 11 26 39 7
11 16 39 26 7
16 11 39 26 7
11 16 27 38 14
16 11 27 38 14
11 16 38 27 14
16 11 38 27 14
11 16 28 37 23
16 11 28 37 23
11 16 37 28 23
16 11 37 28 23
11 16 29 36 34
16 11 29 36 34
11 16 36 29 34
16 11 36 29 34
11 16 30 35 45
16 11 30 35 45
11 16 35 30 45
16 11 35 30 45
11 16 31 34 54
16 11 31 34 54
11 16 34 31 54
16 11 34 31 54
11 16 32 33 59
16 11 32 33 59
11 16 33 32 59
16 11 33 32 59
9 18 21 44 0
18 9 21 44 0
9 18 44 21 0
18 9 44 21 0
10 17 21 44 0
17 10 21 44 0
10 17 44 21 0
17 10 44 21 0
11 16 21 44 0
16 11 21 44 0
11 16 44 21 0
16 11 44 21 0
12 15 21 44 0
15 12 21 44 0
12 15 44 21 0
15 12 44 21 0
12 15 22 43 0
15 12 22 43 0
12 15 43 22 0
15 12 43 22 0
12 15 23 42 1
15 12 23 42 1
12 15 42 23 1
15 12 42 23 1
12 15 24 41 4
15 12 24 41 4
12 15 41 24 4
15 12 41 24 4
12 15 25 40 11
15 12 25 40 11
12 15 40 25 11
15 12 40 25 11
12 15 26 39 23
15 12 26 39 23
12 15 39 26 23
15 12 39 26 23
12 15 27 38 42
15 12 27 38 42
12 15 38 27 42
15 12 38 27 42
12 15 28 37 66
15 12 28 37 66
12 15 37 28 66
15 12 37 28 66
12 15 29 36 94
15 12 29 36 94
12 15 36 29 94
15 12 36 29 94
12 15 30 35 121
15 12 30 35 121
12 15 35 30 121
15 12 35 30 121
12 15 31 34 143
15 12 31 34 143
12 15 34 31 143
15 12 34 31 143
12 15 32 33 155
15 12 32 33 155
12 15 33 32 155
15 12 33 32 155
13 14 22 43 0
14 13 22 43 0
13 14 43 22 0
14 13 43 22 0
13 14 23 42 2
14 13 23 42 2
13 14 42 23 2
14 13 42 23 2
13 14 24 41 8
14 13 24 41 8
13 14 41 24 8
14 13 41 24 8
13 14 25 40 20
14 13 25 40 20
13 14 40 25 20
14 13 40 25 20
13 14 26 39 40
14 13 26 39 40
13 14 39 26 40
14 13 39 26 40
13 14 27 38 71
14 13 27 38 71
13 14 38 27 71
14 13 38 27 71
13 14 28 37 109
14 13 28 37 109
13 14 37 28 109
14 13 37 28 109
13 14 29 36 152
14 13 29 36 152
13 14 36 29 152
14 13 36 29 152
13 14 30 35 193
14 13 30 35 193
13 14 35 30 193
14 13 35 30 193
13 14 31 34 226
14 13 31 34 226
13 14 34 31 226
14 13 34 31 226
13 14 32 33 244
14 13 32 33 244
13 14 33 32 244
14 13 33 32 244
10 17 19 46 0
17 10 19 46 0
10 17 46 19 0
17 10 46 19 0
10 17 20 45 0
17 10 20 45 0
10 17 45 20 0
17 10 45 20 0
11 16 19 46 0
16 11 19 46 0
11 16 46 19 0
16 11 46 19 0
11 16 20 45 0
16 11 20 45 0
11 16 45 20 0
16 11 45 20 0
12 15 19 46 0
15 12 19 46 0
12 15 46 19 0
15 12 46 19 0
12 15 20 45 0
15 12 20 45 0
12 15 45 20 0
15 12 45 20 0
13 14 19 46 0
14 13 19 46 0
13 14 46 19 0
14 13 46 19 0
13 14 20 45 0
14 13 20 45 0
13 14 45 20 0
14 13 45 20 0
13 14 21 44 0
14 13 21 44 0
13 14 44 21 0
14 13 44 21 0
12 15 18 47 0
15 12 18 47 0
12 15 47 18 0
15 12 47 18 0
13 14 18 47 0
14 13 18 47 0
13 14 47 18 0
14 13 47 18 0
