8 21 30 40 0
21 8 30 40 0
8 21 40 30 0
21 8 40 30 0
8 21 31 39 0
21 8 31 39 0
8 21 39 31 0
21 8 39 31 0
8 21 32 38 0
21 8 32 38 0
8 21 38 32 0
21 8 38 32 0
8 21 33 37 0
21 8 33 37 0
8 21 37 33 0
21 8 37 33 0
8 21 34 36 0
21 8 34 36 0
8 21 36 34 0
21 8 36 34 0
8 21 35 35 0
21 8 35 35 0
9 20 30 40 0
20 9 30 40 0
9 20 40 30 0
20 9 40 30 0
9 20 31 39 0
20 9 31 39 0
9 20 39 31 0
20 9 39 31 0
9 20 32 38 0
20 9 32 38 0
9 20 38 32 0
20 9 38 32 0
9 20 33 37 0
20 9 33 37 0
9 20 37 33 0
20 9 37 33 0
9 20 34 36 0
20 9 34 36 0
9 20 36 34 0
20 9 36 34 0
9 20 35 35 0
20 9 35 35 0
10 19 30 40 0
19 10 30 40 0
10 19 40 30 0
19 10 40 30 0
10 19 31 39 0
19 10 31 39 0
10 19 39 31 0
19 10 39 31 0
10 19 32 38 0
19 10 32 38 0
10 19 38 32 0
19 10 38 32 0
10 19 33 37 0
19 10 33 37 0
10 19 37 33 0
19 10 37 33 0
10 19 34 36 0
19 10 34 36 0
10 19 36 34 0
19 10 36 34 0
10 19 35 35 0
19 10 35 35 0
11 18 30 40 0
18 11 30 40 0
11 18 40 30 0
18 11 40 30 0
11 18 31 39 0
18 11 31 39 0
11 18 39 31 0
18 11 39 31 0
11 18 32 38 0
18 11 32 38 0
11 18 38 32 0
18 11 38 32 0
11 18 33 37 0
18 11 33 37 0
11 18 37 33 0
18 11 37 33 0
11 18 34 36 0
18 11 34 36 0
11 18 36 34 0
18 11 36 34 0
11 18 35 35 0
18 11 35 35 0
9 20 26 44 0
20 9 26 44 0
9 20 44 26 0
20 9 44 26 0
9 20 27 43 0
20 9 27 43 0
9 20 43 27 0
20 9 43 27 0
9 20 28 42 0
20 9 28 42 0
9 20 42 28 0
20 9 42 28 0
9 20 29 41 0
20 9 29 41 0
9 20 41 29 0
20 9 41 29 0
10 19 26 44 0
19 10 26 44 0
10 19 44 26 0
19 10 44 26 0
10 19 27 43 0
19 10 27 43 0
10 19 43 27 0
19 10 43 27 0
10 19 28 42 0
19 10 28 42 0
10 19 42 28 0
19 10 42 28 0
10 19 29 41 0
19 10 29 41 0
10 19 41 29 0
19 10 41 29 0
11 18 26 44 0
18 11 26 44 0
11 18 44 26 0
18 11 44 26 0
11 18 27 43 0
18 11 27 43 0
11 18 43 27 0
18 11 43 27 0
11 18 28 42 0
18 11 28 42 0
11 18 42 28 0
18 11 42 28 0
11 18 29 41 0
18 11 29 41 0
11 18 41 29 0
18 11 41 29 0
12 17 26 44 0
17 12 26 44 0
12 17 44 26 0
17 12 44 26 0
12 17 27 43 0
17 12 27 43 0
12 17 43 27 0
17 12 43 27 0
12 17 28 42 0
17 12 28 42 0
12 17 42 28 0
17 12 42 28 0
12 17 29 41 1
17 12 29 41 1
12 17 41 29 1
17 12 41 29 1
12 17 30 40 2
17 12 30 40 2
12 17 40 30 2
17 12 40 30 2
12 17 31 39 4
17 12 31 39 4
12 17 39 31 4
17 12 39 31 4
12 17 32 38 6
17 12 32 38 6
12 17 38 32 6
17 12 38 32 6
12 17 33 37 8
17 12 33 37 8
12 17 37 33 8
17 12 37 33 8
12 17 34 36 9
17 12 34 36 9
12 17 36 34 9
17 12 36 34 9
12 17 35 35 10
17 12 35 35 10
10 19 24 46 0
19 10 24 46 0
10 19 46 24 0
19 10 46 24 0
10 19 25 45 0
19 10 25 45 0
10 19 45 25 0
19 10 45 25 0
11 18 24 46 0
18 11 24 46 0
11 18 46 24 0
18 11 46 24 0
11 18 25 45 0
18 11 25 45 0
11 18 45 25 0
18 11 45 25 0
12 17 24 46 0
17 12 24 46 0
12 17 46 24 0
17 12 46 24 0
12 17 25 45 0
17 12 25 45 0
12 17 45 25 0
17 12 45 25 0
13 16 24 46 0
16 13 24 46 0
13 16 46 24 0
16 13 46 24 0
13 16 25 45 0
16 13 25 45 0
13 16 45 25 0
16 13 45 25 0
13 16 26 44 0
16 13 26 44 0
13 16 44 26 0
16 13 44 26 0
13 16 27 43 1
16 13 27 43 1
13 16 43 27 1
16 13 43 27 1
13 16 28 42 3
16 13 28 42 3
13 16 42 28 3
16 13 42 28 3
13 16 29 41 7
16 13 29 41 7
13 16 41 29 7
16 13 41 29 7
13 16 30 40 12
16 13 30 40 12
13 16 40 30 12
16 13 40 30 12
13 16 31 39 19
16 13 31 39 19
13 16 39 31 19
16 13 39 31 19
13 16 32 38 26
16 13 32 38 26
13 16 38 32 26
16 13 38 32 26
13 16 33 37 32
16 13 33 37 32
13 16 37 33 32
16 13 37 33 32
13 16 34 36 36
16 13 34 36 36
13 16 36 34 36
16 13 36 34 36
13 16 35 35 38
16 13 35 35 38
14 15 24 46 0
15 14 24 46 0
14 15 46 24 0
15 14 46 24 0
14 15 25 45 0
15 14 25 45 0
14 15 45 25 0
15 14 45 25 0
14 15 26 44 0
15 14 26 44 0
14 15 44 26 0
15 14 44 26 0
14 15 27 43 2
15 14 27 43 2
14 15 43 27 2
15 14 43 27 2
14 15 28 42 6
15 14 28 42 6
14 15 42 28 6
15 14 42 28 6
14 15 29 41 13
15 14 29 41 13
14 15 41 29 13
15 14 41 29 13
14 15 30 40 22
15 14 30 40 22
14 15 40 30 22
15 14 40 30 22
14 15 31 39 34
15 14 31 39 34
14 15 39 31 34
15 14 39 31 34
14 15 32 38 46
15 14 32 38 46
14 15 38 32 46
15 14 38 32 46
14 15 33 37 56
15 14 33 37 56
14 15 37 33 56
15 14 37 33 56
14 15 34 36 63
15 14 34 36 63
14 15 36 34 63
15 14 36 34 63
14 15 35 35 66
15 14 35 35 66
11 18 23 47 0
18 11 23 47 0
11 18 47 23 0
18 11 47 23 0
12 17 23 47 0
17 12 23 47 0
12 17 47 23 0
17 12 47 23 0
13 16 23 47 0
16 13 23 47 0
13 16 47 23 0
16 13 47 23 0
14 15 23 47 0
15 14 23 47 0
14 15 47 23 0
15 14 47 23 0
12 17 22 48 0
17 12 22 48 0
12 17 48 22 0
17 12 48 22 0
13 16 22 48 0
16 13 22 48 0
13 16 48 22 0
16 13 48 22 0
14 15 22 48 0
15 14 22 48 0
14 15 48 22 0
15 14 48 22 0
