12 21 33 47 0
21 12 33 47 0
12 21 47 33 0
21 12 47 33 0
12 21 34 46 0
21 12 34 46 0
12 21 46 34 0
21 12 46 34 0
12 21 35 45 0
21 12 35 45 0
12 21 45 35 0
21 12 45 35 0
12 21 36 44 0
21 12 36 44 0
12 21 44 36 0
21 12 44 36 0
12 21 37 43 0
21 12 37 43 0
12 21 43 37 0
21 12 43 37 0
12 21 38 42 0
21 12 38 42 0
12 21 42 38 0
21 12 42 38 0
13 20 33 47 0
20 13 33 47 0
13 20 47 33 0
20 13 47 33 0
13 20 34 46 0
20 13 34 46 0
13 20 46 34 0
20 13 46 34 0
13 20 35 45 0
20 13 35 45 0
13 20 45 35 0
20 13 45 35 0
13 20 36 44 0
20 13 36 44 0
13 20 44 36 0
20 13 44 36 0
13 20 37 43 0
20 13 37 43 0
13 20 43 37 0
20 13 43 37 0
13 20 38 42 0
20 13 38 42 0
13 20 42 38 0
20 13 42 38 0
14 19 33 47 0
19 14 33 47 0
14 19 47 33 0
19 14 47 33 0
14 19 34 46 0
19 14 34 46 0
14 19 46 34 0
19 14 46 34 0
14 19 35 45 0
19 14 35 45 0
14 19 45 35 0
19 14 45 35 0
14 19 36 44 0
19 14 36 44 0
14 19 44 36 0
19 14 44 36 0
14 19 37 43 0
19 14 37 43 0
14 19 43 37 0
19 14 43 37 0
14 19 38 42 0
19 14 38 42 0
14 19 42 38 0
19 14 42 38 0
15 18 33 47 0
18 15 33 47 0
15 18 47 33 0
18 15 47 33 0
15 18 34 46 0
18 15 34 46 0
15 18 46 34 0
18 15 46 34 0
15 18 35 45 0
18 15 35 45 0
15 18 45 35 0
18 15 45 35 0
15 18 36 44 0
18 15 36 44 0
15 18 44 36 0
18 15 44 36 0
15 18 37 43 0
18 15 37 43 0
15 18 43 37 0
18 15 43 37 0
15 18 38 42 0
18 15 38 42 0
15 18 42 38 0
18 15 42 38 0
12 21 39 41 0
21 12 39 41 0
12 21 41 39 0
21 12 41 39 0
13 20 39 41 0
20 13 39 41 0
13 20 41 39 0
20 13 41 39 0
14 19 39 41 0
19 14 39 41 0
14 19 41 39 0
19 14 41 39 0
15 18 39 41 0
18 15 39 41 0
15 18 41 39 0
18 15 41 39 0
12 21 40 40 0
21 12 40 40 0
13 20 40 40 0
20 13 40 40 0
14 19 40 40 0
19 14 40 40 0
15 18 40 40 0
18 15 40 40 0
13 20 31 49 0
20 13 31 49 0
13 20 49 31 0
20 13 49 31 0
13 20 32 48 0
20 13 32 48 0
13 20 48 32 0
20 13 48 32 0
14 19 31 49 0
19 14 31 49 0
14 19 49 31 0
19 14 49 31 0
14 19 32 48 0
19 14 32 48 0
14 19 48 32 0
19 14 48 32 0
15 18 31 49 0
18 15 31 49 0
15 18 49 31 0
18 15 49 31 0
15 18 32 48 0
18 15 32 48 0
15 18 48 32 0
18 15 48 32 0
16 17 31 49 0
17 16 31 49 0
16 17 49 31 0
17 16 49 31 0
16 17 32 48 0
17 16 32 48 0
16 17 48 32 0
17 16 48 32 0
16 17 33 47 0
17 16 33 47 0
16 17 47 33 0
17 16 47 33 0
16 17 34 46 0
17 16 34 46 0
16 17 46 34 0
17 16 46 34 0
16 17 35 45 0
17 16 35 45 0
16 17 45 35 0
17 16 45 35 0
16 17 36 44 1
17 16 36 44 1
16 17 44 36 1
17 16 44 36 1
16 17 37 43 1
17 16 37 43 1
16 17 43 37 1
17 16 43 37 1
16 17 38 42 1
17 16 38 42 1
16 17 42 38 1
17 16 42 38 1
16 17 39 41 1
17 16 39 41 1
16 17 41 39 1
17 16 41 39 1
16 17 40 40 1
17 16 40 40 1
15 18 30 50 0
18 15 30 50 0
15 18 50 30 0
18 15 50 30 0
16 17 30 50 0
17 16 30 50 0
16 17 50 30 0
17 16 50 30 0
