16 21 40 50 0
21 16 40 50 0
16 21 50 40 0
21 16 50 40 0
16 21 41 49 0
21 16 41 49 0
16 21 49 41 0
21 16 49 41 0
16 21 42 48 0
21 16 42 48 0
16 21 48 42 0
21 16 48 42 0
16 21 43 47 0
21 16 43 47 0
16 21 47 43 0
21 16 47 43 0
16 21 44 46 0
21 16 44 46 0
16 21 46 44 0
21 16 46 44 0
16 21 45 45 0
21 16 45 45 0
17 20 40 50 0
20 17 40 50 0
17 20 50 40 0
20 17 50 40 0
17 20 41 49 0
20 17 41 49 0
17 20 49 41 0
20 17 49 41 0
17 20 42 48 0
20 17 42 48 0
17 20 48 42 0
20 17 48 42 0
17 20 43 47 0
20 17 43 47 0
17 20 47 43 0
20 17 47 43 0
17 20 44 46 0
20 17 44 46 0
17 20 46 44 0
20 17 46 44 0
17 20 45 45 0
20 17 45 45 0
18 19 40 50 0
19 18 40 50 0
18 19 50 40 0
19 18 50 40 0
18 19 41 49 0
19 18 41 49 0
18 19 49 41 0
19 18 49 41 0
18 19 42 48 0
19 18 42 48 0
18 19 48 42 0
19 18 48 42 0
18 19 43 47 0
19 18 43 47 0
18 19 47 43 0
19 18 47 43 0
18 19 44 46 0
19 18 44 46 0
18 19 46 44 0
19 18 46 44 0
18 19 45 45 0
19 18 45 45 0
