14 21 36 49 0
21 14 36 49 0
14 21 49 36 0
21 14 49 36 0
14 21 37 48 0
21 14 37 48 0
14 21 48 37 0
21 14 48 37 0
14 21 38 47 0
21 14 38 47 0
14 21 47 38 0
21 14 47 38 0
14 21 39 46 0
21 14 39 46 0
14 21 46 39 0
21 14 46 39 0
14 21 40 45 0
21 14 40 45 0
14 21 45 40 0
21 14 45 40 0
14 21 41 44 0
21 14 41 44 0
14 21 44 41 0
21 14 44 41 0
15 20 36 49 0
20 15 36 49 0
15 20 49 36 0
20 15 49 36 0
15 20 37 48 0
20 15 37 48 0
15 20 48 37 0
20 15 48 37 0
15 20 38 47 0
20 15 38 47 0
15 20 47 38 0
20 15 47 38 0
15 20 39 46 0
20 15 39 46 0
15 20 46 39 0
20 15 46 39 0
15 20 40 45 0
20 15 40 45 0
15 20 45 40 0
20 15 45 40 0
15 20 41 44 0
20 15 41 44 0
15 20 44 41 0
20 15 44 41 0
16 19 36 49 0
19 16 36 49 0
16 19 49 36 0
19 16 49 36 0
16 19 37 48 0
19 16 37 48 0
16 19 48 37 0
19 16 48 37 0
16 19 38 47 0
19 16 38 47 0
16 19 47 38 0
19 16 47 38 0
16 19 39 46 0
19 16 39 46 0
16 19 46 39 0
19 16 46 39 0
16 19 40 45 0
19 16 40 45 0
16 19 45 40 0
19 16 45 40 0
16 19 41 44 0
19 16 41 44 0
16 19 44 41 0
19 16 44 41 0
17 18 36 49 0
18 17 36 49 0
17 18 49 36 0
18 17 49 36 0
17 18 37 48 0
18 17 37 48 0
17 18 48 37 0
18 17 48 37 0
17 18 38 47 0
18 17 38 47 0
17 18 47 38 0
18 17 47 38 0
17 18 39 46 0
18 17 39 46 0
17 18 46 39 0
18 17 46 39 0
17 18 40 45 0
18 17 40 45 0
17 18 45 40 0
18 17 45 40 0
17 18 41 44 0
18 17 41 44 0
17 18 44 41 0
18 17 44 41 0
14 21 42 43 0
21 14 42 43 0
14 21 43 42 0
21 14 43 42 0
15 20 42 43 0
20 15 42 43 0
15 20 43 42 0
20 15 43 42 0
16 19 42 43 0
19 16 42 43 0
16 19 43 42 0
19 16 43 42 0
17 18 42 43 0
18 17 42 43 0
17 18 43 42 0
18 17 43 42 0
15 20 35 50 0
20 15 35 50 0
15 20 50 35 0
20 15 50 35 0
16 19 35 50 0
19 16 35 50 0
16 19 50 35 0
19 16 50 35 0
17 18 35 50 0
18 17 35 50 0
17 18 50 35 0
18 17 50 35 0
