4 19 21 34 0
19 4 21 34 0
4 19 34 21 0
19 4 34 21 0
4 19 22 33 0
19 4 22 33 0
4 19 33 22 0
19 4 33 22 0
4 19 23 32 0
19 4 23 32 0
4 19 32 23 0
19 4 32 23 0
4 19 24 31 0
19 4 24 31 0
4 19 31 24 0
19 4 31 24 0
4 19 25 30 0
19 4 25 30 0
4 19 30 25 0
19 4 30 25 0
4 19 26 29 0
19 4 26 29 0
4 19 29 26 0
19 4 29 26 0
5 18 21 34 0
18 5 21 34 0
5 18 34 21 0
18 5 34 21 0
5 18 22 33 0
18 5 22 33 0
5 18 33 22 0
18 5 33 22 0
5 18 23 32 0
18 5 23 32 0
5 18 32 23 0
18 5 32 23 0
5 18 24 31 0
18 5 24 31 0
5 18 31 24 0
18 5 31 24 0
5 18 25 30 0
18 5 25 30 0
5 18 30 25 0
18 5 30 25 0
5 18 26 29 0
18 5 26 29 0
5 18 29 26 0
18 5 29 26 0
6 17 21 34 0
17 6 21 34 0
6 17 34 21 0
17 6 34 21 0
6 17 22 33 0
17 6 22 33 0
6 17 33 22 0
17 6 33 22 0
6 17 23 32 0
17 6 23 32 0
6 17 32 23 0
17 6 32 23 0
6 17 24 31 0
17 6 24 31 0
6 17 31 24 0
17 6 31 24 0
6 17 25 30 0
17 6 25 30 0
6 17 30 25 0
17 6 30 25 0
6 17 26 29 1
17 6 26 29 1
6 17 29 26 1
17 6 29 26 1
7 16 21 34 1
16 7 21 34 1
7 16 34 21 1
16 7 34 21 1
7 16 22 33 3
16 7 22 33 3
7 16 33 22 3
16 7 33 22 3
7 16 23 32 6
16 7 23 32 6
7 16 32 23 6
16 7 32 23 6
7 16 24 31 10
16 7 24 31 10
7 16 31 24 10
16 7 31 24 10
7 16 25 30 15
16 7 25 30 15
7 16 30 25 15
16 7 30 25 15
7 16 26 29 20
16 7 26 29 20
7 16 29 26 20
16 7 29 26 20
4 19 27 28 0
19 4 27 28 0
4 19 28 27 0
19 4 28 27 0
5 18 27 28 0
18 5 27 28 0
5 18 28 27 0
18 5 28 27 0
6 17 27 28 1
17 6 27 28 1
6 17 28 27 1
17 6 28 27 1
7 16 27 28 22
16 7 27 28 22
7 16 28 27 22
16 7 28 27 22
5 18 18 37 0
18 5 18 37 0
5 18 37 18 0
18 5 37 18 0
5 18 19 36 0
18 5 19 36 0
5 18 36 19 0
18 5 36 19 0
5 18 20 35 0
18 5 20 35 0
5 18 35 20 0
18 5 35 20 0
6 17 18 37 0
17 6 18 37 0
6 17 37 18 0
17 6 37 18 0
6 17 19 36 0
17 6 19 36 0
6 17 36 19 0
17 6 36 19 0
6 17 20 35 0
17 6 20 35 0
6 17 35 20 0
17 6 35 20 0
7 16 18 37 0
16 7 18 37 0
7 16 37 18 0
16 7 37 18 0
7 16 19 36 0
16 7 19 36 0
7 16 36 19 0
16 7 36 19 0
7 16 20 35 0
16 7 20 35 0
7 16 35 20 0
16 7 35 20 0
8 15 18 37 1
15 8 18 37 1
8 15 37 18 1
15 8 37 18 1
8 15 19 36 3
15 8 19 36 3
8 15 36 19 3
15 8 36 19 3
8 15 20 35 8
15 8 20 35 8
8 15 35 20 8
15 8 35 20 8
8 15 21 34 17
15 8 21 34 17
8 15 34 21 17
15 8 34 21 17
8 15 22 33 33
15 8 22 33 33
8 15 33 22 33
15 8 33 22 33
8 15 23 32 54
15 8 23 32 54
8 15 32 23 54
15 8 32 23 54
8 15 24 31 80
15 8 24 31 80
8 15 31 24 80
15 8 31 24 80
8 15 25 30 107
15 8 25 30 107
8 15 30 25 107
15 8 30 25 107
8 15 26 29 130
15 8 26 29 130
8 15 29 26 130
15 8 29 26 130
8 15 27 28 142
15 8 27 28 142
8 15 28 27 142
15 8 28 27 142
6 17 17 38 0
17 6 17 38 0
6 17 38 17 0
17 6 38 17 0
7 16 17 38 0
16 7 17 38 0
7 16 38 17 0
16 7 38 17 0
8 15 17 38 0
15 8 17 38 0
8 15 38 17 0
15 8 38 17 0
9 14 17 38 1
14 9 17 38 1
9 14 38 17 1
14 9 38 17 1
9 14 18 37 5
14 9 18 37 5
9 14 37 18 5
14 9 37 18 5
9 14 19 36 15
14 9 19 36 15
9 14 36 19 15
14 9 36 19 15
9 14 20 35 36
14 9 20 35 36
9 14 35 20 36
14 9 35 20 36
9 14 21 34 71
14 9 21 34 71
9 14 34 21 71
14 9 34 21 71
9 14 22 33 125
14 9 22 33 125
9 14 33 22 125
14 9 33 22 125
9 14 23 32 195
14 9 23 32 195
9 14 32 23 195
14 9 32 23 195
9 14 24 31 275
14 9 24 31 275
9 14 31 24 275
14 9 31 24 275
9 14 25 30 354
14 9 25 30 354
9 14 30 25 354
14 9 30 25 354
9 14 26 29 419
14 9 26 29 419
9 14 29 26 419
14 9 29 26 419
9 14 27 28 454
14 9 27 28 454
9 14 28 27 454
14 9 28 27 454
10 13 18 37 17
13 10 18 37 17
10 13 37 18 17
13 10 37 18 17
10 13 19 36 43
13 10 19 36 43
10 13 36 19 43
13 10 36 19 43
10 13 20 35 93
13 10 20 35 93
10 13 35 20 93
13 10 35 20 93
10 13 21 34 172
13 10 21 34 172
10 13 34 21 172
13 10 34 21 172
10 13 22 33 287
13 10 22 33 287
10 13 33 22 287
13 10 33 22 287
10 13 23 32 431
13 10 23 32 431
10 13 32 23 431
13 10 32 23 431
10 13 24 31 592
13 10 24 31 592
10 13 31 24 592
13 10 31 24 592
10 13 25 30 747
13 10 25 30 747
10 13 30 25 747
13 10 30 25 747
10 13 26 29 872
13 10 26 29 872
10 13 29 26 872
13 10 29 26 872
10 13 27 28 940
13 10 27 28 940
10 13 28 27 940
13 10 28 27 940
11 12 21 34 258
12 11 21 34 258
11 12 34 21 258
12 11 34 21 258
11 12 22 33 422
12 11 22 33 422
11 12 33 22 422
12 11 33 22 422
11 12 23 32 625
12 11 23 32 625
11 12 32 23 625
12 11 32 23 625
11 12 24 31 849
12 11 24 31 849
11 12 31 24 849
12 11 31 24 849
11 12 25 30 1063
12 11 25 30 1063
11 12 30 25 1063
12 11 30 25 1063
11 12 26 29 1234
12 11 26 29 1234
11 12 29 26 1234
12 11 29 26 1234
11 12 27 28 1327
12 11 27 28 1327
11 12 28 27 1327
12 11 28 27 1327
6 17 16 39 0
17 6 16 39 0
6 17 39 16 0
17 6 39 16 0
7 16 16 39 0
16 7 16 39 0
7 16 39 16 0
16 7 39 16 0
8 15 16 39 0
15 8 16 39 0
8 15 39 16 0
15 8 39 16 0
9 14 16 39 0
14 9 16 39 0
9 14 39 16 0
14 9 39 16 0
7 16 14 41 0
16 7 14 41 0
7 16 41 14 0
16 7 41 14 0
7 16 15 40 0
16 7 15 40 0
7 16 40 15 0
16 7 40 15 0
8 15 14 41 0
15 8 14 41 0
8 15 41 14 0
15 8 41 14 0
8 15 15 40 0
15 8 15 40 0
8 15 40 15 0
15 8 40 15 0
9 14 14 41 0
14 9 14 41 0
9 14 41 14 0
14 9 41 14 0
9 14 15 40 0
14 9 15 40 0
9 14 40 15 0
14 9 40 15 0
10 13 14 41 0
13 10 14 41 0
10 13 41 14 0
13 10 41 14 0
10 13 15 40 0
13 10 15 40 0
10 13 40 15 0
13 10 40 15 0
10 13 16 39 1
13 10 16 39 1
10 13 39 16 1
13 10 39 16 1
10 13 17 38 5
13 10 17 38 5
10 13 38 17 5
13 10 38 17 5
11 12 14 41 0
12 11 14 41 0
11 12 41 14 0
12 11 41 14 0
11 12 15 40 0
12 11 15 40 0
11 12 40 15 0
12 11 40 15 0
11 12 16 39 2
12 11 16 39 2
11 12 39 16 2
12 11 39 16 2
11 12 17 38 9
12 11 17 38 9
11 12 38 17 9
12 11 38 17 9
11 12 18 37 28
12 11 18 37 28
11 12 37 18 28
12 11 37 18 28
11 12 19 36 68
12 11 19 36 68
11 12 36 19 68
12 11 36 19 68
11 12 20 35 142
12 11 20 35 142
11 12 35 20 142
12 11 35 20 142
8 15 13 42 0
15 8 13 42 0
8 15 42 13 0
15 8 42 13 0
9 14 13 42 0
14 9 13 42 0
9 14 42 13 0
14 9 42 13 0
10 13 13 42 0
13 10 13 42 0
10 13 42 13 0
13 10 42 13 0
11 12 13 42 0
12 11 13 42 0
11 12 42 13 0
12 11 42 13 0
9 14 12 43 0
14 9 12 43 0
9 14 43 12 0
14 9 43 12 0
10 13 12 43 0
13 10 12 43 0
10 13 43 12 0
13 10 43 12 0
11 12 12 43 0
12 11 12 43 0
11 12 43 12 0
12 11 43 12 0
