1 16 15 27 0
16 1 15 27 0
1 16 27 15 0
16 1 27 15 0
1 16 16 26 0
16 1 16 26 0
1 16 26 16 0
16 1 26 16 0
1 16 17 25 0
16 1 17 25 0
1 16 25 17 0
16 1 25 17 0
1 16 18 24 0
16 1 18 24 0
1 16 24 18 0
16 1 24 18 0
1 16 19 23 0
16 1 19 23 0
1 16 23 19 0
16 1 23 19 0
1 16 20 22 0
16 1 20 22 0
1 16 22 20 0
16 1 22 20 0
1 16 21 21 0
16 1 21 21 0
2 15 15 27 0
15 2 15 27 0
2 15 27 15 0
15 2 27 15 0
2 15 16 26 0
15 2 16 26 0
2 15 26 16 0
15 2 26 16 0
2 15 17 25 0
15 2 17 25 0
2 15 25 17 0
15 2 25 17 0
2 15 18 24 0
15 2 18 24 0
2 15 24 18 0
15 2 24 18 0
2 15 19 23 0
15 2 19 23 0
2 15 23 19 0
15 2 23 19 0
2 15 20 22 0
15 2 20 22 0
2 15 22 20 0
15 2 22 20 0
2 15 21 21 0
15 2 21 21 0
3 14 15 27 0
14 3 15 27 0
3 14 27 15 0
14 3 27 15 0
3 14 16 26 1
14 3 16 26 1
3 14 26 16 1
14 3 26 16 1
3 14 17 25 2
14 3 17 25 2
3 14 25 17 2
14 3 25 17 2
3 14 18 24 3
14 3 18 24 3
3 14 24 18 3
14 3 24 18 3
3 14 19 23 5
14 3 19 23 5
3 14 23 19 5
14 3 23 19 5
3 14 20 22 6
14 3 20 22 6
3 14 22 20 6
14 3 22 20 6
3 14 21 21 6
14 3 21 21 6
4 13 15 27 4
13 4 15 27 4
4 13 27 15 4
13 4 27 15 4
4 13 16 26 10
13 4 16 26 10
4 13 26 16 10
13 4 26 16 10
4 13 17 25 18
13 4 17 25 18
4 13 25 17 18
13 4 25 17 18
4 13 18 24 28
13 4 18 24 28
4 13 24 18 28
13 4 24 18 28
4 13 19 23 39
13 4 19 23 39
4 13 23 19 39
13 4 23 19 39
4 13 20 22 46
13 4 20 22 46
4 13 22 20 46
13 4 22 20 46
4 13 21 21 48
13 4 21 21 48
5 12 15 27 28
12 5 15 27 28
5 12 27 15 28
12 5 27 15 28
5 12 16 26 54
12 5 16 26 54
5 12 26 16 54
12 5 26 16 54
5 12 17 25 88
12 5 17 25 88
5 12 25 17 88
12 5 25 17 88
5 12 18 24 127
12 5 18 24 127
5 12 24 18 127
12 5 24 18 127
5 12 19 23 165
12 5 19 23 165
5 12 23 19 165
12 5 23 19 165
5 12 20 22 191
12 5 20 22 191
5 12 22 20 191
12 5 22 20 191
5 12 21 21 200
12 5 21 21 200
2 15 11 31 0
15 2 11 31 0
2 15 31 11 0
15 2 31 11 0
2 15 12 30 0
15 2 12 30 0
2 15 30 12 0
15 2 30 12 0
2 15 13 29 0
15 2 13 29 0
2 15 29 13 0
15 2 29 13 0
2 15 14 28 0
15 2 14 28 0
2 15 28 14 0
15 2 28 14 0
3 14 11 31 0
14 3 11 31 0
3 14 31 11 0
14 3 31 11 0
3 14 12 30 0
14 3 12 30 0
3 14 30 12 0
14 3 30 12 0
3 14 13 29 0
14 3 13 29 0
3 14 29 13 0
14 3 29 13 0
3 14 14 28 0
14 3 14 28 0
3 14 28 14 0
14 3 28 14 0
4 13 11 31 0
13 4 11 31 0
4 13 31 11 0
13 4 31 11 0
4 13 12 30 0
13 4 12 30 0
4 13 30 12 0
13 4 30 12 0
4 13 13 29 0
13 4 13 29 0
4 13 29 13 0
13 4 29 13 0
4 13 14 28 1
13 4 14 28 1
4 13 28 14 1
13 4 28 14 1
5 12 11 31 0
12 5 11 31 0
5 12 31 11 0
12 5 31 11 0
5 12 12 30 1
12 5 12 30 1
5 12 30 12 1
12 5 30 12 1
5 12 13 29 4
12 5 13 29 4
5 12 29 13 4
12 5 29 13 4
5 12 14 28 12
12 5 14 28 12
5 12 28 14 12
12 5 28 14 12
3 14 10 32 0
14 3 10 32 0
3 14 32 10 0
14 3 32 10 0
4 13 10 32 0
13 4 10 32 0
4 13 32 10 0
13 4 32 10 0
5 12 10 32 0
12 5 10 32 0
5 12 32 10 0
12 5 32 10 0
6 11 10 32 0
11 6 10 32 0
6 11 32 10 0
11 6 32 10 0
6 11 11 31 1
11 6 11 31 1
6 11 31 11 1
11 6 31 11 1
6 11 12 30 6
11 6 12 30 6
6 11 30 12 6
11 6 30 12 6
6 11 13 29 19
11 6 13 29 19
6 11 29 13 19
11 6 29 13 19
6 11 14 28 46
11 6 14 28 46
6 11 28 14 46
11 6 28 14 46
6 11 15 27 93
11 6 15 27 93
6 11 27 15 93
11 6 27 15 93
6 11 16 26 164
11 6 16 26 164
6 11 26 16 164
11 6 26 16 164
6 11 17 25 253
11 6 17 25 253
6 11 25 17 253
11 6 25 17 253
6 11 18 24 350
11 6 18 24 350
6 11 24 18 350
11 6 24 18 350
6 11 19 23 441
11 6 19 23 441
6 11 23 19 441
11 6 23 19 441
6 11 20 22 504
11 6 20 22 504
6 11 22 20 504
11 6 22 20 504
6 11 21 21 526
11 6 21 21 526
7 10 11 31 5
10 7 11 31 5
7 10 31 11 5
10 7 31 11 5
7 10 12 30 18
10 7 12 30 18
7 10 30 12 18
10 7 30 12 18
7 10 13 29 48
10 7 13 29 48
7 10 29 13 48
10 7 29 13 48
7 10 14 28 105
10 7 14 28 105
7 10 28 14 105
10 7 28 14 105
7 10 15 27 198
10 7 15 27 198
7 10 27 15 198
10 7 27 15 198
7 10 16 26 331
10 7 16 26 331
7 10 26 16 331
10 7 26 16 331
7 10 17 25 494
10 7 17 25 494
7 10 25 17 494
10 7 25 17 494
7 10 18 24 668
10 7 18 24 668
7 10 24 18 668
10 7 24 18 668
7 10 19 23 827
10 7 19 23 827
7 10 23 19 827
10 7 23 19 827
7 10 20 22 937
10 7 20 22 937
7 10 22 20 937
10 7 22 20 937
7 10 21 21 976
10 7 21 21 976
3 14 9 33 0
14 3 9 33 0
3 14 33 9 0
14 3 33 9 0
4 13 9 33 0
13 4 9 33 0
4 13 33 9 0
13 4 33 9 0
5 12 9 33 0
12 5 9 33 0
5 12 33 9 0
12 5 33 9 0
6 11 9 33 0
11 6 9 33 0
6 11 33 9 0
11 6 33 9 0
4 13 7 35 0
13 4 7 35 0
4 13 35 7 0
13 4 35 7 0
4 13 8 34 0
13 4 8 34 0
4 13 34 8 0
13 4 34 8 0
5 12 7 35 0
12 5 7 35 0
5 12 35 7 0
12 5 35 7 0
5 12 8 34 0
12 5 8 34 0
5 12 34 8 0
12 5 34 8 0
6 11 7 35 0
11 6 7 35 0
6 11 35 7 0
11 6 35 7 0
6 11 8 34 0
11 6 8 34 0
6 11 34 8 0
11 6 34 8 0
7 10 7 35 0
10 7 7 35 0
7 10 35 7 0
10 7 35 7 0
7 10 8 34 0
10 7 8 34 0
7 10 34 8 0
10 7 34 8 0
7 10 9 33 0
10 7 9 33 0
7 10 33 9 0
10 7 33 9 0
7 10 10 32 1
10 7 10 32 1
7 10 32 10 1
10 7 32 10 1
8 9 7 35 0
9 8 7 35 0
8 9 35 7 0
9 8 35 7 0
8 9 8 34 0
9 8 8 34 0
8 9 34 8 0
9 8 34 8 0
8 9 9 33 0
9 8 9 33 0
8 9 33 9 0
9 8 33 9 0
8 9 10 32 2
9 8 10 32 2
8 9 32 10 2
9 8 32 10 2
8 9 11 31 9
9 8 11 31 9
8 9 31 11 9
9 8 31 11 9
8 9 12 30 29
9 8 12 30 29
8 9 30 12 29
9 8 30 12 29
8 9 13 29 73
9 8 13 29 73
8 9 29 13 73
9 8 29 13 73
8 9 14 28 154
9 8 14 28 154
8 9 28 14 154
9 8 28 14 154
8 9 15 27 283
9 8 15 27 283
8 9 27 15 283
9 8 27 15 283
8 9 16 26 463
9 8 16 26 463
8 9 26 16 463
9 8 26 16 463
8 9 17 25 681
9 8 17 25 681
8 9 25 17 681
9 8 25 17 681
8 9 18 24 912
9 8 18 24 912
8 9 24 18 912
9 8 24 18 912
8 9 19 23 1121
9 8 19 23 1121
8 9 23 19 1121
9 8 23 19 1121
8 9 20 22 1265
9 8 20 22 1265
8 9 22 20 1265
9 8 22 20 1265
8 9 21 21 1316
9 8 21 21 1316
5 12 6 36 0
12 5 6 36 0
5 12 36 6 0
12 5 36 6 0
6 11 6 36 0
11 6 6 36 0
6 11 36 6 0
11 6 36 6 0
7 10 6 36 0
10 7 6 36 0
7 10 36 6 0
10 7 36 6 0
8 9 6 36 0
9 8 6 36 0
8 9 36 6 0
9 8 36 6 0
6 11 5 37 0
11 6 5 37 0
6 11 37 5 0
11 6 37 5 0
7 10 5 37 0
10 7 5 37 0
7 10 37 5 0
10 7 37 5 0
8 9 5 37 0
9 8 5 37 0
8 9 37 5 0
9 8 37 5 0
