0 13 10 22 0
13 0 10 22 0
0 13 22 10 0
13 0 22 10 0
0 13 11 21 0
13 0 11 21 0
0 13 21 11 0
13 0 21 11 0
0 13 12 20 0
13 0 12 20 0
0 13 20 12 0
13 0 20 12 0
0 13 13 19 0
13 0 13 19 0
0 13 19 13 0
13 0 19 13 0
0 13 14 18 0
13 0 14 18 0
0 13 18 14 0
13 0 18 14 0
0 13 15 17 0
13 0 15 17 0
0 13 17 15 0
13 0 17 15 0
0 13 16 16 0
13 0 16 16 0
1 12 10 22 0
12 1 10 22 0
1 12 22 10 0
12 1 22 10 0
1 12 11 21 0
12 1 11 21 0
1 12 21 11 0
12 1 21 11 0
1 12 12 20 0
12 1 12 20 0
1 12 20 12 0
12 1 20 12 0
1 12 13 19 1
12 1 13 19 1
1 12 19 13 1
12 1 19 13 1
1 12 14 18 2
12 1 14 18 2
1 12 18 14 2
12 1 18 14 2
1 12 15 17 2
12 1 15 17 2
1 12 17 15 2
12 1 17 15 2
1 12 16 16 2
12 1 16 16 2
2 11 10 22 1
11 2 10 22 1
2 11 22 10 1
11 2 22 10 1
2 11 11 21 2
11 2 11 21 2
2 11 21 11 2
11 2 21 11 2
2 11 12 20 4
11 2 12 20 4
2 11 20 12 4
11 2 20 12 4
2 11 13 19 8
11 2 13 19 8
2 11 19 13 8
11 2 19 13 8
2 11 14 18 13
11 2 14 18 13
2 11 18 14 13
11 2 18 14 13
2 11 15 17 15
11 2 15 17 15
2 11 17 15 15
11 2 17 15 15
2 11 16 16 16
11 2 16 16 16
3 10 10 22 5
10 3 10 22 5
3 10 22 10 5
10 3 22 10 5
3 10 11 21 11
10 3 11 21 11
3 10 21 11 11
10 3 21 11 11
3 10 12 20 20
10 3 12 20 20
3 10 20 12 20
10 3 20 12 20
3 10 13 19 32
10 3 13 19 32
3 10 19 13 32
10 3 19 13 32
3 10 14 18 45
10 3 14 18 45
3 10 18 14 45
10 3 18 14 45
3 10 15 17 53
10 3 15 17 53
3 10 17 15 53
10 3 17 15 53
3 10 16 16 56
10 3 16 16 56
1 12 6 26 0
12 1 6 26 0
1 12 26 6 0
12 1 26 6 0
1 12 7 25 0
12 1 7 25 0
1 12 25 7 0
12 1 25 7 0
1 12 8 24 0
12 1 8 24 0
1 12 24 8 0
12 1 24 8 0
1 12 9 23 0
12 1 9 23 0
1 12 23 9 0
12 1 23 9 0
2 11 6 26 0
11 2 6 26 0
2 11 26 6 0
11 2 26 6 0
2 11 7 25 0
11 2 7 25 0
2 11 25 7 0
11 2 25 7 0
2 11 8 24 0
11 2 8 24 0
2 11 24 8 0
11 2 24 8 0
2 11 9 23 0
11 2 9 23 0
2 11 23 9 0
11 2 23 9 0
3 10 6 26 0
10 3 6 26 0
3 10 26 6 0
10 3 26 6 0
3 10 7 25 0
10 3 7 25 0
3 10 25 7 0
10 3 25 7 0
3 10 8 24 0
10 3 8 24 0
3 10 24 8 0
10 3 24 8 0
3 10 9 23 1
10 3 9 23 1
3 10 23 9 1
10 3 23 9 1
4 9 6 26 0
9 4 6 26 0
4 9 26 6 0
9 4 26 6 0
4 9 7 25 1
9 4 7 25 1
4 9 25 7 1
9 4 25 7 1
4 9 8 24 3
9 4 8 24 3
4 9 24 8 3
9 4 24 8 3
4 9 9 23 8
9 4 9 23 8
4 9 23 9 8
9 4 23 9 8
4 9 10 22 19
9 4 10 22 19
4 9 22 10 19
9 4 22 10 19
4 9 11 21 36
9 4 11 21 36
4 9 21 11 36
9 4 21 11 36
4 9 12 20 59
9 4 12 20 59
4 9 20 12 59
9 4 20 12 59
4 9 13 19 86
9 4 13 19 86
4 9 19 13 86
9 4 19 13 86
4 9 14 18 113
9 4 14 18 113
4 9 18 14 113
9 4 18 14 113
4 9 15 17 131
9 4 15 17 131
4 9 17 15 131
9 4 17 15 131
4 9 16 16 138
9 4 16 16 138
5 8 6 26 0
8 5 6 26 0
5 8 26 6 0
8 5 26 6 0
5 8 7 25 2
8 5 7 25 2
5 8 25 7 2
8 5 25 7 2
5 8 8 24 7
8 5 8 24 7
5 8 24 8 7
8 5 24 8 7
5 8 9 23 18
8 5 9 23 18
5 8 23 9 18
8 5 23 9 18
5 8 10 22 39
8 5 10 22 39
5 8 22 10 39
8 5 22 10 39
5 8 11 21 70
8 5 11 21 70
5 8 21 11 70
8 5 21 11 70
5 8 12 20 110
8 5 12 20 110
5 8 20 12 110
8 5 20 12 110
5 8 13 19 155
8 5 13 19 155
5 8 19 13 155
8 5 19 13 155
5 8 14 18 198
8 5 14 18 198
5 8 18 14 198
8 5 18 14 198
5 8 15 17 227
8 5 15 17 227
5 8 17 15 227
8 5 17 15 227
5 8 16 16 238
8 5 16 16 238
2 11 4 28 0
11 2 4 28 0
2 11 28 4 0
11 2 28 4 0
2 11 5 27 0
11 2 5 27 0
2 11 27 5 0
11 2 27 5 0
3 10 4 28 0
10 3 4 28 0
3 10 28 4 0
10 3 28 4 0
3 10 5 27 0
10 3 5 27 0
3 10 27 5 0
10 3 27 5 0
4 9 4 28 0
9 4 4 28 0
4 9 28 4 0
9 4 28 4 0
4 9 5 27 0
9 4 5 27 0
4 9 27 5 0
9 4 27 5 0
5 8 4 28 0
8 5 4 28 0
5 8 28 4 0
8 5 28 4 0
5 8 5 27 0
8 5 5 27 0
5 8 27 5 0
8 5 27 5 0
3 10 3 29 0
10 3 3 29 0
3 10 29 3 0
10 3 29 3 0
4 9 3 29 0
9 4 3 29 0
4 9 29 3 0
9 4 29 3 0
5 8 3 29 0
8 5 3 29 0
5 8 29 3 0
8 5 29 3 0
6 7 3 29 0
7 6 3 29 0
6 7 29 3 0
7 6 29 3 0
6 7 4 28 0
7 6 4 28 0
6 7 28 4 0
7 6 28 4 0
6 7 5 27 0
7 6 5 27 0
6 7 27 5 0
7 6 27 5 0
6 7 6 26 1
7 6 6 26 1
6 7 26 6 1
7 6 26 6 1
6 7 7 25 4
7 6 7 25 4
6 7 25 7 4
7 6 25 7 4
6 7 8 24 12
7 6 8 24 12
6 7 24 8 12
7 6 24 8 12
6 7 9 23 28
7 6 9 23 28
6 7 23 9 28
7 6 23 9 28
6 7 10 22 57
7 6 10 22 57
6 7 22 10 57
7 6 22 10 57
6 7 11 21 98
7 6 11 21 98
6 7 21 11 98
7 6 21 11 98
6 7 12 20 151
7 6 12 20 151
6 7 20 12 151
7 6 20 12 151
6 7 13 19 209
7 6 13 19 209
6 7 19 13 209
7 6 19 13 209
6 7 14 18 264
7 6 14 18 264
6 7 18 14 264
7 6 18 14 264
6 7 15 17 300
7 6 15 17 300
6 7 17 15 300
7 6 17 15 300
6 7 16 16 314
7 6 16 16 314
4 9 2 30 0
9 4 2 30 0
4 9 30 2 0
9 4 30 2 0
5 8 2 30 0
8 5 2 30 0
5 8 30 2 0
8 5 30 2 0
6 7 2 30 0
7 6 2 30 0
6 7 30 2 0
7 6 30 2 0
