3 18 18 34 0
18 3 18 34 0
3 18 34 18 0
18 3 34 18 0
3 18 19 33 0
18 3 19 33 0
3 18 33 19 0
18 3 33 19 0
3 18 20 32 0
18 3 20 32 0
3 18 32 20 0
18 3 32 20 0
3 18 21 31 0
18 3 21 31 0
3 18 31 21 0
18 3 31 21 0
3 18 22 30 0
18 3 22 30 0
3 18 30 22 0
18 3 30 22 0
3 18 23 29 0
18 3 23 29 0
3 18 29 23 0
18 3 29 23 0
3 18 24 28 0
18 3 24 28 0
3 18 28 24 0
18 3 28 24 0
3 18 25 27 0
18 3 25 27 0
3 18 27 25 0
18 3 27 25 0
4 17 18 34 0
17 4 18 34 0
4 17 34 18 0
17 4 34 18 0
4 17 19 33 0
17 4 19 33 0
4 17 33 19 0
17 4 33 19 0
4 17 20 32 0
17 4 20 32 0
4 17 32 20 0
17 4 32 20 0
4 17 21 31 0
17 4 21 31 0
4 17 31 21 0
17 4 31 21 0
4 17 22 30 0
17 4 22 30 0
4 17 30 22 0
17 4 30 22 0
4 17 23 29 0
17 4 23 29 0
4 17 29 23 0
17 4 29 23 0
4 17 24 28 0
17 4 24 28 0
4 17 28 24 0
17 4 28 24 0
4 17 25 27 0
17 4 25 27 0
4 17 27 25 0
17 4 27 25 0
5 16 18 34 0
16 5 18 34 0
5 16 34 18 0
16 5 34 18 0
5 16 19 33 0
16 5 19 33 0
5 16 33 19 0
16 5 33 19 0
5 16 20 32 0
16 5 20 32 0
5 16 32 20 0
16 5 32 20 0
5 16 21 31 0
16 5 21 31 0
5 16 31 21 0
16 5 31 21 0
5 16 22 30 0
16 5 22 30 0
5 16 30 22 0
16 5 30 22 0
5 16 23 29 1
16 5 23 29 1
5 16 29 23 1
16 5 29 23 1
5 16 24 28 2
16 5 24 28 2
5 16 28 24 2
16 5 28 24 2
5 16 25 27 2
16 5 25 27 2
5 16 27 25 2
16 5 27 25 2
6 15 18 34 0
15 6 18 34 0
6 15 34 18 0
15 6 34 18 0
6 15 19 33 1
15 6 19 33 1
6 15 33 19 1
15 6 33 19 1
6 15 20 32 3
15 6 20 32 3
6 15 32 20 3
15 6 32 20 3
6 15 21 31 7
15 6 21 31 7
6 15 31 21 7
15 6 31 21 7
6 15 22 30 12
15 6 22 30 12
6 15 30 22 12
15 6 30 22 12
6 15 23 29 20
15 6 23 29 20
6 15 29 23 20
15 6 29 23 20
6 15 24 28 28
15 6 24 28 28
6 15 28 24 28
15 6 28 24 28
6 15 25 27 33
15 6 25 27 33
6 15 27 25 33
15 6 27 25 33
3 18 26 26 0
18 3 26 26 0
4 17 26 26 0
17 4 26 26 0
5 16 26 26 2
16 5 26 26 2
6 15 26 26 34
15 6 26 26 34
4 17 16 36 0
17 4 16 36 0
4 17 36 16 0
17 4 36 16 0
4 17 17 35 0
17 4 17 35 0
4 17 35 17 0
17 4 35 17 0
5 16 16 36 0
16 5 16 36 0
5 16 36 16 0
16 5 36 16 0
5 16 17 35 0
16 5 17 35 0
5 16 35 17 0
16 5 35 17 0
6 15 16 36 0
15 6 16 36 0
6 15 36 16 0
15 6 36 16 0
6 15 17 35 0
15 6 17 35 0
6 15 35 17 0
15 6 35 17 0
7 14 16 36 0
14 7 16 36 0
7 14 36 16 0
14 7 36 16 0
7 14 17 35 1
14 7 17 35 1
7 14 35 17 1
14 7 35 17 1
7 14 18 34 3
14 7 18 34 3
7 14 34 18 3
14 7 34 18 3
7 14 19 33 10
14 7 19 33 10
7 14 33 19 10
14 7 33 19 10
7 14 20 32 24
14 7 20 32 24
7 14 32 20 24
14 7 32 20 24
7 14 21 31 46
14 7 21 31 46
7 14 31 21 46
14 7 31 21 46
7 14 22 30 75
14 7 22 30 75
7 14 30 22 75
14 7 30 22 75
7 14 23 29 110
14 7 23 29 110
7 14 29 23 110
14 7 29 23 110
7 14 24 28 143
14 7 24 28 143
7 14 28 24 143
14 7 28 24 143
7 14 25 27 166
14 7 25 27 166
7 14 27 25 166
14 7 27 25 166
7 14 26 26 174
14 7 26 26 174
8 13 16 36 1
13 8 16 36 1
8 13 36 16 1
13 8 36 16 1
8 13 17 35 6
13 8 17 35 6
8 13 35 17 6
13 8 35 17 6
8 13 18 34 18
13 8 18 34 18
8 13 34 18 18
13 8 34 18 18
8 13 19 33 44
13 8 19 33 44
8 13 33 19 44
13 8 33 19 44
8 13 20 32 90
13 8 20 32 90
8 13 32 20 90
13 8 32 20 90
8 13 21 31 158
13 8 21 31 158
8 13 31 21 158
13 8 31 21 158
8 13 22 30 244
13 8 22 30 244
8 13 30 22 244
13 8 30 22 244
8 13 23 29 340
13 8 23 29 340
8 13 29 23 340
13 8 29 23 340
8 13 24 28 428
13 8 24 28 428
8 13 28 24 428
13 8 28 24 428
8 13 25 27 490
13 8 25 27 490
8 13 27 25 490
13 8 27 25 490
8 13 26 26 512
13 8 26 26 512
9 12 18 34 48
12 9 18 34 48
9 12 34 18 48
12 9 34 18 48
9 12 19 33 106
12 9 19 33 106
9 12 33 19 106
12 9 33 19 106
9 12 20 32 201
12 9 20 32 201
9 12 32 20 201
12 9 32 20 201
9 12 21 31 337
12 9 21 31 337
9 12 31 21 337
12 9 31 21 337
9 12 22 30 504
12 9 22 30 504
9 12 30 22 504
12 9 30 22 504
9 12 23 29 684
12 9 23 29 684
9 12 29 23 684
12 9 29 23 684
9 12 24 28 848
12 9 24 28 848
9 12 28 24 848
12 9 28 24 848
9 12 25 27 962
12 9 25 27 962
9 12 27 25 962
12 9 27 25 962
9 12 26 26 1002
12 9 26 26 1002
5 16 13 39 0
16 5 13 39 0
5 16 39 13 0
16 5 39 13 0
5 16 14 38 0
16 5 14 38 0
5 16 38 14 0
16 5 38 14 0
5 16 15 37 0
16 5 15 37 0
5 16 37 15 0
16 5 37 15 0
6 15 13 39 0
15 6 13 39 0
6 15 39 13 0
15 6 39 13 0
6 15 14 38 0
15 6 14 38 0
6 15 38 14 0
15 6 38 14 0
6 15 15 37 0
15 6 15 37 0
6 15 37 15 0
15 6 37 15 0
7 14 13 39 0
14 7 13 39 0
7 14 39 13 0
14 7 39 13 0
7 14 14 38 0
14 7 14 38 0
7 14 38 14 0
14 7 38 14 0
7 14 15 37 0
14 7 15 37 0
7 14 37 15 0
14 7 37 15 0
8 13 13 39 0
13 8 13 39 0
8 13 39 13 0
13 8 39 13 0
8 13 14 38 0
13 8 14 38 0
8 13 38 14 0
13 8 38 14 0
8 13 15 37 0
13 8 15 37 0
8 13 37 15 0
13 8 37 15 0
6 15 12 40 0
15 6 12 40 0
6 15 40 12 0
15 6 40 12 0
7 14 12 40 0
14 7 12 40 0
7 14 40 12 0
14 7 40 12 0
8 13 12 40 0
13 8 12 40 0
8 13 40 12 0
13 8 40 12 0
9 12 12 40 0
12 9 12 40 0
9 12 40 12 0
12 9 40 12 0
9 12 13 39 0
12 9 13 39 0
9 12 39 13 0
12 9 39 13 0
9 12 14 38 0
12 9 14 38 0
9 12 38 14 0
12 9 38 14 0
9 12 15 37 1
12 9 15 37 1
9 12 37 15 1
12 9 37 15 1
9 12 16 36 5
12 9 16 36 5
9 12 36 16 5
12 9 36 16 5
9 12 17 35 18
12 9 17 35 18
9 12 35 17 18
12 9 35 17 18
10 11 13 39 0
11 10 13 39 0
10 11 39 13 0
11 10 39 13 0
10 11 14 38 0
11 10 14 38 0
10 11 38 14 0
11 10 38 14 0
10 11 15 37 2
11 10 15 37 2
10 11 37 15 2
11 10 37 15 2
10 11 16 36 9
11 10 16 36 9
10 11 36 16 9
11 10 36 16 9
10 11 17 35 30
11 10 17 35 30
10 11 35 17 30
11 10 35 17 30
10 11 18 34 75
11 10 18 34 75
10 11 34 18 75
11 10 34 18 75
10 11 19 33 160
11 10 19 33 160
10 11 33 19 160
11 10 33 19 160
10 11 20 32 295
11 10 20 32 295
10 11 32 20 295
11 10 32 20 295
10 11 21 31 484
11 10 21 31 484
10 11 31 21 484
11 10 31 21 484
10 11 22 30 713
11 10 22 30 713
10 11 30 22 713
11 10 30 22 713
10 11 23 29 959
11 10 23 29 959
10 11 29 23 959
11 10 29 23 959
10 11 24 28 1179
11 10 24 28 1179
10 11 28 24 1179
11 10 28 24 1179
10 11 25 27 1332
11 10 25 27 1332
10 11 27 25 1332
11 10 27 25 1332
10 11 26 26 1386
11 10 26 26 1386
7 14 10 42 0
14 7 10 42 0
7 14 42 10 0
14 7 42 10 0
7 14 11 41 0
14 7 11 41 0
7 14 41 11 0
14 7 41 11 0
8 13 10 42 0
13 8 10 42 0
8 13 42 10 0
13 8 42 10 0
8 13 11 41 0
13 8 11 41 0
8 13 41 11 0
13 8 41 11 0
9 12 10 42 0
12 9 10 42 0
9 12 42 10 0
12 9 42 10 0
9 12 11 41 0
12 9 11 41 0
9 12 41 11 0
12 9 41 11 0
10 11 10 42 0
11 10 10 42 0
10 11 42 10 0
11 10 42 10 0
10 11 11 41 0
11 10 11 41 0
10 11 41 11 0
11 10 41 11 0
10 11 12 40 0
11 10 12 40 0
10 11 40 12 0
11 10 40 12 0
9 12 9 43 0
12 9 9 43 0
9 12 43 9 0
12 9 43 9 0
10 11 9 43 0
11 10 9 43 0
10 11 43 9 0
11 10 43 9 0
