0 7 3 14 0
7 0 3 14 0
0 7 14 3 0
7 0 14 3 0
0 7 4 13 0
7 0 4 13 0
0 7 13 4 0
7 0 13 4 0
0 7 5 12 0
7 0 5 12 0
0 7 12 5 0
7 0 12 5 0
1 6 3 14 1
6 1 3 14 1
1 6 14 3 1
6 1 14 3 1
1 6 4 13 2
6 1 4 13 2
1 6 13 4 2
6 1 13 4 2
1 6 5 12 4
6 1 5 12 4
1 6 12 5 4
6 1 12 5 4
0 7 6 11 0
7 0 6 11 0
0 7 11 6 0
7 0 11 6 0
1 6 6 11 6
6 1 6 11 6
1 6 11 6 6
6 1 11 6 6
0 7 7 10 0
7 0 7 10 0
0 7 10 7 0
7 0 10 7 0
1 6 7 10 8
6 1 7 10 8
1 6 10 7 8
6 1 10 7 8
0 7 8 9 0
7 0 8 9 0
0 7 9 8 0
7 0 9 8 0
1 6 8 9 9
6 1 8 9 9
1 6 9 8 9
6 1 9 8 9
1 6 1 16 0
6 1 1 16 0
1 6 16 1 0
6 1 16 1 0
1 6 2 15 0
6 1 2 15 0
1 6 15 2 0
6 1 15 2 0
2 5 1 16 0
5 2 1 16 0
2 5 16 1 0
5 2 16 1 0
2 5 2 15 1
5 2 2 15 1
2 5 15 2 1
5 2 15 2 1
2 5 3 14 4
5 2 3 14 4
2 5 14 3 4
5 2 14 3 4
2 5 4 13 8
5 2 4 13 8
2 5 13 4 8
5 2 13 4 8
2 5 5 12 14
5 2 5 12 14
2 5 12 5 14
5 2 12 5 14
2 5 6 11 21
5 2 6 11 21
2 5 11 6 21
5 2 11 6 21
2 5 7 10 27
5 2 7 10 27
2 5 10 7 27
5 2 10 7 27
2 5 8 9 30
5 2 8 9 30
2 5 9 8 30
5 2 9 8 30
3 4 1 16 0
4 3 1 16 0
3 4 16 1 0
4 3 16 1 0
3 4 2 15 2
4 3 2 15 2
3 4 15 2 2
4 3 15 2 2
3 4 3 14 7
4 3 3 14 7
3 4 14 3 7
4 3 14 3 7
3 4 4 13 14
4 3 4 13 14
3 4 13 4 14
4 3 13 4 14
3 4 5 12 24
4 3 5 12 24
3 4 12 5 24
4 3 12 5 24
3 4 6 11 36
4 3 6 11 36
3 4 11 6 36
4 3 11 6 36
3 4 7 10 46
4 3 7 10 46
3 4 10 7 46
4 3 10 7 46
3 4 8 9 51
4 3 8 9 51
3 4 9 8 51
4 3 9 8 51
3 4 0 17 0
4 3 0 17 0
3 4 17 0 0
4 3 17 0 0
