2 17 16 31 0
17 2 16 31 0
2 17 31 16 0
17 2 31 16 0
2 17 17 30 0
17 2 17 30 0
2 17 30 17 0
17 2 30 17 0
2 17 18 29 0
17 2 18 29 0
2 17 29 18 0
17 2 29 18 0
2 17 19 28 0
17 2 19 28 0
2 17 28 19 0
17 2 28 19 0
2 17 20 27 0
17 2 20 27 0
2 17 27 20 0
17 2 27 20 0
2 17 21 26 0
17 2 21 26 0
2 17 26 21 0
17 2 26 21 0
2 17 22 25 0
17 2 22 25 0
2 17 25 22 0
17 2 25 22 0
2 17 23 24 0
17 2 23 24 0
2 17 24 23 0
17 2 24 23 0
3 16 16 31 0
16 3 16 31 0
3 16 31 16 0
16 3 31 16 0
3 16 17 30 0
16 3 17 30 0
3 16 30 17 0
16 3 30 17 0
3 16 18 29 0
16 3 18 29 0
3 16 29 18 0
16 3 29 18 0
3 16 19 28 0
16 3 19 28 0
3 16 28 19 0
16 3 28 19 0
3 16 20 27 0
16 3 20 27 0
3 16 27 20 0
16 3 27 20 0
3 16 21 26 0
16 3 21 26 0
3 16 26 21 0
16 3 26 21 0
3 16 22 25 0
16 3 22 25 0
3 16 25 22 0
16 3 25 22 0
3 16 23 24 0
16 3 23 24 0
3 16 24 23 0
16 3 24 23 0
4 15 16 31 0
15 4 16 31 0
4 15 31 16 0
15 4 31 16 0
4 15 17 30 0
15 4 17 30 0
4 15 30 17 0
15 4 30 17 0
4 15 18 29 0
15 4 18 29 0
4 15 29 18 0
15 4 29 18 0
4 15 19 28 1
15 4 19 28 1
4 15 28 19 1
15 4 28 19 1
4 15 20 27 2
15 4 20 27 2
4 15 27 20 2
15 4 27 20 2
4 15 21 26 3
15 4 21 26 3
4 15 26 21 3
15 4 26 21 3
4 15 22 25 4
15 4 22 25 4
4 15 25 22 4
15 4 25 22 4
4 15 23 24 5
15 4 23 24 5
4 15 24 23 5
15 4 24 23 5
5 14 16 31 1
14 5 16 31 1
5 14 31 16 1
14 5 31 16 1
5 14 17 30 3
14 5 17 30 3
5 14 30 17 3
14 5 30 17 3
5 14 18 29 7
14 5 18 29 7
5 14 29 18 7
14 5 29 18 7
5 14 19 28 15
14 5 19 28 15
5 14 28 19 15
14 5 28 19 15
5 14 20 27 25
14 5 20 27 25
5 14 27 20 25
14 5 27 20 25
5 14 21 26 35
14 5 21 26 35
5 14 26 21 35
14 5 26 21 35
5 14 22 25 44
14 5 22 25 44
5 14 25 22 44
14 5 25 22 44
5 14 23 24 50
14 5 23 24 50
5 14 24 23 50
14 5 24 23 50
3 16 15 32 0
16 3 15 32 0
3 16 32 15 0
16 3 32 15 0
4 15 15 32 0
15 4 15 32 0
4 15 32 15 0
15 4 32 15 0
5 14 15 32 0
14 5 15 32 0
5 14 32 15 0
14 5 32 15 0
6 13 15 32 2
13 6 15 32 2
6 13 32 15 2
13 6 32 15 2
6 13 16 31 8
13 6 16 31 8
6 13 31 16 8
13 6 31 16 8
6 13 17 30 21
13 6 17 30 21
6 13 30 17 21
13 6 30 17 21
6 13 18 29 43
13 6 18 29 43
6 13 29 18 43
13 6 29 18 43
6 13 19 28 77
13 6 19 28 77
6 13 28 19 77
13 6 28 19 77
6 13 20 27 118
13 6 20 27 118
6 13 27 20 118
13 6 27 20 118
6 13 21 26 160
13 6 21 26 160
6 13 26 21 160
13 6 26 21 160
6 13 22 25 195
13 6 22 25 195
6 13 25 22 195
13 6 25 22 195
6 13 23 24 216
13 6 23 24 216
6 13 24 23 216
13 6 24 23 216
7 12 16 31 37
12 7 16 31 37
7 12 31 16 37
12 7 31 16 37
7 12 17 30 80
12 7 17 30 80
7 12 30 17 80
12 7 30 17 80
7 12 18 29 147
12 7 18 29 147
7 12 29 18 147
12 7 29 18 147
7 12 19 28 240
12 7 19 28 240
7 12 28 19 240
12 7 28 19 240
7 12 20 27 349
12 7 20 27 349
7 12 27 20 349
12 7 27 20 349
7 12 21 26 458
12 7 21 26 458
7 12 26 21 458
12 7 26 21 458
7 12 22 25 547
12 7 22 25 547
7 12 25 22 547
12 7 25 22 547
7 12 23 24 598
12 7 23 24 598
7 12 24 23 598
12 7 24 23 598
3 16 13 34 0
16 3 13 34 0
3 16 34 13 0
16 3 34 13 0
3 16 14 33 0
16 3 14 33 0
3 16 33 14 0
16 3 33 14 0
4 15 13 34 0
15 4 13 34 0
4 15 34 13 0
15 4 34 13 0
4 15 14 33 0
15 4 14 33 0
4 15 33 14 0
15 4 33 14 0
5 14 13 34 0
14 5 13 34 0
5 14 34 13 0
14 5 34 13 0
5 14 14 33 0
14 5 14 33 0
5 14 33 14 0
14 5 33 14 0
6 13 13 34 0
13 6 13 34 0
6 13 34 13 0
13 6 34 13 0
6 13 14 33 0
13 6 14 33 0
6 13 33 14 0
13 6 33 14 0
4 15 11 36 0
15 4 11 36 0
4 15 36 11 0
15 4 36 11 0
4 15 12 35 0
15 4 12 35 0
4 15 35 12 0
15 4 35 12 0
5 14 11 36 0
14 5 11 36 0
5 14 36 11 0
14 5 36 11 0
5 14 12 35 0
14 5 12 35 0
5 14 35 12 0
14 5 35 12 0
6 13 11 36 0
13 6 11 36 0
6 13 36 11 0
13 6 36 11 0
6 13 12 35 0
13 6 12 35 0
6 13 35 12 0
13 6 35 12 0
7 12 11 36 0
12 7 11 36 0
7 12 36 11 0
12 7 36 11 0
7 12 12 35 0
12 7 12 35 0
7 12 35 12 0
12 7 35 12 0
7 12 13 34 1
12 7 13 34 1
7 12 34 13 1
12 7 34 13 1
7 12 14 33 4
12 7 14 33 4
7 12 33 14 4
12 7 33 14 4
7 12 15 32 14
12 7 15 32 14
7 12 32 15 14
12 7 32 15 14
8 11 11 36 0
11 8 11 36 0
8 11 36 11 0
11 8 36 11 0
8 11 12 35 0
11 8 12 35 0
8 11 35 12 0
11 8 35 12 0
8 11 13 34 3
11 8 13 34 3
8 11 34 13 3
11 8 34 13 3
8 11 14 33 12
11 8 14 33 12
8 11 33 14 12
11 8 33 14 12
8 11 15 32 36
11 8 15 32 36
8 11 32 15 36
11 8 32 15 36
8 11 16 31 86
11 8 16 31 86
8 11 31 16 86
11 8 31 16 86
8 11 17 30 174
11 8 17 30 174
8 11 30 17 174
11 8 30 17 174
8 11 18 29 305
11 8 18 29 305
8 11 29 18 305
11 8 29 18 305
8 11 19 28 480
11 8 19 28 480
8 11 28 19 480
11 8 28 19 480
8 11 20 27 680
11 8 20 27 680
8 11 27 20 680
11 8 27 20 680
8 11 21 26 877
11 8 21 26 877
8 11 26 21 877
11 8 26 21 877
8 11 22 25 1036
11 8 22 25 1036
8 11 25 22 1036
11 8 25 22 1036
8 11 23 24 1126
11 8 23 24 1126
8 11 24 23 1126
11 8 24 23 1126
9 10 13 34 6
10 9 13 34 6
9 10 34 13 6
10 9 34 13 6
9 10 14 33 21
10 9 14 33 21
9 10 33 14 21
10 9 33 14 21
9 10 15 32 58
10 9 15 32 58
9 10 32 15 58
10 9 32 15 58
9 10 16 31 131
10 9 16 31 131
9 10 31 16 131
10 9 31 16 131
9 10 17 30 255
10 9 17 30 255
9 10 30 17 255
10 9 30 17 255
9 10 18 29 437
10 9 18 29 437
9 10 29 18 437
10 9 29 18 437
9 10 19 28 675
10 9 19 28 675
9 10 28 19 675
10 9 28 19 675
9 10 20 27 944
10 9 20 27 944
9 10 27 20 944
10 9 27 20 944
9 10 21 26 1207
10 9 21 26 1207
9 10 26 21 1207
10 9 26 21 1207
9 10 22 25 1418
10 9 22 25 1418
9 10 25 22 1418
10 9 25 22 1418
9 10 23 24 1537
10 9 23 24 1537
9 10 24 23 1537
10 9 24 23 1537
5 14 9 38 0
14 5 9 38 0
5 14 38 9 0
14 5 38 9 0
5 14 10 37 0
14 5 10 37 0
5 14 37 10 0
14 5 37 10 0
6 13 9 38 0
13 6 9 38 0
6 13 38 9 0
13 6 38 9 0
6 13 10 37 0
13 6 10 37 0
6 13 37 10 0
13 6 37 10 0
7 12 9 38 0
12 7 9 38 0
7 12 38 9 0
12 7 38 9 0
7 12 10 37 0
12 7 10 37 0
7 12 37 10 0
12 7 37 10 0
8 11 9 38 0
11 8 9 38 0
8 11 38 9 0
11 8 38 9 0
8 11 10 37 0
11 8 10 37 0
8 11 37 10 0
11 8 37 10 0
6 13 8 39 0
13 6 8 39 0
6 13 39 8 0
13 6 39 8 0
7 12 8 39 0
12 7 8 39 0
7 12 39 8 0
12 7 39 8 0
8 11 8 39 0
11 8 8 39 0
8 11 39 8 0
11 8 39 8 0
9 10 8 39 0
10 9 8 39 0
9 10 39 8 0
10 9 39 8 0
9 10 9 38 0
10 9 9 38 0
9 10 38 9 0
10 9 38 9 0
9 10 10 37 0
10 9 10 37 0
9 10 37 10 0
10 9 37 10 0
9 10 11 36 0
10 9 11 36 0
9 10 36 11 0
10 9 36 11 0
9 10 12 35 1
10 9 12 35 1
9 10 35 12 1
10 9 35 12 1
7 12 7 40 0
12 7 7 40 0
7 12 40 7 0
12 7 40 7 0
8 11 7 40 0
11 8 7 40 0
8 11 40 7 0
11 8 40 7 0
9 10 7 40 0
10 9 7 40 0
9 10 40 7 0
10 9 40 7 0
