0 13 15 17 0
13 0 15 17 0
0 13 17 15 0
13 0 17 15 0
0 13 16 16 0
13 0 16 16 0
1 12 15 17 0
12 1 15 17 0
1 12 17 15 0
12 1 17 15 0
1 12 16 16 0
12 1 16 16 0
1 12 10 22 0
12 1 10 22 0
1 12 22 10 0
12 1 22 10 0
1 12 11 21 0
12 1 11 21 0
1 12 21 11 0
12 1 21 11 0
1 12 12 20 0
12 1 12 20 0
1 12 20 12 0
12 1 20 12 0
2 11 10 22 0
11 2 10 22 0
2 11 22 10 0
11 2 22 10 0
2 11 11 21 0
11 2 11 21 0
2 11 21 11 0
11 2 21 11 0
2 11 12 20 0
11 2 12 20 0
2 11 20 12 0
11 2 20 12 0
1 12 13 19 0
12 1 13 19 0
1 12 19 13 0
12 1 19 13 0
2 11 13 19 0
11 2 13 19 0
2 11 19 13 0
11 2 19 13 0
1 12 14 18 0
12 1 14 18 0
1 12 18 14 0
12 1 18 14 0
2 11 14 18 0
11 2 14 18 0
2 11 18 14 0
11 2 18 14 0
2 11 15 17 0
11 2 15 17 0
2 11 17 15 0
11 2 17 15 0
2 11 16 16 0
11 2 16 16 0
3 10 10 22 0
10 3 10 22 0
3 10 22 10 0
10 3 22 10 0
3 10 11 21 0
10 3 11 21 0
3 10 21 11 0
10 3 21 11 0
3 10 12 20 0
10 3 12 20 0
3 10 20 12 0
10 3 20 12 0
3 10 13 19 0
10 3 13 19 0
3 10 19 13 0
10 3 19 13 0
3 10 14 18 0
10 3 14 18 0
3 10 18 14 0
10 3 18 14 0
3 10 15 17 0
10 3 15 17 0
3 10 17 15 0
10 3 17 15 0
3 10 16 16 0
10 3 16 16 0
2 11 7 25 0
11 2 7 25 0
2 11 25 7 0
11 2 25 7 0
2 11 8 24 0
11 2 8 24 0
2 11 24 8 0
11 2 24 8 0
2 11 9 23 0
11 2 9 23 0
2 11 23 9 0
11 2 23 9 0
3 10 7 25 0
10 3 7 25 0
3 10 25 7 0
10 3 25 7 0
3 10 8 24 0
10 3 8 24 0
3 10 24 8 0
10 3 24 8 0
3 10 9 23 0
10 3 9 23 0
3 10 23 9 0
10 3 23 9 0
3 10 6 26 0
10 3 6 26 0
3 10 26 6 0
10 3 26 6 0
4 9 6 26 0
9 4 6 26 0
4 9 26 6 0
9 4 26 6 0
4 9 7 25 0
9 4 7 25 0
4 9 25 7 0
9 4 25 7 0
4 9 8 24 0
9 4 8 24 0
4 9 24 8 0
9 4 24 8 0
4 9 9 23 0
9 4 9 23 0
4 9 23 9 0
9 4 23 9 0
4 9 10 22 0
9 4 10 22 0
4 9 22 10 0
9 4 22 10 0
4 9 11 21 0
9 4 11 21 0
4 9 21 11 0
9 4 21 11 0
4 9 12 20 0
9 4 12 20 0
4 9 20 12 0
9 4 20 12 0
4 9 13 19 0
9 4 13 19 0
4 9 19 13 0
9 4 19 13 0
4 9 14 18 0
9 4 14 18 0
4 9 18 14 0
9 4 18 14 0
4 9 15 17 0
9 4 15 17 0
4 9 17 15 0
9 4 17 15 0
4 9 16 16 0
9 4 16 16 0
5 8 7 25 0
8 5 7 25 0
5 8 25 7 0
8 5 25 7 0
5 8 8 24 0
8 5 8 24 0
5 8 24 8 0
8 5 24 8 0
5 8 9 23 0
8 5 9 23 0
5 8 23 9 0
8 5 23 9 0
5 8 10 22 0
8 5 10 22 0
5 8 22 10 0
8 5 22 10 0
5 8 11 21 0
8 5 11 21 0
5 8 21 11 0
8 5 21 11 0
5 8 12 20 0
8 5 12 20 0
5 8 20 12 0
8 5 20 12 0
5 8 13 19 0
8 5 13 19 0
5 8 19 13 0
8 5 19 13 0
5 8 14 18 0
8 5 14 18 0
5 8 18 14 0
8 5 18 14 0
5 8 15 17 0
8 5 15 17 0
5 8 17 15 0
8 5 17 15 0
5 8 16 16 0
8 5 16 16 0
4 9 4 28 0
9 4 4 28 0
4 9 28 4 0
9 4 28 4 0
4 9 5 27 0
9 4 5 27 0
4 9 27 5 0
9 4 27 5 0
5 8 4 28 0
8 5 4 28 0
5 8 28 4 0
8 5 28 4 0
5 8 5 27 0
8 5 5 27 0
5 8 27 5 0
8 5 27 5 0
5 8 6 26 0
8 5 6 26 0
5 8 26 6 0
8 5 26 6 0
6 7 4 28 0
7 6 4 28 0
6 7 28 4 0
7 6 28 4 0
6 7 5 27 0
7 6 5 27 0
6 7 27 5 0
7 6 27 5 0
6 7 6 26 0
7 6 6 26 0
6 7 26 6 0
7 6 26 6 0
6 7 7 25 0
7 6 7 25 0
6 7 25 7 0
7 6 25 7 0
6 7 8 24 0
7 6 8 24 0
6 7 24 8 0
7 6 24 8 0
6 7 9 23 0
7 6 9 23 0
6 7 23 9 0
7 6 23 9 0
6 7 10 22 0
7 6 10 22 0
6 7 22 10 0
7 6 22 10 0
6 7 11 21 0
7 6 11 21 0
6 7 21 11 0
7 6 21 11 0
6 7 12 20 0
7 6 12 20 0
6 7 20 12 0
7 6 20 12 0
6 7 13 19 0
7 6 13 19 0
6 7 19 13 0
7 6 19 13 0
6 7 14 18 0
7 6 14 18 0
6 7 18 14 0
7 6 18 14 0
6 7 15 17 0
7 6 15 17 0
6 7 17 15 0
7 6 17 15 0
6 7 16 16 0
7 6 16 16 0
6 7 3 29 0
7 6 3 29 0
6 7 29 3 0
7 6 29 3 0
