0 15 15 22 0
15 0 15 22 0
0 15 22 15 0
15 0 22 15 0
0 15 16 21 0
15 0 16 21 0
0 15 21 16 0
15 0 21 16 0
0 15 17 20 0
15 0 17 20 0
0 15 20 17 0
15 0 20 17 0
0 15 18 19 0
15 0 18 19 0
0 15 19 18 0
15 0 19 18 0
1 14 15 22 0
14 1 15 22 0
1 14 22 15 0
14 1 22 15 0
1 14 16 21 0
14 1 16 21 0
1 14 21 16 0
14 1 21 16 0
1 14 17 20 0
14 1 17 20 0
1 14 20 17 0
14 1 20 17 0
1 14 18 19 0
14 1 18 19 0
1 14 19 18 0
14 1 19 18 0
2 13 15 22 2
13 2 15 22 2
2 13 22 15 2
13 2 22 15 2
2 13 16 21 3
13 2 16 21 3
2 13 21 16 3
13 2 21 16 3
2 13 17 20 4
13 2 17 20 4
2 13 20 17 4
13 2 20 17 4
2 13 18 19 5
13 2 18 19 5
2 13 19 18 5
13 2 19 18 5
3 12 15 22 15
12 3 15 22 15
3 12 22 15 15
12 3 22 15 15
3 12 16 21 22
12 3 16 21 22
3 12 21 16 22
12 3 21 16 22
3 12 17 20 28
12 3 17 20 28
3 12 20 17 28
12 3 20 17 28
3 12 18 19 33
12 3 18 19 33
3 12 19 18 33
12 3 19 18 33
1 14 10 27 0
14 1 10 27 0
1 14 27 10 0
14 1 27 10 0
1 14 11 26 0
14 1 11 26 0
1 14 26 11 0
14 1 26 11 0
1 14 12 25 0
14 1 12 25 0
1 14 25 12 0
14 1 25 12 0
1 14 13 24 0
14 1 13 24 0
1 14 24 13 0
14 1 24 13 0
1 14 14 23 0
14 1 14 23 0
1 14 23 14 0
14 1 23 14 0
2 13 10 27 0
13 2 10 27 0
2 13 27 10 0
13 2 27 10 0
2 13 11 26 0
13 2 11 26 0
2 13 26 11 0
13 2 26 11 0
2 13 12 25 0
13 2 12 25 0
2 13 25 12 0
13 2 25 12 0
2 13 13 24 0
13 2 13 24 0
2 13 24 13 0
13 2 24 13 0
2 13 14 23 1
13 2 14 23 1
2 13 23 14 1
13 2 23 14 1
3 12 10 27 0
12 3 10 27 0
3 12 27 10 0
12 3 27 10 0
3 12 11 26 0
12 3 11 26 0
3 12 26 11 0
12 3 26 11 0
3 12 12 25 1
12 3 12 25 1
3 12 25 12 1
12 3 25 12 1
3 12 13 24 3
12 3 13 24 3
3 12 24 13 3
12 3 24 13 3
3 12 14 23 8
12 3 14 23 8
3 12 23 14 8
12 3 23 14 8
4 11 10 27 1
11 4 10 27 1
4 11 27 10 1
11 4 27 10 1
4 11 11 26 4
11 4 11 26 4
4 11 26 11 4
11 4 26 11 4
4 11 12 25 11
11 4 12 25 11
4 11 25 12 11
11 4 25 12 11
4 11 13 24 23
11 4 13 24 23
4 11 24 13 23
11 4 24 13 23
4 11 14 23 43
11 4 14 23 43
4 11 23 14 43
11 4 23 14 43
4 11 15 22 68
11 4 15 22 68
4 11 22 15 68
11 4 22 15 68
4 11 16 21 94
11 4 16 21 94
4 11 21 16 94
11 4 21 16 94
4 11 17 20 116
11 4 17 20 116
4 11 20 17 116
11 4 20 17 116
4 11 18 19 130
11 4 18 19 130
4 11 19 18 130
11 4 19 18 130
5 10 10 27 5
10 5 10 27 5
5 10 27 10 5
10 5 27 10 5
5 10 11 26 16
10 5 11 26 16
5 10 26 11 16
10 5 26 11 16
5 10 12 25 38
10 5 12 25 38
5 10 25 12 38
10 5 25 12 38
5 10 13 24 73
10 5 13 24 73
5 10 24 13 73
10 5 24 13 73
5 10 14 23 124
10 5 14 23 124
5 10 23 14 124
10 5 23 14 124
5 10 15 22 185
10 5 15 22 185
5 10 22 15 185
10 5 22 15 185
5 10 16 21 247
10 5 16 21 247
5 10 21 16 247
10 5 21 16 247
5 10 17 20 298
10 5 17 20 298
5 10 20 17 298
10 5 20 17 298
5 10 18 19 328
10 5 18 19 328
5 10 19 18 328
10 5 19 18 328
2 13 7 30 0
13 2 7 30 0
2 13 30 7 0
13 2 30 7 0
2 13 8 29 0
13 2 8 29 0
2 13 29 8 0
13 2 29 8 0
2 13 9 28 0
13 2 9 28 0
2 13 28 9 0
13 2 28 9 0
3 12 7 30 0
12 3 7 30 0
3 12 30 7 0
12 3 30 7 0
3 12 8 29 0
12 3 8 29 0
3 12 29 8 0
12 3 29 8 0
3 12 9 28 0
12 3 9 28 0
3 12 28 9 0
12 3 28 9 0
4 11 7 30 0
11 4 7 30 0
4 11 30 7 0
11 4 30 7 0
4 11 8 29 0
11 4 8 29 0
4 11 29 8 0
11 4 29 8 0
4 11 9 28 0
11 4 9 28 0
4 11 28 9 0
11 4 28 9 0
5 10 7 30 0
10 5 7 30 0
5 10 30 7 0
10 5 30 7 0
5 10 8 29 0
10 5 8 29 0
5 10 29 8 0
10 5 29 8 0
5 10 9 28 1
10 5 9 28 1
5 10 28 9 1
10 5 28 9 1
3 12 6 31 0
12 3 6 31 0
3 12 31 6 0
12 3 31 6 0
4 11 6 31 0
11 4 6 31 0
4 11 31 6 0
11 4 31 6 0
5 10 6 31 0
10 5 6 31 0
5 10 31 6 0
10 5 31 6 0
6 9 6 31 0
9 6 6 31 0
6 9 31 6 0
9 6 31 6 0
6 9 7 30 0
9 6 7 30 0
6 9 30 7 0
9 6 30 7 0
6 9 8 29 1
9 6 8 29 1
6 9 29 8 1
9 6 29 8 1
6 9 9 28 5
9 6 9 28 5
6 9 28 9 5
9 6 28 9 5
6 9 10 27 16
9 6 10 27 16
6 9 27 10 16
9 6 27 10 16
6 9 11 26 40
9 6 11 26 40
6 9 26 11 40
9 6 26 11 40
6 9 12 25 85
9 6 12 25 85
6 9 25 12 85
9 6 25 12 85
6 9 13 24 153
9 6 13 24 153
6 9 24 13 153
9 6 24 13 153
6 9 14 23 246
9 6 14 23 246
6 9 23 14 246
9 6 23 14 246
6 9 15 22 355
9 6 15 22 355
6 9 22 15 355
9 6 22 15 355
6 9 16 21 463
9 6 16 21 463
6 9 21 16 463
9 6 21 16 463
6 9 17 20 550
9 6 17 20 550
6 9 20 17 550
9 6 20 17 550
6 9 18 19 601
9 6 18 19 601
6 9 19 18 601
9 6 19 18 601
7 8 7 30 0
8 7 7 30 0
7 8 30 7 0
8 7 30 7 0
7 8 8 29 2
8 7 8 29 2
7 8 29 8 2
8 7 29 8 2
7 8 9 28 8
8 7 9 28 8
7 8 28 9 8
8 7 28 9 8
7 8 10 27 25
8 7 10 27 25
7 8 27 10 25
8 7 27 10 25
7 8 11 26 60
8 7 11 26 60
7 8 26 11 60
8 7 26 11 60
7 8 12 25 122
8 7 12 25 122
7 8 25 12 122
8 7 25 12 122
7 8 13 24 215
8 7 13 24 215
7 8 24 13 215
8 7 24 13 215
7 8 14 23 340
8 7 14 23 340
7 8 23 14 340
8 7 23 14 340
7 8 15 22 483
8 7 15 22 483
7 8 22 15 483
8 7 22 15 483
7 8 16 21 624
8 7 16 21 624
7 8 21 16 624
8 7 21 16 624
7 8 17 20 738
8 7 17 20 738
7 8 20 17 738
8 7 20 17 738
7 8 18 19 803
8 7 18 19 803
7 8 19 18 803
8 7 19 18 803
4 11 4 33 0
11 4 4 33 0
4 11 33 4 0
11 4 33 4 0
4 11 5 32 0
11 4 5 32 0
4 11 32 5 0
11 4 32 5 0
5 10 4 33 0
10 5 4 33 0
5 10 33 4 0
10 5 33 4 0
5 10 5 32 0
10 5 5 32 0
5 10 32 5 0
10 5 32 5 0
6 9 4 33 0
9 6 4 33 0
6 9 33 4 0
9 6 33 4 0
6 9 5 32 0
9 6 5 32 0
6 9 32 5 0
9 6 32 5 0
7 8 4 33 0
8 7 4 33 0
7 8 33 4 0
8 7 33 4 0
7 8 5 32 0
8 7 5 32 0
7 8 32 5 0
8 7 32 5 0
7 8 6 31 0
8 7 6 31 0
7 8 31 6 0
8 7 31 6 0
6 9 3 34 0
9 6 3 34 0
6 9 34 3 0
9 6 34 3 0
7 8 3 34 0
8 7 3 34 0
7 8 34 3 0
8 7 34 3 0
