4 19 21 36 0
19 4 21 36 0
4 19 36 21 0
19 4 36 21 0
4 19 22 35 0
19 4 22 35 0
4 19 35 22 0
19 4 35 22 0
4 19 23 34 0
19 4 23 34 0
4 19 34 23 0
19 4 34 23 0
4 19 24 33 0
19 4 24 33 0
4 19 33 24 0
19 4 33 24 0
4 19 25 32 0
19 4 25 32 0
4 19 32 25 0
19 4 32 25 0
4 19 26 31 0
19 4 26 31 0
4 19 31 26 0
19 4 31 26 0
4 19 27 30 0
19 4 27 30 0
4 19 30 27 0
19 4 30 27 0
4 19 28 29 0
19 4 28 29 0
4 19 29 28 0
19 4 29 28 0
5 18 21 36 0
18 5 21 36 0
5 18 36 21 0
18 5 36 21 0
5 18 22 35 0
18 5 22 35 0
5 18 35 22 0
18 5 35 22 0
5 18 23 34 0
18 5 23 34 0
5 18 34 23 0
18 5 34 23 0
5 18 24 33 0
18 5 24 33 0
5 18 33 24 0
18 5 33 24 0
5 18 25 32 0
18 5 25 32 0
5 18 32 25 0
18 5 32 25 0
5 18 26 31 0
18 5 26 31 0
5 18 31 26 0
18 5 31 26 0
5 18 27 30 0
18 5 27 30 0
5 18 30 27 0
18 5 30 27 0
5 18 28 29 0
18 5 28 29 0
5 18 29 28 0
18 5 29 28 0
6 17 21 36 0
17 6 21 36 0
6 17 36 21 0
17 6 36 21 0
6 17 22 35 0
17 6 22 35 0
6 17 35 22 0
17 6 35 22 0
6 17 23 34 0
17 6 23 34 0
6 17 34 23 0
17 6 34 23 0
6 17 24 33 0
17 6 24 33 0
6 17 33 24 0
17 6 33 24 0
6 17 25 32 0
17 6 25 32 0
6 17 32 25 0
17 6 32 25 0
6 17 26 31 0
17 6 26 31 0
6 17 31 26 0
17 6 31 26 0
6 17 27 30 0
17 6 27 30 0
6 17 30 27 0
17 6 30 27 0
6 17 28 29 1
17 6 28 29 1
6 17 29 28 1
17 6 29 28 1
7 16 21 36 0
16 7 21 36 0
7 16 36 21 0
16 7 36 21 0
7 16 22 35 0
16 7 22 35 0
7 16 35 22 0
16 7 35 22 0
7 16 23 34 1
16 7 23 34 1
7 16 34 23 1
16 7 34 23 1
7 16 24 33 3
16 7 24 33 3
7 16 33 24 3
16 7 33 24 3
7 16 25 32 6
16 7 25 32 6
7 16 32 25 6
16 7 32 25 6
7 16 26 31 9
16 7 26 31 9
7 16 31 26 9
16 7 31 26 9
7 16 27 30 12
16 7 27 30 12
7 16 30 27 12
16 7 30 27 12
7 16 28 29 15
16 7 28 29 15
7 16 29 28 15
16 7 29 28 15
5 18 18 39 0
18 5 18 39 0
5 18 39 18 0
18 5 39 18 0
5 18 19 38 0
18 5 19 38 0
5 18 38 19 0
18 5 38 19 0
5 18 20 37 0
18 5 20 37 0
5 18 37 20 0
18 5 37 20 0
6 17 18 39 0
17 6 18 39 0
6 17 39 18 0
17 6 39 18 0
6 17 19 38 0
17 6 19 38 0
6 17 38 19 0
17 6 38 19 0
6 17 20 37 0
17 6 20 37 0
6 17 37 20 0
17 6 37 20 0
7 16 18 39 0
16 7 18 39 0
7 16 39 18 0
16 7 39 18 0
7 16 19 38 0
16 7 19 38 0
7 16 38 19 0
16 7 38 19 0
7 16 20 37 0
16 7 20 37 0
7 16 37 20 0
16 7 37 20 0
8 15 18 39 0
15 8 18 39 0
8 15 39 18 0
15 8 39 18 0
8 15 19 38 0
15 8 19 38 0
8 15 38 19 0
15 8 38 19 0
8 15 20 37 1
15 8 20 37 1
8 15 37 20 1
15 8 37 20 1
8 15 21 36 3
15 8 21 36 3
8 15 36 21 3
15 8 36 21 3
8 15 22 35 8
15 8 22 35 8
8 15 35 22 8
15 8 35 22 8
8 15 23 34 17
15 8 23 34 17
8 15 34 23 17
15 8 34 23 17
8 15 24 33 32
15 8 24 33 32
8 15 33 24 32
15 8 33 24 32
8 15 25 32 51
15 8 25 32 51
8 15 32 25 51
15 8 32 25 51
8 15 26 31 71
15 8 26 31 71
8 15 31 26 71
15 8 31 26 71
8 15 27 30 88
15 8 27 30 88
8 15 30 27 88
15 8 30 27 88
8 15 28 29 99
15 8 28 29 99
8 15 29 28 99
15 8 29 28 99
6 17 17 40 0
17 6 17 40 0
6 17 40 17 0
17 6 40 17 0
7 16 17 40 0
16 7 17 40 0
7 16 40 17 0
16 7 40 17 0
8 15 17 40 0
15 8 17 40 0
8 15 40 17 0
15 8 40 17 0
9 14 17 40 0
14 9 17 40 0
9 14 40 17 0
14 9 40 17 0
9 14 18 39 0
14 9 18 39 0
9 14 39 18 0
14 9 39 18 0
9 14 19 38 1
14 9 19 38 1
9 14 38 19 1
14 9 38 19 1
9 14 20 37 5
14 9 20 37 5
9 14 37 20 5
14 9 37 20 5
9 14 21 36 15
14 9 21 36 15
9 14 36 21 15
14 9 36 21 15
9 14 22 35 36
14 9 22 35 36
9 14 35 22 36
14 9 35 22 36
9 14 23 34 70
14 9 23 34 70
9 14 34 23 70
14 9 34 23 70
9 14 24 33 119
14 9 24 33 119
9 14 33 24 119
14 9 33 24 119
9 14 25 32 179
14 9 25 32 179
9 14 32 25 179
14 9 32 25 179
9 14 26 31 240
14 9 26 31 240
9 14 31 26 240
14 9 31 26 240
9 14 27 30 290
14 9 27 30 290
9 14 30 27 290
14 9 30 27 290
9 14 28 29 320
14 9 28 29 320
9 14 29 28 320
14 9 29 28 320
10 13 18 39 1
13 10 18 39 1
10 13 39 18 1
13 10 39 18 1
10 13 19 38 5
13 10 19 38 5
10 13 38 19 5
13 10 38 19 5
10 13 20 37 17
13 10 20 37 17
10 13 37 20 17
13 10 37 20 17
10 13 21 36 43
13 10 21 36 43
10 13 36 21 43
13 10 36 21 43
10 13 22 35 92
13 10 22 35 92
10 13 35 22 92
13 10 35 22 92
10 13 23 34 167
13 10 23 34 167
10 13 34 23 167
13 10 34 23 167
10 13 24 33 270
13 10 24 33 270
10 13 33 24 270
13 10 33 24 270
10 13 25 32 391
13 10 25 32 391
10 13 32 25 391
13 10 32 25 391
10 13 26 31 512
13 10 26 31 512
10 13 31 26 512
13 10 31 26 512
10 13 27 30 610
13 10 27 30 610
10 13 30 27 610
13 10 30 27 610
10 13 28 29 667
13 10 28 29 667
10 13 29 28 667
13 10 29 28 667
11 12 21 36 68
12 11 21 36 68
11 12 36 21 68
12 11 36 21 68
11 12 22 35 140
12 11 22 35 140
11 12 35 22 140
12 11 35 22 140
11 12 23 34 249
12 11 23 34 249
11 12 34 23 249
12 11 34 23 249
11 12 24 33 395
12 11 24 33 395
11 12 33 24 395
12 11 33 24 395
11 12 25 32 564
12 11 25 32 564
11 12 32 25 564
12 11 32 25 564
11 12 26 31 731
12 11 26 31 731
11 12 31 26 731
12 11 31 26 731
11 12 27 30 866
12 11 27 30 866
11 12 30 27 866
12 11 30 27 866
11 12 28 29 944
12 11 28 29 944
11 12 29 28 944
12 11 29 28 944
6 17 16 41 0
17 6 16 41 0
6 17 41 16 0
17 6 41 16 0
7 16 16 41 0
16 7 16 41 0
7 16 41 16 0
16 7 41 16 0
8 15 16 41 0
15 8 16 41 0
8 15 41 16 0
15 8 41 16 0
9 14 16 41 0
14 9 16 41 0
9 14 41 16 0
14 9 41 16 0
7 16 14 43 0
16 7 14 43 0
7 16 43 14 0
16 7 43 14 0
7 16 15 42 0
16 7 15 42 0
7 16 42 15 0
16 7 42 15 0
8 15 14 43 0
15 8 14 43 0
8 15 43 14 0
15 8 43 14 0
8 15 15 42 0
15 8 15 42 0
8 15 42 15 0
15 8 42 15 0
9 14 14 43 0
14 9 14 43 0
9 14 43 14 0
14 9 43 14 0
9 14 15 42 0
14 9 15 42 0
9 14 42 15 0
14 9 42 15 0
10 13 14 43 0
13 10 14 43 0
10 13 43 14 0
13 10 43 14 0
10 13 15 42 0
13 10 15 42 0
10 13 42 15 0
13 10 42 15 0
10 13 16 41 0
13 10 16 41 0
10 13 41 16 0
13 10 41 16 0
10 13 17 40 0
13 10 17 40 0
10 13 40 17 0
13 10 40 17 0
11 12 14 43 0
12 11 14 43 0
11 12 43 14 0
12 11 43 14 0
11 12 15 42 0
12 11 15 42 0
11 12 42 15 0
12 11 42 15 0
11 12 16 41 0
12 11 16 41 0
11 12 41 16 0
12 11 41 16 0
11 12 17 40 0
12 11 17 40 0
11 12 40 17 0
12 11 40 17 0
11 12 18 39 2
12 11 18 39 2
11 12 39 18 2
12 11 39 18 2
11 12 19 38 9
12 11 19 38 9
11 12 38 19 9
12 11 38 19 9
11 12 20 37 28
12 11 20 37 28
11 12 37 20 28
12 11 37 20 28
8 15 13 44 0
15 8 13 44 0
8 15 44 13 0
15 8 44 13 0
9 14 13 44 0
14 9 13 44 0
9 14 44 13 0
14 9 44 13 0
10 13 13 44 0
13 10 13 44 0
10 13 44 13 0
13 10 44 13 0
11 12 13 44 0
12 11 13 44 0
11 12 44 13 0
12 11 44 13 0
9 14 12 45 0
14 9 12 45 0
9 14 45 12 0
14 9 45 12 0
10 13 12 45 0
13 10 12 45 0
10 13 45 12 0
13 10 45 12 0
11 12 12 45 0
12 11 12 45 0
11 12 45 12 0
12 11 45 12 0
