0 11 10 17 0
11 0 10 17 0
0 11 17 10 0
11 0 17 10 0
0 11 11 16 0
11 0 11 16 0
0 11 16 11 0
11 0 16 11 0
0 11 12 15 0
11 0 12 15 0
0 11 15 12 0
11 0 15 12 0
1 10 10 17 0
10 1 10 17 0
1 10 17 10 0
10 1 17 10 0
1 10 11 16 0
10 1 11 16 0
1 10 16 11 0
10 1 16 11 0
1 10 12 15 0
10 1 12 15 0
1 10 15 12 0
10 1 15 12 0
0 11 13 14 0
11 0 13 14 0
0 11 14 13 0
11 0 14 13 0
1 10 13 14 0
10 1 13 14 0
1 10 14 13 0
10 1 14 13 0
1 10 6 21 0
10 1 6 21 0
1 10 21 6 0
10 1 21 6 0
1 10 7 20 0
10 1 7 20 0
1 10 20 7 0
10 1 20 7 0
1 10 8 19 0
10 1 8 19 0
1 10 19 8 0
10 1 19 8 0
2 9 6 21 0
9 2 6 21 0
2 9 21 6 0
9 2 21 6 0
2 9 7 20 0
9 2 7 20 0
2 9 20 7 0
9 2 20 7 0
2 9 8 19 0
9 2 8 19 0
2 9 19 8 0
9 2 19 8 0
1 10 9 18 0
10 1 9 18 0
1 10 18 9 0
10 1 18 9 0
2 9 9 18 0
9 2 9 18 0
2 9 18 9 0
9 2 18 9 0
2 9 10 17 0
9 2 10 17 0
2 9 17 10 0
9 2 17 10 0
2 9 11 16 0
9 2 11 16 0
2 9 16 11 0
9 2 16 11 0
2 9 12 15 0
9 2 12 15 0
2 9 15 12 0
9 2 15 12 0
2 9 13 14 0
9 2 13 14 0
2 9 14 13 0
9 2 14 13 0
3 8 6 21 1
8 3 6 21 1
3 8 21 6 1
8 3 21 6 1
3 8 7 20 1
8 3 7 20 1
3 8 20 7 1
8 3 20 7 1
3 8 8 19 2
8 3 8 19 2
3 8 19 8 2
8 3 19 8 2
3 8 9 18 3
8 3 9 18 3
3 8 18 9 3
8 3 18 9 3
3 8 10 17 4
8 3 10 17 4
3 8 17 10 4
8 3 17 10 4
3 8 11 16 5
8 3 11 16 5
3 8 16 11 5
8 3 16 11 5
3 8 12 15 6
8 3 12 15 6
3 8 15 12 6
8 3 15 12 6
3 8 13 14 6
8 3 13 14 6
3 8 14 13 6
8 3 14 13 6
2 9 4 23 0
9 2 4 23 0
2 9 23 4 0
9 2 23 4 0
2 9 5 22 0
9 2 5 22 0
2 9 22 5 0
9 2 22 5 0
3 8 4 23 0
8 3 4 23 0
3 8 23 4 0
8 3 23 4 0
3 8 5 22 0
8 3 5 22 0
3 8 22 5 0
8 3 22 5 0
3 8 3 24 0
8 3 3 24 0
3 8 24 3 0
8 3 24 3 0
4 7 3 24 0
7 4 3 24 0
4 7 24 3 0
7 4 24 3 0
4 7 4 23 0
7 4 4 23 0
4 7 23 4 0
7 4 23 4 0
4 7 5 22 0
7 4 5 22 0
4 7 22 5 0
7 4 22 5 0
4 7 6 21 1
7 4 6 21 1
4 7 21 6 1
7 4 21 6 1
4 7 7 20 2
7 4 7 20 2
4 7 20 7 2
7 4 20 7 2
4 7 8 19 4
7 4 8 19 4
4 7 19 8 4
7 4 19 8 4
4 7 9 18 7
7 4 9 18 7
4 7 18 9 7
7 4 18 9 7
4 7 10 17 10
7 4 10 17 10
4 7 17 10 10
7 4 17 10 10
4 7 11 16 13
7 4 11 16 13
4 7 16 11 13
7 4 16 11 13
4 7 12 15 16
7 4 12 15 16
4 7 15 12 16
7 4 15 12 16
4 7 13 14 17
7 4 13 14 17
4 7 14 13 17
7 4 14 13 17
5 6 4 23 0
6 5 4 23 0
5 6 23 4 0
6 5 23 4 0
5 6 5 22 0
6 5 5 22 0
5 6 22 5 0
6 5 22 5 0
5 6 6 21 1
6 5 6 21 1
5 6 21 6 1
6 5 21 6 1
5 6 7 20 2
6 5 7 20 2
5 6 20 7 2
6 5 20 7 2
5 6 8 19 5
6 5 8 19 5
5 6 19 8 5
6 5 19 8 5
5 6 9 18 9
6 5 9 18 9
5 6 18 9 9
6 5 18 9 9
5 6 10 17 14
6 5 10 17 14
5 6 17 10 14
6 5 17 10 14
5 6 11 16 19
6 5 11 16 19
5 6 16 11 19
6 5 16 11 19
5 6 12 15 24
6 5 12 15 24
5 6 15 12 24
6 5 15 12 24
5 6 13 14 26
6 5 13 14 26
5 6 14 13 26
6 5 14 13 26
4 7 2 25 0
7 4 2 25 0
4 7 25 2 0
7 4 25 2 0
5 6 2 25 0
6 5 2 25 0
5 6 25 2 0
6 5 25 2 0
5 6 3 24 0
6 5 3 24 0
5 6 24 3 0
6 5 24 3 0
