0 9 6 16 0
9 0 6 16 0
0 9 16 6 0
9 0 16 6 0
0 9 7 15 0
9 0 7 15 0
0 9 15 7 0
9 0 15 7 0
0 9 8 14 0
9 0 8 14 0
0 9 14 8 0
9 0 14 8 0
1 8 6 16 0
8 1 6 16 0
1 8 16 6 0
8 1 16 6 0
1 8 7 15 0
8 1 7 15 0
1 8 15 7 0
8 1 15 7 0
1 8 8 14 0
8 1 8 14 0
1 8 14 8 0
8 1 14 8 0
0 9 9 13 0
9 0 9 13 0
0 9 13 9 0
9 0 13 9 0
1 8 9 13 0
8 1 9 13 0
1 8 13 9 0
8 1 13 9 0
0 9 10 12 0
9 0 10 12 0
0 9 12 10 0
9 0 12 10 0
1 8 10 12 0
8 1 10 12 0
1 8 12 10 0
8 1 12 10 0
1 8 3 19 0
8 1 3 19 0
1 8 19 3 0
8 1 19 3 0
1 8 4 18 0
8 1 4 18 0
1 8 18 4 0
8 1 18 4 0
1 8 5 17 0
8 1 5 17 0
1 8 17 5 0
8 1 17 5 0
2 7 3 19 0
7 2 3 19 0
2 7 19 3 0
7 2 19 3 0
2 7 4 18 1
7 2 4 18 1
2 7 18 4 1
7 2 18 4 1
2 7 5 17 2
7 2 5 17 2
2 7 17 5 2
7 2 17 5 2
2 7 6 16 4
7 2 6 16 4
2 7 16 6 4
7 2 16 6 4
2 7 7 15 6
7 2 7 15 6
2 7 15 7 6
7 2 15 7 6
2 7 8 14 9
7 2 8 14 9
2 7 14 8 9
7 2 14 8 9
2 7 9 13 11
7 2 9 13 11
2 7 13 9 11
7 2 13 9 11
2 7 10 12 13
7 2 10 12 13
2 7 12 10 13
7 2 12 10 13
3 6 3 19 0
6 3 3 19 0
3 6 19 3 0
6 3 19 3 0
3 6 4 18 2
6 3 4 18 2
3 6 18 4 2
6 3 18 4 2
3 6 5 17 5
6 3 5 17 5
3 6 17 5 5
6 3 17 5 5
3 6 6 16 10
6 3 6 16 10
3 6 16 6 10
6 3 16 6 10
3 6 7 15 17
6 3 7 15 17
3 6 15 7 17
6 3 15 7 17
3 6 8 14 26
6 3 8 14 26
3 6 14 8 26
6 3 14 8 26
3 6 9 13 33
6 3 9 13 33
3 6 13 9 33
6 3 13 9 33
3 6 10 12 39
6 3 10 12 39
3 6 12 10 39
6 3 12 10 39
0 9 11 11 0
9 0 11 11 0
1 8 11 11 0
8 1 11 11 0
2 7 11 11 13
7 2 11 11 13
3 6 11 11 41
6 3 11 11 41
2 7 2 20 0
7 2 2 20 0
2 7 20 2 0
7 2 20 2 0
3 6 2 20 0
6 3 2 20 0
3 6 20 2 0
6 3 20 2 0
3 6 1 21 0
6 3 1 21 0
3 6 21 1 0
6 3 21 1 0
4 5 1 21 0
5 4 1 21 0
4 5 21 1 0
5 4 21 1 0
4 5 2 20 0
5 4 2 20 0
4 5 20 2 0
5 4 20 2 0
4 5 3 19 1
5 4 3 19 1
4 5 19 3 1
5 4 19 3 1
4 5 4 18 4
5 4 4 18 4
4 5 18 4 4
5 4 18 4 4
4 5 5 17 9
5 4 5 17 9
4 5 17 5 9
5 4 17 5 9
4 5 6 16 18
5 4 6 16 18
4 5 16 6 18
5 4 16 6 18
4 5 7 15 30
5 4 7 15 30
4 5 15 7 30
5 4 15 7 30
4 5 8 14 44
5 4 8 14 44
4 5 14 8 44
5 4 14 8 44
4 5 9 13 56
5 4 9 13 56
4 5 13 9 56
5 4 13 9 56
4 5 10 12 66
5 4 10 12 66
4 5 12 10 66
5 4 12 10 66
4 5 11 11 69
5 4 11 11 69
