5 20 25 37 0
20 5 25 37 0
5 20 37 25 0
20 5 37 25 0
5 20 26 36 0
20 5 26 36 0
5 20 36 26 0
20 5 36 26 0
5 20 27 35 0
20 5 27 35 0
5 20 35 27 0
20 5 35 27 0
5 20 28 34 0
20 5 28 34 0
5 20 34 28 0
20 5 34 28 0
5 20 29 33 0
20 5 29 33 0
5 20 33 29 0
20 5 33 29 0
5 20 30 32 0
20 5 30 32 0
5 20 32 30 0
20 5 32 30 0
5 20 31 31 0
20 5 31 31 0
6 19 25 37 0
19 6 25 37 0
6 19 37 25 0
19 6 37 25 0
6 19 26 36 0
19 6 26 36 0
6 19 36 26 0
19 6 36 26 0
6 19 27 35 0
19 6 27 35 0
6 19 35 27 0
19 6 35 27 0
6 19 28 34 0
19 6 28 34 0
6 19 34 28 0
19 6 34 28 0
6 19 29 33 0
19 6 29 33 0
6 19 33 29 0
19 6 33 29 0
6 19 30 32 0
19 6 30 32 0
6 19 32 30 0
19 6 32 30 0
6 19 31 31 0
19 6 31 31 0
7 18 25 37 0
18 7 25 37 0
7 18 37 25 0
18 7 37 25 0
7 18 26 36 0
18 7 26 36 0
7 18 36 26 0
18 7 36 26 0
7 18 27 35 0
18 7 27 35 0
7 18 35 27 0
18 7 35 27 0
7 18 28 34 0
18 7 28 34 0
7 18 34 28 0
18 7 34 28 0
7 18 29 33 0
18 7 29 33 0
7 18 33 29 0
18 7 33 29 0
7 18 30 32 0
18 7 30 32 0
7 18 32 30 0
18 7 32 30 0
7 18 31 31 0
18 7 31 31 0
8 17 25 37 0
17 8 25 37 0
8 17 37 25 0
17 8 37 25 0
8 17 26 36 0
17 8 26 36 0
8 17 36 26 0
17 8 36 26 0
8 17 27 35 0
17 8 27 35 0
8 17 35 27 0
17 8 35 27 0
8 17 28 34 1
17 8 28 34 1
8 17 34 28 1
17 8 34 28 1
8 17 29 33 2
17 8 29 33 2
8 17 33 29 2
17 8 33 29 2
8 17 30 32 3
17 8 30 32 3
8 17 32 30 3
17 8 32 30 3
8 17 31 31 3
17 8 31 31 3
6 19 21 41 0
19 6 21 41 0
6 19 41 21 0
19 6 41 21 0
6 19 22 40 0
19 6 22 40 0
6 19 40 22 0
19 6 40 22 0
6 19 23 39 0
19 6 23 39 0
6 19 39 23 0
19 6 39 23 0
6 19 24 38 0
19 6 24 38 0
6 19 38 24 0
19 6 38 24 0
7 18 21 41 0
18 7 21 41 0
7 18 41 21 0
18 7 41 21 0
7 18 22 40 0
18 7 22 40 0
7 18 40 22 0
18 7 40 22 0
7 18 23 39 0
18 7 23 39 0
7 18 39 23 0
18 7 39 23 0
7 18 24 38 0
18 7 24 38 0
7 18 38 24 0
18 7 38 24 0
8 17 21 41 0
17 8 21 41 0
8 17 41 21 0
17 8 41 21 0
8 17 22 40 0
17 8 22 40 0
8 17 40 22 0
17 8 40 22 0
8 17 23 39 0
17 8 23 39 0
8 17 39 23 0
17 8 39 23 0
8 17 24 38 0
17 8 24 38 0
8 17 38 24 0
17 8 38 24 0
9 16 21 41 0
16 9 21 41 0
9 16 41 21 0
16 9 41 21 0
9 16 22 40 0
16 9 22 40 0
9 16 40 22 0
16 9 40 22 0
9 16 23 39 0
16 9 23 39 0
9 16 39 23 0
16 9 39 23 0
9 16 24 38 1
16 9 24 38 1
9 16 38 24 1
16 9 38 24 1
9 16 25 37 3
16 9 25 37 3
9 16 37 25 3
16 9 37 25 3
9 16 26 36 7
16 9 26 36 7
9 16 36 26 7
16 9 36 26 7
9 16 27 35 13
16 9 27 35 13
9 16 35 27 13
16 9 35 27 13
9 16 28 34 21
16 9 28 34 21
9 16 34 28 21
16 9 34 28 21
9 16 29 33 29
16 9 29 33 29
9 16 33 29 29
16 9 33 29 29
9 16 30 32 35
16 9 30 32 35
9 16 32 30 35
16 9 32 30 35
9 16 31 31 37
16 9 31 31 37
7 18 19 43 0
18 7 19 43 0
7 18 43 19 0
18 7 43 19 0
7 18 20 42 0
18 7 20 42 0
7 18 42 20 0
18 7 42 20 0
8 17 19 43 0
17 8 19 43 0
8 17 43 19 0
17 8 43 19 0
8 17 20 42 0
17 8 20 42 0
8 17 42 20 0
17 8 42 20 0
9 16 19 43 0
16 9 19 43 0
9 16 43 19 0
16 9 43 19 0
9 16 20 42 0
16 9 20 42 0
9 16 42 20 0
16 9 42 20 0
10 15 19 43 0
15 10 19 43 0
10 15 43 19 0
15 10 43 19 0
10 15 20 42 0
15 10 20 42 0
10 15 42 20 0
15 10 42 20 0
10 15 21 41 0
15 10 21 41 0
10 15 41 21 0
15 10 41 21 0
10 15 22 40 1
15 10 22 40 1
10 15 40 22 1
15 10 40 22 1
10 15 23 39 3
15 10 23 39 3
10 15 39 23 3
15 10 39 23 3
10 15 24 38 9
15 10 24 38 9
10 15 38 24 9
15 10 38 24 9
10 15 25 37 20
15 10 25 37 20
10 15 37 25 20
15 10 37 25 20
10 15 26 36 39
15 10 26 36 39
10 15 36 26 39
15 10 36 26 39
10 15 27 35 64
15 10 27 35 64
10 15 35 27 64
15 10 35 27 64
10 15 28 34 94
15 10 28 34 94
10 15 34 28 94
15 10 34 28 94
10 15 29 33 122
15 10 29 33 122
10 15 33 29 122
15 10 33 29 122
10 15 30 32 143
15 10 30 32 143
10 15 32 30 143
15 10 32 30 143
10 15 31 31 150
15 10 31 31 150
11 14 19 43 0
14 11 19 43 0
11 14 43 19 0
14 11 43 19 0
11 14 20 42 0
14 11 20 42 0
11 14 42 20 0
14 11 42 20 0
11 14 21 41 0
14 11 21 41 0
11 14 41 21 0
14 11 41 21 0
11 14 22 40 3
14 11 22 40 3
11 14 40 22 3
14 11 40 22 3
11 14 23 39 10
14 11 23 39 10
11 14 39 23 10
14 11 39 23 10
11 14 24 38 26
14 11 24 38 26
11 14 38 24 26
14 11 38 24 26
11 14 25 37 55
14 11 25 37 55
11 14 37 25 55
14 11 37 25 55
11 14 26 36 100
14 11 26 36 100
11 14 36 26 100
14 11 36 26 100
11 14 27 35 157
14 11 27 35 157
11 14 35 27 157
14 11 35 27 157
11 14 28 34 222
14 11 28 34 222
11 14 34 28 222
14 11 34 28 222
11 14 29 33 282
14 11 29 33 282
11 14 33 29 282
14 11 33 29 282
11 14 30 32 325
14 11 30 32 325
11 14 32 30 325
14 11 32 30 325
11 14 31 31 340
14 11 31 31 340
12 13 21 41 1
13 12 21 41 1
12 13 41 21 1
13 12 41 21 1
12 13 22 40 6
13 12 22 40 6
12 13 40 22 6
13 12 40 22 6
12 13 23 39 18
13 12 23 39 18
12 13 39 23 18
13 12 39 23 18
12 13 24 38 44
13 12 24 38 44
12 13 38 24 44
13 12 38 24 44
12 13 25 37 89
13 12 25 37 89
12 13 37 25 89
13 12 37 25 89
12 13 26 36 156
13 12 26 36 156
12 13 36 26 156
13 12 36 26 156
12 13 27 35 240
13 12 27 35 240
12 13 35 27 240
13 12 35 27 240
12 13 28 34 334
13 12 28 34 334
12 13 34 28 334
13 12 34 28 334
12 13 29 33 420
13 12 29 33 420
12 13 33 29 420
13 12 33 29 420
12 13 30 32 481
13 12 30 32 481
12 13 32 30 481
13 12 32 30 481
12 13 31 31 502
13 12 31 31 502
8 17 17 45 0
17 8 17 45 0
8 17 45 17 0
17 8 45 17 0
8 17 18 44 0
17 8 18 44 0
8 17 44 18 0
17 8 44 18 0
9 16 17 45 0
16 9 17 45 0
9 16 45 17 0
16 9 45 17 0
9 16 18 44 0
16 9 18 44 0
9 16 44 18 0
16 9 44 18 0
10 15 17 45 0
15 10 17 45 0
10 15 45 17 0
15 10 45 17 0
10 15 18 44 0
15 10 18 44 0
10 15 44 18 0
15 10 44 18 0
11 14 17 45 0
14 11 17 45 0
11 14 45 17 0
14 11 45 17 0
11 14 18 44 0
14 11 18 44 0
11 14 44 18 0
14 11 44 18 0
9 16 16 46 0
16 9 16 46 0
9 16 46 16 0
16 9 46 16 0
10 15 16 46 0
15 10 16 46 0
10 15 46 16 0
15 10 46 16 0
11 14 16 46 0
14 11 16 46 0
11 14 46 16 0
14 11 46 16 0
12 13 16 46 0
13 12 16 46 0
12 13 46 16 0
13 12 46 16 0
12 13 17 45 0
13 12 17 45 0
12 13 45 17 0
13 12 45 17 0
12 13 18 44 0
13 12 18 44 0
12 13 44 18 0
13 12 44 18 0
12 13 19 43 0
13 12 19 43 0
12 13 43 19 0
13 12 43 19 0
12 13 20 42 0
13 12 20 42 0
12 13 42 20 0
13 12 42 20 0
10 15 15 47 0
15 10 15 47 0
10 15 47 15 0
15 10 47 15 0
11 14 15 47 0
14 11 15 47 0
11 14 47 15 0
14 11 47 15 0
12 13 15 47 0
13 12 15 47 0
12 13 47 15 0
13 12 47 15 0
