6 21 30 37 0
21 6 30 37 0
6 21 37 30 0
21 6 37 30 0
6 21 31 36 0
21 6 31 36 0
6 21 36 31 0
21 6 36 31 0
6 21 32 35 0
21 6 32 35 0
6 21 35 32 0
21 6 35 32 0
6 21 33 34 0
21 6 33 34 0
6 21 34 33 0
21 6 34 33 0
7 20 30 37 0
20 7 30 37 0
7 20 37 30 0
20 7 37 30 0
7 20 31 36 0
20 7 31 36 0
7 20 36 31 0
20 7 36 31 0
7 20 32 35 0
20 7 32 35 0
7 20 35 32 0
20 7 35 32 0
7 20 33 34 0
20 7 33 34 0
7 20 34 33 0
20 7 34 33 0
8 19 30 37 0
19 8 30 37 0
8 19 37 30 0
19 8 37 30 0
8 19 31 36 0
19 8 31 36 0
8 19 36 31 0
19 8 36 31 0
8 19 32 35 0
19 8 32 35 0
8 19 35 32 0
19 8 35 32 0
8 19 33 34 0
19 8 33 34 0
8 19 34 33 0
19 8 34 33 0
9 18 30 37 0
18 9 30 37 0
9 18 37 30 0
18 9 37 30 0
9 18 31 36 0
18 9 31 36 0
9 18 36 31 0
18 9 36 31 0
9 18 32 35 0
18 9 32 35 0
9 18 35 32 0
18 9 35 32 0
9 18 33 34 0
18 9 33 34 0
9 18 34 33 0
18 9 34 33 0
7 20 25 42 0
20 7 25 42 0
7 20 42 25 0
20 7 42 25 0
7 20 26 41 0
20 7 26 41 0
7 20 41 26 0
20 7 41 26 0
7 20 27 40 0
20 7 27 40 0
7 20 40 27 0
20 7 40 27 0
7 20 28 39 0
20 7 28 39 0
7 20 39 28 0
20 7 39 28 0
7 20 29 38 0
20 7 29 38 0
7 20 38 29 0
20 7 38 29 0
8 19 25 42 0
19 8 25 42 0
8 19 42 25 0
19 8 42 25 0
8 19 26 41 0
19 8 26 41 0
8 19 41 26 0
19 8 41 26 0
8 19 27 40 0
19 8 27 40 0
8 19 40 27 0
19 8 40 27 0
8 19 28 39 0
19 8 28 39 0
8 19 39 28 0
19 8 39 28 0
8 19 29 38 0
19 8 29 38 0
8 19 38 29 0
19 8 38 29 0
9 18 25 42 0
18 9 25 42 0
9 18 42 25 0
18 9 42 25 0
9 18 26 41 0
18 9 26 41 0
9 18 41 26 0
18 9 41 26 0
9 18 27 40 0
18 9 27 40 0
9 18 40 27 0
18 9 40 27 0
9 18 28 39 0
18 9 28 39 0
9 18 39 28 0
18 9 39 28 0
9 18 29 38 0
18 9 29 38 0
9 18 38 29 0
18 9 38 29 0
10 17 25 42 0
17 10 25 42 0
10 17 42 25 0
17 10 42 25 0
10 17 26 41 0
17 10 26 41 0
10 17 41 26 0
17 10 41 26 0
10 17 27 40 0
17 10 27 40 0
10 17 40 27 0
17 10 40 27 0
10 17 28 39 0
17 10 28 39 0
10 17 39 28 0
17 10 39 28 0
10 17 29 38 1
17 10 29 38 1
10 17 38 29 1
17 10 38 29 1
10 17 30 37 2
17 10 30 37 2
10 17 37 30 2
17 10 37 30 2
10 17 31 36 4
17 10 31 36 4
10 17 36 31 4
17 10 36 31 4
10 17 32 35 6
17 10 32 35 6
10 17 35 32 6
17 10 35 32 6
10 17 33 34 7
17 10 33 34 7
10 17 34 33 7
17 10 34 33 7
8 19 22 45 0
19 8 22 45 0
8 19 45 22 0
19 8 45 22 0
8 19 23 44 0
19 8 23 44 0
8 19 44 23 0
19 8 44 23 0
8 19 24 43 0
19 8 24 43 0
8 19 43 24 0
19 8 43 24 0
9 18 22 45 0
18 9 22 45 0
9 18 45 22 0
18 9 45 22 0
9 18 23 44 0
18 9 23 44 0
9 18 44 23 0
18 9 44 23 0
9 18 24 43 0
18 9 24 43 0
9 18 43 24 0
18 9 43 24 0
10 17 22 45 0
17 10 22 45 0
10 17 45 22 0
17 10 45 22 0
10 17 23 44 0
17 10 23 44 0
10 17 44 23 0
17 10 44 23 0
10 17 24 43 0
17 10 24 43 0
10 17 43 24 0
17 10 43 24 0
11 16 22 45 0
16 11 22 45 0
11 16 45 22 0
16 11 45 22 0
11 16 23 44 0
16 11 23 44 0
11 16 44 23 0
16 11 44 23 0
11 16 24 43 0
16 11 24 43 0
11 16 43 24 0
16 11 43 24 0
11 16 25 42 0
16 11 25 42 0
11 16 42 25 0
16 11 42 25 0
11 16 26 41 1
16 11 26 41 1
11 16 41 26 1
16 11 41 26 1
11 16 27 40 3
16 11 27 40 3
11 16 40 27 3
16 11 40 27 3
11 16 28 39 7
16 11 28 39 7
11 16 39 28 7
16 11 39 28 7
11 16 29 38 14
16 11 29 38 14
11 16 38 29 14
16 11 38 29 14
11 16 30 37 23
16 11 30 37 23
11 16 37 30 23
16 11 37 30 23
11 16 31 36 33
16 11 31 36 33
11 16 36 31 33
16 11 36 31 33
11 16 32 35 42
16 11 32 35 42
11 16 35 32 42
16 11 35 32 42
11 16 33 34 47
16 11 33 34 47
11 16 34 33 47
16 11 34 33 47
9 18 21 46 0
18 9 21 46 0
9 18 46 21 0
18 9 46 21 0
10 17 21 46 0
17 10 21 46 0
10 17 46 21 0
17 10 46 21 0
11 16 21 46 0
16 11 21 46 0
11 16 46 21 0
16 11 46 21 0
12 15 21 46 0
15 12 21 46 0
12 15 46 21 0
15 12 46 21 0
12 15 22 45 0
15 12 22 45 0
12 15 45 22 0
15 12 45 22 0
12 15 23 44 0
15 12 23 44 0
12 15 44 23 0
15 12 44 23 0
12 15 24 43 0
15 12 24 43 0
12 15 43 24 0
15 12 43 24 0
12 15 25 42 1
15 12 25 42 1
12 15 42 25 1
15 12 42 25 1
12 15 26 41 4
15 12 26 41 4
12 15 41 26 4
15 12 41 26 4
12 15 27 40 11
15 12 27 40 11
12 15 40 27 11
15 12 40 27 11
12 15 28 39 23
15 12 28 39 23
12 15 39 28 23
15 12 39 28 23
12 15 29 38 42
15 12 29 38 42
12 15 38 29 42
15 12 38 29 42
12 15 30 37 66
15 12 30 37 66
12 15 37 30 66
15 12 37 30 66
12 15 31 36 91
15 12 31 36 91
12 15 36 31 91
15 12 36 31 91
12 15 32 35 112
15 12 32 35 112
12 15 35 32 112
15 12 35 32 112
12 15 33 34 125
15 12 33 34 125
12 15 34 33 125
15 12 34 33 125
13 14 22 45 0
14 13 22 45 0
13 14 45 22 0
14 13 45 22 0
13 14 23 44 0
14 13 23 44 0
13 14 44 23 0
14 13 44 23 0
13 14 24 43 0
14 13 24 43 0
13 14 43 24 0
14 13 43 24 0
13 14 25 42 2
14 13 25 42 2
13 14 42 25 2
14 13 42 25 2
13 14 26 41 8
14 13 26 41 8
13 14 41 26 8
14 13 41 26 8
13 14 27 40 20
14 13 27 40 20
13 14 40 27 20
14 13 40 27 20
13 14 28 39 40
14 13 28 39 40
13 14 39 28 40
14 13 39 28 40
13 14 29 38 71
14 13 29 38 71
13 14 38 29 71
14 13 38 29 71
13 14 30 37 108
14 13 30 37 108
13 14 37 30 108
14 13 37 30 108
13 14 31 36 146
14 13 31 36 146
13 14 36 31 146
14 13 36 31 146
13 14 32 35 178
14 13 32 35 178
13 14 35 32 178
14 13 35 32 178
13 14 33 34 197
14 13 33 34 197
13 14 34 33 197
14 13 34 33 197
10 17 19 48 0
17 10 19 48 0
10 17 48 19 0
17 10 48 19 0
10 17 20 47 0
17 10 20 47 0
10 17 47 20 0
17 10 47 20 0
11 16 19 48 0
16 11 19 48 0
11 16 48 19 0
16 11 48 19 0
11 16 20 47 0
16 11 20 47 0
11 16 47 20 0
16 11 47 20 0
12 15 19 48 0
15 12 19 48 0
12 15 48 19 0
15 12 48 19 0
12 15 20 47 0
15 12 20 47 0
12 15 47 20 0
15 12 47 20 0
13 14 19 48 0
14 13 19 48 0
13 14 48 19 0
14 13 48 19 0
13 14 20 47 0
14 13 20 47 0
13 14 47 20 0
14 13 47 20 0
13 14 21 46 0
14 13 21 46 0
13 14 46 21 0
14 13 46 21 0
12 15 18 49 0
15 12 18 49 0
12 15 49 18 0
15 12 49 18 0
13 14 18 49 0
14 13 18 49 0
13 14 49 18 0
14 13 49 18 0
