2 14 11 23 0
14 2 11 23 0
2 14 23 11 0
14 2 23 11 0
2 14 12 22 0
14 2 12 22 0
2 14 22 12 0
14 2 22 12 0
2 14 13 21 0
14 2 13 21 0
2 14 21 13 0
14 2 21 13 0
2 14 14 20 0
14 2 14 20 0
2 14 20 14 0
14 2 20 14 0
2 14 15 19 0
14 2 15 19 0
2 14 19 15 0
14 2 19 15 0
2 14 16 18 0
14 2 16 18 0
2 14 18 16 0
14 2 18 16 0
2 14 17 17 0
14 2 17 17 0
3 13 11 23 0
13 3 11 23 0
3 13 23 11 0
13 3 23 11 0
3 13 12 22 0
13 3 12 22 0
3 13 22 12 0
13 3 22 12 0
3 13 13 21 0
13 3 13 21 0
3 13 21 13 0
13 3 21 13 0
3 13 14 20 0
13 3 14 20 0
3 13 20 14 0
13 3 20 14 0
3 13 15 19 0
13 3 15 19 0
3 13 19 15 0
13 3 19 15 0
3 13 16 18 0
13 3 16 18 0
3 13 18 16 0
13 3 18 16 0
3 13 17 17 0
13 3 17 17 0
4 12 11 23 0
12 4 11 23 0
4 12 23 11 0
12 4 23 11 0
4 12 12 22 0
12 4 12 22 0
4 12 22 12 0
12 4 22 12 0
4 12 13 21 1
12 4 13 21 1
4 12 21 13 1
12 4 21 13 1
4 12 14 20 2
12 4 14 20 2
4 12 20 14 2
12 4 20 14 2
4 12 15 19 5
12 4 15 19 5
4 12 19 15 5
12 4 19 15 5
4 12 16 18 6
12 4 16 18 6
4 12 18 16 6
12 4 18 16 6
4 12 17 17 7
12 4 17 17 7
3 13 10 24 0
13 3 10 24 0
3 13 24 10 0
13 3 24 10 0
4 12 10 24 0
12 4 10 24 0
4 12 24 10 0
12 4 24 10 0
5 11 10 24 0
11 5 10 24 0
5 11 24 10 0
11 5 24 10 0
5 11 11 23 0
11 5 11 23 0
5 11 23 11 0
11 5 23 11 0
5 11 12 22 3
11 5 12 22 3
5 11 22 12 3
11 5 22 12 3
5 11 13 21 9
11 5 13 21 9
5 11 21 13 9
11 5 21 13 9
5 11 14 20 18
11 5 14 20 18
5 11 20 14 18
11 5 20 14 18
5 11 15 19 30
11 5 15 19 30
5 11 19 15 30
11 5 19 15 30
5 11 16 18 39
11 5 16 18 39
5 11 18 16 39
11 5 18 16 39
5 11 17 17 42
11 5 17 17 42
6 10 11 23 5
10 6 11 23 5
6 10 23 11 5
10 6 23 11 5
6 10 12 22 15
10 6 12 22 15
6 10 22 12 15
10 6 22 12 15
6 10 13 21 36
10 6 13 21 36
6 10 21 13 36
10 6 21 13 36
6 10 14 20 63
10 6 14 20 63
6 10 20 14 63
10 6 20 14 63
6 10 15 19 96
10 6 15 19 96
6 10 19 15 96
10 6 19 15 96
6 10 16 18 119
10 6 16 18 119
6 10 18 16 119
10 6 18 16 119
6 10 17 17 130
10 6 17 17 130
3 13 9 25 0
13 3 9 25 0
3 13 25 9 0
13 3 25 9 0
4 12 9 25 0
12 4 9 25 0
4 12 25 9 0
12 4 25 9 0
5 11 9 25 0
11 5 9 25 0
5 11 25 9 0
11 5 25 9 0
4 12 7 27 0
12 4 7 27 0
4 12 27 7 0
12 4 27 7 0
4 12 8 26 0
12 4 8 26 0
4 12 26 8 0
12 4 26 8 0
5 11 7 27 0
11 5 7 27 0
5 11 27 7 0
11 5 27 7 0
5 11 8 26 0
11 5 8 26 0
5 11 26 8 0
11 5 26 8 0
6 10 7 27 0
10 6 7 27 0
6 10 27 7 0
10 6 27 7 0
6 10 8 26 0
10 6 8 26 0
6 10 26 8 0
10 6 26 8 0
6 10 9 25 0
10 6 9 25 0
6 10 25 9 0
10 6 25 9 0
6 10 10 24 1
10 6 10 24 1
6 10 24 10 1
10 6 24 10 1
7 9 7 27 0
9 7 7 27 0
7 9 27 7 0
9 7 27 7 0
7 9 8 26 0
9 7 8 26 0
7 9 26 8 0
9 7 26 8 0
7 9 9 25 0
9 7 9 25 0
7 9 25 9 0
9 7 25 9 0
7 9 10 24 3
9 7 10 24 3
7 9 24 10 3
9 7 24 10 3
7 9 11 23 12
9 7 11 23 12
7 9 23 11 12
9 7 23 11 12
7 9 12 22 34
9 7 12 22 34
7 9 22 12 34
9 7 22 12 34
7 9 13 21 72
9 7 13 21 72
7 9 21 13 72
9 7 21 13 72
7 9 14 20 123
9 7 14 20 123
7 9 20 14 123
9 7 20 14 123
7 9 15 19 178
9 7 15 19 178
7 9 19 15 178
9 7 19 15 178
7 9 16 18 220
9 7 16 18 220
7 9 18 16 220
9 7 18 16 220
7 9 17 17 236
9 7 17 17 236
8 8 9 25 1
8 8 25 9 1
8 8 10 24 5
8 8 24 10 5
8 8 11 23 18
8 8 23 11 18
8 8 12 22 45
8 8 22 12 45
8 8 13 21 93
8 8 21 13 93
8 8 14 20 153
8 8 20 14 153
8 8 15 19 222
8 8 19 15 222
8 8 16 18 270
8 8 18 16 270
8 8 17 17 291
5 11 6 28 0
11 5 6 28 0
5 11 28 6 0
11 5 28 6 0
6 10 6 28 0
10 6 6 28 0
6 10 28 6 0
10 6 28 6 0
7 9 6 28 0
9 7 6 28 0
7 9 28 6 0
9 7 28 6 0
6 10 5 29 0
10 6 5 29 0
6 10 29 5 0
10 6 29 5 0
7 9 5 29 0
9 7 5 29 0
7 9 29 5 0
9 7 29 5 0
8 8 5 29 0
8 8 29 5 0
8 8 6 28 0
8 8 28 6 0
8 8 7 27 0
8 8 27 7 0
8 8 8 26 0
8 8 26 8 0
