0 12 10 16 0
12 0 10 16 0
0 12 16 10 0
12 0 16 10 0
0 12 11 15 0
12 0 11 15 0
0 12 15 11 0
12 0 15 11 0
0 12 12 14 0
12 0 12 14 0
0 12 14 12 0
12 0 14 12 0
0 12 13 13 0
12 0 13 13 0
1 11 10 16 0
11 1 10 16 0
1 11 16 10 0
11 1 16 10 0
1 11 11 15 0
11 1 11 15 0
1 11 15 11 0
11 1 15 11 0
1 11 12 14 0
11 1 12 14 0
1 11 14 12 0
11 1 14 12 0
1 11 13 13 0
11 1 13 13 0
2 10 10 16 2
10 2 10 16 2
2 10 16 10 2
10 2 16 10 2
2 10 11 15 3
10 2 11 15 3
2 10 15 11 3
10 2 15 11 3
2 10 12 14 5
10 2 12 14 5
2 10 14 12 5
10 2 14 12 5
2 10 13 13 5
10 2 13 13 5
1 11 6 20 0
11 1 6 20 0
1 11 20 6 0
11 1 20 6 0
1 11 7 19 0
11 1 7 19 0
1 11 19 7 0
11 1 19 7 0
1 11 8 18 0
11 1 8 18 0
1 11 18 8 0
11 1 18 8 0
1 11 9 17 0
11 1 9 17 0
1 11 17 9 0
11 1 17 9 0
2 10 6 20 0
10 2 6 20 0
2 10 20 6 0
10 2 20 6 0
2 10 7 19 0
10 2 7 19 0
2 10 19 7 0
10 2 19 7 0
2 10 8 18 0
10 2 8 18 0
2 10 18 8 0
10 2 18 8 0
2 10 9 17 0
10 2 9 17 0
2 10 17 9 0
10 2 17 9 0
3 9 6 20 0
9 3 6 20 0
3 9 20 6 0
9 3 20 6 0
3 9 7 19 1
9 3 7 19 1
3 9 19 7 1
9 3 19 7 1
3 9 8 18 3
9 3 8 18 3
3 9 18 8 3
9 3 18 8 3
3 9 9 17 8
9 3 9 17 8
3 9 17 9 8
9 3 17 9 8
3 9 10 16 16
9 3 10 16 16
3 9 16 10 16
9 3 16 10 16
3 9 11 15 25
9 3 11 15 25
3 9 15 11 25
9 3 15 11 25
3 9 12 14 33
9 3 12 14 33
3 9 14 12 33
9 3 14 12 33
3 9 13 13 36
9 3 13 13 36
4 8 6 20 1
8 4 6 20 1
4 8 20 6 1
8 4 20 6 1
4 8 7 19 5
8 4 7 19 5
4 8 19 7 5
8 4 19 7 5
4 8 8 18 15
8 4 8 18 15
4 8 18 8 15
8 4 18 8 15
4 8 9 17 31
8 4 9 17 31
4 8 17 9 31
8 4 17 9 31
4 8 10 16 56
8 4 10 16 56
4 8 16 10 56
8 4 16 10 56
4 8 11 15 80
8 4 11 15 80
4 8 15 11 80
8 4 15 11 80
4 8 12 14 102
8 4 12 14 102
4 8 14 12 102
8 4 14 12 102
4 8 13 13 108
8 4 13 13 108
2 10 4 22 0
10 2 4 22 0
2 10 22 4 0
10 2 22 4 0
2 10 5 21 0
10 2 5 21 0
2 10 21 5 0
10 2 21 5 0
3 9 4 22 0
9 3 4 22 0
3 9 22 4 0
9 3 22 4 0
3 9 5 21 0
9 3 5 21 0
3 9 21 5 0
9 3 21 5 0
4 8 4 22 0
8 4 4 22 0
4 8 22 4 0
8 4 22 4 0
4 8 5 21 0
8 4 5 21 0
4 8 21 5 0
8 4 21 5 0
3 9 3 23 0
9 3 3 23 0
3 9 23 3 0
9 3 23 3 0
4 8 3 23 0
8 4 3 23 0
4 8 23 3 0
8 4 23 3 0
5 7 3 23 0
7 5 3 23 0
5 7 23 3 0
7 5 23 3 0
5 7 4 22 0
7 5 4 22 0
5 7 22 4 0
7 5 22 4 0
5 7 5 21 1
7 5 5 21 1
5 7 21 5 1
7 5 21 5 1
5 7 6 20 4
7 5 6 20 4
5 7 20 6 4
7 5 20 6 4
5 7 7 19 14
7 5 7 19 14
5 7 19 7 14
7 5 19 7 14
5 7 8 18 34
7 5 8 18 34
5 7 18 8 34
7 5 18 8 34
5 7 9 17 67
7 5 9 17 67
5 7 17 9 67
7 5 17 9 67
5 7 10 16 111
7 5 10 16 111
5 7 16 10 111
7 5 16 10 111
5 7 11 15 156
7 5 11 15 156
5 7 15 11 156
7 5 15 11 156
5 7 12 14 191
7 5 12 14 191
5 7 14 12 191
7 5 14 12 191
5 7 13 13 204
7 5 13 13 204
6 6 4 22 0
6 6 22 4 0
6 6 5 21 1
6 6 21 5 1
6 6 6 20 6
6 6 20 6 6
6 6 7 19 18
6 6 19 7 18
6 6 8 18 44
6 6 18 8 44
6 6 9 17 83
6 6 17 9 83
6 6 10 16 138
6 6 16 10 138
6 6 11 15 190
6 6 15 11 190
6 6 12 14 234
6 6 14 12 234
6 6 13 13 247
4 8 2 24 0
8 4 2 24 0
4 8 24 2 0
8 4 24 2 0
5 7 2 24 0
7 5 2 24 0
5 7 24 2 0
7 5 24 2 0
6 6 2 24 0
6 6 24 2 0
6 6 3 23 0
6 6 23 3 0
