0 4 1 9 0
4 0 1 9 0
0 4 9 1 0
4 0 9 1 0
0 4 2 8 0
4 0 2 8 0
0 4 8 2 0
4 0 8 2 0
0 4 3 7 1
4 0 3 7 1
0 4 7 3 1
4 0 7 3 1
0 4 4 6 1
4 0 4 6 1
0 4 6 4 1
4 0 6 4 1
0 4 5 5 2
4 0 5 5 2
1 3 0 10 0
3 1 0 10 0
1 3 10 0 0
3 1 10 0 0
1 3 1 9 0
3 1 1 9 0
1 3 9 1 0
3 1 9 1 0
1 3 2 8 1
3 1 2 8 1
1 3 8 2 1
3 1 8 2 1
1 3 3 7 2
3 1 3 7 2
1 3 7 3 2
3 1 7 3 2
1 3 4 6 3
3 1 4 6 3
1 3 6 4 3
3 1 6 4 3
1 3 5 5 4
3 1 5 5 4
2 2 0 10 0
2 2 10 0 0
2 2 1 9 0
2 2 9 1 0
2 2 2 8 1
2 2 8 2 1
2 2 3 7 3
2 2 7 3 3
2 2 4 6 4
2 2 6 4 4
2 2 5 5 6
