13 17 26 36 0
17 13 26 36 0
13 17 36 26 0
17 13 36 26 0
13 17 27 35 0
17 13 27 35 0
13 17 35 27 0
17 13 35 27 0
13 17 28 34 0
17 13 28 34 0
13 17 34 28 0
17 13 34 28 0
13 17 29 33 0
17 13 29 33 0
13 17 33 29 0
17 13 33 29 0
13 17 30 32 0
17 13 30 32 0
13 17 32 30 0
17 13 32 30 0
13 17 31 31 0
17 13 31 31 0
14 16 26 36 0
16 14 26 36 0
14 16 36 26 0
16 14 36 26 0
14 16 27 35 0
16 14 27 35 0
14 16 35 27 0
16 14 35 27 0
14 16 28 34 0
16 14 28 34 0
14 16 34 28 0
16 14 34 28 0
14 16 29 33 0
16 14 29 33 0
14 16 33 29 0
16 14 33 29 0
14 16 30 32 0
16 14 30 32 0
14 16 32 30 0
16 14 32 30 0
14 16 31 31 0
16 14 31 31 0
15 15 26 36 0
15 15 36 26 0
15 15 27 35 0
15 15 35 27 0
15 15 28 34 0
15 15 34 28 0
15 15 29 33 0
15 15 33 29 0
15 15 30 32 0
15 15 32 30 0
15 15 31 31 0
