0 10 6 16 0
10 0 6 16 0
0 10 16 6 0
10 0 16 6 0
0 10 7 15 0
10 0 7 15 0
0 10 15 7 0
10 0 15 7 0
0 10 8 14 0
10 0 8 14 0
0 10 14 8 0
10 0 14 8 0
0 10 9 13 0
10 0 9 13 0
0 10 13 9 0
10 0 13 9 0
0 10 10 12 0
10 0 10 12 0
0 10 12 10 0
10 0 12 10 0
0 10 11 11 0
10 0 11 11 0
1 9 6 16 0
9 1 6 16 0
1 9 16 6 0
9 1 16 6 0
1 9 7 15 0
9 1 7 15 0
1 9 15 7 0
9 1 15 7 0
1 9 8 14 0
9 1 8 14 0
1 9 14 8 0
9 1 14 8 0
1 9 9 13 1
9 1 9 13 1
1 9 13 9 1
9 1 13 9 1
1 9 10 12 2
9 1 10 12 2
1 9 12 10 2
9 1 12 10 2
1 9 11 11 2
9 1 11 11 2
2 8 6 16 1
8 2 6 16 1
2 8 16 6 1
8 2 16 6 1
2 8 7 15 3
8 2 7 15 3
2 8 15 7 3
8 2 15 7 3
2 8 8 14 6
8 2 8 14 6
2 8 14 8 6
8 2 14 8 6
2 8 9 13 11
8 2 9 13 11
2 8 13 9 11
8 2 13 9 11
2 8 10 12 15
8 2 10 12 15
2 8 12 10 15
8 2 12 10 15
2 8 11 11 16
8 2 11 11 16
1 9 3 19 0
9 1 3 19 0
1 9 19 3 0
9 1 19 3 0
1 9 4 18 0
9 1 4 18 0
1 9 18 4 0
9 1 18 4 0
1 9 5 17 0
9 1 5 17 0
1 9 17 5 0
9 1 17 5 0
2 8 3 19 0
8 2 3 19 0
2 8 19 3 0
8 2 19 3 0
2 8 4 18 0
8 2 4 18 0
2 8 18 4 0
8 2 18 4 0
2 8 5 17 0
8 2 5 17 0
2 8 17 5 0
8 2 17 5 0
3 7 3 19 0
7 3 3 19 0
3 7 19 3 0
7 3 19 3 0
3 7 4 18 1
7 3 4 18 1
3 7 18 4 1
7 3 18 4 1
3 7 5 17 3
7 3 5 17 3
3 7 17 5 3
7 3 17 5 3
3 7 6 16 8
7 3 6 16 8
3 7 16 6 8
7 3 16 6 8
3 7 7 15 17
7 3 7 15 17
3 7 15 7 17
7 3 15 7 17
3 7 8 14 29
7 3 8 14 29
3 7 14 8 29
7 3 14 8 29
3 7 9 13 43
7 3 9 13 43
3 7 13 9 43
7 3 13 9 43
3 7 10 12 54
7 3 10 12 54
3 7 12 10 54
7 3 12 10 54
3 7 11 11 58
7 3 11 11 58
4 6 3 19 0
6 4 3 19 0
4 6 19 3 0
6 4 19 3 0
4 6 4 18 2
6 4 4 18 2
4 6 18 4 2
6 4 18 4 2
4 6 5 17 7
6 4 5 17 7
4 6 17 5 7
6 4 17 5 7
4 6 6 16 18
6 4 6 16 18
4 6 16 6 18
6 4 16 6 18
4 6 7 15 36
6 4 7 15 36
4 6 15 7 36
6 4 15 7 36
4 6 8 14 59
6 4 8 14 59
4 6 14 8 59
6 4 14 8 59
4 6 9 13 84
6 4 9 13 84
4 6 13 9 84
6 4 13 9 84
4 6 10 12 103
6 4 10 12 103
4 6 12 10 103
6 4 12 10 103
4 6 11 11 110
6 4 11 11 110
2 8 2 20 0
8 2 2 20 0
2 8 20 2 0
8 2 20 2 0
3 7 2 20 0
7 3 2 20 0
3 7 20 2 0
7 3 20 2 0
4 6 2 20 0
6 4 2 20 0
4 6 20 2 0
6 4 20 2 0
3 7 1 21 0
7 3 1 21 0
3 7 21 1 0
7 3 21 1 0
4 6 1 21 0
6 4 1 21 0
4 6 21 1 0
6 4 21 1 0
5 5 1 21 0
5 5 21 1 0
5 5 2 20 0
5 5 20 2 0
5 5 3 19 1
5 5 19 3 1
5 5 4 18 4
5 5 18 4 4
5 5 5 17 11
5 5 17 5 11
5 5 6 16 26
5 5 16 6 26
5 5 7 15 49
5 5 15 7 49
5 5 8 14 78
5 5 14 8 78
5 5 9 13 109
5 5 13 9 109
5 5 10 12 132
5 5 12 10 132
5 5 11 11 140
