1 13 10 20 0
13 1 10 20 0
1 13 20 10 0
13 1 20 10 0
1 13 11 19 0
13 1 11 19 0
1 13 19 11 0
13 1 19 11 0
1 13 12 18 0
13 1 12 18 0
1 13 18 12 0
13 1 18 12 0
1 13 13 17 0
13 1 13 17 0
1 13 17 13 0
13 1 17 13 0
1 13 14 16 0
13 1 14 16 0
1 13 16 14 0
13 1 16 14 0
1 13 15 15 0
13 1 15 15 0
2 12 10 20 0
12 2 10 20 0
2 12 20 10 0
12 2 20 10 0
2 12 11 19 0
12 2 11 19 0
2 12 19 11 0
12 2 19 11 0
2 12 12 18 0
12 2 12 18 0
2 12 18 12 0
12 2 18 12 0
2 12 13 17 0
12 2 13 17 0
2 12 17 13 0
12 2 17 13 0
2 12 14 16 0
12 2 14 16 0
2 12 16 14 0
12 2 16 14 0
2 12 15 15 0
12 2 15 15 0
3 11 10 20 0
11 3 10 20 0
3 11 20 10 0
11 3 20 10 0
3 11 11 19 1
11 3 11 19 1
3 11 19 11 1
11 3 19 11 1
3 11 12 18 3
11 3 12 18 3
3 11 18 12 3
11 3 18 12 3
3 11 13 17 5
11 3 13 17 5
3 11 17 13 5
11 3 17 13 5
3 11 14 16 7
11 3 14 16 7
3 11 16 14 7
11 3 16 14 7
3 11 15 15 8
11 3 15 15 8
4 10 10 20 4
10 4 10 20 4
4 10 20 10 4
10 4 20 10 4
4 10 11 19 11
10 4 11 19 11
4 10 19 11 11
10 4 19 11 11
4 10 12 18 22
10 4 12 18 22
4 10 18 12 22
10 4 18 12 22
4 10 13 17 34
10 4 13 17 34
4 10 17 13 34
10 4 17 13 34
4 10 14 16 44
10 4 14 16 44
4 10 16 14 44
10 4 16 14 44
4 10 15 15 48
10 4 15 15 48
2 12 7 23 0
12 2 7 23 0
2 12 23 7 0
12 2 23 7 0
2 12 8 22 0
12 2 8 22 0
2 12 22 8 0
12 2 22 8 0
2 12 9 21 0
12 2 9 21 0
2 12 21 9 0
12 2 21 9 0
3 11 7 23 0
11 3 7 23 0
3 11 23 7 0
11 3 23 7 0
3 11 8 22 0
11 3 8 22 0
3 11 22 8 0
11 3 22 8 0
3 11 9 21 0
11 3 9 21 0
3 11 21 9 0
11 3 21 9 0
4 10 7 23 0
10 4 7 23 0
4 10 23 7 0
10 4 23 7 0
4 10 8 22 0
10 4 8 22 0
4 10 22 8 0
10 4 22 8 0
4 10 9 21 1
10 4 9 21 1
4 10 21 9 1
10 4 21 9 1
3 11 6 24 0
11 3 6 24 0
3 11 24 6 0
11 3 24 6 0
4 10 6 24 0
10 4 6 24 0
4 10 24 6 0
10 4 24 6 0
5 9 6 24 0
9 5 6 24 0
5 9 24 6 0
9 5 24 6 0
5 9 7 23 0
9 5 7 23 0
5 9 23 7 0
9 5 23 7 0
5 9 8 22 1
9 5 8 22 1
5 9 22 8 1
9 5 22 8 1
5 9 9 21 6
9 5 9 21 6
5 9 21 9 6
9 5 21 9 6
5 9 10 20 18
9 5 10 20 18
5 9 20 10 18
9 5 20 10 18
5 9 11 19 40
9 5 11 19 40
5 9 19 11 40
9 5 19 11 40
5 9 12 18 71
9 5 12 18 71
5 9 18 12 71
9 5 18 12 71
5 9 13 17 104
9 5 13 17 104
5 9 17 13 104
9 5 17 13 104
5 9 14 16 130
9 5 14 16 130
5 9 16 14 130
9 5 16 14 130
5 9 15 15 140
9 5 15 15 140
6 8 7 23 1
8 6 7 23 1
6 8 23 7 1
8 6 23 7 1
6 8 8 22 5
8 6 8 22 5
6 8 22 8 5
8 6 22 8 5
6 8 9 21 17
8 6 9 21 17
6 8 21 9 17
8 6 21 9 17
6 8 10 20 42
8 6 10 20 42
6 8 20 10 42
8 6 20 10 42
6 8 11 19 84
8 6 11 19 84
6 8 19 11 84
8 6 19 11 84
6 8 12 18 140
8 6 12 18 140
6 8 18 12 140
8 6 18 12 140
6 8 13 17 198
8 6 13 17 198
6 8 17 13 198
8 6 17 13 198
6 8 14 16 243
8 6 14 16 243
6 8 16 14 243
8 6 16 14 243
6 8 15 15 260
8 6 15 15 260
4 10 4 26 0
10 4 4 26 0
4 10 26 4 0
10 4 26 4 0
4 10 5 25 0
10 4 5 25 0
4 10 25 5 0
10 4 25 5 0
5 9 4 26 0
9 5 4 26 0
5 9 26 4 0
9 5 26 4 0
5 9 5 25 0
9 5 5 25 0
5 9 25 5 0
9 5 25 5 0
6 8 4 26 0
8 6 4 26 0
6 8 26 4 0
8 6 26 4 0
6 8 5 25 0
8 6 5 25 0
6 8 25 5 0
8 6 25 5 0
6 8 6 24 0
8 6 6 24 0
6 8 24 6 0
8 6 24 6 0
7 7 4 26 0
7 7 26 4 0
7 7 5 25 0
7 7 25 5 0
7 7 6 24 0
7 7 24 6 0
7 7 7 23 1
7 7 23 7 1
7 7 8 22 6
7 7 22 8 6
7 7 9 21 21
7 7 21 9 21
7 7 10 20 52
7 7 20 10 52
7 7 11 19 103
7 7 19 11 103
7 7 12 18 170
7 7 18 12 170
7 7 13 17 239
7 7 17 13 239
7 7 14 16 292
7 7 16 14 292
7 7 15 15 312
6 8 3 27 0
8 6 3 27 0
6 8 27 3 0
8 6 27 3 0
7 7 3 27 0
7 7 27 3 0
