5 17 20 26 0
17 5 20 26 0
5 17 26 20 0
17 5 26 20 0
5 17 21 25 0
17 5 21 25 0
5 17 25 21 0
17 5 25 21 0
5 17 22 24 0
17 5 22 24 0
5 17 24 22 0
17 5 24 22 0
5 17 23 23 0
17 5 23 23 0
6 16 20 26 0
16 6 20 26 0
6 16 26 20 0
16 6 26 20 0
6 16 21 25 0
16 6 21 25 0
6 16 25 21 0
16 6 25 21 0
6 16 22 24 0
16 6 22 24 0
6 16 24 22 0
16 6 24 22 0
6 16 23 23 0
16 6 23 23 0
7 15 20 26 0
15 7 20 26 0
7 15 26 20 0
15 7 26 20 0
7 15 21 25 0
15 7 21 25 0
7 15 25 21 0
15 7 25 21 0
7 15 22 24 0
15 7 22 24 0
7 15 24 22 0
15 7 24 22 0
7 15 23 23 0
15 7 23 23 0
6 16 16 30 0
16 6 16 30 0
6 16 30 16 0
16 6 30 16 0
6 16 17 29 0
16 6 17 29 0
6 16 29 17 0
16 6 29 17 0
6 16 18 28 0
16 6 18 28 0
6 16 28 18 0
16 6 28 18 0
6 16 19 27 0
16 6 19 27 0
6 16 27 19 0
16 6 27 19 0
7 15 16 30 0
15 7 16 30 0
7 15 30 16 0
15 7 30 16 0
7 15 17 29 0
15 7 17 29 0
7 15 29 17 0
15 7 29 17 0
7 15 18 28 0
15 7 18 28 0
7 15 28 18 0
15 7 28 18 0
7 15 19 27 0
15 7 19 27 0
7 15 27 19 0
15 7 27 19 0
8 14 16 30 0
14 8 16 30 0
8 14 30 16 0
14 8 30 16 0
8 14 17 29 0
14 8 17 29 0
8 14 29 17 0
14 8 29 17 0
8 14 18 28 0
14 8 18 28 0
8 14 28 18 0
14 8 28 18 0
8 14 19 27 0
14 8 19 27 0
8 14 27 19 0
14 8 27 19 0
8 14 20 26 0
14 8 20 26 0
8 14 26 20 0
14 8 26 20 0
8 14 21 25 1
14 8 21 25 1
8 14 25 21 1
14 8 25 21 1
8 14 22 24 2
14 8 22 24 2
8 14 24 22 2
14 8 24 22 2
8 14 23 23 2
14 8 23 23 2
7 15 14 32 0
15 7 14 32 0
7 15 32 14 0
15 7 32 14 0
7 15 15 31 0
15 7 15 31 0
7 15 31 15 0
15 7 31 15 0
8 14 14 32 0
14 8 14 32 0
8 14 32 14 0
14 8 32 14 0
8 14 15 31 0
14 8 15 31 0
8 14 31 15 0
14 8 31 15 0
9 13 14 32 0
13 9 14 32 0
9 13 32 14 0
13 9 32 14 0
9 13 15 31 0
13 9 15 31 0
9 13 31 15 0
13 9 31 15 0
9 13 16 30 0
13 9 16 30 0
9 13 30 16 0
13 9 30 16 0
9 13 17 29 0
13 9 17 29 0
9 13 29 17 0
13 9 29 17 0
9 13 18 28 0
13 9 18 28 0
9 13 28 18 0
13 9 28 18 0
9 13 19 27 1
13 9 19 27 1
9 13 27 19 1
13 9 27 19 1
9 13 20 26 3
13 9 20 26 3
9 13 26 20 3
13 9 26 20 3
9 13 21 25 6
13 9 21 25 6
9 13 25 21 6
13 9 25 21 6
9 13 22 24 9
13 9 22 24 9
9 13 24 22 9
13 9 24 22 9
9 13 23 23 10
13 9 23 23 10
10 12 14 32 0
12 10 14 32 0
10 12 32 14 0
12 10 32 14 0
10 12 15 31 0
12 10 15 31 0
10 12 31 15 0
12 10 31 15 0
10 12 16 30 0
12 10 16 30 0
10 12 30 16 0
12 10 30 16 0
10 12 17 29 0
12 10 17 29 0
10 12 29 17 0
12 10 29 17 0
10 12 18 28 1
12 10 18 28 1
10 12 28 18 1
12 10 28 18 1
10 12 19 27 4
12 10 19 27 4
10 12 27 19 4
12 10 27 19 4
10 12 20 26 9
12 10 20 26 9
10 12 26 20 9
12 10 26 20 9
10 12 21 25 16
12 10 21 25 16
10 12 25 21 16
12 10 25 21 16
10 12 22 24 22
12 10 22 24 22
10 12 24 22 22
12 10 24 22 22
10 12 23 23 24
12 10 23 23 24
11 11 16 30 0
11 11 30 16 0
11 11 17 29 0
11 11 29 17 0
11 11 18 28 2
11 11 28 18 2
11 11 19 27 6
11 11 27 19 6
11 11 20 26 12
11 11 26 20 12
11 11 21 25 21
11 11 25 21 21
11 11 22 24 28
11 11 24 22 28
11 11 23 23 30
8 14 13 33 0
14 8 13 33 0
8 14 33 13 0
14 8 33 13 0
9 13 13 33 0
13 9 13 33 0
9 13 33 13 0
13 9 33 13 0
10 12 13 33 0
12 10 13 33 0
10 12 33 13 0
12 10 33 13 0
9 13 12 34 0
13 9 12 34 0
9 13 34 12 0
13 9 34 12 0
10 12 12 34 0
12 10 12 34 0
10 12 34 12 0
12 10 34 12 0
11 11 12 34 0
11 11 34 12 0
11 11 13 33 0
11 11 33 13 0
11 11 14 32 0
11 11 32 14 0
11 11 15 31 0
11 11 31 15 0
