0 8 3 15 0
8 0 3 15 0
0 8 15 3 0
8 0 15 3 0
0 8 4 14 0
8 0 4 14 0
0 8 14 4 0
8 0 14 4 0
0 8 5 13 0
8 0 5 13 0
0 8 13 5 0
8 0 13 5 0
0 8 6 12 0
8 0 6 12 0
0 8 12 6 0
8 0 12 6 0
0 8 7 11 0
8 0 7 11 0
0 8 11 7 0
8 0 11 7 0
0 8 8 10 0
8 0 8 10 0
0 8 10 8 0
8 0 10 8 0
0 8 9 9 1
8 0 9 9 1
1 7 3 15 0
7 1 3 15 0
1 7 15 3 0
7 1 15 3 0
1 7 4 14 0
7 1 4 14 0
1 7 14 4 0
7 1 14 4 0
1 7 5 13 0
7 1 5 13 0
1 7 13 5 0
7 1 13 5 0
1 7 6 12 1
7 1 6 12 1
1 7 12 6 1
7 1 12 6 1
1 7 7 11 2
7 1 7 11 2
1 7 11 7 2
7 1 11 7 2
1 7 8 10 3
7 1 8 10 3
1 7 10 8 3
7 1 10 8 3
1 7 9 9 4
7 1 9 9 4
2 6 3 15 1
6 2 3 15 1
2 6 15 3 1
6 2 15 3 1
2 6 4 14 2
6 2 4 14 2
2 6 14 4 2
6 2 14 4 2
2 6 5 13 5
6 2 5 13 5
2 6 13 5 5
6 2 13 5 5
2 6 6 12 8
6 2 6 12 8
2 6 12 6 8
6 2 12 6 8
2 6 7 11 13
6 2 7 11 13
2 6 11 7 13
6 2 11 7 13
2 6 8 10 15
6 2 8 10 15
2 6 10 8 15
6 2 10 8 15
2 6 9 9 18
6 2 9 9 18
1 7 1 17 0
7 1 1 17 0
1 7 17 1 0
7 1 17 1 0
1 7 2 16 0
7 1 2 16 0
1 7 16 2 0
7 1 16 2 0
2 6 1 17 0
6 2 1 17 0
2 6 17 1 0
6 2 17 1 0
2 6 2 16 0
6 2 2 16 0
2 6 16 2 0
6 2 16 2 0
3 5 1 17 0
5 3 1 17 0
3 5 17 1 0
5 3 17 1 0
3 5 2 16 1
5 3 2 16 1
3 5 16 2 1
5 3 16 2 1
3 5 3 15 3
5 3 3 15 3
3 5 15 3 3
5 3 15 3 3
3 5 4 14 7
5 3 4 14 7
3 5 14 4 7
5 3 14 4 7
3 5 5 13 13
5 3 5 13 13
3 5 13 5 13
5 3 13 5 13
3 5 6 12 21
5 3 6 12 21
3 5 12 6 21
5 3 12 6 21
3 5 7 11 29
5 3 7 11 29
3 5 11 7 29
5 3 11 7 29
3 5 8 10 35
5 3 8 10 35
3 5 10 8 35
5 3 10 8 35
3 5 9 9 38
5 3 9 9 38
4 4 1 17 0
4 4 17 1 0
4 4 2 16 1
4 4 16 2 1
4 4 3 15 4
4 4 15 3 4
4 4 4 14 9
4 4 14 4 9
4 4 5 13 18
4 4 13 5 18
4 4 6 12 27
4 4 12 6 27
4 4 7 11 38
4 4 11 7 38
4 4 8 10 44
4 4 10 8 44
4 4 9 9 49
3 5 0 18 0
5 3 0 18 0
3 5 18 0 0
5 3 18 0 0
4 4 0 18 0
4 4 18 0 0
