0 6 3 11 0
6 0 3 11 0
0 6 11 3 0
6 0 11 3 0
0 6 4 10 0
6 0 4 10 0
0 6 10 4 0
6 0 10 4 0
0 6 5 9 0
6 0 5 9 0
0 6 9 5 0
6 0 9 5 0
0 6 6 8 0
6 0 6 8 0
0 6 8 6 0
6 0 8 6 0
0 6 7 7 0
6 0 7 7 0
1 5 1 13 0
5 1 1 13 0
1 5 13 1 0
5 1 13 1 0
1 5 2 12 0
5 1 2 12 0
1 5 12 2 0
5 1 12 2 0
1 5 3 11 0
5 1 3 11 0
1 5 11 3 0
5 1 11 3 0
1 5 4 10 0
5 1 4 10 0
1 5 10 4 0
5 1 10 4 0
1 5 5 9 0
5 1 5 9 0
1 5 9 5 0
5 1 9 5 0
1 5 6 8 0
5 1 6 8 0
1 5 8 6 0
5 1 8 6 0
1 5 7 7 0
5 1 7 7 0
2 4 1 13 0
4 2 1 13 0
2 4 13 1 0
4 2 13 1 0
2 4 2 12 0
4 2 2 12 0
2 4 12 2 0
4 2 12 2 0
2 4 3 11 0
4 2 3 11 0
2 4 11 3 0
4 2 11 3 0
2 4 4 10 0
4 2 4 10 0
2 4 10 4 0
4 2 10 4 0
2 4 5 9 0
4 2 5 9 0
2 4 9 5 0
4 2 9 5 0
2 4 6 8 0
4 2 6 8 0
2 4 8 6 0
4 2 8 6 0
2 4 7 7 0
4 2 7 7 0
3 3 0 14 0
3 3 14 0 0
3 3 1 13 0
3 3 13 1 0
3 3 2 12 0
3 3 12 2 0
3 3 3 11 0
3 3 11 3 0
3 3 4 10 0
3 3 10 4 0
3 3 5 9 0
3 3 9 5 0
3 3 6 8 0
3 3 8 6 0
3 3 7 7 0
