7 17 20 30 0
17 7 20 30 0
7 17 30 20 0
17 7 30 20 0
7 17 21 29 0
17 7 21 29 0
7 17 29 21 0
17 7 29 21 0
7 17 22 28 0
17 7 22 28 0
7 17 28 22 0
17 7 28 22 0
7 17 23 27 0
17 7 23 27 0
7 17 27 23 0
17 7 27 23 0
7 17 24 26 0
17 7 24 26 0
7 17 26 24 0
17 7 26 24 0
7 17 25 25 0
17 7 25 25 0
8 16 20 30 0
16 8 20 30 0
8 16 30 20 0
16 8 30 20 0
8 16 21 29 0
16 8 21 29 0
8 16 29 21 0
16 8 29 21 0
8 16 22 28 0
16 8 22 28 0
8 16 28 22 0
16 8 28 22 0
8 16 23 27 0
16 8 23 27 0
8 16 27 23 0
16 8 27 23 0
8 16 24 26 0
16 8 24 26 0
8 16 26 24 0
16 8 26 24 0
8 16 25 25 0
16 8 25 25 0
9 15 20 30 0
15 9 20 30 0
9 15 30 20 0
15 9 30 20 0
9 15 21 29 0
15 9 21 29 0
9 15 29 21 0
15 9 29 21 0
9 15 22 28 0
15 9 22 28 0
9 15 28 22 0
15 9 28 22 0
9 15 23 27 0
15 9 23 27 0
9 15 27 23 0
15 9 27 23 0
9 15 24 26 0
15 9 24 26 0
9 15 26 24 0
15 9 26 24 0
9 15 25 25 0
15 9 25 25 0
8 16 17 33 0
16 8 17 33 0
8 16 33 17 0
16 8 33 17 0
8 16 18 32 0
16 8 18 32 0
8 16 32 18 0
16 8 32 18 0
8 16 19 31 0
16 8 19 31 0
8 16 31 19 0
16 8 31 19 0
9 15 17 33 0
15 9 17 33 0
9 15 33 17 0
15 9 33 17 0
9 15 18 32 0
15 9 18 32 0
9 15 32 18 0
15 9 32 18 0
9 15 19 31 0
15 9 19 31 0
9 15 31 19 0
15 9 31 19 0
10 14 17 33 0
14 10 17 33 0
10 14 33 17 0
14 10 33 17 0
10 14 18 32 0
14 10 18 32 0
10 14 32 18 0
14 10 32 18 0
10 14 19 31 0
14 10 19 31 0
10 14 31 19 0
14 10 31 19 0
10 14 20 30 0
14 10 20 30 0
10 14 30 20 0
14 10 30 20 0
10 14 21 29 0
14 10 21 29 0
10 14 29 21 0
14 10 29 21 0
10 14 22 28 0
14 10 22 28 0
10 14 28 22 0
14 10 28 22 0
10 14 23 27 1
14 10 23 27 1
10 14 27 23 1
14 10 27 23 1
10 14 24 26 1
14 10 24 26 1
10 14 26 24 1
14 10 26 24 1
10 14 25 25 2
14 10 25 25 2
9 15 16 34 0
15 9 16 34 0
9 15 34 16 0
15 9 34 16 0
10 14 16 34 0
14 10 16 34 0
10 14 34 16 0
14 10 34 16 0
11 13 16 34 0
13 11 16 34 0
11 13 34 16 0
13 11 34 16 0
11 13 17 33 0
13 11 17 33 0
11 13 33 17 0
13 11 33 17 0
11 13 18 32 0
13 11 18 32 0
11 13 32 18 0
13 11 32 18 0
11 13 19 31 0
13 11 19 31 0
11 13 31 19 0
13 11 31 19 0
11 13 20 30 0
13 11 20 30 0
11 13 30 20 0
13 11 30 20 0
11 13 21 29 0
13 11 21 29 0
11 13 29 21 0
13 11 29 21 0
11 13 22 28 1
13 11 22 28 1
11 13 28 22 1
13 11 28 22 1
11 13 23 27 2
13 11 23 27 2
11 13 27 23 2
13 11 27 23 2
11 13 24 26 3
13 11 24 26 3
11 13 26 24 3
13 11 26 24 3
11 13 25 25 4
13 11 25 25 4
12 12 17 33 0
12 12 33 17 0
12 12 18 32 0
12 12 32 18 0
12 12 19 31 0
12 12 31 19 0
12 12 20 30 0
12 12 30 20 0
12 12 21 29 1
12 12 29 21 1
12 12 22 28 2
12 12 28 22 2
12 12 23 27 4
12 12 27 23 4
12 12 24 26 5
12 12 26 24 5
12 12 25 25 7
10 14 15 35 0
14 10 15 35 0
10 14 35 15 0
14 10 35 15 0
11 13 15 35 0
13 11 15 35 0
11 13 35 15 0
13 11 35 15 0
12 12 15 35 0
12 12 35 15 0
12 12 16 34 0
12 12 34 16 0
