3 15 13 25 0
15 3 13 25 0
3 15 25 13 0
15 3 25 13 0
3 15 14 24 0
15 3 14 24 0
3 15 24 14 0
15 3 24 14 0
3 15 15 23 0
15 3 15 23 0
3 15 23 15 0
15 3 23 15 0
3 15 16 22 0
15 3 16 22 0
3 15 22 16 0
15 3 22 16 0
3 15 17 21 0
15 3 17 21 0
3 15 21 17 0
15 3 21 17 0
3 15 18 20 0
15 3 18 20 0
3 15 20 18 0
15 3 20 18 0
3 15 19 19 0
15 3 19 19 0
4 14 13 25 0
14 4 13 25 0
4 14 25 13 0
14 4 25 13 0
4 14 14 24 0
14 4 14 24 0
4 14 24 14 0
14 4 24 14 0
4 14 15 23 0
14 4 15 23 0
4 14 23 15 0
14 4 23 15 0
4 14 16 22 0
14 4 16 22 0
4 14 22 16 0
14 4 22 16 0
4 14 17 21 0
14 4 17 21 0
4 14 21 17 0
14 4 21 17 0
4 14 18 20 0
14 4 18 20 0
4 14 20 18 0
14 4 20 18 0
4 14 19 19 0
14 4 19 19 0
5 13 13 25 0
13 5 13 25 0
5 13 25 13 0
13 5 25 13 0
5 13 14 24 0
13 5 14 24 0
5 13 24 14 0
13 5 24 14 0
5 13 15 23 0
13 5 15 23 0
5 13 23 15 0
13 5 23 15 0
5 13 16 22 1
13 5 16 22 1
5 13 22 16 1
13 5 22 16 1
5 13 17 21 2
13 5 17 21 2
5 13 21 17 2
13 5 21 17 2
5 13 18 20 3
13 5 18 20 3
5 13 20 18 3
13 5 20 18 3
5 13 19 19 4
13 5 19 19 4
4 14 11 27 0
14 4 11 27 0
4 14 27 11 0
14 4 27 11 0
4 14 12 26 0
14 4 12 26 0
4 14 26 12 0
14 4 26 12 0
5 13 11 27 0
13 5 11 27 0
5 13 27 11 0
13 5 27 11 0
5 13 12 26 0
13 5 12 26 0
5 13 26 12 0
13 5 26 12 0
6 12 11 27 0
12 6 11 27 0
6 12 27 11 0
12 6 27 11 0
6 12 12 26 0
12 6 12 26 0
6 12 26 12 0
12 6 26 12 0
6 12 13 25 0
12 6 13 25 0
6 12 25 13 0
12 6 25 13 0
6 12 14 24 1
12 6 14 24 1
6 12 24 14 1
12 6 24 14 1
6 12 15 23 4
12 6 15 23 4
6 12 23 15 4
12 6 23 15 4
6 12 16 22 10
12 6 16 22 10
6 12 22 16 10
12 6 22 16 10
6 12 17 21 17
12 6 17 21 17
6 12 21 17 17
12 6 21 17 17
6 12 18 20 23
12 6 18 20 23
6 12 20 18 23
12 6 20 18 23
6 12 19 19 26
12 6 19 19 26
7 11 11 27 0
11 7 11 27 0
7 11 27 11 0
11 7 27 11 0
7 11 12 26 0
11 7 12 26 0
7 11 26 12 0
11 7 26 12 0
7 11 13 25 2
11 7 13 25 2
7 11 25 13 2
11 7 25 13 2
7 11 14 24 8
11 7 14 24 8
7 11 24 14 8
11 7 24 14 8
7 11 15 23 20
11 7 15 23 20
7 11 23 15 20
11 7 23 15 20
7 11 16 22 39
11 7 16 22 39
7 11 22 16 39
11 7 22 16 39
7 11 17 21 60
11 7 17 21 60
7 11 21 17 60
11 7 21 17 60
7 11 18 20 77
11 7 18 20 77
7 11 20 18 77
11 7 20 18 77
7 11 19 19 84
11 7 19 19 84
8 10 13 25 6
10 8 13 25 6
8 10 25 13 6
10 8 25 13 6
8 10 14 24 19
10 8 14 24 19
8 10 24 14 19
10 8 24 14 19
8 10 15 23 43
10 8 15 23 43
8 10 23 15 43
10 8 23 15 43
8 10 16 22 78
10 8 16 22 78
8 10 22 16 78
10 8 22 16 78
8 10 17 21 116
10 8 17 21 116
8 10 21 17 116
10 8 21 17 116
8 10 18 20 146
10 8 18 20 146
8 10 20 18 146
10 8 20 18 146
8 10 19 19 158
10 8 19 19 158
5 13 9 29 0
13 5 9 29 0
5 13 29 9 0
13 5 29 9 0
5 13 10 28 0
13 5 10 28 0
5 13 28 10 0
13 5 28 10 0
6 12 9 29 0
12 6 9 29 0
6 12 29 9 0
12 6 29 9 0
6 12 10 28 0
12 6 10 28 0
6 12 28 10 0
12 6 28 10 0
7 11 9 29 0
11 7 9 29 0
7 11 29 9 0
11 7 29 9 0
7 11 10 28 0
11 7 10 28 0
7 11 28 10 0
11 7 28 10 0
6 12 8 30 0
12 6 8 30 0
6 12 30 8 0
12 6 30 8 0
7 11 8 30 0
11 7 8 30 0
7 11 30 8 0
11 7 30 8 0
8 10 8 30 0
10 8 8 30 0
8 10 30 8 0
10 8 30 8 0
8 10 9 29 0
10 8 9 29 0
8 10 29 9 0
10 8 29 9 0
8 10 10 28 0
10 8 10 28 0
8 10 28 10 0
10 8 28 10 0
8 10 11 27 0
10 8 11 27 0
8 10 27 11 0
10 8 27 11 0
8 10 12 26 1
10 8 12 26 1
8 10 26 12 1
10 8 26 12 1
9 9 9 29 0
9 9 29 9 0
9 9 10 28 0
9 9 28 10 0
9 9 11 27 0
9 9 27 11 0
9 9 12 26 2
9 9 26 12 2
9 9 13 25 9
9 9 25 13 9
9 9 14 24 26
9 9 24 14 26
9 9 15 23 57
9 9 23 15 57
9 9 16 22 100
9 9 22 16 100
9 9 17 21 146
9 9 21 17 146
9 9 18 20 182
9 9 20 18 182
9 9 19 19 196
7 11 7 31 0
11 7 7 31 0
7 11 31 7 0
11 7 31 7 0
8 10 7 31 0
10 8 7 31 0
8 10 31 7 0
10 8 31 7 0
9 9 7 31 0
9 9 31 7 0
9 9 8 30 0
9 9 30 8 0
