4 16 16 26 0
16 4 16 26 0
4 16 26 16 0
16 4 26 16 0
4 16 17 25 0
16 4 17 25 0
4 16 25 17 0
16 4 25 17 0
4 16 18 24 0
16 4 18 24 0
4 16 24 18 0
16 4 24 18 0
4 16 19 23 0
16 4 19 23 0
4 16 23 19 0
16 4 23 19 0
4 16 20 22 0
16 4 20 22 0
4 16 22 20 0
16 4 22 20 0
4 16 21 21 0
16 4 21 21 0
5 15 16 26 0
15 5 16 26 0
5 15 26 16 0
15 5 26 16 0
5 15 17 25 0
15 5 17 25 0
5 15 25 17 0
15 5 25 17 0
5 15 18 24 0
15 5 18 24 0
5 15 24 18 0
15 5 24 18 0
5 15 19 23 0
15 5 19 23 0
5 15 23 19 0
15 5 23 19 0
5 15 20 22 0
15 5 20 22 0
5 15 22 20 0
15 5 22 20 0
5 15 21 21 0
15 5 21 21 0
6 14 16 26 0
14 6 16 26 0
6 14 26 16 0
14 6 26 16 0
6 14 17 25 0
14 6 17 25 0
6 14 25 17 0
14 6 25 17 0
6 14 18 24 0
14 6 18 24 0
6 14 24 18 0
14 6 24 18 0
6 14 19 23 0
14 6 19 23 0
6 14 23 19 0
14 6 23 19 0
6 14 20 22 1
14 6 20 22 1
6 14 22 20 1
14 6 22 20 1
6 14 21 21 1
14 6 21 21 1
5 15 13 29 0
15 5 13 29 0
5 15 29 13 0
15 5 29 13 0
5 15 14 28 0
15 5 14 28 0
5 15 28 14 0
15 5 28 14 0
5 15 15 27 0
15 5 15 27 0
5 15 27 15 0
15 5 27 15 0
6 14 13 29 0
14 6 13 29 0
6 14 29 13 0
14 6 29 13 0
6 14 14 28 0
14 6 14 28 0
6 14 28 14 0
14 6 28 14 0
6 14 15 27 0
14 6 15 27 0
6 14 27 15 0
14 6 27 15 0
7 13 13 29 0
13 7 13 29 0
7 13 29 13 0
13 7 29 13 0
7 13 14 28 0
13 7 14 28 0
7 13 28 14 0
13 7 28 14 0
7 13 15 27 0
13 7 15 27 0
7 13 27 15 0
13 7 27 15 0
7 13 16 26 0
13 7 16 26 0
7 13 26 16 0
13 7 26 16 0
7 13 17 25 1
13 7 17 25 1
7 13 25 17 1
13 7 25 17 1
7 13 18 24 3
13 7 18 24 3
7 13 24 18 3
13 7 24 18 3
7 13 19 23 6
13 7 19 23 6
7 13 23 19 6
13 7 23 19 6
7 13 20 22 9
13 7 20 22 9
7 13 22 20 9
13 7 22 20 9
7 13 21 21 10
13 7 21 21 10
6 14 12 30 0
14 6 12 30 0
6 14 30 12 0
14 6 30 12 0
7 13 12 30 0
13 7 12 30 0
7 13 30 12 0
13 7 30 12 0
8 12 12 30 0
12 8 12 30 0
8 12 30 12 0
12 8 30 12 0
8 12 13 29 0
12 8 13 29 0
8 12 29 13 0
12 8 29 13 0
8 12 14 28 0
12 8 14 28 0
8 12 28 14 0
12 8 28 14 0
8 12 15 27 0
12 8 15 27 0
8 12 27 15 0
12 8 27 15 0
8 12 16 26 2
12 8 16 26 2
8 12 26 16 2
12 8 26 16 2
8 12 17 25 6
12 8 17 25 6
8 12 25 17 6
12 8 25 17 6
8 12 18 24 15
12 8 18 24 15
8 12 24 18 15
12 8 24 18 15
8 12 19 23 24
12 8 19 23 24
8 12 23 19 24
12 8 23 19 24
8 12 20 22 34
12 8 20 22 34
8 12 22 20 34
12 8 22 20 34
8 12 21 21 36
12 8 21 21 36
9 11 13 29 0
11 9 13 29 0
9 11 29 13 0
11 9 29 13 0
9 11 14 28 0
11 9 14 28 0
9 11 28 14 0
11 9 28 14 0
9 11 15 27 2
11 9 15 27 2
9 11 27 15 2
11 9 27 15 2
9 11 16 26 7
11 9 16 26 7
9 11 26 16 7
11 9 26 16 7
9 11 17 25 18
11 9 17 25 18
9 11 25 17 18
11 9 25 17 18
9 11 18 24 35
11 9 18 24 35
9 11 24 18 35
11 9 24 18 35
9 11 19 23 54
11 9 19 23 54
9 11 23 19 54
11 9 23 19 54
9 11 20 22 70
11 9 20 22 70
9 11 22 20 70
11 9 22 20 70
9 11 21 21 76
11 9 21 21 76
10 10 16 26 9
10 10 26 16 9
10 10 17 25 22
10 10 25 17 22
10 10 18 24 44
10 10 24 18 44
10 10 19 23 66
10 10 23 19 66
10 10 20 22 87
10 10 22 20 87
10 10 21 21 93
7 13 10 32 0
13 7 10 32 0
7 13 32 10 0
13 7 32 10 0
7 13 11 31 0
13 7 11 31 0
7 13 31 11 0
13 7 31 11 0
8 12 10 32 0
12 8 10 32 0
8 12 32 10 0
12 8 32 10 0
8 12 11 31 0
12 8 11 31 0
8 12 31 11 0
12 8 31 11 0
9 11 10 32 0
11 9 10 32 0
9 11 32 10 0
11 9 32 10 0
9 11 11 31 0
11 9 11 31 0
9 11 31 11 0
11 9 31 11 0
9 11 12 30 0
11 9 12 30 0
9 11 30 12 0
11 9 30 12 0
10 10 10 32 0
10 10 32 10 0
10 10 11 31 0
10 10 31 11 0
10 10 12 30 0
10 10 30 12 0
10 10 13 29 0
10 10 29 13 0
10 10 14 28 0
10 10 28 14 0
10 10 15 27 2
10 10 27 15 2
9 11 9 33 0
11 9 9 33 0
9 11 33 9 0
11 9 33 9 0
10 10 9 33 0
10 10 33 9 0
