(1, 17, 21) 53
(2, 18, 19) 311
(10, 11, 18) 21021
(1, 11, 27) 3
(4, 12, 23) 913
(6, 16, 17) 8513
(8, 11, 20) 10058
(6, 9, 24) 1319
(5, 7, 27) 137
(2, 17, 20) 291
(9, 14, 16) 24887
(10, 14, 15) 31463
(3, 8, 28) 22
(12, 13, 14) 39563
(9, 9, 21) 7580
(7, 13, 19) 10178
(5, 10, 24) 972
(3, 14, 22) 584
(5, 14, 20) 3680
(7, 8, 24) 1530
(3, 13, 23) 431
(11, 11, 17) 26901
(6, 14, 19) 7062
(8, 13, 18) 15900
(6, 13, 20) 5846
(5, 11, 23) 1524
(6, 8, 25) 730
(6, 12, 21) 4524
(2, 14, 23) 153
(1, 18, 20) 59
(4, 15, 20) 1994
(9, 10, 20) 11164
(1, 13, 25) 13
(0, 15, 24) 1
(4, 4, 31) 1
(11, 13, 15) 35446
(2, 11, 26) 38
(9, 12, 18) 19167
(6, 7, 26) 359
(7, 14, 18) 11917
(11, 12, 16) 31991
(10, 13, 16) 29450
(8, 8, 23) 2831
(3, 6, 30) 2
(1, 10, 28) 1
(7, 9, 23) 2647
(7, 10, 22) 4173
(9, 11, 19) 15175
(2, 13, 24) 106
(10, 12, 17) 25766
(5, 8, 26) 296
(7, 16, 16) 13510
(5, 5, 29) 16
(2, 9, 28) 8
(7, 11, 21) 6051
(7, 12, 20) 8129
(5, 6, 28) 53
(4, 5, 30) 4
(2, 16, 21) 254
(3, 7, 29) 8
(4, 11, 24) 605
(5, 13, 21) 2949
(0, 16, 23) 2
(2, 8, 29) 3
(4, 16, 19) 2261
(6, 6, 27) 153
(1, 14, 24) 21
(6, 11, 22) 3252
(8, 10, 21) 7175
(5, 17, 17) 4875
(10, 10, 19) 15943
(8, 14, 17) 18064
(1, 15, 23) 32
(7, 7, 25) 793
(2, 7, 30) 1
(1, 19, 19) 61
(8, 15, 16) 19250
(12, 12, 15) 36880
(4, 13, 22) 1271
(9, 13, 17) 22581
(13, 13, 13) 41031
(4, 10, 25) 368
(5, 15, 19) 4307
(11, 14, 14) 36665
(3, 17, 19) 960
(0, 17, 22) 3
(2, 10, 27) 19
(1, 12, 26) 7
(3, 10, 26) 102
(4, 8, 27) 100
(8, 9, 22) 4711
(1, 16, 22) 43
(4, 14, 21) 1647
(0, 18, 21) 4
(2, 15, 22) 205
(4, 6, 29) 15
(3, 16, 20) 871
(2, 12, 25) 67
(0, 19, 20) 4
(3, 18, 18) 991
(6, 15, 18) 8002
(9, 15, 15) 25707
(4, 17, 18) 2406
(5, 12, 22) 2200
(6, 10, 23) 2165
(5, 16, 18) 4726
(3, 11, 25) 182
(8, 12, 19) 13097
(3, 15, 21) 741
(3, 12, 24) 293
(7, 15, 17) 13095
(3, 9, 27) 51
(4, 9, 26) 202
(5, 9, 25) 565
(4, 7, 28) 43
