(2, 9, 10) 153
(1, 2, 18) 3
(4, 7, 10) 342
(0, 6, 15) 7
(1, 9, 11) 69
(2, 2, 17) 9
(1, 7, 13) 50
(5, 6, 10) 395
(3, 5, 13) 130
(1, 5, 15) 25
(3, 7, 11) 225
(1, 8, 12) 61
(1, 3, 17) 8
(3, 4, 14) 84
(4, 6, 11) 284
(4, 8, 9) 374
(1, 1, 19) 1
(1, 10, 10) 71
(5, 8, 8) 480
(0, 9, 12) 16
(4, 5, 12) 213
(0, 4, 17) 2
(2, 4, 15) 40
(0, 10, 11) 17
(0, 8, 13) 13
(0, 3, 18) 1
(2, 5, 14) 64
(2, 3, 16) 22
(3, 9, 9) 267
(0, 5, 16) 4
(6, 6, 9) 490
(3, 8, 10) 254
(3, 6, 12) 180
(2, 7, 12) 120
(6, 7, 8) 544
(5, 7, 9) 460
(5, 5, 11) 308
(2, 6, 13) 92
(3, 3, 15) 49
(1, 4, 16) 15
(0, 7, 14) 10
(4, 4, 13) 142
(2, 8, 11) 141
(7, 7, 7) 579
(1, 6, 14) 37
