(12, 17, 28) 78363
(12, 15, 30) 36083
(13, 20, 24) 228987
(9, 24, 24) 45759
(4, 22, 31) 206
(5, 21, 31) 696
(8, 22, 27) 20202
(3, 22, 32) 27
(12, 22, 23) 183160
(7, 17, 33) 1469
(15, 20, 22) 402625
(13, 17, 27) 126517
(15, 19, 23) 370253
(13, 14, 30) 39410
(10, 11, 36) 451
(3, 20, 34) 7
(8, 24, 25) 24089
(5, 18, 34) 159
(10, 19, 28) 44197
(18, 19, 20) 579635
(6, 22, 29) 3228
(15, 18, 24) 321731
(6, 14, 37) 33
(17, 19, 21) 530468
(10, 13, 34) 2536
(6, 21, 30) 2480
(12, 13, 32) 12269
(10, 10, 37) 153
(4, 20, 33) 81
(14, 16, 27) 141693
(4, 23, 30) 284
(9, 14, 34) 1992
(11, 15, 31) 19045
(13, 21, 23) 248744
(3, 18, 36) 1
(9, 11, 37) 138
(11, 12, 34) 2846
(11, 22, 24) 121375
(14, 14, 29) 65021
(11, 19, 27) 79628
(11, 16, 30) 30227
(11, 18, 28) 61514
(3, 21, 33) 15
(14, 21, 22) 332047
(10, 23, 24) 78094
(12, 19, 26) 131151
(2, 26, 29) 8
(14, 17, 26) 189203
(12, 21, 24) 173325
(17, 18, 22) 486981
(16, 16, 25) 272955
(8, 12, 37) 106
(6, 17, 34) 396
(13, 19, 25) 199221
(8, 17, 32) 4304
(7, 19, 31) 3744
(6, 18, 33) 718
(6, 25, 26) 4755
(9, 16, 32) 6634
(9, 12, 36) 389
(3, 19, 35) 3
(9, 18, 30) 15902
(7, 12, 38) 21
(15, 21, 21) 413933
(16, 18, 23) 408297
(9, 10, 38) 41
(8, 14, 35) 666
(4, 26, 27) 457
(7, 22, 28) 8774
(10, 16, 31) 15018
(14, 18, 25) 237539
(2, 22, 33) 1
(6, 23, 28) 3920
(5, 16, 36) 34
(12, 20, 25) 155122
(9, 15, 33) 3800
(14, 20, 23) 314169
(7, 20, 30) 5326
(7, 23, 27) 10217
(14, 15, 28) 99396
(17, 20, 20) 545799
(11, 23, 23) 124753
(9, 13, 35) 938
(3, 27, 27) 91
(15, 16, 26) 203334
(11, 21, 25) 111639
(16, 17, 24) 344026
(12, 14, 31) 21938
(10, 14, 33) 5030
(3, 26, 28) 87
(3, 25, 29) 75
(10, 15, 32) 9059
(4, 24, 29) 361
(8, 9, 40) 1
(6, 20, 31) 1774
(3, 24, 30) 60
(5, 19, 33) 286
(10, 21, 26) 65969
(8, 13, 36) 287
(6, 19, 32) 1176
(19, 19, 19) 596898
(12, 12, 33) 6241
(2, 25, 30) 6
(7, 25, 25) 11538
(6, 16, 35) 198
(2, 24, 31) 4
(13, 13, 31) 22987
(5, 23, 29) 1230
(10, 18, 29) 32991
(8, 23, 26) 22719
(10, 12, 35) 1143
(11, 13, 33) 5915
(8, 20, 29) 13298
(15, 15, 27) 147067
(8, 10, 39) 8
(11, 14, 32) 11100
(7, 18, 32) 2446
(6, 13, 38) 10
(8, 21, 28) 16906
(7, 16, 34) 809
(7, 13, 37) 68
(9, 20, 28) 28844
(7, 15, 35) 400
(8, 18, 31) 6744
(18, 18, 21) 547065
(2, 23, 32) 2
(11, 11, 35) 1215
(13, 16, 28) 91884
(16, 20, 21) 483627
(7, 10, 40) 1
(5, 13, 39) 1
(6, 24, 27) 4461
(5, 14, 38) 4
(4, 25, 28) 422
(2, 27, 28) 9
(15, 17, 25) 263625
(12, 18, 27) 104546
(5, 15, 37) 12
(10, 22, 25) 73842
(16, 19, 22) 457201
(3, 23, 31) 42
(7, 14, 36) 178
(4, 18, 35) 20
(4, 17, 36) 7
(4, 19, 34) 43
(13, 22, 22) 255734
(7, 24, 26) 11201
(9, 22, 26) 40823
(17, 17, 23) 421695
(11, 20, 26) 97078
(10, 17, 30) 23052
(4, 16, 37) 2
(6, 15, 36) 86
(5, 25, 27) 1625
(8, 19, 30) 9803
(5, 26, 26) 1685
(12, 16, 29) 55057
(5, 24, 28) 1467
(7, 11, 39) 5
(8, 16, 33) 2538
(8, 11, 38) 32
(5, 22, 30) 964
(8, 15, 34) 1364
(9, 21, 27) 35341
(7, 21, 29) 7059
(5, 17, 35) 78
(10, 20, 27) 55630
(4, 21, 32) 135
(9, 23, 25) 44458
(11, 17, 29) 44578
(9, 9, 39) 9
(13, 18, 26) 163627
(9, 19, 29) 22117
(9, 17, 31) 10653
(6, 12, 39) 2
(14, 19, 24) 281107
(5, 20, 32) 466
(13, 15, 29) 62370
