(12, 15, 18) 86552
(6, 16, 23) 6970
(2, 16, 27) 52
(4, 18, 23) 1716
(7, 18, 20) 17537
(9, 18, 18) 43416
(1, 18, 26) 10
(10, 13, 22) 32190
(9, 13, 23) 20330
(12, 14, 19) 76394
(3, 9, 33) 1
(9, 9, 27) 3094
(2, 14, 29) 16
(5, 9, 31) 68
(9, 12, 24) 14343
(6, 10, 29) 506
(2, 13, 30) 8
(4, 14, 27) 517
(7, 15, 23) 11202
(5, 14, 26) 1595
(8, 14, 23) 15915
(5, 16, 24) 3035
(1, 15, 29) 1
(13, 16, 16) 105830
(9, 11, 25) 9388
(5, 7, 33) 7
(4, 20, 21) 2073
(15, 15, 15) 117240
(6, 9, 30) 235
(7, 16, 22) 13832
(7, 7, 31) 107
(8, 12, 25) 7958
(5, 15, 25) 2284
(3, 18, 24) 516
(3, 20, 22) 676
(0, 22, 23) 1
(10, 14, 21) 41233
(13, 15, 17) 102557
(5, 17, 23) 3776
(11, 11, 23) 24601
(7, 9, 29) 653
(6, 11, 28) 977
(8, 15, 22) 20310
(8, 8, 29) 704
(3, 16, 26) 293
(2, 21, 22) 172
(8, 18, 19) 29027
(7, 12, 26) 3945
(2, 20, 23) 158
(6, 13, 26) 2709
(7, 10, 28) 1314
(9, 16, 20) 38556
(3, 14, 28) 118
(14, 14, 17) 106232
(2, 17, 26) 79
(4, 17, 24) 1417
(1, 19, 25) 14
(10, 16, 19) 55853
(7, 8, 30) 285
(8, 13, 24) 11673
(13, 13, 19) 79434
(2, 15, 28) 31
(3, 19, 23) 612
(10, 10, 25) 9900
(2, 12, 31) 3
(4, 15, 26) 782
(4, 9, 32) 14
(1, 21, 23) 22
(0, 21, 24) 1
(3, 10, 32) 4
(4, 11, 30) 87
(7, 14, 24) 8488
(11, 16, 18) 74515
(7, 17, 21) 16063
(6, 6, 33) 7
(6, 17, 22) 8359
(9, 15, 21) 33209
(6, 7, 32) 31
(8, 17, 20) 27367
(11, 12, 22) 35208
(1, 20, 24) 18
(9, 14, 22) 26834
(9, 17, 19) 42163
(4, 8, 33) 4
(2, 11, 32) 1
(10, 11, 24) 15871
(14, 15, 16) 113368
(1, 22, 22) 23
(5, 8, 32) 24
(5, 20, 20) 4961
(3, 15, 27) 196
(4, 16, 25) 1091
(12, 13, 20) 63227
(10, 12, 23) 23451
(5, 10, 30) 160
(12, 16, 17) 92083
(6, 14, 25) 3980
(4, 13, 28) 317
(7, 11, 27) 2388
(4, 19, 22) 1947
(6, 8, 31) 93
(6, 12, 27) 1700
(5, 11, 29) 333
(11, 14, 20) 58302
(5, 19, 21) 4821
(6, 15, 24) 5452
(3, 21, 21) 703
(13, 14, 18) 93212
(1, 16, 28) 3
(12, 12, 21) 48907
(11, 13, 21) 46896
(5, 18, 22) 4398
(4, 7, 34) 1
(3, 13, 29) 66
(1, 17, 27) 6
(11, 15, 19) 68019
(5, 6, 34) 1
(6, 19, 20) 9993
(5, 12, 28) 616
(10, 17, 18) 59301
(4, 10, 31) 37
(3, 11, 31) 13
(11, 17, 17) 76829
(7, 13, 25) 6015
(5, 13, 27) 1038
(3, 12, 30) 32
(2, 18, 25) 108
(4, 12, 29) 175
(2, 19, 24) 136
(6, 18, 21) 9422
(8, 10, 27) 2896
(8, 11, 26) 5017
(8, 16, 21) 24312
(7, 19, 19) 18068
(9, 10, 26) 5643
(10, 15, 20) 49508
(3, 17, 25) 405
(8, 9, 28) 1516
