10 10 43 1
10 11 42 5
10 12 41 25
10 13 40 94
10 14 39 287
10 15 38 729
10 16 37 1644
10 17 36 3303
10 18 35 6045
10 19 34 10135
10 20 33 15726
10 21 32 22695
10 22 31 30649
10 23 30 38815
10 24 29 46255
10 25 28 51939
10 26 27 55027
11 11 41 26
11 12 40 108
11 13 39 348
11 14 38 939
11 15 37 2184
11 16 36 4545
11 17 35 8546
11 18 34 14739
11 19 33 23471
11 20 32 34756
11 21 31 48107
11 22 30 62493
11 23 29 76365
11 24 28 88022
11 25 27 95792
11 26 26 98527
12 12 39 374
12 13 38 1060
12 14 37 2597
12 15 36 5597
12 16 35 10907
12 17 34 19382
12 18 33 31797
12 19 32 48405
12 20 31 68834
12 21 30 91773
12 22 29 115132
12 23 28 136192
12 24 27 152215
12 25 26 160865
13 13 37 2739
13 14 36 6211
13 15 35 12578
13 16 34 23197
13 17 33 39293
13 18 32 61703
13 19 31 90314
13 20 30 123830
13 21 29 159585
13 22 28 193919
13 23 27 222541
13 24 26 241601
13 25 25 248272
14 14 35 13214
14 15 34 25355
14 16 33 44588
14 17 32 72370
14 18 31 109327
14 19 30 154390
14 20 29 204725
14 21 28 255678
14 22 27 301501
14 23 26 336190
14 24 25 354929
15 15 33 46448
15 16 32 78307
15 17 31 122368
15 18 30 178444
15 19 29 243832
15 20 28 313445
15 21 27 380019
15 22 26 435507
15 23 25 472314
15 24 24 485258
16 16 31 127088
16 17 30 191747
16 18 29 270590
16 19 28 358510
16 20 27 447460
16 21 26 527304
16 22 25 587795
16 23 24 620400
17 17 29 280022
17 18 28 383199
17 19 27 493017
17 20 26 598174
17 21 25 685733
17 22 24 743959
17 23 23 764310
18 18 27 509213
18 19 26 636890
18 20 25 751731
18 21 24 838758
18 22 23 885746
19 19 25 774955
19 20 24 890285
19 21 23 966927
19 22 22 993906
20 20 23 995572
20 21 22 1052490
21 21 21 1082466
3 24 36 1
3 25 35 2
3 26 34 4
3 27 33 7
3 28 32 9
3 29 31 11
3 30 30 12
4 21 38 1
4 22 37 4
4 23 36 10
4 24 35 21
4 25 34 36
4 26 33 55
4 27 32 74
4 28 31 90
4 29 30 99
5 18 40 1
5 19 39 4
5 20 38 12
5 21 37 29
5 22 36 61
5 23 35 110
5 24 34 179
5 25 33 263
5 26 32 351
5 27 31 432
5 28 30 487
5 29 29 506
6 16 41 1
6 17 40 5
6 18 39 18
6 19 38 48
6 20 37 108
6 21 36 213
6 22 35 376
6 23 34 598
6 24 33 876
6 25 32 1176
6 26 31 1466
6 27 30 1695
6 28 29 1819
7 14 42 1
7 15 41 4
7 16 40 17
7 17 39 51
7 18 38 131
7 19 37 287
7 20 36 557
7 21 35 974
7 22 34 1557
7 23 33 2288
7 24 32 3116
7 25 31 3949
7 26 30 4668
7 27 29 5156
7 28 28 5329
8 13 42 2
8 14 41 11
8 15 40 38
8 16 39 113
8 17 38 279
8 18 37 610
8 19 36 1184
8 20 35 2084
8 21 34 3358
8 22 33 5007
8 23 32 6923
8 24 31 8947
8 25 30 10813
8 26 29 12256
8 27 28 13046
9 12 42 3
9 13 41 17
9 14 40 66
9 15 39 193
9 16 38 487
9 17 37 1071
9 18 36 2116
9 19 35 3785
9 20 34 6211
9 21 33 9426
9 22 32 13309
9 23 31 17558
9 24 30 21724
9 25 29 25245
9 26 28 27616
9 27 27 28454
