10 10 37 152
10 11 36 450
10 12 35 1141
10 13 34 2533
10 14 33 5026
10 15 32 9054
10 16 31 15011
10 17 30 23044
10 18 29 32981
10 19 28 44185
10 20 27 55617
10 21 26 65955
10 22 25 73827
10 23 24 78079
11 11 35 1213
11 12 34 2842
11 13 33 5909
11 14 32 11091
11 15 31 19033
11 16 30 30211
11 17 29 44558
11 18 28 61489
11 19 27 79599
11 20 26 97045
11 21 25 111604
11 22 24 121338
11 23 23 124716
12 12 33 6233
12 13 32 12256
12 14 31 21918
12 15 30 36056
12 16 29 55020
12 17 28 78316
12 18 27 104488
12 19 26 131083
12 20 25 155046
12 21 24 173244
12 22 23 183076
13 13 31 22965
13 14 30 39376
13 15 29 62322
13 16 28 91817
13 17 27 126432
13 18 26 163521
13 19 25 199098
13 20 24 228850
13 21 23 248600
13 22 22 255585
14 14 29 64966
14 15 28 99317
14 16 27 141583
14 17 26 189061
14 18 25 237364
14 19 24 280905
14 20 23 313947
14 21 22 331815
15 15 27 146952
15 16 26 203172
15 17 25 263417
15 18 24 321433
15 19 23 369963
15 20 22 402260
15 21 21 413583
16 16 25 272728
16 17 24 343732
16 18 23 407946
16 19 22 456809
16 20 21 483212
17 17 23 421330
17 18 22 486549
17 19 21 529996
17 20 20 545302
18 18 21 546566
18 19 20 579098
19 19 19 596307
2 22 33 1
2 23 32 2
2 24 31 4
2 25 30 6
2 26 29 8
2 27 28 9
3 18 36 1
3 19 35 3
3 20 34 7
3 21 33 15
3 22 32 27
3 23 31 42
3 24 30 60
3 25 29 75
3 26 28 87
3 27 27 91
4 16 37 2
4 17 36 7
4 18 35 20
4 19 34 43
4 20 33 81
4 21 32 135
4 22 31 206
4 23 30 284
4 24 29 361
4 25 28 422
4 26 27 457
5 13 39 1
5 14 38 4
5 15 37 12
5 16 36 34
5 17 35 78
5 18 34 159
5 19 33 286
5 20 32 466
5 21 31 696
5 22 30 964
5 23 29 1230
5 24 28 1467
5 25 27 1625
5 26 26 1685
6 12 39 2
6 13 38 10
6 14 37 33
6 15 36 86
6 16 35 198
6 17 34 396
6 18 33 718
6 19 32 1176
6 20 31 1774
6 21 30 2480
6 22 29 3228
6 23 28 3920
6 24 27 4461
6 25 26 4755
7 10 40 1
7 11 39 5
7 12 38 21
7 13 37 68
7 14 36 178
7 15 35 400
7 16 34 809
7 17 33 1469
7 18 32 2446
7 19 31 3744
7 20 30 5326
7 21 29 7059
7 22 28 8774
7 23 27 10217
7 24 26 11201
7 25 25 11538
8 10 39 8
8 11 38 32
8 12 37 106
8 13 36 287
8 14 35 666
8 15 34 1364
8 16 33 2538
8 17 32 4304
8 18 31 6744
8 19 30 9803
8 20 29 13298
8 21 28 16906
8 22 27 20202
8 23 26 22719
8 24 25 24089
8 9 40 1
9 10 38 41
9 11 37 138
9 12 36 389
9 13 35 938
9 14 34 1992
9 15 33 3800
9 16 32 6634
9 17 31 10653
9 18 30 15902
9 19 29 22117
9 20 28 28844
9 21 27 35341
9 22 26 40823
9 23 25 44458
9 24 24 45759
9 9 39 9
