16 21 40 51 0
21 16 40 51 0
16 21 51 40 0
21 16 51 40 0
16 21 41 50 0
21 16 41 50 0
16 21 50 41 0
21 16 50 41 0
16 21 42 49 0
21 16 42 49 0
16 21 49 42 0
21 16 49 42 0
16 21 43 48 0
21 16 43 48 0
16 21 48 43 0
21 16 48 43 0
16 21 44 47 0
21 16 44 47 0
16 21 47 44 0
21 16 47 44 0
16 21 45 46 0
21 16 45 46 0
16 21 46 45 0
21 16 46 45 0
17 20 40 51 0
20 17 40 51 0
17 20 51 40 0
20 17 51 40 0
17 20 41 50 0
20 17 41 50 0
17 20 50 41 0
20 17 50 41 0
17 20 42 49 0
20 17 42 49 0
17 20 49 42 0
20 17 49 42 0
17 20 43 48 0
20 17 43 48 0
17 20 48 43 0
20 17 48 43 0
17 20 44 47 0
20 17 44 47 0
17 20 47 44 0
20 17 47 44 0
17 20 45 46 0
20 17 45 46 0
17 20 46 45 0
20 17 46 45 0
18 19 40 51 0
19 18 40 51 0
18 19 51 40 0
19 18 51 40 0
18 19 41 50 0
19 18 41 50 0
18 19 50 41 0
19 18 50 41 0
18 19 42 49 0
19 18 42 49 0
18 19 49 42 0
19 18 49 42 0
18 19 43 48 0
19 18 43 48 0
18 19 48 43 0
19 18 48 43 0
18 19 44 47 0
19 18 44 47 0
18 19 47 44 0
19 18 47 44 0
18 19 45 46 0
19 18 45 46 0
18 19 46 45 0
19 18 46 45 0
