0 7 3 13 0
7 0 3 13 0
0 7 13 3 0
7 0 13 3 0
0 7 4 12 0
7 0 4 12 0
0 7 12 4 0
7 0 12 4 0
1 6 3 13 0
6 1 3 13 0
1 6 13 3 0
6 1 13 3 0
1 6 4 12 0
6 1 4 12 0
1 6 12 4 0
6 1 12 4 0
0 7 5 11 0
7 0 5 11 0
0 7 11 5 0
7 0 11 5 0
1 6 5 11 0
6 1 5 11 0
1 6 11 5 0
6 1 11 5 0
0 7 6 10 0
7 0 6 10 0
0 7 10 6 0
7 0 10 6 0
1 6 6 10 0
6 1 6 10 0
1 6 10 6 0
6 1 10 6 0
0 7 7 9 0
7 0 7 9 0
0 7 9 7 0
7 0 9 7 0
1 6 7 9 0
6 1 7 9 0
1 6 9 7 0
6 1 9 7 0
1 6 1 15 0
6 1 1 15 0
1 6 15 1 0
6 1 15 1 0
1 6 2 14 0
6 1 2 14 0
1 6 14 2 0
6 1 14 2 0
2 5 1 15 0
5 2 1 15 0
2 5 15 1 0
5 2 15 1 0
2 5 2 14 1
5 2 2 14 1
2 5 14 2 1
5 2 14 2 1
2 5 3 13 1
5 2 3 13 1
2 5 13 3 1
5 2 13 3 1
2 5 4 12 2
5 2 4 12 2
2 5 12 4 2
5 2 12 4 2
2 5 5 11 3
5 2 5 11 3
2 5 11 5 3
5 2 11 5 3
2 5 6 10 4
5 2 6 10 4
2 5 10 6 4
5 2 10 6 4
2 5 7 9 4
5 2 7 9 4
2 5 9 7 4
5 2 9 7 4
3 4 1 15 0
4 3 1 15 0
3 4 15 1 0
4 3 15 1 0
3 4 2 14 1
4 3 2 14 1
3 4 14 2 1
4 3 14 2 1
3 4 3 13 2
4 3 3 13 2
3 4 13 3 2
4 3 13 3 2
3 4 4 12 4
4 3 4 12 4
3 4 12 4 4
4 3 12 4 4
3 4 5 11 6
4 3 5 11 6
3 4 11 5 6
4 3 11 5 6
3 4 6 10 9
4 3 6 10 9
3 4 10 6 9
4 3 10 6 9
3 4 7 9 10
4 3 7 9 10
3 4 9 7 10
4 3 9 7 10
0 7 8 8 0
7 0 8 8 0
1 6 8 8 0
6 1 8 8 0
2 5 8 8 5
5 2 8 8 5
3 4 8 8 11
4 3 8 8 11
3 4 0 16 0
4 3 0 16 0
3 4 16 0 0
4 3 16 0 0
