3 18 18 33 0
18 3 18 33 0
3 18 33 18 0
18 3 33 18 0
3 18 19 32 0
18 3 19 32 0
3 18 32 19 0
18 3 32 19 0
3 18 20 31 0
18 3 20 31 0
3 18 31 20 0
18 3 31 20 0
3 18 21 30 0
18 3 21 30 0
3 18 30 21 0
18 3 30 21 0
3 18 22 29 0
18 3 22 29 0
3 18 29 22 0
18 3 29 22 0
3 18 23 28 0
18 3 23 28 0
3 18 28 23 0
18 3 28 23 0
3 18 24 27 0
18 3 24 27 0
3 18 27 24 0
18 3 27 24 0
4 17 18 33 0
17 4 18 33 0
4 17 33 18 0
17 4 33 18 0
4 17 19 32 0
17 4 19 32 0
4 17 32 19 0
17 4 32 19 0
4 17 20 31 0
17 4 20 31 0
4 17 31 20 0
17 4 31 20 0
4 17 21 30 0
17 4 21 30 0
4 17 30 21 0
17 4 30 21 0
4 17 22 29 0
17 4 22 29 0
4 17 29 22 0
17 4 29 22 0
4 17 23 28 0
17 4 23 28 0
4 17 28 23 0
17 4 28 23 0
4 17 24 27 0
17 4 24 27 0
4 17 27 24 0
17 4 27 24 0
5 16 18 33 0
16 5 18 33 0
5 16 33 18 0
16 5 33 18 0
5 16 19 32 0
16 5 19 32 0
5 16 32 19 0
16 5 32 19 0
5 16 20 31 0
16 5 20 31 0
5 16 31 20 0
16 5 31 20 0
5 16 21 30 0
16 5 21 30 0
5 16 30 21 0
16 5 30 21 0
5 16 22 29 1
16 5 22 29 1
5 16 29 22 1
16 5 29 22 1
5 16 23 28 2
16 5 23 28 2
5 16 28 23 2
16 5 28 23 2
5 16 24 27 3
16 5 24 27 3
5 16 27 24 3
16 5 27 24 3
6 15 18 33 1
15 6 18 33 1
6 15 33 18 1
15 6 33 18 1
6 15 19 32 3
15 6 19 32 3
6 15 32 19 3
15 6 32 19 3
6 15 20 31 7
15 6 20 31 7
6 15 31 20 7
15 6 31 20 7
6 15 21 30 13
15 6 21 30 13
6 15 30 21 13
15 6 30 21 13
6 15 22 29 22
15 6 22 29 22
6 15 29 22 22
15 6 29 22 22
6 15 23 28 32
15 6 23 28 32
6 15 28 23 32
15 6 28 23 32
6 15 24 27 41
15 6 24 27 41
6 15 27 24 41
15 6 27 24 41
3 18 25 26 0
18 3 25 26 0
3 18 26 25 0
18 3 26 25 0
4 17 25 26 0
17 4 25 26 0
4 17 26 25 0
17 4 26 25 0
5 16 25 26 3
16 5 25 26 3
5 16 26 25 3
16 5 26 25 3
6 15 25 26 45
15 6 25 26 45
6 15 26 25 45
15 6 26 25 45
4 17 16 35 0
17 4 16 35 0
4 17 35 16 0
17 4 35 16 0
4 17 17 34 0
17 4 17 34 0
4 17 34 17 0
17 4 34 17 0
5 16 16 35 0
16 5 16 35 0
5 16 35 16 0
16 5 35 16 0
5 16 17 34 0
16 5 17 34 0
5 16 34 17 0
16 5 34 17 0
6 15 16 35 0
15 6 16 35 0
6 15 35 16 0
15 6 35 16 0
6 15 17 34 0
15 6 17 34 0
6 15 34 17 0
15 6 34 17 0
7 14 16 35 1
14 7 16 35 1
7 14 35 16 1
14 7 35 16 1
7 14 17 34 3
14 7 17 34 3
7 14 34 17 3
14 7 34 17 3
7 14 18 33 10
14 7 18 33 10
7 14 33 18 10
14 7 33 18 10
7 14 19 32 24
14 7 19 32 24
7 14 32 19 24
14 7 32 19 24
7 14 20 31 48
14 7 20 31 48
7 14 31 20 48
14 7 31 20 48
7 14 21 30 81
14 7 21 30 81
7 14 30 21 81
14 7 30 21 81
7 14 22 29 123
14 7 22 29 123
7 14 29 22 123
14 7 29 22 123
7 14 23 28 166
14 7 23 28 166
7 14 28 23 166
14 7 28 23 166
7 14 24 27 202
14 7 24 27 202
7 14 27 24 202
14 7 27 24 202
7 14 25 26 222
14 7 25 26 222
7 14 26 25 222
14 7 26 25 222
8 13 16 35 6
13 8 16 35 6
8 13 35 16 6
13 8 35 16 6
8 13 17 34 18
13 8 17 34 18
8 13 34 17 18
13 8 34 17 18
8 13 18 33 45
13 8 18 33 45
8 13 33 18 45
13 8 33 18 45
8 13 19 32 93
13 8 19 32 93
8 13 32 19 93
13 8 32 19 93
8 13 20 31 168
13 8 20 31 168
8 13 31 20 168
13 8 31 20 168
8 13 21 30 267
13 8 21 30 267
8 13 30 21 267
13 8 30 21 267
8 13 22 29 384
13 8 22 29 384
8 13 29 22 384
13 8 29 22 384
8 13 23 28 500
13 8 23 28 500
8 13 28 23 500
13 8 28 23 500
8 13 24 27 595
13 8 24 27 595
8 13 27 24 595
13 8 27 24 595
8 13 25 26 648
13 8 25 26 648
8 13 26 25 648
13 8 26 25 648
9 12 18 33 109
12 9 18 33 109
9 12 33 18 109
12 9 33 18 109
9 12 19 32 210
12 9 19 32 210
9 12 32 19 210
12 9 32 19 210
9 12 20 31 361
12 9 20 31 361
9 12 31 20 361
12 9 31 20 361
9 12 21 30 555
12 9 21 30 555
9 12 30 21 555
12 9 30 21 555
9 12 22 29 776
12 9 22 29 776
9 12 29 22 776
12 9 29 22 776
9 12 23 28 992
12 9 23 28 992
9 12 28 23 992
12 9 28 23 992
9 12 24 27 1167
12 9 24 27 1167
9 12 27 24 1167
12 9 27 24 1167
9 12 25 26 1263
12 9 25 26 1263
9 12 26 25 1263
12 9 26 25 1263
5 16 13 38 0
16 5 13 38 0
5 16 38 13 0
16 5 38 13 0
5 16 14 37 0
16 5 14 37 0
5 16 37 14 0
16 5 37 14 0
5 16 15 36 0
16 5 15 36 0
5 16 36 15 0
16 5 36 15 0
6 15 13 38 0
15 6 13 38 0
6 15 38 13 0
15 6 38 13 0
6 15 14 37 0
15 6 14 37 0
6 15 37 14 0
15 6 37 14 0
6 15 15 36 0
15 6 15 36 0
6 15 36 15 0
15 6 36 15 0
7 14 13 38 0
14 7 13 38 0
7 14 38 13 0
14 7 38 13 0
7 14 14 37 0
14 7 14 37 0
7 14 37 14 0
14 7 37 14 0
7 14 15 36 0
14 7 15 36 0
7 14 36 15 0
14 7 36 15 0
8 13 13 38 0
13 8 13 38 0
8 13 38 13 0
13 8 38 13 0
8 13 14 37 0
13 8 14 37 0
8 13 37 14 0
13 8 37 14 0
8 13 15 36 1
13 8 15 36 1
8 13 36 15 1
13 8 36 15 1
6 15 12 39 0
15 6 12 39 0
6 15 39 12 0
15 6 39 12 0
7 14 12 39 0
14 7 12 39 0
7 14 39 12 0
14 7 39 12 0
8 13 12 39 0
13 8 12 39 0
8 13 39 12 0
13 8 39 12 0
9 12 12 39 0
12 9 12 39 0
9 12 39 12 0
12 9 39 12 0
9 12 13 38 0
12 9 13 38 0
9 12 38 13 0
12 9 38 13 0
9 12 14 37 1
12 9 14 37 1
9 12 37 14 1
12 9 37 14 1
9 12 15 36 5
12 9 15 36 5
9 12 36 15 5
12 9 36 15 5
9 12 16 35 18
12 9 16 35 18
9 12 35 16 18
12 9 35 16 18
9 12 17 34 48
12 9 17 34 48
9 12 34 17 48
12 9 34 17 48
10 11 13 38 0
11 10 13 38 0
10 11 38 13 0
11 10 38 13 0
10 11 14 37 2
11 10 14 37 2
10 11 37 14 2
11 10 37 14 2
10 11 15 36 9
11 10 15 36 9
10 11 36 15 9
11 10 36 15 9
10 11 16 35 30
11 10 16 35 30
10 11 35 16 30
11 10 35 16 30
10 11 17 34 76
11 10 17 34 76
10 11 34 17 76
11 10 34 17 76
10 11 18 33 165
11 10 18 33 165
10 11 33 18 165
11 10 33 18 165
10 11 19 32 310
11 10 19 32 310
10 11 32 19 310
11 10 32 19 310
10 11 20 31 521
11 10 20 31 521
10 11 31 20 521
11 10 31 20 521
10 11 21 30 788
11 10 21 30 788
10 11 30 21 788
11 10 30 21 788
10 11 22 29 1090
11 10 22 29 1090
10 11 29 22 1090
11 10 29 22 1090
10 11 23 28 1382
11 10 23 28 1382
10 11 28 23 1382
11 10 28 23 1382
10 11 24 27 1616
11 10 24 27 1616
10 11 27 24 1616
11 10 27 24 1616
10 11 25 26 1745
11 10 25 26 1745
10 11 26 25 1745
11 10 26 25 1745
7 14 10 41 0
14 7 10 41 0
7 14 41 10 0
14 7 41 10 0
7 14 11 40 0
14 7 11 40 0
7 14 40 11 0
14 7 40 11 0
8 13 10 41 0
13 8 10 41 0
8 13 41 10 0
13 8 41 10 0
8 13 11 40 0
13 8 11 40 0
8 13 40 11 0
13 8 40 11 0
9 12 10 41 0
12 9 10 41 0
9 12 41 10 0
12 9 41 10 0
9 12 11 40 0
12 9 11 40 0
9 12 40 11 0
12 9 40 11 0
10 11 10 41 0
11 10 10 41 0
10 11 41 10 0
11 10 41 10 0
10 11 11 40 0
11 10 11 40 0
10 11 40 11 0
11 10 40 11 0
10 11 12 39 0
11 10 12 39 0
10 11 39 12 0
11 10 39 12 0
9 12 9 42 0
12 9 9 42 0
9 12 42 9 0
12 9 42 9 0
10 11 9 42 0
11 10 9 42 0
10 11 42 9 0
11 10 42 9 0
