1 16 15 26 0
16 1 15 26 0
1 16 26 15 0
16 1 26 15 0
1 16 16 25 0
16 1 16 25 0
1 16 25 16 0
16 1 25 16 0
1 16 17 24 0
16 1 17 24 0
1 16 24 17 0
16 1 24 17 0
1 16 18 23 0
16 1 18 23 0
1 16 23 18 0
16 1 23 18 0
1 16 19 22 0
16 1 19 22 0
1 16 22 19 0
16 1 22 19 0
1 16 20 21 0
16 1 20 21 0
1 16 21 20 0
16 1 21 20 0
2 15 15 26 0
15 2 15 26 0
2 15 26 15 0
15 2 26 15 0
2 15 16 25 0
15 2 16 25 0
2 15 25 16 0
15 2 25 16 0
2 15 17 24 0
15 2 17 24 0
2 15 24 17 0
15 2 24 17 0
2 15 18 23 0
15 2 18 23 0
2 15 23 18 0
15 2 23 18 0
2 15 19 22 0
15 2 19 22 0
2 15 22 19 0
15 2 22 19 0
2 15 20 21 0
15 2 20 21 0
2 15 21 20 0
15 2 21 20 0
3 14 15 26 1
14 3 15 26 1
3 14 26 15 1
14 3 26 15 1
3 14 16 25 2
14 3 16 25 2
3 14 25 16 2
14 3 25 16 2
3 14 17 24 4
14 3 17 24 4
3 14 24 17 4
14 3 24 17 4
3 14 18 23 6
14 3 18 23 6
3 14 23 18 6
14 3 23 18 6
3 14 19 22 8
14 3 19 22 8
3 14 22 19 8
14 3 22 19 8
3 14 20 21 9
14 3 20 21 9
3 14 21 20 9
14 3 21 20 9
4 13 15 26 11
13 4 15 26 11
4 13 26 15 11
13 4 26 15 11
4 13 16 25 21
13 4 16 25 21
4 13 25 16 21
13 4 25 16 21
4 13 17 24 35
13 4 17 24 35
4 13 24 17 35
13 4 24 17 35
4 13 18 23 50
13 4 18 23 50
4 13 23 18 50
13 4 23 18 50
4 13 19 22 63
13 4 19 22 63
4 13 22 19 63
13 4 22 19 63
4 13 20 21 70
13 4 20 21 70
4 13 21 20 70
13 4 21 20 70
5 12 15 26 63
12 5 15 26 63
5 12 26 15 63
12 5 26 15 63
5 12 16 25 107
12 5 16 25 107
5 12 25 16 107
12 5 25 16 107
5 12 17 24 162
12 5 17 24 162
5 12 24 17 162
12 5 24 17 162
5 12 18 23 218
12 5 18 23 218
5 12 23 18 218
12 5 23 18 218
5 12 19 22 265
12 5 19 22 265
5 12 22 19 265
12 5 22 19 265
5 12 20 21 291
12 5 20 21 291
5 12 21 20 291
12 5 21 20 291
2 15 11 30 0
15 2 11 30 0
2 15 30 11 0
15 2 30 11 0
2 15 12 29 0
15 2 12 29 0
2 15 29 12 0
15 2 29 12 0
2 15 13 28 0
15 2 13 28 0
2 15 28 13 0
15 2 28 13 0
2 15 14 27 0
15 2 14 27 0
2 15 27 14 0
15 2 27 14 0
3 14 11 30 0
14 3 11 30 0
3 14 30 11 0
14 3 30 11 0
3 14 12 29 0
14 3 12 29 0
3 14 29 12 0
14 3 29 12 0
3 14 13 28 0
14 3 13 28 0
3 14 28 13 0
14 3 28 13 0
3 14 14 27 0
14 3 14 27 0
3 14 27 14 0
14 3 27 14 0
4 13 11 30 0
13 4 11 30 0
4 13 30 11 0
13 4 30 11 0
4 13 12 29 0
13 4 12 29 0
4 13 29 12 0
13 4 29 12 0
4 13 13 28 1
13 4 13 28 1
4 13 28 13 1
13 4 28 13 1
4 13 14 27 4
13 4 14 27 4
4 13 27 14 4
13 4 27 14 4
5 12 11 30 1
12 5 11 30 1
5 12 30 11 1
12 5 30 11 1
5 12 12 29 4
12 5 12 29 4
5 12 29 12 4
12 5 29 12 4
5 12 13 28 13
12 5 13 28 13
5 12 28 13 13
12 5 28 13 13
5 12 14 27 31
12 5 14 27 31
5 12 27 14 31
12 5 27 14 31
3 14 10 31 0
14 3 10 31 0
3 14 31 10 0
14 3 31 10 0
4 13 10 31 0
13 4 10 31 0
4 13 31 10 0
13 4 31 10 0
5 12 10 31 0
12 5 10 31 0
5 12 31 10 0
12 5 31 10 0
6 11 10 31 1
11 6 10 31 1
6 11 31 10 1
11 6 31 10 1
6 11 11 30 6
11 6 11 30 6
6 11 30 11 6
11 6 30 11 6
6 11 12 29 20
11 6 12 29 20
6 11 29 12 20
11 6 29 12 20
6 11 13 28 51
11 6 13 28 51
6 11 28 13 51
11 6 28 13 51
6 11 14 27 107
11 6 14 27 107
6 11 27 14 107
11 6 27 14 107
6 11 15 26 196
11 6 15 26 196
6 11 26 15 196
11 6 26 15 196
6 11 16 25 314
11 6 16 25 314
6 11 25 16 314
11 6 25 16 314
6 11 17 24 453
11 6 17 24 453
6 11 24 17 453
11 6 24 17 453
6 11 18 23 591
11 6 18 23 591
6 11 23 18 591
11 6 23 18 591
6 11 19 22 704
11 6 19 22 704
6 11 22 19 704
11 6 22 19 704
6 11 20 21 767
11 6 20 21 767
6 11 21 20 767
11 6 21 20 767
7 10 11 30 19
10 7 11 30 19
7 10 30 11 19
10 7 30 11 19
7 10 12 29 52
10 7 12 29 52
7 10 29 12 52
10 7 29 12 52
7 10 13 28 119
10 7 13 28 119
7 10 28 13 119
10 7 28 13 119
7 10 14 27 232
10 7 14 27 232
7 10 27 14 232
10 7 27 14 232
7 10 15 26 402
10 7 15 26 402
7 10 26 15 402
10 7 26 15 402
7 10 16 25 621
10 7 16 25 621
7 10 25 16 621
10 7 25 16 621
7 10 17 24 872
10 7 17 24 872
7 10 24 17 872
10 7 24 17 872
7 10 18 23 1117
10 7 18 23 1117
7 10 23 18 1117
10 7 23 18 1117
7 10 19 22 1315
10 7 19 22 1315
7 10 22 19 1315
10 7 22 19 1315
7 10 20 21 1425
10 7 20 21 1425
7 10 21 20 1425
10 7 21 20 1425
3 14 9 32 0
14 3 9 32 0
3 14 32 9 0
14 3 32 9 0
4 13 9 32 0
13 4 9 32 0
4 13 32 9 0
13 4 32 9 0
5 12 9 32 0
12 5 9 32 0
5 12 32 9 0
12 5 32 9 0
6 11 9 32 0
11 6 9 32 0
6 11 32 9 0
11 6 32 9 0
4 13 7 34 0
13 4 7 34 0
4 13 34 7 0
13 4 34 7 0
4 13 8 33 0
13 4 8 33 0
4 13 33 8 0
13 4 33 8 0
5 12 7 34 0
12 5 7 34 0
5 12 34 7 0
12 5 34 7 0
5 12 8 33 0
12 5 8 33 0
5 12 33 8 0
12 5 33 8 0
6 11 7 34 0
11 6 7 34 0
6 11 34 7 0
11 6 34 7 0
6 11 8 33 0
11 6 8 33 0
6 11 33 8 0
11 6 33 8 0
7 10 7 34 0
10 7 7 34 0
7 10 34 7 0
10 7 34 7 0
7 10 8 33 0
10 7 8 33 0
7 10 33 8 0
10 7 33 8 0
7 10 9 32 1
10 7 9 32 1
7 10 32 9 1
10 7 32 9 1
7 10 10 31 5
10 7 10 31 5
7 10 31 10 5
10 7 31 10 5
8 9 7 34 0
9 8 7 34 0
8 9 34 7 0
9 8 34 7 0
8 9 8 33 0
9 8 8 33 0
8 9 33 8 0
9 8 33 8 0
8 9 9 32 2
9 8 9 32 2
8 9 32 9 2
9 8 32 9 2
8 9 10 31 9
9 8 10 31 9
8 9 31 10 9
9 8 31 10 9
8 9 11 30 31
9 8 11 30 31
8 9 30 11 31
9 8 30 11 31
8 9 12 29 80
9 8 12 29 80
8 9 29 12 80
9 8 29 12 80
8 9 13 28 176
9 8 13 28 176
8 9 28 13 176
9 8 28 13 176
8 9 14 27 334
9 8 14 27 334
8 9 27 14 334
9 8 27 14 334
8 9 15 26 566
9 8 15 26 566
8 9 26 15 566
9 8 26 15 566
8 9 16 25 861
9 8 16 25 861
8 9 25 16 861
9 8 25 16 861
8 9 17 24 1195
9 8 17 24 1195
8 9 24 17 1195
9 8 24 17 1195
8 9 18 23 1519
9 8 18 23 1519
8 9 23 18 1519
9 8 23 18 1519
8 9 19 22 1779
9 8 19 22 1779
8 9 22 19 1779
9 8 22 19 1779
8 9 20 21 1923
9 8 20 21 1923
8 9 21 20 1923
9 8 21 20 1923
5 12 6 35 0
12 5 6 35 0
5 12 35 6 0
12 5 35 6 0
6 11 6 35 0
11 6 6 35 0
6 11 35 6 0
11 6 35 6 0
7 10 6 35 0
10 7 6 35 0
7 10 35 6 0
10 7 35 6 0
8 9 6 35 0
9 8 6 35 0
8 9 35 6 0
9 8 35 6 0
6 11 5 36 0
11 6 5 36 0
6 11 36 5 0
11 6 36 5 0
7 10 5 36 0
10 7 5 36 0
7 10 36 5 0
10 7 36 5 0
8 9 5 36 0
9 8 5 36 0
8 9 36 5 0
9 8 36 5 0
