10 21 31 45 0
21 10 31 45 0
10 21 45 31 0
21 10 45 31 0
10 21 32 44 0
21 10 32 44 0
10 21 44 32 0
21 10 44 32 0
10 21 33 43 0
21 10 33 43 0
10 21 43 33 0
21 10 43 33 0
10 21 34 42 0
21 10 34 42 0
10 21 42 34 0
21 10 42 34 0
10 21 35 41 0
21 10 35 41 0
10 21 41 35 0
21 10 41 35 0
10 21 36 40 0
21 10 36 40 0
10 21 40 36 0
21 10 40 36 0
10 21 37 39 0
21 10 37 39 0
10 21 39 37 0
21 10 39 37 0
11 20 31 45 0
20 11 31 45 0
11 20 45 31 0
20 11 45 31 0
11 20 32 44 0
20 11 32 44 0
11 20 44 32 0
20 11 44 32 0
11 20 33 43 0
20 11 33 43 0
11 20 43 33 0
20 11 43 33 0
11 20 34 42 0
20 11 34 42 0
11 20 42 34 0
20 11 42 34 0
11 20 35 41 0
20 11 35 41 0
11 20 41 35 0
20 11 41 35 0
11 20 36 40 0
20 11 36 40 0
11 20 40 36 0
20 11 40 36 0
11 20 37 39 0
20 11 37 39 0
11 20 39 37 0
20 11 39 37 0
12 19 31 45 0
19 12 31 45 0
12 19 45 31 0
19 12 45 31 0
12 19 32 44 0
19 12 32 44 0
12 19 44 32 0
19 12 44 32 0
12 19 33 43 0
19 12 33 43 0
12 19 43 33 0
19 12 43 33 0
12 19 34 42 0
19 12 34 42 0
12 19 42 34 0
19 12 42 34 0
12 19 35 41 0
19 12 35 41 0
12 19 41 35 0
19 12 41 35 0
12 19 36 40 0
19 12 36 40 0
12 19 40 36 0
19 12 40 36 0
12 19 37 39 0
19 12 37 39 0
12 19 39 37 0
19 12 39 37 0
13 18 31 45 0
18 13 31 45 0
13 18 45 31 0
18 13 45 31 0
13 18 32 44 0
18 13 32 44 0
13 18 44 32 0
18 13 44 32 0
13 18 33 43 0
18 13 33 43 0
13 18 43 33 0
18 13 43 33 0
13 18 34 42 0
18 13 34 42 0
13 18 42 34 0
18 13 42 34 0
13 18 35 41 0
18 13 35 41 0
13 18 41 35 0
18 13 41 35 0
13 18 36 40 0
18 13 36 40 0
13 18 40 36 0
18 13 40 36 0
13 18 37 39 0
18 13 37 39 0
13 18 39 37 0
18 13 39 37 0
10 21 38 38 0
21 10 38 38 0
11 20 38 38 0
20 11 38 38 0
12 19 38 38 0
19 12 38 38 0
13 18 38 38 0
18 13 38 38 0
11 20 28 48 0
20 11 28 48 0
11 20 48 28 0
20 11 48 28 0
11 20 29 47 0
20 11 29 47 0
11 20 47 29 0
20 11 47 29 0
11 20 30 46 0
20 11 30 46 0
11 20 46 30 0
20 11 46 30 0
12 19 28 48 0
19 12 28 48 0
12 19 48 28 0
19 12 48 28 0
12 19 29 47 0
19 12 29 47 0
12 19 47 29 0
19 12 47 29 0
12 19 30 46 0
19 12 30 46 0
12 19 46 30 0
19 12 46 30 0
13 18 28 48 0
18 13 28 48 0
13 18 48 28 0
18 13 48 28 0
13 18 29 47 0
18 13 29 47 0
13 18 47 29 0
18 13 47 29 0
13 18 30 46 0
18 13 30 46 0
13 18 46 30 0
18 13 46 30 0
14 17 28 48 0
17 14 28 48 0
14 17 48 28 0
17 14 48 28 0
14 17 29 47 0
17 14 29 47 0
14 17 47 29 0
17 14 47 29 0
14 17 30 46 0
17 14 30 46 0
14 17 46 30 0
17 14 46 30 0
14 17 31 45 0
17 14 31 45 0
14 17 45 31 0
17 14 45 31 0
14 17 32 44 0
17 14 32 44 0
14 17 44 32 0
17 14 44 32 0
14 17 33 43 1
17 14 33 43 1
14 17 43 33 1
17 14 43 33 1
14 17 34 42 2
17 14 34 42 2
14 17 42 34 2
17 14 42 34 2
14 17 35 41 3
17 14 35 41 3
14 17 41 35 3
17 14 41 35 3
14 17 36 40 4
17 14 36 40 4
14 17 40 36 4
17 14 40 36 4
14 17 37 39 5
17 14 37 39 5
14 17 39 37 5
17 14 39 37 5
14 17 38 38 5
17 14 38 38 5
12 19 27 49 0
19 12 27 49 0
12 19 49 27 0
19 12 49 27 0
13 18 27 49 0
18 13 27 49 0
13 18 49 27 0
18 13 49 27 0
14 17 27 49 0
17 14 27 49 0
14 17 49 27 0
17 14 49 27 0
15 16 27 49 0
16 15 27 49 0
15 16 49 27 0
16 15 49 27 0
15 16 28 48 0
16 15 28 48 0
15 16 48 28 0
16 15 48 28 0
15 16 29 47 0
16 15 29 47 0
15 16 47 29 0
16 15 47 29 0
15 16 30 46 0
16 15 30 46 0
15 16 46 30 0
16 15 46 30 0
15 16 31 45 0
16 15 31 45 0
15 16 45 31 0
16 15 45 31 0
15 16 32 44 1
16 15 32 44 1
15 16 44 32 1
16 15 44 32 1
15 16 33 43 3
16 15 33 43 3
15 16 43 33 3
16 15 43 33 3
15 16 34 42 5
16 15 34 42 5
15 16 42 34 5
16 15 42 34 5
15 16 35 41 7
16 15 35 41 7
15 16 41 35 7
16 15 41 35 7
15 16 36 40 9
16 15 36 40 9
15 16 40 36 9
16 15 40 36 9
15 16 37 39 11
16 15 37 39 11
15 16 39 37 11
16 15 39 37 11
15 16 38 38 11
16 15 38 38 11
13 18 26 50 0
18 13 26 50 0
13 18 50 26 0
18 13 50 26 0
14 17 26 50 0
17 14 26 50 0
14 17 50 26 0
17 14 50 26 0
15 16 26 50 0
16 15 26 50 0
15 16 50 26 0
16 15 50 26 0
