6 21 30 36 0
21 6 30 36 0
6 21 36 30 0
21 6 36 30 0
6 21 31 35 0
21 6 31 35 0
6 21 35 31 0
21 6 35 31 0
6 21 32 34 0
21 6 32 34 0
6 21 34 32 0
21 6 34 32 0
6 21 33 33 0
21 6 33 33 0
7 20 30 36 0
20 7 30 36 0
7 20 36 30 0
20 7 36 30 0
7 20 31 35 0
20 7 31 35 0
7 20 35 31 0
20 7 35 31 0
7 20 32 34 0
20 7 32 34 0
7 20 34 32 0
20 7 34 32 0
7 20 33 33 0
20 7 33 33 0
8 19 30 36 0
19 8 30 36 0
8 19 36 30 0
19 8 36 30 0
8 19 31 35 0
19 8 31 35 0
8 19 35 31 0
19 8 35 31 0
8 19 32 34 0
19 8 32 34 0
8 19 34 32 0
19 8 34 32 0
8 19 33 33 0
19 8 33 33 0
9 18 30 36 0
18 9 30 36 0
9 18 36 30 0
18 9 36 30 0
9 18 31 35 0
18 9 31 35 0
9 18 35 31 0
18 9 35 31 0
9 18 32 34 0
18 9 32 34 0
9 18 34 32 0
18 9 34 32 0
9 18 33 33 0
18 9 33 33 0
7 20 25 41 0
20 7 25 41 0
7 20 41 25 0
20 7 41 25 0
7 20 26 40 0
20 7 26 40 0
7 20 40 26 0
20 7 40 26 0
7 20 27 39 0
20 7 27 39 0
7 20 39 27 0
20 7 39 27 0
7 20 28 38 0
20 7 28 38 0
7 20 38 28 0
20 7 38 28 0
7 20 29 37 0
20 7 29 37 0
7 20 37 29 0
20 7 37 29 0
8 19 25 41 0
19 8 25 41 0
8 19 41 25 0
19 8 41 25 0
8 19 26 40 0
19 8 26 40 0
8 19 40 26 0
19 8 40 26 0
8 19 27 39 0
19 8 27 39 0
8 19 39 27 0
19 8 39 27 0
8 19 28 38 0
19 8 28 38 0
8 19 38 28 0
19 8 38 28 0
8 19 29 37 0
19 8 29 37 0
8 19 37 29 0
19 8 37 29 0
9 18 25 41 0
18 9 25 41 0
9 18 41 25 0
18 9 41 25 0
9 18 26 40 0
18 9 26 40 0
9 18 40 26 0
18 9 40 26 0
9 18 27 39 0
18 9 27 39 0
9 18 39 27 0
18 9 39 27 0
9 18 28 38 0
18 9 28 38 0
9 18 38 28 0
18 9 38 28 0
9 18 29 37 0
18 9 29 37 0
9 18 37 29 0
18 9 37 29 0
10 17 25 41 0
17 10 25 41 0
10 17 41 25 0
17 10 41 25 0
10 17 26 40 0
17 10 26 40 0
10 17 40 26 0
17 10 40 26 0
10 17 27 39 0
17 10 27 39 0
10 17 39 27 0
17 10 39 27 0
10 17 28 38 1
17 10 28 38 1
10 17 38 28 1
17 10 38 28 1
10 17 29 37 2
17 10 29 37 2
10 17 37 29 2
17 10 37 29 2
10 17 30 36 4
17 10 30 36 4
10 17 36 30 4
17 10 36 30 4
10 17 31 35 6
17 10 31 35 6
10 17 35 31 6
17 10 35 31 6
10 17 32 34 8
17 10 32 34 8
10 17 34 32 8
17 10 34 32 8
10 17 33 33 8
17 10 33 33 8
8 19 22 44 0
19 8 22 44 0
8 19 44 22 0
19 8 44 22 0
8 19 23 43 0
19 8 23 43 0
8 19 43 23 0
19 8 43 23 0
8 19 24 42 0
19 8 24 42 0
8 19 42 24 0
19 8 42 24 0
9 18 22 44 0
18 9 22 44 0
9 18 44 22 0
18 9 44 22 0
9 18 23 43 0
18 9 23 43 0
9 18 43 23 0
18 9 43 23 0
9 18 24 42 0
18 9 24 42 0
9 18 42 24 0
18 9 42 24 0
10 17 22 44 0
17 10 22 44 0
10 17 44 22 0
17 10 44 22 0
10 17 23 43 0
17 10 23 43 0
10 17 43 23 0
17 10 43 23 0
10 17 24 42 0
17 10 24 42 0
10 17 42 24 0
17 10 42 24 0
11 16 22 44 0
16 11 22 44 0
11 16 44 22 0
16 11 44 22 0
11 16 23 43 0
16 11 23 43 0
11 16 43 23 0
16 11 43 23 0
11 16 24 42 0
16 11 24 42 0
11 16 42 24 0
16 11 42 24 0
11 16 25 41 1
16 11 25 41 1
11 16 41 25 1
16 11 41 25 1
11 16 26 40 3
16 11 26 40 3
11 16 40 26 3
16 11 40 26 3
11 16 27 39 7
16 11 27 39 7
11 16 39 27 7
16 11 39 27 7
11 16 28 38 14
16 11 28 38 14
11 16 38 28 14
16 11 38 28 14
11 16 29 37 23
16 11 29 37 23
11 16 37 29 23
16 11 37 29 23
11 16 30 36 34
16 11 30 36 34
11 16 36 30 34
16 11 36 30 34
11 16 31 35 44
16 11 31 35 44
11 16 35 31 44
16 11 35 31 44
11 16 32 34 52
16 11 32 34 52
11 16 34 32 52
16 11 34 32 52
11 16 33 33 54
16 11 33 33 54
9 18 21 45 0
18 9 21 45 0
9 18 45 21 0
18 9 45 21 0
10 17 21 45 0
17 10 21 45 0
10 17 45 21 0
17 10 45 21 0
11 16 21 45 0
16 11 21 45 0
11 16 45 21 0
16 11 45 21 0
12 15 21 45 0
15 12 21 45 0
12 15 45 21 0
15 12 45 21 0
12 15 22 44 0
15 12 22 44 0
12 15 44 22 0
15 12 44 22 0
12 15 23 43 0
15 12 23 43 0
12 15 43 23 0
15 12 43 23 0
12 15 24 42 1
15 12 24 42 1
12 15 42 24 1
15 12 42 24 1
12 15 25 41 4
15 12 25 41 4
12 15 41 25 4
15 12 41 25 4
12 15 26 40 11
15 12 26 40 11
12 15 40 26 11
15 12 40 26 11
12 15 27 39 23
15 12 27 39 23
12 15 39 27 23
15 12 39 27 23
12 15 28 38 42
15 12 28 38 42
12 15 38 28 42
15 12 38 28 42
12 15 29 37 66
15 12 29 37 66
12 15 37 29 66
15 12 37 29 66
12 15 30 36 94
15 12 30 36 94
12 15 36 30 94
15 12 36 30 94
12 15 31 35 118
15 12 31 35 118
12 15 35 31 118
15 12 35 31 118
12 15 32 34 137
15 12 32 34 137
12 15 34 32 137
15 12 34 32 137
12 15 33 33 143
15 12 33 33 143
13 14 22 44 0
14 13 22 44 0
13 14 44 22 0
14 13 44 22 0
13 14 23 43 0
14 13 23 43 0
13 14 43 23 0
14 13 43 23 0
13 14 24 42 2
14 13 24 42 2
13 14 42 24 2
14 13 42 24 2
13 14 25 41 8
14 13 25 41 8
13 14 41 25 8
14 13 41 25 8
13 14 26 40 20
14 13 26 40 20
13 14 40 26 20
14 13 40 26 20
13 14 27 39 40
14 13 27 39 40
13 14 39 27 40
14 13 39 27 40
13 14 28 38 71
14 13 28 38 71
13 14 38 28 71
14 13 38 28 71
13 14 29 37 109
14 13 29 37 109
13 14 37 29 109
14 13 37 29 109
13 14 30 36 151
14 13 30 36 151
13 14 36 30 151
14 13 36 30 151
13 14 31 35 188
14 13 31 35 188
13 14 35 31 188
14 13 35 31 188
13 14 32 34 216
14 13 32 34 216
13 14 34 32 216
14 13 34 32 216
13 14 33 33 225
14 13 33 33 225
10 17 19 47 0
17 10 19 47 0
10 17 47 19 0
17 10 47 19 0
10 17 20 46 0
17 10 20 46 0
10 17 46 20 0
17 10 46 20 0
11 16 19 47 0
16 11 19 47 0
11 16 47 19 0
16 11 47 19 0
11 16 20 46 0
16 11 20 46 0
11 16 46 20 0
16 11 46 20 0
12 15 19 47 0
15 12 19 47 0
12 15 47 19 0
15 12 47 19 0
12 15 20 46 0
15 12 20 46 0
12 15 46 20 0
15 12 46 20 0
13 14 19 47 0
14 13 19 47 0
13 14 47 19 0
14 13 47 19 0
13 14 20 46 0
14 13 20 46 0
13 14 46 20 0
14 13 46 20 0
13 14 21 45 0
14 13 21 45 0
13 14 45 21 0
14 13 45 21 0
12 15 18 48 0
15 12 18 48 0
12 15 48 18 0
15 12 48 18 0
13 14 18 48 0
14 13 18 48 0
13 14 48 18 0
14 13 48 18 0
