12 21 33 48 0
21 12 33 48 0
12 21 48 33 0
21 12 48 33 0
12 21 34 47 0
21 12 34 47 0
12 21 47 34 0
21 12 47 34 0
12 21 35 46 0
21 12 35 46 0
12 21 46 35 0
21 12 46 35 0
12 21 36 45 0
21 12 36 45 0
12 21 45 36 0
21 12 45 36 0
12 21 37 44 0
21 12 37 44 0
12 21 44 37 0
21 12 44 37 0
12 21 38 43 0
21 12 38 43 0
12 21 43 38 0
21 12 43 38 0
12 21 39 42 0
21 12 39 42 0
12 21 42 39 0
21 12 42 39 0
13 20 33 48 0
20 13 33 48 0
13 20 48 33 0
20 13 48 33 0
13 20 34 47 0
20 13 34 47 0
13 20 47 34 0
20 13 47 34 0
13 20 35 46 0
20 13 35 46 0
13 20 46 35 0
20 13 46 35 0
13 20 36 45 0
20 13 36 45 0
13 20 45 36 0
20 13 45 36 0
13 20 37 44 0
20 13 37 44 0
13 20 44 37 0
20 13 44 37 0
13 20 38 43 0
20 13 38 43 0
13 20 43 38 0
20 13 43 38 0
13 20 39 42 0
20 13 39 42 0
13 20 42 39 0
20 13 42 39 0
14 19 33 48 0
19 14 33 48 0
14 19 48 33 0
19 14 48 33 0
14 19 34 47 0
19 14 34 47 0
14 19 47 34 0
19 14 47 34 0
14 19 35 46 0
19 14 35 46 0
14 19 46 35 0
19 14 46 35 0
14 19 36 45 0
19 14 36 45 0
14 19 45 36 0
19 14 45 36 0
14 19 37 44 0
19 14 37 44 0
14 19 44 37 0
19 14 44 37 0
14 19 38 43 0
19 14 38 43 0
14 19 43 38 0
19 14 43 38 0
14 19 39 42 0
19 14 39 42 0
14 19 42 39 0
19 14 42 39 0
15 18 33 48 0
18 15 33 48 0
15 18 48 33 0
18 15 48 33 0
15 18 34 47 0
18 15 34 47 0
15 18 47 34 0
18 15 47 34 0
15 18 35 46 0
18 15 35 46 0
15 18 46 35 0
18 15 46 35 0
15 18 36 45 0
18 15 36 45 0
15 18 45 36 0
18 15 45 36 0
15 18 37 44 0
18 15 37 44 0
15 18 44 37 0
18 15 44 37 0
15 18 38 43 0
18 15 38 43 0
15 18 43 38 0
18 15 43 38 0
15 18 39 42 0
18 15 39 42 0
15 18 42 39 0
18 15 42 39 0
12 21 40 41 0
21 12 40 41 0
12 21 41 40 0
21 12 41 40 0
13 20 40 41 0
20 13 40 41 0
13 20 41 40 0
20 13 41 40 0
14 19 40 41 0
19 14 40 41 0
14 19 41 40 0
19 14 41 40 0
15 18 40 41 0
18 15 40 41 0
15 18 41 40 0
18 15 41 40 0
13 20 31 50 0
20 13 31 50 0
13 20 50 31 0
20 13 50 31 0
13 20 32 49 0
20 13 32 49 0
13 20 49 32 0
20 13 49 32 0
14 19 31 50 0
19 14 31 50 0
14 19 50 31 0
19 14 50 31 0
14 19 32 49 0
19 14 32 49 0
14 19 49 32 0
19 14 49 32 0
15 18 31 50 0
18 15 31 50 0
15 18 50 31 0
18 15 50 31 0
15 18 32 49 0
18 15 32 49 0
15 18 49 32 0
18 15 49 32 0
16 17 31 50 0
17 16 31 50 0
16 17 50 31 0
17 16 50 31 0
16 17 32 49 0
17 16 32 49 0
16 17 49 32 0
17 16 49 32 0
16 17 33 48 0
17 16 33 48 0
16 17 48 33 0
17 16 48 33 0
16 17 34 47 0
17 16 34 47 0
16 17 47 34 0
17 16 47 34 0
16 17 35 46 0
17 16 35 46 0
16 17 46 35 0
17 16 46 35 0
16 17 36 45 0
17 16 36 45 0
16 17 45 36 0
17 16 45 36 0
16 17 37 44 1
17 16 37 44 1
16 17 44 37 1
17 16 44 37 1
16 17 38 43 1
17 16 38 43 1
16 17 43 38 1
17 16 43 38 1
16 17 39 42 1
17 16 39 42 1
16 17 42 39 1
17 16 42 39 1
16 17 40 41 1
17 16 40 41 1
16 17 41 40 1
17 16 41 40 1
15 18 30 51 0
18 15 30 51 0
15 18 51 30 0
18 15 51 30 0
16 17 30 51 0
17 16 30 51 0
16 17 51 30 0
17 16 51 30 0
