5 20 25 36 0
20 5 25 36 0
5 20 36 25 0
20 5 36 25 0
5 20 26 35 0
20 5 26 35 0
5 20 35 26 0
20 5 35 26 0
5 20 27 34 0
20 5 27 34 0
5 20 34 27 0
20 5 34 27 0
5 20 28 33 0
20 5 28 33 0
5 20 33 28 0
20 5 33 28 0
5 20 29 32 0
20 5 29 32 0
5 20 32 29 0
20 5 32 29 0
5 20 30 31 0
20 5 30 31 0
5 20 31 30 0
20 5 31 30 0
6 19 25 36 0
19 6 25 36 0
6 19 36 25 0
19 6 36 25 0
6 19 26 35 0
19 6 26 35 0
6 19 35 26 0
19 6 35 26 0
6 19 27 34 0
19 6 27 34 0
6 19 34 27 0
19 6 34 27 0
6 19 28 33 0
19 6 28 33 0
6 19 33 28 0
19 6 33 28 0
6 19 29 32 0
19 6 29 32 0
6 19 32 29 0
19 6 32 29 0
6 19 30 31 0
19 6 30 31 0
6 19 31 30 0
19 6 31 30 0
7 18 25 36 0
18 7 25 36 0
7 18 36 25 0
18 7 36 25 0
7 18 26 35 0
18 7 26 35 0
7 18 35 26 0
18 7 35 26 0
7 18 27 34 0
18 7 27 34 0
7 18 34 27 0
18 7 34 27 0
7 18 28 33 0
18 7 28 33 0
7 18 33 28 0
18 7 33 28 0
7 18 29 32 0
18 7 29 32 0
7 18 32 29 0
18 7 32 29 0
7 18 30 31 0
18 7 30 31 0
7 18 31 30 0
18 7 31 30 0
8 17 25 36 0
17 8 25 36 0
8 17 36 25 0
17 8 36 25 0
8 17 26 35 0
17 8 26 35 0
8 17 35 26 0
17 8 35 26 0
8 17 27 34 1
17 8 27 34 1
8 17 34 27 1
17 8 34 27 1
8 17 28 33 2
17 8 28 33 2
8 17 33 28 2
17 8 33 28 2
8 17 29 32 3
17 8 29 32 3
8 17 32 29 3
17 8 32 29 3
8 17 30 31 4
17 8 30 31 4
8 17 31 30 4
17 8 31 30 4
6 19 21 40 0
19 6 21 40 0
6 19 40 21 0
19 6 40 21 0
6 19 22 39 0
19 6 22 39 0
6 19 39 22 0
19 6 39 22 0
6 19 23 38 0
19 6 23 38 0
6 19 38 23 0
19 6 38 23 0
6 19 24 37 0
19 6 24 37 0
6 19 37 24 0
19 6 37 24 0
7 18 21 40 0
18 7 21 40 0
7 18 40 21 0
18 7 40 21 0
7 18 22 39 0
18 7 22 39 0
7 18 39 22 0
18 7 39 22 0
7 18 23 38 0
18 7 23 38 0
7 18 38 23 0
18 7 38 23 0
7 18 24 37 0
18 7 24 37 0
7 18 37 24 0
18 7 37 24 0
8 17 21 40 0
17 8 21 40 0
8 17 40 21 0
17 8 40 21 0
8 17 22 39 0
17 8 22 39 0
8 17 39 22 0
17 8 39 22 0
8 17 23 38 0
17 8 23 38 0
8 17 38 23 0
17 8 38 23 0
8 17 24 37 0
17 8 24 37 0
8 17 37 24 0
17 8 37 24 0
9 16 21 40 0
16 9 21 40 0
9 16 40 21 0
16 9 40 21 0
9 16 22 39 0
16 9 22 39 0
9 16 39 22 0
16 9 39 22 0
9 16 23 38 1
16 9 23 38 1
9 16 38 23 1
16 9 38 23 1
9 16 24 37 3
16 9 24 37 3
9 16 37 24 3
16 9 37 24 3
9 16 25 36 7
16 9 25 36 7
9 16 36 25 7
16 9 36 25 7
9 16 26 35 13
16 9 26 35 13
9 16 35 26 13
16 9 35 26 13
9 16 27 34 22
16 9 27 34 22
9 16 34 27 22
16 9 34 27 22
9 16 28 33 31
16 9 28 33 31
9 16 33 28 31
16 9 33 28 31
9 16 29 32 39
16 9 29 32 39
9 16 32 29 39
16 9 32 29 39
9 16 30 31 44
16 9 30 31 44
9 16 31 30 44
16 9 31 30 44
7 18 19 42 0
18 7 19 42 0
7 18 42 19 0
18 7 42 19 0
7 18 20 41 0
18 7 20 41 0
7 18 41 20 0
18 7 41 20 0
8 17 19 42 0
17 8 19 42 0
8 17 42 19 0
17 8 42 19 0
8 17 20 41 0
17 8 20 41 0
8 17 41 20 0
17 8 41 20 0
9 16 19 42 0
16 9 19 42 0
9 16 42 19 0
16 9 42 19 0
9 16 20 41 0
16 9 20 41 0
9 16 41 20 0
16 9 41 20 0
10 15 19 42 0
15 10 19 42 0
10 15 42 19 0
15 10 42 19 0
10 15 20 41 0
15 10 20 41 0
10 15 41 20 0
15 10 41 20 0
10 15 21 40 1
15 10 21 40 1
10 15 40 21 1
15 10 40 21 1
10 15 22 39 3
15 10 22 39 3
10 15 39 22 3
15 10 39 22 3
10 15 23 38 9
15 10 23 38 9
10 15 38 23 9
15 10 38 23 9
10 15 24 37 20
15 10 24 37 20
10 15 37 24 20
15 10 37 24 20
10 15 25 36 39
15 10 25 36 39
10 15 36 25 39
15 10 36 25 39
10 15 26 35 65
15 10 26 35 65
10 15 35 26 65
15 10 35 26 65
10 15 27 34 98
15 10 27 34 98
10 15 34 27 98
15 10 34 27 98
10 15 28 33 131
15 10 28 33 131
10 15 33 28 131
15 10 33 28 131
10 15 29 32 159
15 10 29 32 159
10 15 32 29 159
15 10 32 29 159
10 15 30 31 175
15 10 30 31 175
10 15 31 30 175
15 10 31 30 175
11 14 19 42 0
14 11 19 42 0
11 14 42 19 0
14 11 42 19 0
11 14 20 41 0
14 11 20 41 0
11 14 41 20 0
14 11 41 20 0
11 14 21 40 3
14 11 21 40 3
11 14 40 21 3
14 11 40 21 3
11 14 22 39 10
14 11 22 39 10
11 14 39 22 10
14 11 39 22 10
11 14 23 38 26
14 11 23 38 26
11 14 38 23 26
14 11 38 23 26
11 14 24 37 55
14 11 24 37 55
11 14 37 24 55
14 11 37 24 55
11 14 25 36 101
14 11 25 36 101
11 14 36 25 101
14 11 36 25 101
11 14 26 35 161
14 11 26 35 161
11 14 35 26 161
14 11 35 26 161
11 14 27 34 233
14 11 27 34 233
11 14 34 27 233
14 11 34 27 233
11 14 28 33 304
14 11 28 33 304
11 14 33 28 304
14 11 33 28 304
11 14 29 32 362
14 11 29 32 362
11 14 32 29 362
14 11 32 29 362
11 14 30 31 395
14 11 30 31 395
11 14 31 30 395
14 11 31 30 395
12 13 21 40 6
13 12 21 40 6
12 13 40 21 6
13 12 40 21 6
12 13 22 39 18
13 12 22 39 18
12 13 39 22 18
13 12 39 22 18
12 13 23 38 44
13 12 23 38 44
12 13 38 23 44
13 12 38 23 44
12 13 24 37 89
13 12 24 37 89
12 13 37 24 89
13 12 37 24 89
12 13 25 36 158
13 12 25 36 158
12 13 36 25 158
13 12 36 25 158
12 13 26 35 247
13 12 26 35 247
12 13 35 26 247
13 12 35 26 247
12 13 27 34 351
13 12 27 34 351
12 13 34 27 351
13 12 34 27 351
12 13 28 33 453
13 12 28 33 453
12 13 33 28 453
13 12 33 28 453
12 13 29 32 536
13 12 29 32 536
12 13 32 29 536
13 12 32 29 536
12 13 30 31 582
13 12 30 31 582
12 13 31 30 582
13 12 31 30 582
8 17 17 44 0
17 8 17 44 0
8 17 44 17 0
17 8 44 17 0
8 17 18 43 0
17 8 18 43 0
8 17 43 18 0
17 8 43 18 0
9 16 17 44 0
16 9 17 44 0
9 16 44 17 0
16 9 44 17 0
9 16 18 43 0
16 9 18 43 0
9 16 43 18 0
16 9 43 18 0
10 15 17 44 0
15 10 17 44 0
10 15 44 17 0
15 10 44 17 0
10 15 18 43 0
15 10 18 43 0
10 15 43 18 0
15 10 43 18 0
11 14 17 44 0
14 11 17 44 0
11 14 44 17 0
14 11 44 17 0
11 14 18 43 0
14 11 18 43 0
11 14 43 18 0
14 11 43 18 0
9 16 16 45 0
16 9 16 45 0
9 16 45 16 0
16 9 45 16 0
10 15 16 45 0
15 10 16 45 0
10 15 45 16 0
15 10 45 16 0
11 14 16 45 0
14 11 16 45 0
11 14 45 16 0
14 11 45 16 0
12 13 16 45 0
13 12 16 45 0
12 13 45 16 0
13 12 45 16 0
12 13 17 44 0
13 12 17 44 0
12 13 44 17 0
13 12 44 17 0
12 13 18 43 0
13 12 18 43 0
12 13 43 18 0
13 12 43 18 0
12 13 19 42 0
13 12 19 42 0
12 13 42 19 0
13 12 42 19 0
12 13 20 41 1
13 12 20 41 1
12 13 41 20 1
13 12 41 20 1
10 15 15 46 0
15 10 15 46 0
10 15 46 15 0
15 10 46 15 0
11 14 15 46 0
14 11 15 46 0
11 14 46 15 0
14 11 46 15 0
12 13 15 46 0
13 12 15 46 0
12 13 46 15 0
13 12 46 15 0
