8 21 30 41 0
21 8 30 41 0
8 21 41 30 0
21 8 41 30 0
8 21 31 40 0
21 8 31 40 0
8 21 40 31 0
21 8 40 31 0
8 21 32 39 0
21 8 32 39 0
8 21 39 32 0
21 8 39 32 0
8 21 33 38 0
21 8 33 38 0
8 21 38 33 0
21 8 38 33 0
8 21 34 37 0
21 8 34 37 0
8 21 37 34 0
21 8 37 34 0
8 21 35 36 0
21 8 35 36 0
8 21 36 35 0
21 8 36 35 0
9 20 30 41 0
20 9 30 41 0
9 20 41 30 0
20 9 41 30 0
9 20 31 40 0
20 9 31 40 0
9 20 40 31 0
20 9 40 31 0
9 20 32 39 0
20 9 32 39 0
9 20 39 32 0
20 9 39 32 0
9 20 33 38 0
20 9 33 38 0
9 20 38 33 0
20 9 38 33 0
9 20 34 37 0
20 9 34 37 0
9 20 37 34 0
20 9 37 34 0
9 20 35 36 0
20 9 35 36 0
9 20 36 35 0
20 9 36 35 0
10 19 30 41 0
19 10 30 41 0
10 19 41 30 0
19 10 41 30 0
10 19 31 40 0
19 10 31 40 0
10 19 40 31 0
19 10 40 31 0
10 19 32 39 0
19 10 32 39 0
10 19 39 32 0
19 10 39 32 0
10 19 33 38 0
19 10 33 38 0
10 19 38 33 0
19 10 38 33 0
10 19 34 37 0
19 10 34 37 0
10 19 37 34 0
19 10 37 34 0
10 19 35 36 0
19 10 35 36 0
10 19 36 35 0
19 10 36 35 0
11 18 30 41 0
18 11 30 41 0
11 18 41 30 0
18 11 41 30 0
11 18 31 40 0
18 11 31 40 0
11 18 40 31 0
18 11 40 31 0
11 18 32 39 0
18 11 32 39 0
11 18 39 32 0
18 11 39 32 0
11 18 33 38 0
18 11 33 38 0
11 18 38 33 0
18 11 38 33 0
11 18 34 37 0
18 11 34 37 0
11 18 37 34 0
18 11 37 34 0
11 18 35 36 0
18 11 35 36 0
11 18 36 35 0
18 11 36 35 0
9 20 26 45 0
20 9 26 45 0
9 20 45 26 0
20 9 45 26 0
9 20 27 44 0
20 9 27 44 0
9 20 44 27 0
20 9 44 27 0
9 20 28 43 0
20 9 28 43 0
9 20 43 28 0
20 9 43 28 0
9 20 29 42 0
20 9 29 42 0
9 20 42 29 0
20 9 42 29 0
10 19 26 45 0
19 10 26 45 0
10 19 45 26 0
19 10 45 26 0
10 19 27 44 0
19 10 27 44 0
10 19 44 27 0
19 10 44 27 0
10 19 28 43 0
19 10 28 43 0
10 19 43 28 0
19 10 43 28 0
10 19 29 42 0
19 10 29 42 0
10 19 42 29 0
19 10 42 29 0
11 18 26 45 0
18 11 26 45 0
11 18 45 26 0
18 11 45 26 0
11 18 27 44 0
18 11 27 44 0
11 18 44 27 0
18 11 44 27 0
11 18 28 43 0
18 11 28 43 0
11 18 43 28 0
18 11 43 28 0
11 18 29 42 0
18 11 29 42 0
11 18 42 29 0
18 11 42 29 0
12 17 26 45 0
17 12 26 45 0
12 17 45 26 0
17 12 45 26 0
12 17 27 44 0
17 12 27 44 0
12 17 44 27 0
17 12 44 27 0
12 17 28 43 0
17 12 28 43 0
12 17 43 28 0
17 12 43 28 0
12 17 29 42 0
17 12 29 42 0
12 17 42 29 0
17 12 42 29 0
12 17 30 41 1
17 12 30 41 1
12 17 41 30 1
17 12 41 30 1
12 17 31 40 2
17 12 31 40 2
12 17 40 31 2
17 12 40 31 2
12 17 32 39 4
17 12 32 39 4
12 17 39 32 4
17 12 39 32 4
12 17 33 38 6
17 12 33 38 6
12 17 38 33 6
17 12 38 33 6
12 17 34 37 8
17 12 34 37 8
12 17 37 34 8
17 12 37 34 8
12 17 35 36 9
17 12 35 36 9
12 17 36 35 9
17 12 36 35 9
10 19 24 47 0
19 10 24 47 0
10 19 47 24 0
19 10 47 24 0
10 19 25 46 0
19 10 25 46 0
10 19 46 25 0
19 10 46 25 0
11 18 24 47 0
18 11 24 47 0
11 18 47 24 0
18 11 47 24 0
11 18 25 46 0
18 11 25 46 0
11 18 46 25 0
18 11 46 25 0
12 17 24 47 0
17 12 24 47 0
12 17 47 24 0
17 12 47 24 0
12 17 25 46 0
17 12 25 46 0
12 17 46 25 0
17 12 46 25 0
13 16 24 47 0
16 13 24 47 0
13 16 47 24 0
16 13 47 24 0
13 16 25 46 0
16 13 25 46 0
13 16 46 25 0
16 13 46 25 0
13 16 26 45 0
16 13 26 45 0
13 16 45 26 0
16 13 45 26 0
13 16 27 44 0
16 13 27 44 0
13 16 44 27 0
16 13 44 27 0
13 16 28 43 1
16 13 28 43 1
13 16 43 28 1
16 13 43 28 1
13 16 29 42 3
16 13 29 42 3
13 16 42 29 3
16 13 42 29 3
13 16 30 41 7
16 13 30 41 7
13 16 41 30 7
16 13 41 30 7
13 16 31 40 12
16 13 31 40 12
13 16 40 31 12
16 13 40 31 12
13 16 32 39 19
16 13 32 39 19
13 16 39 32 19
16 13 39 32 19
13 16 33 38 26
16 13 33 38 26
13 16 38 33 26
16 13 38 33 26
13 16 34 37 32
16 13 34 37 32
13 16 37 34 32
16 13 37 34 32
13 16 35 36 35
16 13 35 36 35
13 16 36 35 35
16 13 36 35 35
14 15 24 47 0
15 14 24 47 0
14 15 47 24 0
15 14 47 24 0
14 15 25 46 0
15 14 25 46 0
14 15 46 25 0
15 14 46 25 0
14 15 26 45 0
15 14 26 45 0
14 15 45 26 0
15 14 45 26 0
14 15 27 44 0
15 14 27 44 0
14 15 44 27 0
15 14 44 27 0
14 15 28 43 2
15 14 28 43 2
14 15 43 28 2
15 14 43 28 2
14 15 29 42 6
15 14 29 42 6
14 15 42 29 6
15 14 42 29 6
14 15 30 41 13
15 14 30 41 13
14 15 41 30 13
15 14 41 30 13
14 15 31 40 22
15 14 31 40 22
14 15 40 31 22
15 14 40 31 22
14 15 32 39 34
15 14 32 39 34
14 15 39 32 34
15 14 39 32 34
14 15 33 38 46
15 14 33 38 46
14 15 38 33 46
15 14 38 33 46
14 15 34 37 56
15 14 34 37 56
14 15 37 34 56
15 14 37 34 56
14 15 35 36 61
15 14 35 36 61
14 15 36 35 61
15 14 36 35 61
11 18 23 48 0
18 11 23 48 0
11 18 48 23 0
18 11 48 23 0
12 17 23 48 0
17 12 23 48 0
12 17 48 23 0
17 12 48 23 0
13 16 23 48 0
16 13 23 48 0
13 16 48 23 0
16 13 48 23 0
14 15 23 48 0
15 14 23 48 0
14 15 48 23 0
15 14 48 23 0
12 17 22 49 0
17 12 22 49 0
12 17 49 22 0
17 12 49 22 0
13 16 22 49 0
16 13 22 49 0
13 16 49 22 0
16 13 49 22 0
14 15 22 49 0
15 14 22 49 0
14 15 49 22 0
15 14 49 22 0
