2 17 16 30 0
17 2 16 30 0
2 17 30 16 0
17 2 30 16 0
2 17 17 29 0
17 2 17 29 0
2 17 29 17 0
17 2 29 17 0
2 17 18 28 0
17 2 18 28 0
2 17 28 18 0
17 2 28 18 0
2 17 19 27 0
17 2 19 27 0
2 17 27 19 0
17 2 27 19 0
2 17 20 26 0
17 2 20 26 0
2 17 26 20 0
17 2 26 20 0
2 17 21 25 0
17 2 21 25 0
2 17 25 21 0
17 2 25 21 0
2 17 22 24 0
17 2 22 24 0
2 17 24 22 0
17 2 24 22 0
3 16 16 30 0
16 3 16 30 0
3 16 30 16 0
16 3 30 16 0
3 16 17 29 0
16 3 17 29 0
3 16 29 17 0
16 3 29 17 0
3 16 18 28 0
16 3 18 28 0
3 16 28 18 0
16 3 28 18 0
3 16 19 27 0
16 3 19 27 0
3 16 27 19 0
16 3 27 19 0
3 16 20 26 0
16 3 20 26 0
3 16 26 20 0
16 3 26 20 0
3 16 21 25 0
16 3 21 25 0
3 16 25 21 0
16 3 25 21 0
3 16 22 24 0
16 3 22 24 0
3 16 24 22 0
16 3 24 22 0
4 15 16 30 0
15 4 16 30 0
4 15 30 16 0
15 4 30 16 0
4 15 17 29 0
15 4 17 29 0
4 15 29 17 0
15 4 29 17 0
4 15 18 28 1
15 4 18 28 1
4 15 28 18 1
15 4 28 18 1
4 15 19 27 2
15 4 19 27 2
4 15 27 19 2
15 4 27 19 2
4 15 20 26 4
15 4 20 26 4
4 15 26 20 4
15 4 26 20 4
4 15 21 25 5
15 4 21 25 5
4 15 25 21 5
15 4 25 21 5
4 15 22 24 7
15 4 22 24 7
4 15 24 22 7
15 4 24 22 7
5 14 16 30 3
14 5 16 30 3
5 14 30 16 3
14 5 30 16 3
5 14 17 29 7
14 5 17 29 7
5 14 29 17 7
14 5 29 17 7
5 14 18 28 16
14 5 18 28 16
5 14 28 18 16
14 5 28 18 16
5 14 19 27 28
14 5 19 27 28
5 14 27 19 28
14 5 27 19 28
5 14 20 26 42
14 5 20 26 42
5 14 26 20 42
14 5 26 20 42
5 14 21 25 55
14 5 21 25 55
5 14 25 21 55
14 5 25 21 55
5 14 22 24 66
14 5 22 24 66
5 14 24 22 66
14 5 24 22 66
2 17 23 23 0
17 2 23 23 0
3 16 23 23 0
16 3 23 23 0
4 15 23 23 7
15 4 23 23 7
5 14 23 23 69
14 5 23 23 69
3 16 15 31 0
16 3 15 31 0
3 16 31 15 0
16 3 31 15 0
4 15 15 31 0
15 4 15 31 0
4 15 31 15 0
15 4 31 15 0
5 14 15 31 1
14 5 15 31 1
5 14 31 15 1
14 5 31 15 1
6 13 15 31 8
13 6 15 31 8
6 13 31 15 8
13 6 31 15 8
6 13 16 30 22
13 6 16 30 22
6 13 30 16 22
13 6 30 16 22
6 13 17 29 46
13 6 17 29 46
6 13 29 17 46
13 6 29 17 46
6 13 18 28 86
13 6 18 28 86
6 13 28 18 86
13 6 28 18 86
6 13 19 27 136
13 6 19 27 136
6 13 27 19 136
13 6 27 19 136
6 13 20 26 194
13 6 20 26 194
6 13 26 20 194
13 6 26 20 194
6 13 21 25 245
13 6 21 25 245
6 13 25 21 245
13 6 25 21 245
6 13 22 24 285
13 6 22 24 285
6 13 24 22 285
13 6 24 22 285
6 13 23 23 297
13 6 23 23 297
7 12 16 30 85
12 7 16 30 85
7 12 30 16 85
12 7 30 16 85
7 12 17 29 161
12 7 17 29 161
7 12 29 17 161
12 7 29 17 161
7 12 18 28 272
12 7 18 28 272
7 12 28 18 272
12 7 28 18 272
7 12 19 27 408
12 7 19 27 408
7 12 27 19 408
12 7 27 19 408
7 12 20 26 557
12 7 20 26 557
7 12 26 20 557
12 7 26 20 557
7 12 21 25 689
12 7 21 25 689
7 12 25 21 689
12 7 25 21 689
7 12 22 24 785
12 7 22 24 785
7 12 24 22 785
12 7 24 22 785
7 12 23 23 817
12 7 23 23 817
3 16 13 33 0
16 3 13 33 0
3 16 33 13 0
16 3 33 13 0
3 16 14 32 0
16 3 14 32 0
3 16 32 14 0
16 3 32 14 0
4 15 13 33 0
15 4 13 33 0
4 15 33 13 0
15 4 33 13 0
4 15 14 32 0
15 4 14 32 0
4 15 32 14 0
15 4 32 14 0
5 14 13 33 0
14 5 13 33 0
5 14 33 13 0
14 5 33 13 0
5 14 14 32 0
14 5 14 32 0
5 14 32 14 0
14 5 32 14 0
6 13 13 33 0
13 6 13 33 0
6 13 33 13 0
13 6 33 13 0
6 13 14 32 2
13 6 14 32 2
6 13 32 14 2
13 6 32 14 2
4 15 11 35 0
15 4 11 35 0
4 15 35 11 0
15 4 35 11 0
4 15 12 34 0
15 4 12 34 0
4 15 34 12 0
15 4 34 12 0
5 14 11 35 0
14 5 11 35 0
5 14 35 11 0
14 5 35 11 0
5 14 12 34 0
14 5 12 34 0
5 14 34 12 0
14 5 34 12 0
6 13 11 35 0
13 6 11 35 0
6 13 35 11 0
13 6 35 11 0
6 13 12 34 0
13 6 12 34 0
6 13 34 12 0
13 6 34 12 0
7 12 11 35 0
12 7 11 35 0
7 12 35 11 0
12 7 35 11 0
7 12 12 34 1
12 7 12 34 1
7 12 34 12 1
12 7 34 12 1
7 12 13 33 4
12 7 13 33 4
7 12 33 13 4
12 7 33 13 4
7 12 14 32 14
12 7 14 32 14
7 12 32 14 14
12 7 32 14 14
7 12 15 31 38
12 7 15 31 38
7 12 31 15 38
12 7 31 15 38
8 11 11 35 0
11 8 11 35 0
8 11 35 11 0
11 8 35 11 0
8 11 12 34 3
11 8 12 34 3
8 11 34 12 3
11 8 34 12 3
8 11 13 33 12
11 8 13 33 12
8 11 33 13 12
11 8 33 13 12
8 11 14 32 37
11 8 14 32 37
8 11 32 14 37
11 8 32 14 37
8 11 15 31 90
11 8 15 31 90
8 11 31 15 90
11 8 31 15 90
8 11 16 30 188
11 8 16 30 188
8 11 30 16 188
11 8 30 16 188
8 11 17 29 338
11 8 17 29 338
8 11 29 17 338
11 8 29 17 338
8 11 18 28 550
11 8 18 28 550
8 11 28 18 550
11 8 28 18 550
8 11 19 27 802
11 8 19 27 802
8 11 27 19 802
11 8 27 19 802
8 11 20 26 1072
11 8 20 26 1072
8 11 26 20 1072
11 8 26 20 1072
8 11 21 25 1309
11 8 21 25 1309
8 11 25 21 1309
11 8 25 21 1309
8 11 22 24 1479
11 8 22 24 1479
8 11 24 22 1479
11 8 24 22 1479
8 11 23 23 1535
11 8 23 23 1535
9 10 13 33 21
10 9 13 33 21
9 10 33 13 21
10 9 33 13 21
9 10 14 32 60
10 9 14 32 60
9 10 32 14 60
10 9 32 14 60
9 10 15 31 138
10 9 15 31 138
9 10 31 15 138
10 9 31 15 138
9 10 16 30 277
10 9 16 30 277
9 10 30 16 277
10 9 30 16 277
9 10 17 29 487
10 9 17 29 487
9 10 29 17 487
10 9 29 17 487
9 10 18 28 776
10 9 18 28 776
9 10 28 18 776
10 9 28 18 776
9 10 19 27 1117
10 9 19 27 1117
9 10 27 19 1117
10 9 27 19 1117
9 10 20 26 1478
10 9 20 26 1478
9 10 26 20 1478
10 9 26 20 1478
9 10 21 25 1793
10 9 21 25 1793
9 10 25 21 1793
10 9 25 21 1793
9 10 22 24 2017
10 9 22 24 2017
9 10 24 22 2017
10 9 24 22 2017
9 10 23 23 2093
10 9 23 23 2093
5 14 9 37 0
14 5 9 37 0
5 14 37 9 0
14 5 37 9 0
5 14 10 36 0
14 5 10 36 0
5 14 36 10 0
14 5 36 10 0
6 13 9 37 0
13 6 9 37 0
6 13 37 9 0
13 6 37 9 0
6 13 10 36 0
13 6 10 36 0
6 13 36 10 0
13 6 36 10 0
7 12 9 37 0
12 7 9 37 0
7 12 37 9 0
12 7 37 9 0
7 12 10 36 0
12 7 10 36 0
7 12 36 10 0
12 7 36 10 0
8 11 9 37 0
11 8 9 37 0
8 11 37 9 0
11 8 37 9 0
8 11 10 36 0
11 8 10 36 0
8 11 36 10 0
11 8 36 10 0
6 13 8 38 0
13 6 8 38 0
6 13 38 8 0
13 6 38 8 0
7 12 8 38 0
12 7 8 38 0
7 12 38 8 0
12 7 38 8 0
8 11 8 38 0
11 8 8 38 0
8 11 38 8 0
11 8 38 8 0
9 10 8 38 0
10 9 8 38 0
9 10 38 8 0
10 9 38 8 0
9 10 9 37 0
10 9 9 37 0
9 10 37 9 0
10 9 37 9 0
9 10 10 36 0
10 9 10 36 0
9 10 36 10 0
10 9 36 10 0
9 10 11 35 1
10 9 11 35 1
9 10 35 11 1
10 9 35 11 1
9 10 12 34 6
10 9 12 34 6
9 10 34 12 6
10 9 34 12 6
7 12 7 39 0
12 7 7 39 0
7 12 39 7 0
12 7 39 7 0
8 11 7 39 0
11 8 7 39 0
8 11 39 7 0
11 8 39 7 0
9 10 7 39 0
10 9 7 39 0
9 10 39 7 0
10 9 39 7 0
