0 5 1 10 0
5 0 1 10 0
0 5 10 1 0
5 0 10 1 0
0 5 2 9 0
5 0 2 9 0
0 5 9 2 0
5 0 9 2 0
1 4 1 10 1
4 1 1 10 1
1 4 10 1 1
4 1 10 1 1
1 4 2 9 2
4 1 2 9 2
1 4 9 2 2
4 1 9 2 2
0 5 3 8 0
5 0 3 8 0
0 5 8 3 0
5 0 8 3 0
1 4 3 8 3
4 1 3 8 3
1 4 8 3 3
4 1 8 3 3
0 5 4 7 0
5 0 4 7 0
0 5 7 4 0
5 0 7 4 0
1 4 4 7 4
4 1 4 7 4
1 4 7 4 4
4 1 7 4 4
0 5 5 6 0
5 0 5 6 0
0 5 6 5 0
5 0 6 5 0
1 4 5 6 5
4 1 5 6 5
1 4 6 5 5
4 1 6 5 5
1 4 0 11 0
4 1 0 11 0
1 4 11 0 0
4 1 11 0 0
2 3 0 11 0
3 2 0 11 0
2 3 11 0 0
3 2 11 0 0
2 3 1 10 2
3 2 1 10 2
2 3 10 1 2
3 2 10 1 2
2 3 2 9 4
3 2 2 9 4
2 3 9 2 4
3 2 9 2 4
2 3 3 8 6
3 2 3 8 6
2 3 8 3 6
3 2 8 3 6
2 3 4 7 8
3 2 4 7 8
2 3 7 4 8
3 2 7 4 8
2 3 5 6 10
3 2 5 6 10
2 3 6 5 10
3 2 6 5 10
