0 10 17 1
0 11 16 2
0 12 15 3
0 13 14 3
1 10 16 20
1 11 15 27
1 12 14 32
1 13 13 33
1 6 20 1
1 7 19 3
1 8 18 7
1 9 17 12
2 10 15 91
2 11 14 112
2 12 13 124
2 4 21 1
2 5 20 3
2 6 19 10
2 7 18 22
2 8 17 41
2 9 16 64
3 10 14 257
3 11 13 297
3 12 12 314
3 3 21 1
3 4 20 6
3 5 19 17
3 6 18 42
3 7 17 81
3 8 16 136
3 9 15 196
4 10 13 542
4 11 12 599
4 4 19 22
4 5 18 55
4 6 17 118
4 7 16 209
4 8 15 324
4 9 14 441
5 10 12 935
5 11 11 980
5 5 17 128
5 6 16 254
5 7 15 422
5 8 14 618
5 9 13 797
6 10 11 1380
6 6 15 466
6 7 14 730
6 8 13 1008
6 9 12 1242
7 10 10 1769
7 7 13 1082
7 8 12 1427
7 9 11 1670
8 8 11 1785
8 9 10 1993
9 9 9 2102
