5 29 20 26 0
29 5 20 26 0
5 29 26 20 0
29 5 26 20 0
5 29 21 25 0
29 5 21 25 0
5 29 25 21 0
29 5 25 21 0
5 29 22 24 0
29 5 22 24 0
5 29 24 22 0
29 5 24 22 0
5 29 23 23 0
29 5 23 23 0
6 28 20 26 0
28 6 20 26 0
6 28 26 20 0
28 6 26 20 0
6 28 21 25 0
28 6 21 25 0
6 28 25 21 0
28 6 25 21 0
6 28 22 24 0
28 6 22 24 0
6 28 24 22 0
28 6 24 22 0
6 28 23 23 0
28 6 23 23 0
7 27 20 26 0
27 7 20 26 0
7 27 26 20 0
27 7 26 20 0
7 27 21 25 0
27 7 21 25 0
7 27 25 21 0
27 7 25 21 0
7 27 22 24 0
27 7 22 24 0
7 27 24 22 0
27 7 24 22 0
7 27 23 23 0
27 7 23 23 0
8 26 20 26 0
26 8 20 26 0
8 26 26 20 0
26 8 26 20 0
8 26 21 25 0
26 8 21 25 0
8 26 25 21 0
26 8 25 21 0
8 26 22 24 0
26 8 22 24 0
8 26 24 22 0
26 8 24 22 0
8 26 23 23 0
26 8 23 23 0
9 25 20 26 2
25 9 20 26 2
9 25 26 20 2
25 9 26 20 2
9 25 21 25 3
25 9 21 25 3
9 25 25 21 3
25 9 25 21 3
9 25 22 24 5
25 9 22 24 5
9 25 24 22 5
25 9 24 22 5
9 25 23 23 5
25 9 23 23 5
6 28 16 30 0
28 6 16 30 0
6 28 30 16 0
28 6 30 16 0
6 28 17 29 0
28 6 17 29 0
6 28 29 17 0
28 6 29 17 0
6 28 18 28 0
28 6 18 28 0
6 28 28 18 0
28 6 28 18 0
6 28 19 27 0
28 6 19 27 0
6 28 27 19 0
28 6 27 19 0
7 27 16 30 0
27 7 16 30 0
7 27 30 16 0
27 7 30 16 0
7 27 17 29 0
27 7 17 29 0
7 27 29 17 0
27 7 29 17 0
7 27 18 28 0
27 7 18 28 0
7 27 28 18 0
27 7 28 18 0
7 27 19 27 0
27 7 19 27 0
7 27 27 19 0
27 7 27 19 0
8 26 16 30 0
26 8 16 30 0
8 26 30 16 0
26 8 30 16 0
8 26 17 29 0
26 8 17 29 0
8 26 29 17 0
26 8 29 17 0
8 26 18 28 0
26 8 18 28 0
8 26 28 18 0
26 8 28 18 0
8 26 19 27 0
26 8 19 27 0
8 26 27 19 0
26 8 27 19 0
9 25 16 30 0
25 9 16 30 0
9 25 30 16 0
25 9 30 16 0
9 25 17 29 0
25 9 17 29 0
9 25 29 17 0
25 9 29 17 0
9 25 18 28 0
25 9 18 28 0
9 25 28 18 0
25 9 28 18 0
9 25 19 27 0
25 9 19 27 0
9 25 27 19 0
25 9 27 19 0
10 24 16 30 0
24 10 16 30 0
10 24 30 16 0
24 10 30 16 0
10 24 17 29 1
24 10 17 29 1
10 24 29 17 1
24 10 29 17 1
10 24 18 28 4
24 10 18 28 4
10 24 28 18 4
24 10 28 18 4
10 24 19 27 10
24 10 19 27 10
10 24 27 19 10
24 10 27 19 10
10 24 20 26 20
24 10 20 26 20
10 24 26 20 20
24 10 26 20 20
10 24 21 25 31
24 10 21 25 31
10 24 25 21 31
24 10 25 21 31
10 24 22 24 41
24 10 22 24 41
10 24 24 22 41
24 10 24 22 41
10 24 23 23 44
24 10 23 23 44
11 23 16 30 2
23 11 16 30 2
11 23 30 16 2
23 11 30 16 2
11 23 17 29 9
23 11 17 29 9
11 23 29 17 9
23 11 29 17 9
11 23 18 28 27
23 11 18 28 27
11 23 28 18 27
23 11 28 18 27
11 23 19 27 56
23 11 19 27 56
11 23 27 19 56
23 11 27 19 56
11 23 20 26 99
23 11 20 26 99
11 23 26 20 99
23 11 26 20 99
11 23 21 25 142
23 11 21 25 142
11 23 25 21 142
23 11 25 21 142
11 23 22 24 179
23 11 22 24 179
11 23 24 22 179
23 11 24 22 179
11 23 23 23 190
23 11 23 23 190
7 27 14 32 0
27 7 14 32 0
7 27 32 14 0
27 7 32 14 0
7 27 15 31 0
27 7 15 31 0
7 27 31 15 0
27 7 31 15 0
8 26 14 32 0
26 8 14 32 0
8 26 32 14 0
26 8 32 14 0
8 26 15 31 0
26 8 15 31 0
8 26 31 15 0
26 8 31 15 0
9 25 14 32 0
25 9 14 32 0
9 25 32 14 0
25 9 32 14 0
9 25 15 31 0
25 9 15 31 0
9 25 31 15 0
25 9 31 15 0
10 24 14 32 0
24 10 14 32 0
10 24 32 14 0
24 10 32 14 0
10 24 15 31 0
24 10 15 31 0
10 24 31 15 0
24 10 31 15 0
11 23 14 32 0
23 11 14 32 0
11 23 32 14 0
23 11 32 14 0
11 23 15 31 0
23 11 15 31 0
11 23 31 15 0
23 11 31 15 0
8 26 13 33 0
26 8 13 33 0
8 26 33 13 0
26 8 33 13 0
9 25 13 33 0
25 9 13 33 0
9 25 33 13 0
25 9 33 13 0
10 24 13 33 0
24 10 13 33 0
10 24 33 13 0
24 10 33 13 0
11 23 13 33 0
23 11 13 33 0
11 23 33 13 0
23 11 33 13 0
12 22 13 33 0
22 12 13 33 0
12 22 33 13 0
22 12 33 13 0
12 22 14 32 0
22 12 14 32 0
12 22 32 14 0
22 12 32 14 0
12 22 15 31 3
22 12 15 31 3
12 22 31 15 3
22 12 31 15 3
12 22 16 30 14
22 12 16 30 14
12 22 30 16 14
22 12 30 16 14
12 22 17 29 44
22 12 17 29 44
12 22 29 17 44
22 12 29 17 44
12 22 18 28 104
22 12 18 28 104
12 22 28 18 104
22 12 28 18 104
12 22 19 27 198
22 12 19 27 198
12 22 27 19 198
22 12 27 19 198
12 22 20 26 320
22 12 20 26 320
12 22 26 20 320
22 12 26 20 320
12 22 21 25 444
22 12 21 25 444
12 22 25 21 444
22 12 25 21 444
12 22 22 24 540
22 12 22 24 540
12 22 24 22 540
22 12 24 22 540
12 22 23 23 574
22 12 23 23 574
13 21 14 32 2
21 13 14 32 2
13 21 32 14 2
21 13 32 14 2
13 21 15 31 13
21 13 15 31 13
13 21 31 15 13
21 13 31 15 13
13 21 16 30 49
21 13 16 30 49
13 21 30 16 49
21 13 30 16 49
13 21 17 29 129
21 13 17 29 129
13 21 29 17 129
21 13 29 17 129
13 21 18 28 279
21 13 18 28 279
13 21 28 18 279
21 13 28 18 279
13 21 19 27 497
21 13 19 27 497
13 21 27 19 497
21 13 27 19 497
13 21 20 26 772
21 13 20 26 772
13 21 26 20 772
21 13 26 20 772
13 21 21 25 1040
21 13 21 25 1040
13 21 25 21 1040
21 13 25 21 1040
13 21 22 24 1247
21 13 22 24 1247
13 21 24 22 1247
21 13 24 22 1247
13 21 23 23 1317
21 13 23 23 1317
9 25 12 34 0
25 9 12 34 0
9 25 34 12 0
25 9 34 12 0
10 24 12 34 0
24 10 12 34 0
10 24 34 12 0
24 10 34 12 0
11 23 12 34 0
23 11 12 34 0
11 23 34 12 0
23 11 34 12 0
12 22 12 34 0
22 12 12 34 0
12 22 34 12 0
22 12 34 12 0
13 21 12 34 0
21 13 12 34 0
13 21 34 12 0
21 13 34 12 0
13 21 13 33 0
21 13 13 33 0
13 21 33 13 0
21 13 33 13 0
14 20 12 34 0
20 14 12 34 0
14 20 34 12 0
20 14 34 12 0
14 20 13 33 1
20 14 13 33 1
14 20 33 13 1
20 14 33 13 1
14 20 14 32 8
20 14 14 32 8
14 20 32 14 8
20 14 32 14 8
14 20 15 31 37
20 14 15 31 37
14 20 31 15 37
20 14 31 15 37
14 20 16 30 115
20 14 16 30 115
14 20 30 16 115
20 14 30 16 115
14 20 17 29 280
20 14 17 29 280
14 20 29 17 280
20 14 29 17 280
14 20 18 28 566
20 14 18 28 566
14 20 28 18 566
20 14 28 18 566
14 20 19 27 974
20 14 19 27 974
14 20 27 19 974
20 14 27 19 974
14 20 20 26 1466
20 14 20 26 1466
14 20 26 20 1466
20 14 26 20 1466
14 20 21 25 1945
20 14 21 25 1945
14 20 25 21 1945
20 14 25 21 1945
14 20 22 24 2302
20 14 22 24 2302
14 20 24 22 2302
20 14 24 22 2302
14 20 23 23 2430
20 14 23 23 2430
15 19 14 32 19
19 15 14 32 19
15 19 32 14 19
19 15 32 14 19
15 19 15 31 72
19 15 15 31 72
15 19 31 15 72
19 15 31 15 72
15 19 16 30 207
19 15 16 30 207
15 19 30 16 207
19 15 30 16 207
15 19 17 29 474
19 15 17 29 474
15 19 29 17 474
19 15 29 17 474
15 19 18 28 924
19 15 18 28 924
15 19 28 18 924
19 15 28 18 924
15 19 19 27 1546
19 15 19 27 1546
15 19 27 19 1546
19 15 27 19 1546
15 19 20 26 2288
19 15 20 26 2288
15 19 26 20 2288
19 15 26 20 2288
15 19 21 25 2996
19 15 21 25 2996
15 19 25 21 2996
19 15 25 21 2996
15 19 22 24 3525
19 15 22 24 3525
15 19 24 22 3525
19 15 24 22 3525
15 19 23 23 3710
19 15 23 23 3710
15 19 12 34 0
19 15 12 34 0
15 19 34 12 0
19 15 34 12 0
15 19 13 33 3
19 15 13 33 3
15 19 33 13 3
19 15 33 13 3
16 18 13 33 5
18 16 13 33 5
16 18 33 13 5
18 16 33 13 5
16 18 14 32 28
18 16 14 32 28
16 18 32 14 28
18 16 32 14 28
16 18 15 31 103
18 16 15 31 103
16 18 31 15 103
18 16 31 15 103
16 18 16 30 284
18 16 16 30 284
16 18 30 16 284
18 16 30 16 284
16 18 17 29 638
18 16 17 29 638
16 18 29 17 638
18 16 29 17 638
16 18 18 28 1218
18 16 18 28 1218
16 18 28 18 1218
18 16 28 18 1218
16 18 19 27 2017
18 16 19 27 2017
16 18 27 19 2017
18 16 27 19 2017
16 18 20 26 2953
18 16 20 26 2953
16 18 26 20 2953
18 16 26 20 2953
16 18 21 25 3849
18 16 21 25 3849
16 18 25 21 3849
18 16 25 21 3849
16 18 22 24 4507
18 16 22 24 4507
16 18 24 22 4507
18 16 24 22 4507
16 18 23 23 4744
18 16 23 23 4744
17 17 16 30 322
17 17 30 16 322
17 17 17 29 710
17 17 29 17 710
17 17 18 28 1346
17 17 28 18 1346
17 17 19 27 2211
17 17 27 19 2211
17 17 20 26 3229
17 17 26 20 3229
17 17 21 25 4193
17 17 25 21 4193
17 17 22 24 4907
17 17 24 22 4907
17 17 23 23 5158
17 17 14 32 35
17 17 32 14 35
17 17 15 31 119
17 17 31 15 119
10 24 10 36 0
24 10 10 36 0
10 24 36 10 0
24 10 36 10 0
10 24 11 35 0
24 10 11 35 0
10 24 35 11 0
24 10 35 11 0
11 23 10 36 0
23 11 10 36 0
11 23 36 10 0
23 11 36 10 0
11 23 11 35 0
23 11 11 35 0
11 23 35 11 0
23 11 35 11 0
12 22 10 36 0
22 12 10 36 0
12 22 36 10 0
22 12 36 10 0
12 22 11 35 0
22 12 11 35 0
12 22 35 11 0
22 12 35 11 0
13 21 10 36 0
21 13 10 36 0
13 21 36 10 0
21 13 36 10 0
13 21 11 35 0
21 13 11 35 0
13 21 35 11 0
21 13 35 11 0
14 20 10 36 0
20 14 10 36 0
14 20 36 10 0
20 14 36 10 0
14 20 11 35 0
20 14 11 35 0
14 20 35 11 0
20 14 35 11 0
15 19 10 36 0
19 15 10 36 0
15 19 36 10 0
19 15 36 10 0
15 19 11 35 0
19 15 11 35 0
15 19 35 11 0
19 15 35 11 0
16 18 12 34 0
18 16 12 34 0
16 18 34 12 0
18 16 34 12 0
12 22 9 37 0
22 12 9 37 0
12 22 37 9 0
22 12 37 9 0
13 21 9 37 0
21 13 9 37 0
13 21 37 9 0
21 13 37 9 0
14 20 9 37 0
20 14 9 37 0
14 20 37 9 0
20 14 37 9 0
15 19 9 37 0
19 15 9 37 0
15 19 37 9 0
19 15 37 9 0
16 18 9 37 0
18 16 9 37 0
16 18 37 9 0
18 16 37 9 0
16 18 10 36 0
18 16 10 36 0
16 18 36 10 0
18 16 36 10 0
16 18 11 35 0
18 16 11 35 0
16 18 35 11 0
18 16 35 11 0
17 17 10 36 0
17 17 36 10 0
17 17 11 35 0
17 17 35 11 0
17 17 12 34 1
17 17 34 12 1
17 17 13 33 7
17 17 33 13 7
13 21 8 38 0
21 13 8 38 0
13 21 38 8 0
21 13 38 8 0
14 20 8 38 0
20 14 8 38 0
14 20 38 8 0
20 14 38 8 0
15 19 8 38 0
19 15 8 38 0
15 19 38 8 0
19 15 38 8 0
16 18 8 38 0
18 16 8 38 0
16 18 38 8 0
18 16 38 8 0
17 17 8 38 0
17 17 38 8 0
17 17 9 37 0
17 17 37 9 0
