1 18 10 16 0
18 1 10 16 0
1 18 16 10 0
18 1 16 10 0
1 18 11 15 0
18 1 11 15 0
1 18 15 11 0
18 1 15 11 0
1 18 12 14 0
18 1 12 14 0
1 18 14 12 0
18 1 14 12 0
2 17 10 16 0
17 2 10 16 0
2 17 16 10 0
17 2 16 10 0
2 17 11 15 0
17 2 11 15 0
2 17 15 11 0
17 2 15 11 0
2 17 12 14 0
17 2 12 14 0
2 17 14 12 0
17 2 14 12 0
1 18 13 13 0
18 1 13 13 0
2 17 13 13 0
17 2 13 13 0
3 16 10 16 0
16 3 10 16 0
3 16 16 10 0
16 3 16 10 0
3 16 11 15 0
16 3 11 15 0
3 16 15 11 0
16 3 15 11 0
3 16 12 14 0
16 3 12 14 0
3 16 14 12 0
16 3 14 12 0
3 16 13 13 0
16 3 13 13 0
4 15 10 16 0
15 4 10 16 0
4 15 16 10 0
15 4 16 10 0
4 15 11 15 0
15 4 11 15 0
4 15 15 11 0
15 4 15 11 0
4 15 12 14 0
15 4 12 14 0
4 15 14 12 0
15 4 14 12 0
4 15 13 13 0
15 4 13 13 0
2 17 7 19 0
17 2 7 19 0
2 17 19 7 0
17 2 19 7 0
2 17 8 18 0
17 2 8 18 0
2 17 18 8 0
17 2 18 8 0
2 17 9 17 0
17 2 9 17 0
2 17 17 9 0
17 2 17 9 0
3 16 7 19 0
16 3 7 19 0
3 16 19 7 0
16 3 19 7 0
3 16 8 18 0
16 3 8 18 0
3 16 18 8 0
16 3 18 8 0
3 16 9 17 0
16 3 9 17 0
3 16 17 9 0
16 3 17 9 0
3 16 6 20 0
16 3 6 20 0
3 16 20 6 0
16 3 20 6 0
4 15 6 20 0
15 4 6 20 0
4 15 20 6 0
15 4 20 6 0
4 15 7 19 0
15 4 7 19 0
4 15 19 7 0
15 4 19 7 0
4 15 8 18 0
15 4 8 18 0
4 15 18 8 0
15 4 18 8 0
4 15 9 17 0
15 4 9 17 0
4 15 17 9 0
15 4 17 9 0
5 14 6 20 0
14 5 6 20 0
5 14 20 6 0
14 5 20 6 0
5 14 7 19 0
14 5 7 19 0
5 14 19 7 0
14 5 19 7 0
5 14 8 18 0
14 5 8 18 0
5 14 18 8 0
14 5 18 8 0
5 14 9 17 0
14 5 9 17 0
5 14 17 9 0
14 5 17 9 0
5 14 10 16 0
14 5 10 16 0
5 14 16 10 0
14 5 16 10 0
5 14 11 15 0
14 5 11 15 0
5 14 15 11 0
14 5 15 11 0
5 14 12 14 0
14 5 12 14 0
5 14 14 12 0
14 5 14 12 0
5 14 13 13 0
14 5 13 13 0
6 13 6 20 0
13 6 6 20 0
6 13 20 6 0
13 6 20 6 0
6 13 7 19 0
13 6 7 19 0
6 13 19 7 0
13 6 19 7 0
6 13 8 18 0
13 6 8 18 0
6 13 18 8 0
13 6 18 8 0
6 13 9 17 0
13 6 9 17 0
6 13 17 9 0
13 6 17 9 0
6 13 10 16 0
13 6 10 16 0
6 13 16 10 0
13 6 16 10 0
6 13 11 15 0
13 6 11 15 0
6 13 15 11 0
13 6 15 11 0
6 13 12 14 0
13 6 12 14 0
6 13 14 12 0
13 6 14 12 0
6 13 13 13 0
13 6 13 13 0
7 12 7 19 0
12 7 7 19 0
7 12 19 7 0
12 7 19 7 0
7 12 8 18 0
12 7 8 18 0
7 12 18 8 0
12 7 18 8 0
7 12 9 17 0
12 7 9 17 0
7 12 17 9 0
12 7 17 9 0
7 12 10 16 0
12 7 10 16 0
7 12 16 10 0
12 7 16 10 0
7 12 11 15 0
12 7 11 15 0
7 12 15 11 0
12 7 15 11 0
7 12 12 14 0
12 7 12 14 0
7 12 14 12 0
12 7 14 12 0
7 12 13 13 0
12 7 13 13 0
4 15 4 22 0
15 4 4 22 0
4 15 22 4 0
15 4 22 4 0
4 15 5 21 0
15 4 5 21 0
4 15 21 5 0
15 4 21 5 0
5 14 4 22 0
14 5 4 22 0
5 14 22 4 0
14 5 22 4 0
5 14 5 21 0
14 5 5 21 0
5 14 21 5 0
14 5 21 5 0
6 13 4 22 0
13 6 4 22 0
6 13 22 4 0
13 6 22 4 0
6 13 5 21 0
13 6 5 21 0
6 13 21 5 0
13 6 21 5 0
6 13 3 23 0
13 6 3 23 0
6 13 23 3 0
13 6 23 3 0
7 12 3 23 0
12 7 3 23 0
7 12 23 3 0
12 7 23 3 0
7 12 4 22 0
12 7 4 22 0
7 12 22 4 0
12 7 22 4 0
7 12 5 21 0
12 7 5 21 0
7 12 21 5 0
12 7 21 5 0
7 12 6 20 0
12 7 6 20 0
7 12 20 6 0
12 7 20 6 0
8 11 4 22 0
11 8 4 22 0
8 11 22 4 0
11 8 22 4 0
8 11 5 21 0
11 8 5 21 0
8 11 21 5 0
11 8 21 5 0
8 11 6 20 0
11 8 6 20 0
8 11 20 6 0
11 8 20 6 0
8 11 7 19 0
11 8 7 19 0
8 11 19 7 0
11 8 19 7 0
8 11 8 18 0
11 8 8 18 0
8 11 18 8 0
11 8 18 8 0
8 11 9 17 0
11 8 9 17 0
8 11 17 9 0
11 8 17 9 0
8 11 10 16 0
11 8 10 16 0
8 11 16 10 0
11 8 16 10 0
8 11 11 15 0
11 8 11 15 0
8 11 15 11 0
11 8 15 11 0
8 11 12 14 0
11 8 12 14 0
8 11 14 12 0
11 8 14 12 0
8 11 13 13 0
11 8 13 13 0
9 10 4 22 0
10 9 4 22 0
9 10 22 4 0
10 9 22 4 0
9 10 5 21 0
10 9 5 21 0
9 10 21 5 0
10 9 21 5 0
9 10 6 20 0
10 9 6 20 0
9 10 20 6 0
10 9 20 6 0
9 10 7 19 0
10 9 7 19 0
9 10 19 7 0
10 9 19 7 0
9 10 8 18 0
10 9 8 18 0
9 10 18 8 0
10 9 18 8 0
9 10 9 17 0
10 9 9 17 0
9 10 17 9 0
10 9 17 9 0
9 10 10 16 0
10 9 10 16 0
9 10 16 10 0
10 9 16 10 0
9 10 11 15 0
10 9 11 15 0
9 10 15 11 0
10 9 15 11 0
9 10 12 14 0
10 9 12 14 0
9 10 14 12 0
10 9 14 12 0
9 10 13 13 0
10 9 13 13 0
7 12 2 24 0
12 7 2 24 0
7 12 24 2 0
12 7 24 2 0
8 11 2 24 0
11 8 2 24 0
8 11 24 2 0
11 8 24 2 0
8 11 3 23 0
11 8 3 23 0
8 11 23 3 0
11 8 23 3 0
9 10 3 23 0
10 9 3 23 0
9 10 23 3 0
10 9 23 3 0
9 10 2 24 0
10 9 2 24 0
9 10 24 2 0
10 9 24 2 0
