7 30 20 30 0
30 7 20 30 0
7 30 30 20 0
30 7 30 20 0
7 30 21 29 0
30 7 21 29 0
7 30 29 21 0
30 7 29 21 0
7 30 22 28 0
30 7 22 28 0
7 30 28 22 0
30 7 28 22 0
7 30 23 27 0
30 7 23 27 0
7 30 27 23 0
30 7 27 23 0
7 30 24 26 0
30 7 24 26 0
7 30 26 24 0
30 7 26 24 0
7 30 25 25 0
30 7 25 25 0
8 29 20 30 0
29 8 20 30 0
8 29 30 20 0
29 8 30 20 0
8 29 21 29 0
29 8 21 29 0
8 29 29 21 0
29 8 29 21 0
8 29 22 28 0
29 8 22 28 0
8 29 28 22 0
29 8 28 22 0
8 29 23 27 0
29 8 23 27 0
8 29 27 23 0
29 8 27 23 0
8 29 24 26 0
29 8 24 26 0
8 29 26 24 0
29 8 26 24 0
8 29 25 25 0
29 8 25 25 0
9 28 20 30 0
28 9 20 30 0
9 28 30 20 0
28 9 30 20 0
9 28 21 29 0
28 9 21 29 0
9 28 29 21 0
28 9 29 21 0
9 28 22 28 0
28 9 22 28 0
9 28 28 22 0
28 9 28 22 0
9 28 23 27 0
28 9 23 27 0
9 28 27 23 0
28 9 27 23 0
9 28 24 26 0
28 9 24 26 0
9 28 26 24 0
28 9 26 24 0
9 28 25 25 0
28 9 25 25 0
10 27 20 30 0
27 10 20 30 0
10 27 30 20 0
27 10 30 20 0
10 27 21 29 0
27 10 21 29 0
10 27 29 21 0
27 10 29 21 0
10 27 22 28 0
27 10 22 28 0
10 27 28 22 0
27 10 28 22 0
10 27 23 27 0
27 10 23 27 0
10 27 27 23 0
27 10 27 23 0
10 27 24 26 0
27 10 24 26 0
10 27 26 24 0
27 10 26 24 0
10 27 25 25 0
27 10 25 25 0
11 26 20 30 0
26 11 20 30 0
11 26 30 20 0
26 11 30 20 0
11 26 21 29 1
26 11 21 29 1
11 26 29 21 1
26 11 29 21 1
11 26 22 28 3
26 11 22 28 3
11 26 28 22 3
26 11 28 22 3
11 26 23 27 5
26 11 23 27 5
11 26 27 23 5
26 11 27 23 5
11 26 24 26 7
26 11 24 26 7
11 26 26 24 7
26 11 26 24 7
11 26 25 25 8
26 11 25 25 8
12 25 20 30 4
25 12 20 30 4
12 25 30 20 4
25 12 30 20 4
12 25 21 29 12
25 12 21 29 12
12 25 29 21 12
25 12 29 21 12
12 25 22 28 24
25 12 22 28 24
12 25 28 22 24
25 12 28 22 24
12 25 23 27 37
25 12 23 27 37
12 25 27 23 37
25 12 27 23 37
12 25 24 26 48
25 12 24 26 48
12 25 26 24 48
25 12 26 24 48
12 25 25 25 53
25 12 25 25 53
8 29 17 33 0
29 8 17 33 0
8 29 33 17 0
29 8 33 17 0
8 29 18 32 0
29 8 18 32 0
8 29 32 18 0
29 8 32 18 0
8 29 19 31 0
29 8 19 31 0
8 29 31 19 0
29 8 31 19 0
9 28 17 33 0
28 9 17 33 0
9 28 33 17 0
28 9 33 17 0
9 28 18 32 0
28 9 18 32 0
9 28 32 18 0
28 9 32 18 0
9 28 19 31 0
28 9 19 31 0
9 28 31 19 0
28 9 31 19 0
10 27 17 33 0
27 10 17 33 0
10 27 33 17 0
27 10 33 17 0
10 27 18 32 0
27 10 18 32 0
10 27 32 18 0
27 10 32 18 0
10 27 19 31 0
27 10 19 31 0
10 27 31 19 0
27 10 31 19 0
11 26 17 33 0
26 11 17 33 0
11 26 33 17 0
26 11 33 17 0
11 26 18 32 0
26 11 18 32 0
11 26 32 18 0
26 11 32 18 0
11 26 19 31 0
26 11 19 31 0
11 26 31 19 0
26 11 31 19 0
12 25 17 33 0
25 12 17 33 0
12 25 33 17 0
25 12 33 17 0
12 25 18 32 0
25 12 18 32 0
12 25 32 18 0
25 12 32 18 0
12 25 19 31 1
25 12 19 31 1
12 25 31 19 1
25 12 31 19 1
9 28 16 34 0
28 9 16 34 0
9 28 34 16 0
28 9 34 16 0
10 27 16 34 0
27 10 16 34 0
10 27 34 16 0
27 10 34 16 0
11 26 16 34 0
26 11 16 34 0
11 26 34 16 0
26 11 34 16 0
12 25 16 34 0
25 12 16 34 0
12 25 34 16 0
25 12 34 16 0
13 24 16 34 0
24 13 16 34 0
13 24 34 16 0
24 13 34 16 0
13 24 17 33 0
24 13 17 33 0
13 24 33 17 0
24 13 33 17 0
13 24 18 32 2
24 13 18 32 2
13 24 32 18 2
24 13 32 18 2
13 24 19 31 10
24 13 19 31 10
13 24 31 19 10
24 13 31 19 10
13 24 20 30 28
24 13 20 30 28
13 24 30 20 28
24 13 30 20 28
13 24 21 29 61
24 13 21 29 61
13 24 29 21 61
24 13 29 21 61
13 24 22 28 107
24 13 22 28 107
13 24 28 22 107
24 13 28 22 107
13 24 23 27 155
24 13 23 27 155
13 24 27 23 155
24 13 27 23 155
13 24 24 26 193
24 13 24 26 193
13 24 26 24 193
24 13 26 24 193
13 24 25 25 209
24 13 25 25 209
14 23 17 33 2
23 14 17 33 2
14 23 33 17 2
23 14 33 17 2
14 23 18 32 12
23 14 18 32 12
14 23 32 18 12
23 14 32 18 12
14 23 19 31 41
23 14 19 31 41
14 23 31 19 41
23 14 31 19 41
14 23 20 30 98
23 14 20 30 98
14 23 30 20 98
23 14 30 20 98
14 23 21 29 192
23 14 21 29 192
14 23 29 21 192
23 14 29 21 192
14 23 22 28 314
23 14 22 28 314
14 23 28 22 314
23 14 28 22 314
14 23 23 27 439
23 14 23 27 439
14 23 27 23 439
23 14 27 23 439
14 23 24 26 534
23 14 24 26 534
14 23 26 24 534
23 14 26 24 534
14 23 25 25 572
23 14 25 25 572
10 27 14 36 0
27 10 14 36 0
10 27 36 14 0
27 10 36 14 0
10 27 15 35 0
27 10 15 35 0
10 27 35 15 0
27 10 35 15 0
11 26 14 36 0
26 11 14 36 0
11 26 36 14 0
26 11 36 14 0
11 26 15 35 0
26 11 15 35 0
11 26 35 15 0
26 11 35 15 0
12 25 14 36 0
25 12 14 36 0
12 25 36 14 0
25 12 36 14 0
12 25 15 35 0
25 12 15 35 0
12 25 35 15 0
25 12 35 15 0
13 24 14 36 0
24 13 14 36 0
13 24 36 14 0
24 13 36 14 0
13 24 15 35 0
24 13 15 35 0
13 24 35 15 0
24 13 35 15 0
14 23 14 36 0
23 14 14 36 0
14 23 36 14 0
23 14 36 14 0
14 23 15 35 0
23 14 15 35 0
14 23 35 15 0
23 14 35 15 0
14 23 16 34 0
23 14 16 34 0
14 23 34 16 0
23 14 34 16 0
15 22 14 36 0
22 15 14 36 0
15 22 36 14 0
22 15 36 14 0
15 22 15 35 0
22 15 15 35 0
15 22 35 15 0
22 15 35 15 0
15 22 16 34 2
22 15 16 34 2
15 22 34 16 2
22 15 34 16 2
15 22 17 33 11
22 15 17 33 11
15 22 33 17 11
22 15 33 17 11
15 22 18 32 41
22 15 18 32 41
15 22 32 18 41
22 15 32 18 41
15 22 19 31 114
22 15 19 31 114
15 22 31 19 114
22 15 31 19 114
15 22 20 30 247
22 15 20 30 247
15 22 30 20 247
22 15 30 20 247
15 22 21 29 451
22 15 21 29 451
15 22 29 21 451
22 15 29 21 451
15 22 22 28 705
22 15 22 28 705
15 22 28 22 705
22 15 28 22 705
15 22 23 27 959
22 15 23 27 959
15 22 27 23 959
22 15 27 23 959
15 22 24 26 1149
22 15 24 26 1149
15 22 26 24 1149
22 15 26 24 1149
15 22 25 25 1222
22 15 25 25 1222
16 21 16 34 5
21 16 16 34 5
16 21 34 16 5
21 16 34 16 5
16 21 17 33 26
21 16 17 33 26
16 21 33 17 26
21 16 33 17 26
16 21 18 32 87
21 16 18 32 87
16 21 32 18 87
21 16 32 18 87
16 21 19 31 223
21 16 19 31 223
16 21 31 19 223
21 16 31 19 223
16 21 20 30 461
21 16 20 30 461
16 21 30 20 461
21 16 30 20 461
16 21 21 29 812
21 16 21 29 812
16 21 29 21 812
21 16 29 21 812
16 21 22 28 1238
21 16 22 28 1238
16 21 28 22 1238
21 16 28 22 1238
16 21 23 27 1658
21 16 23 27 1658
16 21 27 23 1658
21 16 27 23 1658
16 21 24 26 1969
21 16 24 26 1969
16 21 26 24 1969
21 16 26 24 1969
16 21 25 25 2087
21 16 25 25 2087
12 25 13 37 0
25 12 13 37 0
12 25 37 13 0
25 12 37 13 0
13 24 13 37 0
24 13 13 37 0
13 24 37 13 0
24 13 37 13 0
14 23 13 37 0
23 14 13 37 0
14 23 37 13 0
23 14 37 13 0
15 22 13 37 0
22 15 13 37 0
15 22 37 13 0
22 15 37 13 0
16 21 13 37 0
21 16 13 37 0
16 21 37 13 0
21 16 37 13 0
16 21 14 36 0
21 16 14 36 0
16 21 36 14 0
21 16 36 14 0
16 21 15 35 0
21 16 15 35 0
16 21 35 15 0
21 16 35 15 0
17 20 14 36 0
20 17 14 36 0
17 20 36 14 0
20 17 36 14 0
17 20 15 35 1
20 17 15 35 1
17 20 35 15 1
20 17 35 15 1
17 20 16 34 11
20 17 16 34 11
17 20 34 16 11
20 17 34 16 11
17 20 17 33 47
20 17 17 33 47
17 20 33 17 47
20 17 33 17 47
17 20 18 32 144
20 17 18 32 144
17 20 32 18 144
20 17 32 18 144
17 20 19 31 348
20 17 19 31 348
17 20 31 19 348
20 17 31 19 348
17 20 20 30 695
20 17 20 30 695
17 20 30 20 695
20 17 30 20 695
17 20 21 29 1194
20 17 21 29 1194
17 20 29 21 1194
20 17 29 21 1194
17 20 22 28 1790
20 17 22 28 1790
17 20 28 22 1790
20 17 28 22 1790
17 20 23 27 2372
20 17 23 27 2372
17 20 27 23 2372
20 17 27 23 2372
17 20 24 26 2800
20 17 24 26 2800
17 20 26 24 2800
20 17 26 24 2800
17 20 25 25 2961
20 17 25 25 2961
18 19 17 33 61
19 18 17 33 61
18 19 33 17 61
19 18 33 17 61
18 19 18 32 181
19 18 18 32 181
18 19 32 18 181
19 18 32 18 181
18 19 19 31 429
19 18 19 31 429
18 19 31 19 429
19 18 31 19 429
18 19 20 30 845
19 18 20 30 845
18 19 30 20 845
19 18 30 20 845
18 19 21 29 1437
19 18 21 29 1437
18 19 29 21 1437
19 18 29 21 1437
18 19 22 28 2139
19 18 22 28 2139
18 19 28 22 2139
19 18 28 22 2139
18 19 23 27 2822
19 18 23 27 2822
18 19 27 23 2822
19 18 27 23 2822
18 19 24 26 3322
19 18 24 26 3322
18 19 26 24 3322
19 18 26 24 3322
18 19 25 25 3510
19 18 25 25 3510
18 19 14 36 0
19 18 14 36 0
18 19 36 14 0
19 18 36 14 0
18 19 15 35 2
19 18 15 35 2
18 19 35 15 2
19 18 35 15 2
18 19 16 34 15
19 18 16 34 15
18 19 34 16 15
19 18 34 16 15
11 26 13 37 0
26 11 13 37 0
11 26 37 13 0
26 11 37 13 0
12 25 12 38 0
25 12 12 38 0
12 25 38 12 0
25 12 38 12 0
13 24 12 38 0
24 13 12 38 0
13 24 38 12 0
24 13 38 12 0
14 23 12 38 0
23 14 12 38 0
14 23 38 12 0
23 14 38 12 0
15 22 12 38 0
22 15 12 38 0
15 22 38 12 0
22 15 38 12 0
16 21 12 38 0
21 16 12 38 0
16 21 38 12 0
21 16 38 12 0
13 24 11 39 0
24 13 11 39 0
13 24 39 11 0
24 13 39 11 0
14 23 11 39 0
23 14 11 39 0
14 23 39 11 0
23 14 39 11 0
15 22 11 39 0
22 15 11 39 0
15 22 39 11 0
22 15 39 11 0
16 21 11 39 0
21 16 11 39 0
16 21 39 11 0
21 16 39 11 0
17 20 11 39 0
20 17 11 39 0
17 20 39 11 0
20 17 39 11 0
17 20 12 38 0
20 17 12 38 0
17 20 38 12 0
20 17 38 12 0
17 20 13 37 0
20 17 13 37 0
17 20 37 13 0
20 17 37 13 0
18 19 12 38 0
19 18 12 38 0
18 19 38 12 0
19 18 38 12 0
18 19 13 37 0
19 18 13 37 0
18 19 37 13 0
19 18 37 13 0
18 19 11 39 0
19 18 11 39 0
18 19 39 11 0
19 18 39 11 0
15 22 10 40 0
22 15 10 40 0
15 22 40 10 0
22 15 40 10 0
16 21 10 40 0
21 16 10 40 0
16 21 40 10 0
21 16 40 10 0
17 20 10 40 0
20 17 10 40 0
17 20 40 10 0
20 17 40 10 0
18 19 10 40 0
19 18 10 40 0
18 19 40 10 0
19 18 40 10 0
