0 16 10 12 0
16 0 10 12 0
0 16 12 10 0
16 0 12 10 0
0 16 11 11 0
16 0 11 11 0
1 15 10 12 0
15 1 10 12 0
1 15 12 10 0
15 1 12 10 0
1 15 11 11 0
15 1 11 11 0
1 15 6 16 0
15 1 6 16 0
1 15 16 6 0
15 1 16 6 0
1 15 7 15 0
15 1 7 15 0
1 15 15 7 0
15 1 15 7 0
1 15 8 14 0
15 1 8 14 0
1 15 14 8 0
15 1 14 8 0
2 14 6 16 0
14 2 6 16 0
2 14 16 6 0
14 2 16 6 0
2 14 7 15 0
14 2 7 15 0
2 14 15 7 0
14 2 15 7 0
2 14 8 14 0
14 2 8 14 0
2 14 14 8 0
14 2 14 8 0
1 15 9 13 0
15 1 9 13 0
1 15 13 9 0
15 1 13 9 0
2 14 9 13 0
14 2 9 13 0
2 14 13 9 0
14 2 13 9 0
2 14 10 12 0
14 2 10 12 0
2 14 12 10 0
14 2 12 10 0
2 14 11 11 0
14 2 11 11 0
3 13 6 16 1
13 3 6 16 1
3 13 16 6 1
13 3 16 6 1
3 13 7 15 1
13 3 7 15 1
3 13 15 7 1
13 3 15 7 1
3 13 8 14 2
13 3 8 14 2
3 13 14 8 2
13 3 14 8 2
3 13 9 13 2
13 3 9 13 2
3 13 13 9 2
13 3 13 9 2
3 13 10 12 3
13 3 10 12 3
3 13 12 10 3
13 3 12 10 3
3 13 11 11 3
13 3 11 11 3
4 12 6 16 1
12 4 6 16 1
4 12 16 6 1
12 4 16 6 1
4 12 7 15 2
12 4 7 15 2
4 12 15 7 2
12 4 15 7 2
4 12 8 14 4
12 4 8 14 4
4 12 14 8 4
12 4 14 8 4
4 12 9 13 5
12 4 9 13 5
4 12 13 9 5
12 4 13 9 5
4 12 10 12 7
12 4 10 12 7
4 12 12 10 7
12 4 12 10 7
4 12 11 11 7
12 4 11 11 7
2 14 4 18 0
14 2 4 18 0
2 14 18 4 0
14 2 18 4 0
2 14 5 17 0
14 2 5 17 0
2 14 17 5 0
14 2 17 5 0
3 13 4 18 0
13 3 4 18 0
3 13 18 4 0
13 3 18 4 0
3 13 5 17 0
13 3 5 17 0
3 13 17 5 0
13 3 17 5 0
3 13 3 19 0
13 3 3 19 0
3 13 19 3 0
13 3 19 3 0
4 12 3 19 0
12 4 3 19 0
4 12 19 3 0
12 4 19 3 0
4 12 4 18 0
12 4 4 18 0
4 12 18 4 0
12 4 18 4 0
4 12 5 17 0
12 4 5 17 0
4 12 17 5 0
12 4 17 5 0
5 11 3 19 0
11 5 3 19 0
5 11 19 3 0
11 5 19 3 0
5 11 4 18 0
11 5 4 18 0
5 11 18 4 0
11 5 18 4 0
5 11 5 17 0
11 5 5 17 0
5 11 17 5 0
11 5 17 5 0
5 11 6 16 2
11 5 6 16 2
5 11 16 6 2
11 5 16 6 2
5 11 7 15 4
11 5 7 15 4
5 11 15 7 4
11 5 15 7 4
5 11 8 14 9
11 5 8 14 9
5 11 14 8 9
11 5 14 8 9
5 11 9 13 12
11 5 9 13 12
5 11 13 9 12
11 5 13 9 12
5 11 10 12 17
11 5 10 12 17
5 11 12 10 17
11 5 12 10 17
5 11 11 11 17
11 5 11 11 17
6 10 3 19 0
10 6 3 19 0
6 10 19 3 0
10 6 19 3 0
6 10 4 18 0
10 6 4 18 0
6 10 18 4 0
10 6 18 4 0
6 10 5 17 0
10 6 5 17 0
6 10 17 5 0
10 6 17 5 0
6 10 6 16 2
10 6 6 16 2
6 10 16 6 2
10 6 16 6 2
6 10 7 15 5
10 6 7 15 5
6 10 15 7 5
10 6 15 7 5
6 10 8 14 12
10 6 8 14 12
6 10 14 8 12
10 6 14 8 12
6 10 9 13 18
10 6 9 13 18
6 10 13 9 18
10 6 13 9 18
6 10 10 12 25
10 6 10 12 25
6 10 12 10 25
10 6 12 10 25
6 10 11 11 26
10 6 11 11 26
7 9 4 18 0
9 7 4 18 0
7 9 18 4 0
9 7 18 4 0
7 9 5 17 0
9 7 5 17 0
7 9 17 5 0
9 7 17 5 0
7 9 6 16 3
9 7 6 16 3
7 9 16 6 3
9 7 16 6 3
7 9 7 15 7
9 7 7 15 7
7 9 15 7 7
9 7 15 7 7
7 9 8 14 17
9 7 8 14 17
7 9 14 8 17
9 7 14 8 17
7 9 9 13 25
9 7 9 13 25
7 9 13 9 25
9 7 13 9 25
7 9 10 12 36
9 7 10 12 36
7 9 12 10 36
9 7 12 10 36
7 9 11 11 37
9 7 11 11 37
4 12 2 20 0
12 4 2 20 0
4 12 20 2 0
12 4 20 2 0
5 11 2 20 0
11 5 2 20 0
5 11 20 2 0
11 5 20 2 0
6 10 2 20 0
10 6 2 20 0
6 10 20 2 0
10 6 20 2 0
6 10 1 21 0
10 6 1 21 0
6 10 21 1 0
10 6 21 1 0
7 9 1 21 0
9 7 1 21 0
7 9 21 1 0
9 7 21 1 0
7 9 2 20 0
9 7 2 20 0
7 9 20 2 0
9 7 20 2 0
7 9 3 19 0
9 7 3 19 0
7 9 19 3 0
9 7 19 3 0
8 8 2 20 0
8 8 20 2 0
8 8 3 19 0
8 8 19 3 0
8 8 4 18 0
8 8 18 4 0
8 8 5 17 0
8 8 17 5 0
8 8 6 16 3
8 8 16 6 3
8 8 7 15 7
8 8 15 7 7
8 8 8 14 17
8 8 14 8 17
8 8 9 13 26
8 8 13 9 26
8 8 10 12 37
8 8 12 10 37
8 8 11 11 39
8 8 1 21 0
8 8 21 1 0
