4 27 16 26 0
27 4 16 26 0
4 27 26 16 0
27 4 26 16 0
4 27 17 25 0
27 4 17 25 0
4 27 25 17 0
27 4 25 17 0
4 27 18 24 0
27 4 18 24 0
4 27 24 18 0
27 4 24 18 0
4 27 19 23 0
27 4 19 23 0
4 27 23 19 0
27 4 23 19 0
4 27 20 22 0
27 4 20 22 0
4 27 22 20 0
27 4 22 20 0
4 27 21 21 0
27 4 21 21 0
5 26 16 26 0
26 5 16 26 0
5 26 26 16 0
26 5 26 16 0
5 26 17 25 0
26 5 17 25 0
5 26 25 17 0
26 5 25 17 0
5 26 18 24 0
26 5 18 24 0
5 26 24 18 0
26 5 24 18 0
5 26 19 23 0
26 5 19 23 0
5 26 23 19 0
26 5 23 19 0
5 26 20 22 0
26 5 20 22 0
5 26 22 20 0
26 5 22 20 0
5 26 21 21 0
26 5 21 21 0
6 25 16 26 0
25 6 16 26 0
6 25 26 16 0
25 6 26 16 0
6 25 17 25 0
25 6 17 25 0
6 25 25 17 0
25 6 25 17 0
6 25 18 24 0
25 6 18 24 0
6 25 24 18 0
25 6 24 18 0
6 25 19 23 0
25 6 19 23 0
6 25 23 19 0
25 6 23 19 0
6 25 20 22 0
25 6 20 22 0
6 25 22 20 0
25 6 22 20 0
6 25 21 21 0
25 6 21 21 0
7 24 16 26 0
24 7 16 26 0
7 24 26 16 0
24 7 26 16 0
7 24 17 25 0
24 7 17 25 0
7 24 25 17 0
24 7 25 17 0
7 24 18 24 0
24 7 18 24 0
7 24 24 18 0
24 7 24 18 0
7 24 19 23 1
24 7 19 23 1
7 24 23 19 1
24 7 23 19 1
7 24 20 22 2
24 7 20 22 2
7 24 22 20 2
24 7 22 20 2
7 24 21 21 2
24 7 21 21 2
8 23 16 26 2
23 8 16 26 2
8 23 26 16 2
23 8 26 16 2
8 23 17 25 5
23 8 17 25 5
8 23 25 17 5
23 8 25 17 5
8 23 18 24 10
23 8 18 24 10
8 23 24 18 10
23 8 24 18 10
8 23 19 23 17
23 8 19 23 17
8 23 23 19 17
23 8 23 19 17
8 23 20 22 23
23 8 20 22 23
8 23 22 20 23
23 8 22 20 23
8 23 21 21 24
23 8 21 21 24
5 26 13 29 0
26 5 13 29 0
5 26 29 13 0
26 5 29 13 0
5 26 14 28 0
26 5 14 28 0
5 26 28 14 0
26 5 28 14 0
5 26 15 27 0
26 5 15 27 0
5 26 27 15 0
26 5 27 15 0
6 25 13 29 0
25 6 13 29 0
6 25 29 13 0
25 6 29 13 0
6 25 14 28 0
25 6 14 28 0
6 25 28 14 0
25 6 28 14 0
6 25 15 27 0
25 6 15 27 0
6 25 27 15 0
25 6 27 15 0
7 24 13 29 0
24 7 13 29 0
7 24 29 13 0
24 7 29 13 0
7 24 14 28 0
24 7 14 28 0
7 24 28 14 0
24 7 28 14 0
7 24 15 27 0
24 7 15 27 0
7 24 27 15 0
24 7 27 15 0
8 23 13 29 0
23 8 13 29 0
8 23 29 13 0
23 8 29 13 0
8 23 14 28 0
23 8 14 28 0
8 23 28 14 0
23 8 28 14 0
8 23 15 27 0
23 8 15 27 0
8 23 27 15 0
23 8 27 15 0
9 22 13 29 0
22 9 13 29 0
9 22 29 13 0
22 9 29 13 0
9 22 14 28 1
22 9 14 28 1
9 22 28 14 1
22 9 28 14 1
9 22 15 27 5
22 9 15 27 5
9 22 27 15 5
22 9 27 15 5
9 22 16 26 16
22 9 16 26 16
9 22 26 16 16
22 9 26 16 16
9 22 17 25 35
22 9 17 25 35
9 22 25 17 35
22 9 25 17 35
9 22 18 24 62
22 9 18 24 62
9 22 24 18 62
22 9 24 18 62
9 22 19 23 92
22 9 19 23 92
9 22 23 19 92
22 9 23 19 92
9 22 20 22 116
22 9 20 22 116
9 22 22 20 116
22 9 22 20 116
9 22 21 21 124
22 9 21 21 124
10 21 13 29 2
21 10 13 29 2
10 21 29 13 2
21 10 29 13 2
10 21 14 28 10
21 10 14 28 10
10 21 28 14 10
21 10 28 14 10
10 21 15 27 31
21 10 15 27 31
10 21 27 15 31
21 10 27 15 31
10 21 16 26 75
21 10 16 26 75
10 21 26 16 75
21 10 26 16 75
10 21 17 25 144
21 10 17 25 144
10 21 25 17 144
21 10 25 17 144
10 21 18 24 234
21 10 18 24 234
10 21 24 18 234
21 10 24 18 234
10 21 19 23 327
21 10 19 23 327
10 21 23 19 327
21 10 23 19 327
10 21 20 22 399
21 10 20 22 399
10 21 22 20 399
21 10 22 20 399
10 21 21 21 424
21 10 21 21 424
6 25 12 30 0
25 6 12 30 0
6 25 30 12 0
25 6 30 12 0
7 24 12 30 0
24 7 12 30 0
7 24 30 12 0
24 7 30 12 0
8 23 12 30 0
23 8 12 30 0
8 23 30 12 0
23 8 30 12 0
9 22 12 30 0
22 9 12 30 0
9 22 30 12 0
22 9 30 12 0
10 21 12 30 0
21 10 12 30 0
10 21 30 12 0
21 10 30 12 0
7 24 11 31 0
24 7 11 31 0
7 24 31 11 0
24 7 31 11 0
8 23 11 31 0
23 8 11 31 0
8 23 31 11 0
23 8 31 11 0
9 22 11 31 0
22 9 11 31 0
9 22 31 11 0
22 9 31 11 0
10 21 11 31 0
21 10 11 31 0
10 21 31 11 0
21 10 31 11 0
11 20 11 31 0
20 11 11 31 0
11 20 31 11 0
20 11 31 11 0
11 20 12 30 1
20 11 12 30 1
11 20 30 12 1
20 11 30 12 1
11 20 13 29 10
20 11 13 29 10
11 20 29 13 10
20 11 29 13 10
11 20 14 28 38
20 11 14 28 38
11 20 28 14 38
20 11 28 14 38
11 20 15 27 102
20 11 15 27 102
11 20 27 15 102
20 11 27 15 102
11 20 16 26 222
20 11 16 26 222
11 20 26 16 222
20 11 26 16 222
11 20 17 25 400
20 11 17 25 400
11 20 25 17 400
20 11 25 17 400
11 20 18 24 620
20 11 18 24 620
11 20 24 18 620
20 11 24 18 620
11 20 19 23 841
20 11 19 23 841
11 20 23 19 841
20 11 23 19 841
11 20 20 22 1007
20 11 20 22 1007
11 20 22 20 1007
20 11 22 20 1007
11 20 21 21 1066
20 11 21 21 1066
12 19 12 30 8
19 12 12 30 8
12 19 30 12 8
19 12 30 12 8
12 19 13 29 34
19 12 13 29 34
12 19 29 13 34
19 12 29 13 34
12 19 14 28 105
19 12 14 28 105
12 19 28 14 105
19 12 28 14 105
12 19 15 27 252
19 12 15 27 252
12 19 27 15 252
19 12 27 15 252
12 19 16 26 506
19 12 16 26 506
12 19 26 16 506
19 12 26 16 506
12 19 17 25 867
19 12 17 25 867
12 19 25 17 867
19 12 25 17 867
12 19 18 24 1301
19 12 18 24 1301
12 19 24 18 1301
19 12 24 18 1301
12 19 19 23 1724
19 12 19 23 1724
12 19 23 19 1724
19 12 23 19 1724
12 19 20 22 2039
19 12 20 22 2039
12 19 22 20 2039
19 12 22 20 2039
12 19 21 21 2152
19 12 21 21 2152
12 19 11 31 1
19 12 11 31 1
12 19 31 11 1
19 12 31 11 1
13 18 11 31 3
18 13 11 31 3
13 18 31 11 3
18 13 31 11 3
13 18 12 30 19
18 13 12 30 19
13 18 30 12 19
18 13 30 12 19
13 18 13 29 72
18 13 13 29 72
13 18 29 13 72
18 13 29 13 72
13 18 14 28 204
18 13 14 28 204
13 18 28 14 204
18 13 28 14 204
13 18 15 27 464
18 13 15 27 464
13 18 27 15 464
18 13 27 15 464
13 18 16 26 895
18 13 16 26 895
13 18 26 16 895
18 13 26 16 895
13 18 17 25 1492
18 13 17 25 1492
13 18 25 17 1492
18 13 25 17 1492
13 18 18 24 2194
18 13 18 24 2194
13 18 24 18 2194
18 13 24 18 2194
13 18 19 23 2870
18 13 19 23 2870
13 18 23 19 2870
18 13 23 19 2870
13 18 20 22 3367
18 13 20 22 3367
13 18 22 20 3367
18 13 22 20 3367
13 18 21 21 3546
18 13 21 21 3546
14 17 13 29 121
17 14 13 29 121
14 17 29 13 121
17 14 29 13 121
14 17 14 28 319
17 14 14 28 319
14 17 28 14 319
17 14 28 14 319
14 17 15 27 695
17 14 15 27 695
14 17 27 15 695
17 14 27 15 695
14 17 16 26 1304
17 14 16 26 1304
14 17 26 16 1304
17 14 26 16 1304
14 17 17 25 2132
17 14 17 25 2132
14 17 25 17 2132
17 14 25 17 2132
14 17 18 24 3092
17 14 18 24 3092
14 17 24 18 3092
17 14 24 18 3092
14 17 19 23 4010
17 14 19 23 4010
14 17 23 19 4010
17 14 23 19 4010
14 17 20 22 4680
17 14 20 22 4680
14 17 22 20 4680
17 14 22 20 4680
14 17 21 21 4920
17 14 21 21 4920
14 17 12 30 36
17 14 12 30 36
14 17 30 12 36
17 14 30 12 36
15 16 13 29 151
16 15 13 29 151
15 16 29 13 151
16 15 29 13 151
15 16 14 28 391
16 15 14 28 391
15 16 28 14 391
16 15 28 14 391
15 16 15 27 841
16 15 15 27 841
15 16 27 15 841
16 15 27 15 841
15 16 16 26 1560
16 15 16 26 1560
15 16 26 16 1560
16 15 26 16 1560
15 16 17 25 2531
16 15 17 25 2531
15 16 25 17 2531
16 15 25 17 2531
15 16 18 24 3651
16 15 18 24 3651
15 16 24 18 3651
16 15 24 18 3651
15 16 19 23 4716
16 15 19 23 4716
15 16 23 19 4716
16 15 23 19 4716
15 16 20 22 5491
16 15 20 22 5491
15 16 22 20 5491
16 15 22 20 5491
15 16 21 21 5770
16 15 21 21 5770
7 24 10 32 0
24 7 10 32 0
7 24 32 10 0
24 7 32 10 0
8 23 10 32 0
23 8 10 32 0
8 23 32 10 0
23 8 32 10 0
9 22 10 32 0
22 9 10 32 0
9 22 32 10 0
22 9 32 10 0
10 21 10 32 0
21 10 10 32 0
10 21 32 10 0
21 10 32 10 0
11 20 10 32 0
20 11 10 32 0
11 20 32 10 0
20 11 32 10 0
8 23 9 33 0
23 8 9 33 0
8 23 33 9 0
23 8 33 9 0
9 22 9 33 0
22 9 9 33 0
9 22 33 9 0
22 9 33 9 0
10 21 9 33 0
21 10 9 33 0
10 21 33 9 0
21 10 33 9 0
11 20 9 33 0
20 11 9 33 0
11 20 33 9 0
20 11 33 9 0
12 19 9 33 0
19 12 9 33 0
12 19 33 9 0
19 12 33 9 0
12 19 10 32 0
19 12 10 32 0
12 19 32 10 0
19 12 32 10 0
13 18 10 32 0
18 13 10 32 0
13 18 32 10 0
18 13 32 10 0
9 22 8 34 0
22 9 8 34 0
9 22 34 8 0
22 9 34 8 0
10 21 8 34 0
21 10 8 34 0
10 21 34 8 0
21 10 34 8 0
11 20 8 34 0
20 11 8 34 0
11 20 34 8 0
20 11 34 8 0
12 19 8 34 0
19 12 8 34 0
12 19 34 8 0
19 12 34 8 0
13 18 8 34 0
18 13 8 34 0
13 18 34 8 0
18 13 34 8 0
13 18 9 33 0
18 13 9 33 0
13 18 33 9 0
18 13 33 9 0
14 17 8 34 0
17 14 8 34 0
14 17 34 8 0
17 14 34 8 0
14 17 9 33 0
17 14 9 33 0
14 17 33 9 0
17 14 33 9 0
14 17 10 32 1
17 14 10 32 1
14 17 32 10 1
17 14 32 10 1
14 17 11 31 8
17 14 11 31 8
14 17 31 11 8
17 14 31 11 8
15 16 10 32 1
16 15 10 32 1
15 16 32 10 1
16 15 32 10 1
15 16 11 31 10
16 15 11 31 10
15 16 31 11 10
16 15 31 11 10
15 16 12 30 46
16 15 12 30 46
15 16 30 12 46
16 15 30 12 46
15 16 8 34 0
16 15 8 34 0
15 16 34 8 0
16 15 34 8 0
15 16 9 33 0
16 15 9 33 0
15 16 33 9 0
16 15 33 9 0
10 21 7 35 0
21 10 7 35 0
10 21 35 7 0
21 10 35 7 0
11 20 7 35 0
20 11 7 35 0
11 20 35 7 0
20 11 35 7 0
12 19 7 35 0
19 12 7 35 0
12 19 35 7 0
19 12 35 7 0
13 18 7 35 0
18 13 7 35 0
13 18 35 7 0
18 13 35 7 0
14 17 7 35 0
17 14 7 35 0
14 17 35 7 0
17 14 35 7 0
15 16 7 35 0
16 15 7 35 0
15 16 35 7 0
16 15 35 7 0
12 19 6 36 0
19 12 6 36 0
12 19 36 6 0
19 12 36 6 0
13 18 6 36 0
18 13 6 36 0
13 18 36 6 0
18 13 36 6 0
14 17 6 36 0
17 14 6 36 0
14 17 36 6 0
17 14 36 6 0
15 16 6 36 0
16 15 6 36 0
15 16 36 6 0
16 15 36 6 0
