11 32 23 35 0
32 11 23 35 0
11 32 35 23 0
32 11 35 23 0
11 32 24 34 0
32 11 24 34 0
11 32 34 24 0
32 11 34 24 0
11 32 25 33 0
32 11 25 33 0
11 32 33 25 0
32 11 33 25 0
11 32 26 32 0
32 11 26 32 0
11 32 32 26 0
32 11 32 26 0
11 32 27 31 0
32 11 27 31 0
11 32 31 27 0
32 11 31 27 0
11 32 28 30 0
32 11 28 30 0
11 32 30 28 0
32 11 30 28 0
11 32 29 29 0
32 11 29 29 0
12 31 23 35 0
31 12 23 35 0
12 31 35 23 0
31 12 35 23 0
12 31 24 34 0
31 12 24 34 0
12 31 34 24 0
31 12 34 24 0
12 31 25 33 0
31 12 25 33 0
12 31 33 25 0
31 12 33 25 0
12 31 26 32 0
31 12 26 32 0
12 31 32 26 0
31 12 32 26 0
12 31 27 31 0
31 12 27 31 0
12 31 31 27 0
31 12 31 27 0
12 31 28 30 0
31 12 28 30 0
12 31 30 28 0
31 12 30 28 0
12 31 29 29 0
31 12 29 29 0
13 30 23 35 0
30 13 23 35 0
13 30 35 23 0
30 13 35 23 0
13 30 24 34 0
30 13 24 34 0
13 30 34 24 0
30 13 34 24 0
13 30 25 33 0
30 13 25 33 0
13 30 33 25 0
30 13 33 25 0
13 30 26 32 0
30 13 26 32 0
13 30 32 26 0
30 13 32 26 0
13 30 27 31 0
30 13 27 31 0
13 30 31 27 0
30 13 31 27 0
13 30 28 30 0
30 13 28 30 0
13 30 30 28 0
30 13 30 28 0
13 30 29 29 0
30 13 29 29 0
14 29 23 35 0
29 14 23 35 0
14 29 35 23 0
29 14 35 23 0
14 29 24 34 0
29 14 24 34 0
14 29 34 24 0
29 14 34 24 0
14 29 25 33 0
29 14 25 33 0
14 29 33 25 0
29 14 33 25 0
14 29 26 32 0
29 14 26 32 0
14 29 32 26 0
29 14 32 26 0
14 29 27 31 0
29 14 27 31 0
14 29 31 27 0
29 14 31 27 0
14 29 28 30 0
29 14 28 30 0
14 29 30 28 0
29 14 30 28 0
14 29 29 29 0
29 14 29 29 0
15 28 23 35 0
28 15 23 35 0
15 28 35 23 0
28 15 35 23 0
15 28 24 34 0
28 15 24 34 0
15 28 34 24 0
28 15 34 24 0
15 28 25 33 0
28 15 25 33 0
15 28 33 25 0
28 15 33 25 0
15 28 26 32 1
28 15 26 32 1
15 28 32 26 1
28 15 32 26 1
15 28 27 31 2
28 15 27 31 2
15 28 31 27 2
28 15 31 27 2
15 28 28 30 3
28 15 28 30 3
15 28 30 28 3
28 15 30 28 3
15 28 29 29 4
28 15 29 29 4
12 31 21 37 0
31 12 21 37 0
12 31 37 21 0
31 12 37 21 0
12 31 22 36 0
31 12 22 36 0
12 31 36 22 0
31 12 36 22 0
13 30 21 37 0
30 13 21 37 0
13 30 37 21 0
30 13 37 21 0
13 30 22 36 0
30 13 22 36 0
13 30 36 22 0
30 13 36 22 0
14 29 21 37 0
29 14 21 37 0
14 29 37 21 0
29 14 37 21 0
14 29 22 36 0
29 14 22 36 0
14 29 36 22 0
29 14 36 22 0
15 28 21 37 0
28 15 21 37 0
15 28 37 21 0
28 15 37 21 0
15 28 22 36 0
28 15 22 36 0
15 28 36 22 0
28 15 36 22 0
16 27 21 37 0
27 16 21 37 0
16 27 37 21 0
27 16 37 21 0
16 27 22 36 0
27 16 22 36 0
16 27 36 22 0
27 16 36 22 0
16 27 23 35 0
27 16 23 35 0
16 27 35 23 0
27 16 35 23 0
16 27 24 34 1
27 16 24 34 1
16 27 34 24 1
27 16 34 24 1
16 27 25 33 4
27 16 25 33 4
16 27 33 25 4
27 16 33 25 4
16 27 26 32 10
27 16 26 32 10
16 27 32 26 10
27 16 32 26 10
16 27 27 31 17
27 16 27 31 17
16 27 31 27 17
27 16 31 27 17
16 27 28 30 23
27 16 28 30 23
16 27 30 28 23
27 16 30 28 23
16 27 29 29 26
27 16 29 29 26
17 26 21 37 0
26 17 21 37 0
17 26 37 21 0
26 17 37 21 0
17 26 22 36 0
26 17 22 36 0
17 26 36 22 0
26 17 36 22 0
17 26 23 35 2
26 17 23 35 2
17 26 35 23 2
26 17 35 23 2
17 26 24 34 8
26 17 24 34 8
17 26 34 24 8
26 17 34 24 8
17 26 25 33 21
26 17 25 33 21
17 26 33 25 21
26 17 33 25 21
17 26 26 32 42
26 17 26 32 42
17 26 32 26 42
26 17 32 26 42
17 26 27 31 65
26 17 27 31 65
17 26 31 27 65
26 17 31 27 65
17 26 28 30 84
26 17 28 30 84
17 26 30 28 84
26 17 30 28 84
17 26 29 29 92
26 17 29 29 92
18 25 23 35 10
25 18 23 35 10
18 25 35 23 10
25 18 35 23 10
18 25 24 34 30
25 18 24 34 30
18 25 34 24 30
25 18 34 24 30
18 25 25 33 66
25 18 25 33 66
18 25 33 25 66
25 18 33 25 66
18 25 26 32 118
25 18 26 32 118
18 25 32 26 118
25 18 32 26 118
18 25 27 31 173
25 18 27 31 173
18 25 31 27 173
25 18 31 27 173
18 25 28 30 217
25 18 28 30 217
18 25 30 28 217
25 18 30 28 217
18 25 29 29 234
25 18 29 29 234
13 30 19 39 0
30 13 19 39 0
13 30 39 19 0
30 13 39 19 0
13 30 20 38 0
30 13 20 38 0
13 30 38 20 0
30 13 38 20 0
14 29 19 39 0
29 14 19 39 0
14 29 39 19 0
29 14 39 19 0
14 29 20 38 0
29 14 20 38 0
14 29 38 20 0
29 14 38 20 0
15 28 19 39 0
28 15 19 39 0
15 28 39 19 0
28 15 39 19 0
15 28 20 38 0
28 15 20 38 0
15 28 38 20 0
28 15 38 20 0
16 27 19 39 0
27 16 19 39 0
16 27 39 19 0
27 16 39 19 0
16 27 20 38 0
27 16 20 38 0
16 27 38 20 0
27 16 38 20 0
17 26 19 39 0
26 17 19 39 0
17 26 39 19 0
26 17 39 19 0
17 26 20 38 0
26 17 20 38 0
17 26 38 20 0
26 17 38 20 0
14 29 18 40 0
29 14 18 40 0
14 29 40 18 0
29 14 40 18 0
15 28 18 40 0
28 15 18 40 0
15 28 40 18 0
28 15 40 18 0
16 27 18 40 0
27 16 18 40 0
16 27 40 18 0
27 16 40 18 0
17 26 18 40 0
26 17 18 40 0
17 26 40 18 0
26 17 40 18 0
18 25 18 40 0
25 18 18 40 0
18 25 40 18 0
25 18 40 18 0
18 25 19 39 0
25 18 19 39 0
18 25 39 19 0
25 18 39 19 0
18 25 20 38 0
25 18 20 38 0
18 25 38 20 0
25 18 38 20 0
18 25 21 37 0
25 18 21 37 0
18 25 37 21 0
25 18 37 21 0
18 25 22 36 2
25 18 22 36 2
18 25 36 22 2
25 18 36 22 2
19 24 19 39 0
24 19 19 39 0
19 24 39 19 0
24 19 39 19 0
19 24 20 38 0
24 19 20 38 0
19 24 38 20 0
24 19 38 20 0
19 24 21 37 1
24 19 21 37 1
19 24 37 21 1
24 19 37 21 1
19 24 22 36 7
24 19 22 36 7
19 24 36 22 7
24 19 36 22 7
19 24 23 35 26
24 19 23 35 26
19 24 35 23 26
24 19 35 23 26
19 24 24 34 68
24 19 24 34 68
19 24 34 24 68
24 19 34 24 68
19 24 25 33 139
24 19 25 33 139
19 24 33 25 139
24 19 33 25 139
19 24 26 32 235
24 19 26 32 235
19 24 32 26 235
24 19 32 26 235
19 24 27 31 335
24 19 27 31 335
19 24 31 27 335
24 19 31 27 335
19 24 28 30 413
24 19 28 30 413
19 24 30 28 413
24 19 30 28 413
19 24 29 29 442
24 19 29 29 442
20 23 22 36 15
23 20 22 36 15
20 23 36 22 15
23 20 36 22 15
20 23 23 35 48
23 20 23 35 48
20 23 35 23 48
23 20 35 23 48
20 23 24 34 116
23 20 24 34 116
20 23 34 24 116
23 20 34 24 116
20 23 25 33 225
23 20 25 33 225
20 23 33 25 225
23 20 33 25 225
20 23 26 32 368
23 20 26 32 368
20 23 32 26 368
23 20 32 26 368
20 23 27 31 515
23 20 27 31 515
20 23 31 27 515
23 20 31 27 515
20 23 28 30 628
23 20 28 30 628
20 23 30 28 628
23 20 30 28 628
20 23 29 29 670
23 20 29 29 670
15 28 17 41 0
28 15 17 41 0
15 28 41 17 0
28 15 41 17 0
16 27 17 41 0
27 16 17 41 0
16 27 41 17 0
27 16 41 17 0
17 26 17 41 0
26 17 17 41 0
17 26 41 17 0
26 17 41 17 0
18 25 17 41 0
25 18 17 41 0
18 25 41 17 0
25 18 41 17 0
19 24 17 41 0
24 19 17 41 0
19 24 41 17 0
24 19 41 17 0
19 24 18 40 0
24 19 18 40 0
19 24 40 18 0
24 19 40 18 0
20 23 17 41 0
23 20 17 41 0
20 23 41 17 0
23 20 41 17 0
20 23 18 40 0
23 20 18 40 0
20 23 40 18 0
23 20 40 18 0
20 23 19 39 0
23 20 19 39 0
20 23 39 19 0
23 20 39 19 0
20 23 20 38 0
23 20 20 38 0
20 23 38 20 0
23 20 38 20 0
20 23 21 37 3
23 20 21 37 3
20 23 37 21 3
23 20 37 21 3
21 22 19 39 0
22 21 19 39 0
21 22 39 19 0
22 21 39 19 0
21 22 20 38 0
22 21 20 38 0
21 22 38 20 0
22 21 38 20 0
21 22 21 37 4
22 21 21 37 4
21 22 37 21 4
22 21 37 21 4
21 22 22 36 20
22 21 22 36 20
21 22 36 22 20
22 21 36 22 20
21 22 23 35 62
22 21 23 35 62
21 22 35 23 62
22 21 35 23 62
21 22 24 34 147
22 21 24 34 147
21 22 34 24 147
22 21 34 24 147
21 22 25 33 281
22 21 25 33 281
21 22 33 25 281
22 21 33 25 281
21 22 26 32 454
22 21 26 32 454
21 22 32 26 454
22 21 32 26 454
21 22 27 31 631
22 21 27 31 631
21 22 31 27 631
22 21 31 27 631
21 22 28 30 766
22 21 28 30 766
21 22 30 28 766
22 21 30 28 766
21 22 29 29 816
22 21 29 29 816
21 22 17 41 0
22 21 17 41 0
21 22 41 17 0
22 21 41 17 0
21 22 18 40 0
22 21 18 40 0
21 22 40 18 0
22 21 40 18 0
16 27 16 42 0
27 16 16 42 0
16 27 42 16 0
27 16 42 16 0
17 26 16 42 0
26 17 16 42 0
17 26 42 16 0
26 17 42 16 0
18 25 16 42 0
25 18 16 42 0
18 25 42 16 0
25 18 42 16 0
19 24 16 42 0
24 19 16 42 0
19 24 42 16 0
24 19 42 16 0
20 23 16 42 0
23 20 16 42 0
20 23 42 16 0
23 20 42 16 0
21 22 16 42 0
22 21 16 42 0
21 22 42 16 0
22 21 42 16 0
18 25 15 43 0
25 18 15 43 0
18 25 43 15 0
25 18 43 15 0
19 24 15 43 0
24 19 15 43 0
19 24 43 15 0
24 19 43 15 0
20 23 15 43 0
23 20 15 43 0
20 23 43 15 0
23 20 43 15 0
21 22 15 43 0
22 21 15 43 0
21 22 43 15 0
22 21 43 15 0
