0 7 1 9 0
7 0 1 9 0
0 7 9 1 0
7 0 9 1 0
0 7 2 8 0
7 0 2 8 0
0 7 8 2 0
7 0 8 2 0
0 7 3 7 1
7 0 3 7 1
0 7 7 3 1
7 0 7 3 1
1 6 1 9 1
6 1 1 9 1
1 6 9 1 1
6 1 9 1 1
1 6 2 8 3
6 1 2 8 3
1 6 8 2 3
6 1 8 2 3
1 6 3 7 6
6 1 3 7 6
1 6 7 3 6
6 1 7 3 6
0 7 4 6 1
7 0 4 6 1
0 7 6 4 1
7 0 6 4 1
1 6 4 6 8
6 1 4 6 8
1 6 6 4 8
6 1 6 4 8
0 7 5 5 2
7 0 5 5 2
1 6 5 5 10
6 1 5 5 10
1 6 0 10 0
6 1 0 10 0
1 6 10 0 0
6 1 10 0 0
2 5 0 10 0
5 2 0 10 0
2 5 10 0 0
5 2 10 0 0
2 5 1 9 2
5 2 1 9 2
2 5 9 1 2
5 2 9 1 2
2 5 2 8 6
5 2 2 8 6
2 5 8 2 6
5 2 8 2 6
2 5 3 7 11
5 2 3 7 11
2 5 7 3 11
5 2 7 3 11
2 5 4 6 15
5 2 4 6 15
2 5 6 4 15
5 2 6 4 15
2 5 5 5 18
5 2 5 5 18
3 4 0 10 0
4 3 0 10 0
3 4 10 0 0
4 3 10 0 0
3 4 1 9 3
4 3 1 9 3
3 4 9 1 3
4 3 9 1 3
3 4 2 8 9
4 3 2 8 9
3 4 8 2 9
4 3 8 2 9
3 4 3 7 16
4 3 3 7 16
3 4 7 3 16
4 3 7 3 16
3 4 4 6 22
4 3 4 6 22
3 4 6 4 22
4 3 6 4 22
3 4 5 5 26
4 3 5 5 26
