0 16 6 16 0
16 0 6 16 0
0 16 16 6 0
16 0 16 6 0
0 16 7 15 0
16 0 7 15 0
0 16 15 7 0
16 0 15 7 0
0 16 8 14 0
16 0 8 14 0
0 16 14 8 0
16 0 14 8 0
0 16 9 13 0
16 0 9 13 0
0 16 13 9 0
16 0 13 9 0
0 16 10 12 0
16 0 10 12 0
0 16 12 10 0
16 0 12 10 0
0 16 11 11 0
16 0 11 11 0
1 15 6 16 0
15 1 6 16 0
1 15 16 6 0
15 1 16 6 0
1 15 7 15 0
15 1 7 15 0
1 15 15 7 0
15 1 15 7 0
1 15 8 14 0
15 1 8 14 0
1 15 14 8 0
15 1 14 8 0
1 15 9 13 1
15 1 9 13 1
1 15 13 9 1
15 1 13 9 1
1 15 10 12 1
15 1 10 12 1
1 15 12 10 1
15 1 12 10 1
1 15 11 11 1
15 1 11 11 1
2 14 6 16 0
14 2 6 16 0
2 14 16 6 0
14 2 16 6 0
2 14 7 15 0
14 2 7 15 0
2 14 15 7 0
14 2 15 7 0
2 14 8 14 0
14 2 8 14 0
2 14 14 8 0
14 2 14 8 0
2 14 9 13 2
14 2 9 13 2
2 14 13 9 2
14 2 13 9 2
2 14 10 12 3
14 2 10 12 3
2 14 12 10 3
14 2 12 10 3
2 14 11 11 3
14 2 11 11 3
3 13 6 16 1
13 3 6 16 1
3 13 16 6 1
13 3 16 6 1
3 13 7 15 2
13 3 7 15 2
3 13 15 7 2
13 3 15 7 2
3 13 8 14 3
13 3 8 14 3
3 13 14 8 3
13 3 14 8 3
3 13 9 13 7
13 3 9 13 7
3 13 13 9 7
13 3 13 9 7
3 13 10 12 9
13 3 10 12 9
3 13 12 10 9
13 3 12 10 9
3 13 11 11 10
13 3 11 11 10
4 12 6 16 2
12 4 6 16 2
4 12 16 6 2
12 4 16 6 2
4 12 7 15 5
12 4 7 15 5
4 12 15 7 5
12 4 15 7 5
4 12 8 14 8
12 4 8 14 8
4 12 14 8 8
12 4 14 8 8
4 12 9 13 14
12 4 9 13 14
4 12 13 9 14
12 4 13 9 14
4 12 10 12 18
12 4 10 12 18
4 12 12 10 18
12 4 12 10 18
4 12 11 11 19
12 4 11 11 19
1 15 3 19 0
15 1 3 19 0
1 15 19 3 0
15 1 19 3 0
1 15 4 18 0
15 1 4 18 0
1 15 18 4 0
15 1 18 4 0
1 15 5 17 0
15 1 5 17 0
1 15 17 5 0
15 1 17 5 0
2 14 3 19 0
14 2 3 19 0
2 14 19 3 0
14 2 19 3 0
2 14 4 18 0
14 2 4 18 0
2 14 18 4 0
14 2 18 4 0
2 14 5 17 0
14 2 5 17 0
2 14 17 5 0
14 2 17 5 0
3 13 3 19 0
13 3 3 19 0
3 13 19 3 0
13 3 19 3 0
3 13 4 18 0
13 3 4 18 0
3 13 18 4 0
13 3 18 4 0
3 13 5 17 0
13 3 5 17 0
3 13 17 5 0
13 3 17 5 0
4 12 3 19 0
12 4 3 19 0
4 12 19 3 0
12 4 19 3 0
4 12 4 18 0
12 4 4 18 0
4 12 18 4 0
12 4 18 4 0
4 12 5 17 0
12 4 5 17 0
4 12 17 5 0
12 4 17 5 0
5 11 3 19 1
11 5 3 19 1
5 11 19 3 1
11 5 19 3 1
5 11 4 18 2
11 5 4 18 2
5 11 18 4 2
11 5 18 4 2
5 11 5 17 4
11 5 5 17 4
5 11 17 5 4
11 5 17 5 4
5 11 6 16 8
11 5 6 16 8
5 11 16 6 8
11 5 16 6 8
5 11 7 15 14
11 5 7 15 14
5 11 15 7 14
11 5 15 7 14
5 11 8 14 20
11 5 8 14 20
5 11 14 8 20
11 5 14 8 20
5 11 9 13 29
11 5 9 13 29
5 11 13 9 29
11 5 13 9 29
5 11 10 12 34
11 5 10 12 34
5 11 12 10 34
11 5 12 10 34
5 11 11 11 36
11 5 11 11 36
6 10 3 19 3
10 6 3 19 3
6 10 19 3 3
10 6 19 3 3
6 10 4 18 7
10 6 4 18 7
6 10 18 4 7
10 6 18 4 7
6 10 5 17 12
10 6 5 17 12
6 10 17 5 12
10 6 17 5 12
6 10 6 16 20
10 6 6 16 20
6 10 16 6 20
10 6 16 6 20
6 10 7 15 29
10 6 7 15 29
6 10 15 7 29
10 6 15 7 29
6 10 8 14 39
10 6 8 14 39
6 10 14 8 39
10 6 14 8 39
6 10 9 13 50
10 6 9 13 50
6 10 13 9 50
10 6 13 9 50
6 10 10 12 57
10 6 10 12 57
6 10 12 10 57
10 6 12 10 57
6 10 11 11 59
10 6 11 11 59
7 9 3 19 4
9 7 3 19 4
7 9 19 3 4
9 7 19 3 4
7 9 4 18 9
9 7 4 18 9
7 9 18 4 9
9 7 18 4 9
7 9 5 17 17
9 7 5 17 17
7 9 17 5 17
9 7 17 5 17
7 9 6 16 27
9 7 6 16 27
7 9 16 6 27
9 7 16 6 27
7 9 7 15 39
9 7 7 15 39
7 9 15 7 39
9 7 15 7 39
7 9 8 14 50
9 7 8 14 50
7 9 14 8 50
9 7 14 8 50
7 9 9 13 63
9 7 9 13 63
7 9 13 9 63
9 7 13 9 63
7 9 10 12 71
9 7 10 12 71
7 9 12 10 71
9 7 12 10 71
7 9 11 11 74
9 7 11 11 74
2 14 2 20 0
14 2 2 20 0
2 14 20 2 0
14 2 20 2 0
3 13 2 20 0
13 3 2 20 0
3 13 20 2 0
13 3 20 2 0
4 12 2 20 0
12 4 2 20 0
4 12 20 2 0
12 4 20 2 0
5 11 2 20 0
11 5 2 20 0
5 11 20 2 0
11 5 20 2 0
6 10 2 20 1
10 6 2 20 1
6 10 20 2 1
10 6 20 2 1
3 13 1 21 0
13 3 1 21 0
3 13 21 1 0
13 3 21 1 0
4 12 1 21 0
12 4 1 21 0
4 12 21 1 0
12 4 21 1 0
5 11 1 21 0
11 5 1 21 0
5 11 21 1 0
11 5 21 1 0
6 10 1 21 0
10 6 1 21 0
6 10 21 1 0
10 6 21 1 0
7 9 1 21 0
9 7 1 21 0
7 9 21 1 0
9 7 21 1 0
7 9 2 20 1
9 7 2 20 1
7 9 20 2 1
9 7 20 2 1
8 8 1 21 0
8 8 21 1 0
8 8 2 20 2
8 8 20 2 2
8 8 3 19 6
8 8 19 3 6
8 8 4 18 13
8 8 18 4 13
8 8 5 17 23
8 8 17 5 23
8 8 6 16 36
8 8 16 6 36
8 8 7 15 49
8 8 15 7 49
8 8 8 14 62
8 8 14 8 62
8 8 9 13 75
8 8 13 9 75
8 8 10 12 84
8 8 12 10 84
8 8 11 11 87
6 10 0 22 0
10 6 0 22 0
6 10 22 0 0
10 6 22 0 0
7 9 0 22 0
9 7 0 22 0
7 9 22 0 0
9 7 22 0 0
8 8 0 22 0
8 8 22 0 0
