18 34 30 40 0
34 18 30 40 0
18 34 40 30 0
34 18 40 30 0
18 34 31 39 0
34 18 31 39 0
18 34 39 31 0
34 18 39 31 0
18 34 32 38 0
34 18 32 38 0
18 34 38 32 0
34 18 38 32 0
18 34 33 37 0
34 18 33 37 0
18 34 37 33 0
34 18 37 33 0
18 34 34 36 0
34 18 34 36 0
18 34 36 34 0
34 18 36 34 0
18 34 35 35 0
34 18 35 35 0
19 33 30 40 0
33 19 30 40 0
19 33 40 30 0
33 19 40 30 0
19 33 31 39 0
33 19 31 39 0
19 33 39 31 0
33 19 39 31 0
19 33 32 38 0
33 19 32 38 0
19 33 38 32 0
33 19 38 32 0
19 33 33 37 0
33 19 33 37 0
19 33 37 33 0
33 19 37 33 0
19 33 34 36 0
33 19 34 36 0
19 33 36 34 0
33 19 36 34 0
19 33 35 35 0
33 19 35 35 0
20 32 30 40 0
32 20 30 40 0
20 32 40 30 0
32 20 40 30 0
20 32 31 39 0
32 20 31 39 0
20 32 39 31 0
32 20 39 31 0
20 32 32 38 0
32 20 32 38 0
20 32 38 32 0
32 20 38 32 0
20 32 33 37 0
32 20 33 37 0
20 32 37 33 0
32 20 37 33 0
20 32 34 36 0
32 20 34 36 0
20 32 36 34 0
32 20 36 34 0
20 32 35 35 0
32 20 35 35 0
21 31 30 40 0
31 21 30 40 0
21 31 40 30 0
31 21 40 30 0
21 31 31 39 0
31 21 31 39 0
21 31 39 31 0
31 21 39 31 0
21 31 32 38 0
31 21 32 38 0
21 31 38 32 0
31 21 38 32 0
21 31 33 37 0
31 21 33 37 0
21 31 37 33 0
31 21 37 33 0
21 31 34 36 0
31 21 34 36 0
21 31 36 34 0
31 21 36 34 0
21 31 35 35 0
31 21 35 35 0
22 30 30 40 0
30 22 30 40 0
22 30 40 30 0
30 22 40 30 0
22 30 31 39 0
30 22 31 39 0
22 30 39 31 0
30 22 39 31 0
22 30 32 38 0
30 22 32 38 0
22 30 38 32 0
30 22 38 32 0
22 30 33 37 0
30 22 33 37 0
22 30 37 33 0
30 22 37 33 0
22 30 34 36 0
30 22 34 36 0
22 30 36 34 0
30 22 36 34 0
22 30 35 35 0
30 22 35 35 0
19 33 27 43 0
33 19 27 43 0
19 33 43 27 0
33 19 43 27 0
19 33 28 42 0
33 19 28 42 0
19 33 42 28 0
33 19 42 28 0
19 33 29 41 0
33 19 29 41 0
19 33 41 29 0
33 19 41 29 0
20 32 27 43 0
32 20 27 43 0
20 32 43 27 0
32 20 43 27 0
20 32 28 42 0
32 20 28 42 0
20 32 42 28 0
32 20 42 28 0
20 32 29 41 0
32 20 29 41 0
20 32 41 29 0
32 20 41 29 0
21 31 27 43 0
31 21 27 43 0
21 31 43 27 0
31 21 43 27 0
21 31 28 42 0
31 21 28 42 0
21 31 42 28 0
31 21 42 28 0
21 31 29 41 0
31 21 29 41 0
21 31 41 29 0
31 21 41 29 0
22 30 27 43 0
30 22 27 43 0
22 30 43 27 0
30 22 43 27 0
22 30 28 42 0
30 22 28 42 0
22 30 42 28 0
30 22 42 28 0
22 30 29 41 0
30 22 29 41 0
22 30 41 29 0
30 22 41 29 0
23 29 27 43 0
29 23 27 43 0
23 29 43 27 0
29 23 43 27 0
23 29 28 42 0
29 23 28 42 0
23 29 42 28 0
29 23 42 28 0
23 29 29 41 0
29 23 29 41 0
23 29 41 29 0
29 23 41 29 0
23 29 30 40 0
29 23 30 40 0
23 29 40 30 0
29 23 40 30 0
23 29 31 39 0
29 23 31 39 0
23 29 39 31 0
29 23 39 31 0
23 29 32 38 0
29 23 32 38 0
23 29 38 32 0
29 23 38 32 0
23 29 33 37 1
29 23 33 37 1
23 29 37 33 1
29 23 37 33 1
23 29 34 36 1
29 23 34 36 1
23 29 36 34 1
29 23 36 34 1
23 29 35 35 2
29 23 35 35 2
20 32 26 44 0
32 20 26 44 0
20 32 44 26 0
32 20 44 26 0
21 31 26 44 0
31 21 26 44 0
21 31 44 26 0
31 21 44 26 0
22 30 26 44 0
30 22 26 44 0
22 30 44 26 0
30 22 44 26 0
23 29 26 44 0
29 23 26 44 0
23 29 44 26 0
29 23 44 26 0
24 28 26 44 0
28 24 26 44 0
24 28 44 26 0
28 24 44 26 0
24 28 27 43 0
28 24 27 43 0
24 28 43 27 0
28 24 43 27 0
24 28 28 42 0
28 24 28 42 0
24 28 42 28 0
28 24 42 28 0
24 28 29 41 0
28 24 29 41 0
24 28 41 29 0
28 24 41 29 0
24 28 30 40 0
28 24 30 40 0
24 28 40 30 0
28 24 40 30 0
24 28 31 39 0
28 24 31 39 0
24 28 39 31 0
28 24 39 31 0
24 28 32 38 1
28 24 32 38 1
24 28 38 32 1
28 24 38 32 1
24 28 33 37 2
28 24 33 37 2
24 28 37 33 2
28 24 37 33 2
24 28 34 36 3
28 24 34 36 3
24 28 36 34 3
28 24 36 34 3
24 28 35 35 4
28 24 35 35 4
25 27 27 43 0
27 25 27 43 0
25 27 43 27 0
27 25 43 27 0
25 27 28 42 0
27 25 28 42 0
25 27 42 28 0
27 25 42 28 0
25 27 29 41 0
27 25 29 41 0
25 27 41 29 0
27 25 41 29 0
25 27 30 40 0
27 25 30 40 0
25 27 40 30 0
27 25 40 30 0
25 27 31 39 1
27 25 31 39 1
25 27 39 31 1
27 25 39 31 1
25 27 32 38 2
27 25 32 38 2
25 27 38 32 2
27 25 38 32 2
25 27 33 37 4
27 25 33 37 4
25 27 37 33 4
27 25 37 33 4
25 27 34 36 5
27 25 34 36 5
25 27 36 34 5
27 25 36 34 5
25 27 35 35 7
27 25 35 35 7
26 26 30 40 0
26 26 40 30 0
26 26 31 39 1
26 26 39 31 1
26 26 32 38 3
26 26 38 32 3
26 26 33 37 5
26 26 37 33 5
26 26 34 36 7
26 26 36 34 7
26 26 35 35 9
21 31 25 45 0
31 21 25 45 0
21 31 45 25 0
31 21 45 25 0
22 30 25 45 0
30 22 25 45 0
22 30 45 25 0
30 22 45 25 0
23 29 25 45 0
29 23 25 45 0
23 29 45 25 0
29 23 45 25 0
24 28 25 45 0
28 24 25 45 0
24 28 45 25 0
28 24 45 25 0
25 27 25 45 0
27 25 25 45 0
25 27 45 25 0
27 25 45 25 0
25 27 26 44 0
27 25 26 44 0
25 27 44 26 0
27 25 44 26 0
26 26 25 45 0
26 26 45 25 0
26 26 26 44 0
26 26 44 26 0
26 26 27 43 0
26 26 43 27 0
26 26 28 42 0
26 26 42 28 0
26 26 29 41 0
26 26 41 29 0
24 28 24 46 0
28 24 24 46 0
24 28 46 24 0
28 24 46 24 0
25 27 24 46 0
27 25 24 46 0
25 27 46 24 0
27 25 46 24 0
26 26 24 46 0
26 26 46 24 0
