3 25 13 25 0
25 3 13 25 0
3 25 25 13 0
25 3 25 13 0
3 25 14 24 0
25 3 14 24 0
3 25 24 14 0
25 3 24 14 0
3 25 15 23 0
25 3 15 23 0
3 25 23 15 0
25 3 23 15 0
3 25 16 22 0
25 3 16 22 0
3 25 22 16 0
25 3 22 16 0
3 25 17 21 0
25 3 17 21 0
3 25 21 17 0
25 3 21 17 0
3 25 18 20 0
25 3 18 20 0
3 25 20 18 0
25 3 20 18 0
3 25 19 19 0
25 3 19 19 0
4 24 13 25 0
24 4 13 25 0
4 24 25 13 0
24 4 25 13 0
4 24 14 24 0
24 4 14 24 0
4 24 24 14 0
24 4 24 14 0
4 24 15 23 0
24 4 15 23 0
4 24 23 15 0
24 4 23 15 0
4 24 16 22 0
24 4 16 22 0
4 24 22 16 0
24 4 22 16 0
4 24 17 21 0
24 4 17 21 0
4 24 21 17 0
24 4 21 17 0
4 24 18 20 0
24 4 18 20 0
4 24 20 18 0
24 4 20 18 0
4 24 19 19 0
24 4 19 19 0
5 23 13 25 0
23 5 13 25 0
5 23 25 13 0
23 5 25 13 0
5 23 14 24 0
23 5 14 24 0
5 23 24 14 0
23 5 24 14 0
5 23 15 23 0
23 5 15 23 0
5 23 23 15 0
23 5 23 15 0
5 23 16 22 0
23 5 16 22 0
5 23 22 16 0
23 5 22 16 0
5 23 17 21 0
23 5 17 21 0
5 23 21 17 0
23 5 21 17 0
5 23 18 20 0
23 5 18 20 0
5 23 20 18 0
23 5 20 18 0
5 23 19 19 1
23 5 19 19 1
6 22 13 25 0
22 6 13 25 0
6 22 25 13 0
22 6 25 13 0
6 22 14 24 0
22 6 14 24 0
6 22 24 14 0
22 6 24 14 0
6 22 15 23 1
22 6 15 23 1
6 22 23 15 1
22 6 23 15 1
6 22 16 22 3
22 6 16 22 3
6 22 22 16 3
22 6 22 16 3
6 22 17 21 5
22 6 17 21 5
6 22 21 17 5
22 6 21 17 5
6 22 18 20 7
22 6 18 20 7
6 22 20 18 7
22 6 20 18 7
6 22 19 19 9
22 6 19 19 9
7 21 13 25 2
21 7 13 25 2
7 21 25 13 2
21 7 25 13 2
7 21 14 24 5
21 7 14 24 5
7 21 24 14 5
21 7 24 14 5
7 21 15 23 14
21 7 15 23 14
7 21 23 15 14
21 7 23 15 14
7 21 16 22 26
21 7 16 22 26
7 21 22 16 26
21 7 22 16 26
7 21 17 21 40
21 7 17 21 40
7 21 21 17 40
21 7 21 17 40
7 21 18 20 50
21 7 18 20 50
7 21 20 18 50
21 7 20 18 50
7 21 19 19 57
21 7 19 19 57
4 24 11 27 0
24 4 11 27 0
4 24 27 11 0
24 4 27 11 0
4 24 12 26 0
24 4 12 26 0
4 24 26 12 0
24 4 26 12 0
5 23 11 27 0
23 5 11 27 0
5 23 27 11 0
23 5 27 11 0
5 23 12 26 0
23 5 12 26 0
5 23 26 12 0
23 5 26 12 0
6 22 11 27 0
22 6 11 27 0
6 22 27 11 0
22 6 27 11 0
6 22 12 26 0
22 6 12 26 0
6 22 26 12 0
22 6 26 12 0
7 21 11 27 0
21 7 11 27 0
7 21 27 11 0
21 7 27 11 0
7 21 12 26 0
21 7 12 26 0
7 21 26 12 0
21 7 26 12 0
8 20 11 27 0
20 8 11 27 0
8 20 27 11 0
20 8 27 11 0
8 20 12 26 3
20 8 12 26 3
8 20 26 12 3
20 8 26 12 3
8 20 13 25 13
20 8 13 25 13
8 20 25 13 13
20 8 25 13 13
8 20 14 24 33
20 8 14 24 33
8 20 24 14 33
20 8 24 14 33
8 20 15 23 69
20 8 15 23 69
8 20 23 15 69
20 8 23 15 69
8 20 16 22 117
20 8 16 22 117
8 20 22 16 117
20 8 22 16 117
8 20 17 21 167
20 8 17 21 167
8 20 21 17 167
20 8 21 17 167
8 20 18 20 205
20 8 18 20 205
8 20 20 18 205
20 8 20 18 205
8 20 19 19 222
20 8 19 19 222
9 19 11 27 5
19 9 11 27 5
9 19 27 11 5
19 9 27 11 5
9 19 12 26 19
19 9 12 26 19
9 19 26 12 19
19 9 26 12 19
9 19 13 25 56
19 9 13 25 56
9 19 25 13 56
19 9 25 13 56
9 19 14 24 122
19 9 14 24 122
9 19 24 14 122
19 9 24 14 122
9 19 15 23 229
19 9 15 23 229
9 19 23 15 229
19 9 23 15 229
9 19 16 22 360
19 9 16 22 360
9 19 22 16 360
19 9 22 16 360
9 19 17 21 496
19 9 17 21 496
9 19 21 17 496
19 9 21 17 496
9 19 18 20 594
19 9 18 20 594
9 19 20 18 594
19 9 20 18 594
9 19 19 19 637
19 9 19 19 637
6 22 10 28 0
22 6 10 28 0
6 22 28 10 0
22 6 28 10 0
7 21 10 28 0
21 7 10 28 0
7 21 28 10 0
21 7 28 10 0
8 20 10 28 0
20 8 10 28 0
8 20 28 10 0
20 8 28 10 0
9 19 10 28 1
19 9 10 28 1
9 19 28 10 1
19 9 28 10 1
10 18 10 28 4
18 10 10 28 4
10 18 28 10 4
18 10 28 10 4
10 18 11 27 19
18 10 11 27 19
10 18 27 11 19
18 10 27 11 19
10 18 12 26 62
18 10 12 26 62
10 18 26 12 62
18 10 26 12 62
10 18 13 25 156
18 10 13 25 156
10 18 25 13 156
18 10 25 13 156
10 18 14 24 318
18 10 14 24 318
10 18 24 14 318
18 10 24 14 318
10 18 15 23 556
18 10 15 23 556
10 18 23 15 556
18 10 23 15 556
10 18 16 22 843
18 10 16 22 843
10 18 22 16 843
18 10 22 16 843
10 18 17 21 1127
18 10 17 21 1127
10 18 21 17 1127
18 10 21 17 1127
10 18 18 20 1335
18 10 18 20 1335
10 18 20 18 1335
18 10 20 18 1335
10 18 19 19 1417
18 10 19 19 1417
11 17 11 27 50
17 11 11 27 50
11 17 27 11 50
17 11 27 11 50
11 17 12 26 141
17 11 12 26 141
11 17 26 12 141
17 11 26 12 141
11 17 13 25 328
17 11 13 25 328
11 17 25 13 328
17 11 25 13 328
11 17 14 24 632
17 11 14 24 632
11 17 24 14 632
17 11 24 14 632
11 17 15 23 1066
17 11 15 23 1066
11 17 23 15 1066
17 11 23 15 1066
11 17 16 22 1571
17 11 16 22 1571
11 17 22 16 1571
17 11 22 16 1571
11 17 17 21 2067
17 11 17 21 2067
11 17 21 17 2067
17 11 21 17 2067
11 17 18 20 2422
17 11 18 20 2422
11 17 20 18 2422
17 11 20 18 2422
11 17 19 19 2563
17 11 19 19 2563
12 16 11 27 95
16 12 11 27 95
12 16 27 11 95
16 12 27 11 95
12 16 12 26 250
16 12 12 26 250
12 16 26 12 250
16 12 26 12 250
12 16 13 25 547
16 12 13 25 547
12 16 25 13 547
16 12 25 13 547
12 16 14 24 1021
16 12 14 24 1021
12 16 24 14 1021
16 12 24 14 1021
12 16 15 23 1673
16 12 15 23 1673
12 16 23 15 1673
16 12 23 15 1673
12 16 16 22 2427
16 12 16 22 2427
12 16 22 16 2427
16 12 22 16 2427
12 16 17 21 3150
16 12 17 21 3150
12 16 21 17 3150
16 12 21 17 3150
12 16 18 20 3672
16 12 18 20 3672
12 16 20 18 3672
16 12 20 18 3672
12 16 19 19 3870
16 12 19 19 3870
13 15 13 25 728
15 13 13 25 728
13 15 25 13 728
15 13 25 13 728
13 15 14 24 1335
15 13 14 24 1335
13 15 24 14 1335
15 13 24 14 1335
13 15 15 23 2166
15 13 15 23 2166
13 15 23 15 2166
15 13 23 15 2166
13 15 16 22 3111
15 13 16 22 3111
13 15 22 16 3111
15 13 22 16 3111
13 15 17 21 4018
15 13 17 21 4018
13 15 21 17 4018
15 13 21 17 4018
13 15 18 20 4664
15 13 18 20 4664
13 15 20 18 4664
15 13 20 18 4664
13 15 19 19 4914
15 13 19 19 4914
5 23 9 29 0
23 5 9 29 0
5 23 29 9 0
23 5 29 9 0
5 23 10 28 0
23 5 10 28 0
5 23 28 10 0
23 5 28 10 0
6 22 9 29 0
22 6 9 29 0
6 22 29 9 0
22 6 29 9 0
7 21 9 29 0
21 7 9 29 0
7 21 29 9 0
21 7 29 9 0
8 20 9 29 0
20 8 9 29 0
8 20 29 9 0
20 8 29 9 0
9 19 9 29 0
19 9 9 29 0
9 19 29 9 0
19 9 29 9 0
10 18 9 29 0
18 10 9 29 0
10 18 29 9 0
18 10 29 9 0
6 22 8 30 0
22 6 8 30 0
6 22 30 8 0
22 6 30 8 0
7 21 8 30 0
21 7 8 30 0
7 21 30 8 0
21 7 30 8 0
8 20 8 30 0
20 8 8 30 0
8 20 30 8 0
20 8 30 8 0
9 19 8 30 0
19 9 8 30 0
9 19 30 8 0
19 9 30 8 0
10 18 8 30 0
18 10 8 30 0
10 18 30 8 0
18 10 30 8 0
7 21 7 31 0
21 7 7 31 0
7 21 31 7 0
21 7 31 7 0
8 20 7 31 0
20 8 7 31 0
8 20 31 7 0
20 8 31 7 0
9 19 7 31 0
19 9 7 31 0
9 19 31 7 0
19 9 31 7 0
10 18 7 31 0
18 10 7 31 0
10 18 31 7 0
18 10 31 7 0
11 17 7 31 0
17 11 7 31 0
11 17 31 7 0
17 11 31 7 0
11 17 8 30 0
17 11 8 30 0
11 17 30 8 0
17 11 30 8 0
11 17 9 29 2
17 11 9 29 2
11 17 29 9 2
17 11 29 9 2
11 17 10 28 13
17 11 10 28 13
11 17 28 10 13
17 11 28 10 13
12 16 8 30 1
16 12 8 30 1
12 16 30 8 1
16 12 30 8 1
12 16 9 29 6
16 12 9 29 6
12 16 29 9 6
16 12 29 9 6
12 16 10 28 29
16 12 10 28 29
12 16 28 10 29
16 12 28 10 29
12 16 7 31 0
16 12 7 31 0
12 16 31 7 0
16 12 31 7 0
13 15 7 31 0
15 13 7 31 0
13 15 31 7 0
15 13 31 7 0
13 15 8 30 1
15 13 8 30 1
13 15 30 8 1
15 13 30 8 1
13 15 9 29 9
15 13 9 29 9
13 15 29 9 9
15 13 29 9 9
13 15 10 28 41
15 13 10 28 41
13 15 28 10 41
15 13 28 10 41
13 15 11 27 133
15 13 11 27 133
13 15 27 11 133
15 13 27 11 133
13 15 12 26 338
15 13 12 26 338
13 15 26 12 338
15 13 26 12 338
14 14 9 29 12
14 14 29 9 12
14 14 10 28 50
14 14 28 10 50
14 14 11 27 153
14 14 27 11 153
14 14 12 26 382
14 14 26 12 382
14 14 13 25 808
14 14 25 13 808
14 14 14 24 1472
14 14 24 14 1472
14 14 15 23 2371
14 14 23 15 2371
14 14 16 22 3396
14 14 22 16 3396
14 14 17 21 4370
14 14 21 17 4370
14 14 18 20 5070
14 14 20 18 5070
14 14 19 19 5334
14 14 8 30 2
14 14 30 8 2
8 20 6 32 0
20 8 6 32 0
8 20 32 6 0
20 8 32 6 0
9 19 6 32 0
19 9 6 32 0
9 19 32 6 0
19 9 32 6 0
10 18 6 32 0
18 10 6 32 0
10 18 32 6 0
18 10 32 6 0
11 17 6 32 0
17 11 6 32 0
11 17 32 6 0
17 11 32 6 0
12 16 6 32 0
16 12 6 32 0
12 16 32 6 0
16 12 32 6 0
9 19 5 33 0
19 9 5 33 0
9 19 33 5 0
19 9 33 5 0
10 18 5 33 0
18 10 5 33 0
10 18 33 5 0
18 10 33 5 0
11 17 5 33 0
17 11 5 33 0
11 17 33 5 0
17 11 33 5 0
12 16 5 33 0
16 12 5 33 0
12 16 33 5 0
16 12 33 5 0
13 15 5 33 0
15 13 5 33 0
13 15 33 5 0
15 13 33 5 0
13 15 6 32 0
15 13 6 32 0
13 15 32 6 0
15 13 32 6 0
14 14 5 33 0
14 14 33 5 0
14 14 6 32 0
14 14 32 6 0
14 14 7 31 0
14 14 31 7 0
12 16 4 34 0
16 12 4 34 0
12 16 34 4 0
16 12 34 4 0
13 15 4 34 0
15 13 4 34 0
13 15 34 4 0
15 13 34 4 0
14 14 4 34 0
14 14 34 4 0
