1 21 10 20 0
21 1 10 20 0
1 21 20 10 0
21 1 20 10 0
1 21 11 19 0
21 1 11 19 0
1 21 19 11 0
21 1 19 11 0
1 21 12 18 0
21 1 12 18 0
1 21 18 12 0
21 1 18 12 0
1 21 13 17 0
21 1 13 17 0
1 21 17 13 0
21 1 17 13 0
1 21 14 16 0
21 1 14 16 0
1 21 16 14 0
21 1 16 14 0
1 21 15 15 0
21 1 15 15 0
2 20 10 20 0
20 2 10 20 0
2 20 20 10 0
20 2 20 10 0
2 20 11 19 0
20 2 11 19 0
2 20 19 11 0
20 2 19 11 0
2 20 12 18 0
20 2 12 18 0
2 20 18 12 0
20 2 18 12 0
2 20 13 17 0
20 2 13 17 0
2 20 17 13 0
20 2 17 13 0
2 20 14 16 0
20 2 14 16 0
2 20 16 14 0
20 2 16 14 0
2 20 15 15 0
20 2 15 15 0
3 19 10 20 0
19 3 10 20 0
3 19 20 10 0
19 3 20 10 0
3 19 11 19 0
19 3 11 19 0
3 19 19 11 0
19 3 19 11 0
3 19 12 18 1
19 3 12 18 1
3 19 18 12 1
19 3 18 12 1
3 19 13 17 1
19 3 13 17 1
3 19 17 13 1
19 3 17 13 1
3 19 14 16 2
19 3 14 16 2
3 19 16 14 2
19 3 16 14 2
3 19 15 15 2
19 3 15 15 2
4 18 10 20 1
18 4 10 20 1
4 18 20 10 1
18 4 20 10 1
4 18 11 19 3
18 4 11 19 3
4 18 19 11 3
18 4 19 11 3
4 18 12 18 7
18 4 12 18 7
4 18 18 12 7
18 4 18 12 7
4 18 13 17 11
18 4 13 17 11
4 18 17 13 11
18 4 17 13 11
4 18 14 16 15
18 4 14 16 15
4 18 16 14 15
18 4 16 14 15
4 18 15 15 16
18 4 15 15 16
5 17 10 20 7
17 5 10 20 7
5 17 20 10 7
17 5 20 10 7
5 17 11 19 17
17 5 11 19 17
5 17 19 11 17
17 5 19 11 17
5 17 12 18 33
17 5 12 18 33
5 17 18 12 33
17 5 18 12 33
5 17 13 17 49
17 5 13 17 49
5 17 17 13 49
17 5 17 13 49
5 17 14 16 64
17 5 14 16 64
5 17 16 14 64
17 5 16 14 64
5 17 15 15 67
17 5 15 15 67
6 16 10 20 33
16 6 10 20 33
6 16 20 10 33
16 6 20 10 33
6 16 11 19 66
16 6 11 19 66
6 16 19 11 66
16 6 19 11 66
6 16 12 18 111
16 6 12 18 111
6 16 18 12 111
16 6 18 12 111
6 16 13 17 157
16 6 13 17 157
6 16 17 13 157
16 6 17 13 157
6 16 14 16 194
16 6 14 16 194
6 16 16 14 194
16 6 16 14 194
6 16 15 15 206
16 6 15 15 206
7 15 10 20 99
15 7 10 20 99
7 15 20 10 99
15 7 20 10 99
7 15 11 19 177
15 7 11 19 177
7 15 19 11 177
15 7 19 11 177
7 15 12 18 279
15 7 12 18 279
7 15 18 12 279
15 7 18 12 279
7 15 13 17 377
15 7 13 17 377
7 15 17 13 377
15 7 17 13 377
7 15 14 16 456
15 7 14 16 456
7 15 16 14 456
15 7 16 14 456
7 15 15 15 480
15 7 15 15 480
2 20 7 23 0
20 2 7 23 0
2 20 23 7 0
20 2 23 7 0
2 20 8 22 0
20 2 8 22 0
2 20 22 8 0
20 2 22 8 0
2 20 9 21 0
20 2 9 21 0
2 20 21 9 0
20 2 21 9 0
3 19 7 23 0
19 3 7 23 0
3 19 23 7 0
19 3 23 7 0
3 19 8 22 0
19 3 8 22 0
3 19 22 8 0
19 3 22 8 0
3 19 9 21 0
19 3 9 21 0
3 19 21 9 0
19 3 21 9 0
4 18 7 23 0
18 4 7 23 0
4 18 23 7 0
18 4 23 7 0
4 18 8 22 0
18 4 8 22 0
4 18 22 8 0
18 4 22 8 0
4 18 9 21 0
18 4 9 21 0
4 18 21 9 0
18 4 21 9 0
5 17 7 23 0
17 5 7 23 0
5 17 23 7 0
17 5 23 7 0
5 17 8 22 0
17 5 8 22 0
5 17 22 8 0
17 5 22 8 0
5 17 9 21 1
17 5 9 21 1
5 17 21 9 1
17 5 21 9 1
6 16 7 23 1
16 6 7 23 1
6 16 23 7 1
16 6 23 7 1
6 16 8 22 4
16 6 8 22 4
6 16 22 8 4
16 6 22 8 4
6 16 9 21 13
16 6 9 21 13
6 16 21 9 13
16 6 21 9 13
3 19 6 24 0
19 3 6 24 0
3 19 24 6 0
19 3 24 6 0
4 18 6 24 0
18 4 6 24 0
4 18 24 6 0
18 4 24 6 0
5 17 6 24 0
17 5 6 24 0
5 17 24 6 0
17 5 24 6 0
6 16 6 24 0
16 6 6 24 0
6 16 24 6 0
16 6 24 6 0
7 15 6 24 1
15 7 6 24 1
7 15 24 6 1
15 7 24 6 1
7 15 7 23 5
15 7 7 23 5
7 15 23 7 5
15 7 23 7 5
7 15 8 22 18
15 7 8 22 18
7 15 22 8 18
15 7 22 8 18
7 15 9 21 45
15 7 9 21 45
7 15 21 9 45
15 7 21 9 45
8 14 6 24 4
14 8 6 24 4
8 14 24 6 4
14 8 24 6 4
8 14 7 23 16
14 8 7 23 16
8 14 23 7 16
14 8 23 7 16
8 14 8 22 46
14 8 8 22 46
8 14 22 8 46
14 8 22 8 46
8 14 9 21 106
14 8 9 21 106
8 14 21 9 106
14 8 21 9 106
8 14 10 20 212
14 8 10 20 212
8 14 20 10 212
14 8 20 10 212
8 14 11 19 361
14 8 11 19 361
8 14 19 11 361
14 8 19 11 361
8 14 12 18 542
14 8 12 18 542
8 14 18 12 542
14 8 18 12 542
8 14 13 17 718
14 8 13 17 718
8 14 17 13 718
14 8 17 13 718
8 14 14 16 851
14 8 14 16 851
8 14 16 14 851
14 8 16 14 851
8 14 15 15 896
14 8 15 15 896
9 13 6 24 10
13 9 6 24 10
9 13 24 6 10
13 9 24 6 10
9 13 7 23 33
13 9 7 23 33
9 13 23 7 33
13 9 23 7 33
9 13 8 22 88
13 9 8 22 88
9 13 22 8 88
13 9 22 8 88
9 13 9 21 190
13 9 9 21 190
9 13 21 9 190
13 9 21 9 190
9 13 10 20 361
13 9 10 20 361
9 13 20 10 361
13 9 20 10 361
9 13 11 19 591
13 9 11 19 591
9 13 19 11 591
13 9 19 11 591
9 13 12 18 867
13 9 12 18 867
9 13 18 12 867
13 9 18 12 867
9 13 13 17 1125
13 9 13 17 1125
9 13 17 13 1125
13 9 17 13 1125
9 13 14 16 1322
13 9 14 16 1322
9 13 16 14 1322
13 9 16 14 1322
9 13 15 15 1387
13 9 15 15 1387
10 12 7 23 47
12 10 7 23 47
10 12 23 7 47
12 10 23 7 47
10 12 8 22 121
12 10 8 22 121
10 12 22 8 121
12 10 22 8 121
10 12 9 21 259
12 10 9 21 259
10 12 21 9 259
12 10 21 9 259
10 12 10 20 480
12 10 10 20 480
10 12 20 10 480
12 10 20 10 480
10 12 11 19 778
12 10 11 19 778
10 12 19 11 778
12 10 19 11 778
10 12 12 18 1125
12 10 12 18 1125
10 12 18 12 1125
12 10 18 12 1125
10 12 13 17 1452
12 10 13 17 1452
10 12 17 13 1452
12 10 17 13 1452
10 12 14 16 1694
12 10 14 16 1694
10 12 16 14 1694
12 10 16 14 1694
10 12 15 15 1778
12 10 15 15 1778
4 18 4 26 0
18 4 4 26 0
4 18 26 4 0
18 4 26 4 0
4 18 5 25 0
18 4 5 25 0
4 18 25 5 0
18 4 25 5 0
5 17 4 26 0
17 5 4 26 0
5 17 26 4 0
17 5 26 4 0
5 17 5 25 0
17 5 5 25 0
5 17 25 5 0
17 5 25 5 0
6 16 4 26 0
16 6 4 26 0
6 16 26 4 0
16 6 26 4 0
6 16 5 25 0
16 6 5 25 0
6 16 25 5 0
16 6 25 5 0
7 15 4 26 0
15 7 4 26 0
7 15 26 4 0
15 7 26 4 0
7 15 5 25 0
15 7 5 25 0
7 15 25 5 0
15 7 25 5 0
8 14 4 26 0
14 8 4 26 0
8 14 26 4 0
14 8 26 4 0
8 14 5 25 1
14 8 5 25 1
8 14 25 5 1
14 8 25 5 1
9 13 4 26 0
13 9 4 26 0
9 13 26 4 0
13 9 26 4 0
9 13 5 25 2
13 9 5 25 2
9 13 25 5 2
13 9 25 5 2
6 16 3 27 0
16 6 3 27 0
6 16 27 3 0
16 6 27 3 0
7 15 3 27 0
15 7 3 27 0
7 15 27 3 0
15 7 27 3 0
8 14 3 27 0
14 8 3 27 0
8 14 27 3 0
14 8 27 3 0
9 13 3 27 0
13 9 3 27 0
9 13 27 3 0
13 9 27 3 0
10 12 3 27 0
12 10 3 27 0
10 12 27 3 0
12 10 27 3 0
10 12 4 26 0
12 10 4 26 0
10 12 26 4 0
12 10 26 4 0
10 12 5 25 3
12 10 5 25 3
10 12 25 5 3
12 10 25 5 3
10 12 6 24 14
12 10 6 24 14
10 12 24 6 14
12 10 24 6 14
11 11 4 26 1
11 11 26 4 1
11 11 5 25 5
11 11 25 5 5
11 11 6 24 19
11 11 24 6 19
11 11 7 23 57
11 11 23 7 57
11 11 8 22 142
11 11 22 8 142
11 11 9 21 294
11 11 21 9 294
11 11 10 20 540
11 11 20 10 540
11 11 11 19 864
11 11 19 11 864
11 11 12 18 1243
11 11 18 12 1243
11 11 13 17 1595
11 11 17 13 1595
11 11 14 16 1859
11 11 16 14 1859
11 11 15 15 1946
7 15 2 28 0
15 7 2 28 0
7 15 28 2 0
15 7 28 2 0
8 14 2 28 0
14 8 2 28 0
8 14 28 2 0
14 8 28 2 0
9 13 2 28 0
13 9 2 28 0
9 13 28 2 0
13 9 28 2 0
10 12 2 28 0
12 10 2 28 0
10 12 28 2 0
12 10 28 2 0
11 11 2 28 0
11 11 28 2 0
11 11 3 27 0
11 11 27 3 0
