0 19 10 16 0
19 0 10 16 0
0 19 16 10 0
19 0 16 10 0
0 19 11 15 0
19 0 11 15 0
0 19 15 11 0
19 0 15 11 0
0 19 12 14 0
19 0 12 14 0
0 19 14 12 0
19 0 14 12 0
0 19 13 13 0
19 0 13 13 0
1 18 10 16 0
18 1 10 16 0
1 18 16 10 0
18 1 16 10 0
1 18 11 15 0
18 1 11 15 0
1 18 15 11 0
18 1 15 11 0
1 18 12 14 0
18 1 12 14 0
1 18 14 12 0
18 1 14 12 0
1 18 13 13 0
18 1 13 13 0
2 17 10 16 1
17 2 10 16 1
2 17 16 10 1
17 2 16 10 1
2 17 11 15 1
17 2 11 15 1
2 17 15 11 1
17 2 15 11 1
2 17 12 14 2
17 2 12 14 2
2 17 14 12 2
17 2 14 12 2
2 17 13 13 2
17 2 13 13 2
3 16 10 16 4
16 3 10 16 4
3 16 16 10 4
16 3 16 10 4
3 16 11 15 6
16 3 11 15 6
3 16 15 11 6
16 3 15 11 6
3 16 12 14 9
16 3 12 14 9
3 16 14 12 9
16 3 14 12 9
3 16 13 13 10
16 3 13 13 10
4 15 10 16 18
15 4 10 16 18
4 15 16 10 18
15 4 16 10 18
4 15 11 15 26
15 4 11 15 26
4 15 15 11 26
15 4 15 11 26
4 15 12 14 35
15 4 12 14 35
4 15 14 12 35
15 4 14 12 35
4 15 13 13 38
15 4 13 13 38
1 18 6 20 0
18 1 6 20 0
1 18 20 6 0
18 1 20 6 0
1 18 7 19 0
18 1 7 19 0
1 18 19 7 0
18 1 19 7 0
1 18 8 18 0
18 1 8 18 0
1 18 18 8 0
18 1 18 8 0
1 18 9 17 0
18 1 9 17 0
1 18 17 9 0
18 1 17 9 0
2 17 6 20 0
17 2 6 20 0
2 17 20 6 0
17 2 20 6 0
2 17 7 19 0
17 2 7 19 0
2 17 19 7 0
17 2 19 7 0
2 17 8 18 0
17 2 8 18 0
2 17 18 8 0
17 2 18 8 0
2 17 9 17 0
17 2 9 17 0
2 17 17 9 0
17 2 17 9 0
3 16 6 20 0
16 3 6 20 0
3 16 20 6 0
16 3 20 6 0
3 16 7 19 0
16 3 7 19 0
3 16 19 7 0
16 3 19 7 0
3 16 8 18 0
16 3 8 18 0
3 16 18 8 0
16 3 18 8 0
3 16 9 17 1
16 3 9 17 1
3 16 17 9 1
16 3 17 9 1
4 15 6 20 0
15 4 6 20 0
4 15 20 6 0
15 4 20 6 0
4 15 7 19 1
15 4 7 19 1
4 15 19 7 1
15 4 19 7 1
4 15 8 18 3
15 4 8 18 3
4 15 18 8 3
15 4 18 8 3
4 15 9 17 8
15 4 9 17 8
4 15 17 9 8
15 4 17 9 8
5 14 6 20 1
14 5 6 20 1
5 14 20 6 1
14 5 20 6 1
5 14 7 19 5
14 5 7 19 5
5 14 19 7 5
14 5 19 7 5
5 14 8 18 13
14 5 8 18 13
5 14 18 8 13
14 5 18 8 13
5 14 9 17 28
14 5 9 17 28
5 14 17 9 28
14 5 17 9 28
5 14 10 16 51
14 5 10 16 51
5 14 16 10 51
14 5 16 10 51
5 14 11 15 72
14 5 11 15 72
5 14 15 11 72
14 5 15 11 72
5 14 12 14 91
14 5 12 14 91
5 14 14 12 91
14 5 14 12 91
5 14 13 13 98
14 5 13 13 98
6 13 6 20 9
13 6 6 20 9
6 13 20 6 9
13 6 20 6 9
6 13 7 19 22
13 6 7 19 22
6 13 19 7 22
13 6 19 7 22
6 13 8 18 45
13 6 8 18 45
6 13 18 8 45
13 6 18 8 45
6 13 9 17 79
13 6 9 17 79
6 13 17 9 79
13 6 17 9 79
6 13 10 16 126
13 6 10 16 126
6 13 16 10 126
13 6 16 10 126
6 13 11 15 168
13 6 11 15 168
6 13 15 11 168
13 6 15 11 168
6 13 12 14 204
13 6 12 14 204
6 13 14 12 204
13 6 14 12 204
6 13 13 13 216
13 6 13 13 216
7 12 6 20 20
12 7 6 20 20
7 12 20 6 20
12 7 20 6 20
7 12 7 19 46
12 7 7 19 46
7 12 19 7 46
12 7 19 7 46
7 12 8 18 89
12 7 8 18 89
7 12 18 8 89
12 7 18 8 89
7 12 9 17 149
12 7 9 17 149
7 12 17 9 149
12 7 17 9 149
7 12 10 16 225
12 7 10 16 225
7 12 16 10 225
12 7 16 10 225
7 12 11 15 294
12 7 11 15 294
7 12 15 11 294
12 7 15 11 294
7 12 12 14 349
12 7 12 14 349
7 12 14 12 349
12 7 14 12 349
7 12 13 13 368
12 7 13 13 368
2 17 4 22 0
17 2 4 22 0
2 17 22 4 0
17 2 22 4 0
2 17 5 21 0
17 2 5 21 0
2 17 21 5 0
17 2 21 5 0
3 16 4 22 0
16 3 4 22 0
3 16 22 4 0
16 3 22 4 0
3 16 5 21 0
16 3 5 21 0
3 16 21 5 0
16 3 21 5 0
4 15 4 22 0
15 4 4 22 0
4 15 22 4 0
15 4 22 4 0
4 15 5 21 0
15 4 5 21 0
4 15 21 5 0
15 4 21 5 0
5 14 4 22 0
14 5 4 22 0
5 14 22 4 0
14 5 22 4 0
5 14 5 21 0
14 5 5 21 0
5 14 21 5 0
14 5 21 5 0
6 13 4 22 1
13 6 4 22 1
6 13 22 4 1
13 6 22 4 1
6 13 5 21 3
13 6 5 21 3
6 13 21 5 3
13 6 21 5 3
3 16 3 23 0
16 3 3 23 0
3 16 23 3 0
16 3 23 3 0
4 15 3 23 0
15 4 3 23 0
4 15 23 3 0
15 4 23 3 0
5 14 3 23 0
14 5 3 23 0
5 14 23 3 0
14 5 23 3 0
6 13 3 23 0
13 6 3 23 0
6 13 23 3 0
13 6 23 3 0
7 12 3 23 0
12 7 3 23 0
7 12 23 3 0
12 7 23 3 0
7 12 4 22 2
12 7 4 22 2
7 12 22 4 2
12 7 22 4 2
7 12 5 21 7
12 7 5 21 7
7 12 21 5 7
12 7 21 5 7
8 11 3 23 1
11 8 3 23 1
8 11 23 3 1
11 8 23 3 1
8 11 4 22 5
11 8 4 22 5
8 11 22 4 5
11 8 22 4 5
8 11 5 21 15
11 8 5 21 15
8 11 21 5 15
11 8 21 5 15
8 11 6 20 38
11 8 6 20 38
8 11 20 6 38
11 8 20 6 38
8 11 7 19 80
11 8 7 19 80
8 11 19 7 80
11 8 19 7 80
8 11 8 18 146
11 8 8 18 146
8 11 18 8 146
11 8 18 8 146
8 11 9 17 234
11 8 9 17 234
8 11 17 9 234
11 8 17 9 234
8 11 10 16 340
11 8 10 16 340
8 11 16 10 340
11 8 16 10 340
8 11 11 15 435
11 8 11 15 435
8 11 15 11 435
11 8 15 11 435
8 11 12 14 509
11 8 12 14 509
8 11 14 12 509
11 8 14 12 509
8 11 13 13 534
11 8 13 13 534
9 10 3 23 1
10 9 3 23 1
9 10 23 3 1
10 9 23 3 1
9 10 4 22 6
10 9 4 22 6
9 10 22 4 6
10 9 22 4 6
9 10 5 21 19
10 9 5 21 19
9 10 21 5 19
10 9 21 5 19
9 10 6 20 48
10 9 6 20 48
9 10 20 6 48
10 9 20 6 48
9 10 7 19 100
10 9 7 19 100
9 10 19 7 100
10 9 19 7 100
9 10 8 18 180
10 9 8 18 180
9 10 18 8 180
10 9 18 8 180
9 10 9 17 285
10 9 9 17 285
9 10 17 9 285
10 9 17 9 285
9 10 10 16 409
10 9 10 16 409
9 10 16 10 409
10 9 16 10 409
9 10 11 15 520
10 9 11 15 520
9 10 15 11 520
10 9 15 11 520
9 10 12 14 605
10 9 12 14 605
9 10 14 12 605
10 9 14 12 605
9 10 13 13 634
10 9 13 13 634
4 15 2 24 0
15 4 2 24 0
4 15 24 2 0
15 4 24 2 0
5 14 2 24 0
14 5 2 24 0
5 14 24 2 0
14 5 24 2 0
6 13 2 24 0
13 6 2 24 0
6 13 24 2 0
13 6 24 2 0
7 12 2 24 0
12 7 2 24 0
7 12 24 2 0
12 7 24 2 0
8 11 2 24 0
11 8 2 24 0
8 11 24 2 0
11 8 24 2 0
9 10 2 24 0
10 9 2 24 0
9 10 24 2 0
10 9 24 2 0
6 13 1 25 0
13 6 1 25 0
6 13 25 1 0
13 6 25 1 0
7 12 1 25 0
12 7 1 25 0
7 12 25 1 0
12 7 25 1 0
8 11 1 25 0
11 8 1 25 0
8 11 25 1 0
11 8 25 1 0
9 10 1 25 0
10 9 1 25 0
9 10 25 1 0
10 9 25 1 0
