13 33 26 36 0
33 13 26 36 0
13 33 36 26 0
33 13 36 26 0
13 33 27 35 0
33 13 27 35 0
13 33 35 27 0
33 13 35 27 0
13 33 28 34 0
33 13 28 34 0
13 33 34 28 0
33 13 34 28 0
13 33 29 33 0
33 13 29 33 0
13 33 33 29 0
33 13 33 29 0
13 33 30 32 0
33 13 30 32 0
13 33 32 30 0
33 13 32 30 0
13 33 31 31 0
33 13 31 31 0
14 32 26 36 0
32 14 26 36 0
14 32 36 26 0
32 14 36 26 0
14 32 27 35 0
32 14 27 35 0
14 32 35 27 0
32 14 35 27 0
14 32 28 34 0
32 14 28 34 0
14 32 34 28 0
32 14 34 28 0
14 32 29 33 0
32 14 29 33 0
14 32 33 29 0
32 14 33 29 0
14 32 30 32 0
32 14 30 32 0
14 32 32 30 0
32 14 32 30 0
14 32 31 31 0
32 14 31 31 0
15 31 26 36 0
31 15 26 36 0
15 31 36 26 0
31 15 36 26 0
15 31 27 35 0
31 15 27 35 0
15 31 35 27 0
31 15 35 27 0
15 31 28 34 0
31 15 28 34 0
15 31 34 28 0
31 15 34 28 0
15 31 29 33 0
31 15 29 33 0
15 31 33 29 0
31 15 33 29 0
15 31 30 32 0
31 15 30 32 0
15 31 32 30 0
31 15 32 30 0
15 31 31 31 0
31 15 31 31 0
16 30 26 36 0
30 16 26 36 0
16 30 36 26 0
30 16 36 26 0
16 30 27 35 0
30 16 27 35 0
16 30 35 27 0
30 16 35 27 0
16 30 28 34 0
30 16 28 34 0
16 30 34 28 0
30 16 34 28 0
16 30 29 33 0
30 16 29 33 0
16 30 33 29 0
30 16 33 29 0
16 30 30 32 0
30 16 30 32 0
16 30 32 30 0
30 16 32 30 0
16 30 31 31 0
30 16 31 31 0
17 29 26 36 0
29 17 26 36 0
17 29 36 26 0
29 17 36 26 0
17 29 27 35 0
29 17 27 35 0
17 29 35 27 0
29 17 35 27 0
17 29 28 34 0
29 17 28 34 0
17 29 34 28 0
29 17 34 28 0
17 29 29 33 0
29 17 29 33 0
17 29 33 29 0
29 17 33 29 0
17 29 30 32 1
29 17 30 32 1
17 29 32 30 1
29 17 32 30 1
17 29 31 31 1
29 17 31 31 1
14 32 23 39 0
32 14 23 39 0
14 32 39 23 0
32 14 39 23 0
14 32 24 38 0
32 14 24 38 0
14 32 38 24 0
32 14 38 24 0
14 32 25 37 0
32 14 25 37 0
14 32 37 25 0
32 14 37 25 0
15 31 23 39 0
31 15 23 39 0
15 31 39 23 0
31 15 39 23 0
15 31 24 38 0
31 15 24 38 0
15 31 38 24 0
31 15 38 24 0
15 31 25 37 0
31 15 25 37 0
15 31 37 25 0
31 15 37 25 0
16 30 23 39 0
30 16 23 39 0
16 30 39 23 0
30 16 39 23 0
16 30 24 38 0
30 16 24 38 0
16 30 38 24 0
30 16 38 24 0
16 30 25 37 0
30 16 25 37 0
16 30 37 25 0
30 16 37 25 0
17 29 23 39 0
29 17 23 39 0
17 29 39 23 0
29 17 39 23 0
17 29 24 38 0
29 17 24 38 0
17 29 38 24 0
29 17 38 24 0
17 29 25 37 0
29 17 25 37 0
17 29 37 25 0
29 17 37 25 0
18 28 23 39 0
28 18 23 39 0
18 28 39 23 0
28 18 39 23 0
18 28 24 38 0
28 18 24 38 0
18 28 38 24 0
28 18 38 24 0
18 28 25 37 0
28 18 25 37 0
18 28 37 25 0
28 18 37 25 0
18 28 26 36 0
28 18 26 36 0
18 28 36 26 0
28 18 36 26 0
18 28 27 35 1
28 18 27 35 1
18 28 35 27 1
28 18 35 27 1
18 28 28 34 3
28 18 28 34 3
18 28 34 28 3
28 18 34 28 3
18 28 29 33 6
28 18 29 33 6
18 28 33 29 6
28 18 33 29 6
18 28 30 32 9
28 18 30 32 9
18 28 32 30 9
28 18 32 30 9
18 28 31 31 10
28 18 31 31 10
15 31 22 40 0
31 15 22 40 0
15 31 40 22 0
31 15 40 22 0
16 30 22 40 0
30 16 22 40 0
16 30 40 22 0
30 16 40 22 0
17 29 22 40 0
29 17 22 40 0
17 29 40 22 0
29 17 40 22 0
18 28 22 40 0
28 18 22 40 0
18 28 40 22 0
28 18 40 22 0
19 27 22 40 0
27 19 22 40 0
19 27 40 22 0
27 19 40 22 0
19 27 23 39 0
27 19 23 39 0
19 27 39 23 0
27 19 39 23 0
19 27 24 38 0
27 19 24 38 0
19 27 38 24 0
27 19 38 24 0
19 27 25 37 0
27 19 25 37 0
19 27 37 25 0
27 19 37 25 0
19 27 26 36 2
27 19 26 36 2
19 27 36 26 2
27 19 36 26 2
19 27 27 35 6
27 19 27 35 6
19 27 35 27 6
27 19 35 27 6
19 27 28 34 15
27 19 28 34 15
19 27 34 28 15
27 19 34 28 15
19 27 29 33 24
27 19 29 33 24
19 27 33 29 24
27 19 33 29 24
19 27 30 32 34
27 19 30 32 34
19 27 32 30 34
27 19 32 30 34
19 27 31 31 36
27 19 31 31 36
20 26 23 39 0
26 20 23 39 0
20 26 39 23 0
26 20 39 23 0
20 26 24 38 0
26 20 24 38 0
20 26 38 24 0
26 20 38 24 0
20 26 25 37 2
26 20 25 37 2
20 26 37 25 2
26 20 37 25 2
20 26 26 36 8
26 20 26 36 8
20 26 36 26 8
26 20 36 26 8
20 26 27 35 21
26 20 27 35 21
20 26 35 27 21
26 20 35 27 21
20 26 28 34 42
26 20 28 34 42
20 26 34 28 42
26 20 34 28 42
20 26 29 33 65
26 20 29 33 65
20 26 33 29 65
26 20 33 29 65
20 26 30 32 85
26 20 30 32 85
20 26 32 30 85
26 20 32 30 85
20 26 31 31 92
26 20 31 31 92
21 25 26 36 20
25 21 26 36 20
21 25 36 26 20
25 21 36 26 20
21 25 27 35 45
25 21 27 35 45
21 25 35 27 45
25 21 35 27 45
21 25 28 34 84
25 21 28 34 84
21 25 34 28 84
25 21 34 28 84
21 25 29 33 123
25 21 29 33 123
21 25 33 29 123
25 21 33 29 123
21 25 30 32 158
25 21 30 32 158
21 25 32 30 158
25 21 32 30 158
21 25 31 31 169
25 21 31 31 169
16 30 20 42 0
30 16 20 42 0
16 30 42 20 0
30 16 42 20 0
16 30 21 41 0
30 16 21 41 0
16 30 41 21 0
30 16 41 21 0
17 29 20 42 0
29 17 20 42 0
17 29 42 20 0
29 17 42 20 0
17 29 21 41 0
29 17 21 41 0
17 29 41 21 0
29 17 41 21 0
18 28 20 42 0
28 18 20 42 0
18 28 42 20 0
28 18 42 20 0
18 28 21 41 0
28 18 21 41 0
18 28 41 21 0
28 18 41 21 0
19 27 20 42 0
27 19 20 42 0
19 27 42 20 0
27 19 42 20 0
19 27 21 41 0
27 19 21 41 0
19 27 41 21 0
27 19 41 21 0
20 26 20 42 0
26 20 20 42 0
20 26 42 20 0
26 20 42 20 0
20 26 21 41 0
26 20 21 41 0
20 26 41 21 0
26 20 41 21 0
20 26 22 40 0
26 20 22 40 0
20 26 40 22 0
26 20 40 22 0
21 25 20 42 0
25 21 20 42 0
21 25 42 20 0
25 21 42 20 0
21 25 21 41 0
25 21 21 41 0
21 25 41 21 0
25 21 41 21 0
21 25 22 40 0
25 21 22 40 0
21 25 40 22 0
25 21 40 22 0
21 25 23 39 0
25 21 23 39 0
21 25 39 23 0
25 21 39 23 0
21 25 24 38 1
25 21 24 38 1
21 25 38 24 1
25 21 38 24 1
21 25 25 37 6
25 21 25 37 6
21 25 37 25 6
25 21 37 25 6
22 24 22 40 0
24 22 22 40 0
22 24 40 22 0
24 22 40 22 0
22 24 23 39 0
24 22 23 39 0
22 24 39 23 0
24 22 39 23 0
22 24 24 38 2
24 22 24 38 2
22 24 38 24 2
24 22 38 24 2
22 24 25 37 11
24 22 25 37 11
22 24 37 25 11
24 22 37 25 11
22 24 26 36 31
24 22 26 36 31
22 24 36 26 31
24 22 36 26 31
22 24 27 35 68
24 22 27 35 68
22 24 35 27 68
24 22 35 27 68
22 24 28 34 121
24 22 28 34 121
22 24 34 28 121
24 22 34 28 121
22 24 29 33 176
24 22 29 33 176
22 24 33 29 176
24 22 33 29 176
22 24 30 32 221
24 22 30 32 221
22 24 32 30 221
24 22 32 30 221
22 24 31 31 238
24 22 31 31 238
23 23 26 36 37
23 23 36 26 37
23 23 27 35 78
23 23 35 27 78
23 23 28 34 139
23 23 34 28 139
23 23 29 33 199
23 23 33 29 199
23 23 30 32 251
23 23 32 30 251
23 23 31 31 268
18 28 19 43 0
28 18 19 43 0
18 28 43 19 0
28 18 43 19 0
19 27 19 43 0
27 19 19 43 0
19 27 43 19 0
27 19 43 19 0
20 26 19 43 0
26 20 19 43 0
20 26 43 19 0
26 20 43 19 0
21 25 19 43 0
25 21 19 43 0
21 25 43 19 0
25 21 43 19 0
22 24 19 43 0
24 22 19 43 0
22 24 43 19 0
24 22 43 19 0
22 24 20 42 0
24 22 20 42 0
22 24 42 20 0
24 22 42 20 0
22 24 21 41 0
24 22 21 41 0
22 24 41 21 0
24 22 41 21 0
23 23 20 42 0
23 23 42 20 0
23 23 21 41 0
23 23 41 21 0
23 23 22 40 0
23 23 40 22 0
23 23 23 39 0
23 23 39 23 0
23 23 24 38 3
23 23 38 24 3
23 23 25 37 13
23 23 37 25 13
19 27 18 44 0
27 19 18 44 0
19 27 44 18 0
27 19 44 18 0
20 26 18 44 0
26 20 18 44 0
20 26 44 18 0
26 20 44 18 0
21 25 18 44 0
25 21 18 44 0
21 25 44 18 0
25 21 44 18 0
22 24 18 44 0
24 22 18 44 0
22 24 44 18 0
24 22 44 18 0
23 23 18 44 0
23 23 44 18 0
23 23 19 43 0
23 23 43 19 0
