2 23 11 23 0
23 2 11 23 0
2 23 23 11 0
23 2 23 11 0
2 23 12 22 0
23 2 12 22 0
2 23 22 12 0
23 2 22 12 0
2 23 13 21 0
23 2 13 21 0
2 23 21 13 0
23 2 21 13 0
2 23 14 20 0
23 2 14 20 0
2 23 20 14 0
23 2 20 14 0
2 23 15 19 0
23 2 15 19 0
2 23 19 15 0
23 2 19 15 0
2 23 16 18 0
23 2 16 18 0
2 23 18 16 0
23 2 18 16 0
2 23 17 17 0
23 2 17 17 0
3 22 11 23 0
22 3 11 23 0
3 22 23 11 0
22 3 23 11 0
3 22 12 22 0
22 3 12 22 0
3 22 22 12 0
22 3 22 12 0
3 22 13 21 0
22 3 13 21 0
3 22 21 13 0
22 3 21 13 0
3 22 14 20 0
22 3 14 20 0
3 22 20 14 0
22 3 20 14 0
3 22 15 19 0
22 3 15 19 0
3 22 19 15 0
22 3 19 15 0
3 22 16 18 0
22 3 16 18 0
3 22 18 16 0
22 3 18 16 0
3 22 17 17 0
22 3 17 17 0
4 21 11 23 0
21 4 11 23 0
4 21 23 11 0
21 4 23 11 0
4 21 12 22 0
21 4 12 22 0
4 21 22 12 0
21 4 22 12 0
4 21 13 21 0
21 4 13 21 0
4 21 21 13 0
21 4 21 13 0
4 21 14 20 0
21 4 14 20 0
4 21 20 14 0
21 4 20 14 0
4 21 15 19 1
21 4 15 19 1
4 21 19 15 1
21 4 19 15 1
4 21 16 18 1
21 4 16 18 1
4 21 18 16 1
21 4 18 16 1
4 21 17 17 1
21 4 17 17 1
5 20 11 23 0
20 5 11 23 0
5 20 23 11 0
20 5 23 11 0
5 20 12 22 1
20 5 12 22 1
5 20 22 12 1
20 5 22 12 1
5 20 13 21 3
20 5 13 21 3
5 20 21 13 3
20 5 21 13 3
5 20 14 20 6
20 5 14 20 6
5 20 20 14 6
20 5 20 14 6
5 20 15 19 11
20 5 15 19 11
5 20 19 15 11
20 5 19 15 11
5 20 16 18 14
20 5 16 18 14
5 20 18 16 14
20 5 18 16 14
5 20 17 17 15
20 5 17 17 15
6 19 11 23 2
19 6 11 23 2
6 19 23 11 2
19 6 23 11 2
6 19 12 22 8
19 6 12 22 8
6 19 22 12 8
19 6 22 12 8
6 19 13 21 20
19 6 13 21 20
6 19 21 13 20
19 6 21 13 20
6 19 14 20 36
19 6 14 20 36
6 19 20 14 36
19 6 20 14 36
6 19 15 19 56
19 6 15 19 56
6 19 19 15 56
19 6 19 15 56
6 19 16 18 70
19 6 16 18 70
6 19 18 16 70
19 6 18 16 70
6 19 17 17 76
19 6 17 17 76
3 22 10 24 0
22 3 10 24 0
3 22 24 10 0
22 3 24 10 0
4 21 10 24 0
21 4 10 24 0
4 21 24 10 0
21 4 24 10 0
5 20 10 24 0
20 5 10 24 0
5 20 24 10 0
20 5 24 10 0
6 19 10 24 0
19 6 10 24 0
6 19 24 10 0
19 6 24 10 0
7 18 10 24 5
18 7 10 24 5
7 18 24 10 5
18 7 24 10 5
7 18 11 23 17
18 7 11 23 17
7 18 23 11 17
18 7 23 11 17
7 18 12 22 43
18 7 12 22 43
7 18 22 12 43
18 7 22 12 43
7 18 13 21 86
18 7 13 21 86
7 18 21 13 86
18 7 21 13 86
7 18 14 20 141
18 7 14 20 141
7 18 20 14 141
18 7 20 14 141
7 18 15 19 201
18 7 15 19 201
7 18 19 15 201
18 7 19 15 201
7 18 16 18 245
18 7 16 18 245
7 18 18 16 245
18 7 18 16 245
7 18 17 17 262
18 7 17 17 262
8 17 10 24 22
17 8 10 24 22
8 17 24 10 22
17 8 24 10 22
8 17 11 23 61
17 8 11 23 61
8 17 23 11 61
17 8 23 11 61
8 17 12 22 133
17 8 12 22 133
8 17 22 12 133
17 8 22 12 133
8 17 13 21 244
17 8 13 21 244
8 17 21 13 244
17 8 21 13 244
8 17 14 20 380
17 8 14 20 380
8 17 20 14 380
17 8 20 14 380
8 17 15 19 521
17 8 15 19 521
8 17 19 15 521
17 8 19 15 521
8 17 16 18 623
17 8 16 18 623
8 17 18 16 623
17 8 18 16 623
8 17 17 17 663
17 8 17 17 663
9 16 10 24 67
16 9 10 24 67
9 16 24 10 67
16 9 24 10 67
9 16 11 23 159
16 9 11 23 159
9 16 23 11 159
16 9 23 11 159
9 16 12 22 316
16 9 12 22 316
9 16 22 12 316
16 9 22 12 316
9 16 13 21 543
16 9 13 21 543
9 16 21 13 543
16 9 21 13 543
9 16 14 20 813
16 9 14 20 813
9 16 20 14 813
16 9 20 14 813
9 16 15 19 1082
16 9 15 19 1082
9 16 19 15 1082
16 9 19 15 1082
9 16 16 18 1277
16 9 16 18 1277
9 16 18 16 1277
16 9 18 16 1277
9 16 17 17 1351
16 9 17 17 1351
10 15 11 23 297
15 10 11 23 297
10 15 23 11 297
15 10 23 11 297
10 15 12 22 567
15 10 12 22 567
10 15 22 12 567
15 10 22 12 567
10 15 13 21 944
15 10 13 21 944
10 15 21 13 944
15 10 21 13 944
10 15 14 20 1382
15 10 14 20 1382
10 15 20 14 1382
15 10 20 14 1382
10 15 15 19 1810
15 10 15 19 1810
10 15 19 15 1810
15 10 19 15 1810
10 15 16 18 2118
15 10 16 18 2118
10 15 18 16 2118
15 10 18 16 2118
10 15 17 17 2234
15 10 17 17 2234
3 22 9 25 0
22 3 9 25 0
3 22 25 9 0
22 3 25 9 0
4 21 9 25 0
21 4 9 25 0
4 21 25 9 0
21 4 25 9 0
5 20 9 25 0
20 5 9 25 0
5 20 25 9 0
20 5 25 9 0
6 19 9 25 0
19 6 9 25 0
6 19 25 9 0
19 6 25 9 0
7 18 9 25 1
18 7 9 25 1
7 18 25 9 1
18 7 25 9 1
4 21 7 27 0
21 4 7 27 0
4 21 27 7 0
21 4 27 7 0
4 21 8 26 0
21 4 8 26 0
4 21 26 8 0
21 4 26 8 0
5 20 7 27 0
20 5 7 27 0
5 20 27 7 0
20 5 27 7 0
5 20 8 26 0
20 5 8 26 0
5 20 26 8 0
20 5 26 8 0
6 19 7 27 0
19 6 7 27 0
6 19 27 7 0
19 6 27 7 0
6 19 8 26 0
19 6 8 26 0
6 19 26 8 0
19 6 26 8 0
7 18 7 27 0
18 7 7 27 0
7 18 27 7 0
18 7 27 7 0
7 18 8 26 0
18 7 8 26 0
7 18 26 8 0
18 7 26 8 0
8 17 7 27 0
17 8 7 27 0
8 17 27 7 0
17 8 27 7 0
8 17 8 26 1
17 8 8 26 1
8 17 26 8 1
17 8 26 8 1
8 17 9 25 6
17 8 9 25 6
8 17 25 9 6
17 8 25 9 6
9 16 7 27 1
16 9 7 27 1
9 16 27 7 1
16 9 27 7 1
9 16 8 26 6
16 9 8 26 6
9 16 26 8 6
16 9 26 8 6
9 16 9 25 23
16 9 9 25 23
9 16 25 9 23
16 9 25 9 23
6 19 6 28 0
19 6 6 28 0
6 19 28 6 0
19 6 28 6 0
7 18 6 28 0
18 7 6 28 0
7 18 28 6 0
18 7 28 6 0
8 17 6 28 0
17 8 6 28 0
8 17 28 6 0
17 8 28 6 0
9 16 6 28 0
16 9 6 28 0
9 16 28 6 0
16 9 28 6 0
10 15 6 28 0
15 10 6 28 0
10 15 28 6 0
15 10 28 6 0
10 15 7 27 2
15 10 7 27 2
10 15 27 7 2
15 10 27 7 2
10 15 8 26 13
15 10 8 26 13
10 15 26 8 13
15 10 26 8 13
10 15 9 25 48
15 10 9 25 48
10 15 25 9 48
15 10 25 9 48
10 15 10 24 132
15 10 10 24 132
10 15 24 10 132
15 10 24 10 132
11 14 7 27 6
14 11 7 27 6
11 14 27 7 6
14 11 27 7 6
11 14 8 26 26
14 11 8 26 26
11 14 26 8 26
14 11 26 8 26
11 14 9 25 83
14 11 9 25 83
11 14 25 9 83
14 11 25 9 83
11 14 10 24 211
14 11 10 24 211
11 14 24 10 211
14 11 24 10 211
11 14 11 23 453
14 11 11 23 453
11 14 23 11 453
14 11 23 11 453
11 14 12 22 838
14 11 12 22 838
11 14 22 12 838
14 11 22 12 838
11 14 13 21 1363
14 11 13 21 1363
11 14 21 13 1363
14 11 21 13 1363
11 14 14 20 1965
14 11 14 20 1965
11 14 20 14 1965
14 11 20 14 1965
11 14 15 19 2545
14 11 15 19 2545
11 14 19 15 2545
14 11 19 15 2545
11 14 16 18 2961
14 11 16 18 2961
11 14 18 16 2961
14 11 18 16 2961
11 14 17 17 3116
14 11 17 17 3116
12 13 7 27 8
13 12 7 27 8
12 13 27 7 8
13 12 27 7 8
12 13 8 26 33
13 12 8 26 33
12 13 26 8 33
13 12 26 8 33
12 13 9 25 104
13 12 9 25 104
12 13 25 9 104
13 12 25 9 104
12 13 10 24 260
13 12 10 24 260
12 13 24 10 260
13 12 24 10 260
12 13 11 23 551
13 12 11 23 551
12 13 23 11 551
13 12 23 11 551
12 13 12 22 1007
13 12 12 22 1007
12 13 22 12 1007
13 12 22 12 1007
12 13 13 21 1624
13 12 13 21 1624
12 13 21 13 1624
13 12 21 13 1624
12 13 14 20 2326
13 12 14 20 2326
12 13 20 14 2326
13 12 20 14 2326
12 13 15 19 3000
13 12 15 19 3000
12 13 19 15 3000
13 12 19 15 3000
12 13 16 18 3481
13 12 16 18 3481
12 13 18 16 3481
13 12 18 16 3481
12 13 17 17 3660
13 12 17 17 3660
5 20 6 28 0
20 5 6 28 0
5 20 28 6 0
20 5 28 6 0
6 19 5 29 0
19 6 5 29 0
6 19 29 5 0
19 6 29 5 0
7 18 5 29 0
18 7 5 29 0
7 18 29 5 0
18 7 29 5 0
8 17 5 29 0
17 8 5 29 0
8 17 29 5 0
17 8 29 5 0
9 16 5 29 0
16 9 5 29 0
9 16 29 5 0
16 9 29 5 0
10 15 5 29 0
15 10 5 29 0
10 15 29 5 0
15 10 29 5 0
7 18 4 30 0
18 7 4 30 0
7 18 30 4 0
18 7 30 4 0
8 17 4 30 0
17 8 4 30 0
8 17 30 4 0
17 8 30 4 0
9 16 4 30 0
16 9 4 30 0
9 16 30 4 0
16 9 30 4 0
10 15 4 30 0
15 10 4 30 0
10 15 30 4 0
15 10 30 4 0
11 14 4 30 0
14 11 4 30 0
11 14 30 4 0
14 11 30 4 0
11 14 5 29 0
14 11 5 29 0
11 14 29 5 0
14 11 29 5 0
11 14 6 28 1
14 11 6 28 1
11 14 28 6 1
14 11 28 6 1
12 13 5 29 0
13 12 5 29 0
12 13 29 5 0
13 12 29 5 0
12 13 6 28 1
13 12 6 28 1
12 13 28 6 1
13 12 28 6 1
12 13 4 30 0
13 12 4 30 0
12 13 30 4 0
13 12 30 4 0
9 16 3 31 0
16 9 3 31 0
9 16 31 3 0
16 9 31 3 0
10 15 3 31 0
15 10 3 31 0
10 15 31 3 0
15 10 31 3 0
11 14 3 31 0
14 11 3 31 0
11 14 31 3 0
14 11 31 3 0
12 13 3 31 0
13 12 3 31 0
12 13 31 3 0
13 12 31 3 0
