0 13 6 12 0
13 0 6 12 0
0 13 12 6 0
13 0 12 6 0
0 13 7 11 0
13 0 7 11 0
0 13 11 7 0
13 0 11 7 0
0 13 8 10 0
13 0 8 10 0
0 13 10 8 0
13 0 10 8 0
1 12 6 12 0
12 1 6 12 0
1 12 12 6 0
12 1 12 6 0
1 12 7 11 0
12 1 7 11 0
1 12 11 7 0
12 1 11 7 0
1 12 8 10 0
12 1 8 10 0
1 12 10 8 0
12 1 10 8 0
0 13 9 9 0
13 0 9 9 0
1 12 9 9 0
12 1 9 9 0
1 12 3 15 0
12 1 3 15 0
1 12 15 3 0
12 1 15 3 0
1 12 4 14 0
12 1 4 14 0
1 12 14 4 0
12 1 14 4 0
1 12 5 13 0
12 1 5 13 0
1 12 13 5 0
12 1 13 5 0
2 11 3 15 0
11 2 3 15 0
2 11 15 3 0
11 2 15 3 0
2 11 4 14 1
11 2 4 14 1
2 11 14 4 1
11 2 14 4 1
2 11 5 13 2
11 2 5 13 2
2 11 13 5 2
11 2 13 5 2
2 11 6 12 4
11 2 6 12 4
2 11 12 6 4
11 2 12 6 4
2 11 7 11 5
11 2 7 11 5
2 11 11 7 5
11 2 11 7 5
2 11 8 10 7
11 2 8 10 7
2 11 10 8 7
11 2 10 8 7
2 11 9 9 7
11 2 9 9 7
3 10 3 15 0
10 3 3 15 0
3 10 15 3 0
10 3 15 3 0
3 10 4 14 2
10 3 4 14 2
3 10 14 4 2
10 3 14 4 2
3 10 5 13 5
10 3 5 13 5
3 10 13 5 5
10 3 13 5 5
3 10 6 12 10
10 3 6 12 10
3 10 12 6 10
10 3 12 6 10
3 10 7 11 15
10 3 7 11 15
3 10 11 7 15
10 3 11 7 15
3 10 8 10 20
10 3 8 10 20
3 10 10 8 20
10 3 10 8 20
3 10 9 9 21
10 3 9 9 21
4 9 3 15 1
9 4 3 15 1
4 9 15 3 1
9 4 15 3 1
4 9 4 14 5
9 4 4 14 5
4 9 14 4 5
9 4 14 4 5
4 9 5 13 12
9 4 5 13 12
4 9 13 5 12
9 4 13 5 12
4 9 6 12 24
9 4 6 12 24
4 9 12 6 24
9 4 12 6 24
4 9 7 11 36
9 4 7 11 36
4 9 11 7 36
9 4 11 7 36
4 9 8 10 47
9 4 8 10 47
4 9 10 8 47
9 4 10 8 47
4 9 9 9 50
9 4 9 9 50
2 11 2 16 0
11 2 2 16 0
2 11 16 2 0
11 2 16 2 0
3 10 2 16 0
10 3 2 16 0
3 10 16 2 0
10 3 16 2 0
3 10 1 17 0
10 3 1 17 0
3 10 17 1 0
10 3 17 1 0
4 9 1 17 0
9 4 1 17 0
4 9 17 1 0
9 4 17 1 0
4 9 2 16 0
9 4 2 16 0
4 9 16 2 0
9 4 16 2 0
5 8 1 17 0
8 5 1 17 0
5 8 17 1 0
8 5 17 1 0
5 8 2 16 0
8 5 2 16 0
5 8 16 2 0
8 5 16 2 0
5 8 3 15 2
8 5 3 15 2
5 8 15 3 2
8 5 15 3 2
5 8 4 14 8
8 5 4 14 8
5 8 14 4 8
8 5 14 4 8
5 8 5 13 19
8 5 5 13 19
5 8 13 5 19
8 5 13 5 19
5 8 6 12 38
8 5 6 12 38
5 8 12 6 38
8 5 12 6 38
5 8 7 11 57
8 5 7 11 57
5 8 11 7 57
8 5 11 7 57
5 8 8 10 74
8 5 8 10 74
5 8 10 8 74
8 5 10 8 74
5 8 9 9 80
8 5 9 9 80
6 7 1 17 0
7 6 1 17 0
6 7 17 1 0
7 6 17 1 0
6 7 2 16 0
7 6 2 16 0
6 7 16 2 0
7 6 16 2 0
6 7 3 15 2
7 6 3 15 2
6 7 15 3 2
7 6 15 3 2
6 7 4 14 10
7 6 4 14 10
6 7 14 4 10
7 6 14 4 10
6 7 5 13 24
7 6 5 13 24
6 7 13 5 24
7 6 13 5 24
6 7 6 12 48
7 6 6 12 48
6 7 12 6 48
7 6 12 6 48
6 7 7 11 72
7 6 7 11 72
6 7 11 7 72
7 6 11 7 72
6 7 8 10 94
7 6 8 10 94
6 7 10 8 94
7 6 10 8 94
6 7 9 9 101
7 6 9 9 101
6 7 0 18 0
7 6 0 18 0
6 7 18 0 0
7 6 18 0 0
