0 10 3 11 0
10 0 3 11 0
0 10 11 3 0
10 0 11 3 0
0 10 4 10 0
10 0 4 10 0
0 10 10 4 0
10 0 10 4 0
0 10 5 9 0
10 0 5 9 0
0 10 9 5 0
10 0 9 5 0
1 9 3 11 1
9 1 3 11 1
1 9 11 3 1
9 1 11 3 1
1 9 4 10 2
9 1 4 10 2
1 9 10 4 2
9 1 10 4 2
1 9 5 9 4
9 1 5 9 4
1 9 9 5 4
9 1 9 5 4
0 10 6 8 0
10 0 6 8 0
0 10 8 6 0
10 0 8 6 0
1 9 6 8 5
9 1 6 8 5
1 9 8 6 5
9 1 8 6 5
0 10 7 7 0
10 0 7 7 0
1 9 7 7 6
9 1 7 7 6
1 9 1 13 0
9 1 1 13 0
1 9 13 1 0
9 1 13 1 0
1 9 2 12 0
9 1 2 12 0
1 9 12 2 0
9 1 12 2 0
2 8 1 13 0
8 2 1 13 0
2 8 13 1 0
8 2 13 1 0
2 8 2 12 1
8 2 2 12 1
2 8 12 2 1
8 2 12 2 1
2 8 3 11 4
8 2 3 11 4
2 8 11 3 4
8 2 11 3 4
2 8 4 10 8
8 2 4 10 8
2 8 10 4 8
8 2 10 4 8
2 8 5 9 14
8 2 5 9 14
2 8 9 5 14
8 2 9 5 14
2 8 6 8 18
8 2 6 8 18
2 8 8 6 18
8 2 8 6 18
2 8 7 7 20
8 2 7 7 20
3 7 1 13 0
7 3 1 13 0
3 7 13 1 0
7 3 13 1 0
3 7 2 12 2
7 3 2 12 2
3 7 12 2 2
7 3 12 2 2
3 7 3 11 8
7 3 3 11 8
3 7 11 3 8
7 3 11 3 8
3 7 4 10 16
7 3 4 10 16
3 7 10 4 16
7 3 10 4 16
3 7 5 9 28
7 3 5 9 28
3 7 9 5 28
7 3 9 5 28
3 7 6 8 36
7 3 6 8 36
3 7 8 6 36
7 3 8 6 36
3 7 7 7 40
7 3 7 7 40
4 6 1 13 0
6 4 1 13 0
4 6 13 1 0
6 4 13 1 0
4 6 2 12 4
6 4 2 12 4
4 6 12 2 4
6 4 12 2 4
4 6 3 11 13
6 4 3 11 13
4 6 11 3 13
6 4 11 3 13
4 6 4 10 26
6 4 4 10 26
4 6 10 4 26
6 4 10 4 26
4 6 5 9 44
6 4 5 9 44
4 6 9 5 44
6 4 9 5 44
4 6 6 8 57
6 4 6 8 57
4 6 8 6 57
6 4 8 6 57
4 6 7 7 62
6 4 7 7 62
3 7 0 14 0
7 3 0 14 0
3 7 14 0 0
7 3 14 0 0
4 6 0 14 0
6 4 0 14 0
4 6 14 0 0
6 4 14 0 0
5 5 0 14 0
5 5 14 0 0
5 5 1 13 0
5 5 13 1 0
5 5 2 12 4
5 5 12 2 4
5 5 3 11 14
5 5 11 3 14
5 5 4 10 28
5 5 10 4 28
5 5 5 9 48
5 5 9 5 48
5 5 6 8 62
5 5 8 6 62
5 5 7 7 68
