(5, 17, 21) 554
(9, 12, 22) 3034
(10, 14, 19) 10619
(3, 16, 24) 17
(11, 12, 20) 9047
(7, 13, 23) 1002
(10, 10, 23) 1874
(8, 14, 21) 3428
(2, 19, 22) 6
(9, 17, 17) 9678
(2, 17, 24) 2
(6, 9, 28) 7
(10, 12, 21) 5565
(5, 19, 19) 686
(5, 11, 27) 15
(8, 13, 22) 2342
(7, 14, 22) 1570
(11, 15, 17) 17834
(2, 18, 23) 4
(3, 20, 20) 54
(5, 13, 25) 93
(12, 15, 16) 22601
(7, 12, 24) 565
(10, 13, 20) 8091
(11, 13, 19) 12482
(9, 14, 20) 6450
(8, 15, 20) 4541
(8, 9, 26) 140
(6, 12, 25) 175
(3, 18, 22) 41
(5, 18, 20) 652
(4, 16, 23) 108
(7, 10, 26) 115
(13, 14, 16) 24868
(6, 8, 29) 1
(11, 11, 21) 5907
(9, 15, 19) 8093
(2, 16, 25) 1
(4, 19, 20) 222
(7, 17, 19) 3227
(8, 17, 18) 5979
(8, 11, 24) 766
(4, 15, 24) 65
(9, 11, 23) 1757
(9, 10, 24) 893
(5, 14, 24) 175
(13, 15, 15) 25997
(10, 16, 17) 13873
(7, 11, 25) 277
(8, 12, 23) 1424
(10, 15, 18) 12699
(4, 18, 21) 197
(3, 17, 23) 28
(12, 13, 18) 17303
(11, 16, 16) 18645
(7, 7, 29) 2
(2, 20, 21) 7
(3, 14, 26) 3
(6, 15, 22) 891
(4, 11, 28) 1
(10, 11, 22) 3437
(7, 16, 20) 2805
(9, 16, 18) 9264
(6, 13, 24) 346
(5, 12, 26) 41
(9, 13, 21) 4664
(8, 16, 19) 5460
(5, 9, 29) 1
(12, 14, 17) 20681
(7, 18, 18) 3386
(13, 13, 17) 21737
(6, 16, 21) 1208
(14, 14, 15) 27218
(8, 8, 27) 43
(6, 11, 26) 75
(9, 9, 25) 391
(4, 17, 22) 155
(3, 19, 21) 50
(8, 10, 25) 355
(5, 10, 28) 4
(7, 8, 28) 10
(4, 14, 25) 34
(7, 15, 21) 2205
(4, 13, 26) 15
(6, 17, 20) 1474
(6, 14, 23) 588
(3, 15, 25) 8
(6, 18, 19) 1628
(7, 9, 27) 40
(6, 10, 27) 26
(11, 14, 18) 15619
(12, 12, 19) 13154
(5, 16, 22) 426
(5, 15, 23) 289
(3, 13, 27) 1
(4, 12, 27) 5
