(3, 11, 19) 152
(9, 10, 14) 5871
(5, 5, 23) 16
(0, 15, 18) 1
(3, 6, 24) 2
(1, 14, 18) 14
(7, 11, 15) 3575
(6, 12, 15) 2583
(6, 9, 18) 1083
(9, 9, 15) 4590
(5, 14, 14) 1674
(3, 12, 18) 219
(4, 10, 19) 315
(2, 12, 19) 54
(1, 13, 19) 10
(2, 10, 21) 18
(2, 8, 23) 3
(2, 7, 24) 1
(3, 14, 16) 327
(2, 13, 18) 76
(8, 8, 17) 2154
(3, 15, 15) 347
(4, 11, 18) 472
(9, 12, 12) 7126
(7, 9, 17) 2002
(4, 8, 21) 97
(6, 13, 14) 2829
(4, 5, 24) 4
(2, 11, 20) 34
(4, 13, 16) 765
(4, 4, 25) 1
(10, 10, 13) 7186
(6, 11, 16) 2142
(10, 11, 12) 7935
(5, 9, 19) 495
(1, 15, 17) 18
(6, 7, 20) 339
(5, 6, 22) 53
(7, 13, 13) 4304
(9, 11, 13) 6795
(3, 7, 23) 8
(5, 12, 16) 1392
(3, 13, 17) 283
(5, 10, 18) 780
(7, 8, 18) 1271
(5, 7, 21) 134
(6, 6, 21) 150
(5, 13, 15) 1604
(2, 9, 22) 8
(2, 14, 17) 94
(3, 10, 20) 92
(6, 8, 19) 650
(1, 10, 22) 1
(8, 12, 13) 5740
(7, 7, 19) 710
(0, 16, 17) 1
(8, 11, 14) 5223
(11, 11, 11) 8355
(8, 9, 16) 3218
(8, 10, 15) 4318
(2, 15, 16) 106
(7, 12, 14) 4105
(1, 12, 20) 6
(4, 14, 15) 840
(5, 8, 20) 277
(4, 9, 20) 186
(4, 12, 17) 632
(1, 16, 16) 19
(7, 10, 16) 2816
(4, 6, 23) 15
(1, 11, 21) 3
(4, 7, 22) 43
(3, 8, 22) 22
(6, 10, 17) 1608
(3, 9, 21) 49
(5, 11, 17) 1100
