(8, 9, 31) 1
(12, 15, 21) 14918
(7, 15, 26) 313
(5, 20, 23) 187
(9, 17, 22) 4783
(3, 21, 24) 6
(10, 19, 19) 10681
(8, 15, 25) 969
(4, 20, 24) 37
(8, 11, 29) 32
(4, 16, 28) 2
(11, 12, 25) 2134
(4, 19, 25) 25
(4, 21, 23) 46
(12, 12, 24) 4153
(6, 14, 28) 31
(5, 15, 28) 11
(6, 17, 25) 260
(10, 13, 25) 1885
(5, 21, 22) 212
(11, 15, 22) 9234
(8, 10, 30) 8
(9, 13, 26) 768
(10, 12, 26) 948
(8, 19, 21) 3298
(5, 17, 26) 57
(7, 11, 30) 5
(10, 17, 21) 8895
(5, 16, 27) 29
(12, 16, 20) 18681
(3, 19, 26) 2
(9, 18, 21) 5787
(11, 17, 20) 14562
(13, 14, 21) 16518
(6, 16, 26) 151
(7, 14, 27) 156
(13, 15, 20) 21618
(7, 18, 23) 1182
(10, 16, 22) 7064
(9, 11, 28) 132
(8, 20, 20) 3469
(10, 14, 24) 3281
(7, 17, 24) 857
(13, 17, 18) 28155
(5, 13, 30) 1
(5, 19, 24) 145
(6, 20, 22) 622
(8, 18, 22) 2848
(12, 17, 19) 21312
(5, 18, 25) 99
(9, 15, 24) 2413
(4, 17, 27) 6
(9, 16, 23) 3585
(9, 10, 29) 41
(4, 18, 26) 14
(8, 12, 28) 101
(6, 12, 30) 2
(10, 18, 20) 10215
(14, 16, 18) 32357
(9, 19, 20) 6357
(8, 17, 23) 2215
(6, 18, 24) 394
(11, 13, 24) 3913
(9, 9, 30) 9
(11, 16, 21) 12164
(6, 19, 23) 523
(15, 15, 18) 33841
(8, 16, 24) 1556
(7, 10, 31) 1
(10, 11, 27) 408
(10, 15, 23) 5066
(5, 14, 29) 4
(12, 13, 23) 7099
(12, 18, 18) 22285
(6, 21, 21) 657
(6, 15, 27) 74
(16, 16, 16) 38654
(3, 18, 27) 1
(14, 15, 19) 28346
(7, 12, 29) 21
(3, 22, 23) 7
(15, 16, 17) 36952
(14, 14, 20) 22714
(13, 13, 22) 11428
(8, 14, 26) 536
(4, 22, 22) 50
(13, 16, 19) 25803
(9, 12, 27) 350
(3, 20, 25) 4
(7, 19, 22) 1458
(7, 16, 25) 556
(7, 13, 28) 64
(7, 20, 21) 1619
(12, 14, 22) 10845
(10, 10, 28) 147
(11, 14, 23) 6351
(14, 17, 17) 33774
(11, 11, 26) 1010
(6, 13, 29) 10
(8, 13, 27) 255
(9, 14, 25) 1455
(11, 18, 19) 15924
