0 15 18 1
0 16 17 1
10 10 13 6222
10 11 12 6840
1 10 22 1
11 11 11 7176
1 11 21 3
1 12 20 6
1 13 19 10
1 14 18 14
1 15 17 18
1 16 16 19
2 10 21 18
2 11 20 34
2 12 19 54
2 13 18 76
2 14 17 94
2 15 16 106
2 7 24 1
2 8 23 3
2 9 22 8
3 10 20 91
3 11 19 149
3 12 18 215
3 13 17 277
3 14 16 321
3 15 15 339
3 6 24 2
3 7 23 8
3 8 22 22
3 9 21 48
4 10 19 302
4 11 18 451
4 12 17 603
4 13 16 729
4 14 15 800
4 4 25 1
4 5 24 4
4 6 23 15
4 7 22 42
4 8 21 94
4 9 20 179
5 10 18 730
5 11 17 1023
5 12 16 1294
5 13 15 1486
5 14 14 1553
5 5 23 16
5 6 22 52
5 7 21 128
5 8 20 263
5 9 19 464
6 10 17 1473
6 11 16 1952
6 12 15 2346
6 13 14 2566
6 6 21 144
6 7 20 320
6 8 19 605
6 9 18 998
7 10 16 2529
7 11 15 3188
7 12 14 3654
7 13 13 3822
7 7 19 656
7 8 18 1162
7 9 17 1808
8 10 15 3816
8 11 14 4589
8 12 13 5029
8 8 17 1941
8 9 16 2867
9 10 14 5125
9 11 13 5893
9 12 12 6175
9 9 15 4035
