10 10 18 5778
10 11 17 8044
10 12 16 10117
10 13 15 11594
10 14 14 12109
11 11 16 10675
11 12 15 12835
11 13 14 14054
1 15 22 1
1 16 21 2
1 17 20 3
1 18 19 4
12 12 14 14743
12 13 13 15436
2 11 25 1
2 12 24 3
2 13 23 7
2 14 22 13
2 15 21 22
2 16 20 31
2 17 19 38
2 18 18 41
3 10 25 4
3 11 24 13
3 12 23 29
3 13 22 55
3 14 21 87
3 15 20 125
3 16 19 157
3 17 18 176
3 9 26 1
4 10 24 36
4 11 23 80
4 12 22 149
4 13 21 243
4 14 20 348
4 15 19 453
4 16 18 527
4 17 17 554
4 7 27 1
4 8 26 4
4 9 25 14
5 10 23 147
5 11 22 287
5 12 21 483
5 13 20 724
5 14 19 969
5 15 18 1179
5 16 17 1296
5 6 27 1
5 7 26 7
5 8 25 24
5 9 24 66
6 10 22 440
6 11 21 781
6 12 20 1219
6 13 19 1710
6 14 18 2158
6 15 17 2485
6 16 16 2600
6 6 26 7
6 7 25 31
6 8 24 91
6 9 23 218
7 10 21 1059
7 11 20 1742
7 12 19 2553
7 13 18 3378
7 14 17 4049
7 15 16 4437
7 7 24 104
7 8 23 265
7 9 22 571
8 10 20 2131
8 11 19 3298
8 12 18 4572
8 13 17 5749
8 14 16 6571
8 15 15 6880
8 8 22 618
8 9 21 1229
9 10 19 3731
9 11 18 5461
9 12 17 7201
9 13 16 8632
9 14 15 9434
9 9 20 2282
