10 10 28 146
10 11 27 407
10 12 26 946
10 13 25 1883
10 14 24 3278
10 15 23 5063
10 16 22 7060
10 17 21 8891
10 18 20 10210
10 19 19 10676
11 11 26 1008
11 12 25 2131
11 13 24 3909
11 14 23 6346
11 15 22 9228
11 16 21 12157
11 17 20 14554
11 18 19 15915
12 12 24 4147
12 13 23 7092
12 14 22 10835
12 15 21 14907
12 16 20 18667
12 17 19 21297
12 18 18 22268
13 13 22 11418
13 14 21 16505
13 15 20 21602
13 16 19 25784
13 17 18 28134
14 14 20 22695
14 15 19 28324
14 16 18 32330
14 17 17 33747
15 15 18 33814
15 16 17 36922
16 16 16 38620
3 18 27 1
3 19 26 2
3 20 25 4
3 21 24 6
3 22 23 7
4 16 28 2
4 17 27 6
4 18 26 14
4 19 25 25
4 20 24 37
4 21 23 46
4 22 22 50
5 13 30 1
5 14 29 4
5 15 28 11
5 16 27 29
5 17 26 57
5 18 25 99
5 19 24 145
5 20 23 187
5 21 22 212
6 12 30 2
6 13 29 10
6 14 28 31
6 15 27 74
6 16 26 151
6 17 25 260
6 18 24 394
6 19 23 523
6 20 22 622
6 21 21 657
7 10 31 1
7 11 30 5
7 12 29 21
7 13 28 64
7 14 27 156
7 15 26 313
7 16 25 556
7 17 24 857
7 18 23 1182
7 19 22 1458
7 20 21 1619
8 10 30 8
8 11 29 32
8 12 28 101
8 13 27 255
8 14 26 536
8 15 25 969
8 16 24 1556
8 17 23 2215
8 18 22 2848
8 19 21 3298
8 20 20 3469
8 9 31 1
9 10 29 41
9 11 28 132
9 12 27 350
9 13 26 768
9 14 25 1455
9 15 24 2413
9 16 23 3585
9 17 22 4783
9 18 21 5787
9 19 20 6357
9 9 30 9
