43 63 60 70 0
63 43 60 70 0
43 63 70 60 0
63 43 70 60 0
50 56 65 65 10
56 50 65 65 10
48 58 51 79 0
58 48 51 79 0
48 58 79 51 0
58 48 79 51 0
45 61 64 66 0
61 45 64 66 0
45 61 66 64 0
61 45 66 64 0
43 63 55 75 0
63 43 55 75 0
43 63 75 55 0
63 43 75 55 0
40 66 60 70 0
66 40 60 70 0
40 66 70 60 0
66 40 70 60 0
46 60 58 72 0
60 46 58 72 0
46 60 72 58 0
60 46 72 58 0
44 62 63 67 0
62 44 63 67 0
44 62 67 63 0
62 44 67 63 0
52 54 60 70 22
54 52 60 70 22
52 54 70 60 22
54 52 70 60 22
46 60 56 74 0
60 46 56 74 0
46 60 74 56 0
60 46 74 56 0
51 55 55 75 0
55 51 55 75 0
51 55 75 55 0
55 51 75 55 0
48 58 52 78 0
58 48 52 78 0
48 58 78 52 0
58 48 78 52 0
52 54 57 73 7
54 52 57 73 7
52 54 73 57 7
54 52 73 57 7
44 62 62 68 0
62 44 62 68 0
44 62 68 62 0
62 44 68 62 0
50 56 60 70 8
56 50 60 70 8
50 56 70 60 8
56 50 70 60 8
52 54 62 68 27
54 52 62 68 27
52 54 68 62 27
54 52 68 62 27
44 62 64 66 0
62 44 64 66 0
44 62 66 64 0
62 44 66 64 0
50 56 55 75 0
56 50 55 75 0
50 56 75 55 0
56 50 75 55 0
41 65 64 66 0
65 41 64 66 0
41 65 66 64 0
65 41 66 64 0
49 57 59 71 3
57 49 59 71 3
49 57 71 59 3
57 49 71 59 3
49 57 55 75 0
57 49 55 75 0
49 57 75 55 0
57 49 75 55 0
41 65 62 68 0
65 41 62 68 0
41 65 68 62 0
65 41 68 62 0
44 62 56 74 0
62 44 56 74 0
44 62 74 56 0
62 44 74 56 0
43 63 59 71 0
63 43 59 71 0
43 63 71 59 0
63 43 71 59 0
42 64 58 72 0
64 42 58 72 0
42 64 72 58 0
64 42 72 58 0
42 64 60 70 0
64 42 60 70 0
42 64 70 60 0
64 42 70 60 0
49 57 58 72 2
57 49 58 72 2
49 57 72 58 2
57 49 72 58 2
51 55 50 80 0
55 51 50 80 0
51 55 80 50 0
55 51 80 50 0
49 57 61 69 5
57 49 61 69 5
49 57 69 61 5
57 49 69 61 5
43 63 58 72 0
63 43 58 72 0
43 63 72 58 0
63 43 72 58 0
45 61 63 67 0
61 45 63 67 0
45 61 67 63 0
61 45 67 63 0
41 65 59 71 0
65 41 59 71 0
41 65 71 59 0
65 41 71 59 0
49 57 64 66 5
57 49 64 66 5
49 57 66 64 5
57 49 66 64 5
44 62 59 71 0
62 44 59 71 0
44 62 71 59 0
62 44 71 59 0
51 55 59 71 13
55 51 59 71 13
51 55 71 59 13
55 51 71 59 13
48 58 53 77 0
58 48 53 77 0
48 58 77 53 0
58 48 77 53 0
52 54 56 74 2
54 52 56 74 2
52 54 74 56 2
54 52 74 56 2
46 60 52 78 0
60 46 52 78 0
46 60 78 52 0
60 46 78 52 0
43 63 61 69 0
63 43 61 69 0
43 63 69 61 0
63 43 69 61 0
41 65 61 69 0
65 41 61 69 0
41 65 69 61 0
65 41 69 61 0
53 53 51 79 0
53 53 79 51 0
42 64 61 69 0
64 42 61 69 0
42 64 69 61 0
64 42 69 61 0
44 62 54 76 0
62 44 54 76 0
44 62 76 54 0
62 44 76 54 0
47 59 60 70 0
59 47 60 70 0
47 59 70 60 0
59 47 70 60 0
50 56 52 78 0
56 50 52 78 0
50 56 78 52 0
56 50 78 52 0
49 57 56 74 0
57 49 56 74 0
49 57 74 56 0
57 49 74 56 0
46 60 53 77 0
60 46 53 77 0
46 60 77 53 0
60 46 77 53 0
42 64 56 74 0
64 42 56 74 0
42 64 74 56 0
64 42 74 56 0
41 65 65 65 0
65 41 65 65 0
50 56 56 74 0
56 50 56 74 0
50 56 74 56 0
56 50 74 56 0
52 54 63 67 27
54 52 63 67 27
52 54 67 63 27
54 52 67 63 27
40 66 62 68 0
66 40 62 68 0
40 66 68 62 0
66 40 68 62 0
47 59 61 69 0
59 47 61 69 0
47 59 69 61 0
59 47 69 61 0
46 60 51 79 0
60 46 51 79 0
46 60 79 51 0
60 46 79 51 0
51 55 56 74 1
55 51 56 74 1
51 55 74 56 1
55 51 74 56 1
49 57 52 78 0
57 49 52 78 0
49 57 78 52 0
57 49 78 52 0
45 61 54 76 0
61 45 54 76 0
45 61 76 54 0
61 45 76 54 0
41 65 56 74 0
65 41 56 74 0
41 65 74 56 0
65 41 74 56 0
44 62 65 65 0
62 44 65 65 0
50 56 58 72 4
56 50 58 72 4
50 56 72 58 4
56 50 72 58 4
50 56 54 76 0
56 50 54 76 0
50 56 76 54 0
56 50 76 54 0
53 53 52 78 0
53 53 78 52 0
46 60 62 68 0
60 46 62 68 0
46 60 68 62 0
60 46 68 62 0
49 57 57 73 1
57 49 57 73 1
49 57 73 57 1
57 49 73 57 1
50 56 64 66 10
56 50 64 66 10
50 56 66 64 10
56 50 66 64 10
53 53 60 70 26
53 53 70 60 26
44 62 52 78 0
62 44 52 78 0
44 62 78 52 0
62 44 78 52 0
49 57 65 65 5
57 49 65 65 5
52 54 65 65 27
54 52 65 65 27
53 53 58 72 14
53 53 72 58 14
53 53 50 80 0
53 53 80 50 0
45 61 56 74 0
61 45 56 74 0
45 61 74 56 0
61 45 74 56 0
46 60 64 66 0
60 46 64 66 0
46 60 66 64 0
60 46 66 64 0
52 54 55 75 0
54 52 55 75 0
52 54 75 55 0
54 52 75 55 0
46 60 63 67 0
60 46 63 67 0
46 60 67 63 0
60 46 67 63 0
52 54 53 77 0
54 52 53 77 0
52 54 77 53 0
54 52 77 53 0
46 60 60 70 0
60 46 60 70 0
46 60 70 60 0
60 46 70 60 0
43 63 53 77 0
63 43 53 77 0
43 63 77 53 0
63 43 77 53 0
40 66 61 69 0
66 40 61 69 0
40 66 69 61 0
66 40 69 61 0
40 66 63 67 0
66 40 63 67 0
40 66 67 63 0
66 40 67 63 0
42 64 63 67 0
64 42 63 67 0
42 64 67 63 0
64 42 67 63 0
50 56 53 77 0
56 50 53 77 0
50 56 77 53 0
56 50 77 53 0
49 57 63 67 5
57 49 63 67 5
49 57 67 63 5
57 49 67 63 5
43 63 63 67 0
63 43 63 67 0
43 63 67 63 0
63 43 67 63 0
43 63 64 66 0
63 43 64 66 0
43 63 66 64 0
63 43 66 64 0
53 53 62 68 32
53 53 68 62 32
48 58 56 74 0
58 48 56 74 0
48 58 74 56 0
58 48 74 56 0
42 64 64 66 0
64 42 64 66 0
42 64 66 64 0
64 42 66 64 0
51 55 61 69 21
55 51 61 69 21
51 55 69 61 21
55 51 69 61 21
51 55 62 68 21
55 51 62 68 21
51 55 68 62 21
55 51 68 62 21
41 65 63 67 0
65 41 63 67 0
41 65 67 63 0
65 41 67 63 0
53 53 63 67 32
53 53 67 63 32
46 60 61 69 0
60 46 61 69 0
46 60 69 61 0
60 46 69 61 0
53 53 56 74 2
53 53 74 56 2
50 56 63 67 10
56 50 63 67 10
50 56 67 63 10
56 50 67 63 10
50 56 62 68 10
56 50 62 68 10
50 56 68 62 10
56 50 68 62 10
47 59 58 72 0
59 47 58 72 0
47 59 72 58 0
59 47 72 58 0
53 53 59 71 20
53 53 71 59 20
52 54 61 69 27
54 52 61 69 27
52 54 69 61 27
54 52 69 61 27
46 60 65 65 0
60 46 65 65 0
53 53 61 69 32
53 53 69 61 32
48 58 55 75 0
58 48 55 75 0
48 58 75 55 0
58 48 75 55 0
51 55 64 66 21
55 51 64 66 21
51 55 66 64 21
55 51 66 64 21
47 59 59 71 0
59 47 59 71 0
47 59 71 59 0
59 47 71 59 0
43 63 57 73 0
63 43 57 73 0
43 63 73 57 0
63 43 73 57 0
52 54 64 66 27
54 52 64 66 27
52 54 66 64 27
54 52 66 64 27
45 61 53 77 0
61 45 53 77 0
45 61 77 53 0
61 45 77 53 0
44 62 57 73 0
62 44 57 73 0
44 62 73 57 0
62 44 73 57 0
43 63 56 74 0
63 43 56 74 0
43 63 74 56 0
63 43 74 56 0
44 62 61 69 0
62 44 61 69 0
44 62 69 61 0
62 44 69 61 0
52 54 51 79 0
54 52 51 79 0
52 54 79 51 0
54 52 79 51 0
49 57 53 77 0
57 49 53 77 0
49 57 77 53 0
57 49 77 53 0
44 62 55 75 0
62 44 55 75 0
44 62 75 55 0
62 44 75 55 0
47 59 52 78 0
59 47 52 78 0
47 59 78 52 0
59 47 78 52 0
46 60 54 76 0
60 46 54 76 0
46 60 76 54 0
60 46 76 54 0
51 55 53 77 0
55 51 53 77 0
51 55 77 53 0
55 51 77 53 0
47 59 62 68 0
59 47 62 68 0
47 59 68 62 0
59 47 68 62 0
40 66 65 65 0
66 40 65 65 0
52 54 50 80 0
54 52 50 80 0
52 54 80 50 0
54 52 80 50 0
42 64 65 65 0
64 42 65 65 0
45 61 65 65 0
61 45 65 65 0
52 54 52 78 0
54 52 52 78 0
52 54 78 52 0
54 52 78 52 0
47 59 56 74 0
59 47 56 74 0
47 59 74 56 0
59 47 74 56 0
47 59 55 75 0
59 47 55 75 0
47 59 75 55 0
59 47 75 55 0
42 64 55 75 0
64 42 55 75 0
42 64 75 55 0
64 42 75 55 0
46 60 59 71 0
60 46 59 71 0
46 60 71 59 0
60 46 71 59 0
50 56 61 69 10
56 50 61 69 10
50 56 69 61 10
56 50 69 61 10
42 64 54 76 0
64 42 54 76 0
42 64 76 54 0
64 42 76 54 0
42 64 59 71 0
64 42 59 71 0
42 64 71 59 0
64 42 71 59 0
51 55 65 65 21
55 51 65 65 21
42 64 62 68 0
64 42 62 68 0
42 64 68 62 0
64 42 68 62 0
50 56 57 73 2
56 50 57 73 2
50 56 73 57 2
56 50 73 57 2
51 55 52 78 0
55 51 52 78 0
51 55 78 52 0
55 51 78 52 0
43 63 54 76 0
63 43 54 76 0
43 63 76 54 0
63 43 76 54 0
41 65 58 72 0
65 41 58 72 0
41 65 72 58 0
65 41 72 58 0
44 62 60 70 0
62 44 60 70 0
44 62 70 60 0
62 44 70 60 0
40 66 64 66 0
66 40 64 66 0
40 66 66 64 0
66 40 66 64 0
44 62 53 77 0
62 44 53 77 0
44 62 77 53 0
62 44 77 53 0
45 61 55 75 0
61 45 55 75 0
45 61 75 55 0
61 45 75 55 0
48 58 59 71 0
58 48 59 71 0
48 58 71 59 0
58 48 71 59 0
51 55 51 79 0
55 51 51 79 0
51 55 79 51 0
55 51 79 51 0
53 53 54 76 0
53 53 76 54 0
48 58 54 76 0
58 48 54 76 0
48 58 76 54 0
58 48 76 54 0
41 65 57 73 0
65 41 57 73 0
41 65 73 57 0
65 41 73 57 0
48 58 63 67 0
58 48 63 67 0
48 58 67 63 0
58 48 67 63 0
45 61 62 68 0
61 45 62 68 0
45 61 68 62 0
61 45 68 62 0
41 65 60 70 0
65 41 60 70 0
41 65 70 60 0
65 41 70 60 0
49 57 60 70 4
57 49 60 70 4
49 57 70 60 4
57 49 70 60 4
45 61 61 69 0
61 45 61 69 0
45 61 69 61 0
61 45 69 61 0
50 56 59 71 6
56 50 59 71 6
50 56 71 59 6
56 50 71 59 6
45 61 52 78 0
61 45 52 78 0
45 61 78 52 0
61 45 78 52 0
48 58 58 72 0
58 48 58 72 0
48 58 72 58 0
58 48 72 58 0
53 53 64 66 32
53 53 66 64 32
49 57 51 79 0
57 49 51 79 0
49 57 79 51 0
57 49 79 51 0
45 61 57 73 0
61 45 57 73 0
45 61 73 57 0
61 45 73 57 0
49 57 62 68 5
57 49 62 68 5
49 57 68 62 5
57 49 68 62 5
45 61 59 71 0
61 45 59 71 0
45 61 71 59 0
61 45 71 59 0
43 63 62 68 0
63 43 62 68 0
43 63 68 62 0
63 43 68 62 0
47 59 63 67 0
59 47 63 67 0
47 59 67 63 0
59 47 67 63 0
45 61 60 70 0
61 45 60 70 0
45 61 70 60 0
61 45 70 60 0
50 56 51 79 0
56 50 51 79 0
50 56 79 51 0
56 50 79 51 0
51 55 63 67 21
55 51 63 67 21
51 55 67 63 21
55 51 67 63 21
47 59 54 76 0
59 47 54 76 0
47 59 76 54 0
59 47 76 54 0
53 53 55 75 0
53 53 75 55 0
45 61 58 72 0
61 45 58 72 0
45 61 72 58 0
61 45 72 58 0
51 55 60 70 17
55 51 60 70 17
51 55 70 60 17
55 51 70 60 17
47 59 51 79 0
59 47 51 79 0
47 59 79 51 0
59 47 79 51 0
50 56 50 80 0
56 50 50 80 0
50 56 80 50 0
56 50 80 50 0
52 54 59 71 17
54 52 59 71 17
52 54 71 59 17
54 52 71 59 17
49 57 54 76 0
57 49 54 76 0
49 57 76 54 0
57 49 76 54 0
44 62 58 72 0
62 44 58 72 0
44 62 72 58 0
62 44 72 58 0
48 58 60 70 0
58 48 60 70 0
48 58 70 60 0
58 48 70 60 0
48 58 64 66 0
58 48 64 66 0
48 58 66 64 0
58 48 66 64 0
46 60 57 73 0
60 46 57 73 0
46 60 73 57 0
60 46 73 57 0
53 53 65 65 32
52 54 54 76 0
54 52 54 76 0
52 54 76 54 0
54 52 76 54 0
51 55 58 72 9
55 51 58 72 9
51 55 72 58 9
55 51 72 58 9
43 63 65 65 0
63 43 65 65 0
46 60 55 75 0
60 46 55 75 0
46 60 75 55 0
60 46 75 55 0
48 58 62 68 0
58 48 62 68 0
48 58 68 62 0
58 48 68 62 0
47 59 65 65 0
59 47 65 65 0
51 55 57 73 5
55 51 57 73 5
51 55 73 57 5
55 51 73 57 5
48 58 65 65 0
58 48 65 65 0
47 59 57 73 0
59 47 57 73 0
47 59 73 57 0
59 47 73 57 0
48 58 57 73 0
58 48 57 73 0
48 58 73 57 0
58 48 73 57 0
42 64 57 73 0
64 42 57 73 0
42 64 73 57 0
64 42 73 57 0
48 58 61 69 0
58 48 61 69 0
48 58 69 61 0
58 48 69 61 0
53 53 57 73 8
53 53 73 57 8
53 53 53 77 0
53 53 77 53 0
52 54 58 72 12
54 52 58 72 12
52 54 72 58 12
54 52 72 58 12
51 55 54 76 0
55 51 54 76 0
51 55 76 54 0
55 51 76 54 0
47 59 53 77 0
59 47 53 77 0
47 59 77 53 0
59 47 77 53 0
47 59 64 66 0
59 47 64 66 0
47 59 66 64 0
59 47 66 64 0
