46 64 67 68 0
64 46 67 68 0
46 64 68 67 0
64 46 68 67 0
45 65 61 74 0
65 45 61 74 0
45 65 74 61 0
65 45 74 61 0
48 62 62 73 0
62 48 62 73 0
48 62 73 62 0
62 48 73 62 0
46 64 66 69 0
64 46 66 69 0
46 64 69 66 0
64 46 69 66 0
46 64 63 72 0
64 46 63 72 0
46 64 72 63 0
64 46 72 63 0
47 63 59 76 0
63 47 59 76 0
47 63 76 59 0
63 47 76 59 0
51 59 62 73 0
59 51 62 73 0
51 59 73 62 0
59 51 73 62 0
49 61 61 74 0
61 49 61 74 0
49 61 74 61 0
61 49 74 61 0
51 59 65 70 0
59 51 65 70 0
51 59 70 65 0
59 51 70 65 0
44 66 65 70 0
66 44 65 70 0
44 66 70 65 0
66 44 70 65 0
53 57 62 73 1
57 53 62 73 1
53 57 73 62 1
57 53 73 62 1
49 61 60 75 0
61 49 60 75 0
49 61 75 60 0
61 49 75 60 0
46 64 60 75 0
64 46 60 75 0
46 64 75 60 0
64 46 75 60 0
52 58 67 68 0
58 52 67 68 0
52 58 68 67 0
58 52 68 67 0
46 64 61 74 0
64 46 61 74 0
46 64 74 61 0
64 46 74 61 0
49 61 64 71 0
61 49 64 71 0
49 61 71 64 0
61 49 71 64 0
49 61 62 73 0
61 49 62 73 0
49 61 73 62 0
61 49 73 62 0
55 55 57 78 0
55 55 78 57 0
50 60 60 75 0
60 50 60 75 0
50 60 75 60 0
60 50 75 60 0
48 62 66 69 0
62 48 66 69 0
48 62 69 66 0
62 48 69 66 0
44 66 62 73 0
66 44 62 73 0
44 66 73 62 0
66 44 73 62 0
48 62 61 74 0
62 48 61 74 0
48 62 74 61 0
62 48 74 61 0
51 59 55 80 0
59 51 55 80 0
51 59 80 55 0
59 51 80 55 0
49 61 58 77 0
61 49 58 77 0
49 61 77 58 0
61 49 77 58 0
45 65 59 76 0
65 45 59 76 0
45 65 76 59 0
65 45 76 59 0
46 64 62 73 0
64 46 62 73 0
46 64 73 62 0
64 46 73 62 0
52 58 59 76 0
58 52 59 76 0
52 58 76 59 0
58 52 76 59 0
52 58 58 77 0
58 52 58 77 0
52 58 77 58 0
58 52 77 58 0
55 55 65 70 2
55 55 70 65 2
52 58 66 69 0
58 52 66 69 0
52 58 69 66 0
58 52 69 66 0
44 66 64 71 0
66 44 64 71 0
44 66 71 64 0
66 44 71 64 0
48 62 57 78 0
62 48 57 78 0
48 62 78 57 0
62 48 78 57 0
49 61 63 72 0
61 49 63 72 0
49 61 72 63 0
61 49 72 63 0
53 57 55 80 0
57 53 55 80 0
53 57 80 55 0
57 53 80 55 0
54 56 57 78 0
56 54 57 78 0
54 56 78 57 0
56 54 78 57 0
55 55 64 71 2
55 55 71 64 2
47 63 61 74 0
63 47 61 74 0
47 63 74 61 0
63 47 74 61 0
54 56 61 74 1
56 54 61 74 1
54 56 74 61 1
56 54 74 61 1
47 63 60 75 0
63 47 60 75 0
47 63 75 60 0
63 47 75 60 0
51 59 67 68 0
59 51 67 68 0
51 59 68 67 0
59 51 68 67 0
53 57 63 72 1
57 53 63 72 1
53 57 72 63 1
57 53 72 63 1
45 65 60 75 0
65 45 60 75 0
45 65 75 60 0
65 45 75 60 0
53 57 61 74 1
57 53 61 74 1
53 57 74 61 1
57 53 74 61 1
54 56 60 75 0
56 54 60 75 0
54 56 75 60 0
56 54 75 60 0
50 60 64 71 0
60 50 64 71 0
50 60 71 64 0
60 50 71 64 0
44 66 61 74 0
66 44 61 74 0
44 66 74 61 0
66 44 74 61 0
50 60 66 69 0
60 50 66 69 0
50 60 69 66 0
60 50 69 66 0
47 63 64 71 0
63 47 64 71 0
47 63 71 64 0
63 47 71 64 0
55 55 59 76 0
55 55 76 59 0
47 63 58 77 0
63 47 58 77 0
47 63 77 58 0
63 47 77 58 0
50 60 58 77 0
60 50 58 77 0
50 60 77 58 0
60 50 77 58 0
47 63 57 78 0
63 47 57 78 0
47 63 78 57 0
63 47 78 57 0
49 61 59 76 0
61 49 59 76 0
49 61 76 59 0
61 49 76 59 0
44 66 66 69 0
66 44 66 69 0
44 66 69 66 0
66 44 69 66 0
49 61 57 78 0
61 49 57 78 0
49 61 78 57 0
61 49 78 57 0
51 59 59 76 0
59 51 59 76 0
51 59 76 59 0
59 51 76 59 0
50 60 63 72 0
60 50 63 72 0
50 60 72 63 0
60 50 72 63 0
55 55 62 73 2
55 55 73 62 2
53 57 64 71 1
57 53 64 71 1
53 57 71 64 1
57 53 71 64 1
52 58 55 80 0
58 52 55 80 0
52 58 80 55 0
58 52 80 55 0
52 58 56 79 0
58 52 56 79 0
52 58 79 56 0
58 52 79 56 0
53 57 60 75 0
57 53 60 75 0
53 57 75 60 0
57 53 75 60 0
54 56 56 79 0
56 54 56 79 0
54 56 79 56 0
56 54 79 56 0
53 57 56 79 0
57 53 56 79 0
53 57 79 56 0
57 53 79 56 0
49 61 67 68 0
61 49 67 68 0
49 61 68 67 0
61 49 68 67 0
52 58 62 73 0
58 52 62 73 0
52 58 73 62 0
58 52 73 62 0
45 65 65 70 0
65 45 65 70 0
45 65 70 65 0
65 45 70 65 0
55 55 66 69 2
55 55 69 66 2
51 59 64 71 0
59 51 64 71 0
51 59 71 64 0
59 51 71 64 0
51 59 58 77 0
59 51 58 77 0
51 59 77 58 0
59 51 77 58 0
52 58 64 71 0
58 52 64 71 0
52 58 71 64 0
58 52 71 64 0
49 61 56 79 0
61 49 56 79 0
49 61 79 56 0
61 49 79 56 0
47 63 67 68 0
63 47 67 68 0
47 63 68 67 0
63 47 68 67 0
46 64 64 71 0
64 46 64 71 0
46 64 71 64 0
64 46 71 64 0
55 55 63 72 2
55 55 72 63 2
45 65 67 68 0
65 45 67 68 0
45 65 68 67 0
65 45 68 67 0
52 58 60 75 0
58 52 60 75 0
52 58 75 60 0
58 52 75 60 0
45 65 64 71 0
65 45 64 71 0
45 65 71 64 0
65 45 71 64 0
54 56 67 68 1
56 54 67 68 1
54 56 68 67 1
56 54 68 67 1
47 63 56 79 0
63 47 56 79 0
47 63 79 56 0
63 47 79 56 0
54 56 55 80 0
56 54 55 80 0
54 56 80 55 0
56 54 80 55 0
50 60 65 70 0
60 50 65 70 0
50 60 70 65 0
60 50 70 65 0
45 65 66 69 0
65 45 66 69 0
45 65 69 66 0
65 45 69 66 0
54 56 63 72 1
56 54 63 72 1
54 56 72 63 1
56 54 72 63 1
48 62 64 71 0
62 48 64 71 0
48 62 71 64 0
62 48 71 64 0
53 57 57 78 0
57 53 57 78 0
53 57 78 57 0
57 53 78 57 0
55 55 61 74 2
55 55 74 61 2
50 60 67 68 0
60 50 67 68 0
50 60 68 67 0
60 50 68 67 0
47 63 62 73 0
63 47 62 73 0
47 63 73 62 0
63 47 73 62 0
48 62 59 76 0
62 48 59 76 0
48 62 76 59 0
62 48 76 59 0
52 58 65 70 0
58 52 65 70 0
52 58 70 65 0
58 52 70 65 0
55 55 56 79 0
55 55 79 56 0
53 57 67 68 1
57 53 67 68 1
53 57 68 67 1
57 53 68 67 1
48 62 58 77 0
62 48 58 77 0
48 62 77 58 0
62 48 77 58 0
48 62 63 72 0
62 48 63 72 0
48 62 72 63 0
62 48 72 63 0
48 62 65 70 0
62 48 65 70 0
48 62 70 65 0
62 48 70 65 0
46 64 58 77 0
64 46 58 77 0
46 64 77 58 0
64 46 77 58 0
44 66 67 68 0
66 44 67 68 0
44 66 68 67 0
66 44 68 67 0
47 63 65 70 0
63 47 65 70 0
47 63 70 65 0
63 47 70 65 0
52 58 57 78 0
58 52 57 78 0
52 58 78 57 0
58 52 78 57 0
47 63 63 72 0
63 47 63 72 0
47 63 72 63 0
63 47 72 63 0
53 57 66 69 1
57 53 66 69 1
53 57 69 66 1
57 53 69 66 1
51 59 60 75 0
59 51 60 75 0
51 59 75 60 0
59 51 75 60 0
52 58 63 72 0
58 52 63 72 0
52 58 72 63 0
58 52 72 63 0
47 63 66 69 0
63 47 66 69 0
47 63 69 66 0
63 47 69 66 0
50 60 55 80 0
60 50 55 80 0
50 60 80 55 0
60 50 80 55 0
53 57 65 70 1
57 53 65 70 1
53 57 70 65 1
57 53 70 65 1
52 58 61 74 0
58 52 61 74 0
52 58 74 61 0
58 52 74 61 0
49 61 65 70 0
61 49 65 70 0
49 61 70 65 0
61 49 70 65 0
55 55 58 77 0
55 55 77 58 0
51 59 56 79 0
59 51 56 79 0
51 59 79 56 0
59 51 79 56 0
54 56 62 73 1
56 54 62 73 1
54 56 73 62 1
56 54 73 62 1
54 56 65 70 1
56 54 65 70 1
54 56 70 65 1
56 54 70 65 1
53 57 59 76 0
57 53 59 76 0
53 57 76 59 0
57 53 76 59 0
55 55 60 75 0
55 55 75 60 0
51 59 66 69 0
59 51 66 69 0
51 59 69 66 0
59 51 69 66 0
50 60 56 79 0
60 50 56 79 0
50 60 79 56 0
60 50 79 56 0
54 56 59 76 0
56 54 59 76 0
54 56 76 59 0
56 54 76 59 0
46 64 65 70 0
64 46 65 70 0
46 64 70 65 0
64 46 70 65 0
44 66 63 72 0
66 44 63 72 0
44 66 72 63 0
66 44 72 63 0
48 62 60 75 0
62 48 60 75 0
48 62 75 60 0
62 48 75 60 0
50 60 59 76 0
60 50 59 76 0
50 60 76 59 0
60 50 76 59 0
55 55 55 80 0
55 55 80 55 0
51 59 61 74 0
59 51 61 74 0
51 59 74 61 0
59 51 74 61 0
54 56 58 77 0
56 54 58 77 0
54 56 77 58 0
56 54 77 58 0
54 56 66 69 1
56 54 66 69 1
54 56 69 66 1
56 54 69 66 1
45 65 58 77 0
65 45 58 77 0
45 65 77 58 0
65 45 77 58 0
48 62 56 79 0
62 48 56 79 0
48 62 79 56 0
62 48 79 56 0
51 59 57 78 0
59 51 57 78 0
51 59 78 57 0
59 51 78 57 0
49 61 66 69 0
61 49 66 69 0
49 61 69 66 0
61 49 69 66 0
48 62 67 68 0
62 48 67 68 0
48 62 68 67 0
62 48 68 67 0
45 65 63 72 0
65 45 63 72 0
45 65 72 63 0
65 45 72 63 0
55 55 67 68 2
55 55 68 67 2
46 64 57 78 0
64 46 57 78 0
46 64 78 57 0
64 46 78 57 0
53 57 58 77 0
57 53 58 77 0
53 57 77 58 0
57 53 77 58 0
51 59 63 72 0
59 51 63 72 0
51 59 72 63 0
59 51 72 63 0
54 56 64 71 1
56 54 64 71 1
54 56 71 64 1
56 54 71 64 1
50 60 57 78 0
60 50 57 78 0
50 60 78 57 0
60 50 78 57 0
50 60 61 74 0
60 50 61 74 0
50 60 74 61 0
60 50 74 61 0
46 64 59 76 0
64 46 59 76 0
46 64 76 59 0
64 46 76 59 0
50 60 62 73 0
60 50 62 73 0
50 60 73 62 0
60 50 73 62 0
45 65 62 73 0
65 45 62 73 0
45 65 73 62 0
65 45 73 62 0
